"unitid","institution name","year","S2018_IS.Instructional staff category","S2018_IS_RV.Grand total","S2018_IS_RV.Grand total men","S2018_IS_RV.Grand total women","S2018_IS_RV.American Indian or Alaska Native total","S2018_IS_RV.American Indian or Alaska Native men","S2018_IS_RV.American Indian or Alaska Native women","S2018_IS_RV.Asian total","S2018_IS_RV.Asian men","S2018_IS_RV.Asian women","S2018_IS_RV.Black or African American total","S2018_IS_RV.Black or African American men","S2018_IS_RV.Black or African American women","S2018_IS_RV.Hispanic or Latino total","S2018_IS_RV.Hispanic or Latino men","S2018_IS_RV.Hispanic or Latino women","S2018_IS_RV.Native Hawaiian or Other Pacific Islander total","S2018_IS_RV.Native Hawaiian or Other Pacific Islander men","S2018_IS_RV.Native Hawaiian or Other Pacific Islander women","S2018_IS_RV.White total","S2018_IS_RV.White men","S2018_IS_RV.White women","S2018_IS_RV.Two or more races total","S2018_IS_RV.Two or more races men","S2018_IS_RV.Two or more races women","S2018_IS_RV.Race/ethnicity unknown total","S2018_IS_RV.Race/ethnicity unknown men","S2018_IS_RV.Race/ethnicity unknown women","S2018_IS_RV.Nonresident alien total","S2018_IS_RV.Nonresident alien men","S2018_IS_RV.Nonresident alien women","IDX_HR"
"105899","Arizona Christian University","2018","Not on tenure track/No tenure system system total","24","16","8","0","0","0","0","0","0","0","0","0","0","0","0","0","0","0","22","14","8","2","2","0","0","0","0","0","0","0","-2"
"105899","Arizona Christian University","2018","Not on tenure/no tenure system, professors","2","1","1","0","0","0","0","0","0","0","0","0","0","0","0","0","0","0","2","1","1","0","0","0","0","0","0","0","0","0","-2"
"105899","Arizona Christian University","2018","Not on tenure/no tenure system, associate professors","7","3","4","0","0","0","0","0","0","0","0","0","0","0","0","0","0","0","7","3","4","0","0","0","0","0","0","0","0","0","-2"
"105899","Arizona Christian University","2018","Not on tenure/no tenure system, assistant professors","5","5","0","0","0","0","0","0","0","0","0","0","0","0","0","0","0","0","4","4","0","1","1","0","0","0","0","0","0","0","-2"
"105899","Arizona Christian University","2018","Not on tenure/no tenure system, instructors","10","7","3","0","0","0","0","0","0","0","0","0","0","0","0","0","0","0","9","6","3","1","1","0","0","0","0","0","0","0","-2"
"110097","Biola University","2018","Tenured total","123","95","28","0","0","0","14","7","7","1","0","1","7","5","2","0","0","0","101","83","18","0","0","0","0","0","0","0","0","0","-2"
"110097","Biola University","2018","Tenured, professors","65","58","7","0","0","0","5","4","1","0","0","0","5","4","1","0","0","0","55","50","5","0","0","0","0","0","0","0","0","0","-2"
"110097","Biola University","2018","Tenured, associate professors","58","37","21","0","0","0","9","3","6","1","0","1","2","1","1","0","0","0","46","33","13","0","0","0","0","0","0","0","0","0","-2"
"110097","Biola University","2018","On-Tenure track total","114","64","50","0","0","0","23","11","12","8","5","3","7","2","5","0","0","0","74","45","29","1","1","0","1","0","1","0","0","0","-2"
"110097","Biola University","2018","On-tenure track, professors","8","8","0","0","0","0","1","1","0","0","0","0","0","0","0","0","0","0","7","7","0","0","0","0","0","0","0","0","0","0","-2"
"110097","Biola University","2018","On-tenure track, associate professors","75","38","37","0","0","0","13","5","8","5","4","1","6","1","5","0","0","0","51","28","23","0","0","0","0","0","0","0","0","0","-2"
"110097","Biola University","2018","On-tenure track, assistant professors","31","18","13","0","0","0","9","5","4","3","1","2","1","1","0","0","0","0","16","10","6","1","1","0","1","0","1","0","0","0","-2"
"110097","Biola University","2018","Not on tenure track/No tenure system system total","49","22","27","1","1","0","5","1","4","1","0","1","3","2","1","0","0","0","39","18","21","0","0","0","0","0","0","0","0","0","-2"
"110097","Biola University","2018","Not on tenure/no tenure system, professors","1","1","0","0","0","0","0","0","0","0","0","0","0","0","0","0","0","0","1","1","0","0","0","0","0","0","0","0","0","0","-2"
"110097","Biola University","2018","Not on tenure/no tenure system, associate professors","20","11","9","1","1","0","2","0","2","1","0","1","2","1","1","0","0","0","14","9","5","0","0","0","0","0","0","0","0","0","-2"
"110097","Biola University","2018","Not on tenure/no tenure system, assistant professors","14","3","11","0","0","0","1","0","1","0","0","0","0","0","0","0","0","0","13","3","10","0","0","0","0","0","0","0","0","0","-2"
"110097","Biola University","2018","Not on tenure/no tenure system, instructors","14","7","7","0","0","0","2","1","1","0","0","0","1","1","0","0","0","0","11","5","6","0","0","0","0","0","0","0","0","0","-2"
"110316","California Institute of Integral Studies","2018","Not on tenure track/No tenure system system total","59","26","33","0","0","0","4","1","3","0","0","0","3","0","3","0","0","0","49","22","27","2","2","0","0","0","0","1","1","0","-2"
"110316","California Institute of Integral Studies","2018","Not on tenure/no tenure system, professors","24","15","9","0","0","0","1","1","0","0","0","0","0","0","0","0","0","0","21","12","9","2","2","0","0","0","0","0","0","0","-2"
"110316","California Institute of Integral Studies","2018","Not on tenure/no tenure system, associate professors","12","3","9","0","0","0","2","0","2","0","0","0","0","0","0","0","0","0","10","3","7","0","0","0","0","0","0","0","0","0","-2"
"110316","California Institute of Integral Studies","2018","Not on tenure/no tenure system, assistant professors","14","4","10","0","0","0","0","0","0","0","0","0","1","0","1","0","0","0","12","3","9","0","0","0","0","0","0","1","1","0","-2"
"110316","California Institute of Integral Studies","2018","Not on tenure/no tenure system, lecturers","9","4","5","0","0","0","1","0","1","0","0","0","2","0","2","0","0","0","6","4","2","0","0","0","0","0","0","0","0","0","-2"
"110422","California Polytechnic State University-San Luis Obispo","2018","Tenured total","438","301","137","1","1","0","44","27","17","8","6","2","28","21","7","1","1","0","327","223","104","6","5","1","21","16","5","2","1","1","-2"
"110422","California Polytechnic State University-San Luis Obispo","2018","Tenured, professors","313","222","91","1","1","0","31","19","12","6","5","1","16","12","4","1","1","0","235","165","70","5","5","0","18","14","4","0","0","0","-2"
"110422","California Polytechnic State University-San Luis Obispo","2018","Tenured, associate professors","122","77","45","0","0","0","13","8","5","2","1","1","12","9","3","0","0","0","89","56","33","1","0","1","3","2","1","2","1","1","-2"
"110422","California Polytechnic State University-San Luis Obispo","2018","Tenured, no academic rank","3","2","1","0","0","0","0","0","0","0","0","0","0","0","0","0","0","0","3","2","1","0","0","0","0","0","0","0","0","0","-2"
"110422","California Polytechnic State University-San Luis Obispo","2018","On-Tenure track total","233","128","105","2","1","1","21","13","8","4","2","2","8","2","6","0","0","0","158","88","70","0","0","0","14","8","6","26","14","12","-2"
"110422","California Polytechnic State University-San Luis Obispo","2018","On-tenure track, professors","4","3","1","0","0","0","1","1","0","0","0","0","1","0","1","0","0","0","1","1","0","0","0","0","0","0","0","1","1","0","-2"
"110422","California Polytechnic State University-San Luis Obispo","2018","On-tenure track, associate professors","23","18","5","1","1","0","5","5","0","0","0","0","0","0","0","0","0","0","13","9","4","0","0","0","3","2","1","1","1","0","-2"
"110422","California Polytechnic State University-San Luis Obispo","2018","On-tenure track, assistant professors","206","107","99","1","0","1","15","7","8","4","2","2","7","2","5","0","0","0","144","78","66","0","0","0","11","6","5","24","12","12","-2"
"110422","California Polytechnic State University-San Luis Obispo","2018","Not on tenure track/No tenure system system total","210","131","79","0","0","0","4","1","3","2","2","0","4","3","1","0","0","0","172","105","67","2","2","0","10","8","2","16","10","6","-2"
"110422","California Polytechnic State University-San Luis Obispo","2018","Not on tenure/no tenure system, lecturers","210","131","79","0","0","0","4","1","3","2","2","0","4","3","1","0","0","0","172","105","67","2","2","0","10","8","2","16","10","6","-2"
"111188","California State University Maritime Academy","2018","Tenured total","31","24","7","0","0","0","3","2","1","1","1","0","2","1","1","0","0","0","25","20","5","0","0","0","0","0","0","0","0","0","-2"
"111188","California State University Maritime Academy","2018","Tenured, professors","17","12","5","0","0","0","1","0","1","1","1","0","1","0","1","0","0","0","14","11","3","0","0","0","0","0","0","0","0","0","-2"
"111188","California State University Maritime Academy","2018","Tenured, associate professors","14","12","2","0","0","0","2","2","0","0","0","0","1","1","0","0","0","0","11","9","2","0","0","0","0","0","0","0","0","0","-2"
"111188","California State University Maritime Academy","2018","On-Tenure track total","20","13","7","0","0","0","3","2","1","1","1","0","1","1","0","0","0","0","15","9","6","0","0","0","0","0","0","0","0","0","-2"
"111188","California State University Maritime Academy","2018","On-tenure track, associate professors","1","1","0","0","0","0","0","0","0","0","0","0","0","0","0","0","0","0","1","1","0","0","0","0","0","0","0","0","0","0","-2"
"111188","California State University Maritime Academy","2018","On-tenure track, assistant professors","19","12","7","0","0","0","3","2","1","1","1","0","1","1","0","0","0","0","14","8","6","0","0","0","0","0","0","0","0","0","-2"
"111188","California State University Maritime Academy","2018","Not on tenure track/No tenure system system total","17","12","5","0","0","0","1","0","1","0","0","0","0","0","0","0","0","0","15","11","4","0","0","0","1","1","0","0","0","0","-2"
"111188","California State University Maritime Academy","2018","Not on tenure/no tenure system, lecturers","17","12","5","0","0","0","1","0","1","0","0","0","0","0","0","0","0","0","15","11","4","0","0","0","1","1","0","0","0","0","-2"
"111948","Chapman University","2018","Tenured total","242","159","83","0","0","0","16","7","9","7","5","2","8","4","4","0","0","0","165","113","52","1","1","0","32","21","11","13","8","5","-2"
"111948","Chapman University","2018","Tenured, professors","137","100","37","0","0","0","8","4","4","3","3","0","3","2","1","0","0","0","95","71","24","0","0","0","22","15","7","6","5","1","-2"
"111948","Chapman University","2018","Tenured, associate professors","105","59","46","0","0","0","8","3","5","4","2","2","5","2","3","0","0","0","70","42","28","1","1","0","10","6","4","7","3","4","-2"
"111948","Chapman University","2018","On-Tenure track total","105","54","51","0","0","0","5","0","5","0","0","0","3","3","0","0","0","0","21","9","12","0","0","0","53","27","26","23","15","8","-2"
"111948","Chapman University","2018","On-tenure track, associate professors","9","7","2","0","0","0","0","0","0","0","0","0","1","1","0","0","0","0","0","0","0","0","0","0","8","6","2","0","0","0","-2"
"111948","Chapman University","2018","On-tenure track, assistant professors","95","47","48","0","0","0","5","0","5","0","0","0","2","2","0","0","0","0","21","9","12","0","0","0","44","21","23","23","15","8","-2"
"111948","Chapman University","2018","On-tenure track, instructors","1","0","1","0","0","0","0","0","0","0","0","0","0","0","0","0","0","0","0","0","0","0","0","0","1","0","1","0","0","0","-2"
"111948","Chapman University","2018","Not on tenure track/No tenure system system total","170","88","82","0","0","0","10","4","6","1","0","1","9","5","4","0","0","0","66","33","33","0","0","0","73","39","34","11","7","4","-2"
"111948","Chapman University","2018","Not on tenure/no tenure system, professors","25","12","13","0","0","0","1","0","1","0","0","0","2","1","1","0","0","0","16","7","9","0","0","0","6","4","2","0","0","0","-2"
"111948","Chapman University","2018","Not on tenure/no tenure system, associate professors","28","17","11","0","0","0","1","1","0","0","0","0","1","1","0","0","0","0","15","8","7","0","0","0","9","5","4","2","2","0","-2"
"111948","Chapman University","2018","Not on tenure/no tenure system, assistant professors","85","39","46","0","0","0","6","3","3","1","0","1","4","1","3","0","0","0","19","8","11","0","0","0","47","22","25","8","5","3","-2"
"111948","Chapman University","2018","Not on tenure/no tenure system, instructors","28","16","12","0","0","0","2","0","2","0","0","0","1","1","0","0","0","0","14","8","6","0","0","0","10","7","3","1","0","1","-2"
"111948","Chapman University","2018","Not on tenure/no tenure system, no academic rank","4","4","0","0","0","0","0","0","0","0","0","0","1","1","0","0","0","0","2","2","0","0","0","0","1","1","0","0","0","0","-2"
"112260","Claremont McKenna College","2018","Tenured total","113","75","38","0","0","0","13","6","7","2","1","1","3","3","0","0","0","0","87","61","26","1","0","1","4","3","1","3","1","2","-2"
"112260","Claremont McKenna College","2018","Tenured, professors","68","47","21","0","0","0","5","3","2","2","1","1","1","1","0","0","0","0","56","40","16","0","0","0","2","2","0","2","0","2","-2"
"112260","Claremont McKenna College","2018","Tenured, associate professors","45","28","17","0","0","0","8","3","5","0","0","0","2","2","0","0","0","0","31","21","10","1","0","1","2","1","1","1","1","0","-2"
"112260","Claremont McKenna College","2018","On-Tenure track total","24","14","10","0","0","0","2","0","2","2","2","0","2","2","0","0","0","0","16","9","7","1","1","0","0","0","0","1","0","1","-2"
"112260","Claremont McKenna College","2018","On-tenure track, associate professors","1","1","0","0","0","0","0","0","0","1","1","0","0","0","0","0","0","0","0","0","0","0","0","0","0","0","0","0","0","0","-2"
"112260","Claremont McKenna College","2018","On-tenure track, assistant professors","23","13","10","0","0","0","2","0","2","1","1","0","2","2","0","0","0","0","16","9","7","1","1","0","0","0","0","1","0","1","-2"
"112260","Claremont McKenna College","2018","Not on tenure track/No tenure system system total","34","21","13","0","0","0","1","0","1","0","0","0","2","1","1","0","0","0","30","19","11","0","0","0","1","1","0","0","0","0","-2"
"112260","Claremont McKenna College","2018","Not on tenure/no tenure system, professors","1","1","0","0","0","0","0","0","0","0","0","0","0","0","0","0","0","0","1","1","0","0","0","0","0","0","0","0","0","0","-2"
"112260","Claremont McKenna College","2018","Not on tenure/no tenure system, associate professors","3","3","0","0","0","0","0","0","0","0","0","0","0","0","0","0","0","0","3","3","0","0","0","0","0","0","0","0","0","0","-2"
"112260","Claremont McKenna College","2018","Not on tenure/no tenure system, assistant professors","30","17","13","0","0","0","1","0","1","0","0","0","2","1","1","0","0","0","26","15","11","0","0","0","1","1","0","0","0","0","-2"
"112570","Columbia College Hollywood","2018","Not on tenure track/No tenure system system total","3","3","0","0","0","0","0","0","0","0","0","0","0","0","0","0","0","0","3","3","0","0","0","0","0","0","0","0","0","0","-2"
"112570","Columbia College Hollywood","2018","Not on tenure/no tenure system, instructors","3","3","0","0","0","0","0","0","0","0","0","0","0","0","0","0","0","0","3","3","0","0","0","0","0","0","0","0","0","0","-2"
"115083","Golden Gate University-San Francisco","2018","Tenured total","21","12","9","0","0","0","4","2","2","1","1","0","1","0","1","0","0","0","15","9","6","0","0","0","0","0","0","0","0","0","-2"
"115083","Golden Gate University-San Francisco","2018","Tenured, professors","21","12","9","0","0","0","4","2","2","1","1","0","1","0","1","0","0","0","15","9","6","0","0","0","0","0","0","0","0","0","-2"
"115083","Golden Gate University-San Francisco","2018","On-Tenure track total","4","1","3","0","0","0","1","0","1","1","0","1","0","0","0","0","0","0","2","1","1","0","0","0","0","0","0","0","0","0","-2"
"115083","Golden Gate University-San Francisco","2018","On-tenure track, professors","1","1","0","0","0","0","0","0","0","0","0","0","0","0","0","0","0","0","1","1","0","0","0","0","0","0","0","0","0","0","-2"
"115083","Golden Gate University-San Francisco","2018","On-tenure track, associate professors","3","0","3","0","0","0","1","0","1","1","0","1","0","0","0","0","0","0","1","0","1","0","0","0","0","0","0","0","0","0","-2"
"115083","Golden Gate University-San Francisco","2018","Not on tenure track/No tenure system system total","35","17","18","0","0","0","2","0","2","2","1","1","0","0","0","0","0","0","31","16","15","0","0","0","0","0","0","0","0","0","-2"
"115083","Golden Gate University-San Francisco","2018","Not on tenure/no tenure system, professors","2","2","0","0","0","0","0","0","0","0","0","0","0","0","0","0","0","0","2","2","0","0","0","0","0","0","0","0","0","0","-2"
"115083","Golden Gate University-San Francisco","2018","Not on tenure/no tenure system, associate professors","18","8","10","0","0","0","1","0","1","1","0","1","0","0","0","0","0","0","16","8","8","0","0","0","0","0","0","0","0","0","-2"
"115083","Golden Gate University-San Francisco","2018","Not on tenure/no tenure system, assistant professors","9","4","5","0","0","0","1","0","1","0","0","0","0","0","0","0","0","0","8","4","4","0","0","0","0","0","0","0","0","0","-2"
"115083","Golden Gate University-San Francisco","2018","Not on tenure/no tenure system, instructors","6","3","3","0","0","0","0","0","0","1","1","0","0","0","0","0","0","0","5","2","3","0","0","0","0","0","0","0","0","0","-2"
"115409","Harvey Mudd College","2018","Tenured total","74","47","27","0","0","0","9","4","5","3","2","1","3","2","1","0","0","0","56","37","19","1","1","0","2","1","1","0","0","0","-2"
"115409","Harvey Mudd College","2018","Tenured, professors","55","39","16","0","0","0","7","4","3","1","1","0","3","2","1","0","0","0","44","32","12","0","0","0","0","0","0","0","0","0","-2"
"115409","Harvey Mudd College","2018","Tenured, associate professors","19","8","11","0","0","0","2","0","2","2","1","1","0","0","0","0","0","0","12","5","7","1","1","0","2","1","1","0","0","0","-2"
"115409","Harvey Mudd College","2018","On-Tenure track total","24","15","9","0","0","0","5","3","2","0","0","0","2","2","0","0","0","0","14","8","6","2","1","1","1","1","0","0","0","0","-2"
"115409","Harvey Mudd College","2018","On-tenure track, associate professors","2","1","1","0","0","0","0","0","0","0","0","0","0","0","0","0","0","0","2","1","1","0","0","0","0","0","0","0","0","0","-2"
"115409","Harvey Mudd College","2018","On-tenure track, assistant professors","22","14","8","0","0","0","5","3","2","0","0","0","2","2","0","0","0","0","12","7","5","2","1","1","1","1","0","0","0","0","-2"
"115409","Harvey Mudd College","2018","Not on tenure track/No tenure system system total","11","4","7","0","0","0","3","2","1","0","0","0","1","1","0","0","0","0","6","1","5","1","0","1","0","0","0","0","0","0","-2"
"115409","Harvey Mudd College","2018","Not on tenure/no tenure system, professors","1","1","0","0","0","0","1","1","0","0","0","0","0","0","0","0","0","0","0","0","0","0","0","0","0","0","0","0","0","0","-2"
"115409","Harvey Mudd College","2018","Not on tenure/no tenure system, assistant professors","10","3","7","0","0","0","2","1","1","0","0","0","1","1","0","0","0","0","6","1","5","1","0","1","0","0","0","0","0","0","-2"
"117168","Laguna College of Art and Design","2018","Not on tenure track/No tenure system system total","24","18","6","0","0","0","1","1","0","0","0","0","0","0","0","0","0","0","23","17","6","0","0","0","0","0","0","0","0","0","-2"
"117168","Laguna College of Art and Design","2018","Not on tenure/no tenure system, professors","8","5","3","0","0","0","0","0","0","0","0","0","0","0","0","0","0","0","8","5","3","0","0","0","0","0","0","0","0","0","-2"
"117168","Laguna College of Art and Design","2018","Not on tenure/no tenure system, associate professors","12","9","3","0","0","0","1","1","0","0","0","0","0","0","0","0","0","0","11","8","3","0","0","0","0","0","0","0","0","0","-2"
"117168","Laguna College of Art and Design","2018","Not on tenure/no tenure system, assistant professors","4","4","0","0","0","0","0","0","0","0","0","0","0","0","0","0","0","0","4","4","0","0","0","0","0","0","0","0","0","0","-2"
"117575","Southern California Seminary","2018","Not on tenure track/No tenure system system total","5","5","0","0","0","0","1","1","0","0","0","0","1","1","0","0","0","0","2","2","0","0","0","0","0","0","0","1","1","0","-2"
"117575","Southern California Seminary","2018","Not on tenure/no tenure system, professors","5","5","0","0","0","0","1","1","0","0","0","0","1","1","0","0","0","0","2","2","0","0","0","0","0","0","0","1","1","0","-2"
"117946","Loyola Marymount University","2018","Tenured total","350","198","152","1","0","1","39","24","15","18","10","8","38","15","23","0","0","0","231","136","95","5","2","3","18","11","7","0","0","0","-2"
"117946","Loyola Marymount University","2018","Tenured, professors","221","143","78","1","0","1","23","17","6","11","7","4","22","9","13","0","0","0","147","100","47","2","1","1","15","9","6","0","0","0","-2"
"117946","Loyola Marymount University","2018","Tenured, associate professors","126","53","73","0","0","0","15","6","9","7","3","4","16","6","10","0","0","0","83","36","47","2","0","2","3","2","1","0","0","0","-2"
"117946","Loyola Marymount University","2018","Tenured, assistant professors","3","2","1","0","0","0","1","1","0","0","0","0","0","0","0","0","0","0","1","0","1","1","1","0","0","0","0","0","0","0","-2"
"117946","Loyola Marymount University","2018","On-Tenure track total","86","39","47","0","0","0","18","4","14","5","3","2","5","0","5","0","0","0","43","25","18","2","1","1","9","4","5","4","2","2","-2"
"117946","Loyola Marymount University","2018","On-tenure track, associate professors","2","1","1","0","0","0","0","0","0","0","0","0","0","0","0","0","0","0","2","1","1","0","0","0","0","0","0","0","0","0","-2"
"117946","Loyola Marymount University","2018","On-tenure track, assistant professors","84","38","46","0","0","0","18","4","14","5","3","2","5","0","5","0","0","0","41","24","17","2","1","1","9","4","5","4","2","2","-2"
"117946","Loyola Marymount University","2018","Not on tenure track/No tenure system system total","164","73","91","0","0","0","14","4","10","13","4","9","15","7","8","1","1","0","106","47","59","4","2","2","11","8","3","0","0","0","-2"
"117946","Loyola Marymount University","2018","Not on tenure/no tenure system, professors","13","8","5","0","0","0","0","0","0","0","0","0","0","0","0","0","0","0","13","8","5","0","0","0","0","0","0","0","0","0","-2"
"117946","Loyola Marymount University","2018","Not on tenure/no tenure system, associate professors","34","11","23","0","0","0","1","0","1","1","0","1","4","2","2","0","0","0","26","7","19","0","0","0","2","2","0","0","0","0","-2"
"117946","Loyola Marymount University","2018","Not on tenure/no tenure system, assistant professors","86","44","42","0","0","0","10","4","6","10","3","7","9","4","5","1","1","0","47","27","20","4","2","2","5","3","2","0","0","0","-2"
"117946","Loyola Marymount University","2018","Not on tenure/no tenure system, instructors","31","10","21","0","0","0","3","0","3","2","1","1","2","1","1","0","0","0","20","5","15","0","0","0","4","3","1","0","0","0","-2"
"120403","Otis College of Art and Design","2018","Not on tenure track/No tenure system system total","52","24","28","1","1","0","5","2","3","0","0","0","5","3","2","0","0","0","37","17","20","2","1","1","2","0","2","0","0","0","-2"
"120403","Otis College of Art and Design","2018","Not on tenure/no tenure system, professors","18","7","11","0","0","0","3","0","3","0","0","0","0","0","0","0","0","0","14","7","7","0","0","0","1","0","1","0","0","0","-2"
"120403","Otis College of Art and Design","2018","Not on tenure/no tenure system, associate professors","17","9","8","1","1","0","0","0","0","0","0","0","3","3","0","0","0","0","12","5","7","0","0","0","1","0","1","0","0","0","-2"
"120403","Otis College of Art and Design","2018","Not on tenure/no tenure system, assistant professors","17","8","9","0","0","0","2","2","0","0","0","0","2","0","2","0","0","0","11","5","6","2","1","1","0","0","0","0","0","0","-2"
"120698","Palo Alto University","2018","Tenured total","14","5","9","0","0","0","2","0","2","0","0","0","2","1","1","0","0","0","10","4","6","0","0","0","0","0","0","0","0","0","-2"
"120698","Palo Alto University","2018","Tenured, professors","9","3","6","0","0","0","2","0","2","0","0","0","1","1","0","0","0","0","6","2","4","0","0","0","0","0","0","0","0","0","-2"
"120698","Palo Alto University","2018","Tenured, associate professors","5","2","3","0","0","0","0","0","0","0","0","0","1","0","1","0","0","0","4","2","2","0","0","0","0","0","0","0","0","0","-2"
"120698","Palo Alto University","2018","On-Tenure track total","7","3","4","0","0","0","0","0","0","1","1","0","0","0","0","0","0","0","6","2","4","0","0","0","0","0","0","0","0","0","-2"
"120698","Palo Alto University","2018","On-tenure track, associate professors","3","1","2","0","0","0","0","0","0","0","0","0","0","0","0","0","0","0","3","1","2","0","0","0","0","0","0","0","0","0","-2"
"120698","Palo Alto University","2018","On-tenure track, assistant professors","4","2","2","0","0","0","0","0","0","1","1","0","0","0","0","0","0","0","3","1","2","0","0","0","0","0","0","0","0","0","-2"
"120698","Palo Alto University","2018","Not on tenure track/No tenure system system total","28","9","19","0","0","0","3","0","3","2","0","2","2","1","1","0","0","0","20","8","12","1","0","1","0","0","0","0","0","0","-2"
"120698","Palo Alto University","2018","Not on tenure/no tenure system, professors","5","3","2","0","0","0","0","0","0","0","0","0","1","1","0","0","0","0","4","2","2","0","0","0","0","0","0","0","0","0","-2"
"120698","Palo Alto University","2018","Not on tenure/no tenure system, associate professors","7","3","4","0","0","0","0","0","0","1","0","1","0","0","0","0","0","0","6","3","3","0","0","0","0","0","0","0","0","0","-2"
"120698","Palo Alto University","2018","Not on tenure/no tenure system, assistant professors","7","1","6","0","0","0","1","0","1","0","0","0","0","0","0","0","0","0","5","1","4","1","0","1","0","0","0","0","0","0","-2"
"120698","Palo Alto University","2018","Not on tenure/no tenure system, no academic rank","9","2","7","0","0","0","2","0","2","1","0","1","1","0","1","0","0","0","5","2","3","0","0","0","0","0","0","0","0","0","-2"
"120883","University of the Pacific","2018","Tenured total","253","157","96","0","0","0","42","24","18","4","2","2","8","5","3","0","0","0","191","124","67","1","0","1","0","0","0","7","2","5","-2"
"120883","University of the Pacific","2018","Tenured, professors","138","98","40","0","0","0","27","21","6","2","2","0","6","5","1","0","0","0","98","69","29","0","0","0","0","0","0","5","1","4","-2"
"120883","University of the Pacific","2018","Tenured, associate professors","110","57","53","0","0","0","15","3","12","2","0","2","2","0","2","0","0","0","89","53","36","0","0","0","0","0","0","2","1","1","-2"
"120883","University of the Pacific","2018","Tenured, assistant professors","5","2","3","0","0","0","0","0","0","0","0","0","0","0","0","0","0","0","4","2","2","1","0","1","0","0","0","0","0","0","-2"
"120883","University of the Pacific","2018","On-Tenure track total","64","31","33","1","0","1","14","5","9","0","0","0","6","2","4","0","0","0","36","21","15","2","0","2","1","1","0","4","2","2","-2"
"120883","University of the Pacific","2018","On-tenure track, associate professors","3","1","2","0","0","0","1","0","1","0","0","0","0","0","0","0","0","0","2","1","1","0","0","0","0","0","0","0","0","0","-2"
"120883","University of the Pacific","2018","On-tenure track, assistant professors","61","30","31","1","0","1","13","5","8","0","0","0","6","2","4","0","0","0","34","20","14","2","0","2","1","1","0","4","2","2","-2"
"120883","University of the Pacific","2018","Not on tenure track/No tenure system system total","115","62","53","0","0","0","15","7","8","1","0","1","9","1","8","0","0","0","82","49","33","0","0","0","7","5","2","1","0","1","-2"
"120883","University of the Pacific","2018","Not on tenure/no tenure system, professors","24","10","14","0","0","0","3","2","1","0","0","0","1","0","1","0","0","0","18","7","11","0","0","0","2","1","1","0","0","0","-2"
"120883","University of the Pacific","2018","Not on tenure/no tenure system, associate professors","15","8","7","0","0","0","2","1","1","0","0","0","0","0","0","0","0","0","13","7","6","0","0","0","0","0","0","0","0","0","-2"
"120883","University of the Pacific","2018","Not on tenure/no tenure system, assistant professors","52","30","22","0","0","0","10","4","6","1","0","1","5","1","4","0","0","0","31","21","10","0","0","0","4","4","0","1","0","1","-2"
"120883","University of the Pacific","2018","Not on tenure/no tenure system, instructors","4","2","2","0","0","0","0","0","0","0","0","0","0","0","0","0","0","0","4","2","2","0","0","0","0","0","0","0","0","0","-2"
"120883","University of the Pacific","2018","Not on tenure/no tenure system, lecturers","20","12","8","0","0","0","0","0","0","0","0","0","3","0","3","0","0","0","16","12","4","0","0","0","1","0","1","0","0","0","-2"
"121309","Point Loma Nazarene University","2018","Tenured total","64","42","22","0","0","0","4","2","2","2","2","0","4","1","3","0","0","0","54","37","17","0","0","0","0","0","0","0","0","0","-2"
"121309","Point Loma Nazarene University","2018","Tenured, professors","61","41","20","0","0","0","4","2","2","2","2","0","4","1","3","0","0","0","51","36","15","0","0","0","0","0","0","0","0","0","-2"
"121309","Point Loma Nazarene University","2018","Tenured, associate professors","3","1","2","0","0","0","0","0","0","0","0","0","0","0","0","0","0","0","3","1","2","0","0","0","0","0","0","0","0","0","-2"
"121309","Point Loma Nazarene University","2018","On-Tenure track total","67","30","37","1","0","1","5","2","3","3","0","3","7","3","4","0","0","0","45","21","24","3","3","0","3","1","2","0","0","0","-2"
"121309","Point Loma Nazarene University","2018","On-tenure track, professors","10","7","3","0","0","0","0","0","0","1","0","1","1","1","0","0","0","0","7","5","2","0","0","0","1","1","0","0","0","0","-2"
"121309","Point Loma Nazarene University","2018","On-tenure track, associate professors","36","17","19","0","0","0","3","1","2","2","0","2","3","1","2","0","0","0","26","13","13","2","2","0","0","0","0","0","0","0","-2"
"121309","Point Loma Nazarene University","2018","On-tenure track, assistant professors","21","6","15","1","0","1","2","1","1","0","0","0","3","1","2","0","0","0","12","3","9","1","1","0","2","0","2","0","0","0","-2"
"121309","Point Loma Nazarene University","2018","Not on tenure track/No tenure system system total","17","7","10","0","0","0","0","0","0","0","0","0","1","0","1","1","1","0","15","6","9","0","0","0","0","0","0","0","0","0","-2"
"121309","Point Loma Nazarene University","2018","Not on tenure/no tenure system, professors","3","2","1","0","0","0","0","0","0","0","0","0","0","0","0","0","0","0","3","2","1","0","0","0","0","0","0","0","0","0","-2"
"121309","Point Loma Nazarene University","2018","Not on tenure/no tenure system, associate professors","10","3","7","0","0","0","0","0","0","0","0","0","1","0","1","1","1","0","8","2","6","0","0","0","0","0","0","0","0","0","-2"
"121309","Point Loma Nazarene University","2018","Not on tenure/no tenure system, assistant professors","4","2","2","0","0","0","0","0","0","0","0","0","0","0","0","0","0","0","4","2","2","0","0","0","0","0","0","0","0","0","-2"
"121345","Pomona College","2018","Tenured total","140","82","58","0","0","0","18","5","13","5","4","1","17","12","5","0","0","0","78","46","32","3","3","0","19","12","7","0","0","0","-2"
"121345","Pomona College","2018","Tenured, professors","83","50","33","0","0","0","12","4","8","3","2","1","13","9","4","0","0","0","48","29","19","1","1","0","6","5","1","0","0","0","-2"
"121345","Pomona College","2018","Tenured, associate professors","57","32","25","0","0","0","6","1","5","2","2","0","4","3","1","0","0","0","30","17","13","2","2","0","13","7","6","0","0","0","-2"
"121345","Pomona College","2018","On-Tenure track total","36","17","19","0","0","0","4","2","2","6","2","4","4","2","2","0","0","0","17","9","8","0","0","0","3","1","2","2","1","1","-2"
"121345","Pomona College","2018","On-tenure track, assistant professors","34","16","18","0","0","0","4","2","2","6","2","4","4","2","2","0","0","0","16","8","8","0","0","0","2","1","1","2","1","1","-2"
"121345","Pomona College","2018","On-tenure track, instructors","2","1","1","0","0","0","0","0","0","0","0","0","0","0","0","0","0","0","1","1","0","0","0","0","1","0","1","0","0","0","-2"
"121345","Pomona College","2018","Not on tenure track/No tenure system system total","2","0","2","0","0","0","0","0","0","0","0","0","2","0","2","0","0","0","0","0","0","0","0","0","0","0","0","0","0","0","-2"
"121345","Pomona College","2018","Not on tenure/no tenure system, professors","2","0","2","0","0","0","0","0","0","0","0","0","2","0","2","0","0","0","0","0","0","0","0","0","0","0","0","0","0","0","-2"
"122296","Samuel Merritt University","2018","Not on tenure track/No tenure system system total","161","36","125","0","0","0","16","4","12","9","0","9","12","2","10","0","0","0","121","29","92","3","1","2","0","0","0","0","0","0","-2"
"122296","Samuel Merritt University","2018","Not on tenure/no tenure system, professors","19","6","13","0","0","0","2","0","2","1","0","1","1","0","1","0","0","0","14","5","9","1","1","0","0","0","0","0","0","0","-2"
"122296","Samuel Merritt University","2018","Not on tenure/no tenure system, associate professors","23","5","18","0","0","0","2","0","2","0","0","0","0","0","0","0","0","0","21","5","16","0","0","0","0","0","0","0","0","0","-2"
"122296","Samuel Merritt University","2018","Not on tenure/no tenure system, assistant professors","86","20","66","0","0","0","12","4","8","4","0","4","8","1","7","0","0","0","60","15","45","2","0","2","0","0","0","0","0","0","-2"
"122296","Samuel Merritt University","2018","Not on tenure/no tenure system, instructors","33","5","28","0","0","0","0","0","0","4","0","4","3","1","2","0","0","0","26","4","22","0","0","0","0","0","0","0","0","0","-2"
"122436","University of San Diego","2018","Tenured total","276","156","120","0","0","0","29","14","15","8","5","3","20","8","12","0","0","0","214","126","88","4","2","2","1","1","0","0","0","0","-2"
"122436","University of San Diego","2018","Tenured, professors","165","104","61","0","0","0","17","9","8","4","3","1","10","6","4","0","0","0","132","84","48","2","2","0","0","0","0","0","0","0","-2"
"122436","University of San Diego","2018","Tenured, associate professors","111","52","59","0","0","0","12","5","7","4","2","2","10","2","8","0","0","0","82","42","40","2","0","2","1","1","0","0","0","0","-2"
"122436","University of San Diego","2018","On-Tenure track total","100","53","47","1","1","0","14","6","8","8","6","2","13","9","4","0","0","0","55","27","28","2","0","2","2","0","2","5","4","1","-2"
"122436","University of San Diego","2018","On-tenure track, professors","2","1","1","0","0","0","0","0","0","0","0","0","0","0","0","0","0","0","2","1","1","0","0","0","0","0","0","0","0","0","-2"
"122436","University of San Diego","2018","On-tenure track, associate professors","8","2","6","1","1","0","2","0","2","0","0","0","0","0","0","0","0","0","5","1","4","0","0","0","0","0","0","0","0","0","-2"
"122436","University of San Diego","2018","On-tenure track, assistant professors","89","49","40","0","0","0","12","6","6","8","6","2","13","9","4","0","0","0","47","24","23","2","0","2","2","0","2","5","4","1","-2"
"122436","University of San Diego","2018","On-tenure track, instructors","1","1","0","0","0","0","0","0","0","0","0","0","0","0","0","0","0","0","1","1","0","0","0","0","0","0","0","0","0","0","-2"
"122436","University of San Diego","2018","Not on tenure track/No tenure system system total","100","40","60","1","0","1","6","2","4","5","2","3","10","3","7","0","0","0","73","30","43","0","0","0","2","0","2","3","3","0","-2"
"122436","University of San Diego","2018","Not on tenure/no tenure system, professors","30","14","16","0","0","0","1","1","0","1","1","0","2","1","1","0","0","0","23","8","15","0","0","0","0","0","0","3","3","0","-2"
"122436","University of San Diego","2018","Not on tenure/no tenure system, associate professors","9","3","6","0","0","0","0","0","0","0","0","0","1","0","1","0","0","0","8","3","5","0","0","0","0","0","0","0","0","0","-2"
"122436","University of San Diego","2018","Not on tenure/no tenure system, assistant professors","39","13","26","1","0","1","3","0","3","0","0","0","4","2","2","0","0","0","30","11","19","0","0","0","1","0","1","0","0","0","-2"
"122436","University of San Diego","2018","Not on tenure/no tenure system, instructors","14","8","6","0","0","0","2","1","1","0","0","0","1","0","1","0","0","0","11","7","4","0","0","0","0","0","0","0","0","0","-2"
"122436","University of San Diego","2018","Not on tenure/no tenure system, no academic rank","8","2","6","0","0","0","0","0","0","4","1","3","2","0","2","0","0","0","1","1","0","0","0","0","1","0","1","0","0","0","-2"
"122454","San Francisco Art Institute","2018","Tenured total","17","9","8","0","0","0","1","0","1","1","1","0","3","2","1","0","0","0","12","6","6","0","0","0","0","0","0","0","0","0","-2"
"122454","San Francisco Art Institute","2018","Tenured, professors","3","1","2","0","0","0","1","0","1","0","0","0","1","1","0","0","0","0","1","0","1","0","0","0","0","0","0","0","0","0","-2"
"122454","San Francisco Art Institute","2018","Tenured, associate professors","12","6","6","0","0","0","0","0","0","1","1","0","1","0","1","0","0","0","10","5","5","0","0","0","0","0","0","0","0","0","-2"
"122454","San Francisco Art Institute","2018","Tenured, assistant professors","2","2","0","0","0","0","0","0","0","0","0","0","1","1","0","0","0","0","1","1","0","0","0","0","0","0","0","0","0","0","-2"
"122612","University of San Francisco","2018","Tenured total","255","135","120","1","0","1","36","18","18","14","3","11","25","16","9","1","1","0","154","84","70","6","5","1","17","7","10","1","1","0","-2"
"122612","University of San Francisco","2018","Tenured, professors","137","86","51","0","0","0","15","8","7","3","2","1","14","10","4","1","1","0","91","57","34","4","4","0","9","4","5","0","0","0","-2"
"122612","University of San Francisco","2018","Tenured, associate professors","115","47","68","1","0","1","19","9","10","11","1","10","11","6","5","0","0","0","63","27","36","2","1","1","7","2","5","1","1","0","-2"
"122612","University of San Francisco","2018","Tenured, assistant professors","3","2","1","0","0","0","2","1","1","0","0","0","0","0","0","0","0","0","0","0","0","0","0","0","1","1","0","0","0","0","-2"
"122612","University of San Francisco","2018","On-Tenure track total","95","34","61","0","0","0","14","4","10","3","1","2","12","3","9","0","0","0","40","17","23","4","2","2","10","3","7","12","4","8","-2"
"122612","University of San Francisco","2018","On-tenure track, professors","2","0","2","0","0","0","1","0","1","0","0","0","0","0","0","0","0","0","1","0","1","0","0","0","0","0","0","0","0","0","-2"
"122612","University of San Francisco","2018","On-tenure track, associate professors","3","1","2","0","0","0","0","0","0","0","0","0","0","0","0","0","0","0","3","1","2","0","0","0","0","0","0","0","0","0","-2"
"122612","University of San Francisco","2018","On-tenure track, assistant professors","89","32","57","0","0","0","13","4","9","3","1","2","12","3","9","0","0","0","36","16","20","3","1","2","10","3","7","12","4","8","-2"
"122612","University of San Francisco","2018","On-tenure track, instructors","1","1","0","0","0","0","0","0","0","0","0","0","0","0","0","0","0","0","0","0","0","1","1","0","0","0","0","0","0","0","-2"
"122612","University of San Francisco","2018","Not on tenure track/No tenure system system total","136","55","81","0","0","0","22","7","15","4","0","4","15","6","9","0","0","0","73","31","42","8","5","3","13","6","7","1","0","1","-2"
"122612","University of San Francisco","2018","Not on tenure/no tenure system, professors","16","11","5","0","0","0","2","1","1","0","0","0","1","1","0","0","0","0","11","7","4","1","1","0","1","1","0","0","0","0","-2"
"122612","University of San Francisco","2018","Not on tenure/no tenure system, associate professors","31","10","21","0","0","0","8","2","6","3","0","3","1","0","1","0","0","0","14","5","9","1","0","1","4","3","1","0","0","0","-2"
"122612","University of San Francisco","2018","Not on tenure/no tenure system, assistant professors","75","26","49","0","0","0","10","2","8","1","0","1","13","5","8","0","0","0","41","16","25","4","2","2","6","1","5","0","0","0","-2"
"122612","University of San Francisco","2018","Not on tenure/no tenure system, instructors","14","8","6","0","0","0","2","2","0","0","0","0","0","0","0","0","0","0","7","3","4","2","2","0","2","1","1","1","0","1","-2"
"122728","William Jessup University","2018","Tenured total","7","4","3","1","1","0","0","0","0","0","0","0","0","0","0","0","0","0","6","3","3","0","0","0","0","0","0","0","0","0","-2"
"122728","William Jessup University","2018","Tenured, professors","4","2","2","1","1","0","0","0","0","0","0","0","0","0","0","0","0","0","3","1","2","0","0","0","0","0","0","0","0","0","-2"
"122728","William Jessup University","2018","Tenured, associate professors","3","2","1","0","0","0","0","0","0","0","0","0","0","0","0","0","0","0","3","2","1","0","0","0","0","0","0","0","0","0","-2"
"122728","William Jessup University","2018","On-Tenure track total","36","26","10","0","0","0","2","2","0","2","1","1","1","1","0","0","0","0","27","18","9","0","0","0","4","4","0","0","0","0","-2"
"122728","William Jessup University","2018","On-tenure track, professors","3","3","0","0","0","0","1","1","0","0","0","0","0","0","0","0","0","0","2","2","0","0","0","0","0","0","0","0","0","0","-2"
"122728","William Jessup University","2018","On-tenure track, associate professors","11","8","3","0","0","0","0","0","0","0","0","0","1","1","0","0","0","0","9","6","3","0","0","0","1","1","0","0","0","0","-2"
"122728","William Jessup University","2018","On-tenure track, assistant professors","22","15","7","0","0","0","1","1","0","2","1","1","0","0","0","0","0","0","16","10","6","0","0","0","3","3","0","0","0","0","-2"
"122931","Santa Clara University","2018","Tenured total","306","191","115","0","0","0","51","31","20","8","4","4","23","15","8","1","1","0","217","136","81","3","3","0","2","0","2","1","1","0","-2"
"122931","Santa Clara University","2018","Tenured, professors","153","98","55","0","0","0","19","14","5","3","3","0","11","9","2","0","0","0","118","70","48","2","2","0","0","0","0","0","0","0","-2"
"122931","Santa Clara University","2018","Tenured, associate professors","153","93","60","0","0","0","32","17","15","5","1","4","12","6","6","1","1","0","99","66","33","1","1","0","2","0","2","1","1","0","-2"
"122931","Santa Clara University","2018","On-Tenure track total","89","44","45","0","0","0","20","8","12","4","2","2","11","6","5","0","0","0","46","24","22","0","0","0","3","0","3","5","4","1","-2"
"122931","Santa Clara University","2018","On-tenure track, associate professors","1","1","0","0","0","0","1","1","0","0","0","0","0","0","0","0","0","0","0","0","0","0","0","0","0","0","0","0","0","0","-2"
"122931","Santa Clara University","2018","On-tenure track, assistant professors","88","43","45","0","0","0","19","7","12","4","2","2","11","6","5","0","0","0","46","24","22","0","0","0","3","0","3","5","4","1","-2"
"122931","Santa Clara University","2018","Not on tenure track/No tenure system system total","168","77","91","0","0","0","20","11","9","5","2","3","13","5","8","0","0","0","126","59","67","1","0","1","3","0","3","0","0","0","-2"
"122931","Santa Clara University","2018","Not on tenure/no tenure system, lecturers","164","74","90","0","0","0","20","11","9","5","2","3","13","5","8","0","0","0","122","56","66","1","0","1","3","0","3","0","0","0","-2"
"122931","Santa Clara University","2018","Not on tenure/no tenure system, no academic rank","4","3","1","0","0","0","0","0","0","0","0","0","0","0","0","0","0","0","4","3","1","0","0","0","0","0","0","0","0","0","-2"
"123299","Shasta College","2018","Tenured total","58","35","23","1","1","0","2","2","0","2","0","2","2","2","0","0","0","0","51","30","21","0","0","0","0","0","0","0","0","0","-2"
"123299","Shasta College","2018","Tenured, instructors","58","35","23","1","1","0","2","2","0","2","0","2","2","2","0","0","0","0","51","30","21","0","0","0","0","0","0","0","0","0","-2"
"123299","Shasta College","2018","On-Tenure track total","33","18","15","0","0","0","0","0","0","0","0","0","3","2","1","0","0","0","30","16","14","0","0","0","0","0","0","0","0","0","-2"
"123299","Shasta College","2018","On-tenure track, instructors","33","18","15","0","0","0","0","0","0","0","0","0","3","2","1","0","0","0","30","16","14","0","0","0","0","0","0","0","0","0","-2"
"123299","Shasta College","2018","Not on tenure track/No tenure system system total","57","27","30","0","0","0","6","4","2","2","1","1","7","2","5","0","0","0","42","20","22","0","0","0","0","0","0","0","0","0","-2"
"123299","Shasta College","2018","Not on tenure/no tenure system, instructors","57","27","30","0","0","0","6","4","2","2","1","1","7","2","5","0","0","0","42","20","22","0","0","0","0","0","0","0","0","0","-2"
"123457","Simpson University","2018","Not on tenure track/No tenure system system total","42","25","17","1","1","0","2","2","0","1","0","1","2","0","2","0","0","0","34","20","14","2","2","0","0","0","0","0","0","0","-2"
"123457","Simpson University","2018","Not on tenure/no tenure system, professors","5","5","0","0","0","0","0","0","0","0","0","0","0","0","0","0","0","0","4","4","0","1","1","0","0","0","0","0","0","0","-2"
"123457","Simpson University","2018","Not on tenure/no tenure system, associate professors","10","8","2","1","1","0","0","0","0","0","0","0","0","0","0","0","0","0","8","6","2","1","1","0","0","0","0","0","0","0","-2"
"123457","Simpson University","2018","Not on tenure/no tenure system, assistant professors","19","7","12","0","0","0","2","2","0","1","0","1","2","0","2","0","0","0","14","5","9","0","0","0","0","0","0","0","0","0","-2"
"123457","Simpson University","2018","Not on tenure/no tenure system, no academic rank","8","5","3","0","0","0","0","0","0","0","0","0","0","0","0","0","0","0","8","5","3","0","0","0","0","0","0","0","0","0","-2"
"124292","Thomas Aquinas College","2018","Not on tenure track/No tenure system system total","38","34","4","0","0","0","0","0","0","0","0","0","1","1","0","0","0","0","31","28","3","2","2","0","4","3","1","0","0","0","-2"
"124292","Thomas Aquinas College","2018","Not on tenure/no tenure system, professors","21","20","1","0","0","0","0","0","0","0","0","0","0","0","0","0","0","0","19","18","1","2","2","0","0","0","0","0","0","0","-2"
"124292","Thomas Aquinas College","2018","Not on tenure/no tenure system, associate professors","13","10","3","0","0","0","0","0","0","0","0","0","1","1","0","0","0","0","9","7","2","0","0","0","3","2","1","0","0","0","-2"
"124292","Thomas Aquinas College","2018","Not on tenure/no tenure system, assistant professors","4","4","0","0","0","0","0","0","0","0","0","0","0","0","0","0","0","0","3","3","0","0","0","0","1","1","0","0","0","0","-2"
"125727","Westmont College","2018","Tenured total","60","39","21","0","0","0","3","2","1","0","0","0","2","0","2","0","0","0","55","37","18","0","0","0","0","0","0","0","0","0","-2"
"125727","Westmont College","2018","Tenured, professors","49","36","13","0","0","0","3","2","1","0","0","0","1","0","1","0","0","0","45","34","11","0","0","0","0","0","0","0","0","0","-2"
"125727","Westmont College","2018","Tenured, associate professors","10","3","7","0","0","0","0","0","0","0","0","0","1","0","1","0","0","0","9","3","6","0","0","0","0","0","0","0","0","0","-2"
"125727","Westmont College","2018","Tenured, no academic rank","1","0","1","0","0","0","0","0","0","0","0","0","0","0","0","0","0","0","1","0","1","0","0","0","0","0","0","0","0","0","-2"
"125727","Westmont College","2018","On-Tenure track total","19","6","13","1","0","1","4","3","1","1","0","1","0","0","0","0","0","0","13","3","10","0","0","0","0","0","0","0","0","0","-2"
"125727","Westmont College","2018","On-tenure track, professors","2","1","1","0","0","0","0","0","0","0","0","0","0","0","0","0","0","0","2","1","1","0","0","0","0","0","0","0","0","0","-2"
"125727","Westmont College","2018","On-tenure track, associate professors","4","1","3","1","0","1","2","1","1","0","0","0","0","0","0","0","0","0","1","0","1","0","0","0","0","0","0","0","0","0","-2"
"125727","Westmont College","2018","On-tenure track, assistant professors","12","4","8","0","0","0","2","2","0","1","0","1","0","0","0","0","0","0","9","2","7","0","0","0","0","0","0","0","0","0","-2"
"125727","Westmont College","2018","On-tenure track, no academic rank","1","0","1","0","0","0","0","0","0","0","0","0","0","0","0","0","0","0","1","0","1","0","0","0","0","0","0","0","0","0","-2"
"125727","Westmont College","2018","Not on tenure track/No tenure system system total","11","7","4","0","0","0","2","2","0","1","0","1","0","0","0","0","0","0","8","5","3","0","0","0","0","0","0","0","0","0","-2"
"125727","Westmont College","2018","Not on tenure/no tenure system, associate professors","4","3","1","0","0","0","1","1","0","0","0","0","0","0","0","0","0","0","3","2","1","0","0","0","0","0","0","0","0","0","-2"
"125727","Westmont College","2018","Not on tenure/no tenure system, assistant professors","6","4","2","0","0","0","1","1","0","1","0","1","0","0","0","0","0","0","4","3","1","0","0","0","0","0","0","0","0","0","-2"
"125727","Westmont College","2018","Not on tenure/no tenure system, instructors","1","0","1","0","0","0","0","0","0","0","0","0","0","0","0","0","0","0","1","0","1","0","0","0","0","0","0","0","0","0","-2"
"126580","University of Colorado Colorado Springs","2018","Tenured total","161","98","63","1","0","1","13","7","6","2","1","1","10","7","3","0","0","0","128","79","49","1","0","1","6","4","2","0","0","0","-2"
"126580","University of Colorado Colorado Springs","2018","Tenured, professors","79","56","23","0","0","0","5","5","0","0","0","0","3","2","1","0","0","0","68","47","21","0","0","0","3","2","1","0","0","0","-2"
"126580","University of Colorado Colorado Springs","2018","Tenured, associate professors","82","42","40","1","0","1","8","2","6","2","1","1","7","5","2","0","0","0","60","32","28","1","0","1","3","2","1","0","0","0","-2"
"126580","University of Colorado Colorado Springs","2018","On-Tenure track total","95","46","49","1","0","1","18","12","6","4","1","3","2","0","2","0","0","0","57","28","29","2","1","1","11","4","7","0","0","0","-2"
"126580","University of Colorado Colorado Springs","2018","On-tenure track, assistant professors","95","46","49","1","0","1","18","12","6","4","1","3","2","0","2","0","0","0","57","28","29","2","1","1","11","4","7","0","0","0","-2"
"126580","University of Colorado Colorado Springs","2018","Not on tenure track/No tenure system system total","183","71","112","1","0","1","7","2","5","3","0","3","8","4","4","0","0","0","139","54","85","5","2","3","20","9","11","0","0","0","-2"
"126580","University of Colorado Colorado Springs","2018","Not on tenure/no tenure system, assistant professors","4","3","1","0","0","0","1","1","0","1","0","1","0","0","0","0","0","0","1","1","0","0","0","0","1","1","0","0","0","0","-2"
"126580","University of Colorado Colorado Springs","2018","Not on tenure/no tenure system, instructors","179","68","111","1","0","1","6","1","5","2","0","2","8","4","4","0","0","0","138","53","85","5","2","3","19","8","11","0","0","0","-2"
"127200","Front Range Community College","2018","Tenured total","179","78","101","1","0","1","8","3","5","2","1","1","9","3","6","0","0","0","158","71","87","0","0","0","1","0","1","0","0","0","-2"
"127200","Front Range Community College","2018","Tenured, professors","179","78","101","1","0","1","8","3","5","2","1","1","9","3","6","0","0","0","158","71","87","0","0","0","1","0","1","0","0","0","-2"
"127200","Front Range Community College","2018","On-Tenure track total","56","20","36","0","0","0","1","0","1","0","0","0","8","2","6","0","0","0","45","16","29","1","1","0","1","1","0","0","0","0","-2"
"127200","Front Range Community College","2018","On-tenure track, professors","56","20","36","0","0","0","1","0","1","0","0","0","8","2","6","0","0","0","45","16","29","1","1","0","1","1","0","0","0","0","-2"
"127200","Front Range Community College","2018","Not on tenure track/No tenure system system total","14","8","6","0","0","0","1","1","0","0","0","0","2","1","1","0","0","0","11","6","5","0","0","0","0","0","0","0","0","0","-2"
"127200","Front Range Community College","2018","Not on tenure/no tenure system, professors","14","8","6","0","0","0","1","1","0","0","0","0","2","1","1","0","0","0","11","6","5","0","0","0","0","0","0","0","0","0","-2"
"127556","Colorado Mesa University","2018","Tenured total","99","65","34","0","0","0","3","3","0","0","0","0","1","1","0","0","0","0","78","49","29","0","0","0","14","11","3","3","1","2","-2"
"127556","Colorado Mesa University","2018","Tenured, professors","52","33","19","0","0","0","1","1","0","0","0","0","1","1","0","0","0","0","40","25","15","0","0","0","9","6","3","1","0","1","-2"
"127556","Colorado Mesa University","2018","Tenured, associate professors","46","31","15","0","0","0","2","2","0","0","0","0","0","0","0","0","0","0","37","23","14","0","0","0","5","5","0","2","1","1","-2"
"127556","Colorado Mesa University","2018","Tenured, assistant professors","1","1","0","0","0","0","0","0","0","0","0","0","0","0","0","0","0","0","1","1","0","0","0","0","0","0","0","0","0","0","-2"
"127556","Colorado Mesa University","2018","On-Tenure track total","83","35","48","0","0","0","2","0","2","1","1","0","3","2","1","0","0","0","66","25","41","0","0","0","6","4","2","5","3","2","-2"
"127556","Colorado Mesa University","2018","On-tenure track, associate professors","5","3","2","0","0","0","0","0","0","0","0","0","0","0","0","0","0","0","3","2","1","0","0","0","2","1","1","0","0","0","-2"
"127556","Colorado Mesa University","2018","On-tenure track, assistant professors","78","32","46","0","0","0","2","0","2","1","1","0","3","2","1","0","0","0","63","23","40","0","0","0","4","3","1","5","3","2","-2"
"127556","Colorado Mesa University","2018","Not on tenure track/No tenure system system total","109","56","53","0","0","0","0","0","0","0","0","0","4","3","1","0","0","0","89","47","42","1","0","1","11","5","6","4","1","3","-2"
"127556","Colorado Mesa University","2018","Not on tenure/no tenure system, instructors","106","55","51","0","0","0","0","0","0","0","0","0","4","3","1","0","0","0","86","46","40","1","0","1","11","5","6","4","1","3","-2"
"127556","Colorado Mesa University","2018","Not on tenure/no tenure system, lecturers","3","1","2","0","0","0","0","0","0","0","0","0","0","0","0","0","0","0","3","1","2","0","0","0","0","0","0","0","0","0","-2"
"127820","Pikes Peak Community College","2018","Not on tenure track/No tenure system system total","189","69","120","0","0","0","5","2","3","8","2","6","7","3","4","0","0","0","165","60","105","0","0","0","4","2","2","0","0","0","-2"
"127820","Pikes Peak Community College","2018","Not on tenure/no tenure system, no academic rank","189","69","120","0","0","0","5","2","3","8","2","6","7","3","4","0","0","0","165","60","105","0","0","0","4","2","2","0","0","0","-2"
"127909","Red Rocks Community College","2018","Not on tenure track/No tenure system system total","95","34","61","0","0","0","2","1","1","0","0","0","5","3","2","0","0","0","86","30","56","1","0","1","1","0","1","0","0","0","-2"
"127909","Red Rocks Community College","2018","Not on tenure/no tenure system, instructors","95","34","61","0","0","0","2","1","1","0","0","0","5","3","2","0","0","0","86","30","56","1","0","1","1","0","1","0","0","0","-2"
"127918","Regis University","2018","Tenured total","75","42","33","0","0","0","2","1","1","4","4","0","6","2","4","0","0","0","63","35","28","0","0","0","0","0","0","0","0","0","-2"
"127918","Regis University","2018","Tenured, professors","29","14","15","0","0","0","1","1","0","0","0","0","4","2","2","0","0","0","24","11","13","0","0","0","0","0","0","0","0","0","-2"
"127918","Regis University","2018","Tenured, associate professors","46","28","18","0","0","0","1","0","1","4","4","0","2","0","2","0","0","0","39","24","15","0","0","0","0","0","0","0","0","0","-2"
"127918","Regis University","2018","On-Tenure track total","37","12","25","0","0","0","2","1","1","1","1","0","3","1","2","0","0","0","31","9","22","0","0","0","0","0","0","0","0","0","-2"
"127918","Regis University","2018","On-tenure track, associate professors","4","2","2","0","0","0","0","0","0","0","0","0","1","0","1","0","0","0","3","2","1","0","0","0","0","0","0","0","0","0","-2"
"127918","Regis University","2018","On-tenure track, assistant professors","33","10","23","0","0","0","2","1","1","1","1","0","2","1","1","0","0","0","28","7","21","0","0","0","0","0","0","0","0","0","-2"
"127918","Regis University","2018","Not on tenure track/No tenure system system total","210","77","133","0","0","0","6","1","5","5","2","3","12","8","4","0","0","0","184","65","119","2","0","2","0","0","0","1","1","0","-2"
"127918","Regis University","2018","Not on tenure/no tenure system, professors","43","16","27","0","0","0","1","0","1","2","1","1","1","1","0","0","0","0","38","14","24","1","0","1","0","0","0","0","0","0","-2"
"127918","Regis University","2018","Not on tenure/no tenure system, associate professors","56","22","34","0","0","0","2","0","2","1","0","1","4","3","1","0","0","0","49","19","30","0","0","0","0","0","0","0","0","0","-2"
"127918","Regis University","2018","Not on tenure/no tenure system, assistant professors","58","16","42","0","0","0","3","1","2","0","0","0","1","1","0","0","0","0","53","13","40","0","0","0","0","0","0","1","1","0","-2"
"127918","Regis University","2018","Not on tenure/no tenure system, instructors","35","14","21","0","0","0","0","0","0","2","1","1","4","2","2","0","0","0","29","11","18","0","0","0","0","0","0","0","0","0","-2"
"127918","Regis University","2018","Not on tenure/no tenure system, lecturers","15","9","6","0","0","0","0","0","0","0","0","0","1","1","0","0","0","0","13","8","5","1","0","1","0","0","0","0","0","0","-2"
"127918","Regis University","2018","Not on tenure/no tenure system, no academic rank","3","0","3","0","0","0","0","0","0","0","0","0","1","0","1","0","0","0","2","0","2","0","0","0","0","0","0","0","0","0","-2"
"128391","Western Colorado University","2018","Tenured total","56","37","19","0","0","0","0","0","0","0","0","0","0","0","0","1","0","1","52","35","17","3","2","1","0","0","0","0","0","0","-2"
"128391","Western Colorado University","2018","Tenured, professors","44","29","15","0","0","0","0","0","0","0","0","0","0","0","0","1","0","1","40","27","13","3","2","1","0","0","0","0","0","0","-2"
"128391","Western Colorado University","2018","Tenured, associate professors","12","8","4","0","0","0","0","0","0","0","0","0","0","0","0","0","0","0","12","8","4","0","0","0","0","0","0","0","0","0","-2"
"128391","Western Colorado University","2018","On-Tenure track total","30","18","12","0","0","0","0","0","0","1","1","0","3","1","2","0","0","0","24","15","9","2","1","1","0","0","0","0","0","0","-2"
"128391","Western Colorado University","2018","On-tenure track, professors","1","1","0","0","0","0","0","0","0","0","0","0","0","0","0","0","0","0","1","1","0","0","0","0","0","0","0","0","0","0","-2"
"128391","Western Colorado University","2018","On-tenure track, associate professors","4","2","2","0","0","0","0","0","0","0","0","0","1","0","1","0","0","0","2","2","0","1","0","1","0","0","0","0","0","0","-2"
"128391","Western Colorado University","2018","On-tenure track, assistant professors","25","15","10","0","0","0","0","0","0","1","1","0","2","1","1","0","0","0","21","12","9","1","1","0","0","0","0","0","0","0","-2"
"128391","Western Colorado University","2018","Not on tenure track/No tenure system system total","43","24","19","0","0","0","2","1","1","0","0","0","1","0","1","0","0","0","40","23","17","0","0","0","0","0","0","0","0","0","-2"
"128391","Western Colorado University","2018","Not on tenure/no tenure system, lecturers","43","24","19","0","0","0","2","1","1","0","0","0","1","0","1","0","0","0","40","23","17","0","0","0","0","0","0","0","0","0","-2"
"128498","Albertus Magnus College","2018","Tenured total","8","4","4","0","0","0","0","0","0","0","0","0","0","0","0","0","0","0","7","3","4","0","0","0","1","1","0","0","0","0","-2"
"128498","Albertus Magnus College","2018","Tenured, professors","7","3","4","0","0","0","0","0","0","0","0","0","0","0","0","0","0","0","7","3","4","0","0","0","0","0","0","0","0","0","-2"
"128498","Albertus Magnus College","2018","Tenured, associate professors","1","1","0","0","0","0","0","0","0","0","0","0","0","0","0","0","0","0","0","0","0","0","0","0","1","1","0","0","0","0","-2"
"128498","Albertus Magnus College","2018","Not on tenure track/No tenure system system total","37","19","18","0","0","0","2","1","1","0","0","0","0","0","0","0","0","0","27","15","12","0","0","0","8","3","5","0","0","0","-2"
"128498","Albertus Magnus College","2018","Not on tenure/no tenure system, professors","15","10","5","0","0","0","1","1","0","0","0","0","0","0","0","0","0","0","9","6","3","0","0","0","5","3","2","0","0","0","-2"
"128498","Albertus Magnus College","2018","Not on tenure/no tenure system, associate professors","11","3","8","0","0","0","0","0","0","0","0","0","0","0","0","0","0","0","9","3","6","0","0","0","2","0","2","0","0","0","-2"
"128498","Albertus Magnus College","2018","Not on tenure/no tenure system, assistant professors","9","6","3","0","0","0","1","0","1","0","0","0","0","0","0","0","0","0","8","6","2","0","0","0","0","0","0","0","0","0","-2"
"128498","Albertus Magnus College","2018","Not on tenure/no tenure system, instructors","1","0","1","0","0","0","0","0","0","0","0","0","0","0","0","0","0","0","1","0","1","0","0","0","0","0","0","0","0","0","-2"
"128498","Albertus Magnus College","2018","Not on tenure/no tenure system, no academic rank","1","0","1","0","0","0","0","0","0","0","0","0","0","0","0","0","0","0","0","0","0","0","0","0","1","0","1","0","0","0","-2"
"128771","Central Connecticut State University","2018","Tenured total","314","183","131","2","2","0","30","20","10","17","9","8","18","11","7","0","0","0","244","139","105","2","1","1","0","0","0","1","1","0","-2"
"128771","Central Connecticut State University","2018","Tenured, professors","195","120","75","2","2","0","17","11","6","12","7","5","14","11","3","0","0","0","149","89","60","1","0","1","0","0","0","0","0","0","-2"
"128771","Central Connecticut State University","2018","Tenured, associate professors","109","58","51","0","0","0","13","9","4","5","2","3","4","0","4","0","0","0","85","45","40","1","1","0","0","0","0","1","1","0","-2"
"128771","Central Connecticut State University","2018","Tenured, assistant professors","10","5","5","0","0","0","0","0","0","0","0","0","0","0","0","0","0","0","10","5","5","0","0","0","0","0","0","0","0","0","-2"
"128771","Central Connecticut State University","2018","On-Tenure track total","86","41","45","0","0","0","11","9","2","4","1","3","8","4","4","0","0","0","49","18","31","2","2","0","2","2","0","10","5","5","-2"
"128771","Central Connecticut State University","2018","On-tenure track, professors","1","1","0","0","0","0","0","0","0","0","0","0","0","0","0","0","0","0","1","1","0","0","0","0","0","0","0","0","0","0","-2"
"128771","Central Connecticut State University","2018","On-tenure track, associate professors","15","8","7","0","0","0","3","3","0","0","0","0","1","1","0","0","0","0","9","2","7","0","0","0","0","0","0","2","2","0","-2"
"128771","Central Connecticut State University","2018","On-tenure track, assistant professors","70","32","38","0","0","0","8","6","2","4","1","3","7","3","4","0","0","0","39","15","24","2","2","0","2","2","0","8","3","5","-2"
"128771","Central Connecticut State University","2018","Not on tenure track/No tenure system system total","48","24","24","0","0","0","3","1","2","2","1","1","5","1","4","0","0","0","32","18","14","0","0","0","2","1","1","4","2","2","-2"
"128771","Central Connecticut State University","2018","Not on tenure/no tenure system, associate professors","9","6","3","0","0","0","0","0","0","1","1","0","0","0","0","0","0","0","5","4","1","0","0","0","2","1","1","1","0","1","-2"
"128771","Central Connecticut State University","2018","Not on tenure/no tenure system, assistant professors","30","18","12","0","0","0","2","1","1","1","0","1","4","1","3","0","0","0","20","14","6","0","0","0","0","0","0","3","2","1","-2"
"128771","Central Connecticut State University","2018","Not on tenure/no tenure system, instructors","9","0","9","0","0","0","1","0","1","0","0","0","1","0","1","0","0","0","7","0","7","0","0","0","0","0","0","0","0","0","-2"
"129154","Goodwin University","2018","Not on tenure track/No tenure system system total","94","29","65","1","0","1","3","2","1","14","3","11","2","1","1","0","0","0","74","23","51","0","0","0","0","0","0","0","0","0","-2"
"129154","Goodwin University","2018","Not on tenure/no tenure system, professors","1","1","0","0","0","0","0","0","0","0","0","0","0","0","0","0","0","0","1","1","0","0","0","0","0","0","0","0","0","0","-2"
"129154","Goodwin University","2018","Not on tenure/no tenure system, associate professors","24","6","18","1","0","1","1","0","1","0","0","0","0","0","0","0","0","0","22","6","16","0","0","0","0","0","0","0","0","0","-2"
"129154","Goodwin University","2018","Not on tenure/no tenure system, assistant professors","50","14","36","0","0","0","1","1","0","14","3","11","1","1","0","0","0","0","34","9","25","0","0","0","0","0","0","0","0","0","-2"
"129154","Goodwin University","2018","Not on tenure/no tenure system, instructors","19","8","11","0","0","0","1","1","0","0","0","0","1","0","1","0","0","0","17","7","10","0","0","0","0","0","0","0","0","0","-2"
"129774","Mitchell College","2018","Tenured total","3","2","1","0","0","0","0","0","0","0","0","0","0","0","0","0","0","0","3","2","1","0","0","0","0","0","0","0","0","0","-2"
"129774","Mitchell College","2018","Tenured, associate professors","2","1","1","0","0","0","0","0","0","0","0","0","0","0","0","0","0","0","2","1","1","0","0","0","0","0","0","0","0","0","-2"
"129774","Mitchell College","2018","Tenured, assistant professors","1","1","0","0","0","0","0","0","0","0","0","0","0","0","0","0","0","0","1","1","0","0","0","0","0","0","0","0","0","0","-2"
"129774","Mitchell College","2018","Not on tenure track/No tenure system system total","15","6","9","0","0","0","0","0","0","0","0","0","0","0","0","0","0","0","15","6","9","0","0","0","0","0","0","0","0","0","-2"
"129774","Mitchell College","2018","Not on tenure/no tenure system, professors","2","0","2","0","0","0","0","0","0","0","0","0","0","0","0","0","0","0","2","0","2","0","0","0","0","0","0","0","0","0","-2"
"129774","Mitchell College","2018","Not on tenure/no tenure system, associate professors","6","3","3","0","0","0","0","0","0","0","0","0","0","0","0","0","0","0","6","3","3","0","0","0","0","0","0","0","0","0","-2"
"129774","Mitchell College","2018","Not on tenure/no tenure system, assistant professors","7","3","4","0","0","0","0","0","0","0","0","0","0","0","0","0","0","0","7","3","4","0","0","0","0","0","0","0","0","0","-2"
"132657","Lynn University","2018","Not on tenure track/No tenure system system total","136","79","57","1","1","0","3","3","0","2","1","1","8","5","3","0","0","0","83","46","37","2","0","2","34","22","12","3","1","2","-2"
"132657","Lynn University","2018","Not on tenure/no tenure system, professors","30","18","12","0","0","0","1","1","0","0","0","0","2","1","1","0","0","0","23","14","9","1","0","1","3","2","1","0","0","0","-2"
"132657","Lynn University","2018","Not on tenure/no tenure system, associate professors","45","28","17","1","1","0","0","0","0","2","1","1","1","1","0","0","0","0","27","16","11","0","0","0","13","8","5","1","1","0","-2"
"132657","Lynn University","2018","Not on tenure/no tenure system, assistant professors","46","24","22","0","0","0","2","2","0","0","0","0","3","1","2","0","0","0","27","13","14","1","0","1","12","8","4","1","0","1","-2"
"132657","Lynn University","2018","Not on tenure/no tenure system, instructors","9","5","4","0","0","0","0","0","0","0","0","0","2","2","0","0","0","0","3","1","2","0","0","0","3","2","1","1","0","1","-2"
"132657","Lynn University","2018","Not on tenure/no tenure system, no academic rank","6","4","2","0","0","0","0","0","0","0","0","0","0","0","0","0","0","0","3","2","1","0","0","0","3","2","1","0","0","0","-2"
"132693","Eastern Florida State College","2018","Tenured total","184","74","110","0","0","0","10","6","4","15","6","9","2","0","2","0","0","0","152","59","93","5","3","2","0","0","0","0","0","0","-2"
"132693","Eastern Florida State College","2018","Tenured, professors","51","22","29","0","0","0","6","3","3","4","2","2","2","0","2","0","0","0","36","14","22","3","3","0","0","0","0","0","0","0","-2"
"132693","Eastern Florida State College","2018","Tenured, associate professors","53","21","32","0","0","0","2","2","0","6","2","4","0","0","0","0","0","0","45","17","28","0","0","0","0","0","0","0","0","0","-2"
"132693","Eastern Florida State College","2018","Tenured, assistant professors","50","18","32","0","0","0","2","1","1","4","1","3","0","0","0","0","0","0","42","16","26","2","0","2","0","0","0","0","0","0","-2"
"132693","Eastern Florida State College","2018","Tenured, instructors","30","13","17","0","0","0","0","0","0","1","1","0","0","0","0","0","0","0","29","12","17","0","0","0","0","0","0","0","0","0","-2"
"132693","Eastern Florida State College","2018","On-Tenure track total","76","35","41","0","0","0","0","0","0","6","2","4","6","1","5","0","0","0","61","29","32","2","2","0","1","1","0","0","0","0","-2"
"132693","Eastern Florida State College","2018","On-tenure track, instructors","76","35","41","0","0","0","0","0","0","6","2","4","6","1","5","0","0","0","61","29","32","2","2","0","1","1","0","0","0","0","-2"
"132693","Eastern Florida State College","2018","Not on tenure track/No tenure system system total","5","4","1","0","0","0","0","0","0","0","0","0","1","0","1","0","0","0","4","4","0","0","0","0","0","0","0","0","0","0","-2"
"132693","Eastern Florida State College","2018","Not on tenure/no tenure system, instructors","5","4","1","0","0","0","0","0","0","0","0","0","1","0","1","0","0","0","4","4","0","0","0","0","0","0","0","0","0","0","-2"
"132879","Johnson University Florida","2018","Not on tenure track/No tenure system system total","10","4","6","0","0","0","1","0","1","0","0","0","0","0","0","0","0","0","9","4","5","0","0","0","0","0","0","0","0","0","-2"
"132879","Johnson University Florida","2018","Not on tenure/no tenure system, professors","5","1","4","0","0","0","1","0","1","0","0","0","0","0","0","0","0","0","4","1","3","0","0","0","0","0","0","0","0","0","-2"
"132879","Johnson University Florida","2018","Not on tenure/no tenure system, associate professors","3","2","1","0","0","0","0","0","0","0","0","0","0","0","0","0","0","0","3","2","1","0","0","0","0","0","0","0","0","0","-2"
"132879","Johnson University Florida","2018","Not on tenure/no tenure system, assistant professors","2","1","1","0","0","0","0","0","0","0","0","0","0","0","0","0","0","0","2","1","1","0","0","0","0","0","0","0","0","0","-2"
"133386","Daytona State College","2018","Tenured total","196","107","89","1","0","1","7","6","1","18","8","10","8","5","3","0","0","0","160","86","74","0","0","0","0","0","0","2","2","0","-2"
"133386","Daytona State College","2018","Tenured, professors","117","65","52","1","0","1","6","5","1","10","3","7","3","2","1","0","0","0","96","54","42","0","0","0","0","0","0","1","1","0","-2"
"133386","Daytona State College","2018","Tenured, associate professors","67","35","32","0","0","0","1","1","0","7","4","3","3","2","1","0","0","0","55","27","28","0","0","0","0","0","0","1","1","0","-2"
"133386","Daytona State College","2018","Tenured, assistant professors","12","7","5","0","0","0","0","0","0","1","1","0","2","1","1","0","0","0","9","5","4","0","0","0","0","0","0","0","0","0","-2"
"133386","Daytona State College","2018","On-Tenure track total","51","20","31","0","0","0","0","0","0","4","0","4","4","1","3","0","0","0","43","19","24","0","0","0","0","0","0","0","0","0","-2"
"133386","Daytona State College","2018","On-tenure track, associate professors","11","4","7","0","0","0","0","0","0","2","0","2","0","0","0","0","0","0","9","4","5","0","0","0","0","0","0","0","0","0","-2"
"133386","Daytona State College","2018","On-tenure track, assistant professors","31","7","24","0","0","0","0","0","0","2","0","2","4","1","3","0","0","0","25","6","19","0","0","0","0","0","0","0","0","0","-2"
"133386","Daytona State College","2018","On-tenure track, instructors","9","9","0","0","0","0","0","0","0","0","0","0","0","0","0","0","0","0","9","9","0","0","0","0","0","0","0","0","0","0","-2"
"134130","University of Florida","2018","Tenured total","1522","1100","422","0","0","0","199","153","46","45","27","18","83","61","22","0","0","0","1173","842","331","18","14","4","0","0","0","4","3","1","-2"
"134130","University of Florida","2018","Tenured, professors","986","759","227","0","0","0","122","101","21","25","16","9","46","37","9","0","0","0","784","599","185","6","4","2","0","0","0","3","2","1","-2"
"134130","University of Florida","2018","Tenured, associate professors","533","338","195","0","0","0","77","52","25","20","11","9","37","24","13","0","0","0","386","240","146","12","10","2","0","0","0","1","1","0","-2"
"134130","University of Florida","2018","Tenured, assistant professors","3","3","0","0","0","0","0","0","0","0","0","0","0","0","0","0","0","0","3","3","0","0","0","0","0","0","0","0","0","0","-2"
"134130","University of Florida","2018","On-Tenure track total","543","324","219","2","0","2","82","47","35","22","7","15","51","33","18","0","0","0","306","177","129","8","5","3","5","4","1","67","51","16","-2"
"134130","University of Florida","2018","On-tenure track, professors","21","15","6","0","0","0","4","2","2","0","0","0","2","1","1","0","0","0","14","11","3","1","1","0","0","0","0","0","0","0","-2"
"134130","University of Florida","2018","On-tenure track, associate professors","72","47","25","0","0","0","17","11","6","7","2","5","9","7","2","0","0","0","37","26","11","0","0","0","1","1","0","1","0","1","-2"
"134130","University of Florida","2018","On-tenure track, assistant professors","450","262","188","2","0","2","61","34","27","15","5","10","40","25","15","0","0","0","255","140","115","7","4","3","4","3","1","66","51","15","-2"
"134130","University of Florida","2018","Not on tenure track/No tenure system system total","669","292","377","1","0","1","38","11","27","42","19","23","56","20","36","1","1","0","489","218","271","10","7","3","2","1","1","30","15","15","-2"
"134130","University of Florida","2018","Not on tenure/no tenure system, professors","32","17","15","0","0","0","1","0","1","2","1","1","1","1","0","0","0","0","28","15","13","0","0","0","0","0","0","0","0","0","-2"
"134130","University of Florida","2018","Not on tenure/no tenure system, associate professors","21","9","12","0","0","0","1","0","1","0","0","0","2","2","0","0","0","0","17","6","11","0","0","0","0","0","0","1","1","0","-2"
"134130","University of Florida","2018","Not on tenure/no tenure system, assistant professors","99","34","65","0","0","0","3","1","2","6","3","3","8","0","8","0","0","0","72","24","48","3","2","1","1","1","0","6","3","3","-2"
"134130","University of Florida","2018","Not on tenure/no tenure system, lecturers","404","182","222","1","0","1","23","5","18","24","8","16","40","16","24","1","1","0","288","138","150","5","4","1","1","0","1","21","10","11","-2"
"134130","University of Florida","2018","Not on tenure/no tenure system, no academic rank","113","50","63","0","0","0","10","5","5","10","7","3","5","1","4","0","0","0","84","35","49","2","1","1","0","0","0","2","1","1","-2"
"135188","Lake-Sumter State College","2018","Tenured total","36","12","24","1","1","0","0","0","0","3","1","2","0","0","0","0","0","0","32","10","22","0","0","0","0","0","0","0","0","0","-2"
"135188","Lake-Sumter State College","2018","Tenured, professors","1","0","1","0","0","0","0","0","0","0","0","0","0","0","0","0","0","0","1","0","1","0","0","0","0","0","0","0","0","0","-2"
"135188","Lake-Sumter State College","2018","Tenured, associate professors","6","2","4","0","0","0","0","0","0","0","0","0","0","0","0","0","0","0","6","2","4","0","0","0","0","0","0","0","0","0","-2"
"135188","Lake-Sumter State College","2018","Tenured, assistant professors","10","3","7","0","0","0","0","0","0","2","0","2","0","0","0","0","0","0","8","3","5","0","0","0","0","0","0","0","0","0","-2"
"135188","Lake-Sumter State College","2018","Tenured, instructors","19","7","12","1","1","0","0","0","0","1","1","0","0","0","0","0","0","0","17","5","12","0","0","0","0","0","0","0","0","0","-2"
"135188","Lake-Sumter State College","2018","On-Tenure track total","37","17","20","1","0","1","1","1","0","2","1","1","3","2","1","0","0","0","30","13","17","0","0","0","0","0","0","0","0","0","-2"
"135188","Lake-Sumter State College","2018","On-tenure track, instructors","33","14","19","1","0","1","1","1","0","2","1","1","3","2","1","0","0","0","26","10","16","0","0","0","0","0","0","0","0","0","-2"
"135188","Lake-Sumter State College","2018","On-tenure track, no academic rank","4","3","1","0","0","0","0","0","0","0","0","0","0","0","0","0","0","0","4","3","1","0","0","0","0","0","0","0","0","0","-2"
"135188","Lake-Sumter State College","2018","Not on tenure track/No tenure system system total","5","0","5","0","0","0","0","0","0","0","0","0","0","0","0","0","0","0","5","0","5","0","0","0","0","0","0","0","0","0","-2"
"135188","Lake-Sumter State College","2018","Not on tenure/no tenure system, instructors","5","0","5","0","0","0","0","0","0","0","0","0","0","0","0","0","0","0","5","0","5","0","0","0","0","0","0","0","0","0","-2"
"135391","State College of Florida-Manatee-Sarasota","2018","Tenured total","82","35","47","0","0","0","3","3","0","5","3","2","5","2","3","0","0","0","67","27","40","0","0","0","2","0","2","0","0","0","-2"
"135391","State College of Florida-Manatee-Sarasota","2018","Tenured, professors","40","20","20","0","0","0","3","3","0","1","0","1","2","0","2","0","0","0","33","17","16","0","0","0","1","0","1","0","0","0","-2"
"135391","State College of Florida-Manatee-Sarasota","2018","Tenured, associate professors","29","12","17","0","0","0","0","0","0","3","2","1","2","1","1","0","0","0","23","9","14","0","0","0","1","0","1","0","0","0","-2"
"135391","State College of Florida-Manatee-Sarasota","2018","Tenured, assistant professors","10","3","7","0","0","0","0","0","0","1","1","0","1","1","0","0","0","0","8","1","7","0","0","0","0","0","0","0","0","0","-2"
"135391","State College of Florida-Manatee-Sarasota","2018","Tenured, instructors","3","0","3","0","0","0","0","0","0","0","0","0","0","0","0","0","0","0","3","0","3","0","0","0","0","0","0","0","0","0","-2"
"135391","State College of Florida-Manatee-Sarasota","2018","On-Tenure track total","26","12","14","0","0","0","0","0","0","0","0","0","2","2","0","0","0","0","23","10","13","0","0","0","1","0","1","0","0","0","-2"
"135391","State College of Florida-Manatee-Sarasota","2018","On-tenure track, associate professors","6","1","5","0","0","0","0","0","0","0","0","0","0","0","0","0","0","0","5","1","4","0","0","0","1","0","1","0","0","0","-2"
"135391","State College of Florida-Manatee-Sarasota","2018","On-tenure track, assistant professors","12","6","6","0","0","0","0","0","0","0","0","0","1","1","0","0","0","0","11","5","6","0","0","0","0","0","0","0","0","0","-2"
"135391","State College of Florida-Manatee-Sarasota","2018","On-tenure track, instructors","8","5","3","0","0","0","0","0","0","0","0","0","1","1","0","0","0","0","7","4","3","0","0","0","0","0","0","0","0","0","-2"
"135391","State College of Florida-Manatee-Sarasota","2018","Not on tenure track/No tenure system system total","21","8","13","0","0","0","1","0","1","0","0","0","0","0","0","0","0","0","20","8","12","0","0","0","0","0","0","0","0","0","-2"
"135391","State College of Florida-Manatee-Sarasota","2018","Not on tenure/no tenure system, associate professors","2","1","1","0","0","0","0","0","0","0","0","0","0","0","0","0","0","0","2","1","1","0","0","0","0","0","0","0","0","0","-2"
"135391","State College of Florida-Manatee-Sarasota","2018","Not on tenure/no tenure system, assistant professors","2","1","1","0","0","0","0","0","0","0","0","0","0","0","0","0","0","0","2","1","1","0","0","0","0","0","0","0","0","0","-2"
"135391","State College of Florida-Manatee-Sarasota","2018","Not on tenure/no tenure system, instructors","3","2","1","0","0","0","0","0","0","0","0","0","0","0","0","0","0","0","3","2","1","0","0","0","0","0","0","0","0","0","-2"
"135391","State College of Florida-Manatee-Sarasota","2018","Not on tenure/no tenure system, lecturers","6","4","2","0","0","0","1","0","1","0","0","0","0","0","0","0","0","0","5","4","1","0","0","0","0","0","0","0","0","0","-2"
"135391","State College of Florida-Manatee-Sarasota","2018","Not on tenure/no tenure system, no academic rank","8","0","8","0","0","0","0","0","0","0","0","0","0","0","0","0","0","0","8","0","8","0","0","0","0","0","0","0","0","0","-2"
"136330","Palm Beach Atlantic University","2018","Not on tenure track/No tenure system system total","180","99","81","0","0","0","4","1","3","11","2","9","12","7","5","0","0","0","142","86","56","1","0","1","2","0","2","8","3","5","-2"
"136330","Palm Beach Atlantic University","2018","Not on tenure/no tenure system, professors","55","40","15","0","0","0","1","1","0","2","1","1","0","0","0","0","0","0","52","38","14","0","0","0","0","0","0","0","0","0","-2"
"136330","Palm Beach Atlantic University","2018","Not on tenure/no tenure system, associate professors","59","31","28","0","0","0","3","0","3","4","1","3","4","3","1","0","0","0","41","24","17","1","0","1","1","0","1","5","3","2","-2"
"136330","Palm Beach Atlantic University","2018","Not on tenure/no tenure system, assistant professors","57","27","30","0","0","0","0","0","0","5","0","5","4","4","0","0","0","0","44","23","21","0","0","0","1","0","1","3","0","3","-2"
"136330","Palm Beach Atlantic University","2018","Not on tenure/no tenure system, instructors","9","1","8","0","0","0","0","0","0","0","0","0","4","0","4","0","0","0","5","1","4","0","0","0","0","0","0","0","0","0","-2"
"136400","Pasco-Hernando State College","2018","Tenured total","90","32","58","0","0","0","0","0","0","6","3","3","6","4","2","1","0","1","77","25","52","0","0","0","0","0","0","0","0","0","-2"
"136400","Pasco-Hernando State College","2018","Tenured, professors","29","11","18","0","0","0","0","0","0","0","0","0","1","1","0","0","0","0","28","10","18","0","0","0","0","0","0","0","0","0","-2"
"136400","Pasco-Hernando State College","2018","Tenured, associate professors","32","9","23","0","0","0","0","0","0","5","2","3","3","1","2","1","0","1","23","6","17","0","0","0","0","0","0","0","0","0","-2"
"136400","Pasco-Hernando State College","2018","Tenured, assistant professors","26","11","15","0","0","0","0","0","0","1","1","0","2","2","0","0","0","0","23","8","15","0","0","0","0","0","0","0","0","0","-2"
"136400","Pasco-Hernando State College","2018","Tenured, instructors","3","1","2","0","0","0","0","0","0","0","0","0","0","0","0","0","0","0","3","1","2","0","0","0","0","0","0","0","0","0","-2"
"136400","Pasco-Hernando State College","2018","On-Tenure track total","58","21","37","0","0","0","1","0","1","4","2","2","3","2","1","0","0","0","48","17","31","2","0","2","0","0","0","0","0","0","-2"
"136400","Pasco-Hernando State College","2018","On-tenure track, professors","6","2","4","0","0","0","0","0","0","1","0","1","0","0","0","0","0","0","5","2","3","0","0","0","0","0","0","0","0","0","-2"
"136400","Pasco-Hernando State College","2018","On-tenure track, associate professors","3","2","1","0","0","0","0","0","0","1","1","0","1","1","0","0","0","0","1","0","1","0","0","0","0","0","0","0","0","0","-2"
"136400","Pasco-Hernando State College","2018","On-tenure track, assistant professors","10","3","7","0","0","0","1","0","1","1","1","0","0","0","0","0","0","0","7","2","5","1","0","1","0","0","0","0","0","0","-2"
"136400","Pasco-Hernando State College","2018","On-tenure track, instructors","39","14","25","0","0","0","0","0","0","1","0","1","2","1","1","0","0","0","35","13","22","1","0","1","0","0","0","0","0","0","-2"
"136400","Pasco-Hernando State College","2018","Not on tenure track/No tenure system system total","8","5","3","0","0","0","0","0","0","1","1","0","0","0","0","0","0","0","7","4","3","0","0","0","0","0","0","0","0","0","-2"
"136400","Pasco-Hernando State College","2018","Not on tenure/no tenure system, instructors","1","0","1","0","0","0","0","0","0","0","0","0","0","0","0","0","0","0","1","0","1","0","0","0","0","0","0","0","0","0","-2"
"136400","Pasco-Hernando State College","2018","Not on tenure/no tenure system, no academic rank","7","5","2","0","0","0","0","0","0","1","1","0","0","0","0","0","0","0","6","4","2","0","0","0","0","0","0","0","0","0","-2"
"136774","Ringling College of Art and Design","2018","Not on tenure track/No tenure system system total","116","81","35","0","0","0","2","1","1","1","1","0","3","2","1","0","0","0","108","76","32","0","0","0","2","1","1","0","0","0","-2"
"136774","Ringling College of Art and Design","2018","Not on tenure/no tenure system, no academic rank","116","81","35","0","0","0","2","1","1","1","1","0","3","2","1","0","0","0","108","76","32","0","0","0","2","1","1","0","0","0","-2"
"136950","Rollins College","2018","Tenured total","117","63","54","0","0","0","7","3","4","3","3","0","7","4","3","0","0","0","95","51","44","0","0","0","5","2","3","0","0","0","-2"
"136950","Rollins College","2018","Tenured, professors","66","38","28","0","0","0","5","2","3","0","0","0","4","3","1","0","0","0","56","33","23","0","0","0","1","0","1","0","0","0","-2"
"136950","Rollins College","2018","Tenured, associate professors","51","25","26","0","0","0","2","1","1","3","3","0","3","1","2","0","0","0","39","18","21","0","0","0","4","2","2","0","0","0","-2"
"136950","Rollins College","2018","On-Tenure track total","67","28","39","0","0","0","2","1","1","7","4","3","3","0","3","0","0","0","48","20","28","0","0","0","2","1","1","5","2","3","-2"
"136950","Rollins College","2018","On-tenure track, professors","1","0","1","0","0","0","0","0","0","0","0","0","0","0","0","0","0","0","1","0","1","0","0","0","0","0","0","0","0","0","-2"
"136950","Rollins College","2018","On-tenure track, associate professors","12","5","7","0","0","0","0","0","0","2","1","1","0","0","0","0","0","0","9","3","6","0","0","0","0","0","0","1","1","0","-2"
"136950","Rollins College","2018","On-tenure track, assistant professors","54","23","31","0","0","0","2","1","1","5","3","2","3","0","3","0","0","0","38","17","21","0","0","0","2","1","1","4","1","3","-2"
"136950","Rollins College","2018","Not on tenure track/No tenure system system total","47","20","27","0","0","0","2","2","0","0","0","0","3","1","2","0","0","0","40","16","24","0","0","0","1","0","1","1","1","0","-2"
"136950","Rollins College","2018","Not on tenure/no tenure system, lecturers","47","20","27","0","0","0","2","2","0","0","0","0","3","1","2","0","0","0","40","16","24","0","0","0","1","0","1","1","1","0","-2"
"137032","Saint Leo University","2018","Tenured total","77","43","34","1","0","1","3","3","0","5","2","3","1","0","1","0","0","0","65","36","29","2","2","0","0","0","0","0","0","0","-2"
"137032","Saint Leo University","2018","Tenured, professors","24","12","12","1","0","1","0","0","0","0","0","0","1","0","1","0","0","0","21","11","10","1","1","0","0","0","0","0","0","0","-2"
"137032","Saint Leo University","2018","Tenured, associate professors","37","24","13","0","0","0","2","2","0","4","1","3","0","0","0","0","0","0","30","20","10","1","1","0","0","0","0","0","0","0","-2"
"137032","Saint Leo University","2018","Tenured, assistant professors","16","7","9","0","0","0","1","1","0","1","1","0","0","0","0","0","0","0","14","5","9","0","0","0","0","0","0","0","0","0","-2"
"137032","Saint Leo University","2018","On-Tenure track total","59","32","27","0","0","0","3","3","0","12","3","9","3","2","1","0","0","0","35","20","15","4","4","0","2","0","2","0","0","0","-2"
"137032","Saint Leo University","2018","On-tenure track, associate professors","15","8","7","0","0","0","0","0","0","2","0","2","1","0","1","0","0","0","10","7","3","1","1","0","1","0","1","0","0","0","-2"
"137032","Saint Leo University","2018","On-tenure track, assistant professors","44","24","20","0","0","0","3","3","0","10","3","7","2","2","0","0","0","0","25","13","12","3","3","0","1","0","1","0","0","0","-2"
"137032","Saint Leo University","2018","Not on tenure track/No tenure system system total","40","17","23","0","0","0","1","0","1","9","4","5","3","1","2","0","0","0","26","12","14","0","0","0","1","0","1","0","0","0","-2"
"137032","Saint Leo University","2018","Not on tenure/no tenure system, professors","2","2","0","0","0","0","0","0","0","0","0","0","0","0","0","0","0","0","2","2","0","0","0","0","0","0","0","0","0","0","-2"
"137032","Saint Leo University","2018","Not on tenure/no tenure system, associate professors","2","1","1","0","0","0","0","0","0","0","0","0","0","0","0","0","0","0","2","1","1","0","0","0","0","0","0","0","0","0","-2"
"137032","Saint Leo University","2018","Not on tenure/no tenure system, assistant professors","11","8","3","0","0","0","1","0","1","4","4","0","0","0","0","0","0","0","6","4","2","0","0","0","0","0","0","0","0","0","-2"
"137032","Saint Leo University","2018","Not on tenure/no tenure system, instructors","24","6","18","0","0","0","0","0","0","5","0","5","3","1","2","0","0","0","15","5","10","0","0","0","1","0","1","0","0","0","-2"
"137032","Saint Leo University","2018","Not on tenure/no tenure system, lecturers","1","0","1","0","0","0","0","0","0","0","0","0","0","0","0","0","0","0","1","0","1","0","0","0","0","0","0","0","0","0","-2"
"137078","St Petersburg College","2018","Tenured total","276","127","149","0","0","0","7","5","2","28","14","14","15","4","11","0","0","0","218","101","117","7","3","4","1","0","1","0","0","0","-2"
"137078","St Petersburg College","2018","Tenured, no academic rank","276","127","149","0","0","0","7","5","2","28","14","14","15","4","11","0","0","0","218","101","117","7","3","4","1","0","1","0","0","0","-2"
"137078","St Petersburg College","2018","On-Tenure track total","75","24","51","0","0","0","3","2","1","8","1","7","6","3","3","0","0","0","58","18","40","0","0","0","0","0","0","0","0","0","-2"
"137078","St Petersburg College","2018","On-tenure track, no academic rank","75","24","51","0","0","0","3","2","1","8","1","7","6","3","3","0","0","0","58","18","40","0","0","0","0","0","0","0","0","0","-2"
"137096","Santa Fe College","2018","Tenured total","155","70","85","0","0","0","5","3","2","11","5","6","14","4","10","0","0","0","121","55","66","2","1","1","2","2","0","0","0","0","-2"
"137096","Santa Fe College","2018","Tenured, no academic rank","155","70","85","0","0","0","5","3","2","11","5","6","14","4","10","0","0","0","121","55","66","2","1","1","2","2","0","0","0","0","-2"
"137096","Santa Fe College","2018","On-Tenure track total","90","35","55","0","0","0","3","1","2","5","1","4","2","0","2","0","0","0","73","30","43","1","0","1","6","3","3","0","0","0","-2"
"137096","Santa Fe College","2018","On-tenure track, no academic rank","90","35","55","0","0","0","3","1","2","5","1","4","2","0","2","0","0","0","73","30","43","1","0","1","6","3","3","0","0","0","-2"
"137546","Stetson University","2018","Tenured total","151","89","62","0","0","0","5","2","3","8","3","5","7","4","3","0","0","0","122","73","49","4","3","1","2","1","1","3","3","0","-2"
"137546","Stetson University","2018","Tenured, professors","103","59","44","0","0","0","4","2","2","5","2","3","4","1","3","0","0","0","85","50","35","3","3","0","1","0","1","1","1","0","-2"
"137546","Stetson University","2018","Tenured, associate professors","48","30","18","0","0","0","1","0","1","3","1","2","3","3","0","0","0","0","37","23","14","1","0","1","1","1","0","2","2","0","-2"
"137546","Stetson University","2018","On-Tenure track total","62","27","35","0","0","0","2","0","2","3","1","2","3","1","2","0","0","0","44","20","24","2","0","2","2","1","1","6","4","2","-2"
"137546","Stetson University","2018","On-tenure track, associate professors","4","1","3","0","0","0","0","0","0","0","0","0","0","0","0","0","0","0","3","1","2","0","0","0","1","0","1","0","0","0","-2"
"137546","Stetson University","2018","On-tenure track, assistant professors","57","25","32","0","0","0","2","0","2","3","1","2","3","1","2","0","0","0","40","18","22","2","0","2","1","1","0","6","4","2","-2"
"137546","Stetson University","2018","On-tenure track, no academic rank","1","1","0","0","0","0","0","0","0","0","0","0","0","0","0","0","0","0","1","1","0","0","0","0","0","0","0","0","0","0","-2"
"137546","Stetson University","2018","Not on tenure track/No tenure system system total","56","24","32","0","0","0","1","1","0","2","1","1","7","2","5","0","0","0","42","16","26","0","0","0","2","2","0","2","2","0","-2"
"137546","Stetson University","2018","Not on tenure/no tenure system, instructors","6","4","2","0","0","0","0","0","0","0","0","0","1","0","1","0","0","0","2","1","1","0","0","0","1","1","0","2","2","0","-2"
"137546","Stetson University","2018","Not on tenure/no tenure system, no academic rank","50","20","30","0","0","0","1","1","0","2","1","1","6","2","4","0","0","0","40","15","25","0","0","0","1","1","0","0","0","0","-2"
"137564","Southeastern University","2018","Not on tenure track/No tenure system system total","173","93","80","1","0","1","1","1","0","15","11","4","10","4","6","6","3","3","139","73","66","1","1","0","0","0","0","0","0","0","-2"
"137564","Southeastern University","2018","Not on tenure/no tenure system, professors","50","34","16","0","0","0","0","0","0","2","2","0","2","1","1","3","1","2","43","30","13","0","0","0","0","0","0","0","0","0","-2"
"137564","Southeastern University","2018","Not on tenure/no tenure system, associate professors","52","30","22","1","0","1","0","0","0","7","6","1","1","0","1","1","0","1","41","23","18","1","1","0","0","0","0","0","0","0","-2"
"137564","Southeastern University","2018","Not on tenure/no tenure system, assistant professors","55","25","30","0","0","0","1","1","0","5","3","2","6","3","3","1","1","0","42","17","25","0","0","0","0","0","0","0","0","0","-2"
"137564","Southeastern University","2018","Not on tenure/no tenure system, instructors","10","1","9","0","0","0","0","0","0","1","0","1","1","0","1","0","0","0","8","1","7","0","0","0","0","0","0","0","0","0","-2"
"137564","Southeastern University","2018","Not on tenure/no tenure system, lecturers","6","3","3","0","0","0","0","0","0","0","0","0","0","0","0","1","1","0","5","2","3","0","0","0","0","0","0","0","0","0","-2"
"137962","Trinity College of Florida","2018","Not on tenure track/No tenure system system total","9","5","4","0","0","0","0","0","0","0","0","0","0","0","0","0","0","0","9","5","4","0","0","0","0","0","0","0","0","0","-2"
"137962","Trinity College of Florida","2018","Not on tenure/no tenure system, professors","9","5","4","0","0","0","0","0","0","0","0","0","0","0","0","0","0","0","9","5","4","0","0","0","0","0","0","0","0","0","-2"
"139700","Georgia Highlands College","2018","Tenured total","69","37","32","0","0","0","1","1","0","3","2","1","0","0","0","0","0","0","65","34","31","0","0","0","0","0","0","0","0","0","-2"
"139700","Georgia Highlands College","2018","Tenured, professors","27","15","12","0","0","0","0","0","0","1","0","1","0","0","0","0","0","0","26","15","11","0","0","0","0","0","0","0","0","0","-2"
"139700","Georgia Highlands College","2018","Tenured, associate professors","37","18","19","0","0","0","1","1","0","2","2","0","0","0","0","0","0","0","34","15","19","0","0","0","0","0","0","0","0","0","-2"
"139700","Georgia Highlands College","2018","Tenured, assistant professors","5","4","1","0","0","0","0","0","0","0","0","0","0","0","0","0","0","0","5","4","1","0","0","0","0","0","0","0","0","0","-2"
"139700","Georgia Highlands College","2018","On-Tenure track total","33","6","27","0","0","0","2","1","1","7","0","7","0","0","0","0","0","0","24","5","19","0","0","0","0","0","0","0","0","0","-2"
"139700","Georgia Highlands College","2018","On-tenure track, associate professors","2","0","2","0","0","0","0","0","0","1","0","1","0","0","0","0","0","0","1","0","1","0","0","0","0","0","0","0","0","0","-2"
"139700","Georgia Highlands College","2018","On-tenure track, assistant professors","31","6","25","0","0","0","2","1","1","6","0","6","0","0","0","0","0","0","23","5","18","0","0","0","0","0","0","0","0","0","-2"
"139700","Georgia Highlands College","2018","Not on tenure track/No tenure system system total","42","19","23","1","1","0","4","3","1","5","2","3","2","1","1","0","0","0","30","12","18","0","0","0","0","0","0","0","0","0","-2"
"139700","Georgia Highlands College","2018","Not on tenure/no tenure system, instructors","42","19","23","1","1","0","4","3","1","5","2","3","2","1","1","0","0","0","30","12","18","0","0","0","0","0","0","0","0","0","-2"
"140252","Life University","2018","Not on tenure track/No tenure system system total","128","75","53","0","0","0","11","4","7","17","6","11","6","3","3","0","0","0","92","61","31","2","1","1","0","0","0","0","0","0","-2"
"140252","Life University","2018","Not on tenure/no tenure system, professors","20","15","5","0","0","0","2","1","1","1","1","0","0","0","0","0","0","0","17","13","4","0","0","0","0","0","0","0","0","0","-2"
"140252","Life University","2018","Not on tenure/no tenure system, associate professors","29","19","10","0","0","0","2","1","1","3","0","3","1","1","0","0","0","0","23","17","6","0","0","0","0","0","0","0","0","0","-2"
"140252","Life University","2018","Not on tenure/no tenure system, assistant professors","78","40","38","0","0","0","7","2","5","13","5","8","5","2","3","0","0","0","51","30","21","2","1","1","0","0","0","0","0","0","-2"
"140252","Life University","2018","Not on tenure/no tenure system, instructors","1","1","0","0","0","0","0","0","0","0","0","0","0","0","0","0","0","0","1","1","0","0","0","0","0","0","0","0","0","0","-2"
"141565","University of Hawaii at Hilo","2018","Tenured total","133","78","55","1","1","0","37","21","16","1","1","0","4","4","0","11","4","7","75","44","31","0","0","0","0","0","0","4","3","1","-2"
"141565","University of Hawaii at Hilo","2018","Tenured, professors","69","36","33","1","1","0","21","12","9","1","1","0","1","1","0","1","1","0","43","20","23","0","0","0","0","0","0","1","0","1","-2"
"141565","University of Hawaii at Hilo","2018","Tenured, associate professors","63","41","22","0","0","0","16","9","7","0","0","0","3","3","0","10","3","7","32","24","8","0","0","0","0","0","0","2","2","0","-2"
"141565","University of Hawaii at Hilo","2018","Tenured, assistant professors","1","1","0","0","0","0","0","0","0","0","0","0","0","0","0","0","0","0","0","0","0","0","0","0","0","0","0","1","1","0","-2"
"141565","University of Hawaii at Hilo","2018","On-Tenure track total","44","22","22","0","0","0","13","8","5","0","0","0","0","0","0","4","0","4","19","10","9","4","2","2","0","0","0","4","2","2","-2"
"141565","University of Hawaii at Hilo","2018","On-tenure track, associate professors","4","2","2","0","0","0","2","2","0","0","0","0","0","0","0","1","0","1","1","0","1","0","0","0","0","0","0","0","0","0","-2"
"141565","University of Hawaii at Hilo","2018","On-tenure track, assistant professors","40","20","20","0","0","0","11","6","5","0","0","0","0","0","0","3","0","3","18","10","8","4","2","2","0","0","0","4","2","2","-2"
"141565","University of Hawaii at Hilo","2018","Not on tenure track/No tenure system system total","29","7","22","0","0","0","5","0","5","1","0","1","1","0","1","1","0","1","19","7","12","1","0","1","0","0","0","1","0","1","-2"
"141565","University of Hawaii at Hilo","2018","Not on tenure/no tenure system, instructors","29","7","22","0","0","0","5","0","5","1","0","1","1","0","1","1","0","1","19","7","12","1","0","1","0","0","0","1","0","1","-2"
"141839","University of Hawaii Maui College","2018","Tenured total","48","23","25","0","0","0","10","3","7","1","1","0","0","0","0","5","4","1","29","13","16","1","0","1","0","0","0","2","2","0","-2"
"141839","University of Hawaii Maui College","2018","Tenured, professors","9","3","6","0","0","0","2","0","2","1","1","0","0","0","0","1","1","0","5","1","4","0","0","0","0","0","0","0","0","0","-2"
"141839","University of Hawaii Maui College","2018","Tenured, associate professors","19","5","14","0","0","0","5","1","4","0","0","0","0","0","0","3","2","1","10","1","9","0","0","0","0","0","0","1","1","0","-2"
"141839","University of Hawaii Maui College","2018","Tenured, assistant professors","20","15","5","0","0","0","3","2","1","0","0","0","0","0","0","1","1","0","14","11","3","1","0","1","0","0","0","1","1","0","-2"
"141839","University of Hawaii Maui College","2018","On-Tenure track total","28","12","16","0","0","0","4","1","3","0","0","0","0","0","0","2","1","1","18","7","11","3","2","1","0","0","0","1","1","0","-2"
"141839","University of Hawaii Maui College","2018","On-tenure track, instructors","28","12","16","0","0","0","4","1","3","0","0","0","0","0","0","2","1","1","18","7","11","3","2","1","0","0","0","1","1","0","-2"
"141839","University of Hawaii Maui College","2018","Not on tenure track/No tenure system system total","3","1","2","0","0","0","0","0","0","0","0","0","0","0","0","0","0","0","2","0","2","1","1","0","0","0","0","0","0","0","-2"
"141839","University of Hawaii Maui College","2018","Not on tenure/no tenure system, instructors","3","1","2","0","0","0","0","0","0","0","0","0","0","0","0","0","0","0","2","0","2","1","1","0","0","0","0","0","0","0","-2"
"142559","College of Southern Idaho","2018","Not on tenure track/No tenure system system total","136","66","70","0","0","0","3","0","3","0","0","0","4","1","3","0","0","0","127","64","63","2","1","1","0","0","0","0","0","0","-2"
"142559","College of Southern Idaho","2018","Not on tenure/no tenure system, professors","49","22","27","0","0","0","0","0","0","0","0","0","4","1","3","0","0","0","45","21","24","0","0","0","0","0","0","0","0","0","-2"
"142559","College of Southern Idaho","2018","Not on tenure/no tenure system, associate professors","26","10","16","0","0","0","0","0","0","0","0","0","0","0","0","0","0","0","26","10","16","0","0","0","0","0","0","0","0","0","-2"
"142559","College of Southern Idaho","2018","Not on tenure/no tenure system, assistant professors","26","13","13","0","0","0","1","0","1","0","0","0","0","0","0","0","0","0","25","13","12","0","0","0","0","0","0","0","0","0","-2"
"142559","College of Southern Idaho","2018","Not on tenure/no tenure system, instructors","35","21","14","0","0","0","2","0","2","0","0","0","0","0","0","0","0","0","31","20","11","2","1","1","0","0","0","0","0","0","-2"
"144281","Columbia College Chicago","2018","Tenured total","184","105","79","0","0","0","5","2","3","16","5","11","8","5","3","0","0","0","151","92","59","1","0","1","3","1","2","0","0","0","-2"
"144281","Columbia College Chicago","2018","Tenured, professors","32","23","9","0","0","0","1","0","1","3","2","1","1","1","0","0","0","0","26","19","7","0","0","0","1","1","0","0","0","0","-2"
"144281","Columbia College Chicago","2018","Tenured, associate professors","152","82","70","0","0","0","4","2","2","13","3","10","7","4","3","0","0","0","125","73","52","1","0","1","2","0","2","0","0","0","-2"
"144281","Columbia College Chicago","2018","On-Tenure track total","29","10","19","0","0","0","1","0","1","4","2","2","1","1","0","0","0","0","16","3","13","0","0","0","7","4","3","0","0","0","-2"
"144281","Columbia College Chicago","2018","On-tenure track, assistant professors","29","10","19","0","0","0","1","0","1","4","2","2","1","1","0","0","0","0","16","3","13","0","0","0","7","4","3","0","0","0","-2"
"144281","Columbia College Chicago","2018","Not on tenure track/No tenure system system total","61","32","29","0","0","0","2","0","2","6","2","4","1","1","0","0","0","0","48","28","20","0","0","0","4","1","3","0","0","0","-2"
"144281","Columbia College Chicago","2018","Not on tenure/no tenure system, lecturers","61","32","29","0","0","0","2","0","2","6","2","4","1","1","0","0","0","0","48","28","20","0","0","0","4","1","3","0","0","0","-2"
"144740","DePaul University","2018","Tenured total","557","314","243","2","1","1","35","21","14","41","21","20","38","16","22","0","0","0","353","202","151","6","3","3","32","20","12","50","30","20","-2"
"144740","DePaul University","2018","Tenured, professors","202","124","78","0","0","0","12","10","2","8","4","4","13","5","8","0","0","0","145","92","53","2","1","1","12","4","8","10","8","2","-2"
"144740","DePaul University","2018","Tenured, associate professors","353","188","165","2","1","1","23","11","12","33","17","16","25","11","14","0","0","0","207","109","98","4","2","2","19","15","4","40","22","18","-2"
"144740","DePaul University","2018","Tenured, assistant professors","2","2","0","0","0","0","0","0","0","0","0","0","0","0","0","0","0","0","1","1","0","0","0","0","1","1","0","0","0","0","-2"
"144740","DePaul University","2018","On-Tenure track total","139","62","77","0","0","0","9","4","5","13","3","10","12","5","7","0","0","0","78","37","41","1","0","1","15","7","8","11","6","5","-2"
"144740","DePaul University","2018","On-tenure track, professors","1","1","0","0","0","0","0","0","0","0","0","0","0","0","0","0","0","0","1","1","0","0","0","0","0","0","0","0","0","0","-2"
"144740","DePaul University","2018","On-tenure track, associate professors","4","1","3","0","0","0","0","0","0","0","0","0","1","0","1","0","0","0","3","1","2","0","0","0","0","0","0","0","0","0","-2"
"144740","DePaul University","2018","On-tenure track, assistant professors","134","60","74","0","0","0","9","4","5","13","3","10","11","5","6","0","0","0","74","35","39","1","0","1","15","7","8","11","6","5","-2"
"144740","DePaul University","2018","Not on tenure track/No tenure system system total","211","109","102","1","1","0","9","8","1","10","4","6","9","6","3","0","0","0","167","80","87","2","2","0","8","5","3","5","3","2","-2"
"144740","DePaul University","2018","Not on tenure/no tenure system, assistant professors","5","2","3","0","0","0","0","0","0","1","0","1","1","1","0","0","0","0","3","1","2","0","0","0","0","0","0","0","0","0","-2"
"144740","DePaul University","2018","Not on tenure/no tenure system, instructors","206","107","99","1","1","0","9","8","1","9","4","5","8","5","3","0","0","0","164","79","85","2","2","0","8","5","3","5","3","2","-2"
"144883","East-West University","2018","Not on tenure track/No tenure system system total","10","5","5","0","0","0","5","1","4","0","0","0","0","0","0","0","0","0","5","4","1","0","0","0","0","0","0","0","0","0","-2"
"144883","East-West University","2018","Not on tenure/no tenure system, associate professors","5","1","4","0","0","0","3","0","3","0","0","0","0","0","0","0","0","0","2","1","1","0","0","0","0","0","0","0","0","0","-2"
"144883","East-West University","2018","Not on tenure/no tenure system, assistant professors","5","4","1","0","0","0","2","1","1","0","0","0","0","0","0","0","0","0","3","3","0","0","0","0","0","0","0","0","0","0","-2"
"144962","Elmhurst University","2018","Tenured total","88","39","49","0","0","0","5","4","1","3","1","2","3","1","2","0","0","0","77","33","44","0","0","0","0","0","0","0","0","0","-2"
"144962","Elmhurst University","2018","Tenured, professors","54","25","29","0","0","0","4","3","1","1","1","0","1","0","1","0","0","0","48","21","27","0","0","0","0","0","0","0","0","0","-2"
"144962","Elmhurst University","2018","Tenured, associate professors","33","14","19","0","0","0","1","1","0","2","0","2","2","1","1","0","0","0","28","12","16","0","0","0","0","0","0","0","0","0","-2"
"144962","Elmhurst University","2018","Tenured, assistant professors","1","0","1","0","0","0","0","0","0","0","0","0","0","0","0","0","0","0","1","0","1","0","0","0","0","0","0","0","0","0","-2"
"144962","Elmhurst University","2018","On-Tenure track total","24","5","19","0","0","0","2","0","2","0","0","0","0","0","0","0","0","0","22","5","17","0","0","0","0","0","0","0","0","0","-2"
"144962","Elmhurst University","2018","On-tenure track, assistant professors","23","5","18","0","0","0","2","0","2","0","0","0","0","0","0","0","0","0","21","5","16","0","0","0","0","0","0","0","0","0","-2"
"144962","Elmhurst University","2018","On-tenure track, instructors","1","0","1","0","0","0","0","0","0","0","0","0","0","0","0","0","0","0","1","0","1","0","0","0","0","0","0","0","0","0","-2"
"144962","Elmhurst University","2018","Not on tenure track/No tenure system system total","42","14","28","0","0","0","2","1","1","2","0","2","2","1","1","0","0","0","36","12","24","0","0","0","0","0","0","0","0","0","-2"
"144962","Elmhurst University","2018","Not on tenure/no tenure system, associate professors","8","2","6","0","0","0","1","1","0","2","0","2","0","0","0","0","0","0","5","1","4","0","0","0","0","0","0","0","0","0","-2"
"144962","Elmhurst University","2018","Not on tenure/no tenure system, assistant professors","21","7","14","0","0","0","1","0","1","0","0","0","0","0","0","0","0","0","20","7","13","0","0","0","0","0","0","0","0","0","-2"
"144962","Elmhurst University","2018","Not on tenure/no tenure system, lecturers","11","4","7","0","0","0","0","0","0","0","0","0","2","1","1","0","0","0","9","3","6","0","0","0","0","0","0","0","0","0","-2"
"144962","Elmhurst University","2018","Not on tenure/no tenure system, no academic rank","2","1","1","0","0","0","0","0","0","0","0","0","0","0","0","0","0","0","2","1","1","0","0","0","0","0","0","0","0","0","-2"
"145336","Governors State University","2018","Tenured total","87","43","44","0","0","0","16","9","7","13","6","7","1","0","1","0","0","0","42","23","19","2","0","2","13","5","8","0","0","0","-2"
"145336","Governors State University","2018","Tenured, professors","30","15","15","0","0","0","4","2","2","4","1","3","0","0","0","0","0","0","16","9","7","1","0","1","5","3","2","0","0","0","-2"
"145336","Governors State University","2018","Tenured, associate professors","57","28","29","0","0","0","12","7","5","9","5","4","1","0","1","0","0","0","26","14","12","1","0","1","8","2","6","0","0","0","-2"
"145336","Governors State University","2018","On-Tenure track total","69","19","50","1","0","1","3","2","1","13","4","9","3","0","3","0","0","0","34","8","26","1","0","1","12","4","8","2","1","1","-2"
"145336","Governors State University","2018","On-tenure track, associate professors","9","2","7","0","0","0","1","0","1","2","1","1","0","0","0","0","0","0","5","1","4","1","0","1","0","0","0","0","0","0","-2"
"145336","Governors State University","2018","On-tenure track, assistant professors","59","17","42","1","0","1","2","2","0","10","3","7","3","0","3","0","0","0","29","7","22","0","0","0","12","4","8","2","1","1","-2"
"145336","Governors State University","2018","On-tenure track, instructors","1","0","1","0","0","0","0","0","0","1","0","1","0","0","0","0","0","0","0","0","0","0","0","0","0","0","0","0","0","0","-2"
"145336","Governors State University","2018","Not on tenure track/No tenure system system total","69","28","41","0","0","0","4","1","3","12","4","8","0","0","0","0","0","0","43","19","24","1","1","0","9","3","6","0","0","0","-2"
"145336","Governors State University","2018","Not on tenure/no tenure system, lecturers","58","25","33","0","0","0","3","1","2","11","4","7","0","0","0","0","0","0","36","16","20","1","1","0","7","3","4","0","0","0","-2"
"145336","Governors State University","2018","Not on tenure/no tenure system, no academic rank","11","3","8","0","0","0","1","0","1","1","0","1","0","0","0","0","0","0","7","3","4","0","0","0","2","0","2","0","0","0","-2"
"145619","Benedictine University","2018","Tenured total","74","38","36","0","0","0","7","3","4","3","1","2","1","1","0","0","0","0","61","32","29","0","0","0","2","1","1","0","0","0","-2"
"145619","Benedictine University","2018","Tenured, professors","48","28","20","0","0","0","5","3","2","2","1","1","0","0","0","0","0","0","40","24","16","0","0","0","1","0","1","0","0","0","-2"
"145619","Benedictine University","2018","Tenured, associate professors","26","10","16","0","0","0","2","0","2","1","0","1","1","1","0","0","0","0","21","8","13","0","0","0","1","1","0","0","0","0","-2"
"145619","Benedictine University","2018","On-Tenure track total","38","14","24","0","0","0","4","2","2","1","0","1","1","0","1","0","0","0","32","12","20","0","0","0","0","0","0","0","0","0","-2"
"145619","Benedictine University","2018","On-tenure track, associate professors","4","1","3","0","0","0","0","0","0","0","0","0","0","0","0","0","0","0","4","1","3","0","0","0","0","0","0","0","0","0","-2"
"145619","Benedictine University","2018","On-tenure track, assistant professors","34","13","21","0","0","0","4","2","2","1","0","1","1","0","1","0","0","0","28","11","17","0","0","0","0","0","0","0","0","0","-2"
"145619","Benedictine University","2018","Not on tenure track/No tenure system system total","38","18","20","0","0","0","2","1","1","0","0","0","1","1","0","0","0","0","34","15","19","0","0","0","1","1","0","0","0","0","-2"
"145619","Benedictine University","2018","Not on tenure/no tenure system, associate professors","1","0","1","0","0","0","0","0","0","0","0","0","0","0","0","0","0","0","1","0","1","0","0","0","0","0","0","0","0","0","-2"
"145619","Benedictine University","2018","Not on tenure/no tenure system, assistant professors","25","12","13","0","0","0","2","1","1","0","0","0","1","1","0","0","0","0","22","10","12","0","0","0","0","0","0","0","0","0","-2"
"145619","Benedictine University","2018","Not on tenure/no tenure system, instructors","12","6","6","0","0","0","0","0","0","0","0","0","0","0","0","0","0","0","11","5","6","0","0","0","1","1","0","0","0","0","-2"
"145725","Illinois Institute of Technology","2018","Tenured total","213","172","41","2","2","0","47","39","8","4","2","2","5","4","1","1","1","0","132","106","26","0","0","0","4","3","1","18","15","3","-2"
"145725","Illinois Institute of Technology","2018","Tenured, professors","128","108","20","1","1","0","30","26","4","3","2","1","1","1","0","0","0","0","85","71","14","0","0","0","1","1","0","7","6","1","-2"
"145725","Illinois Institute of Technology","2018","Tenured, associate professors","85","64","21","1","1","0","17","13","4","1","0","1","4","3","1","1","1","0","47","35","12","0","0","0","3","2","1","11","9","2","-2"
"145725","Illinois Institute of Technology","2018","On-Tenure track total","60","39","21","2","0","2","11","6","5","2","1","1","2","2","0","1","0","1","21","13","8","0","0","0","11","10","1","10","7","3","-2"
"145725","Illinois Institute of Technology","2018","On-tenure track, associate professors","6","1","5","0","0","0","1","0","1","1","0","1","0","0","0","0","0","0","4","1","3","0","0","0","0","0","0","0","0","0","-2"
"145725","Illinois Institute of Technology","2018","On-tenure track, assistant professors","54","38","16","2","0","2","10","6","4","1","1","0","2","2","0","1","0","1","17","12","5","0","0","0","11","10","1","10","7","3","-2"
"145725","Illinois Institute of Technology","2018","Not on tenure track/No tenure system system total","139","86","53","2","2","0","10","5","5","2","0","2","1","0","1","0","0","0","84","56","28","0","0","0","20","11","9","20","12","8","-2"
"145725","Illinois Institute of Technology","2018","Not on tenure/no tenure system, professors","30","20","10","2","2","0","3","1","2","0","0","0","1","0","1","0","0","0","23","16","7","0","0","0","1","1","0","0","0","0","-2"
"145725","Illinois Institute of Technology","2018","Not on tenure/no tenure system, associate professors","21","16","5","0","0","0","0","0","0","0","0","0","0","0","0","0","0","0","19","14","5","0","0","0","0","0","0","2","2","0","-2"
"145725","Illinois Institute of Technology","2018","Not on tenure/no tenure system, assistant professors","24","14","10","0","0","0","1","0","1","1","0","1","0","0","0","0","0","0","6","3","3","0","0","0","9","6","3","7","5","2","-2"
"145725","Illinois Institute of Technology","2018","Not on tenure/no tenure system, instructors","9","4","5","0","0","0","0","0","0","0","0","0","0","0","0","0","0","0","7","3","4","0","0","0","1","0","1","1","1","0","-2"
"145725","Illinois Institute of Technology","2018","Not on tenure/no tenure system, lecturers","48","29","19","0","0","0","5","3","2","1","0","1","0","0","0","0","0","0","29","20","9","0","0","0","7","3","4","6","3","3","-2"
"145725","Illinois Institute of Technology","2018","Not on tenure/no tenure system, no academic rank","7","3","4","0","0","0","1","1","0","0","0","0","0","0","0","0","0","0","0","0","0","0","0","0","2","1","1","4","1","3","-2"
"146339","Judson University","2018","Tenured total","31","19","12","0","0","0","3","1","2","0","0","0","0","0","0","0","0","0","28","18","10","0","0","0","0","0","0","0","0","0","-2"
"146339","Judson University","2018","Tenured, professors","26","17","9","0","0","0","3","1","2","0","0","0","0","0","0","0","0","0","23","16","7","0","0","0","0","0","0","0","0","0","-2"
"146339","Judson University","2018","Tenured, associate professors","5","2","3","0","0","0","0","0","0","0","0","0","0","0","0","0","0","0","5","2","3","0","0","0","0","0","0","0","0","0","-2"
"146339","Judson University","2018","On-Tenure track total","4","3","1","0","0","0","0","0","0","0","0","0","0","0","0","0","0","0","4","3","1","0","0","0","0","0","0","0","0","0","-2"
"146339","Judson University","2018","On-tenure track, associate professors","2","1","1","0","0","0","0","0","0","0","0","0","0","0","0","0","0","0","2","1","1","0","0","0","0","0","0","0","0","0","-2"
"146339","Judson University","2018","On-tenure track, assistant professors","2","2","0","0","0","0","0","0","0","0","0","0","0","0","0","0","0","0","2","2","0","0","0","0","0","0","0","0","0","0","-2"
"146339","Judson University","2018","Not on tenure track/No tenure system system total","22","7","15","0","0","0","3","1","2","2","0","2","0","0","0","0","0","0","16","6","10","0","0","0","0","0","0","1","0","1","-2"
"146339","Judson University","2018","Not on tenure/no tenure system, professors","2","0","2","0","0","0","1","0","1","1","0","1","0","0","0","0","0","0","0","0","0","0","0","0","0","0","0","0","0","0","-2"
"146339","Judson University","2018","Not on tenure/no tenure system, associate professors","7","2","5","0","0","0","0","0","0","0","0","0","0","0","0","0","0","0","7","2","5","0","0","0","0","0","0","0","0","0","-2"
"146339","Judson University","2018","Not on tenure/no tenure system, assistant professors","13","5","8","0","0","0","2","1","1","1","0","1","0","0","0","0","0","0","9","4","5","0","0","0","0","0","0","1","0","1","-2"
"146612","Lewis University","2018","Tenured total","79","43","36","0","0","0","4","3","1","3","1","2","1","0","1","0","0","0","71","39","32","0","0","0","0","0","0","0","0","0","-2"
"146612","Lewis University","2018","Tenured, professors","51","32","19","0","0","0","3","2","1","2","1","1","0","0","0","0","0","0","46","29","17","0","0","0","0","0","0","0","0","0","-2"
"146612","Lewis University","2018","Tenured, associate professors","28","11","17","0","0","0","1","1","0","1","0","1","1","0","1","0","0","0","25","10","15","0","0","0","0","0","0","0","0","0","-2"
"146612","Lewis University","2018","On-Tenure track total","54","30","24","0","0","0","5","3","2","3","3","0","4","1","3","0","0","0","41","23","18","0","0","0","0","0","0","1","0","1","-2"
"146612","Lewis University","2018","On-tenure track, professors","1","1","0","0","0","0","0","0","0","0","0","0","0","0","0","0","0","0","1","1","0","0","0","0","0","0","0","0","0","0","-2"
"146612","Lewis University","2018","On-tenure track, associate professors","16","8","8","0","0","0","2","2","0","2","2","0","1","0","1","0","0","0","11","4","7","0","0","0","0","0","0","0","0","0","-2"
"146612","Lewis University","2018","On-tenure track, assistant professors","37","21","16","0","0","0","3","1","2","1","1","0","3","1","2","0","0","0","29","18","11","0","0","0","0","0","0","1","0","1","-2"
"146612","Lewis University","2018","Not on tenure track/No tenure system system total","95","44","51","0","0","0","4","1","3","9","3","6","2","0","2","0","0","0","80","40","40","0","0","0","0","0","0","0","0","0","-2"
"146612","Lewis University","2018","Not on tenure/no tenure system, professors","1","1","0","0","0","0","0","0","0","0","0","0","0","0","0","0","0","0","1","1","0","0","0","0","0","0","0","0","0","0","-2"
"146612","Lewis University","2018","Not on tenure/no tenure system, associate professors","17","10","7","0","0","0","1","0","1","4","1","3","0","0","0","0","0","0","12","9","3","0","0","0","0","0","0","0","0","0","-2"
"146612","Lewis University","2018","Not on tenure/no tenure system, assistant professors","61","26","35","0","0","0","3","1","2","5","2","3","1","0","1","0","0","0","52","23","29","0","0","0","0","0","0","0","0","0","-2"
"146612","Lewis University","2018","Not on tenure/no tenure system, instructors","16","7","9","0","0","0","0","0","0","0","0","0","1","0","1","0","0","0","15","7","8","0","0","0","0","0","0","0","0","0","-2"
"146719","Loyola University Chicago","2018","Tenured total","438","269","169","0","0","0","33","24","9","16","8","8","19","11","8","1","0","1","360","223","137","5","1","4","2","1","1","2","1","1","-2"
"146719","Loyola University Chicago","2018","Tenured, professors","220","152","68","0","0","0","14","12","2","1","1","0","14","11","3","1","0","1","186","127","59","3","0","3","1","1","0","0","0","0","-2"
"146719","Loyola University Chicago","2018","Tenured, associate professors","210","111","99","0","0","0","17","10","7","14","7","7","5","0","5","0","0","0","170","92","78","2","1","1","1","0","1","1","1","0","-2"
"146719","Loyola University Chicago","2018","Tenured, assistant professors","8","6","2","0","0","0","2","2","0","1","0","1","0","0","0","0","0","0","4","4","0","0","0","0","0","0","0","1","0","1","-2"
"146719","Loyola University Chicago","2018","On-Tenure track total","143","71","72","0","0","0","16","6","10","8","4","4","6","3","3","0","0","0","95","50","45","0","0","0","2","1","1","16","7","9","-2"
"146719","Loyola University Chicago","2018","On-tenure track, professors","3","1","2","0","0","0","1","0","1","0","0","0","0","0","0","0","0","0","1","0","1","0","0","0","0","0","0","1","1","0","-2"
"146719","Loyola University Chicago","2018","On-tenure track, associate professors","5","3","2","0","0","0","0","0","0","0","0","0","0","0","0","0","0","0","5","3","2","0","0","0","0","0","0","0","0","0","-2"
"146719","Loyola University Chicago","2018","On-tenure track, assistant professors","132","65","67","0","0","0","15","6","9","8","4","4","6","3","3","0","0","0","86","45","41","0","0","0","2","1","1","15","6","9","-2"
"146719","Loyola University Chicago","2018","On-tenure track, instructors","3","2","1","0","0","0","0","0","0","0","0","0","0","0","0","0","0","0","3","2","1","0","0","0","0","0","0","0","0","0","-2"
"146719","Loyola University Chicago","2018","Not on tenure track/No tenure system system total","361","151","210","0","0","0","23","10","13","20","5","15","20","11","9","2","0","2","290","123","167","3","1","2","1","0","1","2","1","1","-2"
"146719","Loyola University Chicago","2018","Not on tenure/no tenure system, instructors","361","151","210","0","0","0","23","10","13","20","5","15","20","11","9","2","0","2","290","123","167","3","1","2","1","0","1","2","1","1","-2"
"147660","North Central College","2018","Tenured total","65","40","25","0","0","0","4","2","2","1","0","1","1","1","0","0","0","0","56","37","19","0","0","0","0","0","0","3","0","3","-2"
"147660","North Central College","2018","Tenured, professors","32","22","10","0","0","0","2","1","1","0","0","0","0","0","0","0","0","0","30","21","9","0","0","0","0","0","0","0","0","0","-2"
"147660","North Central College","2018","Tenured, associate professors","33","18","15","0","0","0","2","1","1","1","0","1","1","1","0","0","0","0","26","16","10","0","0","0","0","0","0","3","0","3","-2"
"147660","North Central College","2018","On-Tenure track total","38","16","22","0","0","0","2","0","2","1","1","0","2","1","1","0","0","0","26","13","13","2","0","2","1","0","1","4","1","3","-2"
"147660","North Central College","2018","On-tenure track, professors","2","2","0","0","0","0","0","0","0","0","0","0","0","0","0","0","0","0","2","2","0","0","0","0","0","0","0","0","0","0","-2"
"147660","North Central College","2018","On-tenure track, associate professors","4","2","2","0","0","0","0","0","0","0","0","0","0","0","0","0","0","0","4","2","2","0","0","0","0","0","0","0","0","0","-2"
"147660","North Central College","2018","On-tenure track, assistant professors","32","12","20","0","0","0","2","0","2","1","1","0","2","1","1","0","0","0","20","9","11","2","0","2","1","0","1","4","1","3","-2"
"147660","North Central College","2018","Not on tenure track/No tenure system system total","46","20","26","0","0","0","3","1","2","0","0","0","2","1","1","0","0","0","39","16","23","0","0","0","0","0","0","2","2","0","-2"
"147660","North Central College","2018","Not on tenure/no tenure system, professors","5","4","1","0","0","0","0","0","0","0","0","0","0","0","0","0","0","0","5","4","1","0","0","0","0","0","0","0","0","0","-2"
"147660","North Central College","2018","Not on tenure/no tenure system, associate professors","8","2","6","0","0","0","0","0","0","0","0","0","0","0","0","0","0","0","8","2","6","0","0","0","0","0","0","0","0","0","-2"
"147660","North Central College","2018","Not on tenure/no tenure system, assistant professors","31","12","19","0","0","0","2","0","2","0","0","0","2","1","1","0","0","0","25","9","16","0","0","0","0","0","0","2","2","0","-2"
"147660","North Central College","2018","Not on tenure/no tenure system, instructors","2","2","0","0","0","0","1","1","0","0","0","0","0","0","0","0","0","0","1","1","0","0","0","0","0","0","0","0","0","0","-2"
"148405","Rockford University","2018","Tenured total","34","16","18","0","0","0","0","0","0","0","0","0","1","1","0","0","0","0","32","14","18","1","1","0","0","0","0","0","0","0","-2"
"148405","Rockford University","2018","Tenured, professors","13","6","7","0","0","0","0","0","0","0","0","0","0","0","0","0","0","0","12","5","7","1","1","0","0","0","0","0","0","0","-2"
"148405","Rockford University","2018","Tenured, associate professors","14","10","4","0","0","0","0","0","0","0","0","0","1","1","0","0","0","0","13","9","4","0","0","0","0","0","0","0","0","0","-2"
"148405","Rockford University","2018","Tenured, assistant professors","7","0","7","0","0","0","0","0","0","0","0","0","0","0","0","0","0","0","7","0","7","0","0","0","0","0","0","0","0","0","-2"
"148405","Rockford University","2018","On-Tenure track total","23","11","12","0","0","0","1","1","0","1","0","1","1","0","1","0","0","0","17","8","9","1","1","0","0","0","0","2","1","1","-2"
"148405","Rockford University","2018","On-tenure track, associate professors","6","5","1","0","0","0","0","0","0","0","0","0","0","0","0","0","0","0","4","4","0","0","0","0","0","0","0","2","1","1","-2"
"148405","Rockford University","2018","On-tenure track, assistant professors","17","6","11","0","0","0","1","1","0","1","0","1","1","0","1","0","0","0","13","4","9","1","1","0","0","0","0","0","0","0","-2"
"148405","Rockford University","2018","Not on tenure track/No tenure system system total","15","3","12","0","0","0","0","0","0","1","1","0","0","0","0","0","0","0","13","1","12","0","0","0","0","0","0","1","1","0","-2"
"148405","Rockford University","2018","Not on tenure/no tenure system, associate professors","1","0","1","0","0","0","0","0","0","0","0","0","0","0","0","0","0","0","1","0","1","0","0","0","0","0","0","0","0","0","-2"
"148405","Rockford University","2018","Not on tenure/no tenure system, assistant professors","14","3","11","0","0","0","0","0","0","1","1","0","0","0","0","0","0","0","12","1","11","0","0","0","0","0","0","1","1","0","-2"
"148584","University of St Francis","2018","Tenured total","40","19","21","0","0","0","2","0","2","2","1","1","1","0","1","0","0","0","35","18","17","0","0","0","0","0","0","0","0","0","-2"
"148584","University of St Francis","2018","Tenured, professors","19","10","9","0","0","0","1","0","1","0","0","0","0","0","0","0","0","0","18","10","8","0","0","0","0","0","0","0","0","0","-2"
"148584","University of St Francis","2018","Tenured, associate professors","20","9","11","0","0","0","1","0","1","2","1","1","1","0","1","0","0","0","16","8","8","0","0","0","0","0","0","0","0","0","-2"
"148584","University of St Francis","2018","Tenured, assistant professors","1","0","1","0","0","0","0","0","0","0","0","0","0","0","0","0","0","0","1","0","1","0","0","0","0","0","0","0","0","0","-2"
"148584","University of St Francis","2018","On-Tenure track total","25","5","20","0","0","0","1","0","1","3","0","3","1","0","1","0","0","0","20","5","15","0","0","0","0","0","0","0","0","0","-2"
"148584","University of St Francis","2018","On-tenure track, associate professors","1","0","1","0","0","0","1","0","1","0","0","0","0","0","0","0","0","0","0","0","0","0","0","0","0","0","0","0","0","0","-2"
"148584","University of St Francis","2018","On-tenure track, assistant professors","24","5","19","0","0","0","0","0","0","3","0","3","1","0","1","0","0","0","20","5","15","0","0","0","0","0","0","0","0","0","-2"
"148584","University of St Francis","2018","Not on tenure track/No tenure system system total","37","12","25","0","0","0","1","1","0","3","0","3","3","1","2","0","0","0","30","10","20","0","0","0","0","0","0","0","0","0","-2"
"148584","University of St Francis","2018","Not on tenure/no tenure system, professors","5","4","1","0","0","0","0","0","0","0","0","0","1","1","0","0","0","0","4","3","1","0","0","0","0","0","0","0","0","0","-2"
"148584","University of St Francis","2018","Not on tenure/no tenure system, assistant professors","10","1","9","0","0","0","0","0","0","2","0","2","0","0","0","0","0","0","8","1","7","0","0","0","0","0","0","0","0","0","-2"
"148584","University of St Francis","2018","Not on tenure/no tenure system, instructors","22","7","15","0","0","0","1","1","0","1","0","1","2","0","2","0","0","0","18","6","12","0","0","0","0","0","0","0","0","0","-2"
"149763","Resurrection University","2018","Not on tenure track/No tenure system system total","55","5","50","0","0","0","4","1","3","10","0","10","1","0","1","0","0","0","39","4","35","1","0","1","0","0","0","0","0","0","-2"
"149763","Resurrection University","2018","Not on tenure/no tenure system, associate professors","8","0","8","0","0","0","1","0","1","0","0","0","0","0","0","0","0","0","7","0","7","0","0","0","0","0","0","0","0","0","-2"
"149763","Resurrection University","2018","Not on tenure/no tenure system, assistant professors","23","1","22","0","0","0","2","0","2","5","0","5","0","0","0","0","0","0","15","1","14","1","0","1","0","0","0","0","0","0","-2"
"149763","Resurrection University","2018","Not on tenure/no tenure system, instructors","24","4","20","0","0","0","1","1","0","5","0","5","1","0","1","0","0","0","17","3","14","0","0","0","0","0","0","0","0","0","-2"
"150668","Goshen College","2018","Tenured total","29","16","13","0","0","0","0","0","0","0","0","0","0","0","0","0","0","0","28","15","13","1","1","0","0","0","0","0","0","0","-2"
"150668","Goshen College","2018","Tenured, professors","28","15","13","0","0","0","0","0","0","0","0","0","0","0","0","0","0","0","28","15","13","0","0","0","0","0","0","0","0","0","-2"
"150668","Goshen College","2018","Tenured, associate professors","1","1","0","0","0","0","0","0","0","0","0","0","0","0","0","0","0","0","0","0","0","1","1","0","0","0","0","0","0","0","-2"
"150668","Goshen College","2018","On-Tenure track total","10","7","3","0","0","0","0","0","0","0","0","0","1","1","0","0","0","0","9","6","3","0","0","0","0","0","0","0","0","0","-2"
"150668","Goshen College","2018","On-tenure track, professors","2","2","0","0","0","0","0","0","0","0","0","0","0","0","0","0","0","0","2","2","0","0","0","0","0","0","0","0","0","0","-2"
"150668","Goshen College","2018","On-tenure track, associate professors","7","4","3","0","0","0","0","0","0","0","0","0","1","1","0","0","0","0","6","3","3","0","0","0","0","0","0","0","0","0","-2"
"150668","Goshen College","2018","On-tenure track, assistant professors","1","1","0","0","0","0","0","0","0","0","0","0","0","0","0","0","0","0","1","1","0","0","0","0","0","0","0","0","0","0","-2"
"150668","Goshen College","2018","Not on tenure track/No tenure system system total","24","6","18","0","0","0","0","0","0","1","0","1","1","0","1","0","0","0","20","5","15","1","0","1","1","1","0","0","0","0","-2"
"150668","Goshen College","2018","Not on tenure/no tenure system, professors","3","0","3","0","0","0","0","0","0","0","0","0","0","0","0","0","0","0","3","0","3","0","0","0","0","0","0","0","0","0","-2"
"150668","Goshen College","2018","Not on tenure/no tenure system, associate professors","11","2","9","0","0","0","0","0","0","1","0","1","0","0","0","0","0","0","9","2","7","1","0","1","0","0","0","0","0","0","-2"
"150668","Goshen College","2018","Not on tenure/no tenure system, assistant professors","9","3","6","0","0","0","0","0","0","0","0","0","1","0","1","0","0","0","7","2","5","0","0","0","1","1","0","0","0","0","-2"
"150668","Goshen College","2018","Not on tenure/no tenure system, instructors","1","1","0","0","0","0","0","0","0","0","0","0","0","0","0","0","0","0","1","1","0","0","0","0","0","0","0","0","0","0","-2"
"150774","Holy Cross College","2018","Tenured total","4","2","2","0","0","0","0","0","0","0","0","0","1","1","0","0","0","0","3","1","2","0","0","0","0","0","0","0","0","0","-2"
"150774","Holy Cross College","2018","Tenured, professors","2","1","1","0","0","0","0","0","0","0","0","0","0","0","0","0","0","0","2","1","1","0","0","0","0","0","0","0","0","0","-2"
"150774","Holy Cross College","2018","Tenured, associate professors","2","1","1","0","0","0","0","0","0","0","0","0","1","1","0","0","0","0","1","0","1","0","0","0","0","0","0","0","0","0","-2"
"150774","Holy Cross College","2018","On-Tenure track total","9","5","4","0","0","0","0","0","0","1","1","0","1","1","0","0","0","0","6","3","3","1","0","1","0","0","0","0","0","0","-2"
"150774","Holy Cross College","2018","On-tenure track, associate professors","6","4","2","0","0","0","0","0","0","1","1","0","1","1","0","0","0","0","4","2","2","0","0","0","0","0","0","0","0","0","-2"
"150774","Holy Cross College","2018","On-tenure track, assistant professors","3","1","2","0","0","0","0","0","0","0","0","0","0","0","0","0","0","0","2","1","1","1","0","1","0","0","0","0","0","0","-2"
"150774","Holy Cross College","2018","Not on tenure track/No tenure system system total","3","1","2","0","0","0","0","0","0","0","0","0","1","1","0","0","0","0","1","0","1","1","0","1","0","0","0","0","0","0","-2"
"150774","Holy Cross College","2018","Not on tenure/no tenure system, assistant professors","1","1","0","0","0","0","0","0","0","0","0","0","1","1","0","0","0","0","0","0","0","0","0","0","0","0","0","0","0","0","-2"
"150774","Holy Cross College","2018","Not on tenure/no tenure system, instructors","2","0","2","0","0","0","0","0","0","0","0","0","0","0","0","0","0","0","1","0","1","1","0","1","0","0","0","0","0","0","-2"
"152637","Vincennes University","2018","Tenured total","45","21","24","0","0","0","1","1","0","1","1","0","0","0","0","0","0","0","42","19","23","0","0","0","0","0","0","1","0","1","-2"
"152637","Vincennes University","2018","Tenured, professors","23","8","15","0","0","0","1","1","0","0","0","0","0","0","0","0","0","0","22","7","15","0","0","0","0","0","0","0","0","0","-2"
"152637","Vincennes University","2018","Tenured, associate professors","20","11","9","0","0","0","0","0","0","1","1","0","0","0","0","0","0","0","18","10","8","0","0","0","0","0","0","1","0","1","-2"
"152637","Vincennes University","2018","Tenured, assistant professors","1","1","0","0","0","0","0","0","0","0","0","0","0","0","0","0","0","0","1","1","0","0","0","0","0","0","0","0","0","0","-2"
"152637","Vincennes University","2018","Tenured, instructors","1","1","0","0","0","0","0","0","0","0","0","0","0","0","0","0","0","0","1","1","0","0","0","0","0","0","0","0","0","0","-2"
"152637","Vincennes University","2018","On-Tenure track total","13","8","5","1","0","1","0","0","0","0","0","0","0","0","0","0","0","0","12","8","4","0","0","0","0","0","0","0","0","0","-2"
"152637","Vincennes University","2018","On-tenure track, associate professors","8","5","3","1","0","1","0","0","0","0","0","0","0","0","0","0","0","0","7","5","2","0","0","0","0","0","0","0","0","0","-2"
"152637","Vincennes University","2018","On-tenure track, assistant professors","5","3","2","0","0","0","0","0","0","0","0","0","0","0","0","0","0","0","5","3","2","0","0","0","0","0","0","0","0","0","-2"
"152637","Vincennes University","2018","Not on tenure track/No tenure system system total","122","60","62","1","0","1","0","0","0","3","2","1","1","0","1","0","0","0","109","52","57","1","0","1","1","1","0","6","5","1","-2"
"152637","Vincennes University","2018","Not on tenure/no tenure system, professors","3","1","2","0","0","0","0","0","0","0","0","0","0","0","0","0","0","0","2","0","2","0","0","0","0","0","0","1","1","0","-2"
"152637","Vincennes University","2018","Not on tenure/no tenure system, associate professors","20","10","10","1","0","1","0","0","0","1","1","0","0","0","0","0","0","0","18","9","9","0","0","0","0","0","0","0","0","0","-2"
"152637","Vincennes University","2018","Not on tenure/no tenure system, assistant professors","74","26","48","0","0","0","0","0","0","2","1","1","0","0","0","0","0","0","65","20","45","1","0","1","1","1","0","5","4","1","-2"
"152637","Vincennes University","2018","Not on tenure/no tenure system, instructors","25","23","2","0","0","0","0","0","0","0","0","0","1","0","1","0","0","0","24","23","1","0","0","0","0","0","0","0","0","0","-2"
"152992","Briar Cliff University","2018","Tenured total","37","22","15","2","2","0","0","0","0","0","0","0","1","0","1","0","0","0","34","20","14","0","0","0","0","0","0","0","0","0","-2"
"152992","Briar Cliff University","2018","Tenured, professors","16","10","6","0","0","0","0","0","0","0","0","0","0","0","0","0","0","0","16","10","6","0","0","0","0","0","0","0","0","0","-2"
"152992","Briar Cliff University","2018","Tenured, associate professors","13","6","7","0","0","0","0","0","0","0","0","0","1","0","1","0","0","0","12","6","6","0","0","0","0","0","0","0","0","0","-2"
"152992","Briar Cliff University","2018","Tenured, assistant professors","7","5","2","2","2","0","0","0","0","0","0","0","0","0","0","0","0","0","5","3","2","0","0","0","0","0","0","0","0","0","-2"
"152992","Briar Cliff University","2018","Tenured, instructors","1","1","0","0","0","0","0","0","0","0","0","0","0","0","0","0","0","0","1","1","0","0","0","0","0","0","0","0","0","0","-2"
"152992","Briar Cliff University","2018","On-Tenure track total","34","17","17","0","0","0","1","1","0","0","0","0","2","1","1","0","0","0","31","15","16","0","0","0","0","0","0","0","0","0","-2"
"152992","Briar Cliff University","2018","On-tenure track, professors","2","2","0","0","0","0","0","0","0","0","0","0","0","0","0","0","0","0","2","2","0","0","0","0","0","0","0","0","0","0","-2"
"152992","Briar Cliff University","2018","On-tenure track, associate professors","4","4","0","0","0","0","0","0","0","0","0","0","1","1","0","0","0","0","3","3","0","0","0","0","0","0","0","0","0","0","-2"
"152992","Briar Cliff University","2018","On-tenure track, assistant professors","27","11","16","0","0","0","1","1","0","0","0","0","1","0","1","0","0","0","25","10","15","0","0","0","0","0","0","0","0","0","-2"
"152992","Briar Cliff University","2018","On-tenure track, instructors","1","0","1","0","0","0","0","0","0","0","0","0","0","0","0","0","0","0","1","0","1","0","0","0","0","0","0","0","0","0","-2"
"152992","Briar Cliff University","2018","Not on tenure track/No tenure system system total","2","0","2","0","0","0","0","0","0","0","0","0","0","0","0","0","0","0","2","0","2","0","0","0","0","0","0","0","0","0","-2"
"152992","Briar Cliff University","2018","Not on tenure/no tenure system, instructors","1","0","1","0","0","0","0","0","0","0","0","0","0","0","0","0","0","0","1","0","1","0","0","0","0","0","0","0","0","0","-2"
"152992","Briar Cliff University","2018","Not on tenure/no tenure system, no academic rank","1","0","1","0","0","0","0","0","0","0","0","0","0","0","0","0","0","0","1","0","1","0","0","0","0","0","0","0","0","0","-2"
"154721","Bethany College","2018","Tenured total","16","10","6","0","0","0","0","0","0","1","0","1","0","0","0","0","0","0","15","10","5","0","0","0","0","0","0","0","0","0","-2"
"154721","Bethany College","2018","Tenured, professors","7","4","3","0","0","0","0","0","0","0","0","0","0","0","0","0","0","0","7","4","3","0","0","0","0","0","0","0","0","0","-2"
"154721","Bethany College","2018","Tenured, associate professors","8","6","2","0","0","0","0","0","0","0","0","0","0","0","0","0","0","0","8","6","2","0","0","0","0","0","0","0","0","0","-2"
"154721","Bethany College","2018","Tenured, assistant professors","1","0","1","0","0","0","0","0","0","1","0","1","0","0","0","0","0","0","0","0","0","0","0","0","0","0","0","0","0","0","-2"
"154721","Bethany College","2018","On-Tenure track total","23","13","10","0","0","0","1","1","0","0","0","0","0","0","0","0","0","0","22","12","10","0","0","0","0","0","0","0","0","0","-2"
"154721","Bethany College","2018","On-tenure track, associate professors","3","3","0","0","0","0","0","0","0","0","0","0","0","0","0","0","0","0","3","3","0","0","0","0","0","0","0","0","0","0","-2"
"154721","Bethany College","2018","On-tenure track, assistant professors","20","10","10","0","0","0","1","1","0","0","0","0","0","0","0","0","0","0","19","9","10","0","0","0","0","0","0","0","0","0","-2"
"154721","Bethany College","2018","Not on tenure track/No tenure system system total","2","1","1","0","0","0","0","0","0","0","0","0","0","0","0","1","1","0","1","0","1","0","0","0","0","0","0","0","0","0","-2"
"154721","Bethany College","2018","Not on tenure/no tenure system, assistant professors","1","1","0","0","0","0","0","0","0","0","0","0","0","0","0","1","1","0","0","0","0","0","0","0","0","0","0","0","0","0","-2"
"154721","Bethany College","2018","Not on tenure/no tenure system, no academic rank","1","0","1","0","0","0","0","0","0","0","0","0","0","0","0","0","0","0","1","0","1","0","0","0","0","0","0","0","0","0","-2"
"155414","Kansas Wesleyan University","2018","Tenured total","20","14","6","0","0","0","1","1","0","1","1","0","0","0","0","0","0","0","18","12","6","0","0","0","0","0","0","0","0","0","-2"
"155414","Kansas Wesleyan University","2018","Tenured, professors","8","6","2","0","0","0","0","0","0","0","0","0","0","0","0","0","0","0","8","6","2","0","0","0","0","0","0","0","0","0","-2"
"155414","Kansas Wesleyan University","2018","Tenured, associate professors","12","8","4","0","0","0","1","1","0","1","1","0","0","0","0","0","0","0","10","6","4","0","0","0","0","0","0","0","0","0","-2"
"155414","Kansas Wesleyan University","2018","On-Tenure track total","19","7","12","0","0","0","0","0","0","1","1","0","0","0","0","0","0","0","17","6","11","0","0","0","1","0","1","0","0","0","-2"
"155414","Kansas Wesleyan University","2018","On-tenure track, assistant professors","19","7","12","0","0","0","0","0","0","1","1","0","0","0","0","0","0","0","17","6","11","0","0","0","1","0","1","0","0","0","-2"
"155414","Kansas Wesleyan University","2018","Not on tenure track/No tenure system system total","8","3","5","0","0","0","0","0","0","0","0","0","0","0","0","0","0","0","7","2","5","0","0","0","1","1","0","0","0","0","-2"
"155414","Kansas Wesleyan University","2018","Not on tenure/no tenure system, associate professors","1","1","0","0","0","0","0","0","0","0","0","0","0","0","0","0","0","0","1","1","0","0","0","0","0","0","0","0","0","0","-2"
"155414","Kansas Wesleyan University","2018","Not on tenure/no tenure system, assistant professors","4","1","3","0","0","0","0","0","0","0","0","0","0","0","0","0","0","0","3","0","3","0","0","0","1","1","0","0","0","0","-2"
"155414","Kansas Wesleyan University","2018","Not on tenure/no tenure system, instructors","1","0","1","0","0","0","0","0","0","0","0","0","0","0","0","0","0","0","1","0","1","0","0","0","0","0","0","0","0","0","-2"
"155414","Kansas Wesleyan University","2018","Not on tenure/no tenure system, lecturers","2","1","1","0","0","0","0","0","0","0","0","0","0","0","0","0","0","0","2","1","1","0","0","0","0","0","0","0","0","0","-2"
"155511","McPherson College","2018","Tenured total","22","15","7","0","0","0","2","1","1","1","1","0","0","0","0","0","0","0","19","13","6","0","0","0","0","0","0","0","0","0","-2"
"155511","McPherson College","2018","Tenured, professors","14","9","5","0","0","0","1","1","0","0","0","0","0","0","0","0","0","0","13","8","5","0","0","0","0","0","0","0","0","0","-2"
"155511","McPherson College","2018","Tenured, associate professors","8","6","2","0","0","0","1","0","1","1","1","0","0","0","0","0","0","0","6","5","1","0","0","0","0","0","0","0","0","0","-2"
"155511","McPherson College","2018","On-Tenure track total","19","10","9","0","0","0","0","0","0","0","0","0","2","1","1","0","0","0","17","9","8","0","0","0","0","0","0","0","0","0","-2"
"155511","McPherson College","2018","On-tenure track, associate professors","4","4","0","0","0","0","0","0","0","0","0","0","0","0","0","0","0","0","4","4","0","0","0","0","0","0","0","0","0","0","-2"
"155511","McPherson College","2018","On-tenure track, assistant professors","15","6","9","0","0","0","0","0","0","0","0","0","2","1","1","0","0","0","13","5","8","0","0","0","0","0","0","0","0","0","-2"
"155511","McPherson College","2018","Not on tenure track/No tenure system system total","4","2","2","0","0","0","0","0","0","0","0","0","0","0","0","0","0","0","4","2","2","0","0","0","0","0","0","0","0","0","-2"
"155511","McPherson College","2018","Not on tenure/no tenure system, assistant professors","4","2","2","0","0","0","0","0","0","0","0","0","0","0","0","0","0","0","4","2","2","0","0","0","0","0","0","0","0","0","-2"
"159656","Loyola University New Orleans","2018","Tenured total","119","73","46","0","0","0","4","2","2","10","6","4","8","4","4","0","0","0","95","60","35","2","1","1","0","0","0","0","0","0","-2"
"159656","Loyola University New Orleans","2018","Tenured, professors","68","44","24","0","0","0","1","0","1","6","4","2","6","3","3","0","0","0","54","37","17","1","0","1","0","0","0","0","0","0","-2"
"159656","Loyola University New Orleans","2018","Tenured, associate professors","49","29","20","0","0","0","3","2","1","4","2","2","2","1","1","0","0","0","39","23","16","1","1","0","0","0","0","0","0","0","-2"
"159656","Loyola University New Orleans","2018","Tenured, assistant professors","2","0","2","0","0","0","0","0","0","0","0","0","0","0","0","0","0","0","2","0","2","0","0","0","0","0","0","0","0","0","-2"
"159656","Loyola University New Orleans","2018","On-Tenure track total","43","26","17","0","0","0","4","3","1","2","0","2","2","2","0","0","0","0","32","18","14","1","1","0","1","1","0","1","1","0","-2"
"159656","Loyola University New Orleans","2018","On-tenure track, associate professors","10","9","1","0","0","0","1","1","0","0","0","0","1","1","0","0","0","0","7","6","1","1","1","0","0","0","0","0","0","0","-2"
"159656","Loyola University New Orleans","2018","On-tenure track, assistant professors","33","17","16","0","0","0","3","2","1","2","0","2","1","1","0","0","0","0","25","12","13","0","0","0","1","1","0","1","1","0","-2"
"159656","Loyola University New Orleans","2018","Not on tenure track/No tenure system system total","76","31","45","0","0","0","2","1","1","1","1","0","3","2","1","0","0","0","64","26","38","0","0","0","4","0","4","2","1","1","-2"
"159656","Loyola University New Orleans","2018","Not on tenure/no tenure system, lecturers","76","31","45","0","0","0","2","1","1","1","1","0","3","2","1","0","0","0","64","26","38","0","0","0","4","0","4","2","1","1","-2"
"162210","Washington Adventist University","2018","Not on tenure track/No tenure system system total","47","25","22","0","0","0","7","1","6","20","8","12","2","2","0","0","0","0","18","14","4","0","0","0","0","0","0","0","0","0","-2"
"162210","Washington Adventist University","2018","Not on tenure/no tenure system, professors","16","10","6","0","0","0","1","0","1","8","4","4","0","0","0","0","0","0","7","6","1","0","0","0","0","0","0","0","0","0","-2"
"162210","Washington Adventist University","2018","Not on tenure/no tenure system, associate professors","15","6","9","0","0","0","3","1","2","6","2","4","0","0","0","0","0","0","6","3","3","0","0","0","0","0","0","0","0","0","-2"
"162210","Washington Adventist University","2018","Not on tenure/no tenure system, assistant professors","15","8","7","0","0","0","3","0","3","6","2","4","2","2","0","0","0","0","4","4","0","0","0","0","0","0","0","0","0","0","-2"
"162210","Washington Adventist University","2018","Not on tenure/no tenure system, instructors","1","1","0","0","0","0","0","0","0","0","0","0","0","0","0","0","0","0","1","1","0","0","0","0","0","0","0","0","0","0","-2"
"164447","American International College","2018","Tenured total","37","19","18","0","0","0","0","0","0","1","0","1","0","0","0","0","0","0","35","18","17","1","1","0","0","0","0","0","0","0","-2"
"164447","American International College","2018","Tenured, professors","14","6","8","0","0","0","0","0","0","0","0","0","0","0","0","0","0","0","14","6","8","0","0","0","0","0","0","0","0","0","-2"
"164447","American International College","2018","Tenured, associate professors","23","13","10","0","0","0","0","0","0","1","0","1","0","0","0","0","0","0","21","12","9","1","1","0","0","0","0","0","0","0","-2"
"164447","American International College","2018","On-Tenure track total","19","5","14","0","0","0","2","0","2","1","0","1","1","1","0","0","0","0","14","4","10","1","0","1","0","0","0","0","0","0","-2"
"164447","American International College","2018","On-tenure track, associate professors","4","0","4","0","0","0","1","0","1","0","0","0","0","0","0","0","0","0","3","0","3","0","0","0","0","0","0","0","0","0","-2"
"164447","American International College","2018","On-tenure track, assistant professors","15","5","10","0","0","0","1","0","1","1","0","1","1","1","0","0","0","0","11","4","7","1","0","1","0","0","0","0","0","0","-2"
"164447","American International College","2018","Not on tenure track/No tenure system system total","14","4","10","0","0","0","0","0","0","2","0","2","1","0","1","0","0","0","10","4","6","1","0","1","0","0","0","0","0","0","-2"
"164447","American International College","2018","Not on tenure/no tenure system, assistant professors","12","3","9","0","0","0","0","0","0","2","0","2","1","0","1","0","0","0","8","3","5","1","0","1","0","0","0","0","0","0","-2"
"164447","American International College","2018","Not on tenure/no tenure system, instructors","2","1","1","0","0","0","0","0","0","0","0","0","0","0","0","0","0","0","2","1","1","0","0","0","0","0","0","0","0","0","-2"
"164632","Bay Path University","2018","Not on tenure track/No tenure system system total","70","15","55","0","0","0","4","2","2","3","0","3","1","0","1","0","0","0","60","12","48","2","1","1","0","0","0","0","0","0","-2"
"164632","Bay Path University","2018","Not on tenure/no tenure system, professors","11","4","7","0","0","0","0","0","0","0","0","0","0","0","0","0","0","0","11","4","7","0","0","0","0","0","0","0","0","0","-2"
"164632","Bay Path University","2018","Not on tenure/no tenure system, associate professors","12","4","8","0","0","0","2","1","1","0","0","0","0","0","0","0","0","0","10","3","7","0","0","0","0","0","0","0","0","0","-2"
"164632","Bay Path University","2018","Not on tenure/no tenure system, assistant professors","40","6","34","0","0","0","2","1","1","3","0","3","1","0","1","0","0","0","32","4","28","2","1","1","0","0","0","0","0","0","-2"
"164632","Bay Path University","2018","Not on tenure/no tenure system, instructors","4","1","3","0","0","0","0","0","0","0","0","0","0","0","0","0","0","0","4","1","3","0","0","0","0","0","0","0","0","0","-2"
"164632","Bay Path University","2018","Not on tenure/no tenure system, no academic rank","3","0","3","0","0","0","0","0","0","0","0","0","0","0","0","0","0","0","3","0","3","0","0","0","0","0","0","0","0","0","-2"
"164872","Boston Architectural College","2018","Not on tenure track/No tenure system system total","13","7","6","0","0","0","2","1","1","0","0","0","1","0","1","0","0","0","8","6","2","2","0","2","0","0","0","0","0","0","-2"
"164872","Boston Architectural College","2018","Not on tenure/no tenure system, no academic rank","13","7","6","0","0","0","2","1","1","0","0","0","1","0","1","0","0","0","8","6","2","2","0","2","0","0","0","0","0","0","-2"
"165644","Eastern Nazarene College","2018","Tenured total","9","9","0","0","0","0","0","0","0","0","0","0","0","0","0","0","0","0","7","7","0","1","1","0","0","0","0","1","1","0","-2"
"165644","Eastern Nazarene College","2018","Tenured, professors","6","6","0","0","0","0","0","0","0","0","0","0","0","0","0","0","0","0","4","4","0","1","1","0","0","0","0","1","1","0","-2"
"165644","Eastern Nazarene College","2018","Tenured, associate professors","3","3","0","0","0","0","0","0","0","0","0","0","0","0","0","0","0","0","3","3","0","0","0","0","0","0","0","0","0","0","-2"
"165644","Eastern Nazarene College","2018","On-Tenure track total","12","5","7","0","0","0","0","0","0","2","1","1","0","0","0","0","0","0","8","4","4","0","0","0","2","0","2","0","0","0","-2"
"165644","Eastern Nazarene College","2018","On-tenure track, assistant professors","12","5","7","0","0","0","0","0","0","2","1","1","0","0","0","0","0","0","8","4","4","0","0","0","2","0","2","0","0","0","-2"
"165644","Eastern Nazarene College","2018","Not on tenure track/No tenure system system total","13","9","4","0","0","0","1","0","1","0","0","0","1","1","0","0","0","0","10","7","3","0","0","0","1","1","0","0","0","0","-2"
"165644","Eastern Nazarene College","2018","Not on tenure/no tenure system, associate professors","2","1","1","0","0","0","0","0","0","0","0","0","0","0","0","0","0","0","2","1","1","0","0","0","0","0","0","0","0","0","-2"
"165644","Eastern Nazarene College","2018","Not on tenure/no tenure system, assistant professors","4","4","0","0","0","0","0","0","0","0","0","0","0","0","0","0","0","0","4","4","0","0","0","0","0","0","0","0","0","0","-2"
"165644","Eastern Nazarene College","2018","Not on tenure/no tenure system, instructors","7","4","3","0","0","0","1","0","1","0","0","0","1","1","0","0","0","0","4","2","2","0","0","0","1","1","0","0","0","0","-2"
"165866","Framingham State University","2018","Tenured total","113","49","64","0","0","0","6","4","2","2","1","1","2","1","1","0","0","0","101","42","59","2","1","1","0","0","0","0","0","0","-2"
"165866","Framingham State University","2018","Tenured, professors","57","22","35","0","0","0","5","4","1","1","1","0","1","0","1","0","0","0","49","16","33","1","1","0","0","0","0","0","0","0","-2"
"165866","Framingham State University","2018","Tenured, associate professors","53","26","27","0","0","0","1","0","1","1","0","1","1","1","0","0","0","0","49","25","24","1","0","1","0","0","0","0","0","0","-2"
"165866","Framingham State University","2018","Tenured, assistant professors","3","1","2","0","0","0","0","0","0","0","0","0","0","0","0","0","0","0","3","1","2","0","0","0","0","0","0","0","0","0","-2"
"165866","Framingham State University","2018","On-Tenure track total","60","25","35","0","0","0","8","2","6","4","2","2","5","2","3","0","0","0","42","18","24","1","1","0","0","0","0","0","0","0","-2"
"165866","Framingham State University","2018","On-tenure track, associate professors","2","0","2","0","0","0","1","0","1","0","0","0","0","0","0","0","0","0","1","0","1","0","0","0","0","0","0","0","0","0","-2"
"165866","Framingham State University","2018","On-tenure track, assistant professors","57","25","32","0","0","0","7","2","5","4","2","2","5","2","3","0","0","0","40","18","22","1","1","0","0","0","0","0","0","0","-2"
"165866","Framingham State University","2018","On-tenure track, instructors","1","0","1","0","0","0","0","0","0","0","0","0","0","0","0","0","0","0","1","0","1","0","0","0","0","0","0","0","0","0","-2"
"165866","Framingham State University","2018","Not on tenure track/No tenure system system total","27","11","16","0","0","0","2","0","2","1","1","0","2","1","1","0","0","0","21","9","12","1","0","1","0","0","0","0","0","0","-2"
"165866","Framingham State University","2018","Not on tenure/no tenure system, assistant professors","22","10","12","0","0","0","2","0","2","1","1","0","2","1","1","0","0","0","16","8","8","1","0","1","0","0","0","0","0","0","-2"
"165866","Framingham State University","2018","Not on tenure/no tenure system, instructors","5","1","4","0","0","0","0","0","0","0","0","0","0","0","0","0","0","0","5","1","4","0","0","0","0","0","0","0","0","0","-2"
"166452","Lesley University","2018","Not on tenure track/No tenure system system total","147","49","98","0","0","0","14","4","10","8","4","4","10","2","8","0","0","0","111","37","74","2","1","1","2","1","1","0","0","0","-2"
"166452","Lesley University","2018","Not on tenure/no tenure system, professors","36","15","21","0","0","0","3","1","2","2","1","1","2","0","2","0","0","0","29","13","16","0","0","0","0","0","0","0","0","0","-2"
"166452","Lesley University","2018","Not on tenure/no tenure system, associate professors","58","22","36","0","0","0","5","1","4","2","1","1","6","2","4","0","0","0","44","17","27","0","0","0","1","1","0","0","0","0","-2"
"166452","Lesley University","2018","Not on tenure/no tenure system, assistant professors","43","10","33","0","0","0","6","2","4","3","2","1","2","0","2","0","0","0","30","5","25","2","1","1","0","0","0","0","0","0","-2"
"166452","Lesley University","2018","Not on tenure/no tenure system, instructors","10","2","8","0","0","0","0","0","0","1","0","1","0","0","0","0","0","0","8","2","6","0","0","0","1","0","1","0","0","0","-2"
"166638","University of Massachusetts-Boston","2018","Tenured total","349","195","154","0","0","0","61","39","22","23","11","12","19","10","9","0","0","0","243","133","110","1","1","0","0","0","0","2","1","1","-2"
"166638","University of Massachusetts-Boston","2018","Tenured, professors","117","74","43","0","0","0","18","12","6","9","7","2","2","0","2","0","0","0","88","55","33","0","0","0","0","0","0","0","0","0","-2"
"166638","University of Massachusetts-Boston","2018","Tenured, associate professors","231","121","110","0","0","0","43","27","16","14","4","10","16","10","6","0","0","0","155","78","77","1","1","0","0","0","0","2","1","1","-2"
"166638","University of Massachusetts-Boston","2018","Tenured, assistant professors","1","0","1","0","0","0","0","0","0","0","0","0","1","0","1","0","0","0","0","0","0","0","0","0","0","0","0","0","0","0","-2"
"166638","University of Massachusetts-Boston","2018","On-Tenure track total","148","61","87","0","0","0","32","13","19","11","2","9","12","3","9","0","0","0","70","30","40","1","1","0","0","0","0","22","12","10","-2"
"166638","University of Massachusetts-Boston","2018","On-tenure track, associate professors","3","1","2","0","0","0","1","0","1","0","0","0","0","0","0","0","0","0","1","0","1","0","0","0","0","0","0","1","1","0","-2"
"166638","University of Massachusetts-Boston","2018","On-tenure track, assistant professors","145","60","85","0","0","0","31","13","18","11","2","9","12","3","9","0","0","0","69","30","39","1","1","0","0","0","0","21","11","10","-2"
"166638","University of Massachusetts-Boston","2018","Not on tenure track/No tenure system system total","221","91","130","0","0","0","20","8","12","8","6","2","10","4","6","0","0","0","177","70","107","0","0","0","0","0","0","6","3","3","-2"
"166638","University of Massachusetts-Boston","2018","Not on tenure/no tenure system, lecturers","175","69","106","0","0","0","18","7","11","7","6","1","8","3","5","0","0","0","140","52","88","0","0","0","0","0","0","2","1","1","-2"
"166638","University of Massachusetts-Boston","2018","Not on tenure/no tenure system, no academic rank","46","22","24","0","0","0","2","1","1","1","0","1","2","1","1","0","0","0","37","18","19","0","0","0","0","0","0","4","2","2","-2"
"167455","Pine Manor College","2018","Tenured total","7","1","6","0","0","0","1","0","1","0","0","0","0","0","0","0","0","0","6","1","5","0","0","0","0","0","0","0","0","0","-2"
"167455","Pine Manor College","2018","Tenured, professors","5","1","4","0","0","0","1","0","1","0","0","0","0","0","0","0","0","0","4","1","3","0","0","0","0","0","0","0","0","0","-2"
"167455","Pine Manor College","2018","Tenured, associate professors","2","0","2","0","0","0","0","0","0","0","0","0","0","0","0","0","0","0","2","0","2","0","0","0","0","0","0","0","0","0","-2"
"167455","Pine Manor College","2018","On-Tenure track total","10","3","7","0","0","0","0","0","0","0","0","0","1","1","0","0","0","0","8","2","6","1","0","1","0","0","0","0","0","0","-2"
"167455","Pine Manor College","2018","On-tenure track, associate professors","1","0","1","0","0","0","0","0","0","0","0","0","0","0","0","0","0","0","1","0","1","0","0","0","0","0","0","0","0","0","-2"
"167455","Pine Manor College","2018","On-tenure track, assistant professors","9","3","6","0","0","0","0","0","0","0","0","0","1","1","0","0","0","0","7","2","5","1","0","1","0","0","0","0","0","0","-2"
"167455","Pine Manor College","2018","Not on tenure track/No tenure system system total","4","0","4","0","0","0","0","0","0","0","0","0","0","0","0","0","0","0","4","0","4","0","0","0","0","0","0","0","0","0","-2"
"167455","Pine Manor College","2018","Not on tenure/no tenure system, associate professors","1","0","1","0","0","0","0","0","0","0","0","0","0","0","0","0","0","0","1","0","1","0","0","0","0","0","0","0","0","0","-2"
"167455","Pine Manor College","2018","Not on tenure/no tenure system, assistant professors","3","0","3","0","0","0","0","0","0","0","0","0","0","0","0","0","0","0","3","0","3","0","0","0","0","0","0","0","0","0","-2"
"167729","Salem State University","2018","Tenured total","225","114","111","0","0","0","18","10","8","10","6","4","9","5","4","0","0","0","183","91","92","0","0","0","5","2","3","0","0","0","-2"
"167729","Salem State University","2018","Tenured, professors","137","73","64","0","0","0","8","5","3","2","1","1","5","4","1","0","0","0","120","63","57","0","0","0","2","0","2","0","0","0","-2"
"167729","Salem State University","2018","Tenured, associate professors","86","39","47","0","0","0","9","4","5","8","5","3","4","1","3","0","0","0","62","27","35","0","0","0","3","2","1","0","0","0","-2"
"167729","Salem State University","2018","Tenured, assistant professors","2","2","0","0","0","0","1","1","0","0","0","0","0","0","0","0","0","0","1","1","0","0","0","0","0","0","0","0","0","0","-2"
"167729","Salem State University","2018","On-Tenure track total","81","30","51","0","0","0","18","3","15","9","7","2","4","3","1","0","0","0","47","16","31","0","0","0","3","1","2","0","0","0","-2"
"167729","Salem State University","2018","On-tenure track, professors","2","2","0","0","0","0","0","0","0","1","1","0","0","0","0","0","0","0","1","1","0","0","0","0","0","0","0","0","0","0","-2"
"167729","Salem State University","2018","On-tenure track, associate professors","18","6","12","0","0","0","5","1","4","1","1","0","1","1","0","0","0","0","10","2","8","0","0","0","1","1","0","0","0","0","-2"
"167729","Salem State University","2018","On-tenure track, assistant professors","59","22","37","0","0","0","13","2","11","7","5","2","3","2","1","0","0","0","34","13","21","0","0","0","2","0","2","0","0","0","-2"
"167729","Salem State University","2018","On-tenure track, instructors","2","0","2","0","0","0","0","0","0","0","0","0","0","0","0","0","0","0","2","0","2","0","0","0","0","0","0","0","0","0","-2"
"167729","Salem State University","2018","Not on tenure track/No tenure system system total","19","9","10","0","0","0","0","0","0","3","2","1","2","0","2","0","0","0","11","6","5","0","0","0","3","1","2","0","0","0","-2"
"167729","Salem State University","2018","Not on tenure/no tenure system, professors","1","1","0","0","0","0","0","0","0","0","0","0","0","0","0","0","0","0","0","0","0","0","0","0","1","1","0","0","0","0","-2"
"167729","Salem State University","2018","Not on tenure/no tenure system, associate professors","2","1","1","0","0","0","0","0","0","0","0","0","1","0","1","0","0","0","1","1","0","0","0","0","0","0","0","0","0","0","-2"
"167729","Salem State University","2018","Not on tenure/no tenure system, assistant professors","10","4","6","0","0","0","0","0","0","3","2","1","1","0","1","0","0","0","4","2","2","0","0","0","2","0","2","0","0","0","-2"
"167729","Salem State University","2018","Not on tenure/no tenure system, instructors","6","3","3","0","0","0","0","0","0","0","0","0","0","0","0","0","0","0","6","3","3","0","0","0","0","0","0","0","0","0","-2"
"168740","Andrews University","2018","Tenured total","67","45","22","0","0","0","9","8","1","2","1","1","4","3","1","0","0","0","48","31","17","2","2","0","0","0","0","2","0","2","-2"
"168740","Andrews University","2018","Tenured, professors","45","32","13","0","0","0","5","4","1","1","1","0","2","2","0","0","0","0","36","25","11","0","0","0","0","0","0","1","0","1","-2"
"168740","Andrews University","2018","Tenured, associate professors","16","8","8","0","0","0","3","3","0","1","0","1","1","0","1","0","0","0","9","4","5","1","1","0","0","0","0","1","0","1","-2"
"168740","Andrews University","2018","Tenured, assistant professors","6","5","1","0","0","0","1","1","0","0","0","0","1","1","0","0","0","0","3","2","1","1","1","0","0","0","0","0","0","0","-2"
"168740","Andrews University","2018","On-Tenure track total","132","74","58","0","0","0","7","3","4","18","7","11","11","7","4","0","0","0","83","51","32","2","1","1","6","3","3","5","2","3","-2"
"168740","Andrews University","2018","On-tenure track, professors","25","21","4","0","0","0","5","3","2","3","2","1","1","1","0","0","0","0","14","13","1","1","1","0","1","1","0","0","0","0","-2"
"168740","Andrews University","2018","On-tenure track, associate professors","45","21","24","0","0","0","0","0","0","9","3","6","4","3","1","0","0","0","26","14","12","1","0","1","3","0","3","2","1","1","-2"
"168740","Andrews University","2018","On-tenure track, assistant professors","61","32","29","0","0","0","2","0","2","6","2","4","5","3","2","0","0","0","43","24","19","0","0","0","2","2","0","3","1","2","-2"
"168740","Andrews University","2018","On-tenure track, instructors","1","0","1","0","0","0","0","0","0","0","0","0","1","0","1","0","0","0","0","0","0","0","0","0","0","0","0","0","0","0","-2"
"168740","Andrews University","2018","Not on tenure track/No tenure system system total","23","8","15","0","0","0","2","1","1","2","0","2","3","2","1","0","0","0","15","5","10","0","0","0","1","0","1","0","0","0","-2"
"168740","Andrews University","2018","Not on tenure/no tenure system, professors","2","0","2","0","0","0","0","0","0","0","0","0","0","0","0","0","0","0","1","0","1","0","0","0","1","0","1","0","0","0","-2"
"168740","Andrews University","2018","Not on tenure/no tenure system, associate professors","8","4","4","0","0","0","1","0","1","0","0","0","2","1","1","0","0","0","5","3","2","0","0","0","0","0","0","0","0","0","-2"
"168740","Andrews University","2018","Not on tenure/no tenure system, assistant professors","10","3","7","0","0","0","0","0","0","2","0","2","1","1","0","0","0","0","7","2","5","0","0","0","0","0","0","0","0","0","-2"
"168740","Andrews University","2018","Not on tenure/no tenure system, instructors","3","1","2","0","0","0","1","1","0","0","0","0","0","0","0","0","0","0","2","0","2","0","0","0","0","0","0","0","0","0","-2"
"170532","Kalamazoo College","2018","Tenured total","61","30","31","0","0","0","4","0","4","3","1","2","3","0","3","0","0","0","48","27","21","1","1","0","2","1","1","0","0","0","-2"
"170532","Kalamazoo College","2018","Tenured, professors","36","21","15","0","0","0","1","0","1","1","1","0","2","0","2","0","0","0","32","20","12","0","0","0","0","0","0","0","0","0","-2"
"170532","Kalamazoo College","2018","Tenured, associate professors","25","9","16","0","0","0","3","0","3","2","0","2","1","0","1","0","0","0","16","7","9","1","1","0","2","1","1","0","0","0","-2"
"170532","Kalamazoo College","2018","On-Tenure track total","24","13","11","1","0","1","1","1","0","2","2","0","6","2","4","0","0","0","11","6","5","1","0","1","0","0","0","2","2","0","-2"
"170532","Kalamazoo College","2018","On-tenure track, assistant professors","24","13","11","1","0","1","1","1","0","2","2","0","6","2","4","0","0","0","11","6","5","1","0","1","0","0","0","2","2","0","-2"
"170532","Kalamazoo College","2018","Not on tenure track/No tenure system system total","28","14","14","0","0","0","1","1","0","0","0","0","3","3","0","0","0","0","22","9","13","0","0","0","1","1","0","1","0","1","-2"
"170532","Kalamazoo College","2018","Not on tenure/no tenure system, assistant professors","7","4","3","0","0","0","0","0","0","0","0","0","1","1","0","0","0","0","6","3","3","0","0","0","0","0","0","0","0","0","-2"
"170532","Kalamazoo College","2018","Not on tenure/no tenure system, instructors","21","10","11","0","0","0","1","1","0","0","0","0","2","2","0","0","0","0","16","6","10","0","0","0","1","1","0","1","0","1","-2"
"172033","Sacred Heart Major Seminary","2018","Not on tenure track/No tenure system system total","17","13","4","0","0","0","0","0","0","0","0","0","2","2","0","0","0","0","15","11","4","0","0","0","0","0","0","0","0","0","-2"
"172033","Sacred Heart Major Seminary","2018","Not on tenure/no tenure system, professors","9","7","2","0","0","0","0","0","0","0","0","0","1","1","0","0","0","0","8","6","2","0","0","0","0","0","0","0","0","0","-2"
"172033","Sacred Heart Major Seminary","2018","Not on tenure/no tenure system, associate professors","3","2","1","0","0","0","0","0","0","0","0","0","1","1","0","0","0","0","2","1","1","0","0","0","0","0","0","0","0","0","-2"
"172033","Sacred Heart Major Seminary","2018","Not on tenure/no tenure system, assistant professors","4","3","1","0","0","0","0","0","0","0","0","0","0","0","0","0","0","0","4","3","1","0","0","0","0","0","0","0","0","0","-2"
"172033","Sacred Heart Major Seminary","2018","Not on tenure/no tenure system, instructors","1","1","0","0","0","0","0","0","0","0","0","0","0","0","0","0","0","0","1","1","0","0","0","0","0","0","0","0","0","0","-2"
"178721","Park University","2018","Tenured total","40","27","13","0","0","0","3","1","2","1","1","0","1","0","1","0","0","0","35","25","10","0","0","0","0","0","0","0","0","0","-2"
"178721","Park University","2018","Tenured, professors","19","13","6","0","0","0","2","0","2","1","1","0","1","0","1","0","0","0","15","12","3","0","0","0","0","0","0","0","0","0","-2"
"178721","Park University","2018","Tenured, associate professors","21","14","7","0","0","0","1","1","0","0","0","0","0","0","0","0","0","0","20","13","7","0","0","0","0","0","0","0","0","0","-2"
"178721","Park University","2018","On-Tenure track total","38","19","19","1","0","1","5","4","1","2","1","1","0","0","0","0","0","0","30","14","16","0","0","0","0","0","0","0","0","0","-2"
"178721","Park University","2018","On-tenure track, professors","1","1","0","0","0","0","0","0","0","0","0","0","0","0","0","0","0","0","1","1","0","0","0","0","0","0","0","0","0","0","-2"
"178721","Park University","2018","On-tenure track, associate professors","8","4","4","0","0","0","1","0","1","1","1","0","0","0","0","0","0","0","6","3","3","0","0","0","0","0","0","0","0","0","-2"
"178721","Park University","2018","On-tenure track, assistant professors","29","14","15","1","0","1","4","4","0","1","0","1","0","0","0","0","0","0","23","10","13","0","0","0","0","0","0","0","0","0","-2"
"178721","Park University","2018","Not on tenure track/No tenure system system total","35","9","26","0","0","0","0","0","0","1","0","1","0","0","0","0","0","0","31","7","24","3","2","1","0","0","0","0","0","0","-2"
"178721","Park University","2018","Not on tenure/no tenure system, associate professors","1","1","0","0","0","0","0","0","0","0","0","0","0","0","0","0","0","0","1","1","0","0","0","0","0","0","0","0","0","0","-2"
"178721","Park University","2018","Not on tenure/no tenure system, assistant professors","17","1","16","0","0","0","0","0","0","1","0","1","0","0","0","0","0","0","14","0","14","2","1","1","0","0","0","0","0","0","-2"
"178721","Park University","2018","Not on tenure/no tenure system, instructors","4","2","2","0","0","0","0","0","0","0","0","0","0","0","0","0","0","0","4","2","2","0","0","0","0","0","0","0","0","0","-2"
"178721","Park University","2018","Not on tenure/no tenure system, lecturers","13","5","8","0","0","0","0","0","0","0","0","0","0","0","0","0","0","0","12","4","8","1","1","0","0","0","0","0","0","0","-2"
"181738","Union College","2018","Tenured total","16","9","7","0","0","0","0","0","0","1","0","1","0","0","0","0","0","0","15","9","6","0","0","0","0","0","0","0","0","0","-2"
"181738","Union College","2018","Tenured, professors","13","8","5","0","0","0","0","0","0","1","0","1","0","0","0","0","0","0","12","8","4","0","0","0","0","0","0","0","0","0","-2"
"181738","Union College","2018","Tenured, associate professors","3","1","2","0","0","0","0","0","0","0","0","0","0","0","0","0","0","0","3","1","2","0","0","0","0","0","0","0","0","0","-2"
"181738","Union College","2018","On-Tenure track total","44","20","24","0","0","0","1","1","0","4","2","2","0","0","0","0","0","0","38","16","22","0","0","0","0","0","0","1","1","0","-2"
"181738","Union College","2018","On-tenure track, professors","6","4","2","0","0","0","0","0","0","1","1","0","0","0","0","0","0","0","5","3","2","0","0","0","0","0","0","0","0","0","-2"
"181738","Union College","2018","On-tenure track, associate professors","14","5","9","0","0","0","1","1","0","1","0","1","0","0","0","0","0","0","11","3","8","0","0","0","0","0","0","1","1","0","-2"
"181738","Union College","2018","On-tenure track, assistant professors","23","11","12","0","0","0","0","0","0","2","1","1","0","0","0","0","0","0","21","10","11","0","0","0","0","0","0","0","0","0","-2"
"181738","Union College","2018","On-tenure track, instructors","1","0","1","0","0","0","0","0","0","0","0","0","0","0","0","0","0","0","1","0","1","0","0","0","0","0","0","0","0","0","-2"
"181738","Union College","2018","Not on tenure track/No tenure system system total","2","1","1","0","0","0","0","0","0","0","0","0","0","0","0","0","0","0","2","1","1","0","0","0","0","0","0","0","0","0","-2"
"181738","Union College","2018","Not on tenure/no tenure system, lecturers","2","1","1","0","0","0","0","0","0","0","0","0","0","0","0","0","0","0","2","1","1","0","0","0","0","0","0","0","0","0","-2"
"181853","York College","2018","Tenured total","11","9","2","0","0","0","0","0","0","1","1","0","1","1","0","0","0","0","9","7","2","0","0","0","0","0","0","0","0","0","-2"
"181853","York College","2018","Tenured, professors","3","3","0","0","0","0","0","0","0","0","0","0","0","0","0","0","0","0","3","3","0","0","0","0","0","0","0","0","0","0","-2"
"181853","York College","2018","Tenured, associate professors","8","6","2","0","0","0","0","0","0","1","1","0","1","1","0","0","0","0","6","4","2","0","0","0","0","0","0","0","0","0","-2"
"181853","York College","2018","On-Tenure track total","4","3","1","0","0","0","0","0","0","0","0","0","1","0","1","0","0","0","3","3","0","0","0","0","0","0","0","0","0","0","-2"
"181853","York College","2018","On-tenure track, associate professors","3","3","0","0","0","0","0","0","0","0","0","0","0","0","0","0","0","0","3","3","0","0","0","0","0","0","0","0","0","0","-2"
"181853","York College","2018","On-tenure track, assistant professors","1","0","1","0","0","0","0","0","0","0","0","0","1","0","1","0","0","0","0","0","0","0","0","0","0","0","0","0","0","0","-2"
"181853","York College","2018","Not on tenure track/No tenure system system total","13","5","8","0","0","0","0","0","0","0","0","0","0","0","0","0","0","0","13","5","8","0","0","0","0","0","0","0","0","0","-2"
"181853","York College","2018","Not on tenure/no tenure system, professors","1","1","0","0","0","0","0","0","0","0","0","0","0","0","0","0","0","0","1","1","0","0","0","0","0","0","0","0","0","0","-2"
"181853","York College","2018","Not on tenure/no tenure system, associate professors","1","1","0","0","0","0","0","0","0","0","0","0","0","0","0","0","0","0","1","1","0","0","0","0","0","0","0","0","0","0","-2"
"181853","York College","2018","Not on tenure/no tenure system, assistant professors","11","3","8","0","0","0","0","0","0","0","0","0","0","0","0","0","0","0","11","3","8","0","0","0","0","0","0","0","0","0","-2"
"182306","Great Basin College","2018","Tenured total","30","15","15","0","0","0","3","2","1","1","0","1","3","2","1","0","0","0","23","11","12","0","0","0","0","0","0","0","0","0","-2"
"182306","Great Basin College","2018","Tenured, professors","30","15","15","0","0","0","3","2","1","1","0","1","3","2","1","0","0","0","23","11","12","0","0","0","0","0","0","0","0","0","-2"
"182306","Great Basin College","2018","On-Tenure track total","17","8","9","0","0","0","0","0","0","1","1","0","2","0","2","0","0","0","14","7","7","0","0","0","0","0","0","0","0","0","-2"
"182306","Great Basin College","2018","On-tenure track, instructors","17","8","9","0","0","0","0","0","0","1","1","0","2","0","2","0","0","0","14","7","7","0","0","0","0","0","0","0","0","0","-2"
"182306","Great Basin College","2018","Not on tenure track/No tenure system system total","24","18","6","0","0","0","1","1","0","0","0","0","2","2","0","0","0","0","21","15","6","0","0","0","0","0","0","0","0","0","-2"
"182306","Great Basin College","2018","Not on tenure/no tenure system, instructors","24","18","6","0","0","0","1","1","0","0","0","0","2","2","0","0","0","0","21","15","6","0","0","0","0","0","0","0","0","0","-2"
"182564","Western Nevada College","2018","Tenured total","28","16","12","0","0","0","0","0","0","0","0","0","1","1","0","0","0","0","27","15","12","0","0","0","0","0","0","0","0","0","-2"
"182564","Western Nevada College","2018","Tenured, professors","28","16","12","0","0","0","0","0","0","0","0","0","1","1","0","0","0","0","27","15","12","0","0","0","0","0","0","0","0","0","-2"
"182564","Western Nevada College","2018","On-Tenure track total","16","5","11","0","0","0","1","0","1","0","0","0","0","0","0","0","0","0","15","5","10","0","0","0","0","0","0","0","0","0","-2"
"182564","Western Nevada College","2018","On-tenure track, instructors","16","5","11","0","0","0","1","0","1","0","0","0","0","0","0","0","0","0","15","5","10","0","0","0","0","0","0","0","0","0","-2"
"182564","Western Nevada College","2018","Not on tenure track/No tenure system system total","8","5","3","0","0","0","0","0","0","1","1","0","1","1","0","0","0","0","6","3","3","0","0","0","0","0","0","0","0","0","-2"
"182564","Western Nevada College","2018","Not on tenure/no tenure system, instructors","8","5","3","0","0","0","0","0","0","1","1","0","1","1","0","0","0","0","6","3","3","0","0","0","0","0","0","0","0","0","-2"
"183974","Centenary University","2018","Tenured total","19","11","8","0","0","0","2","1","1","0","0","0","0","0","0","0","0","0","17","10","7","0","0","0","0","0","0","0","0","0","-2"
"183974","Centenary University","2018","Tenured, professors","7","3","4","0","0","0","1","0","1","0","0","0","0","0","0","0","0","0","6","3","3","0","0","0","0","0","0","0","0","0","-2"
"183974","Centenary University","2018","Tenured, associate professors","11","8","3","0","0","0","1","1","0","0","0","0","0","0","0","0","0","0","10","7","3","0","0","0","0","0","0","0","0","0","-2"
"183974","Centenary University","2018","Tenured, assistant professors","1","0","1","0","0","0","0","0","0","0","0","0","0","0","0","0","0","0","1","0","1","0","0","0","0","0","0","0","0","0","-2"
"183974","Centenary University","2018","On-Tenure track total","13","5","8","0","0","0","2","1","1","0","0","0","0","0","0","0","0","0","11","4","7","0","0","0","0","0","0","0","0","0","-2"
"183974","Centenary University","2018","On-tenure track, associate professors","2","0","2","0","0","0","1","0","1","0","0","0","0","0","0","0","0","0","1","0","1","0","0","0","0","0","0","0","0","0","-2"
"183974","Centenary University","2018","On-tenure track, assistant professors","11","5","6","0","0","0","1","1","0","0","0","0","0","0","0","0","0","0","10","4","6","0","0","0","0","0","0","0","0","0","-2"
"183974","Centenary University","2018","Not on tenure track/No tenure system system total","52","22","30","0","0","0","1","0","1","1","0","1","0","0","0","0","0","0","50","22","28","0","0","0","0","0","0","0","0","0","-2"
"183974","Centenary University","2018","Not on tenure/no tenure system, professors","4","1","3","0","0","0","0","0","0","0","0","0","0","0","0","0","0","0","4","1","3","0","0","0","0","0","0","0","0","0","-2"
"183974","Centenary University","2018","Not on tenure/no tenure system, associate professors","15","6","9","0","0","0","1","0","1","1","0","1","0","0","0","0","0","0","13","6","7","0","0","0","0","0","0","0","0","0","-2"
"183974","Centenary University","2018","Not on tenure/no tenure system, assistant professors","32","14","18","0","0","0","0","0","0","0","0","0","0","0","0","0","0","0","32","14","18","0","0","0","0","0","0","0","0","0","-2"
"183974","Centenary University","2018","Not on tenure/no tenure system, instructors","1","1","0","0","0","0","0","0","0","0","0","0","0","0","0","0","0","0","1","1","0","0","0","0","0","0","0","0","0","0","-2"
"184348","Drew University","2018","Tenured total","105","59","46","0","0","0","7","2","5","8","5","3","7","5","2","0","0","0","70","39","31","0","0","0","7","3","4","6","5","1","-2"
"184348","Drew University","2018","Tenured, professors","53","30","23","0","0","0","2","1","1","3","1","2","2","1","1","0","0","0","40","24","16","0","0","0","5","2","3","1","1","0","-2"
"184348","Drew University","2018","Tenured, associate professors","52","29","23","0","0","0","5","1","4","5","4","1","5","4","1","0","0","0","30","15","15","0","0","0","2","1","1","5","4","1","-2"
"184348","Drew University","2018","On-Tenure track total","16","11","5","1","1","0","0","0","0","4","2","2","1","1","0","0","0","0","7","5","2","0","0","0","1","0","1","2","2","0","-2"
"184348","Drew University","2018","On-tenure track, assistant professors","16","11","5","1","1","0","0","0","0","4","2","2","1","1","0","0","0","0","7","5","2","0","0","0","1","0","1","2","2","0","-2"
"184348","Drew University","2018","Not on tenure track/No tenure system system total","29","11","18","0","0","0","1","0","1","1","0","1","2","1","1","0","0","0","20","8","12","0","0","0","3","1","2","2","1","1","-2"
"184348","Drew University","2018","Not on tenure/no tenure system, associate professors","1","0","1","0","0","0","0","0","0","0","0","0","0","0","0","0","0","0","1","0","1","0","0","0","0","0","0","0","0","0","-2"
"184348","Drew University","2018","Not on tenure/no tenure system, assistant professors","27","11","16","0","0","0","1","0","1","1","0","1","2","1","1","0","0","0","18","8","10","0","0","0","3","1","2","2","1","1","-2"
"184348","Drew University","2018","Not on tenure/no tenure system, instructors","1","0","1","0","0","0","0","0","0","0","0","0","0","0","0","0","0","0","1","0","1","0","0","0","0","0","0","0","0","0","-2"
"184694","Fairleigh Dickinson University-Florham Campus","2018","Tenured total","75","49","26","0","0","0","11","8","3","1","1","0","2","1","1","0","0","0","61","39","22","0","0","0","0","0","0","0","0","0","-2"
"184694","Fairleigh Dickinson University-Florham Campus","2018","Tenured, professors","37","24","13","0","0","0","7","5","2","0","0","0","1","0","1","0","0","0","29","19","10","0","0","0","0","0","0","0","0","0","-2"
"184694","Fairleigh Dickinson University-Florham Campus","2018","Tenured, associate professors","35","22","13","0","0","0","3","2","1","1","1","0","1","1","0","0","0","0","30","18","12","0","0","0","0","0","0","0","0","0","-2"
"184694","Fairleigh Dickinson University-Florham Campus","2018","Tenured, assistant professors","3","3","0","0","0","0","1","1","0","0","0","0","0","0","0","0","0","0","2","2","0","0","0","0","0","0","0","0","0","0","-2"
"184694","Fairleigh Dickinson University-Florham Campus","2018","On-Tenure track total","48","19","29","0","0","0","13","3","10","2","0","2","1","0","1","0","0","0","30","14","16","0","0","0","2","2","0","0","0","0","-2"
"184694","Fairleigh Dickinson University-Florham Campus","2018","On-tenure track, professors","3","2","1","0","0","0","1","1","0","0","0","0","0","0","0","0","0","0","2","1","1","0","0","0","0","0","0","0","0","0","-2"
"184694","Fairleigh Dickinson University-Florham Campus","2018","On-tenure track, associate professors","9","1","8","0","0","0","3","1","2","0","0","0","0","0","0","0","0","0","6","0","6","0","0","0","0","0","0","0","0","0","-2"
"184694","Fairleigh Dickinson University-Florham Campus","2018","On-tenure track, assistant professors","36","16","20","0","0","0","9","1","8","2","0","2","1","0","1","0","0","0","22","13","9","0","0","0","2","2","0","0","0","0","-2"
"184694","Fairleigh Dickinson University-Florham Campus","2018","Not on tenure track/No tenure system system total","41","15","26","0","0","0","3","0","3","4","1","3","0","0","0","0","0","0","33","14","19","1","0","1","0","0","0","0","0","0","-2"
"184694","Fairleigh Dickinson University-Florham Campus","2018","Not on tenure/no tenure system, associate professors","1","0","1","0","0","0","0","0","0","0","0","0","0","0","0","0","0","0","1","0","1","0","0","0","0","0","0","0","0","0","-2"
"184694","Fairleigh Dickinson University-Florham Campus","2018","Not on tenure/no tenure system, assistant professors","13","4","9","0","0","0","2","0","2","0","0","0","0","0","0","0","0","0","11","4","7","0","0","0","0","0","0","0","0","0","-2"
"184694","Fairleigh Dickinson University-Florham Campus","2018","Not on tenure/no tenure system, instructors","1","0","1","0","0","0","0","0","0","0","0","0","0","0","0","0","0","0","1","0","1","0","0","0","0","0","0","0","0","0","-2"
"184694","Fairleigh Dickinson University-Florham Campus","2018","Not on tenure/no tenure system, lecturers","26","11","15","0","0","0","1","0","1","4","1","3","0","0","0","0","0","0","20","10","10","1","0","1","0","0","0","0","0","0","-2"
"185828","New Jersey Institute of Technology","2018","Tenured total","220","186","34","0","0","0","56","48","8","8","5","3","3","3","0","0","0","0","123","103","20","0","0","0","29","27","2","1","0","1","-2"
"185828","New Jersey Institute of Technology","2018","Tenured, professors","135","118","17","0","0","0","34","31","3","6","4","2","0","0","0","0","0","0","71","60","11","0","0","0","24","23","1","0","0","0","-2"
"185828","New Jersey Institute of Technology","2018","Tenured, associate professors","85","68","17","0","0","0","22","17","5","2","1","1","3","3","0","0","0","0","52","43","9","0","0","0","5","4","1","1","0","1","-2"
"185828","New Jersey Institute of Technology","2018","On-Tenure track total","82","54","28","0","0","0","29","22","7","0","0","0","2","1","1","0","0","0","30","16","14","0","0","0","0","0","0","21","15","6","-2"
"185828","New Jersey Institute of Technology","2018","On-tenure track, professors","1","1","0","0","0","0","0","0","0","0","0","0","0","0","0","0","0","0","1","1","0","0","0","0","0","0","0","0","0","0","-2"
"185828","New Jersey Institute of Technology","2018","On-tenure track, associate professors","8","6","2","0","0","0","6","5","1","0","0","0","0","0","0","0","0","0","2","1","1","0","0","0","0","0","0","0","0","0","-2"
"185828","New Jersey Institute of Technology","2018","On-tenure track, assistant professors","73","47","26","0","0","0","23","17","6","0","0","0","2","1","1","0","0","0","27","14","13","0","0","0","0","0","0","21","15","6","-2"
"185828","New Jersey Institute of Technology","2018","Not on tenure track/No tenure system system total","119","82","37","0","0","0","13","10","3","6","5","1","7","7","0","0","0","0","81","48","33","0","0","0","9","9","0","3","3","0","-2"
"185828","New Jersey Institute of Technology","2018","Not on tenure/no tenure system, lecturers","119","82","37","0","0","0","13","10","3","6","5","1","7","7","0","0","0","0","81","48","33","0","0","0","9","9","0","3","3","0","-2"
"186201","Ramapo College of New Jersey","2018","Tenured total","175","86","89","0","0","0","23","14","9","11","5","6","15","3","12","0","0","0","122","63","59","3","1","2","0","0","0","1","0","1","-2"
"186201","Ramapo College of New Jersey","2018","Tenured, professors","71","40","31","0","0","0","8","5","3","4","2","2","5","1","4","0","0","0","52","31","21","2","1","1","0","0","0","0","0","0","-2"
"186201","Ramapo College of New Jersey","2018","Tenured, associate professors","88","38","50","0","0","0","12","7","5","3","1","2","9","2","7","0","0","0","62","28","34","1","0","1","0","0","0","1","0","1","-2"
"186201","Ramapo College of New Jersey","2018","Tenured, assistant professors","15","8","7","0","0","0","3","2","1","4","2","2","1","0","1","0","0","0","7","4","3","0","0","0","0","0","0","0","0","0","-2"
"186201","Ramapo College of New Jersey","2018","Tenured, instructors","1","0","1","0","0","0","0","0","0","0","0","0","0","0","0","0","0","0","1","0","1","0","0","0","0","0","0","0","0","0","-2"
"186201","Ramapo College of New Jersey","2018","On-Tenure track total","23","11","12","0","0","0","7","2","5","2","1","1","3","2","1","0","0","0","9","5","4","0","0","0","1","1","0","1","0","1","-2"
"186201","Ramapo College of New Jersey","2018","On-tenure track, associate professors","3","2","1","0","0","0","0","0","0","0","0","0","1","1","0","0","0","0","1","1","0","0","0","0","0","0","0","1","0","1","-2"
"186201","Ramapo College of New Jersey","2018","On-tenure track, assistant professors","20","9","11","0","0","0","7","2","5","2","1","1","2","1","1","0","0","0","8","4","4","0","0","0","1","1","0","0","0","0","-2"
"186201","Ramapo College of New Jersey","2018","Not on tenure track/No tenure system system total","18","6","12","0","0","0","3","0","3","1","0","1","0","0","0","0","0","0","14","6","8","0","0","0","0","0","0","0","0","0","-2"
"186201","Ramapo College of New Jersey","2018","Not on tenure/no tenure system, assistant professors","17","6","11","0","0","0","3","0","3","1","0","1","0","0","0","0","0","0","13","6","7","0","0","0","0","0","0","0","0","0","-2"
"186201","Ramapo College of New Jersey","2018","Not on tenure/no tenure system, instructors","1","0","1","0","0","0","0","0","0","0","0","0","0","0","0","0","0","0","1","0","1","0","0","0","0","0","0","0","0","0","-2"
"186283","Rider University","2018","Tenured total","176","98","78","0","0","0","19","9","10","6","2","4","3","1","2","0","0","0","146","85","61","0","0","0","0","0","0","2","1","1","-2"
"186283","Rider University","2018","Tenured, professors","90","53","37","0","0","0","7","4","3","3","2","1","2","1","1","0","0","0","78","46","32","0","0","0","0","0","0","0","0","0","-2"
"186283","Rider University","2018","Tenured, associate professors","86","45","41","0","0","0","12","5","7","3","0","3","1","0","1","0","0","0","68","39","29","0","0","0","0","0","0","2","1","1","-2"
"186283","Rider University","2018","On-Tenure track total","36","13","23","0","0","0","3","1","2","1","1","0","0","0","0","0","0","0","25","6","19","2","2","0","0","0","0","5","3","2","-2"
"186283","Rider University","2018","On-tenure track, associate professors","8","3","5","0","0","0","0","0","0","1","1","0","0","0","0","0","0","0","5","0","5","2","2","0","0","0","0","0","0","0","-2"
"186283","Rider University","2018","On-tenure track, assistant professors","27","9","18","0","0","0","3","1","2","0","0","0","0","0","0","0","0","0","19","5","14","0","0","0","0","0","0","5","3","2","-2"
"186283","Rider University","2018","On-tenure track, lecturers","1","1","0","0","0","0","0","0","0","0","0","0","0","0","0","0","0","0","1","1","0","0","0","0","0","0","0","0","0","0","-2"
"186283","Rider University","2018","Not on tenure track/No tenure system system total","7","2","5","0","0","0","0","0","0","0","0","0","0","0","0","0","0","0","6","2","4","0","0","0","0","0","0","1","0","1","-2"
"186283","Rider University","2018","Not on tenure/no tenure system, assistant professors","7","2","5","0","0","0","0","0","0","0","0","0","0","0","0","0","0","0","6","2","4","0","0","0","0","0","0","1","0","1","-2"
"186371","Rutgers University-Camden","2018","Tenured total","165","102","63","0","0","0","23","21","2","5","2","3","5","3","2","0","0","0","106","64","42","0","0","0","15","7","8","11","5","6","-2"
"186371","Rutgers University-Camden","2018","Tenured, professors","95","62","33","0","0","0","12","12","0","3","0","3","2","1","1","0","0","0","67","43","24","0","0","0","6","2","4","5","4","1","-2"
"186371","Rutgers University-Camden","2018","Tenured, associate professors","70","40","30","0","0","0","11","9","2","2","2","0","3","2","1","0","0","0","39","21","18","0","0","0","9","5","4","6","1","5","-2"
"186371","Rutgers University-Camden","2018","On-Tenure track total","70","33","37","0","0","0","3","2","1","6","1","5","2","1","1","0","0","0","16","6","10","0","0","0","27","16","11","16","7","9","-2"
"186371","Rutgers University-Camden","2018","On-tenure track, professors","1","0","1","0","0","0","0","0","0","0","0","0","0","0","0","0","0","0","1","0","1","0","0","0","0","0","0","0","0","0","-2"
"186371","Rutgers University-Camden","2018","On-tenure track, associate professors","1","1","0","0","0","0","0","0","0","0","0","0","0","0","0","0","0","0","0","0","0","0","0","0","0","0","0","1","1","0","-2"
"186371","Rutgers University-Camden","2018","On-tenure track, assistant professors","68","32","36","0","0","0","3","2","1","6","1","5","2","1","1","0","0","0","15","6","9","0","0","0","27","16","11","15","6","9","-2"
"186371","Rutgers University-Camden","2018","Not on tenure track/No tenure system system total","78","32","46","0","0","0","3","2","1","2","2","0","1","1","0","0","0","0","43","10","33","1","1","0","23","11","12","5","5","0","-2"
"186371","Rutgers University-Camden","2018","Not on tenure/no tenure system, professors","12","3","9","0","0","0","0","0","0","0","0","0","0","0","0","0","0","0","10","2","8","0","0","0","1","0","1","1","1","0","-2"
"186371","Rutgers University-Camden","2018","Not on tenure/no tenure system, associate professors","11","5","6","0","0","0","1","1","0","0","0","0","0","0","0","0","0","0","7","2","5","0","0","0","3","2","1","0","0","0","-2"
"186371","Rutgers University-Camden","2018","Not on tenure/no tenure system, assistant professors","40","13","27","0","0","0","1","1","0","2","2","0","0","0","0","0","0","0","22","4","18","1","1","0","11","2","9","3","3","0","-2"
"186371","Rutgers University-Camden","2018","Not on tenure/no tenure system, instructors","15","11","4","0","0","0","1","0","1","0","0","0","1","1","0","0","0","0","4","2","2","0","0","0","8","7","1","1","1","0","-2"
"186584","Seton Hall University","2018","Tenured total","225","132","93","0","0","0","23","12","11","7","4","3","10","7","3","0","0","0","181","107","74","0","0","0","3","1","2","1","1","0","-2"
"186584","Seton Hall University","2018","Tenured, professors","109","63","46","0","0","0","9","6","3","4","3","1","5","3","2","0","0","0","89","51","38","0","0","0","2","0","2","0","0","0","-2"
"186584","Seton Hall University","2018","Tenured, associate professors","114","67","47","0","0","0","14","6","8","3","1","2","5","4","1","0","0","0","90","54","36","0","0","0","1","1","0","1","1","0","-2"
"186584","Seton Hall University","2018","Tenured, assistant professors","2","2","0","0","0","0","0","0","0","0","0","0","0","0","0","0","0","0","2","2","0","0","0","0","0","0","0","0","0","0","-2"
"186584","Seton Hall University","2018","On-Tenure track total","62","31","31","1","0","1","5","2","3","3","2","1","3","1","2","0","0","0","37","19","18","0","0","0","9","5","4","4","2","2","-2"
"186584","Seton Hall University","2018","On-tenure track, associate professors","7","4","3","0","0","0","0","0","0","0","0","0","0","0","0","0","0","0","6","3","3","0","0","0","1","1","0","0","0","0","-2"
"186584","Seton Hall University","2018","On-tenure track, assistant professors","55","27","28","1","0","1","5","2","3","3","2","1","3","1","2","0","0","0","31","16","15","0","0","0","8","4","4","4","2","2","-2"
"186584","Seton Hall University","2018","Not on tenure track/No tenure system system total","201","84","117","0","0","0","10","5","5","10","1","9","14","7","7","0","0","0","162","67","95","0","0","0","2","1","1","3","3","0","-2"
"186584","Seton Hall University","2018","Not on tenure/no tenure system, professors","4","2","2","0","0","0","0","0","0","0","0","0","0","0","0","0","0","0","3","1","2","0","0","0","0","0","0","1","1","0","-2"
"186584","Seton Hall University","2018","Not on tenure/no tenure system, associate professors","31","14","17","0","0","0","2","2","0","1","0","1","2","1","1","0","0","0","26","11","15","0","0","0","0","0","0","0","0","0","-2"
"186584","Seton Hall University","2018","Not on tenure/no tenure system, assistant professors","47","13","34","0","0","0","2","1","1","4","0","4","4","2","2","0","0","0","36","9","27","0","0","0","0","0","0","1","1","0","-2"
"186584","Seton Hall University","2018","Not on tenure/no tenure system, instructors","54","17","37","0","0","0","2","1","1","3","0","3","4","0","4","0","0","0","44","15","29","0","0","0","0","0","0","1","1","0","-2"
"186584","Seton Hall University","2018","Not on tenure/no tenure system, lecturers","17","8","9","0","0","0","1","0","1","0","0","0","0","0","0","0","0","0","16","8","8","0","0","0","0","0","0","0","0","0","-2"
"186584","Seton Hall University","2018","Not on tenure/no tenure system, no academic rank","48","30","18","0","0","0","3","1","2","2","1","1","4","4","0","0","0","0","37","23","14","0","0","0","2","1","1","0","0","0","-2"
"188429","Adelphi University","2018","Tenured total","212","106","106","0","0","0","30","12","18","9","2","7","11","5","6","0","0","0","161","87","74","0","0","0","1","0","1","0","0","0","-2"
"188429","Adelphi University","2018","Tenured, professors","89","53","36","0","0","0","10","5","5","2","0","2","4","2","2","0","0","0","72","46","26","0","0","0","1","0","1","0","0","0","-2"
"188429","Adelphi University","2018","Tenured, associate professors","121","52","69","0","0","0","20","7","13","7","2","5","7","3","4","0","0","0","87","40","47","0","0","0","0","0","0","0","0","0","-2"
"188429","Adelphi University","2018","Tenured, assistant professors","2","1","1","0","0","0","0","0","0","0","0","0","0","0","0","0","0","0","2","1","1","0","0","0","0","0","0","0","0","0","-2"
"188429","Adelphi University","2018","On-Tenure track total","67","31","36","0","0","0","11","3","8","5","0","5","8","4","4","0","0","0","38","23","15","3","1","2","2","0","2","0","0","0","-2"
"188429","Adelphi University","2018","On-tenure track, associate professors","3","3","0","0","0","0","0","0","0","0","0","0","1","1","0","0","0","0","1","1","0","1","1","0","0","0","0","0","0","0","-2"
"188429","Adelphi University","2018","On-tenure track, assistant professors","64","28","36","0","0","0","11","3","8","5","0","5","7","3","4","0","0","0","37","22","15","2","0","2","2","0","2","0","0","0","-2"
"188429","Adelphi University","2018","Not on tenure track/No tenure system system total","61","21","40","0","0","0","3","1","2","2","1","1","6","2","4","0","0","0","49","17","32","1","0","1","0","0","0","0","0","0","-2"
"188429","Adelphi University","2018","Not on tenure/no tenure system, instructors","12","4","8","0","0","0","1","1","0","0","0","0","1","0","1","0","0","0","10","3","7","0","0","0","0","0","0","0","0","0","-2"
"188429","Adelphi University","2018","Not on tenure/no tenure system, lecturers","17","6","11","0","0","0","1","0","1","1","1","0","2","0","2","0","0","0","12","5","7","1","0","1","0","0","0","0","0","0","-2"
"188429","Adelphi University","2018","Not on tenure/no tenure system, no academic rank","32","11","21","0","0","0","1","0","1","1","0","1","3","2","1","0","0","0","27","9","18","0","0","0","0","0","0","0","0","0","-2"
"188854","American Musical and Dramatic Academy","2018","Not on tenure track/No tenure system system total","100","60","40","0","0","0","2","2","0","2","2","0","3","2","1","0","0","0","89","52","37","0","0","0","4","2","2","0","0","0","-2"
"188854","American Musical and Dramatic Academy","2018","Not on tenure/no tenure system, instructors","100","60","40","0","0","0","2","2","0","2","2","0","3","2","1","0","0","0","89","52","37","0","0","0","4","2","2","0","0","0","-2"
"190248","Concordia College","2018","Not on tenure track/No tenure system system total","43","11","32","0","0","0","4","1","3","2","0","2","1","0","1","0","0","0","36","10","26","0","0","0","0","0","0","0","0","0","-2"
"190248","Concordia College","2018","Not on tenure/no tenure system, professors","11","4","7","0","0","0","1","1","0","1","0","1","0","0","0","0","0","0","9","3","6","0","0","0","0","0","0","0","0","0","-2"
"190248","Concordia College","2018","Not on tenure/no tenure system, associate professors","11","3","8","0","0","0","2","0","2","0","0","0","0","0","0","0","0","0","9","3","6","0","0","0","0","0","0","0","0","0","-2"
"190248","Concordia College","2018","Not on tenure/no tenure system, assistant professors","19","3","16","0","0","0","1","0","1","1","0","1","1","0","1","0","0","0","16","3","13","0","0","0","0","0","0","0","0","0","-2"
"190248","Concordia College","2018","Not on tenure/no tenure system, instructors","2","1","1","0","0","0","0","0","0","0","0","0","0","0","0","0","0","0","2","1","1","0","0","0","0","0","0","0","0","0","-2"
"190503","Culinary Institute of America","2018","Not on tenure track/No tenure system system total","145","100","45","1","1","0","3","0","3","1","0","1","3","1","2","5","3","2","122","87","35","6","6","0","4","2","2","0","0","0","-2"
"190503","Culinary Institute of America","2018","Not on tenure/no tenure system, professors","37","25","12","0","0","0","2","0","2","0","0","0","0","0","0","1","1","0","31","22","9","1","1","0","2","1","1","0","0","0","-2"
"190503","Culinary Institute of America","2018","Not on tenure/no tenure system, associate professors","50","35","15","1","1","0","0","0","0","1","0","1","1","1","0","0","0","0","44","31","13","2","2","0","1","0","1","0","0","0","-2"
"190503","Culinary Institute of America","2018","Not on tenure/no tenure system, assistant professors","26","20","6","0","0","0","0","0","0","0","0","0","0","0","0","0","0","0","23","17","6","2","2","0","1","1","0","0","0","0","-2"
"190503","Culinary Institute of America","2018","Not on tenure/no tenure system, instructors","32","20","12","0","0","0","1","0","1","0","0","0","2","0","2","4","2","2","24","17","7","1","1","0","0","0","0","0","0","0","-2"
"190512","CUNY Bernard M Baruch College","2018","Tenured total","326","206","120","0","0","0","38","27","11","15","7","8","14","5","9","0","0","0","237","151","86","0","0","0","0","0","0","22","16","6","-2"
"190512","CUNY Bernard M Baruch College","2018","Tenured, professors","175","117","58","0","0","0","19","15","4","4","2","2","8","3","5","0","0","0","139","92","47","0","0","0","0","0","0","5","5","0","-2"
"190512","CUNY Bernard M Baruch College","2018","Tenured, associate professors","120","71","49","0","0","0","17","10","7","8","5","3","2","1","1","0","0","0","76","44","32","0","0","0","0","0","0","17","11","6","-2"
"190512","CUNY Bernard M Baruch College","2018","Tenured, assistant professors","7","4","3","0","0","0","1","1","0","0","0","0","1","0","1","0","0","0","5","3","2","0","0","0","0","0","0","0","0","0","-2"
"190512","CUNY Bernard M Baruch College","2018","Tenured, lecturers","24","14","10","0","0","0","1","1","0","3","0","3","3","1","2","0","0","0","17","12","5","0","0","0","0","0","0","0","0","0","-2"
"190512","CUNY Bernard M Baruch College","2018","On-Tenure track total","137","76","61","1","1","0","14","8","6","11","5","6","9","6","3","0","0","0","61","32","29","1","1","0","1","0","1","39","23","16","-2"
"190512","CUNY Bernard M Baruch College","2018","On-tenure track, associate professors","5","3","2","0","0","0","2","0","2","0","0","0","1","1","0","0","0","0","2","2","0","0","0","0","0","0","0","0","0","0","-2"
"190512","CUNY Bernard M Baruch College","2018","On-tenure track, assistant professors","116","67","49","1","1","0","12","8","4","7","4","3","7","5","2","0","0","0","49","25","24","1","1","0","0","0","0","39","23","16","-2"
"190512","CUNY Bernard M Baruch College","2018","On-tenure track, lecturers","16","6","10","0","0","0","0","0","0","4","1","3","1","0","1","0","0","0","10","5","5","0","0","0","1","0","1","0","0","0","-2"
"190512","CUNY Bernard M Baruch College","2018","Not on tenure track/No tenure system system total","30","20","10","0","0","0","1","0","1","2","1","1","0","0","0","0","0","0","26","18","8","0","0","0","0","0","0","1","1","0","-2"
"190512","CUNY Bernard M Baruch College","2018","Not on tenure/no tenure system, professors","16","13","3","0","0","0","0","0","0","2","1","1","0","0","0","0","0","0","14","12","2","0","0","0","0","0","0","0","0","0","-2"
"190512","CUNY Bernard M Baruch College","2018","Not on tenure/no tenure system, assistant professors","5","3","2","0","0","0","0","0","0","0","0","0","0","0","0","0","0","0","4","2","2","0","0","0","0","0","0","1","1","0","-2"
"190512","CUNY Bernard M Baruch College","2018","Not on tenure/no tenure system, lecturers","9","4","5","0","0","0","1","0","1","0","0","0","0","0","0","0","0","0","8","4","4","0","0","0","0","0","0","0","0","0","-2"
"190549","CUNY Brooklyn College","2018","Tenured total","376","216","160","0","0","0","43","24","19","23","14","9","21","8","13","0","0","0","274","161","113","1","1","0","1","0","1","13","8","5","-2"
"190549","CUNY Brooklyn College","2018","Tenured, professors","193","123","70","0","0","0","15","13","2","9","4","5","10","4","6","0","0","0","154","99","55","1","1","0","1","0","1","3","2","1","-2"
"190549","CUNY Brooklyn College","2018","Tenured, associate professors","145","74","71","0","0","0","24","9","15","11","9","2","9","3","6","0","0","0","93","48","45","0","0","0","0","0","0","8","5","3","-2"
"190549","CUNY Brooklyn College","2018","Tenured, assistant professors","18","9","9","0","0","0","3","2","1","2","0","2","1","0","1","0","0","0","10","6","4","0","0","0","0","0","0","2","1","1","-2"
"190549","CUNY Brooklyn College","2018","Tenured, lecturers","20","10","10","0","0","0","1","0","1","1","1","0","1","1","0","0","0","0","17","8","9","0","0","0","0","0","0","0","0","0","-2"
"190549","CUNY Brooklyn College","2018","On-Tenure track total","104","47","57","0","0","0","18","4","14","7","6","1","10","5","5","0","0","0","58","27","31","2","0","2","0","0","0","9","5","4","-2"
"190549","CUNY Brooklyn College","2018","On-tenure track, professors","1","0","1","0","0","0","1","0","1","0","0","0","0","0","0","0","0","0","0","0","0","0","0","0","0","0","0","0","0","0","-2"
"190549","CUNY Brooklyn College","2018","On-tenure track, associate professors","7","4","3","0","0","0","1","0","1","0","0","0","0","0","0","0","0","0","4","2","2","0","0","0","0","0","0","2","2","0","-2"
"190549","CUNY Brooklyn College","2018","On-tenure track, assistant professors","91","40","51","0","0","0","16","4","12","6","5","1","10","5","5","0","0","0","51","23","28","1","0","1","0","0","0","7","3","4","-2"
"190549","CUNY Brooklyn College","2018","On-tenure track, lecturers","5","3","2","0","0","0","0","0","0","1","1","0","0","0","0","0","0","0","3","2","1","1","0","1","0","0","0","0","0","0","-2"
"190549","CUNY Brooklyn College","2018","Not on tenure track/No tenure system system total","36","17","19","0","0","0","2","0","2","5","0","5","3","3","0","0","0","0","25","13","12","0","0","0","0","0","0","1","1","0","-2"
"190549","CUNY Brooklyn College","2018","Not on tenure/no tenure system, professors","6","2","4","0","0","0","0","0","0","0","0","0","0","0","0","0","0","0","6","2","4","0","0","0","0","0","0","0","0","0","-2"
"190549","CUNY Brooklyn College","2018","Not on tenure/no tenure system, associate professors","1","0","1","0","0","0","0","0","0","1","0","1","0","0","0","0","0","0","0","0","0","0","0","0","0","0","0","0","0","0","-2"
"190549","CUNY Brooklyn College","2018","Not on tenure/no tenure system, lecturers","29","15","14","0","0","0","2","0","2","4","0","4","3","3","0","0","0","0","19","11","8","0","0","0","0","0","0","1","1","0","-2"
"190646","CUNY Medgar Evers College","2018","Tenured total","92","53","39","0","0","0","9","5","4","62","38","24","6","3","3","0","0","0","11","5","6","2","2","0","0","0","0","2","0","2","-2"
"190646","CUNY Medgar Evers College","2018","Tenured, professors","39","25","14","0","0","0","6","4","2","24","16","8","2","1","1","0","0","0","6","3","3","1","1","0","0","0","0","0","0","0","-2"
"190646","CUNY Medgar Evers College","2018","Tenured, associate professors","20","5","15","0","0","0","1","0","1","12","3","9","2","1","1","0","0","0","3","1","2","0","0","0","0","0","0","2","0","2","-2"
"190646","CUNY Medgar Evers College","2018","Tenured, assistant professors","10","6","4","0","0","0","1","1","0","6","3","3","1","1","0","0","0","0","1","0","1","1","1","0","0","0","0","0","0","0","-2"
"190646","CUNY Medgar Evers College","2018","Tenured, lecturers","23","17","6","0","0","0","1","0","1","20","16","4","1","0","1","0","0","0","1","1","0","0","0","0","0","0","0","0","0","0","-2"
"190646","CUNY Medgar Evers College","2018","On-Tenure track total","53","24","29","0","0","0","4","3","1","31","11","20","3","3","0","0","0","0","10","6","4","3","0","3","0","0","0","2","1","1","-2"
"190646","CUNY Medgar Evers College","2018","On-tenure track, professors","3","3","0","0","0","0","0","0","0","2","2","0","0","0","0","0","0","0","1","1","0","0","0","0","0","0","0","0","0","0","-2"
"190646","CUNY Medgar Evers College","2018","On-tenure track, associate professors","16","9","7","0","0","0","3","2","1","7","4","3","1","1","0","0","0","0","3","2","1","1","0","1","0","0","0","1","0","1","-2"
"190646","CUNY Medgar Evers College","2018","On-tenure track, assistant professors","30","12","18","0","0","0","1","1","0","18","5","13","2","2","0","0","0","0","6","3","3","2","0","2","0","0","0","1","1","0","-2"
"190646","CUNY Medgar Evers College","2018","On-tenure track, lecturers","4","0","4","0","0","0","0","0","0","4","0","4","0","0","0","0","0","0","0","0","0","0","0","0","0","0","0","0","0","0","-2"
"190646","CUNY Medgar Evers College","2018","Not on tenure track/No tenure system system total","14","5","9","0","0","0","2","1","1","9","3","6","1","1","0","0","0","0","1","0","1","0","0","0","0","0","0","1","0","1","-2"
"190646","CUNY Medgar Evers College","2018","Not on tenure/no tenure system, professors","1","0","1","0","0","0","0","0","0","1","0","1","0","0","0","0","0","0","0","0","0","0","0","0","0","0","0","0","0","0","-2"
"190646","CUNY Medgar Evers College","2018","Not on tenure/no tenure system, assistant professors","7","2","5","0","0","0","1","0","1","4","1","3","1","1","0","0","0","0","0","0","0","0","0","0","0","0","0","1","0","1","-2"
"190646","CUNY Medgar Evers College","2018","Not on tenure/no tenure system, instructors","1","1","0","0","0","0","1","1","0","0","0","0","0","0","0","0","0","0","0","0","0","0","0","0","0","0","0","0","0","0","-2"
"190646","CUNY Medgar Evers College","2018","Not on tenure/no tenure system, lecturers","5","2","3","0","0","0","0","0","0","4","2","2","0","0","0","0","0","0","1","0","1","0","0","0","0","0","0","0","0","0","-2"
"191126","Fashion Institute of Technology","2018","Tenured total","199","90","109","0","0","0","8","6","2","10","4","6","5","3","2","0","0","0","93","37","56","0","0","0","67","32","35","16","8","8","-2"
"191126","Fashion Institute of Technology","2018","Tenured, professors","60","29","31","0","0","0","3","3","0","2","1","1","0","0","0","0","0","0","30","14","16","0","0","0","19","9","10","6","2","4","-2"
"191126","Fashion Institute of Technology","2018","Tenured, associate professors","64","30","34","0","0","0","2","2","0","2","2","0","2","1","1","0","0","0","26","8","18","0","0","0","23","12","11","9","5","4","-2"
"191126","Fashion Institute of Technology","2018","Tenured, assistant professors","75","31","44","0","0","0","3","1","2","6","1","5","3","2","1","0","0","0","37","15","22","0","0","0","25","11","14","1","1","0","-2"
"191126","Fashion Institute of Technology","2018","On-Tenure track total","35","13","22","0","0","0","3","1","2","2","0","2","0","0","0","0","0","0","15","6","9","0","0","0","6","2","4","9","4","5","-2"
"191126","Fashion Institute of Technology","2018","On-tenure track, professors","1","0","1","0","0","0","0","0","0","0","0","0","0","0","0","0","0","0","1","0","1","0","0","0","0","0","0","0","0","0","-2"
"191126","Fashion Institute of Technology","2018","On-tenure track, associate professors","6","3","3","0","0","0","0","0","0","0","0","0","0","0","0","0","0","0","4","2","2","0","0","0","1","1","0","1","0","1","-2"
"191126","Fashion Institute of Technology","2018","On-tenure track, assistant professors","28","10","18","0","0","0","3","1","2","2","0","2","0","0","0","0","0","0","10","4","6","0","0","0","5","1","4","8","4","4","-2"
"191241","Fordham University","2018","Tenured total","449","279","170","0","0","0","38","22","16","16","11","5","23","14","9","0","0","0","325","205","120","2","1","1","29","20","9","16","6","10","-2"
"191241","Fordham University","2018","Tenured, professors","228","156","72","0","0","0","17","12","5","8","5","3","9","5","4","0","0","0","178","124","54","1","1","0","14","9","5","1","0","1","-2"
"191241","Fordham University","2018","Tenured, associate professors","195","108","87","0","0","0","20","10","10","6","4","2","13","8","5","0","0","0","127","70","57","1","0","1","15","11","4","13","5","8","-2"
"191241","Fordham University","2018","Tenured, assistant professors","26","15","11","0","0","0","1","0","1","2","2","0","1","1","0","0","0","0","20","11","9","0","0","0","0","0","0","2","1","1","-2"
"191241","Fordham University","2018","On-Tenure track total","107","45","62","0","0","0","21","5","16","12","4","8","5","3","2","0","0","0","45","19","26","1","1","0","2","2","0","21","11","10","-2"
"191241","Fordham University","2018","On-tenure track, associate professors","9","4","5","0","0","0","2","0","2","0","0","0","0","0","0","0","0","0","6","4","2","0","0","0","0","0","0","1","0","1","-2"
"191241","Fordham University","2018","On-tenure track, assistant professors","98","41","57","0","0","0","19","5","14","12","4","8","5","3","2","0","0","0","39","15","24","1","1","0","2","2","0","20","11","9","-2"
"191241","Fordham University","2018","Not on tenure track/No tenure system system total","11","9","2","0","0","0","1","1","0","0","0","0","0","0","0","0","0","0","4","3","1","0","0","0","2","2","0","4","3","1","-2"
"191241","Fordham University","2018","Not on tenure/no tenure system, instructors","11","9","2","0","0","0","1","1","0","0","0","0","0","0","0","0","0","0","4","3","1","0","0","0","2","2","0","4","3","1","-2"
"191931","Iona College","2018","Tenured total","98","60","38","0","0","0","11","6","5","5","1","4","1","0","1","0","0","0","79","51","28","0","0","0","0","0","0","2","2","0","-2"
"191931","Iona College","2018","Tenured, professors","46","31","15","0","0","0","2","1","1","4","1","3","1","0","1","0","0","0","38","28","10","0","0","0","0","0","0","1","1","0","-2"
"191931","Iona College","2018","Tenured, associate professors","49","27","22","0","0","0","9","5","4","1","0","1","0","0","0","0","0","0","38","21","17","0","0","0","0","0","0","1","1","0","-2"
"191931","Iona College","2018","Tenured, assistant professors","3","2","1","0","0","0","0","0","0","0","0","0","0","0","0","0","0","0","3","2","1","0","0","0","0","0","0","0","0","0","-2"
"191931","Iona College","2018","On-Tenure track total","57","20","37","0","0","0","13","4","9","4","1","3","1","0","1","0","0","0","38","15","23","0","0","0","1","0","1","0","0","0","-2"
"191931","Iona College","2018","On-tenure track, associate professors","3","1","2","0","0","0","0","0","0","0","0","0","0","0","0","0","0","0","3","1","2","0","0","0","0","0","0","0","0","0","-2"
"191931","Iona College","2018","On-tenure track, assistant professors","54","19","35","0","0","0","13","4","9","4","1","3","1","0","1","0","0","0","35","14","21","0","0","0","1","0","1","0","0","0","-2"
"191931","Iona College","2018","Not on tenure track/No tenure system system total","19","11","8","0","0","0","2","0","2","1","0","1","1","1","0","0","0","0","15","10","5","0","0","0","0","0","0","0","0","0","-2"
"191931","Iona College","2018","Not on tenure/no tenure system, professors","1","0","1","0","0","0","0","0","0","0","0","0","0","0","0","0","0","0","1","0","1","0","0","0","0","0","0","0","0","0","-2"
"191931","Iona College","2018","Not on tenure/no tenure system, assistant professors","5","3","2","0","0","0","0","0","0","1","0","1","1","1","0","0","0","0","3","2","1","0","0","0","0","0","0","0","0","0","-2"
"191931","Iona College","2018","Not on tenure/no tenure system, instructors","3","2","1","0","0","0","1","0","1","0","0","0","0","0","0","0","0","0","2","2","0","0","0","0","0","0","0","0","0","0","-2"
"191931","Iona College","2018","Not on tenure/no tenure system, lecturers","10","6","4","0","0","0","1","0","1","0","0","0","0","0","0","0","0","0","9","6","3","0","0","0","0","0","0","0","0","0","-2"
"192703","Manhattan College","2018","Tenured total","147","81","66","0","0","0","11","5","6","4","2","2","7","4","3","0","0","0","116","67","49","0","0","0","8","3","5","1","0","1","-2"
"192703","Manhattan College","2018","Tenured, professors","63","40","23","0","0","0","4","3","1","0","0","0","1","1","0","0","0","0","58","36","22","0","0","0","0","0","0","0","0","0","-2"
"192703","Manhattan College","2018","Tenured, associate professors","73","37","36","0","0","0","6","2","4","3","2","1","5","3","2","0","0","0","51","27","24","0","0","0","8","3","5","0","0","0","-2"
"192703","Manhattan College","2018","Tenured, assistant professors","11","4","7","0","0","0","1","0","1","1","0","1","1","0","1","0","0","0","7","4","3","0","0","0","0","0","0","1","0","1","-2"
"192703","Manhattan College","2018","On-Tenure track total","74","39","35","0","0","0","9","5","4","3","1","2","3","1","2","0","0","0","46","25","21","2","0","2","7","6","1","4","1","3","-2"
"192703","Manhattan College","2018","On-tenure track, professors","1","0","1","0","0","0","0","0","0","0","0","0","0","0","0","0","0","0","1","0","1","0","0","0","0","0","0","0","0","0","-2"
"192703","Manhattan College","2018","On-tenure track, associate professors","8","8","0","0","0","0","2","2","0","0","0","0","1","1","0","0","0","0","3","3","0","0","0","0","2","2","0","0","0","0","-2"
"192703","Manhattan College","2018","On-tenure track, assistant professors","65","31","34","0","0","0","7","3","4","3","1","2","2","0","2","0","0","0","42","22","20","2","0","2","5","4","1","4","1","3","-2"
"192703","Manhattan College","2018","Not on tenure track/No tenure system system total","22","9","13","0","0","0","1","0","1","0","0","0","2","1","1","0","0","0","18","8","10","0","0","0","1","0","1","0","0","0","-2"
"192703","Manhattan College","2018","Not on tenure/no tenure system, professors","1","1","0","0","0","0","0","0","0","0","0","0","0","0","0","0","0","0","1","1","0","0","0","0","0","0","0","0","0","0","-2"
"192703","Manhattan College","2018","Not on tenure/no tenure system, associate professors","1","1","0","0","0","0","0","0","0","0","0","0","0","0","0","0","0","0","1","1","0","0","0","0","0","0","0","0","0","0","-2"
"192703","Manhattan College","2018","Not on tenure/no tenure system, assistant professors","17","7","10","0","0","0","1","0","1","0","0","0","2","1","1","0","0","0","13","6","7","0","0","0","1","0","1","0","0","0","-2"
"192703","Manhattan College","2018","Not on tenure/no tenure system, instructors","3","0","3","0","0","0","0","0","0","0","0","0","0","0","0","0","0","0","3","0","3","0","0","0","0","0","0","0","0","0","-2"
"192864","Marymount Manhattan College","2018","Tenured total","61","23","38","0","0","0","4","1","3","0","0","0","0","0","0","0","0","0","50","19","31","0","0","0","7","3","4","0","0","0","-2"
"192864","Marymount Manhattan College","2018","Tenured, professors","28","11","17","0","0","0","2","0","2","0","0","0","0","0","0","0","0","0","25","10","15","0","0","0","1","1","0","0","0","0","-2"
"192864","Marymount Manhattan College","2018","Tenured, associate professors","33","12","21","0","0","0","2","1","1","0","0","0","0","0","0","0","0","0","25","9","16","0","0","0","6","2","4","0","0","0","-2"
"192864","Marymount Manhattan College","2018","On-Tenure track total","24","4","20","0","0","0","3","1","2","0","0","0","0","0","0","0","0","0","9","0","9","1","1","0","11","2","9","0","0","0","-2"
"192864","Marymount Manhattan College","2018","On-tenure track, assistant professors","24","4","20","0","0","0","3","1","2","0","0","0","0","0","0","0","0","0","9","0","9","1","1","0","11","2","9","0","0","0","-2"
"192864","Marymount Manhattan College","2018","Not on tenure track/No tenure system system total","7","3","4","0","0","0","1","1","0","0","0","0","0","0","0","0","0","0","3","1","2","0","0","0","3","1","2","0","0","0","-2"
"192864","Marymount Manhattan College","2018","Not on tenure/no tenure system, assistant professors","7","3","4","0","0","0","1","1","0","0","0","0","0","0","0","0","0","0","3","1","2","0","0","0","3","1","2","0","0","0","-2"
"193292","Molloy College","2018","Tenured total","134","33","101","0","0","0","7","1","6","14","1","13","6","3","3","0","0","0","105","28","77","2","0","2","0","0","0","0","0","0","-2"
"193292","Molloy College","2018","Tenured, professors","56","14","42","0","0","0","1","0","1","5","0","5","4","2","2","0","0","0","45","12","33","1","0","1","0","0","0","0","0","0","-2"
"193292","Molloy College","2018","Tenured, associate professors","49","13","36","0","0","0","5","1","4","7","1","6","1","1","0","0","0","0","35","10","25","1","0","1","0","0","0","0","0","0","-2"
"193292","Molloy College","2018","Tenured, assistant professors","29","6","23","0","0","0","1","0","1","2","0","2","1","0","1","0","0","0","25","6","19","0","0","0","0","0","0","0","0","0","-2"
"193292","Molloy College","2018","On-Tenure track total","58","20","38","0","0","0","4","1","3","2","0","2","2","1","1","0","0","0","49","17","32","1","1","0","0","0","0","0","0","0","-2"
"193292","Molloy College","2018","On-tenure track, associate professors","6","3","3","0","0","0","0","0","0","1","0","1","1","1","0","0","0","0","4","2","2","0","0","0","0","0","0","0","0","0","-2"
"193292","Molloy College","2018","On-tenure track, assistant professors","42","10","32","0","0","0","4","1","3","1","0","1","1","0","1","0","0","0","35","8","27","1","1","0","0","0","0","0","0","0","-2"
"193292","Molloy College","2018","On-tenure track, instructors","10","7","3","0","0","0","0","0","0","0","0","0","0","0","0","0","0","0","10","7","3","0","0","0","0","0","0","0","0","0","-2"
"193353","Mount Saint Mary College","2018","Tenured total","50","25","25","0","0","0","1","0","1","2","0","2","1","1","0","0","0","0","44","23","21","0","0","0","0","0","0","2","1","1","-2"
"193353","Mount Saint Mary College","2018","Tenured, professors","21","11","10","0","0","0","0","0","0","0","0","0","0","0","0","0","0","0","21","11","10","0","0","0","0","0","0","0","0","0","-2"
"193353","Mount Saint Mary College","2018","Tenured, associate professors","29","14","15","0","0","0","1","0","1","2","0","2","1","1","0","0","0","0","23","12","11","0","0","0","0","0","0","2","1","1","-2"
"193353","Mount Saint Mary College","2018","On-Tenure track total","27","9","18","0","0","0","4","1","3","0","0","0","0","0","0","0","0","0","23","8","15","0","0","0","0","0","0","0","0","0","-2"
"193353","Mount Saint Mary College","2018","On-tenure track, assistant professors","20","8","12","0","0","0","4","1","3","0","0","0","0","0","0","0","0","0","16","7","9","0","0","0","0","0","0","0","0","0","-2"
"193353","Mount Saint Mary College","2018","On-tenure track, instructors","7","1","6","0","0","0","0","0","0","0","0","0","0","0","0","0","0","0","7","1","6","0","0","0","0","0","0","0","0","0","-2"
"193353","Mount Saint Mary College","2018","Not on tenure track/No tenure system system total","2","1","1","0","0","0","0","0","0","0","0","0","0","0","0","0","0","0","2","1","1","0","0","0","0","0","0","0","0","0","-2"
"193353","Mount Saint Mary College","2018","Not on tenure/no tenure system, lecturers","2","1","1","0","0","0","0","0","0","0","0","0","0","0","0","0","0","0","2","1","1","0","0","0","0","0","0","0","0","0","-2"
"194091","New York Institute of Technology","2018","Tenured total","151","93","58","1","1","0","29","17","12","4","3","1","2","2","0","0","0","0","114","70","44","0","0","0","0","0","0","1","0","1","-2"
"194091","New York Institute of Technology","2018","Tenured, professors","59","47","12","1","1","0","13","8","5","3","3","0","0","0","0","0","0","0","42","35","7","0","0","0","0","0","0","0","0","0","-2"
"194091","New York Institute of Technology","2018","Tenured, associate professors","84","44","40","0","0","0","16","9","7","0","0","0","1","1","0","0","0","0","66","34","32","0","0","0","0","0","0","1","0","1","-2"
"194091","New York Institute of Technology","2018","Tenured, assistant professors","8","2","6","0","0","0","0","0","0","1","0","1","1","1","0","0","0","0","6","1","5","0","0","0","0","0","0","0","0","0","-2"
"194091","New York Institute of Technology","2018","On-Tenure track total","66","42","24","0","0","0","13","8","5","1","1","0","2","2","0","0","0","0","37","22","15","1","0","1","0","0","0","12","9","3","-2"
"194091","New York Institute of Technology","2018","On-tenure track, associate professors","9","6","3","0","0","0","0","0","0","0","0","0","2","2","0","0","0","0","5","3","2","0","0","0","0","0","0","2","1","1","-2"
"194091","New York Institute of Technology","2018","On-tenure track, assistant professors","57","36","21","0","0","0","13","8","5","1","1","0","0","0","0","0","0","0","32","19","13","1","0","1","0","0","0","10","8","2","-2"
"194091","New York Institute of Technology","2018","Not on tenure track/No tenure system system total","108","56","52","0","0","0","19","11","8","6","2","4","4","1","3","0","0","0","73","40","33","3","1","2","0","0","0","3","1","2","-2"
"194091","New York Institute of Technology","2018","Not on tenure/no tenure system, professors","11","6","5","0","0","0","1","0","1","0","0","0","0","0","0","0","0","0","9","6","3","0","0","0","0","0","0","1","0","1","-2"
"194091","New York Institute of Technology","2018","Not on tenure/no tenure system, associate professors","36","23","13","0","0","0","9","7","2","1","1","0","2","1","1","0","0","0","24","14","10","0","0","0","0","0","0","0","0","0","-2"
"194091","New York Institute of Technology","2018","Not on tenure/no tenure system, assistant professors","55","25","30","0","0","0","5","3","2","4","1","3","2","0","2","0","0","0","39","19","20","3","1","2","0","0","0","2","1","1","-2"
"194091","New York Institute of Technology","2018","Not on tenure/no tenure system, instructors","6","2","4","0","0","0","4","1","3","1","0","1","0","0","0","0","0","0","1","1","0","0","0","0","0","0","0","0","0","0","-2"
"195243","St. Thomas Aquinas College","2018","Tenured total","32","16","16","0","0","0","1","0","1","1","1","0","0","0","0","0","0","0","30","15","15","0","0","0","0","0","0","0","0","0","-2"
"195243","St. Thomas Aquinas College","2018","Tenured, professors","19","11","8","0","0","0","1","0","1","0","0","0","0","0","0","0","0","0","18","11","7","0","0","0","0","0","0","0","0","0","-2"
"195243","St. Thomas Aquinas College","2018","Tenured, associate professors","11","4","7","0","0","0","0","0","0","0","0","0","0","0","0","0","0","0","11","4","7","0","0","0","0","0","0","0","0","0","-2"
"195243","St. Thomas Aquinas College","2018","Tenured, assistant professors","2","1","1","0","0","0","0","0","0","1","1","0","0","0","0","0","0","0","1","0","1","0","0","0","0","0","0","0","0","0","-2"
"195243","St. Thomas Aquinas College","2018","On-Tenure track total","13","4","9","0","0","0","1","0","1","0","0","0","0","0","0","0","0","0","12","4","8","0","0","0","0","0","0","0","0","0","-2"
"195243","St. Thomas Aquinas College","2018","On-tenure track, assistant professors","13","4","9","0","0","0","1","0","1","0","0","0","0","0","0","0","0","0","12","4","8","0","0","0","0","0","0","0","0","0","-2"
"195243","St. Thomas Aquinas College","2018","Not on tenure track/No tenure system system total","5","2","3","0","0","0","0","0","0","0","0","0","0","0","0","0","0","0","5","2","3","0","0","0","0","0","0","0","0","0","-2"
"195243","St. Thomas Aquinas College","2018","Not on tenure/no tenure system, instructors","5","2","3","0","0","0","0","0","0","0","0","0","0","0","0","0","0","0","5","2","3","0","0","0","0","0","0","0","0","0","-2"
"195562","St. Joseph's College-Long Island","2018","Tenured total","40","15","25","0","0","0","1","0","1","1","0","1","1","0","1","0","0","0","36","15","21","0","0","0","1","0","1","0","0","0","-2"
"195562","St. Joseph's College-Long Island","2018","Tenured, professors","24","10","14","0","0","0","1","0","1","1","0","1","1","0","1","0","0","0","21","10","11","0","0","0","0","0","0","0","0","0","-2"
"195562","St. Joseph's College-Long Island","2018","Tenured, associate professors","16","5","11","0","0","0","0","0","0","0","0","0","0","0","0","0","0","0","15","5","10","0","0","0","1","0","1","0","0","0","-2"
"195562","St. Joseph's College-Long Island","2018","On-Tenure track total","52","19","33","1","0","1","3","1","2","0","0","0","0","0","0","0","0","0","42","15","27","0","0","0","6","3","3","0","0","0","-2"
"195562","St. Joseph's College-Long Island","2018","On-tenure track, associate professors","12","5","7","0","0","0","1","1","0","0","0","0","0","0","0","0","0","0","9","2","7","0","0","0","2","2","0","0","0","0","-2"
"195562","St. Joseph's College-Long Island","2018","On-tenure track, assistant professors","40","14","26","1","0","1","2","0","2","0","0","0","0","0","0","0","0","0","33","13","20","0","0","0","4","1","3","0","0","0","-2"
"195562","St. Joseph's College-Long Island","2018","Not on tenure track/No tenure system system total","9","4","5","0","0","0","1","0","1","1","0","1","0","0","0","0","0","0","6","4","2","0","0","0","1","0","1","0","0","0","-2"
"195562","St. Joseph's College-Long Island","2018","Not on tenure/no tenure system, assistant professors","3","1","2","0","0","0","1","0","1","0","0","0","0","0","0","0","0","0","1","1","0","0","0","0","1","0","1","0","0","0","-2"
"195562","St. Joseph's College-Long Island","2018","Not on tenure/no tenure system, instructors","6","3","3","0","0","0","0","0","0","1","0","1","0","0","0","0","0","0","5","3","2","0","0","0","0","0","0","0","0","0","-2"
"196024","SUNY College of Technology at Delhi","2018","Tenured total","57","30","27","0","0","0","1","0","1","1","0","1","0","0","0","0","0","0","55","30","25","0","0","0","0","0","0","0","0","0","-2"
"196024","SUNY College of Technology at Delhi","2018","Tenured, professors","25","14","11","0","0","0","0","0","0","0","0","0","0","0","0","0","0","0","25","14","11","0","0","0","0","0","0","0","0","0","-2"
"196024","SUNY College of Technology at Delhi","2018","Tenured, associate professors","21","9","12","0","0","0","1","0","1","1","0","1","0","0","0","0","0","0","19","9","10","0","0","0","0","0","0","0","0","0","-2"
"196024","SUNY College of Technology at Delhi","2018","Tenured, assistant professors","7","5","2","0","0","0","0","0","0","0","0","0","0","0","0","0","0","0","7","5","2","0","0","0","0","0","0","0","0","0","-2"
"196024","SUNY College of Technology at Delhi","2018","Tenured, instructors","4","2","2","0","0","0","0","0","0","0","0","0","0","0","0","0","0","0","4","2","2","0","0","0","0","0","0","0","0","0","-2"
"196024","SUNY College of Technology at Delhi","2018","On-Tenure track total","85","42","43","0","0","0","4","2","2","1","1","0","1","0","1","0","0","0","79","39","40","0","0","0","0","0","0","0","0","0","-2"
"196024","SUNY College of Technology at Delhi","2018","On-tenure track, professors","1","1","0","0","0","0","0","0","0","0","0","0","0","0","0","0","0","0","1","1","0","0","0","0","0","0","0","0","0","0","-2"
"196024","SUNY College of Technology at Delhi","2018","On-tenure track, associate professors","17","4","13","0","0","0","1","0","1","0","0","0","0","0","0","0","0","0","16","4","12","0","0","0","0","0","0","0","0","0","-2"
"196024","SUNY College of Technology at Delhi","2018","On-tenure track, assistant professors","47","22","25","0","0","0","3","2","1","1","1","0","0","0","0","0","0","0","43","19","24","0","0","0","0","0","0","0","0","0","-2"
"196024","SUNY College of Technology at Delhi","2018","On-tenure track, instructors","20","15","5","0","0","0","0","0","0","0","0","0","1","0","1","0","0","0","19","15","4","0","0","0","0","0","0","0","0","0","-2"
"196024","SUNY College of Technology at Delhi","2018","Not on tenure track/No tenure system system total","7","5","2","0","0","0","0","0","0","0","0","0","0","0","0","0","0","0","7","5","2","0","0","0","0","0","0","0","0","0","-2"
"196024","SUNY College of Technology at Delhi","2018","Not on tenure/no tenure system, assistant professors","3","1","2","0","0","0","0","0","0","0","0","0","0","0","0","0","0","0","3","1","2","0","0","0","0","0","0","0","0","0","-2"
"196024","SUNY College of Technology at Delhi","2018","Not on tenure/no tenure system, instructors","4","4","0","0","0","0","0","0","0","0","0","0","0","0","0","0","0","0","4","4","0","0","0","0","0","0","0","0","0","0","-2"
"196042","Farmingdale State College","2018","Tenured total","98","56","42","0","0","0","12","10","2","6","2","4","6","5","1","0","0","0","74","39","35","0","0","0","0","0","0","0","0","0","-2"
"196042","Farmingdale State College","2018","Tenured, professors","51","29","22","0","0","0","8","7","1","2","2","0","2","1","1","0","0","0","39","19","20","0","0","0","0","0","0","0","0","0","-2"
"196042","Farmingdale State College","2018","Tenured, associate professors","39","22","17","0","0","0","3","2","1","4","0","4","3","3","0","0","0","0","29","17","12","0","0","0","0","0","0","0","0","0","-2"
"196042","Farmingdale State College","2018","Tenured, assistant professors","8","5","3","0","0","0","1","1","0","0","0","0","1","1","0","0","0","0","6","3","3","0","0","0","0","0","0","0","0","0","-2"
"196042","Farmingdale State College","2018","On-Tenure track total","116","53","63","0","0","0","22","9","13","6","3","3","5","2","3","0","0","0","80","37","43","3","2","1","0","0","0","0","0","0","-2"
"196042","Farmingdale State College","2018","On-tenure track, professors","2","1","1","0","0","0","1","0","1","0","0","0","0","0","0","0","0","0","1","1","0","0","0","0","0","0","0","0","0","0","-2"
"196042","Farmingdale State College","2018","On-tenure track, associate professors","6","0","6","0","0","0","1","0","1","0","0","0","0","0","0","0","0","0","5","0","5","0","0","0","0","0","0","0","0","0","-2"
"196042","Farmingdale State College","2018","On-tenure track, assistant professors","108","52","56","0","0","0","20","9","11","6","3","3","5","2","3","0","0","0","74","36","38","3","2","1","0","0","0","0","0","0","-2"
"196042","Farmingdale State College","2018","Not on tenure track/No tenure system system total","33","19","14","0","0","0","3","2","1","4","1","3","1","1","0","0","0","0","24","14","10","0","0","0","0","0","0","1","1","0","-2"
"196042","Farmingdale State College","2018","Not on tenure/no tenure system, assistant professors","25","15","10","0","0","0","2","1","1","3","1","2","1","1","0","0","0","0","18","11","7","0","0","0","0","0","0","1","1","0","-2"
"196042","Farmingdale State College","2018","Not on tenure/no tenure system, lecturers","8","4","4","0","0","0","1","1","0","1","0","1","0","0","0","0","0","0","6","3","3","0","0","0","0","0","0","0","0","0","-2"
"196176","State University of New York at New Paltz","2018","Tenured total","194","105","89","0","0","0","18","12","6","6","6","0","8","5","3","0","0","0","161","82","79","0","0","0","0","0","0","1","0","1","-2"
"196176","State University of New York at New Paltz","2018","Tenured, professors","51","32","19","0","0","0","9","6","3","1","1","0","1","1","0","0","0","0","40","24","16","0","0","0","0","0","0","0","0","0","-2"
"196176","State University of New York at New Paltz","2018","Tenured, associate professors","134","70","64","0","0","0","9","6","3","4","4","0","7","4","3","0","0","0","113","56","57","0","0","0","0","0","0","1","0","1","-2"
"196176","State University of New York at New Paltz","2018","Tenured, assistant professors","5","3","2","0","0","0","0","0","0","1","1","0","0","0","0","0","0","0","4","2","2","0","0","0","0","0","0","0","0","0","-2"
"196176","State University of New York at New Paltz","2018","Tenured, instructors","4","0","4","0","0","0","0","0","0","0","0","0","0","0","0","0","0","0","4","0","4","0","0","0","0","0","0","0","0","0","-2"
"196176","State University of New York at New Paltz","2018","On-Tenure track total","89","36","53","0","0","0","10","8","2","6","1","5","5","2","3","0","0","0","58","20","38","2","1","1","0","0","0","8","4","4","-2"
"196176","State University of New York at New Paltz","2018","On-tenure track, associate professors","9","3","6","0","0","0","2","1","1","0","0","0","1","1","0","0","0","0","6","1","5","0","0","0","0","0","0","0","0","0","-2"
"196176","State University of New York at New Paltz","2018","On-tenure track, assistant professors","75","31","44","0","0","0","7","6","1","6","1","5","4","1","3","0","0","0","48","18","30","2","1","1","0","0","0","8","4","4","-2"
"196176","State University of New York at New Paltz","2018","On-tenure track, instructors","4","1","3","0","0","0","0","0","0","0","0","0","0","0","0","0","0","0","4","1","3","0","0","0","0","0","0","0","0","0","-2"
"196176","State University of New York at New Paltz","2018","On-tenure track, lecturers","1","1","0","0","0","0","1","1","0","0","0","0","0","0","0","0","0","0","0","0","0","0","0","0","0","0","0","0","0","0","-2"
"196176","State University of New York at New Paltz","2018","Not on tenure track/No tenure system system total","68","34","34","0","0","0","7","5","2","3","2","1","3","0","3","0","0","0","50","24","26","0","0","0","0","0","0","5","3","2","-2"
"196176","State University of New York at New Paltz","2018","Not on tenure/no tenure system, assistant professors","5","3","2","0","0","0","2","1","1","1","0","1","0","0","0","0","0","0","0","0","0","0","0","0","0","0","0","2","2","0","-2"
"196176","State University of New York at New Paltz","2018","Not on tenure/no tenure system, lecturers","63","31","32","0","0","0","5","4","1","2","2","0","3","0","3","0","0","0","50","24","26","0","0","0","0","0","0","3","1","2","-2"
"197230","Wells College","2018","Tenured total","23","11","12","0","0","0","1","1","0","1","1","0","1","0","1","1","0","1","19","9","10","0","0","0","0","0","0","0","0","0","-2"
"197230","Wells College","2018","Tenured, professors","18","8","10","0","0","0","1","1","0","1","1","0","1","0","1","0","0","0","15","6","9","0","0","0","0","0","0","0","0","0","-2"
"197230","Wells College","2018","Tenured, associate professors","5","3","2","0","0","0","0","0","0","0","0","0","0","0","0","1","0","1","4","3","1","0","0","0","0","0","0","0","0","0","-2"
"197230","Wells College","2018","On-Tenure track total","12","4","8","0","0","0","0","0","0","0","0","0","0","0","0","1","1","0","10","2","8","1","1","0","0","0","0","0","0","0","-2"
"197230","Wells College","2018","On-tenure track, assistant professors","12","4","8","0","0","0","0","0","0","0","0","0","0","0","0","1","1","0","10","2","8","1","1","0","0","0","0","0","0","0","-2"
"197230","Wells College","2018","Not on tenure track/No tenure system system total","9","2","7","0","0","0","1","0","1","0","0","0","1","1","0","0","0","0","6","1","5","0","0","0","0","0","0","1","0","1","-2"
"197230","Wells College","2018","Not on tenure/no tenure system, assistant professors","5","1","4","0","0","0","1","0","1","0","0","0","1","1","0","0","0","0","2","0","2","0","0","0","0","0","0","1","0","1","-2"
"197230","Wells College","2018","Not on tenure/no tenure system, instructors","1","0","1","0","0","0","0","0","0","0","0","0","0","0","0","0","0","0","1","0","1","0","0","0","0","0","0","0","0","0","-2"
"197230","Wells College","2018","Not on tenure/no tenure system, lecturers","3","1","2","0","0","0","0","0","0","0","0","0","0","0","0","0","0","0","3","1","2","0","0","0","0","0","0","0","0","0","-2"
"199607","Salem College","2018","Tenured total","26","8","18","0","0","0","1","1","0","1","0","1","2","0","2","0","0","0","22","7","15","0","0","0","0","0","0","0","0","0","-2"
"199607","Salem College","2018","Tenured, professors","9","1","8","0","0","0","0","0","0","0","0","0","0","0","0","0","0","0","9","1","8","0","0","0","0","0","0","0","0","0","-2"
"199607","Salem College","2018","Tenured, associate professors","16","6","10","0","0","0","1","1","0","1","0","1","2","0","2","0","0","0","12","5","7","0","0","0","0","0","0","0","0","0","-2"
"199607","Salem College","2018","Tenured, assistant professors","1","1","0","0","0","0","0","0","0","0","0","0","0","0","0","0","0","0","1","1","0","0","0","0","0","0","0","0","0","0","-2"
"199607","Salem College","2018","On-Tenure track total","8","2","6","0","0","0","0","0","0","1","0","1","0","0","0","0","0","0","7","2","5","0","0","0","0","0","0","0","0","0","-2"
"199607","Salem College","2018","On-tenure track, associate professors","1","0","1","0","0","0","0","0","0","0","0","0","0","0","0","0","0","0","1","0","1","0","0","0","0","0","0","0","0","0","-2"
"199607","Salem College","2018","On-tenure track, assistant professors","7","2","5","0","0","0","0","0","0","1","0","1","0","0","0","0","0","0","6","2","4","0","0","0","0","0","0","0","0","0","-2"
"199607","Salem College","2018","Not on tenure track/No tenure system system total","17","1","16","0","0","0","1","0","1","1","0","1","0","0","0","0","0","0","15","1","14","0","0","0","0","0","0","0","0","0","-2"
"199607","Salem College","2018","Not on tenure/no tenure system, associate professors","5","0","5","0","0","0","1","0","1","0","0","0","0","0","0","0","0","0","4","0","4","0","0","0","0","0","0","0","0","0","-2"
"199607","Salem College","2018","Not on tenure/no tenure system, assistant professors","9","1","8","0","0","0","0","0","0","1","0","1","0","0","0","0","0","0","8","1","7","0","0","0","0","0","0","0","0","0","-2"
"199607","Salem College","2018","Not on tenure/no tenure system, instructors","2","0","2","0","0","0","0","0","0","0","0","0","0","0","0","0","0","0","2","0","2","0","0","0","0","0","0","0","0","0","-2"
"199607","Salem College","2018","Not on tenure/no tenure system, no academic rank","1","0","1","0","0","0","0","0","0","0","0","0","0","0","0","0","0","0","1","0","1","0","0","0","0","0","0","0","0","0","-2"
"205027","Pontifical College Josephinum","2018","Not on tenure track/No tenure system system total","20","17","3","0","0","0","0","0","0","0","0","0","0","0","0","0","0","0","20","17","3","0","0","0","0","0","0","0","0","0","-2"
"205027","Pontifical College Josephinum","2018","Not on tenure/no tenure system, professors","3","3","0","0","0","0","0","0","0","0","0","0","0","0","0","0","0","0","3","3","0","0","0","0","0","0","0","0","0","0","-2"
"205027","Pontifical College Josephinum","2018","Not on tenure/no tenure system, associate professors","8","8","0","0","0","0","0","0","0","0","0","0","0","0","0","0","0","0","8","8","0","0","0","0","0","0","0","0","0","0","-2"
"205027","Pontifical College Josephinum","2018","Not on tenure/no tenure system, assistant professors","6","4","2","0","0","0","0","0","0","0","0","0","0","0","0","0","0","0","6","4","2","0","0","0","0","0","0","0","0","0","-2"
"205027","Pontifical College Josephinum","2018","Not on tenure/no tenure system, lecturers","3","2","1","0","0","0","0","0","0","0","0","0","0","0","0","0","0","0","3","2","1","0","0","0","0","0","0","0","0","0","-2"
"206862","Southern Nazarene University","2018","Not on tenure track/No tenure system system total","68","37","31","3","2","1","1","1","0","0","0","0","1","1","0","0","0","0","63","33","30","0","0","0","0","0","0","0","0","0","-2"
"206862","Southern Nazarene University","2018","Not on tenure/no tenure system, professors","23","13","10","1","1","0","1","1","0","0","0","0","0","0","0","0","0","0","21","11","10","0","0","0","0","0","0","0","0","0","-2"
"206862","Southern Nazarene University","2018","Not on tenure/no tenure system, associate professors","20","11","9","2","1","1","0","0","0","0","0","0","0","0","0","0","0","0","18","10","8","0","0","0","0","0","0","0","0","0","-2"
"206862","Southern Nazarene University","2018","Not on tenure/no tenure system, assistant professors","21","10","11","0","0","0","0","0","0","0","0","0","1","1","0","0","0","0","20","9","11","0","0","0","0","0","0","0","0","0","-2"
"206862","Southern Nazarene University","2018","Not on tenure/no tenure system, instructors","3","2","1","0","0","0","0","0","0","0","0","0","0","0","0","0","0","0","3","2","1","0","0","0","0","0","0","0","0","0","-2"
"206862","Southern Nazarene University","2018","Not on tenure/no tenure system, no academic rank","1","1","0","0","0","0","0","0","0","0","0","0","0","0","0","0","0","0","1","1","0","0","0","0","0","0","0","0","0","0","-2"
"207157","Randall University","2018","Not on tenure track/No tenure system system total","15","8","7","2","0","2","0","0","0","1","1","0","1","1","0","0","0","0","11","6","5","0","0","0","0","0","0","0","0","0","-2"
"207157","Randall University","2018","Not on tenure/no tenure system, no academic rank","15","8","7","2","0","2","0","0","0","1","1","0","1","1","0","0","0","0","11","6","5","0","0","0","0","0","0","0","0","0","-2"
"207397","Oklahoma State University-Oklahoma City","2018","Tenured total","29","10","19","0","0","0","1","0","1","1","1","0","2","1","1","0","0","0","25","8","17","0","0","0","0","0","0","0","0","0","-2"
"207397","Oklahoma State University-Oklahoma City","2018","Tenured, professors","7","4","3","0","0","0","0","0","0","0","0","0","1","1","0","0","0","0","6","3","3","0","0","0","0","0","0","0","0","0","-2"
"207397","Oklahoma State University-Oklahoma City","2018","Tenured, associate professors","22","6","16","0","0","0","1","0","1","1","1","0","1","0","1","0","0","0","19","5","14","0","0","0","0","0","0","0","0","0","-2"
"207397","Oklahoma State University-Oklahoma City","2018","On-Tenure track total","47","16","31","2","0","2","0","0","0","3","1","2","0","0","0","0","0","0","40","15","25","2","0","2","0","0","0","0","0","0","-2"
"207397","Oklahoma State University-Oklahoma City","2018","On-tenure track, assistant professors","24","7","17","1","0","1","0","0","0","0","0","0","0","0","0","0","0","0","21","7","14","2","0","2","0","0","0","0","0","0","-2"
"207397","Oklahoma State University-Oklahoma City","2018","On-tenure track, instructors","23","9","14","1","0","1","0","0","0","3","1","2","0","0","0","0","0","0","19","8","11","0","0","0","0","0","0","0","0","0","-2"
"207397","Oklahoma State University-Oklahoma City","2018","Not on tenure track/No tenure system system total","2","2","0","0","0","0","0","0","0","0","0","0","0","0","0","0","0","0","2","2","0","0","0","0","0","0","0","0","0","0","-2"
"207397","Oklahoma State University-Oklahoma City","2018","Not on tenure/no tenure system, lecturers","2","2","0","0","0","0","0","0","0","0","0","0","0","0","0","0","0","0","2","2","0","0","0","0","0","0","0","0","0","0","-2"
"209065","Linfield University-McMinnville Campus","2018","Tenured total","91","44","47","0","0","0","5","2","3","2","1","1","3","1","2","0","0","0","81","40","41","0","0","0","0","0","0","0","0","0","209065"
"209065","Linfield University-McMinnville Campus","2018","Tenured, professors","50","28","22","0","0","0","2","1","1","1","1","0","2","1","1","0","0","0","45","25","20","0","0","0","0","0","0","0","0","0","209065"
"209065","Linfield University-McMinnville Campus","2018","Tenured, associate professors","39","15","24","0","0","0","3","1","2","1","0","1","1","0","1","0","0","0","34","14","20","0","0","0","0","0","0","0","0","0","209065"
"209065","Linfield University-McMinnville Campus","2018","Tenured, assistant professors","2","1","1","0","0","0","0","0","0","0","0","0","0","0","0","0","0","0","2","1","1","0","0","0","0","0","0","0","0","0","209065"
"209065","Linfield University-McMinnville Campus","2018","On-Tenure track total","34","13","21","1","1","0","1","0","1","1","1","0","2","0","2","1","1","0","26","9","17","0","0","0","2","1","1","0","0","0","209065"
"209065","Linfield University-McMinnville Campus","2018","On-tenure track, professors","1","0","1","0","0","0","0","0","0","0","0","0","0","0","0","0","0","0","1","0","1","0","0","0","0","0","0","0","0","0","209065"
"209065","Linfield University-McMinnville Campus","2018","On-tenure track, associate professors","3","1","2","0","0","0","0","0","0","1","1","0","0","0","0","0","0","0","2","0","2","0","0","0","0","0","0","0","0","0","209065"
"209065","Linfield University-McMinnville Campus","2018","On-tenure track, assistant professors","30","12","18","1","1","0","1","0","1","0","0","0","2","0","2","1","1","0","23","9","14","0","0","0","2","1","1","0","0","0","209065"
"209065","Linfield University-McMinnville Campus","2018","Not on tenure track/No tenure system system total","21","6","15","1","0","1","1","0","1","1","0","1","0","0","0","0","0","0","17","5","12","1","1","0","0","0","0","0","0","0","209065"
"209065","Linfield University-McMinnville Campus","2018","Not on tenure/no tenure system, professors","1","0","1","0","0","0","0","0","0","0","0","0","0","0","0","0","0","0","1","0","1","0","0","0","0","0","0","0","0","0","209065"
"209065","Linfield University-McMinnville Campus","2018","Not on tenure/no tenure system, associate professors","2","1","1","1","0","1","0","0","0","0","0","0","0","0","0","0","0","0","1","1","0","0","0","0","0","0","0","0","0","0","209065"
"209065","Linfield University-McMinnville Campus","2018","Not on tenure/no tenure system, assistant professors","18","5","13","0","0","0","1","0","1","1","0","1","0","0","0","0","0","0","15","4","11","1","1","0","0","0","0","0","0","0","209065"
"209287","Multnomah University","2018","Tenured total","3","3","0","0","0","0","0","0","0","0","0","0","0","0","0","0","0","0","3","3","0","0","0","0","0","0","0","0","0","0","-2"
"209287","Multnomah University","2018","Tenured, professors","3","3","0","0","0","0","0","0","0","0","0","0","0","0","0","0","0","0","3","3","0","0","0","0","0","0","0","0","0","0","-2"
"209287","Multnomah University","2018","Not on tenure track/No tenure system system total","22","15","7","0","0","0","2","1","1","0","0","0","0","0","0","0","0","0","20","14","6","0","0","0","0","0","0","0","0","0","-2"
"209287","Multnomah University","2018","Not on tenure/no tenure system, professors","5","5","0","0","0","0","0","0","0","0","0","0","0","0","0","0","0","0","5","5","0","0","0","0","0","0","0","0","0","0","-2"
"209287","Multnomah University","2018","Not on tenure/no tenure system, associate professors","7","5","2","0","0","0","2","1","1","0","0","0","0","0","0","0","0","0","5","4","1","0","0","0","0","0","0","0","0","0","-2"
"209287","Multnomah University","2018","Not on tenure/no tenure system, assistant professors","10","5","5","0","0","0","0","0","0","0","0","0","0","0","0","0","0","0","10","5","5","0","0","0","0","0","0","0","0","0","-2"
"209490","Oregon Health & Science University","2018","Tenured total","90","55","35","0","0","0","13","9","4","0","0","0","3","1","2","0","0","0","69","42","27","0","0","0","4","2","2","1","1","0","-2"
"209490","Oregon Health & Science University","2018","Tenured, professors","66","45","21","0","0","0","8","5","3","0","0","0","1","0","1","0","0","0","54","38","16","0","0","0","3","2","1","0","0","0","-2"
"209490","Oregon Health & Science University","2018","Tenured, associate professors","20","8","12","0","0","0","4","4","0","0","0","0","1","0","1","0","0","0","14","4","10","0","0","0","1","0","1","0","0","0","-2"
"209490","Oregon Health & Science University","2018","Tenured, assistant professors","1","1","0","0","0","0","0","0","0","0","0","0","0","0","0","0","0","0","0","0","0","0","0","0","0","0","0","1","1","0","-2"
"209490","Oregon Health & Science University","2018","Tenured, instructors","3","1","2","0","0","0","1","0","1","0","0","0","1","1","0","0","0","0","1","0","1","0","0","0","0","0","0","0","0","0","-2"
"209490","Oregon Health & Science University","2018","On-Tenure track total","46","30","16","0","0","0","9","6","3","2","2","0","2","1","1","1","0","1","27","17","10","0","0","0","2","2","0","3","2","1","-2"
"209490","Oregon Health & Science University","2018","On-tenure track, professors","5","4","1","0","0","0","1","1","0","0","0","0","0","0","0","0","0","0","4","3","1","0","0","0","0","0","0","0","0","0","-2"
"209490","Oregon Health & Science University","2018","On-tenure track, associate professors","14","8","6","0","0","0","3","0","3","1","1","0","0","0","0","1","0","1","9","7","2","0","0","0","0","0","0","0","0","0","-2"
"209490","Oregon Health & Science University","2018","On-tenure track, assistant professors","23","17","6","0","0","0","4","4","0","1","1","0","2","1","1","0","0","0","11","7","4","0","0","0","2","2","0","3","2","1","-2"
"209490","Oregon Health & Science University","2018","On-tenure track, instructors","4","1","3","0","0","0","1","1","0","0","0","0","0","0","0","0","0","0","3","0","3","0","0","0","0","0","0","0","0","0","-2"
"209490","Oregon Health & Science University","2018","Not on tenure track/No tenure system system total","1483","662","821","2","0","2","196","101","95","14","8","6","45","28","17","2","0","2","1041","438","603","9","3","6","141","65","76","33","19","14","-2"
"209490","Oregon Health & Science University","2018","Not on tenure/no tenure system, professors","159","112","47","0","0","0","19","15","4","1","1","0","8","8","0","0","0","0","121","81","40","0","0","0","10","7","3","0","0","0","-2"
"209490","Oregon Health & Science University","2018","Not on tenure/no tenure system, associate professors","288","157","131","1","0","1","40","26","14","1","1","0","11","8","3","0","0","0","206","103","103","2","2","0","22","14","8","5","3","2","-2"
"209490","Oregon Health & Science University","2018","Not on tenure/no tenure system, assistant professors","637","277","360","1","0","1","100","46","54","9","5","4","13","8","5","1","0","1","414","174","240","6","1","5","73","32","41","20","11","9","-2"
"209490","Oregon Health & Science University","2018","Not on tenure/no tenure system, instructors","391","116","275","0","0","0","37","14","23","3","1","2","13","4","9","1","0","1","293","80","213","1","0","1","35","12","23","8","5","3","-2"
"209490","Oregon Health & Science University","2018","Not on tenure/no tenure system, lecturers","8","0","8","0","0","0","0","0","0","0","0","0","0","0","0","0","0","0","7","0","7","0","0","0","1","0","1","0","0","0","-2"
"209612","Pacific University","2018","Tenured total","133","72","61","0","0","0","11","3","8","1","0","1","3","1","2","0","0","0","111","63","48","4","4","0","1","1","0","2","0","2","-2"
"209612","Pacific University","2018","Tenured, professors","67","39","28","0","0","0","3","1","2","0","0","0","1","0","1","0","0","0","62","38","24","0","0","0","0","0","0","1","0","1","-2"
"209612","Pacific University","2018","Tenured, associate professors","65","32","33","0","0","0","8","2","6","1","0","1","2","1","1","0","0","0","48","24","24","4","4","0","1","1","0","1","0","1","-2"
"209612","Pacific University","2018","Tenured, assistant professors","1","1","0","0","0","0","0","0","0","0","0","0","0","0","0","0","0","0","1","1","0","0","0","0","0","0","0","0","0","0","-2"
"209612","Pacific University","2018","On-Tenure track total","60","20","40","2","1","1","7","1","6","1","1","0","2","1","1","0","0","0","38","14","24","4","0","4","3","1","2","3","1","2","-2"
"209612","Pacific University","2018","On-tenure track, professors","1","1","0","0","0","0","0","0","0","0","0","0","0","0","0","0","0","0","1","1","0","0","0","0","0","0","0","0","0","0","-2"
"209612","Pacific University","2018","On-tenure track, associate professors","9","1","8","0","0","0","2","1","1","0","0","0","0","0","0","0","0","0","5","0","5","0","0","0","1","0","1","1","0","1","-2"
"209612","Pacific University","2018","On-tenure track, assistant professors","50","18","32","2","1","1","5","0","5","1","1","0","2","1","1","0","0","0","32","13","19","4","0","4","2","1","1","2","1","1","-2"
"209612","Pacific University","2018","Not on tenure track/No tenure system system total","100","41","59","1","1","0","4","3","1","0","0","0","7","2","5","0","0","0","82","33","49","3","2","1","3","0","3","0","0","0","-2"
"209612","Pacific University","2018","Not on tenure/no tenure system, professors","3","2","1","0","0","0","0","0","0","0","0","0","0","0","0","0","0","0","3","2","1","0","0","0","0","0","0","0","0","0","-2"
"209612","Pacific University","2018","Not on tenure/no tenure system, associate professors","12","6","6","0","0","0","0","0","0","0","0","0","0","0","0","0","0","0","12","6","6","0","0","0","0","0","0","0","0","0","-2"
"209612","Pacific University","2018","Not on tenure/no tenure system, assistant professors","64","23","41","1","1","0","3","2","1","0","0","0","4","1","3","0","0","0","52","17","35","2","2","0","2","0","2","0","0","0","-2"
"209612","Pacific University","2018","Not on tenure/no tenure system, instructors","21","10","11","0","0","0","1","1","0","0","0","0","3","1","2","0","0","0","15","8","7","1","0","1","1","0","1","0","0","0","-2"
"209807","Portland State University","2018","Tenured total","378","226","152","4","0","4","46","27","19","6","4","2","22","13","9","0","0","0","256","152","104","8","4","4","31","22","9","5","4","1","-2"
"209807","Portland State University","2018","Tenured, professors","197","135","62","2","0","2","25","17","8","3","3","0","11","8","3","0","0","0","134","92","42","2","1","1","19","13","6","1","1","0","-2"
"209807","Portland State University","2018","Tenured, associate professors","180","90","90","2","0","2","21","10","11","3","1","2","11","5","6","0","0","0","121","59","62","6","3","3","12","9","3","4","3","1","-2"
"209807","Portland State University","2018","Tenured, assistant professors","1","1","0","0","0","0","0","0","0","0","0","0","0","0","0","0","0","0","1","1","0","0","0","0","0","0","0","0","0","0","-2"
"209807","Portland State University","2018","On-Tenure track total","149","66","83","0","0","0","11","6","5","8","4","4","19","10","9","0","0","0","85","36","49","6","2","4","10","3","7","10","5","5","-2"
"209807","Portland State University","2018","On-tenure track, professors","2","1","1","0","0","0","0","0","0","0","0","0","0","0","0","0","0","0","2","1","1","0","0","0","0","0","0","0","0","0","-2"
"209807","Portland State University","2018","On-tenure track, associate professors","2","1","1","0","0","0","1","1","0","0","0","0","0","0","0","0","0","0","1","0","1","0","0","0","0","0","0","0","0","0","-2"
"209807","Portland State University","2018","On-tenure track, assistant professors","145","64","81","0","0","0","10","5","5","8","4","4","19","10","9","0","0","0","82","35","47","6","2","4","10","3","7","10","5","5","-2"
"209807","Portland State University","2018","Not on tenure track/No tenure system system total","253","103","150","1","0","1","13","4","9","8","4","4","10","4","6","1","1","0","186","73","113","10","4","6","19","12","7","5","1","4","-2"
"209807","Portland State University","2018","Not on tenure/no tenure system, professors","9","6","3","0","0","0","0","0","0","0","0","0","0","0","0","0","0","0","9","6","3","0","0","0","0","0","0","0","0","0","-2"
"209807","Portland State University","2018","Not on tenure/no tenure system, associate professors","20","13","7","0","0","0","1","1","0","1","1","0","0","0","0","0","0","0","17","10","7","0","0","0","1","1","0","0","0","0","-2"
"209807","Portland State University","2018","Not on tenure/no tenure system, assistant professors","70","23","47","1","0","1","2","0","2","3","1","2","7","2","5","1","1","0","44","14","30","4","0","4","7","5","2","1","0","1","-2"
"209807","Portland State University","2018","Not on tenure/no tenure system, instructors","151","60","91","0","0","0","10","3","7","4","2","2","3","2","1","0","0","0","114","43","71","6","4","2","10","5","5","4","1","3","-2"
"209807","Portland State University","2018","Not on tenure/no tenure system, no academic rank","3","1","2","0","0","0","0","0","0","0","0","0","0","0","0","0","0","0","2","0","2","0","0","0","1","1","0","0","0","0","-2"
"210429","Western Oregon University","2018","Tenured total","139","69","70","0","0","0","5","1","4","3","2","1","8","3","5","0","0","0","118","61","57","0","0","0","4","2","2","1","0","1","-2"
"210429","Western Oregon University","2018","Tenured, professors","85","46","39","0","0","0","3","1","2","2","1","1","2","1","1","0","0","0","77","42","35","0","0","0","1","1","0","0","0","0","-2"
"210429","Western Oregon University","2018","Tenured, associate professors","54","23","31","0","0","0","2","0","2","1","1","0","6","2","4","0","0","0","41","19","22","0","0","0","3","1","2","1","0","1","-2"
"210429","Western Oregon University","2018","On-Tenure track total","27","6","21","0","0","0","1","0","1","0","0","0","0","0","0","0","0","0","17","6","11","0","0","0","5","0","5","4","0","4","-2"
"210429","Western Oregon University","2018","On-tenure track, assistant professors","27","6","21","0","0","0","1","0","1","0","0","0","0","0","0","0","0","0","17","6","11","0","0","0","5","0","5","4","0","4","-2"
"210429","Western Oregon University","2018","Not on tenure track/No tenure system system total","120","54","66","0","0","0","5","2","3","1","0","1","8","1","7","0","0","0","89","42","47","3","1","2","12","7","5","2","1","1","-2"
"210429","Western Oregon University","2018","Not on tenure/no tenure system, assistant professors","42","20","22","0","0","0","3","1","2","0","0","0","2","1","1","0","0","0","28","12","16","0","0","0","7","5","2","2","1","1","-2"
"210429","Western Oregon University","2018","Not on tenure/no tenure system, instructors","72","34","38","0","0","0","2","1","1","1","0","1","6","0","6","0","0","0","56","30","26","3","1","2","4","2","2","0","0","0","-2"
"210429","Western Oregon University","2018","Not on tenure/no tenure system, lecturers","6","0","6","0","0","0","0","0","0","0","0","0","0","0","0","0","0","0","5","0","5","0","0","0","1","0","1","0","0","0","-2"
"210571","Albright College","2018","Tenured total","54","33","21","1","1","0","2","1","1","3","0","3","2","1","1","0","0","0","43","27","16","0","0","0","3","3","0","0","0","0","-2"
"210571","Albright College","2018","Tenured, professors","20","13","7","1","1","0","0","0","0","1","0","1","1","1","0","0","0","0","15","9","6","0","0","0","2","2","0","0","0","0","-2"
"210571","Albright College","2018","Tenured, associate professors","34","20","14","0","0","0","2","1","1","2","0","2","1","0","1","0","0","0","28","18","10","0","0","0","1","1","0","0","0","0","-2"
"210571","Albright College","2018","On-Tenure track total","24","12","12","0","0","0","2","1","1","1","0","1","2","1","1","0","0","0","19","10","9","0","0","0","0","0","0","0","0","0","-2"
"210571","Albright College","2018","On-tenure track, associate professors","1","0","1","0","0","0","0","0","0","0","0","0","0","0","0","0","0","0","1","0","1","0","0","0","0","0","0","0","0","0","-2"
"210571","Albright College","2018","On-tenure track, assistant professors","23","12","11","0","0","0","2","1","1","1","0","1","2","1","1","0","0","0","18","10","8","0","0","0","0","0","0","0","0","0","-2"
"210571","Albright College","2018","Not on tenure track/No tenure system system total","26","6","20","0","0","0","1","0","1","1","0","1","2","0","2","0","0","0","20","6","14","0","0","0","2","0","2","0","0","0","-2"
"210571","Albright College","2018","Not on tenure/no tenure system, associate professors","3","2","1","0","0","0","0","0","0","0","0","0","0","0","0","0","0","0","3","2","1","0","0","0","0","0","0","0","0","0","-2"
"210571","Albright College","2018","Not on tenure/no tenure system, assistant professors","8","0","8","0","0","0","0","0","0","1","0","1","0","0","0","0","0","0","7","0","7","0","0","0","0","0","0","0","0","0","-2"
"210571","Albright College","2018","Not on tenure/no tenure system, instructors","15","4","11","0","0","0","1","0","1","0","0","0","2","0","2","0","0","0","10","4","6","0","0","0","2","0","2","0","0","0","-2"
"212133","Eastern University","2018","Tenured total","55","32","23","0","0","0","5","3","2","7","5","2","2","1","1","0","0","0","41","23","18","0","0","0","0","0","0","0","0","0","-2"
"212133","Eastern University","2018","Tenured, professors","32","19","13","0","0","0","4","2","2","2","2","0","1","0","1","0","0","0","25","15","10","0","0","0","0","0","0","0","0","0","-2"
"212133","Eastern University","2018","Tenured, associate professors","23","13","10","0","0","0","1","1","0","5","3","2","1","1","0","0","0","0","16","8","8","0","0","0","0","0","0","0","0","0","-2"
"212133","Eastern University","2018","On-Tenure track total","27","7","20","0","0","0","1","0","1","3","1","2","0","0","0","0","0","0","23","6","17","0","0","0","0","0","0","0","0","0","-2"
"212133","Eastern University","2018","On-tenure track, professors","2","1","1","0","0","0","0","0","0","0","0","0","0","0","0","0","0","0","2","1","1","0","0","0","0","0","0","0","0","0","-2"
"212133","Eastern University","2018","On-tenure track, associate professors","5","1","4","0","0","0","0","0","0","0","0","0","0","0","0","0","0","0","5","1","4","0","0","0","0","0","0","0","0","0","-2"
"212133","Eastern University","2018","On-tenure track, assistant professors","20","5","15","0","0","0","1","0","1","3","1","2","0","0","0","0","0","0","16","4","12","0","0","0","0","0","0","0","0","0","-2"
"212133","Eastern University","2018","Not on tenure track/No tenure system system total","34","13","21","0","0","0","0","0","0","3","0","3","2","0","2","0","0","0","28","13","15","1","0","1","0","0","0","0","0","0","-2"
"212133","Eastern University","2018","Not on tenure/no tenure system, assistant professors","1","1","0","0","0","0","0","0","0","0","0","0","0","0","0","0","0","0","1","1","0","0","0","0","0","0","0","0","0","0","-2"
"212133","Eastern University","2018","Not on tenure/no tenure system, lecturers","27","8","19","0","0","0","0","0","0","3","0","3","2","0","2","0","0","0","21","8","13","1","0","1","0","0","0","0","0","0","-2"
"212133","Eastern University","2018","Not on tenure/no tenure system, no academic rank","6","4","2","0","0","0","0","0","0","0","0","0","0","0","0","0","0","0","6","4","2","0","0","0","0","0","0","0","0","0","-2"
"213367","La Salle University","2018","Tenured total","129","65","64","0","0","0","7","3","4","2","1","1","3","2","1","0","0","0","114","56","58","2","2","0","0","0","0","1","1","0","-2"
"213367","La Salle University","2018","Tenured, professors","42","24","18","0","0","0","2","1","1","1","1","0","2","2","0","0","0","0","36","19","17","1","1","0","0","0","0","0","0","0","-2"
"213367","La Salle University","2018","Tenured, associate professors","83","39","44","0","0","0","5","2","3","1","0","1","1","0","1","0","0","0","74","35","39","1","1","0","0","0","0","1","1","0","-2"
"213367","La Salle University","2018","Tenured, assistant professors","4","2","2","0","0","0","0","0","0","0","0","0","0","0","0","0","0","0","4","2","2","0","0","0","0","0","0","0","0","0","-2"
"213367","La Salle University","2018","On-Tenure track total","45","12","33","0","0","0","5","2","3","1","0","1","2","0","2","0","0","0","35","9","26","0","0","0","0","0","0","2","1","1","-2"
"213367","La Salle University","2018","On-tenure track, professors","2","1","1","0","0","0","0","0","0","0","0","0","0","0","0","0","0","0","2","1","1","0","0","0","0","0","0","0","0","0","-2"
"213367","La Salle University","2018","On-tenure track, associate professors","4","0","4","0","0","0","0","0","0","0","0","0","0","0","0","0","0","0","4","0","4","0","0","0","0","0","0","0","0","0","-2"
"213367","La Salle University","2018","On-tenure track, assistant professors","39","11","28","0","0","0","5","2","3","1","0","1","2","0","2","0","0","0","29","8","21","0","0","0","0","0","0","2","1","1","-2"
"213367","La Salle University","2018","Not on tenure track/No tenure system system total","44","11","33","0","0","0","0","0","0","3","0","3","2","1","1","0","0","0","39","10","29","0","0","0","0","0","0","0","0","0","-2"
"213367","La Salle University","2018","Not on tenure/no tenure system, associate professors","1","0","1","0","0","0","0","0","0","0","0","0","0","0","0","0","0","0","1","0","1","0","0","0","0","0","0","0","0","0","-2"
"213367","La Salle University","2018","Not on tenure/no tenure system, assistant professors","33","11","22","0","0","0","0","0","0","2","0","2","1","1","0","0","0","0","30","10","20","0","0","0","0","0","0","0","0","0","-2"
"213367","La Salle University","2018","Not on tenure/no tenure system, instructors","10","0","10","0","0","0","0","0","0","1","0","1","1","0","1","0","0","0","8","0","8","0","0","0","0","0","0","0","0","0","-2"
"213774","Manor College","2018","Not on tenure track/No tenure system system total","37","8","29","0","0","0","1","1","0","2","0","2","0","0","0","0","0","0","34","7","27","0","0","0","0","0","0","0","0","0","-2"
"213774","Manor College","2018","Not on tenure/no tenure system, professors","13","3","10","0","0","0","1","1","0","1","0","1","0","0","0","0","0","0","11","2","9","0","0","0","0","0","0","0","0","0","-2"
"213774","Manor College","2018","Not on tenure/no tenure system, associate professors","3","2","1","0","0","0","0","0","0","0","0","0","0","0","0","0","0","0","3","2","1","0","0","0","0","0","0","0","0","0","-2"
"213774","Manor College","2018","Not on tenure/no tenure system, assistant professors","7","1","6","0","0","0","0","0","0","0","0","0","0","0","0","0","0","0","7","1","6","0","0","0","0","0","0","0","0","0","-2"
"213774","Manor College","2018","Not on tenure/no tenure system, instructors","14","2","12","0","0","0","0","0","0","1","0","1","0","0","0","0","0","0","13","2","11","0","0","0","0","0","0","0","0","0","-2"
"216542","University of Valley Forge","2018","Not on tenure track/No tenure system system total","25","14","11","0","0","0","0","0","0","1","0","1","0","0","0","1","0","1","22","13","9","0","0","0","0","0","0","1","1","0","-2"
"216542","University of Valley Forge","2018","Not on tenure/no tenure system, professors","7","4","3","0","0","0","0","0","0","0","0","0","0","0","0","1","0","1","6","4","2","0","0","0","0","0","0","0","0","0","-2"
"216542","University of Valley Forge","2018","Not on tenure/no tenure system, associate professors","6","4","2","0","0","0","0","0","0","0","0","0","0","0","0","0","0","0","6","4","2","0","0","0","0","0","0","0","0","0","-2"
"216542","University of Valley Forge","2018","Not on tenure/no tenure system, assistant professors","12","6","6","0","0","0","0","0","0","1","0","1","0","0","0","0","0","0","10","5","5","0","0","0","0","0","0","1","1","0","-2"
"217420","Rhode Island College","2018","Tenured total","224","98","126","1","0","1","20","8","12","5","2","3","8","5","3","2","2","0","185","78","107","3","3","0","0","0","0","0","0","0","-2"
"217420","Rhode Island College","2018","Tenured, professors","114","53","61","1","0","1","8","4","4","2","1","1","1","1","0","1","1","0","101","46","55","0","0","0","0","0","0","0","0","0","-2"
"217420","Rhode Island College","2018","Tenured, associate professors","101","41","60","0","0","0","11","3","8","3","1","2","7","4","3","1","1","0","76","29","47","3","3","0","0","0","0","0","0","0","-2"
"217420","Rhode Island College","2018","Tenured, assistant professors","9","4","5","0","0","0","1","1","0","0","0","0","0","0","0","0","0","0","8","3","5","0","0","0","0","0","0","0","0","0","-2"
"217420","Rhode Island College","2018","On-Tenure track total","79","28","51","0","0","0","6","3","3","4","0","4","3","2","1","1","1","0","63","21","42","2","1","1","0","0","0","0","0","0","-2"
"217420","Rhode Island College","2018","On-tenure track, professors","1","1","0","0","0","0","0","0","0","0","0","0","0","0","0","0","0","0","1","1","0","0","0","0","0","0","0","0","0","0","-2"
"217420","Rhode Island College","2018","On-tenure track, assistant professors","78","27","51","0","0","0","6","3","3","4","0","4","3","2","1","1","1","0","62","20","42","2","1","1","0","0","0","0","0","0","-2"
"217420","Rhode Island College","2018","Not on tenure track/No tenure system system total","31","5","26","1","0","1","2","0","2","0","0","0","2","1","1","0","0","0","26","4","22","0","0","0","0","0","0","0","0","0","-2"
"217420","Rhode Island College","2018","Not on tenure/no tenure system, associate professors","1","1","0","0","0","0","0","0","0","0","0","0","0","0","0","0","0","0","1","1","0","0","0","0","0","0","0","0","0","0","-2"
"217420","Rhode Island College","2018","Not on tenure/no tenure system, assistant professors","30","4","26","1","0","1","2","0","2","0","0","0","2","1","1","0","0","0","25","3","22","0","0","0","0","0","0","0","0","0","-2"
"221661","Southern Adventist University","2018","Not on tenure track/No tenure system system total","140","68","72","1","0","1","2","1","1","7","1","6","11","5","6","1","1","0","115","58","57","0","0","0","3","2","1","0","0","0","-2"
"221661","Southern Adventist University","2018","Not on tenure/no tenure system, professors","53","32","21","0","0","0","1","0","1","3","1","2","2","1","1","0","0","0","47","30","17","0","0","0","0","0","0","0","0","0","-2"
"221661","Southern Adventist University","2018","Not on tenure/no tenure system, associate professors","62","30","32","0","0","0","1","1","0","1","0","1","5","3","2","1","1","0","53","24","29","0","0","0","1","1","0","0","0","0","-2"
"221661","Southern Adventist University","2018","Not on tenure/no tenure system, assistant professors","25","6","19","1","0","1","0","0","0","3","0","3","4","1","3","0","0","0","15","4","11","0","0","0","2","1","1","0","0","0","-2"
"222178","Abilene Christian University","2018","Tenured total","129","98","31","1","1","0","2","2","0","5","3","2","4","2","2","0","0","0","114","88","26","3","2","1","0","0","0","0","0","0","-2"
"222178","Abilene Christian University","2018","Tenured, professors","56","48","8","1","1","0","1","1","0","0","0","0","2","0","2","0","0","0","51","46","5","1","0","1","0","0","0","0","0","0","-2"
"222178","Abilene Christian University","2018","Tenured, associate professors","71","48","23","0","0","0","0","0","0","5","3","2","2","2","0","0","0","0","62","41","21","2","2","0","0","0","0","0","0","0","-2"
"222178","Abilene Christian University","2018","Tenured, assistant professors","2","2","0","0","0","0","1","1","0","0","0","0","0","0","0","0","0","0","1","1","0","0","0","0","0","0","0","0","0","0","-2"
"222178","Abilene Christian University","2018","On-Tenure track total","49","28","21","0","0","0","1","0","1","2","2","0","3","3","0","0","0","0","42","23","19","1","0","1","0","0","0","0","0","0","-2"
"222178","Abilene Christian University","2018","On-tenure track, associate professors","5","4","1","0","0","0","0","0","0","0","0","0","0","0","0","0","0","0","5","4","1","0","0","0","0","0","0","0","0","0","-2"
"222178","Abilene Christian University","2018","On-tenure track, assistant professors","43","24","19","0","0","0","1","0","1","2","2","0","3","3","0","0","0","0","36","19","17","1","0","1","0","0","0","0","0","0","-2"
"222178","Abilene Christian University","2018","On-tenure track, no academic rank","1","0","1","0","0","0","0","0","0","0","0","0","0","0","0","0","0","0","1","0","1","0","0","0","0","0","0","0","0","0","-2"
"222178","Abilene Christian University","2018","Not on tenure track/No tenure system system total","88","32","56","0","0","0","0","0","0","5","2","3","4","2","2","0","0","0","77","26","51","0","0","0","0","0","0","2","2","0","-2"
"222178","Abilene Christian University","2018","Not on tenure/no tenure system, professors","1","0","1","0","0","0","0","0","0","0","0","0","0","0","0","0","0","0","1","0","1","0","0","0","0","0","0","0","0","0","-2"
"222178","Abilene Christian University","2018","Not on tenure/no tenure system, associate professors","7","5","2","0","0","0","0","0","0","1","1","0","0","0","0","0","0","0","6","4","2","0","0","0","0","0","0","0","0","0","-2"
"222178","Abilene Christian University","2018","Not on tenure/no tenure system, assistant professors","13","3","10","0","0","0","0","0","0","0","0","0","1","1","0","0","0","0","12","2","10","0","0","0","0","0","0","0","0","0","-2"
"222178","Abilene Christian University","2018","Not on tenure/no tenure system, instructors","46","14","32","0","0","0","0","0","0","1","0","1","2","1","1","0","0","0","42","12","30","0","0","0","0","0","0","1","1","0","-2"
"222178","Abilene Christian University","2018","Not on tenure/no tenure system, no academic rank","21","10","11","0","0","0","0","0","0","3","1","2","1","0","1","0","0","0","16","8","8","0","0","0","0","0","0","1","1","0","-2"
"222983","Austin College","2018","Tenured total","67","47","20","2","1","1","1","1","0","1","0","1","5","2","3","0","0","0","57","42","15","0","0","0","0","0","0","1","1","0","-2"
"222983","Austin College","2018","Tenured, professors","26","19","7","1","1","0","0","0","0","1","0","1","1","0","1","0","0","0","23","18","5","0","0","0","0","0","0","0","0","0","-2"
"222983","Austin College","2018","Tenured, associate professors","41","28","13","1","0","1","1","1","0","0","0","0","4","2","2","0","0","0","34","24","10","0","0","0","0","0","0","1","1","0","-2"
"222983","Austin College","2018","On-Tenure track total","22","11","11","0","0","0","4","1","3","1","1","0","1","0","1","0","0","0","16","9","7","0","0","0","0","0","0","0","0","0","-2"
"222983","Austin College","2018","On-tenure track, assistant professors","22","11","11","0","0","0","4","1","3","1","1","0","1","0","1","0","0","0","16","9","7","0","0","0","0","0","0","0","0","0","-2"
"222983","Austin College","2018","Not on tenure track/No tenure system system total","4","1","3","0","0","0","0","0","0","2","1","1","0","0","0","0","0","0","2","0","2","0","0","0","0","0","0","0","0","0","-2"
"222983","Austin College","2018","Not on tenure/no tenure system, associate professors","1","0","1","0","0","0","0","0","0","0","0","0","0","0","0","0","0","0","1","0","1","0","0","0","0","0","0","0","0","0","-2"
"222983","Austin College","2018","Not on tenure/no tenure system, assistant professors","3","1","2","0","0","0","0","0","0","2","1","1","0","0","0","0","0","0","1","0","1","0","0","0","0","0","0","0","0","0","-2"
"223232","Baylor University","2018","Tenured total","518","377","141","1","1","0","35","27","8","12","6","6","21","16","5","1","1","0","429","311","118","13","10","3","0","0","0","6","5","1","-2"
"223232","Baylor University","2018","Tenured, professors","275","223","52","1","1","0","7","6","1","7","4","3","9","8","1","1","1","0","235","191","44","10","8","2","0","0","0","5","4","1","-2"
"223232","Baylor University","2018","Tenured, associate professors","243","154","89","0","0","0","28","21","7","5","2","3","12","8","4","0","0","0","194","120","74","3","2","1","0","0","0","1","1","0","-2"
"223232","Baylor University","2018","On-Tenure track total","163","86","77","0","0","0","15","12","3","9","3","6","6","4","2","0","0","0","118","57","61","1","1","0","3","3","0","11","6","5","-2"
"223232","Baylor University","2018","On-tenure track, professors","2","0","2","0","0","0","0","0","0","0","0","0","0","0","0","0","0","0","2","0","2","0","0","0","0","0","0","0","0","0","-2"
"223232","Baylor University","2018","On-tenure track, associate professors","13","9","4","0","0","0","2","2","0","0","0","0","0","0","0","0","0","0","11","7","4","0","0","0","0","0","0","0","0","0","-2"
"223232","Baylor University","2018","On-tenure track, assistant professors","148","77","71","0","0","0","13","10","3","9","3","6","6","4","2","0","0","0","105","50","55","1","1","0","3","3","0","11","6","5","-2"
"223232","Baylor University","2018","Not on tenure track/No tenure system system total","425","178","247","0","0","0","10","3","7","10","4","6","16","5","11","0","0","0","361","154","207","9","4","5","5","3","2","14","5","9","-2"
"223232","Baylor University","2018","Not on tenure/no tenure system, professors","12","5","7","0","0","0","0","0","0","0","0","0","1","1","0","0","0","0","11","4","7","0","0","0","0","0","0","0","0","0","-2"
"223232","Baylor University","2018","Not on tenure/no tenure system, associate professors","30","9","21","0","0","0","0","0","0","1","1","0","0","0","0","0","0","0","28","8","20","0","0","0","1","0","1","0","0","0","-2"
"223232","Baylor University","2018","Not on tenure/no tenure system, assistant professors","61","21","40","0","0","0","2","0","2","2","0","2","1","0","1","0","0","0","53","19","34","2","1","1","0","0","0","1","1","0","-2"
"223232","Baylor University","2018","Not on tenure/no tenure system, instructors","9","0","9","0","0","0","0","0","0","1","0","1","0","0","0","0","0","0","8","0","8","0","0","0","0","0","0","0","0","0","-2"
"223232","Baylor University","2018","Not on tenure/no tenure system, lecturers","313","143","170","0","0","0","8","3","5","6","3","3","14","4","10","0","0","0","261","123","138","7","3","4","4","3","1","13","4","9","-2"
"224226","Dallas Baptist University","2018","Not on tenure track/No tenure system system total","126","78","48","0","0","0","10","9","1","2","1","1","5","3","2","0","0","0","109","65","44","0","0","0","0","0","0","0","0","0","-2"
"224226","Dallas Baptist University","2018","Not on tenure/no tenure system, professors","56","32","24","0","0","0","4","3","1","2","1","1","2","2","0","0","0","0","48","26","22","0","0","0","0","0","0","0","0","0","-2"
"224226","Dallas Baptist University","2018","Not on tenure/no tenure system, associate professors","22","15","7","0","0","0","0","0","0","0","0","0","2","1","1","0","0","0","20","14","6","0","0","0","0","0","0","0","0","0","-2"
"224226","Dallas Baptist University","2018","Not on tenure/no tenure system, assistant professors","48","31","17","0","0","0","6","6","0","0","0","0","1","0","1","0","0","0","41","25","16","0","0","0","0","0","0","0","0","0","-2"
"224244","Dallas Christian College","2018","Not on tenure track/No tenure system system total","7","4","3","0","0","0","0","0","0","1","1","0","0","0","0","0","0","0","6","3","3","0","0","0","0","0","0","0","0","0","-2"
"224244","Dallas Christian College","2018","Not on tenure/no tenure system, professors","2","2","0","0","0","0","0","0","0","0","0","0","0","0","0","0","0","0","2","2","0","0","0","0","0","0","0","0","0","0","-2"
"224244","Dallas Christian College","2018","Not on tenure/no tenure system, associate professors","4","2","2","0","0","0","0","0","0","1","1","0","0","0","0","0","0","0","3","1","2","0","0","0","0","0","0","0","0","0","-2"
"224244","Dallas Christian College","2018","Not on tenure/no tenure system, instructors","1","0","1","0","0","0","0","0","0","0","0","0","0","0","0","0","0","0","1","0","1","0","0","0","0","0","0","0","0","0","-2"
"224323","University of Dallas","2018","Tenured total","81","58","23","1","0","1","1","0","1","1","1","0","4","2","2","0","0","0","71","54","17","1","0","1","2","1","1","0","0","0","-2"
"224323","University of Dallas","2018","Tenured, professors","20","16","4","0","0","0","0","0","0","0","0","0","0","0","0","0","0","0","20","16","4","0","0","0","0","0","0","0","0","0","-2"
"224323","University of Dallas","2018","Tenured, associate professors","61","42","19","1","0","1","1","0","1","1","1","0","4","2","2","0","0","0","51","38","13","1","0","1","2","1","1","0","0","0","-2"
"224323","University of Dallas","2018","On-Tenure track total","27","14","13","0","0","0","0","0","0","1","0","1","3","2","1","0","0","0","20","11","9","3","1","2","0","0","0","0","0","0","-2"
"224323","University of Dallas","2018","On-tenure track, assistant professors","27","14","13","0","0","0","0","0","0","1","0","1","3","2","1","0","0","0","20","11","9","3","1","2","0","0","0","0","0","0","-2"
"224323","University of Dallas","2018","Not on tenure track/No tenure system system total","35","15","20","0","0","0","1","0","1","0","0","0","4","1","3","0","0","0","28","14","14","1","0","1","1","0","1","0","0","0","-2"
"224323","University of Dallas","2018","Not on tenure/no tenure system, instructors","35","15","20","0","0","0","1","0","1","0","0","0","4","1","3","0","0","0","28","14","14","1","0","1","1","0","1","0","0","0","-2"
"224545","Texas A&M University-Texarkana","2018","Tenured total","33","24","9","0","0","0","4","4","0","1","1","0","1","0","1","0","0","0","26","18","8","0","0","0","1","1","0","0","0","0","-2"
"224545","Texas A&M University-Texarkana","2018","Tenured, professors","17","13","4","0","0","0","3","3","0","1","1","0","1","0","1","0","0","0","12","9","3","0","0","0","0","0","0","0","0","0","-2"
"224545","Texas A&M University-Texarkana","2018","Tenured, associate professors","16","11","5","0","0","0","1","1","0","0","0","0","0","0","0","0","0","0","14","9","5","0","0","0","1","1","0","0","0","0","-2"
"224545","Texas A&M University-Texarkana","2018","On-Tenure track total","4","2","2","0","0","0","1","0","1","0","0","0","0","0","0","0","0","0","2","1","1","0","0","0","0","0","0","1","1","0","-2"
"224545","Texas A&M University-Texarkana","2018","On-tenure track, assistant professors","4","2","2","0","0","0","1","0","1","0","0","0","0","0","0","0","0","0","2","1","1","0","0","0","0","0","0","1","1","0","-2"
"224545","Texas A&M University-Texarkana","2018","Not on tenure track/No tenure system system total","49","24","25","0","0","0","4","3","1","3","3","0","3","2","1","0","0","0","28","11","17","1","0","1","5","1","4","5","4","1","-2"
"224545","Texas A&M University-Texarkana","2018","Not on tenure/no tenure system, professors","1","1","0","0","0","0","0","0","0","0","0","0","0","0","0","0","0","0","0","0","0","0","0","0","0","0","0","1","1","0","-2"
"224545","Texas A&M University-Texarkana","2018","Not on tenure/no tenure system, associate professors","10","7","3","0","0","0","3","2","1","0","0","0","0","0","0","0","0","0","6","4","2","0","0","0","1","1","0","0","0","0","-2"
"224545","Texas A&M University-Texarkana","2018","Not on tenure/no tenure system, assistant professors","24","12","12","0","0","0","1","1","0","3","3","0","1","1","0","0","0","0","13","5","8","1","0","1","2","0","2","3","2","1","-2"
"224545","Texas A&M University-Texarkana","2018","Not on tenure/no tenure system, instructors","12","3","9","0","0","0","0","0","0","0","0","0","1","0","1","0","0","0","8","2","6","0","0","0","2","0","2","1","1","0","-2"
"224545","Texas A&M University-Texarkana","2018","Not on tenure/no tenure system, lecturers","2","1","1","0","0","0","0","0","0","0","0","0","1","1","0","0","0","0","1","0","1","0","0","0","0","0","0","0","0","0","-2"
"224554","Texas A & M University-Commerce","2018","Tenured total","134","89","45","1","1","0","19","15","4","11","7","4","8","6","2","0","0","0","94","59","35","0","0","0","1","1","0","0","0","0","-2"
"224554","Texas A & M University-Commerce","2018","Tenured, professors","69","47","22","1","1","0","15","13","2","6","4","2","4","3","1","0","0","0","43","26","17","0","0","0","0","0","0","0","0","0","-2"
"224554","Texas A & M University-Commerce","2018","Tenured, associate professors","63","41","22","0","0","0","4","2","2","5","3","2","4","3","1","0","0","0","49","32","17","0","0","0","1","1","0","0","0","0","-2"
"224554","Texas A & M University-Commerce","2018","Tenured, assistant professors","1","1","0","0","0","0","0","0","0","0","0","0","0","0","0","0","0","0","1","1","0","0","0","0","0","0","0","0","0","0","-2"
"224554","Texas A & M University-Commerce","2018","Tenured, instructors","1","0","1","0","0","0","0","0","0","0","0","0","0","0","0","0","0","0","1","0","1","0","0","0","0","0","0","0","0","0","-2"
"224554","Texas A & M University-Commerce","2018","On-Tenure track total","122","70","52","0","0","0","18","10","8","14","5","9","13","6","7","1","0","1","48","30","18","2","1","1","3","3","0","23","15","8","-2"
"224554","Texas A & M University-Commerce","2018","On-tenure track, associate professors","35","27","8","0","0","0","9","7","2","7","4","3","5","3","2","0","0","0","11","10","1","0","0","0","1","1","0","2","2","0","-2"
"224554","Texas A & M University-Commerce","2018","On-tenure track, assistant professors","87","43","44","0","0","0","9","3","6","7","1","6","8","3","5","1","0","1","37","20","17","2","1","1","2","2","0","21","13","8","-2"
"224554","Texas A & M University-Commerce","2018","Not on tenure track/No tenure system system total","124","45","79","0","0","0","9","2","7","12","5","7","5","0","5","0","0","0","89","34","55","0","0","0","5","2","3","4","2","2","-2"
"224554","Texas A & M University-Commerce","2018","Not on tenure/no tenure system, professors","1","1","0","0","0","0","1","1","0","0","0","0","0","0","0","0","0","0","0","0","0","0","0","0","0","0","0","0","0","0","-2"
"224554","Texas A & M University-Commerce","2018","Not on tenure/no tenure system, associate professors","16","4","12","0","0","0","2","1","1","4","0","4","0","0","0","0","0","0","9","2","7","0","0","0","1","1","0","0","0","0","-2"
"224554","Texas A & M University-Commerce","2018","Not on tenure/no tenure system, assistant professors","46","17","29","0","0","0","5","0","5","2","2","0","4","0","4","0","0","0","29","12","17","0","0","0","2","1","1","4","2","2","-2"
"224554","Texas A & M University-Commerce","2018","Not on tenure/no tenure system, instructors","47","15","32","0","0","0","1","0","1","4","1","3","1","0","1","0","0","0","40","14","26","0","0","0","1","0","1","0","0","0","-2"
"224554","Texas A & M University-Commerce","2018","Not on tenure/no tenure system, lecturers","14","8","6","0","0","0","0","0","0","2","2","0","0","0","0","0","0","0","11","6","5","0","0","0","1","0","1","0","0","0","-2"
"225247","Hardin-Simmons University","2018","Tenured total","93","59","34","0","0","0","2","1","1","2","1","1","0","0","0","0","0","0","89","57","32","0","0","0","0","0","0","0","0","0","-2"
"225247","Hardin-Simmons University","2018","Tenured, professors","62","42","20","0","0","0","1","0","1","0","0","0","0","0","0","0","0","0","61","42","19","0","0","0","0","0","0","0","0","0","-2"
"225247","Hardin-Simmons University","2018","Tenured, associate professors","28","17","11","0","0","0","1","1","0","1","1","0","0","0","0","0","0","0","26","15","11","0","0","0","0","0","0","0","0","0","-2"
"225247","Hardin-Simmons University","2018","Tenured, assistant professors","3","0","3","0","0","0","0","0","0","1","0","1","0","0","0","0","0","0","2","0","2","0","0","0","0","0","0","0","0","0","-2"
"225247","Hardin-Simmons University","2018","On-Tenure track total","24","11","13","0","0","0","1","0","1","0","0","0","3","0","3","0","0","0","19","11","8","0","0","0","1","0","1","0","0","0","-2"
"225247","Hardin-Simmons University","2018","On-tenure track, associate professors","4","2","2","0","0","0","0","0","0","0","0","0","1","0","1","0","0","0","3","2","1","0","0","0","0","0","0","0","0","0","-2"
"225247","Hardin-Simmons University","2018","On-tenure track, assistant professors","17","6","11","0","0","0","1","0","1","0","0","0","2","0","2","0","0","0","13","6","7","0","0","0","1","0","1","0","0","0","-2"
"225247","Hardin-Simmons University","2018","On-tenure track, instructors","3","3","0","0","0","0","0","0","0","0","0","0","0","0","0","0","0","0","3","3","0","0","0","0","0","0","0","0","0","0","-2"
"225247","Hardin-Simmons University","2018","Not on tenure track/No tenure system system total","17","11","6","0","0","0","0","0","0","0","0","0","0","0","0","0","0","0","17","11","6","0","0","0","0","0","0","0","0","0","-2"
"225247","Hardin-Simmons University","2018","Not on tenure/no tenure system, professors","1","1","0","0","0","0","0","0","0","0","0","0","0","0","0","0","0","0","1","1","0","0","0","0","0","0","0","0","0","0","-2"
"225247","Hardin-Simmons University","2018","Not on tenure/no tenure system, associate professors","1","0","1","0","0","0","0","0","0","0","0","0","0","0","0","0","0","0","1","0","1","0","0","0","0","0","0","0","0","0","-2"
"225247","Hardin-Simmons University","2018","Not on tenure/no tenure system, assistant professors","12","9","3","0","0","0","0","0","0","0","0","0","0","0","0","0","0","0","12","9","3","0","0","0","0","0","0","0","0","0","-2"
"225247","Hardin-Simmons University","2018","Not on tenure/no tenure system, instructors","3","1","2","0","0","0","0","0","0","0","0","0","0","0","0","0","0","0","3","1","2","0","0","0","0","0","0","0","0","0","-2"
"226091","Lamar University","2018","Tenured total","206","127","79","1","0","1","50","34","16","11","3","8","9","6","3","0","0","0","134","83","51","0","0","0","1","1","0","0","0","0","-2"
"226091","Lamar University","2018","Tenured, professors","91","60","31","0","0","0","23","19","4","2","0","2","2","1","1","0","0","0","64","40","24","0","0","0","0","0","0","0","0","0","-2"
"226091","Lamar University","2018","Tenured, associate professors","106","63","43","1","0","1","26","14","12","9","3","6","7","5","2","0","0","0","62","40","22","0","0","0","1","1","0","0","0","0","-2"
"226091","Lamar University","2018","Tenured, assistant professors","9","4","5","0","0","0","1","1","0","0","0","0","0","0","0","0","0","0","8","3","5","0","0","0","0","0","0","0","0","0","-2"
"226091","Lamar University","2018","On-Tenure track total","101","54","47","1","0","1","19","14","5","13","4","9","7","5","2","0","0","0","58","29","29","0","0","0","0","0","0","3","2","1","-2"
"226091","Lamar University","2018","On-tenure track, professors","1","1","0","0","0","0","0","0","0","0","0","0","0","0","0","0","0","0","1","1","0","0","0","0","0","0","0","0","0","0","-2"
"226091","Lamar University","2018","On-tenure track, associate professors","9","5","4","0","0","0","1","1","0","1","0","1","1","1","0","0","0","0","6","3","3","0","0","0","0","0","0","0","0","0","-2"
"226091","Lamar University","2018","On-tenure track, assistant professors","88","47","41","1","0","1","18","13","5","12","4","8","6","4","2","0","0","0","48","24","24","0","0","0","0","0","0","3","2","1","-2"
"226091","Lamar University","2018","On-tenure track, instructors","3","1","2","0","0","0","0","0","0","0","0","0","0","0","0","0","0","0","3","1","2","0","0","0","0","0","0","0","0","0","-2"
"226091","Lamar University","2018","Not on tenure track/No tenure system system total","162","63","99","0","0","0","12","10","2","10","1","9","6","1","5","0","0","0","129","47","82","0","0","0","2","1","1","3","3","0","-2"
"226091","Lamar University","2018","Not on tenure/no tenure system, professors","1","1","0","0","0","0","0","0","0","0","0","0","0","0","0","0","0","0","1","1","0","0","0","0","0","0","0","0","0","0","-2"
"226091","Lamar University","2018","Not on tenure/no tenure system, associate professors","1","1","0","0","0","0","0","0","0","0","0","0","0","0","0","0","0","0","1","1","0","0","0","0","0","0","0","0","0","0","-2"
"226091","Lamar University","2018","Not on tenure/no tenure system, assistant professors","20","10","10","0","0","0","4","4","0","2","0","2","2","1","1","0","0","0","12","5","7","0","0","0","0","0","0","0","0","0","-2"
"226091","Lamar University","2018","Not on tenure/no tenure system, instructors","140","51","89","0","0","0","8","6","2","8","1","7","4","0","4","0","0","0","115","40","75","0","0","0","2","1","1","3","3","0","-2"
"226383","Lubbock Christian University","2018","Tenured total","59","31","28","0","0","0","0","0","0","0","0","0","4","4","0","0","0","0","55","27","28","0","0","0","0","0","0","0","0","0","-2"
"226383","Lubbock Christian University","2018","Tenured, professors","34","20","14","0","0","0","0","0","0","0","0","0","2","2","0","0","0","0","32","18","14","0","0","0","0","0","0","0","0","0","-2"
"226383","Lubbock Christian University","2018","Tenured, associate professors","18","10","8","0","0","0","0","0","0","0","0","0","2","2","0","0","0","0","16","8","8","0","0","0","0","0","0","0","0","0","-2"
"226383","Lubbock Christian University","2018","Tenured, assistant professors","7","1","6","0","0","0","0","0","0","0","0","0","0","0","0","0","0","0","7","1","6","0","0","0","0","0","0","0","0","0","-2"
"226383","Lubbock Christian University","2018","On-Tenure track total","32","17","15","0","0","0","0","0","0","1","0","1","0","0","0","0","0","0","31","17","14","0","0","0","0","0","0","0","0","0","-2"
"226383","Lubbock Christian University","2018","On-tenure track, professors","2","1","1","0","0","0","0","0","0","0","0","0","0","0","0","0","0","0","2","1","1","0","0","0","0","0","0","0","0","0","-2"
"226383","Lubbock Christian University","2018","On-tenure track, associate professors","6","6","0","0","0","0","0","0","0","0","0","0","0","0","0","0","0","0","6","6","0","0","0","0","0","0","0","0","0","0","-2"
"226383","Lubbock Christian University","2018","On-tenure track, assistant professors","23","10","13","0","0","0","0","0","0","1","0","1","0","0","0","0","0","0","22","10","12","0","0","0","0","0","0","0","0","0","-2"
"226383","Lubbock Christian University","2018","On-tenure track, instructors","1","0","1","0","0","0","0","0","0","0","0","0","0","0","0","0","0","0","1","0","1","0","0","0","0","0","0","0","0","0","-2"
"226383","Lubbock Christian University","2018","Not on tenure track/No tenure system system total","4","2","2","0","0","0","0","0","0","0","0","0","0","0","0","0","0","0","4","2","2","0","0","0","0","0","0","0","0","0","-2"
"226383","Lubbock Christian University","2018","Not on tenure/no tenure system, lecturers","3","1","2","0","0","0","0","0","0","0","0","0","0","0","0","0","0","0","3","1","2","0","0","0","0","0","0","0","0","0","-2"
"226383","Lubbock Christian University","2018","Not on tenure/no tenure system, no academic rank","1","1","0","0","0","0","0","0","0","0","0","0","0","0","0","0","0","0","1","1","0","0","0","0","0","0","0","0","0","0","-2"
"226471","University of Mary Hardin-Baylor","2018","Tenured total","66","34","32","0","0","0","4","2","2","0","0","0","0","0","0","0","0","0","60","31","29","0","0","0","1","1","0","1","0","1","-2"
"226471","University of Mary Hardin-Baylor","2018","Tenured, professors","45","23","22","0","0","0","3","1","2","0","0","0","0","0","0","0","0","0","40","21","19","0","0","0","1","1","0","1","0","1","-2"
"226471","University of Mary Hardin-Baylor","2018","Tenured, associate professors","21","11","10","0","0","0","1","1","0","0","0","0","0","0","0","0","0","0","20","10","10","0","0","0","0","0","0","0","0","0","-2"
"226471","University of Mary Hardin-Baylor","2018","On-Tenure track total","58","25","33","0","0","0","3","3","0","5","2","3","2","0","2","1","1","0","44","18","26","1","1","0","2","0","2","0","0","0","-2"
"226471","University of Mary Hardin-Baylor","2018","On-tenure track, professors","5","2","3","0","0","0","0","0","0","0","0","0","0","0","0","0","0","0","5","2","3","0","0","0","0","0","0","0","0","0","-2"
"226471","University of Mary Hardin-Baylor","2018","On-tenure track, associate professors","17","4","13","0","0","0","1","1","0","3","0","3","1","0","1","0","0","0","10","3","7","0","0","0","2","0","2","0","0","0","-2"
"226471","University of Mary Hardin-Baylor","2018","On-tenure track, assistant professors","36","19","17","0","0","0","2","2","0","2","2","0","1","0","1","1","1","0","29","13","16","1","1","0","0","0","0","0","0","0","-2"
"226471","University of Mary Hardin-Baylor","2018","Not on tenure track/No tenure system system total","40","12","28","0","0","0","0","0","0","1","0","1","1","0","1","0","0","0","35","11","24","2","0","2","1","1","0","0","0","0","-2"
"226471","University of Mary Hardin-Baylor","2018","Not on tenure/no tenure system, professors","1","0","1","0","0","0","0","0","0","0","0","0","0","0","0","0","0","0","0","0","0","1","0","1","0","0","0","0","0","0","-2"
"226471","University of Mary Hardin-Baylor","2018","Not on tenure/no tenure system, associate professors","5","2","3","0","0","0","0","0","0","0","0","0","1","0","1","0","0","0","4","2","2","0","0","0","0","0","0","0","0","0","-2"
"226471","University of Mary Hardin-Baylor","2018","Not on tenure/no tenure system, assistant professors","17","6","11","0","0","0","0","0","0","0","0","0","0","0","0","0","0","0","17","6","11","0","0","0","0","0","0","0","0","0","-2"
"226471","University of Mary Hardin-Baylor","2018","Not on tenure/no tenure system, instructors","17","4","13","0","0","0","0","0","0","1","0","1","0","0","0","0","0","0","14","3","11","1","0","1","1","1","0","0","0","0","-2"
"226833","Midwestern State University","2018","Tenured total","115","69","46","1","0","1","7","5","2","1","0","1","3","2","1","0","0","0","91","55","36","1","1","0","1","0","1","10","6","4","-2"
"226833","Midwestern State University","2018","Tenured, professors","39","28","11","1","0","1","3","3","0","0","0","0","3","2","1","0","0","0","29","20","9","0","0","0","0","0","0","3","3","0","-2"
"226833","Midwestern State University","2018","Tenured, associate professors","70","37","33","0","0","0","4","2","2","1","0","1","0","0","0","0","0","0","56","31","25","1","1","0","1","0","1","7","3","4","-2"
"226833","Midwestern State University","2018","Tenured, assistant professors","6","4","2","0","0","0","0","0","0","0","0","0","0","0","0","0","0","0","6","4","2","0","0","0","0","0","0","0","0","0","-2"
"226833","Midwestern State University","2018","On-Tenure track total","56","33","23","0","0","0","1","0","1","1","0","1","4","3","1","0","0","0","37","19","18","0","0","0","0","0","0","13","11","2","-2"
"226833","Midwestern State University","2018","On-tenure track, professors","1","1","0","0","0","0","0","0","0","0","0","0","0","0","0","0","0","0","1","1","0","0","0","0","0","0","0","0","0","0","-2"
"226833","Midwestern State University","2018","On-tenure track, associate professors","4","3","1","0","0","0","0","0","0","0","0","0","0","0","0","0","0","0","2","1","1","0","0","0","0","0","0","2","2","0","-2"
"226833","Midwestern State University","2018","On-tenure track, assistant professors","51","29","22","0","0","0","1","0","1","1","0","1","4","3","1","0","0","0","34","17","17","0","0","0","0","0","0","11","9","2","-2"
"226833","Midwestern State University","2018","Not on tenure track/No tenure system system total","61","18","43","0","0","0","0","0","0","1","0","1","2","0","2","0","0","0","53","16","37","0","0","0","1","1","0","4","1","3","-2"
"226833","Midwestern State University","2018","Not on tenure/no tenure system, associate professors","1","1","0","0","0","0","0","0","0","0","0","0","0","0","0","0","0","0","1","1","0","0","0","0","0","0","0","0","0","0","-2"
"226833","Midwestern State University","2018","Not on tenure/no tenure system, assistant professors","32","4","28","0","0","0","0","0","0","1","0","1","1","0","1","0","0","0","29","4","25","0","0","0","0","0","0","1","0","1","-2"
"226833","Midwestern State University","2018","Not on tenure/no tenure system, instructors","21","8","13","0","0","0","0","0","0","0","0","0","1","0","1","0","0","0","20","8","12","0","0","0","0","0","0","0","0","0","-2"
"226833","Midwestern State University","2018","Not on tenure/no tenure system, lecturers","5","3","2","0","0","0","0","0","0","0","0","0","0","0","0","0","0","0","2","2","0","0","0","0","1","1","0","2","0","2","-2"
"226833","Midwestern State University","2018","Not on tenure/no tenure system, no academic rank","2","2","0","0","0","0","0","0","0","0","0","0","0","0","0","0","0","0","1","1","0","0","0","0","0","0","0","1","1","0","-2"
"227429","Paul Quinn College","2018","Not on tenure track/No tenure system system total","13","6","7","0","0","0","0","0","0","10","5","5","1","0","1","0","0","0","2","1","1","0","0","0","0","0","0","0","0","0","-2"
"227429","Paul Quinn College","2018","Not on tenure/no tenure system, associate professors","8","4","4","0","0","0","0","0","0","6","4","2","1","0","1","0","0","0","1","0","1","0","0","0","0","0","0","0","0","0","-2"
"227429","Paul Quinn College","2018","Not on tenure/no tenure system, instructors","1","0","1","0","0","0","0","0","0","1","0","1","0","0","0","0","0","0","0","0","0","0","0","0","0","0","0","0","0","0","-2"
"227429","Paul Quinn College","2018","Not on tenure/no tenure system, lecturers","4","2","2","0","0","0","0","0","0","3","1","2","0","0","0","0","0","0","1","1","0","0","0","0","0","0","0","0","0","0","-2"
"227881","Sam Houston State University","2018","Tenured total","351","218","133","1","0","1","35","23","12","8","4","4","20","12","8","0","0","0","285","179","106","2","0","2","0","0","0","0","0","0","-2"
"227881","Sam Houston State University","2018","Tenured, professors","175","114","61","0","0","0","17","12","5","3","3","0","7","4","3","0","0","0","148","95","53","0","0","0","0","0","0","0","0","0","-2"
"227881","Sam Houston State University","2018","Tenured, associate professors","172","103","69","1","0","1","17","10","7","5","1","4","13","8","5","0","0","0","134","84","50","2","0","2","0","0","0","0","0","0","-2"
"227881","Sam Houston State University","2018","Tenured, assistant professors","3","1","2","0","0","0","1","1","0","0","0","0","0","0","0","0","0","0","2","0","2","0","0","0","0","0","0","0","0","0","-2"
"227881","Sam Houston State University","2018","Tenured, instructors","1","0","1","0","0","0","0","0","0","0","0","0","0","0","0","0","0","0","1","0","1","0","0","0","0","0","0","0","0","0","-2"
"227881","Sam Houston State University","2018","On-Tenure track total","201","103","98","1","0","1","15","9","6","10","5","5","17","9","8","0","0","0","132","64","68","2","0","2","0","0","0","24","16","8","-2"
"227881","Sam Houston State University","2018","On-tenure track, professors","1","1","0","0","0","0","0","0","0","0","0","0","0","0","0","0","0","0","1","1","0","0","0","0","0","0","0","0","0","0","-2"
"227881","Sam Houston State University","2018","On-tenure track, associate professors","15","13","2","0","0","0","2","2","0","1","1","0","0","0","0","0","0","0","11","9","2","0","0","0","0","0","0","1","1","0","-2"
"227881","Sam Houston State University","2018","On-tenure track, assistant professors","185","89","96","1","0","1","13","7","6","9","4","5","17","9","8","0","0","0","120","54","66","2","0","2","0","0","0","23","15","8","-2"
"227881","Sam Houston State University","2018","Not on tenure track/No tenure system system total","226","84","142","1","0","1","7","1","6","15","7","8","15","8","7","0","0","0","170","62","108","7","3","4","0","0","0","11","3","8","-2"
"227881","Sam Houston State University","2018","Not on tenure/no tenure system, lecturers","226","84","142","1","0","1","7","1","6","15","7","8","15","8","7","0","0","0","170","62","108","7","3","4","0","0","0","11","3","8","-2"
"228325","Southwestern Assemblies of God University","2018","Not on tenure track/No tenure system system total","77","48","29","1","1","0","4","0","4","5","3","2","2","2","0","0","0","0","65","42","23","0","0","0","0","0","0","0","0","0","-2"
"228325","Southwestern Assemblies of God University","2018","Not on tenure/no tenure system, professors","24","17","7","0","0","0","1","0","1","1","1","0","1","1","0","0","0","0","21","15","6","0","0","0","0","0","0","0","0","0","-2"
"228325","Southwestern Assemblies of God University","2018","Not on tenure/no tenure system, associate professors","10","4","6","0","0","0","1","0","1","1","0","1","0","0","0","0","0","0","8","4","4","0","0","0","0","0","0","0","0","0","-2"
"228325","Southwestern Assemblies of God University","2018","Not on tenure/no tenure system, assistant professors","20","13","7","0","0","0","1","0","1","1","0","1","0","0","0","0","0","0","18","13","5","0","0","0","0","0","0","0","0","0","-2"
"228325","Southwestern Assemblies of God University","2018","Not on tenure/no tenure system, instructors","22","13","9","1","1","0","1","0","1","2","2","0","1","1","0","0","0","0","17","9","8","0","0","0","0","0","0","0","0","0","-2"
"228325","Southwestern Assemblies of God University","2018","Not on tenure/no tenure system, lecturers","1","1","0","0","0","0","0","0","0","0","0","0","0","0","0","0","0","0","1","1","0","0","0","0","0","0","0","0","0","0","-2"
"228343","Southwestern University","2018","Tenured total","74","37","37","1","1","0","2","1","1","2","1","1","7","3","4","0","0","0","61","30","31","0","0","0","1","1","0","0","0","0","-2"
"228343","Southwestern University","2018","Tenured, professors","42","17","25","0","0","0","2","1","1","0","0","0","3","1","2","0","0","0","36","14","22","0","0","0","1","1","0","0","0","0","-2"
"228343","Southwestern University","2018","Tenured, associate professors","32","20","12","1","1","0","0","0","0","2","1","1","4","2","2","0","0","0","25","16","9","0","0","0","0","0","0","0","0","0","-2"
"228343","Southwestern University","2018","On-Tenure track total","13","5","8","0","0","0","3","0","3","0","0","0","1","0","1","0","0","0","8","4","4","0","0","0","0","0","0","1","1","0","-2"
"228343","Southwestern University","2018","On-tenure track, assistant professors","13","5","8","0","0","0","3","0","3","0","0","0","1","0","1","0","0","0","8","4","4","0","0","0","0","0","0","1","1","0","-2"
"228343","Southwestern University","2018","Not on tenure track/No tenure system system total","25","10","15","0","0","0","1","0","1","1","0","1","6","2","4","0","0","0","16","7","9","0","0","0","1","1","0","0","0","0","-2"
"228343","Southwestern University","2018","Not on tenure/no tenure system, instructors","25","10","15","0","0","0","1","0","1","1","0","1","6","2","4","0","0","0","16","7","9","0","0","0","1","1","0","0","0","0","-2"
"228431","Stephen F Austin State University","2018","Tenured total","266","163","103","1","0","1","2","1","1","10","8","2","14","8","6","0","0","0","230","142","88","6","2","4","1","1","0","2","1","1","-2"
"228431","Stephen F Austin State University","2018","Tenured, professors","107","75","32","0","0","0","0","0","0","4","3","1","4","1","3","0","0","0","96","70","26","1","0","1","1","1","0","1","0","1","-2"
"228431","Stephen F Austin State University","2018","Tenured, associate professors","136","78","58","0","0","0","2","1","1","6","5","1","10","7","3","0","0","0","114","63","51","4","2","2","0","0","0","0","0","0","-2"
"228431","Stephen F Austin State University","2018","Tenured, assistant professors","16","9","7","1","0","1","0","0","0","0","0","0","0","0","0","0","0","0","13","8","5","1","0","1","0","0","0","1","1","0","-2"
"228431","Stephen F Austin State University","2018","Tenured, instructors","5","1","4","0","0","0","0","0","0","0","0","0","0","0","0","0","0","0","5","1","4","0","0","0","0","0","0","0","0","0","-2"
"228431","Stephen F Austin State University","2018","Tenured, lecturers","2","0","2","0","0","0","0","0","0","0","0","0","0","0","0","0","0","0","2","0","2","0","0","0","0","0","0","0","0","0","-2"
"228431","Stephen F Austin State University","2018","On-Tenure track total","127","68","59","1","0","1","5","2","3","2","1","1","8","7","1","0","0","0","102","55","47","0","0","0","0","0","0","9","3","6","-2"
"228431","Stephen F Austin State University","2018","On-tenure track, associate professors","12","7","5","0","0","0","2","0","2","2","1","1","0","0","0","0","0","0","8","6","2","0","0","0","0","0","0","0","0","0","-2"
"228431","Stephen F Austin State University","2018","On-tenure track, assistant professors","110","59","51","1","0","1","3","2","1","0","0","0","8","7","1","0","0","0","89","47","42","0","0","0","0","0","0","9","3","6","-2"
"228431","Stephen F Austin State University","2018","On-tenure track, instructors","5","2","3","0","0","0","0","0","0","0","0","0","0","0","0","0","0","0","5","2","3","0","0","0","0","0","0","0","0","0","-2"
"228431","Stephen F Austin State University","2018","Not on tenure track/No tenure system system total","139","37","102","2","1","1","3","0","3","3","0","3","4","1","3","0","0","0","123","32","91","3","3","0","0","0","0","1","0","1","-2"
"228431","Stephen F Austin State University","2018","Not on tenure/no tenure system, associate professors","2","2","0","0","0","0","0","0","0","0","0","0","0","0","0","0","0","0","2","2","0","0","0","0","0","0","0","0","0","0","-2"
"228431","Stephen F Austin State University","2018","Not on tenure/no tenure system, assistant professors","15","5","10","0","0","0","0","0","0","0","0","0","0","0","0","0","0","0","14","5","9","0","0","0","0","0","0","1","0","1","-2"
"228431","Stephen F Austin State University","2018","Not on tenure/no tenure system, instructors","44","7","37","0","0","0","0","0","0","3","0","3","2","0","2","0","0","0","39","7","32","0","0","0","0","0","0","0","0","0","-2"
"228431","Stephen F Austin State University","2018","Not on tenure/no tenure system, lecturers","75","21","54","2","1","1","3","0","3","0","0","0","2","1","1","0","0","0","65","16","49","3","3","0","0","0","0","0","0","0","-2"
"228431","Stephen F Austin State University","2018","Not on tenure/no tenure system, no academic rank","3","2","1","0","0","0","0","0","0","0","0","0","0","0","0","0","0","0","3","2","1","0","0","0","0","0","0","0","0","0","-2"
"228529","Tarleton State University","2018","Tenured total","141","88","53","3","2","1","7","4","3","2","1","1","12","8","4","0","0","0","113","70","43","1","1","0","2","1","1","1","1","0","-2"
"228529","Tarleton State University","2018","Tenured, professors","70","48","22","3","2","1","2","2","0","0","0","0","3","2","1","0","0","0","60","40","20","1","1","0","1","1","0","0","0","0","-2"
"228529","Tarleton State University","2018","Tenured, associate professors","71","40","31","0","0","0","5","2","3","2","1","1","9","6","3","0","0","0","53","30","23","0","0","0","1","0","1","1","1","0","-2"
"228529","Tarleton State University","2018","On-Tenure track total","156","88","68","1","1","0","12","9","3","11","4","7","7","5","2","0","0","0","112","60","52","4","2","2","3","3","0","6","4","2","-2"
"228529","Tarleton State University","2018","On-tenure track, associate professors","6","4","2","1","1","0","0","0","0","0","0","0","0","0","0","0","0","0","4","2","2","0","0","0","1","1","0","0","0","0","-2"
"228529","Tarleton State University","2018","On-tenure track, assistant professors","150","84","66","0","0","0","12","9","3","11","4","7","7","5","2","0","0","0","108","58","50","4","2","2","2","2","0","6","4","2","-2"
"228529","Tarleton State University","2018","Not on tenure track/No tenure system system total","120","44","76","1","1","0","2","1","1","1","1","0","8","2","6","0","0","0","102","37","65","1","0","1","3","1","2","2","1","1","-2"
"228529","Tarleton State University","2018","Not on tenure/no tenure system, associate professors","2","0","2","0","0","0","0","0","0","0","0","0","0","0","0","0","0","0","2","0","2","0","0","0","0","0","0","0","0","0","-2"
"228529","Tarleton State University","2018","Not on tenure/no tenure system, assistant professors","34","14","20","0","0","0","0","0","0","0","0","0","2","0","2","0","0","0","31","14","17","0","0","0","1","0","1","0","0","0","-2"
"228529","Tarleton State University","2018","Not on tenure/no tenure system, instructors","83","29","54","1","1","0","2","1","1","1","1","0","6","2","4","0","0","0","69","23","46","1","0","1","2","1","1","1","0","1","-2"
"228529","Tarleton State University","2018","Not on tenure/no tenure system, lecturers","1","1","0","0","0","0","0","0","0","0","0","0","0","0","0","0","0","0","0","0","0","0","0","0","0","0","0","1","1","0","-2"
"228653","The University of Texas Medical Branch at Galveston","2018","Tenured total","207","137","70","0","0","0","50","33","17","4","2","2","18","12","6","0","0","0","133","88","45","1","1","0","0","0","0","1","1","0","-2"
"228653","The University of Texas Medical Branch at Galveston","2018","Tenured, professors","155","110","45","0","0","0","37","26","11","2","1","1","13","10","3","0","0","0","102","72","30","1","1","0","0","0","0","0","0","0","-2"
"228653","The University of Texas Medical Branch at Galveston","2018","Tenured, associate professors","52","27","25","0","0","0","13","7","6","2","1","1","5","2","3","0","0","0","31","16","15","0","0","0","0","0","0","1","1","0","-2"
"228653","The University of Texas Medical Branch at Galveston","2018","On-Tenure track total","68","38","30","0","0","0","16","9","7","0","0","0","9","6","3","0","0","0","39","22","17","1","0","1","0","0","0","3","1","2","-2"
"228653","The University of Texas Medical Branch at Galveston","2018","On-tenure track, professors","2","1","1","0","0","0","0","0","0","0","0","0","1","0","1","0","0","0","1","1","0","0","0","0","0","0","0","0","0","0","-2"
"228653","The University of Texas Medical Branch at Galveston","2018","On-tenure track, associate professors","27","17","10","0","0","0","6","6","0","0","0","0","3","1","2","0","0","0","18","10","8","0","0","0","0","0","0","0","0","0","-2"
"228653","The University of Texas Medical Branch at Galveston","2018","On-tenure track, assistant professors","39","20","19","0","0","0","10","3","7","0","0","0","5","5","0","0","0","0","20","11","9","1","0","1","0","0","0","3","1","2","-2"
"228653","The University of Texas Medical Branch at Galveston","2018","Not on tenure track/No tenure system system total","321","153","168","2","1","1","79","43","36","16","7","9","21","9","12","1","1","0","188","84","104","7","5","2","0","0","0","7","3","4","-2"
"228653","The University of Texas Medical Branch at Galveston","2018","Not on tenure/no tenure system, professors","54","38","16","0","0","0","13","11","2","2","0","2","3","3","0","1","1","0","35","23","12","0","0","0","0","0","0","0","0","0","-2"
"228653","The University of Texas Medical Branch at Galveston","2018","Not on tenure/no tenure system, associate professors","82","43","39","0","0","0","19","9","10","6","4","2","8","5","3","0","0","0","47","23","24","2","2","0","0","0","0","0","0","0","-2"
"228653","The University of Texas Medical Branch at Galveston","2018","Not on tenure/no tenure system, assistant professors","181","69","112","1","0","1","45","22","23","8","3","5","10","1","9","0","0","0","105","37","68","5","3","2","0","0","0","7","3","4","-2"
"228653","The University of Texas Medical Branch at Galveston","2018","Not on tenure/no tenure system, instructors","3","2","1","1","1","0","2","1","1","0","0","0","0","0","0","0","0","0","0","0","0","0","0","0","0","0","0","0","0","0","-2"
"228653","The University of Texas Medical Branch at Galveston","2018","Not on tenure/no tenure system, no academic rank","1","1","0","0","0","0","0","0","0","0","0","0","0","0","0","0","0","0","1","1","0","0","0","0","0","0","0","0","0","0","-2"
"228787","The University of Texas at Dallas","2018","Tenured total","407","320","87","0","0","0","118","96","22","7","4","3","16","16","0","1","1","0","257","196","61","0","0","0","5","4","1","3","3","0","-2"
"228787","The University of Texas at Dallas","2018","Tenured, professors","263","220","43","0","0","0","79","68","11","0","0","0","8","8","0","1","1","0","171","139","32","0","0","0","2","2","0","2","2","0","-2"
"228787","The University of Texas at Dallas","2018","Tenured, associate professors","144","100","44","0","0","0","39","28","11","7","4","3","8","8","0","0","0","0","86","57","29","0","0","0","3","2","1","1","1","0","-2"
"228787","The University of Texas at Dallas","2018","On-Tenure track total","127","93","34","0","0","0","42","32","10","6","4","2","3","2","1","0","0","0","49","37","12","0","0","0","14","7","7","13","11","2","-2"
"228787","The University of Texas at Dallas","2018","On-tenure track, associate professors","5","5","0","0","0","0","1","1","0","1","1","0","0","0","0","0","0","0","2","2","0","0","0","0","1","1","0","0","0","0","-2"
"228787","The University of Texas at Dallas","2018","On-tenure track, assistant professors","122","88","34","0","0","0","41","31","10","5","3","2","3","2","1","0","0","0","47","35","12","0","0","0","13","6","7","13","11","2","-2"
"228787","The University of Texas at Dallas","2018","Not on tenure track/No tenure system system total","339","186","153","0","0","0","71","38","33","7","5","2","12","9","3","0","0","0","226","121","105","0","0","0","13","8","5","10","5","5","-2"
"228787","The University of Texas at Dallas","2018","Not on tenure/no tenure system, lecturers","339","186","153","0","0","0","71","38","33","7","5","2","12","9","3","0","0","0","226","121","105","0","0","0","13","8","5","10","5","5","-2"
"228802","The University of Texas at Tyler","2018","Tenured total","133","84","49","0","0","0","16","12","4","9","4","5","7","7","0","0","0","0","100","60","40","0","0","0","1","1","0","0","0","0","-2"
"228802","The University of Texas at Tyler","2018","Tenured, professors","57","42","15","0","0","0","9","7","2","2","2","0","1","1","0","0","0","0","45","32","13","0","0","0","0","0","0","0","0","0","-2"
"228802","The University of Texas at Tyler","2018","Tenured, associate professors","76","42","34","0","0","0","7","5","2","7","2","5","6","6","0","0","0","0","55","28","27","0","0","0","1","1","0","0","0","0","-2"
"228802","The University of Texas at Tyler","2018","On-Tenure track total","78","37","41","0","0","0","15","10","5","2","2","0","2","1","1","0","0","0","55","22","33","0","0","0","2","2","0","2","0","2","-2"
"228802","The University of Texas at Tyler","2018","On-tenure track, associate professors","5","2","3","0","0","0","0","0","0","0","0","0","0","0","0","0","0","0","4","1","3","0","0","0","1","1","0","0","0","0","-2"
"228802","The University of Texas at Tyler","2018","On-tenure track, assistant professors","73","35","38","0","0","0","15","10","5","2","2","0","2","1","1","0","0","0","51","21","30","0","0","0","1","1","0","2","0","2","-2"
"228802","The University of Texas at Tyler","2018","Not on tenure track/No tenure system system total","126","30","96","0","0","0","7","4","3","7","2","5","6","3","3","0","0","0","102","19","83","0","0","0","4","2","2","0","0","0","-2"
"228802","The University of Texas at Tyler","2018","Not on tenure/no tenure system, associate professors","1","0","1","0","0","0","0","0","0","0","0","0","0","0","0","0","0","0","1","0","1","0","0","0","0","0","0","0","0","0","-2"
"228802","The University of Texas at Tyler","2018","Not on tenure/no tenure system, assistant professors","2","1","1","0","0","0","2","1","1","0","0","0","0","0","0","0","0","0","0","0","0","0","0","0","0","0","0","0","0","0","-2"
"228802","The University of Texas at Tyler","2018","Not on tenure/no tenure system, instructors","74","11","63","0","0","0","3","2","1","5","1","4","2","1","1","0","0","0","61","6","55","0","0","0","3","1","2","0","0","0","-2"
"228802","The University of Texas at Tyler","2018","Not on tenure/no tenure system, lecturers","49","18","31","0","0","0","2","1","1","2","1","1","4","2","2","0","0","0","40","13","27","0","0","0","1","1","0","0","0","0","-2"
"229267","Trinity University","2018","Tenured total","168","102","66","1","0","1","14","8","6","6","4","2","15","8","7","0","0","0","130","81","49","0","0","0","2","1","1","0","0","0","-2"
"229267","Trinity University","2018","Tenured, professors","83","51","32","0","0","0","6","4","2","0","0","0","2","1","1","0","0","0","74","45","29","0","0","0","1","1","0","0","0","0","-2"
"229267","Trinity University","2018","Tenured, associate professors","85","51","34","1","0","1","8","4","4","6","4","2","13","7","6","0","0","0","56","36","20","0","0","0","1","0","1","0","0","0","-2"
"229267","Trinity University","2018","On-Tenure track total","49","22","27","0","0","0","4","1","3","0","0","0","5","4","1","0","0","0","38","16","22","0","0","0","0","0","0","2","1","1","-2"
"229267","Trinity University","2018","On-tenure track, associate professors","1","0","1","0","0","0","0","0","0","0","0","0","0","0","0","0","0","0","1","0","1","0","0","0","0","0","0","0","0","0","-2"
"229267","Trinity University","2018","On-tenure track, assistant professors","48","22","26","0","0","0","4","1","3","0","0","0","5","4","1","0","0","0","37","16","21","0","0","0","0","0","0","2","1","1","-2"
"229267","Trinity University","2018","Not on tenure track/No tenure system system total","38","22","16","0","0","0","1","1","0","1","0","1","8","4","4","0","0","0","25","15","10","0","0","0","1","0","1","2","2","0","-2"
"229267","Trinity University","2018","Not on tenure/no tenure system, professors","3","3","0","0","0","0","1","1","0","0","0","0","1","1","0","0","0","0","1","1","0","0","0","0","0","0","0","0","0","0","-2"
"229267","Trinity University","2018","Not on tenure/no tenure system, associate professors","1","1","0","0","0","0","0","0","0","0","0","0","0","0","0","0","0","0","1","1","0","0","0","0","0","0","0","0","0","0","-2"
"229267","Trinity University","2018","Not on tenure/no tenure system, assistant professors","22","14","8","0","0","0","0","0","0","0","0","0","5","2","3","0","0","0","14","10","4","0","0","0","1","0","1","2","2","0","-2"
"229267","Trinity University","2018","Not on tenure/no tenure system, instructors","11","4","7","0","0","0","0","0","0","1","0","1","2","1","1","0","0","0","8","3","5","0","0","0","0","0","0","0","0","0","-2"
"229267","Trinity University","2018","Not on tenure/no tenure system, lecturers","1","0","1","0","0","0","0","0","0","0","0","0","0","0","0","0","0","0","1","0","1","0","0","0","0","0","0","0","0","0","-2"
"232706","Marymount University","2018","Tenured total","86","25","61","0","0","0","3","0","3","1","0","1","2","1","1","0","0","0","72","23","49","2","0","2","5","1","4","1","0","1","-2"
"232706","Marymount University","2018","Tenured, professors","45","10","35","0","0","0","2","0","2","1","0","1","2","1","1","0","0","0","38","8","30","1","0","1","1","1","0","0","0","0","-2"
"232706","Marymount University","2018","Tenured, associate professors","41","15","26","0","0","0","1","0","1","0","0","0","0","0","0","0","0","0","34","15","19","1","0","1","4","0","4","1","0","1","-2"
"232706","Marymount University","2018","On-Tenure track total","54","13","41","1","0","1","3","1","2","1","1","0","3","2","1","1","0","1","42","9","33","1","0","1","2","0","2","0","0","0","-2"
"232706","Marymount University","2018","On-tenure track, associate professors","5","1","4","0","0","0","1","0","1","0","0","0","0","0","0","0","0","0","4","1","3","0","0","0","0","0","0","0","0","0","-2"
"232706","Marymount University","2018","On-tenure track, assistant professors","49","12","37","1","0","1","2","1","1","1","1","0","3","2","1","1","0","1","38","8","30","1","0","1","2","0","2","0","0","0","-2"
"232706","Marymount University","2018","Not on tenure track/No tenure system system total","27","8","19","0","0","0","1","1","0","3","0","3","1","0","1","0","0","0","21","6","15","0","0","0","1","1","0","0","0","0","-2"
"232706","Marymount University","2018","Not on tenure/no tenure system, professors","2","2","0","0","0","0","0","0","0","0","0","0","0","0","0","0","0","0","2","2","0","0","0","0","0","0","0","0","0","0","-2"
"232706","Marymount University","2018","Not on tenure/no tenure system, associate professors","1","1","0","0","0","0","0","0","0","0","0","0","0","0","0","0","0","0","1","1","0","0","0","0","0","0","0","0","0","0","-2"
"232706","Marymount University","2018","Not on tenure/no tenure system, assistant professors","1","0","1","0","0","0","0","0","0","0","0","0","0","0","0","0","0","0","1","0","1","0","0","0","0","0","0","0","0","0","-2"
"232706","Marymount University","2018","Not on tenure/no tenure system, instructors","21","5","16","0","0","0","1","1","0","3","0","3","0","0","0","0","0","0","16","3","13","0","0","0","1","1","0","0","0","0","-2"
"232706","Marymount University","2018","Not on tenure/no tenure system, no academic rank","2","0","2","0","0","0","0","0","0","0","0","0","1","0","1","0","0","0","1","0","1","0","0","0","0","0","0","0","0","0","-2"
"234827","Central Washington University","2018","Tenured total","260","157","103","1","1","0","20","12","8","5","3","2","7","4","3","4","4","0","193","117","76","6","2","4","16","10","6","8","4","4","-2"
"234827","Central Washington University","2018","Tenured, professors","117","74","43","0","0","0","9","6","3","1","0","1","3","2","1","3","3","0","92","58","34","2","1","1","5","3","2","2","1","1","-2"
"234827","Central Washington University","2018","Tenured, associate professors","115","63","52","0","0","0","9","4","5","3","2","1","3","1","2","1","1","0","81","47","34","4","1","3","8","4","4","6","3","3","-2"
"234827","Central Washington University","2018","Tenured, assistant professors","1","1","0","0","0","0","0","0","0","0","0","0","0","0","0","0","0","0","1","1","0","0","0","0","0","0","0","0","0","0","-2"
"234827","Central Washington University","2018","Tenured, instructors","27","19","8","1","1","0","2","2","0","1","1","0","1","1","0","0","0","0","19","11","8","0","0","0","3","3","0","0","0","0","-2"
"234827","Central Washington University","2018","On-Tenure track total","98","50","48","0","0","0","7","3","4","4","2","2","1","1","0","0","0","0","55","25","30","3","0","3","7","5","2","21","14","7","-2"
"234827","Central Washington University","2018","On-tenure track, assistant professors","64","32","32","0","0","0","4","2","2","4","2","2","0","0","0","0","0","0","33","14","19","2","0","2","5","4","1","16","10","6","-2"
"234827","Central Washington University","2018","On-tenure track, instructors","25","12","13","0","0","0","3","1","2","0","0","0","1","1","0","0","0","0","14","6","8","1","0","1","1","0","1","5","4","1","-2"
"234827","Central Washington University","2018","On-tenure track, lecturers","4","3","1","0","0","0","0","0","0","0","0","0","0","0","0","0","0","0","3","2","1","0","0","0","1","1","0","0","0","0","-2"
"234827","Central Washington University","2018","On-tenure track, no academic rank","5","3","2","0","0","0","0","0","0","0","0","0","0","0","0","0","0","0","5","3","2","0","0","0","0","0","0","0","0","0","-2"
"234827","Central Washington University","2018","Not on tenure track/No tenure system system total","146","73","73","1","1","0","2","0","2","3","2","1","6","2","4","0","0","0","102","51","51","3","2","1","14","7","7","15","8","7","-2"
"234827","Central Washington University","2018","Not on tenure/no tenure system, assistant professors","2","0","2","0","0","0","0","0","0","0","0","0","0","0","0","0","0","0","1","0","1","0","0","0","0","0","0","1","0","1","-2"
"234827","Central Washington University","2018","Not on tenure/no tenure system, instructors","27","16","11","0","0","0","1","0","1","0","0","0","2","1","1","0","0","0","18","11","7","0","0","0","4","3","1","2","1","1","-2"
"234827","Central Washington University","2018","Not on tenure/no tenure system, lecturers","15","4","11","0","0","0","0","0","0","0","0","0","0","0","0","0","0","0","10","3","7","1","0","1","4","1","3","0","0","0","-2"
"234827","Central Washington University","2018","Not on tenure/no tenure system, no academic rank","102","53","49","1","1","0","1","0","1","3","2","1","4","1","3","0","0","0","73","37","36","2","2","0","6","3","3","12","7","5","-2"
"235097","Eastern Washington University","2018","Tenured total","214","125","89","2","1","1","8","5","3","4","4","0","5","4","1","0","0","0","178","101","77","1","0","1","0","0","0","16","10","6","-2"
"235097","Eastern Washington University","2018","Tenured, professors","149","94","55","2","1","1","7","5","2","3","3","0","3","3","0","0","0","0","128","77","51","0","0","0","0","0","0","6","5","1","-2"
"235097","Eastern Washington University","2018","Tenured, associate professors","65","31","34","0","0","0","1","0","1","1","1","0","2","1","1","0","0","0","50","24","26","1","0","1","0","0","0","10","5","5","-2"
"235097","Eastern Washington University","2018","On-Tenure track total","95","45","50","0","0","0","0","0","0","2","2","0","2","1","1","0","0","0","69","29","40","3","2","1","0","0","0","19","11","8","-2"
"235097","Eastern Washington University","2018","On-tenure track, assistant professors","95","45","50","0","0","0","0","0","0","2","2","0","2","1","1","0","0","0","69","29","40","3","2","1","0","0","0","19","11","8","-2"
"235097","Eastern Washington University","2018","Not on tenure track/No tenure system system total","138","63","75","1","0","1","8","5","3","6","3","3","5","4","1","0","0","0","106","45","61","3","2","1","0","0","0","9","4","5","-2"
"235097","Eastern Washington University","2018","Not on tenure/no tenure system, lecturers","138","63","75","1","0","1","8","5","3","6","3","3","5","4","1","0","0","0","106","45","61","3","2","1","0","0","0","9","4","5","-2"
"235237","Pierce College District","2018","Tenured total","53","21","32","1","1","0","1","0","1","0","0","0","3","1","2","0","0","0","42","17","25","6","2","4","0","0","0","0","0","0","-2"
"235237","Pierce College District","2018","Tenured, no academic rank","53","21","32","1","1","0","1","0","1","0","0","0","3","1","2","0","0","0","42","17","25","6","2","4","0","0","0","0","0","0","-2"
"235237","Pierce College District","2018","On-Tenure track total","16","5","11","0","0","0","3","1","2","3","0","3","0","0","0","0","0","0","10","4","6","0","0","0","0","0","0","0","0","0","-2"
"235237","Pierce College District","2018","On-tenure track, no academic rank","16","5","11","0","0","0","3","1","2","3","0","3","0","0","0","0","0","0","10","4","6","0","0","0","0","0","0","0","0","0","-2"
"235237","Pierce College District","2018","Not on tenure track/No tenure system system total","10","2","8","0","0","0","0","0","0","1","0","1","0","0","0","0","0","0","9","2","7","0","0","0","0","0","0","0","0","0","-2"
"235237","Pierce College District","2018","Not on tenure/no tenure system, no academic rank","10","2","8","0","0","0","0","0","0","1","0","1","0","0","0","0","0","0","9","2","7","0","0","0","0","0","0","0","0","0","-2"
"236452","Saint Martin's University","2018","Tenured total","44","26","18","0","0","0","2","1","1","1","1","0","2","0","2","0","0","0","29","15","14","1","1","0","9","8","1","0","0","0","-2"
"236452","Saint Martin's University","2018","Tenured, professors","15","10","5","0","0","0","1","1","0","1","1","0","1","0","1","0","0","0","8","4","4","0","0","0","4","4","0","0","0","0","-2"
"236452","Saint Martin's University","2018","Tenured, associate professors","26","14","12","0","0","0","1","0","1","0","0","0","1","0","1","0","0","0","20","11","9","0","0","0","4","3","1","0","0","0","-2"
"236452","Saint Martin's University","2018","Tenured, assistant professors","1","0","1","0","0","0","0","0","0","0","0","0","0","0","0","0","0","0","1","0","1","0","0","0","0","0","0","0","0","0","-2"
"236452","Saint Martin's University","2018","Tenured, instructors","2","2","0","0","0","0","0","0","0","0","0","0","0","0","0","0","0","0","0","0","0","1","1","0","1","1","0","0","0","0","-2"
"236452","Saint Martin's University","2018","On-Tenure track total","34","16","18","0","0","0","3","2","1","0","0","0","0","0","0","0","0","0","29","12","17","2","2","0","0","0","0","0","0","0","-2"
"236452","Saint Martin's University","2018","On-tenure track, assistant professors","34","16","18","0","0","0","3","2","1","0","0","0","0","0","0","0","0","0","29","12","17","2","2","0","0","0","0","0","0","0","-2"
"236452","Saint Martin's University","2018","Not on tenure track/No tenure system system total","13","6","7","1","0","1","0","0","0","0","0","0","0","0","0","0","0","0","11","5","6","1","1","0","0","0","0","0","0","0","-2"
"236452","Saint Martin's University","2018","Not on tenure/no tenure system, assistant professors","2","2","0","0","0","0","0","0","0","0","0","0","0","0","0","0","0","0","1","1","0","1","1","0","0","0","0","0","0","0","-2"
"236452","Saint Martin's University","2018","Not on tenure/no tenure system, instructors","11","4","7","1","0","1","0","0","0","0","0","0","0","0","0","0","0","0","10","4","6","0","0","0","0","0","0","0","0","0","-2"
"236638","Skagit Valley College","2018","Tenured total","73","31","42","1","1","0","1","0","1","0","0","0","3","3","0","0","0","0","67","27","40","0","0","0","0","0","0","1","0","1","-2"
"236638","Skagit Valley College","2018","Tenured, no academic rank","73","31","42","1","1","0","1","0","1","0","0","0","3","3","0","0","0","0","67","27","40","0","0","0","0","0","0","1","0","1","-2"
"236638","Skagit Valley College","2018","On-Tenure track total","14","5","9","0","0","0","1","0","1","0","0","0","1","0","1","0","0","0","12","5","7","0","0","0","0","0","0","0","0","0","-2"
"236638","Skagit Valley College","2018","On-tenure track, no academic rank","14","5","9","0","0","0","1","0","1","0","0","0","1","0","1","0","0","0","12","5","7","0","0","0","0","0","0","0","0","0","-2"
"236638","Skagit Valley College","2018","Not on tenure track/No tenure system system total","13","5","8","0","0","0","0","0","0","0","0","0","1","0","1","0","0","0","11","4","7","1","1","0","0","0","0","0","0","0","-2"
"236638","Skagit Valley College","2018","Not on tenure/no tenure system, no academic rank","13","5","8","0","0","0","0","0","0","0","0","0","1","0","1","0","0","0","11","4","7","1","1","0","0","0","0","0","0","0","-2"
"236887","Walla Walla Community College","2018","Tenured total","66","32","34","4","3","1","1","0","1","0","0","0","0","0","0","0","0","0","60","29","31","1","0","1","0","0","0","0","0","0","-2"
"236887","Walla Walla Community College","2018","Tenured, no academic rank","66","32","34","4","3","1","1","0","1","0","0","0","0","0","0","0","0","0","60","29","31","1","0","1","0","0","0","0","0","0","-2"
"236887","Walla Walla Community College","2018","On-Tenure track total","14","9","5","0","0","0","0","0","0","0","0","0","2","1","1","0","0","0","12","8","4","0","0","0","0","0","0","0","0","0","-2"
"236887","Walla Walla Community College","2018","On-tenure track, no academic rank","14","9","5","0","0","0","0","0","0","0","0","0","2","1","1","0","0","0","12","8","4","0","0","0","0","0","0","0","0","0","-2"
"236887","Walla Walla Community College","2018","Not on tenure track/No tenure system system total","41","27","14","1","1","0","0","0","0","0","0","0","3","3","0","0","0","0","37","23","14","0","0","0","0","0","0","0","0","0","-2"
"236887","Walla Walla Community College","2018","Not on tenure/no tenure system, no academic rank","41","27","14","1","1","0","0","0","0","0","0","0","3","3","0","0","0","0","37","23","14","0","0","0","0","0","0","0","0","0","-2"
"236896","Walla Walla University","2018","Tenured total","52","34","18","0","0","0","1","1","0","2","1","1","1","0","1","0","0","0","46","31","15","0","0","0","2","1","1","0","0","0","-2"
"236896","Walla Walla University","2018","Tenured, professors","33","23","10","0","0","0","1","1","0","1","1","0","1","0","1","0","0","0","28","20","8","0","0","0","2","1","1","0","0","0","-2"
"236896","Walla Walla University","2018","Tenured, associate professors","14","7","7","0","0","0","0","0","0","1","0","1","0","0","0","0","0","0","13","7","6","0","0","0","0","0","0","0","0","0","-2"
"236896","Walla Walla University","2018","Tenured, assistant professors","5","4","1","0","0","0","0","0","0","0","0","0","0","0","0","0","0","0","5","4","1","0","0","0","0","0","0","0","0","0","-2"
"236896","Walla Walla University","2018","On-Tenure track total","35","16","19","0","0","0","1","0","1","2","1","1","4","1","3","0","0","0","26","13","13","0","0","0","2","1","1","0","0","0","-2"
"236896","Walla Walla University","2018","On-tenure track, professors","4","1","3","0","0","0","0","0","0","0","0","0","0","0","0","0","0","0","4","1","3","0","0","0","0","0","0","0","0","0","-2"
"236896","Walla Walla University","2018","On-tenure track, associate professors","10","6","4","0","0","0","0","0","0","0","0","0","1","0","1","0","0","0","8","5","3","0","0","0","1","1","0","0","0","0","-2"
"236896","Walla Walla University","2018","On-tenure track, assistant professors","19","9","10","0","0","0","1","0","1","2","1","1","2","1","1","0","0","0","13","7","6","0","0","0","1","0","1","0","0","0","-2"
"236896","Walla Walla University","2018","On-tenure track, instructors","2","0","2","0","0","0","0","0","0","0","0","0","1","0","1","0","0","0","1","0","1","0","0","0","0","0","0","0","0","0","-2"
"236896","Walla Walla University","2018","Not on tenure track/No tenure system system total","12","7","5","0","0","0","0","0","0","0","0","0","0","0","0","0","0","0","11","7","4","0","0","0","1","0","1","0","0","0","-2"
"236896","Walla Walla University","2018","Not on tenure/no tenure system, professors","2","2","0","0","0","0","0","0","0","0","0","0","0","0","0","0","0","0","2","2","0","0","0","0","0","0","0","0","0","0","-2"
"236896","Walla Walla University","2018","Not on tenure/no tenure system, associate professors","2","0","2","0","0","0","0","0","0","0","0","0","0","0","0","0","0","0","1","0","1","0","0","0","1","0","1","0","0","0","-2"
"236896","Walla Walla University","2018","Not on tenure/no tenure system, assistant professors","5","2","3","0","0","0","0","0","0","0","0","0","0","0","0","0","0","0","5","2","3","0","0","0","0","0","0","0","0","0","-2"
"236896","Walla Walla University","2018","Not on tenure/no tenure system, instructors","3","3","0","0","0","0","0","0","0","0","0","0","0","0","0","0","0","0","3","3","0","0","0","0","0","0","0","0","0","0","-2"
"238430","Cardinal Stritch University","2018","Tenured total","37","16","21","0","0","0","1","0","1","4","3","1","1","0","1","0","0","0","31","13","18","0","0","0","0","0","0","0","0","0","-2"
"238430","Cardinal Stritch University","2018","Tenured, professors","8","4","4","0","0","0","0","0","0","0","0","0","1","0","1","0","0","0","7","4","3","0","0","0","0","0","0","0","0","0","-2"
"238430","Cardinal Stritch University","2018","Tenured, associate professors","12","5","7","0","0","0","1","0","1","1","1","0","0","0","0","0","0","0","10","4","6","0","0","0","0","0","0","0","0","0","-2"
"238430","Cardinal Stritch University","2018","Tenured, assistant professors","17","7","10","0","0","0","0","0","0","3","2","1","0","0","0","0","0","0","14","5","9","0","0","0","0","0","0","0","0","0","-2"
"238430","Cardinal Stritch University","2018","On-Tenure track total","15","5","10","0","0","0","0","0","0","2","1","1","0","0","0","0","0","0","13","4","9","0","0","0","0","0","0","0","0","0","-2"
"238430","Cardinal Stritch University","2018","On-tenure track, professors","1","0","1","0","0","0","0","0","0","0","0","0","0","0","0","0","0","0","1","0","1","0","0","0","0","0","0","0","0","0","-2"
"238430","Cardinal Stritch University","2018","On-tenure track, assistant professors","14","5","9","0","0","0","0","0","0","2","1","1","0","0","0","0","0","0","12","4","8","0","0","0","0","0","0","0","0","0","-2"
"238430","Cardinal Stritch University","2018","Not on tenure track/No tenure system system total","23","5","18","0","0","0","1","0","1","1","0","1","1","1","0","0","0","0","20","4","16","0","0","0","0","0","0","0","0","0","-2"
"238430","Cardinal Stritch University","2018","Not on tenure/no tenure system, assistant professors","22","5","17","0","0","0","1","0","1","1","0","1","1","1","0","0","0","0","19","4","15","0","0","0","0","0","0","0","0","0","-2"
"238430","Cardinal Stritch University","2018","Not on tenure/no tenure system, instructors","1","0","1","0","0","0","0","0","0","0","0","0","0","0","0","0","0","0","1","0","1","0","0","0","0","0","0","0","0","0","-2"
"239309","Milwaukee Institute of Art & Design","2018","Not on tenure track/No tenure system system total","41","23","18","0","0","0","2","1","1","1","1","0","0","0","0","0","0","0","37","20","17","1","1","0","0","0","0","0","0","0","-2"
"239309","Milwaukee Institute of Art & Design","2018","Not on tenure/no tenure system, professors","22","13","9","0","0","0","2","1","1","0","0","0","0","0","0","0","0","0","20","12","8","0","0","0","0","0","0","0","0","0","-2"
"239309","Milwaukee Institute of Art & Design","2018","Not on tenure/no tenure system, associate professors","1","1","0","0","0","0","0","0","0","0","0","0","0","0","0","0","0","0","0","0","0","1","1","0","0","0","0","0","0","0","-2"
"239309","Milwaukee Institute of Art & Design","2018","Not on tenure/no tenure system, assistant professors","5","2","3","0","0","0","0","0","0","0","0","0","0","0","0","0","0","0","5","2","3","0","0","0","0","0","0","0","0","0","-2"
"239309","Milwaukee Institute of Art & Design","2018","Not on tenure/no tenure system, instructors","13","7","6","0","0","0","0","0","0","1","1","0","0","0","0","0","0","0","12","6","6","0","0","0","0","0","0","0","0","0","-2"
"240374","University of Wisconsin-Parkside","2018","Tenured total","74","45","29","0","0","0","17","10","7","5","5","0","5","2","3","0","0","0","46","27","19","0","0","0","0","0","0","1","1","0","240374"
"240374","University of Wisconsin-Parkside","2018","Tenured, professors","24","16","8","0","0","0","8","5","3","2","2","0","2","0","2","0","0","0","12","9","3","0","0","0","0","0","0","0","0","0","240374"
"240374","University of Wisconsin-Parkside","2018","Tenured, associate professors","49","28","21","0","0","0","9","5","4","2","2","0","3","2","1","0","0","0","34","18","16","0","0","0","0","0","0","1","1","0","240374"
"240374","University of Wisconsin-Parkside","2018","Tenured, assistant professors","1","1","0","0","0","0","0","0","0","1","1","0","0","0","0","0","0","0","0","0","0","0","0","0","0","0","0","0","0","0","240374"
"240374","University of Wisconsin-Parkside","2018","On-Tenure track total","41","19","22","0","0","0","3","1","2","0","0","0","1","1","0","0","0","0","34","16","18","0","0","0","0","0","0","3","1","2","240374"
"240374","University of Wisconsin-Parkside","2018","On-tenure track, assistant professors","41","19","22","0","0","0","3","1","2","0","0","0","1","1","0","0","0","0","34","16","18","0","0","0","0","0","0","3","1","2","240374"
"240374","University of Wisconsin-Parkside","2018","Not on tenure track/No tenure system system total","45","19","26","1","1","0","4","3","1","2","1","1","2","0","2","0","0","0","35","13","22","0","0","0","0","0","0","1","1","0","240374"
"240374","University of Wisconsin-Parkside","2018","Not on tenure/no tenure system, assistant professors","3","3","0","0","0","0","2","2","0","0","0","0","0","0","0","0","0","0","1","1","0","0","0","0","0","0","0","0","0","0","240374"
"240374","University of Wisconsin-Parkside","2018","Not on tenure/no tenure system, lecturers","42","16","26","1","1","0","2","1","1","2","1","1","2","0","2","0","0","0","34","12","22","0","0","0","0","0","0","1","1","0","240374"
"243823","Parker University","2018","Not on tenure track/No tenure system system total","63","39","24","0","0","0","4","4","0","7","3","4","7","6","1","0","0","0","42","25","17","0","0","0","3","1","2","0","0","0","-2"
"243823","Parker University","2018","Not on tenure/no tenure system, professors","15","11","4","0","0","0","1","1","0","0","0","0","0","0","0","0","0","0","12","9","3","0","0","0","2","1","1","0","0","0","-2"
"243823","Parker University","2018","Not on tenure/no tenure system, associate professors","7","4","3","0","0","0","0","0","0","0","0","0","2","2","0","0","0","0","5","2","3","0","0","0","0","0","0","0","0","0","-2"
"243823","Parker University","2018","Not on tenure/no tenure system, assistant professors","23","16","7","0","0","0","3","3","0","2","1","1","3","2","1","0","0","0","15","10","5","0","0","0","0","0","0","0","0","0","-2"
"243823","Parker University","2018","Not on tenure/no tenure system, instructors","18","8","10","0","0","0","0","0","0","5","2","3","2","2","0","0","0","0","10","4","6","0","0","0","1","0","1","0","0","0","-2"
"244233","City College-Fort Lauderdale","2018","Not on tenure track/No tenure system system total","8","5","3","0","0","0","1","1","0","1","0","1","2","1","1","0","0","0","4","3","1","0","0","0","0","0","0","0","0","0","-2"
"244233","City College-Fort Lauderdale","2018","Not on tenure/no tenure system, instructors","8","5","3","0","0","0","1","1","0","1","0","1","2","1","1","0","0","0","4","3","1","0","0","0","0","0","0","0","0","0","-2"
"247834","Collin County Community College District","2018","Not on tenure track/No tenure system system total","438","187","251","4","2","2","32","9","23","29","11","18","24","9","15","0","0","0","343","151","192","6","5","1","0","0","0","0","0","0","-2"
"247834","Collin County Community College District","2018","Not on tenure/no tenure system, no academic rank","438","187","251","4","2","2","32","9","23","29","11","18","24","9","15","0","0","0","343","151","192","6","5","1","0","0","0","0","0","0","-2"
"262086","Brandman University","2018","Not on tenure track/No tenure system system total","88","27","61","0","0","0","5","3","2","5","2","3","13","6","7","0","0","0","51","11","40","1","0","1","13","5","8","0","0","0","-2"
"262086","Brandman University","2018","Not on tenure/no tenure system, professors","17","8","9","0","0","0","1","1","0","0","0","0","1","0","1","0","0","0","13","6","7","0","0","0","2","1","1","0","0","0","-2"
"262086","Brandman University","2018","Not on tenure/no tenure system, associate professors","24","9","15","0","0","0","3","2","1","2","2","0","2","2","0","0","0","0","14","2","12","0","0","0","3","1","2","0","0","0","-2"
"262086","Brandman University","2018","Not on tenure/no tenure system, assistant professors","47","10","37","0","0","0","1","0","1","3","0","3","10","4","6","0","0","0","24","3","21","1","0","1","8","3","5","0","0","0","-2"
"262129","New College of Florida","2018","Tenured total","50","22","28","0","0","0","1","1","0","1","0","1","3","1","2","0","0","0","44","20","24","0","0","0","0","0","0","1","0","1","-2"
"262129","New College of Florida","2018","Tenured, professors","29","16","13","0","0","0","1","1","0","0","0","0","1","1","0","0","0","0","27","14","13","0","0","0","0","0","0","0","0","0","-2"
"262129","New College of Florida","2018","Tenured, associate professors","21","6","15","0","0","0","0","0","0","1","0","1","2","0","2","0","0","0","17","6","11","0","0","0","0","0","0","1","0","1","-2"
"262129","New College of Florida","2018","On-Tenure track total","34","18","16","1","0","1","2","0","2","2","0","2","4","4","0","0","0","0","18","12","6","0","0","0","0","0","0","7","2","5","-2"
"262129","New College of Florida","2018","On-tenure track, professors","1","1","0","0","0","0","0","0","0","0","0","0","0","0","0","0","0","0","1","1","0","0","0","0","0","0","0","0","0","0","-2"
"262129","New College of Florida","2018","On-tenure track, assistant professors","33","17","16","1","0","1","2","0","2","2","0","2","4","4","0","0","0","0","17","11","6","0","0","0","0","0","0","7","2","5","-2"
"262129","New College of Florida","2018","Not on tenure track/No tenure system system total","9","2","7","0","0","0","1","0","1","0","0","0","1","0","1","0","0","0","5","1","4","1","1","0","0","0","0","1","0","1","-2"
"262129","New College of Florida","2018","Not on tenure/no tenure system, assistant professors","5","2","3","0","0","0","0","0","0","0","0","0","0","0","0","0","0","0","4","1","3","1","1","0","0","0","0","0","0","0","-2"
"262129","New College of Florida","2018","Not on tenure/no tenure system, instructors","2","0","2","0","0","0","1","0","1","0","0","0","1","0","1","0","0","0","0","0","0","0","0","0","0","0","0","0","0","0","-2"
"262129","New College of Florida","2018","Not on tenure/no tenure system, no academic rank","2","0","2","0","0","0","0","0","0","0","0","0","0","0","0","0","0","0","1","0","1","0","0","0","0","0","0","1","0","1","-2"
"377564","University of Washington-Tacoma Campus","2018","Tenured total","118","66","52","0","0","0","24","15","9","4","2","2","9","6","3","0","0","0","69","35","34","2","0","2","9","7","2","1","1","0","-2"
"377564","University of Washington-Tacoma Campus","2018","Tenured, professors","48","29","19","0","0","0","11","8","3","2","1","1","2","2","0","0","0","0","27","14","13","2","0","2","4","4","0","0","0","0","-2"
"377564","University of Washington-Tacoma Campus","2018","Tenured, associate professors","70","37","33","0","0","0","13","7","6","2","1","1","7","4","3","0","0","0","42","21","21","0","0","0","5","3","2","1","1","0","-2"
"377564","University of Washington-Tacoma Campus","2018","On-Tenure track total","56","22","34","1","0","1","5","2","3","3","1","2","6","2","4","0","0","0","28","14","14","2","1","1","2","0","2","9","2","7","-2"
"377564","University of Washington-Tacoma Campus","2018","On-tenure track, assistant professors","56","22","34","1","0","1","5","2","3","3","1","2","6","2","4","0","0","0","28","14","14","2","1","1","2","0","2","9","2","7","-2"
"377564","University of Washington-Tacoma Campus","2018","Not on tenure track/No tenure system system total","98","41","57","0","0","0","5","0","5","1","0","1","3","0","3","2","1","1","67","31","36","3","0","3","9","5","4","8","4","4","-2"
"377564","University of Washington-Tacoma Campus","2018","Not on tenure/no tenure system, lecturers","98","41","57","0","0","0","5","0","5","1","0","1","3","0","3","2","1","1","67","31","36","3","0","3","9","5","4","8","4","4","-2"
"385619","Everglades University","2018","Not on tenure track/No tenure system system total","55","31","24","0","0","0","3","2","1","11","3","8","5","4","1","0","0","0","35","22","13","1","0","1","0","0","0","0","0","0","-2"
"385619","Everglades University","2018","Not on tenure/no tenure system, instructors","55","31","24","0","0","0","3","2","1","11","3","8","5","4","1","0","0","0","35","22","13","1","0","1","0","0","0","0","0","0","-2"
"386472","Herzing University-Orlando","2018","Not on tenure track/No tenure system system total","17","2","15","0","0","0","0","0","0","4","1","3","3","0","3","0","0","0","9","1","8","1","0","1","0","0","0","0","0","0","-2"
"386472","Herzing University-Orlando","2018","Not on tenure/no tenure system, professors","1","0","1","0","0","0","0","0","0","0","0","0","0","0","0","0","0","0","1","0","1","0","0","0","0","0","0","0","0","0","-2"
"386472","Herzing University-Orlando","2018","Not on tenure/no tenure system, associate professors","4","0","4","0","0","0","0","0","0","2","0","2","1","0","1","0","0","0","1","0","1","0","0","0","0","0","0","0","0","0","-2"
"386472","Herzing University-Orlando","2018","Not on tenure/no tenure system, assistant professors","10","2","8","0","0","0","0","0","0","2","1","1","2","0","2","0","0","0","6","1","5","0","0","0","0","0","0","0","0","0","-2"
"386472","Herzing University-Orlando","2018","Not on tenure/no tenure system, instructors","2","0","2","0","0","0","0","0","0","0","0","0","0","0","0","0","0","0","1","0","1","1","0","1","0","0","0","0","0","0","-2"
"388520","College of Biblical Studies-Houston","2018","Not on tenure track/No tenure system system total","15","13","2","0","0","0","0","0","0","5","4","1","2","2","0","0","0","0","8","7","1","0","0","0","0","0","0","0","0","0","-2"
"388520","College of Biblical Studies-Houston","2018","Not on tenure/no tenure system, professors","12","10","2","0","0","0","0","0","0","4","3","1","1","1","0","0","0","0","7","6","1","0","0","0","0","0","0","0","0","0","-2"
"388520","College of Biblical Studies-Houston","2018","Not on tenure/no tenure system, associate professors","1","1","0","0","0","0","0","0","0","0","0","0","0","0","0","0","0","0","1","1","0","0","0","0","0","0","0","0","0","0","-2"
"388520","College of Biblical Studies-Houston","2018","Not on tenure/no tenure system, assistant professors","2","2","0","0","0","0","0","0","0","1","1","0","1","1","0","0","0","0","0","0","0","0","0","0","0","0","0","0","0","0","-2"
"418126","New York College of Health Professions","2018","Not on tenure track/No tenure system system total","9","7","2","0","0","0","6","5","1","0","0","0","0","0","0","0","0","0","3","2","1","0","0","0","0","0","0","0","0","0","-2"
"418126","New York College of Health Professions","2018","Not on tenure/no tenure system, instructors","9","7","2","0","0","0","6","5","1","0","0","0","0","0","0","0","0","0","3","2","1","0","0","0","0","0","0","0","0","0","-2"
"420574","Arizona State University-Polytechnic","2018","Tenured total","59","42","17","0","0","0","9","6","3","2","1","1","0","0","0","0","0","0","47","34","13","0","0","0","1","1","0","0","0","0","-2"
"420574","Arizona State University-Polytechnic","2018","Tenured, professors","18","17","1","0","0","0","2","2","0","1","1","0","0","0","0","0","0","0","15","14","1","0","0","0","0","0","0","0","0","0","-2"
"420574","Arizona State University-Polytechnic","2018","Tenured, associate professors","41","25","16","0","0","0","7","4","3","1","0","1","0","0","0","0","0","0","32","20","12","0","0","0","1","1","0","0","0","0","-2"
"420574","Arizona State University-Polytechnic","2018","On-Tenure track total","34","25","9","0","0","0","8","7","1","1","0","1","1","0","1","0","0","0","20","14","6","1","1","0","0","0","0","3","3","0","-2"
"420574","Arizona State University-Polytechnic","2018","On-tenure track, associate professors","2","2","0","0","0","0","1","1","0","0","0","0","0","0","0","0","0","0","1","1","0","0","0","0","0","0","0","0","0","0","-2"
"420574","Arizona State University-Polytechnic","2018","On-tenure track, assistant professors","32","23","9","0","0","0","7","6","1","1","0","1","1","0","1","0","0","0","19","13","6","1","1","0","0","0","0","3","3","0","-2"
"420574","Arizona State University-Polytechnic","2018","Not on tenure track/No tenure system system total","113","54","59","0","0","0","7","3","4","4","1","3","11","6","5","0","0","0","79","37","42","2","1","1","1","1","0","9","5","4","-2"
"420574","Arizona State University-Polytechnic","2018","Not on tenure/no tenure system, professors","4","4","0","0","0","0","0","0","0","0","0","0","0","0","0","0","0","0","4","4","0","0","0","0","0","0","0","0","0","0","-2"
"420574","Arizona State University-Polytechnic","2018","Not on tenure/no tenure system, associate professors","6","1","5","0","0","0","0","0","0","1","0","1","2","0","2","0","0","0","2","0","2","1","1","0","0","0","0","0","0","0","-2"
"420574","Arizona State University-Polytechnic","2018","Not on tenure/no tenure system, assistant professors","6","1","5","0","0","0","0","0","0","0","0","0","1","0","1","0","0","0","5","1","4","0","0","0","0","0","0","0","0","0","-2"
"420574","Arizona State University-Polytechnic","2018","Not on tenure/no tenure system, instructors","35","11","24","0","0","0","2","0","2","2","0","2","3","1","2","0","0","0","27","10","17","1","0","1","0","0","0","0","0","0","-2"
"420574","Arizona State University-Polytechnic","2018","Not on tenure/no tenure system, lecturers","61","36","25","0","0","0","5","3","2","1","1","0","5","5","0","0","0","0","41","22","19","0","0","0","1","1","0","8","4","4","-2"
"420574","Arizona State University-Polytechnic","2018","Not on tenure/no tenure system, no academic rank","1","1","0","0","0","0","0","0","0","0","0","0","0","0","0","0","0","0","0","0","0","0","0","0","0","0","0","1","1","0","-2"
"426314","Embry-Riddle Aeronautical University-Worldwide","2018","Tenured total","11","7","4","0","0","0","0","0","0","0","0","0","0","0","0","0","0","0","11","7","4","0","0","0","0","0","0","0","0","0","-2"
"426314","Embry-Riddle Aeronautical University-Worldwide","2018","Tenured, professors","2","1","1","0","0","0","0","0","0","0","0","0","0","0","0","0","0","0","2","1","1","0","0","0","0","0","0","0","0","0","-2"
"426314","Embry-Riddle Aeronautical University-Worldwide","2018","Tenured, associate professors","9","6","3","0","0","0","0","0","0","0","0","0","0","0","0","0","0","0","9","6","3","0","0","0","0","0","0","0","0","0","-2"
"426314","Embry-Riddle Aeronautical University-Worldwide","2018","On-Tenure track total","27","10","17","0","0","0","1","1","0","3","0","3","0","0","0","0","0","0","22","8","14","0","0","0","0","0","0","1","1","0","-2"
"426314","Embry-Riddle Aeronautical University-Worldwide","2018","On-tenure track, associate professors","3","2","1","0","0","0","1","1","0","0","0","0","0","0","0","0","0","0","2","1","1","0","0","0","0","0","0","0","0","0","-2"
"426314","Embry-Riddle Aeronautical University-Worldwide","2018","On-tenure track, assistant professors","24","8","16","0","0","0","0","0","0","3","0","3","0","0","0","0","0","0","20","7","13","0","0","0","0","0","0","1","1","0","-2"
"426314","Embry-Riddle Aeronautical University-Worldwide","2018","Not on tenure track/No tenure system system total","80","54","26","1","1","0","1","0","1","6","5","1","3","2","1","0","0","0","65","44","21","1","0","1","1","0","1","2","2","0","-2"
"426314","Embry-Riddle Aeronautical University-Worldwide","2018","Not on tenure/no tenure system, professors","1","1","0","0","0","0","0","0","0","0","0","0","0","0","0","0","0","0","1","1","0","0","0","0","0","0","0","0","0","0","-2"
"426314","Embry-Riddle Aeronautical University-Worldwide","2018","Not on tenure/no tenure system, associate professors","5","4","1","0","0","0","0","0","0","0","0","0","0","0","0","0","0","0","4","4","0","1","0","1","0","0","0","0","0","0","-2"
"426314","Embry-Riddle Aeronautical University-Worldwide","2018","Not on tenure/no tenure system, assistant professors","40","27","13","0","0","0","1","0","1","2","2","0","1","1","0","0","0","0","35","23","12","0","0","0","0","0","0","1","1","0","-2"
"426314","Embry-Riddle Aeronautical University-Worldwide","2018","Not on tenure/no tenure system, instructors","34","22","12","1","1","0","0","0","0","4","3","1","2","1","1","0","0","0","25","16","9","0","0","0","1","0","1","1","1","0","-2"
"433660","Florida Gulf Coast University","2018","Tenured total","3","1","2","0","0","0","0","0","0","0","0","0","1","0","1","0","0","0","2","1","1","0","0","0","0","0","0","0","0","0","-2"
"433660","Florida Gulf Coast University","2018","Tenured, professors","2","1","1","0","0","0","0","0","0","0","0","0","1","0","1","0","0","0","1","1","0","0","0","0","0","0","0","0","0","0","-2"
"433660","Florida Gulf Coast University","2018","Tenured, associate professors","1","0","1","0","0","0","0","0","0","0","0","0","0","0","0","0","0","0","1","0","1","0","0","0","0","0","0","0","0","0","-2"
"433660","Florida Gulf Coast University","2018","Not on tenure track/No tenure system system total","474","256","218","2","2","0","37","25","12","19","11","8","26","10","16","0","0","0","367","194","173","5","4","1","0","0","0","18","10","8","-2"
"433660","Florida Gulf Coast University","2018","Not on tenure/no tenure system, professors","79","54","25","0","0","0","5","5","0","1","1","0","4","2","2","0","0","0","67","44","23","1","1","0","0","0","0","1","1","0","-2"
"433660","Florida Gulf Coast University","2018","Not on tenure/no tenure system, associate professors","123","85","38","0","0","0","15","10","5","6","4","2","8","5","3","0","0","0","89","63","26","0","0","0","0","0","0","5","3","2","-2"
"433660","Florida Gulf Coast University","2018","Not on tenure/no tenure system, assistant professors","140","67","73","2","2","0","13","8","5","8","4","4","8","2","6","0","0","0","99","46","53","1","1","0","0","0","0","9","4","5","-2"
"433660","Florida Gulf Coast University","2018","Not on tenure/no tenure system, instructors","131","49","82","0","0","0","4","2","2","4","2","2","6","1","5","0","0","0","111","40","71","3","2","1","0","0","0","3","2","1","-2"
"433660","Florida Gulf Coast University","2018","Not on tenure/no tenure system, lecturers","1","1","0","0","0","0","0","0","0","0","0","0","0","0","0","0","0","0","1","1","0","0","0","0","0","0","0","0","0","0","-2"
"439288","Johnson & Wales University-Denver","2018","Not on tenure track/No tenure system system total","49","24","25","0","0","0","0","0","0","0","0","0","2","1","1","0","0","0","47","23","24","0","0","0","0","0","0","0","0","0","-2"
"439288","Johnson & Wales University-Denver","2018","Not on tenure/no tenure system, professors","6","2","4","0","0","0","0","0","0","0","0","0","1","0","1","0","0","0","5","2","3","0","0","0","0","0","0","0","0","0","-2"
"439288","Johnson & Wales University-Denver","2018","Not on tenure/no tenure system, associate professors","21","14","7","0","0","0","0","0","0","0","0","0","1","1","0","0","0","0","20","13","7","0","0","0","0","0","0","0","0","0","-2"
"439288","Johnson & Wales University-Denver","2018","Not on tenure/no tenure system, assistant professors","11","4","7","0","0","0","0","0","0","0","0","0","0","0","0","0","0","0","11","4","7","0","0","0","0","0","0","0","0","0","-2"
"439288","Johnson & Wales University-Denver","2018","Not on tenure/no tenure system, instructors","6","3","3","0","0","0","0","0","0","0","0","0","0","0","0","0","0","0","6","3","3","0","0","0","0","0","0","0","0","0","-2"
"439288","Johnson & Wales University-Denver","2018","Not on tenure/no tenure system, lecturers","5","1","4","0","0","0","0","0","0","0","0","0","0","0","0","0","0","0","5","1","4","0","0","0","0","0","0","0","0","0","-2"
"446233","Ecclesia College","2018","Not on tenure track/No tenure system system total","18","15","3","0","0","0","0","0","0","0","0","0","1","0","1","0","0","0","16","14","2","0","0","0","1","1","0","0","0","0","-2"
"446233","Ecclesia College","2018","Not on tenure/no tenure system, no academic rank","18","15","3","0","0","0","0","0","0","0","0","0","1","0","1","0","0","0","16","14","2","0","0","0","1","1","0","0","0","0","-2"
"447689","Georgia Gwinnett College","2018","Not on tenure track/No tenure system system total","449","216","233","2","1","1","56","28","28","48","20","28","16","12","4","0","0","0","298","137","161","3","2","1","6","5","1","20","11","9","-2"
"447689","Georgia Gwinnett College","2018","Not on tenure/no tenure system, professors","43","27","16","0","0","0","10","7","3","4","2","2","0","0","0","0","0","0","29","18","11","0","0","0","0","0","0","0","0","0","-2"
"447689","Georgia Gwinnett College","2018","Not on tenure/no tenure system, associate professors","159","82","77","1","0","1","23","10","13","16","7","9","7","4","3","0","0","0","101","54","47","0","0","0","1","1","0","10","6","4","-2"
"447689","Georgia Gwinnett College","2018","Not on tenure/no tenure system, assistant professors","189","89","100","1","1","0","19","10","9","21","8","13","7","7","0","0","0","0","125","53","72","2","2","0","4","3","1","10","5","5","-2"
"447689","Georgia Gwinnett College","2018","Not on tenure/no tenure system, instructors","33","6","27","0","0","0","1","0","1","3","0","3","1","0","1","0","0","0","27","6","21","1","0","1","0","0","0","0","0","0","-2"
"447689","Georgia Gwinnett College","2018","Not on tenure/no tenure system, lecturers","25","12","13","0","0","0","3","1","2","4","3","1","1","1","0","0","0","0","16","6","10","0","0","0","1","1","0","0","0","0","-2"
"448761","CollegeAmerica-Fort Collins","2018","Not on tenure track/No tenure system system total","5","1","4","0","0","0","0","0","0","0","0","0","1","0","1","0","0","0","3","1","2","1","0","1","0","0","0","0","0","0","-2"
"448761","CollegeAmerica-Fort Collins","2018","Not on tenure/no tenure system, no academic rank","5","1","4","0","0","0","0","0","0","0","0","0","1","0","1","0","0","0","3","1","2","1","0","1","0","0","0","0","0","0","-2"
"448840","University of South Florida-St Petersburg","2018","Tenured total","68","41","27","1","1","0","6","4","2","0","0","0","6","3","3","0","0","0","55","33","22","0","0","0","0","0","0","0","0","0","-2"
"448840","University of South Florida-St Petersburg","2018","Tenured, professors","33","25","8","0","0","0","4","3","1","0","0","0","2","2","0","0","0","0","27","20","7","0","0","0","0","0","0","0","0","0","-2"
"448840","University of South Florida-St Petersburg","2018","Tenured, associate professors","35","16","19","1","1","0","2","1","1","0","0","0","4","1","3","0","0","0","28","13","15","0","0","0","0","0","0","0","0","0","-2"
"448840","University of South Florida-St Petersburg","2018","On-Tenure track total","33","14","19","0","0","0","3","1","2","4","3","1","5","2","3","0","0","0","20","7","13","0","0","0","0","0","0","1","1","0","-2"
"448840","University of South Florida-St Petersburg","2018","On-tenure track, associate professors","5","3","2","0","0","0","2","1","1","0","0","0","0","0","0","0","0","0","3","2","1","0","0","0","0","0","0","0","0","0","-2"
"448840","University of South Florida-St Petersburg","2018","On-tenure track, assistant professors","26","11","15","0","0","0","1","0","1","4","3","1","5","2","3","0","0","0","15","5","10","0","0","0","0","0","0","1","1","0","-2"
"448840","University of South Florida-St Petersburg","2018","On-tenure track, instructors","2","0","2","0","0","0","0","0","0","0","0","0","0","0","0","0","0","0","2","0","2","0","0","0","0","0","0","0","0","0","-2"
"448840","University of South Florida-St Petersburg","2018","Not on tenure track/No tenure system system total","40","19","21","1","1","0","5","2","3","1","0","1","2","1","1","0","0","0","31","15","16","0","0","0","0","0","0","0","0","0","-2"
"448840","University of South Florida-St Petersburg","2018","Not on tenure/no tenure system, assistant professors","4","2","2","1","1","0","1","0","1","0","0","0","0","0","0","0","0","0","2","1","1","0","0","0","0","0","0","0","0","0","-2"
"448840","University of South Florida-St Petersburg","2018","Not on tenure/no tenure system, instructors","36","17","19","0","0","0","4","2","2","1","0","1","2","1","1","0","0","0","29","14","15","0","0","0","0","0","0","0","0","0","-2"
"451671","University of South Florida-Sarasota-Manatee","2018","Tenured total","30","15","15","0","0","0","4","2","2","2","1","1","0","0","0","0","0","0","23","11","12","0","0","0","0","0","0","1","1","0","-2"
"451671","University of South Florida-Sarasota-Manatee","2018","Tenured, professors","11","8","3","0","0","0","1","1","0","0","0","0","0","0","0","0","0","0","9","6","3","0","0","0","0","0","0","1","1","0","-2"
"451671","University of South Florida-Sarasota-Manatee","2018","Tenured, associate professors","19","7","12","0","0","0","3","1","2","2","1","1","0","0","0","0","0","0","14","5","9","0","0","0","0","0","0","0","0","0","-2"
"451671","University of South Florida-Sarasota-Manatee","2018","On-Tenure track total","15","8","7","0","0","0","2","1","1","1","0","1","2","2","0","0","0","0","8","4","4","0","0","0","0","0","0","2","1","1","-2"
"451671","University of South Florida-Sarasota-Manatee","2018","On-tenure track, assistant professors","15","8","7","0","0","0","2","1","1","1","0","1","2","2","0","0","0","0","8","4","4","0","0","0","0","0","0","2","1","1","-2"
"451671","University of South Florida-Sarasota-Manatee","2018","Not on tenure track/No tenure system system total","48","25","23","0","0","0","3","1","2","0","0","0","2","1","1","0","0","0","39","19","20","0","0","0","0","0","0","4","4","0","-2"
"451671","University of South Florida-Sarasota-Manatee","2018","Not on tenure/no tenure system, assistant professors","1","0","1","0","0","0","0","0","0","0","0","0","0","0","0","0","0","0","1","0","1","0","0","0","0","0","0","0","0","0","-2"
"451671","University of South Florida-Sarasota-Manatee","2018","Not on tenure/no tenure system, instructors","43","23","20","0","0","0","3","1","2","0","0","0","2","1","1","0","0","0","34","17","17","0","0","0","0","0","0","4","4","0","-2"
"451671","University of South Florida-Sarasota-Manatee","2018","Not on tenure/no tenure system, no academic rank","4","2","2","0","0","0","0","0","0","0","0","0","0","0","0","0","0","0","4","2","2","0","0","0","0","0","0","0","0","0","-2"
"455664","The Chicago School of Professional Psychology at Los Angeles","2018","Not on tenure track/No tenure system system total","20","12","8","0","0","0","0","0","0","4","1","3","3","2","1","0","0","0","10","7","3","2","1","1","1","1","0","0","0","0","-2"
"455664","The Chicago School of Professional Psychology at Los Angeles","2018","Not on tenure/no tenure system, professors","4","4","0","0","0","0","0","0","0","1","1","0","0","0","0","0","0","0","2","2","0","0","0","0","1","1","0","0","0","0","-2"
"455664","The Chicago School of Professional Psychology at Los Angeles","2018","Not on tenure/no tenure system, associate professors","14","8","6","0","0","0","0","0","0","3","0","3","3","2","1","0","0","0","7","5","2","1","1","0","0","0","0","0","0","0","-2"
"455664","The Chicago School of Professional Psychology at Los Angeles","2018","Not on tenure/no tenure system, assistant professors","2","0","2","0","0","0","0","0","0","0","0","0","0","0","0","0","0","0","1","0","1","1","0","1","0","0","0","0","0","0","-2"
"459824","Touro University Nevada","2018","Not on tenure track/No tenure system system total","79","36","43","0","0","0","8","5","3","2","0","2","2","0","2","0","0","0","63","30","33","0","0","0","4","1","3","0","0","0","-2"
"459824","Touro University Nevada","2018","Not on tenure/no tenure system, professors","8","6","2","0","0","0","2","1","1","0","0","0","0","0","0","0","0","0","5","4","1","0","0","0","1","1","0","0","0","0","-2"
"459824","Touro University Nevada","2018","Not on tenure/no tenure system, associate professors","16","9","7","0","0","0","1","1","0","0","0","0","0","0","0","0","0","0","14","8","6","0","0","0","1","0","1","0","0","0","-2"
"459824","Touro University Nevada","2018","Not on tenure/no tenure system, assistant professors","54","20","34","0","0","0","4","2","2","2","0","2","2","0","2","0","0","0","44","18","26","0","0","0","2","0","2","0","0","0","-2"
"459824","Touro University Nevada","2018","Not on tenure/no tenure system, instructors","1","1","0","0","0","0","1","1","0","0","0","0","0","0","0","0","0","0","0","0","0","0","0","0","0","0","0","0","0","0","-2"
"459842","Herzing University-Kenosha","2018","Not on tenure track/No tenure system system total","13","2","11","0","0","0","1","0","1","0","0","0","1","0","1","0","0","0","10","2","8","1","0","1","0","0","0","0","0","0","-2"
"459842","Herzing University-Kenosha","2018","Not on tenure/no tenure system, professors","2","1","1","0","0","0","0","0","0","0","0","0","0","0","0","0","0","0","2","1","1","0","0","0","0","0","0","0","0","0","-2"
"459842","Herzing University-Kenosha","2018","Not on tenure/no tenure system, associate professors","2","1","1","0","0","0","0","0","0","0","0","0","0","0","0","0","0","0","2","1","1","0","0","0","0","0","0","0","0","0","-2"
"459842","Herzing University-Kenosha","2018","Not on tenure/no tenure system, assistant professors","8","0","8","0","0","0","1","0","1","0","0","0","1","0","1","0","0","0","6","0","6","0","0","0","0","0","0","0","0","0","-2"
"459842","Herzing University-Kenosha","2018","Not on tenure/no tenure system, instructors","1","0","1","0","0","0","0","0","0","0","0","0","0","0","0","0","0","0","0","0","0","1","0","1","0","0","0","0","0","0","-2"
"460899","Stevens-Henager College","2018","Not on tenure track/No tenure system system total","9","5","4","0","0","0","2","1","1","0","0","0","0","0","0","0","0","0","7","4","3","0","0","0","0","0","0","0","0","0","-2"
"460899","Stevens-Henager College","2018","Not on tenure/no tenure system, no academic rank","9","5","4","0","0","0","2","1","1","0","0","0","0","0","0","0","0","0","7","4","3","0","0","0","0","0","0","0","0","0","-2"
"461795","North American University","2018","Not on tenure track/No tenure system system total","11","9","2","0","0","0","1","1","0","0","0","0","0","0","0","0","0","0","9","7","2","0","0","0","0","0","0","1","1","0","-2"
"461795","North American University","2018","Not on tenure/no tenure system, professors","1","1","0","0","0","0","0","0","0","0","0","0","0","0","0","0","0","0","1","1","0","0","0","0","0","0","0","0","0","0","-2"
"461795","North American University","2018","Not on tenure/no tenure system, associate professors","3","3","0","0","0","0","0","0","0","0","0","0","0","0","0","0","0","0","3","3","0","0","0","0","0","0","0","0","0","0","-2"
"461795","North American University","2018","Not on tenure/no tenure system, assistant professors","5","3","2","0","0","0","1","1","0","0","0","0","0","0","0","0","0","0","3","1","2","0","0","0","0","0","0","1","1","0","-2"
"461795","North American University","2018","Not on tenure/no tenure system, instructors","2","2","0","0","0","0","0","0","0","0","0","0","0","0","0","0","0","0","2","2","0","0","0","0","0","0","0","0","0","0","-2"
"482936","Florida Polytechnic University","2018","Not on tenure track/No tenure system system total","68","51","17","0","0","0","13","10","3","1","1","0","5","5","0","0","0","0","41","29","12","0","0","0","0","0","0","8","6","2","-2"
"482936","Florida Polytechnic University","2018","Not on tenure/no tenure system, professors","3","3","0","0","0","0","1","1","0","0","0","0","0","0","0","0","0","0","2","2","0","0","0","0","0","0","0","0","0","0","-2"
"482936","Florida Polytechnic University","2018","Not on tenure/no tenure system, associate professors","17","14","3","0","0","0","5","4","1","0","0","0","2","2","0","0","0","0","10","8","2","0","0","0","0","0","0","0","0","0","-2"
"482936","Florida Polytechnic University","2018","Not on tenure/no tenure system, assistant professors","39","27","12","0","0","0","6","4","2","1","1","0","2","2","0","0","0","0","22","14","8","0","0","0","0","0","0","8","6","2","-2"
"482936","Florida Polytechnic University","2018","Not on tenure/no tenure system, instructors","9","7","2","0","0","0","1","1","0","0","0","0","1","1","0","0","0","0","7","5","2","0","0","0","0","0","0","0","0","0","-2"
"483124","Arizona State University Digital Immersion","2018","Tenured total","225","139","86","1","0","1","27","18","9","7","3","4","17","11","6","0","0","0","163","103","60","3","0","3","4","2","2","3","2","1","-2"
"483124","Arizona State University Digital Immersion","2018","Tenured, professors","113","84","29","0","0","0","15","13","2","2","1","1","10","7","3","0","0","0","82","61","21","2","0","2","2","2","0","0","0","0","-2"
"483124","Arizona State University Digital Immersion","2018","Tenured, associate professors","112","55","57","1","0","1","12","5","7","5","2","3","7","4","3","0","0","0","81","42","39","1","0","1","2","0","2","3","2","1","-2"
"483124","Arizona State University Digital Immersion","2018","On-Tenure track total","64","30","34","0","0","0","13","5","8","1","0","1","6","3","3","0","0","0","31","16","15","3","0","3","5","2","3","5","4","1","-2"
"483124","Arizona State University Digital Immersion","2018","On-tenure track, associate professors","4","1","3","0","0","0","0","0","0","0","0","0","0","0","0","0","0","0","3","1","2","0","0","0","1","0","1","0","0","0","-2"
"483124","Arizona State University Digital Immersion","2018","On-tenure track, assistant professors","60","29","31","0","0","0","13","5","8","1","0","1","6","3","3","0","0","0","28","15","13","3","0","3","4","2","2","5","4","1","-2"
"483124","Arizona State University Digital Immersion","2018","Not on tenure track/No tenure system system total","524","209","315","4","1","3","30","13","17","17","4","13","41","14","27","1","0","1","394","157","237","6","3","3","14","7","7","17","10","7","-2"
"483124","Arizona State University Digital Immersion","2018","Not on tenure/no tenure system, professors","24","12","12","0","0","0","1","0","1","0","0","0","2","0","2","0","0","0","18","11","7","0","0","0","3","1","2","0","0","0","-2"
"483124","Arizona State University Digital Immersion","2018","Not on tenure/no tenure system, associate professors","40","15","25","1","0","1","2","2","0","4","1","3","2","2","0","0","0","0","29","9","20","1","0","1","1","1","0","0","0","0","-2"
"483124","Arizona State University Digital Immersion","2018","Not on tenure/no tenure system, assistant professors","53","18","35","0","0","0","2","1","1","1","0","1","6","1","5","1","0","1","40","13","27","0","0","0","1","1","0","2","2","0","-2"
"483124","Arizona State University Digital Immersion","2018","Not on tenure/no tenure system, instructors","162","61","101","1","1","0","2","1","1","5","1","4","17","3","14","0","0","0","128","51","77","2","2","0","5","2","3","2","0","2","-2"
"483124","Arizona State University Digital Immersion","2018","Not on tenure/no tenure system, lecturers","245","103","142","2","0","2","23","9","14","7","2","5","14","8","6","0","0","0","179","73","106","3","1","2","4","2","2","13","8","5","-2"
"484473","University of Florida-Online","2018","Not on tenure track/No tenure system system total","9","2","7","0","0","0","0","0","0","0","0","0","0","0","0","0","0","0","9","2","7","0","0","0","0","0","0","0","0","0","-2"
"484473","University of Florida-Online","2018","Not on tenure/no tenure system, lecturers","5","1","4","0","0","0","0","0","0","0","0","0","0","0","0","0","0","0","5","1","4","0","0","0","0","0","0","0","0","0","-2"
"484473","University of Florida-Online","2018","Not on tenure/no tenure system, no academic rank","4","1","3","0","0","0","0","0","0","0","0","0","0","0","0","0","0","0","4","1","3","0","0","0","0","0","0","0","0","0","-2"
"488800","Teachers College of San Joaquin","2018","Not on tenure track/No tenure system system total","12","0","12","1","0","1","1","0","1","0","0","0","0","0","0","1","0","1","9","0","9","0","0","0","0","0","0","0","0","0","-2"
"488800","Teachers College of San Joaquin","2018","Not on tenure/no tenure system, professors","4","0","4","0","0","0","1","0","1","0","0","0","0","0","0","0","0","0","3","0","3","0","0","0","0","0","0","0","0","0","-2"
"488800","Teachers College of San Joaquin","2018","Not on tenure/no tenure system, assistant professors","5","0","5","0","0","0","0","0","0","0","0","0","0","0","0","1","0","1","4","0","4","0","0","0","0","0","0","0","0","0","-2"
"488800","Teachers College of San Joaquin","2018","Not on tenure/no tenure system, instructors","3","0","3","1","0","1","0","0","0","0","0","0","0","0","0","0","0","0","2","0","2","0","0","0","0","0","0","0","0","0","-2"
"490805","Purdue University Northwest","2018","Tenured total","179","106","73","0","0","0","42","25","17","5","2","3","12","7","5","1","0","1","119","72","47","0","0","0","0","0","0","0","0","0","-2"
"490805","Purdue University Northwest","2018","Tenured, professors","75","50","25","0","0","0","20","12","8","2","2","0","4","2","2","0","0","0","49","34","15","0","0","0","0","0","0","0","0","0","-2"
"490805","Purdue University Northwest","2018","Tenured, associate professors","103","56","47","0","0","0","22","13","9","3","0","3","8","5","3","1","0","1","69","38","31","0","0","0","0","0","0","0","0","0","-2"
"490805","Purdue University Northwest","2018","Tenured, assistant professors","1","0","1","0","0","0","0","0","0","0","0","0","0","0","0","0","0","0","1","0","1","0","0","0","0","0","0","0","0","0","-2"
"490805","Purdue University Northwest","2018","On-Tenure track total","58","29","29","0","0","0","9","8","1","4","4","0","0","0","0","0","0","0","27","7","20","0","0","0","5","1","4","13","9","4","-2"
"490805","Purdue University Northwest","2018","On-tenure track, associate professors","1","1","0","0","0","0","0","0","0","0","0","0","0","0","0","0","0","0","0","0","0","0","0","0","0","0","0","1","1","0","-2"
"490805","Purdue University Northwest","2018","On-tenure track, assistant professors","56","28","28","0","0","0","9","8","1","4","4","0","0","0","0","0","0","0","27","7","20","0","0","0","4","1","3","12","8","4","-2"
"490805","Purdue University Northwest","2018","On-tenure track, lecturers","1","0","1","0","0","0","0","0","0","0","0","0","0","0","0","0","0","0","0","0","0","0","0","0","1","0","1","0","0","0","-2"
"490805","Purdue University Northwest","2018","Not on tenure track/No tenure system system total","40","20","20","0","0","0","3","2","1","1","0","1","0","0","0","0","0","0","17","7","10","0","0","0","12","5","7","7","6","1","-2"
"490805","Purdue University Northwest","2018","Not on tenure/no tenure system, assistant professors","10","6","4","0","0","0","2","2","0","0","0","0","0","0","0","0","0","0","1","1","0","0","0","0","4","0","4","3","3","0","-2"
"490805","Purdue University Northwest","2018","Not on tenure/no tenure system, instructors","25","10","15","0","0","0","1","0","1","1","0","1","0","0","0","0","0","0","16","6","10","0","0","0","5","3","2","2","1","1","-2"
"490805","Purdue University Northwest","2018","Not on tenure/no tenure system, lecturers","5","4","1","0","0","0","0","0","0","0","0","0","0","0","0","0","0","0","0","0","0","0","0","0","3","2","1","2","2","0","-2"
