"unitid","institution name","year","S2013_IS.Instructional staff category","S2013_IS_RV.Grand total","S2013_IS_RV.Grand total men","S2013_IS_RV.Grand total women","S2013_IS_RV.American Indian or Alaska Native total","S2013_IS_RV.American Indian or Alaska Native men","S2013_IS_RV.American Indian or Alaska Native women","S2013_IS_RV.Asian total","S2013_IS_RV.Asian men","S2013_IS_RV.Asian women","S2013_IS_RV.Black or African American total","S2013_IS_RV.Black or African American men","S2013_IS_RV.Black or African American women","S2013_IS_RV.Hispanic or Latino total","S2013_IS_RV.Hispanic or Latino men","S2013_IS_RV.Hispanic or Latino women","S2013_IS_RV.Native Hawaiian or Other Pacific Islander total","S2013_IS_RV.Native Hawaiian or Other Pacific Islander men","S2013_IS_RV.Native Hawaiian or Other Pacific Islander women","S2013_IS_RV.White total","S2013_IS_RV.White men","S2013_IS_RV.White women","S2013_IS_RV.Two or more races total","S2013_IS_RV.Two or more races men","S2013_IS_RV.Two or more races women","S2013_IS_RV.Race/ethnicity unknown total","S2013_IS_RV.Race/ethnicity unknown men","S2013_IS_RV.Race/ethnicity unknown women","S2013_IS_RV.Nonresident alien total","S2013_IS_RV.Nonresident alien men","S2013_IS_RV.Nonresident alien women","IDX_HR"
"105899","Arizona Christian University","2013","Not on tenure track/No tenure system system total","16","11","5","0","0","0","0","0","0","0","0","0","1","1","0","0","0","0","14","9","5","1","1","0","0","0","0","0","0","0","-2"
"105899","Arizona Christian University","2013","Not on tenure/no tenure system, professors","1","1","0","0","0","0","0","0","0","0","0","0","0","0","0","0","0","0","1","1","0","0","0","0","0","0","0","0","0","0","-2"
"105899","Arizona Christian University","2013","Not on tenure/no tenure system, associate professors","8","5","3","0","0","0","0","0","0","0","0","0","1","1","0","0","0","0","7","4","3","0","0","0","0","0","0","0","0","0","-2"
"105899","Arizona Christian University","2013","Not on tenure/no tenure system, assistant professors","2","1","1","0","0","0","0","0","0","0","0","0","0","0","0","0","0","0","1","0","1","1","1","0","0","0","0","0","0","0","-2"
"105899","Arizona Christian University","2013","Not on tenure/no tenure system, instructors","5","4","1","0","0","0","0","0","0","0","0","0","0","0","0","0","0","0","5","4","1","0","0","0","0","0","0","0","0","0","-2"
"110097","Biola University","2013","Tenured total","107","85","22","0","0","0","9","5","4","1","0","1","3","2","1","0","0","0","94","78","16","0","0","0","0","0","0","0","0","0","-2"
"110097","Biola University","2013","Tenured, professors","61","50","11","0","0","0","0","0","0","0","0","0","3","2","1","0","0","0","58","48","10","0","0","0","0","0","0","0","0","0","-2"
"110097","Biola University","2013","Tenured, associate professors","46","35","11","0","0","0","9","5","4","1","0","1","0","0","0","0","0","0","36","30","6","0","0","0","0","0","0","0","0","0","-2"
"110097","Biola University","2013","On-Tenure track total","74","48","26","0","0","0","10","5","5","2","0","2","6","4","2","0","0","0","56","39","17","0","0","0","0","0","0","0","0","0","-2"
"110097","Biola University","2013","On-tenure track, professors","10","9","1","0","0","0","0","0","0","0","0","0","1","1","0","0","0","0","9","8","1","0","0","0","0","0","0","0","0","0","-2"
"110097","Biola University","2013","On-tenure track, associate professors","43","27","16","0","0","0","8","4","4","0","0","0","4","2","2","0","0","0","31","21","10","0","0","0","0","0","0","0","0","0","-2"
"110097","Biola University","2013","On-tenure track, assistant professors","21","12","9","0","0","0","2","1","1","2","0","2","1","1","0","0","0","0","16","10","6","0","0","0","0","0","0","0","0","0","-2"
"110097","Biola University","2013","Not on tenure track/No tenure system system total","73","32","41","1","0","1","4","1","3","3","3","0","5","0","5","0","0","0","59","28","31","0","0","0","0","0","0","1","0","1","-2"
"110097","Biola University","2013","Not on tenure/no tenure system, professors","1","1","0","0","0","0","0","0","0","0","0","0","0","0","0","0","0","0","1","1","0","0","0","0","0","0","0","0","0","0","-2"
"110097","Biola University","2013","Not on tenure/no tenure system, associate professors","33","15","18","1","0","1","2","1","1","0","0","0","2","0","2","0","0","0","27","14","13","0","0","0","0","0","0","1","0","1","-2"
"110097","Biola University","2013","Not on tenure/no tenure system, assistant professors","33","14","19","0","0","0","2","0","2","3","3","0","2","0","2","0","0","0","26","11","15","0","0","0","0","0","0","0","0","0","-2"
"110097","Biola University","2013","Not on tenure/no tenure system, instructors","5","1","4","0","0","0","0","0","0","0","0","0","1","0","1","0","0","0","4","1","3","0","0","0","0","0","0","0","0","0","-2"
"110097","Biola University","2013","Not on tenure/no tenure system, no academic rank","1","1","0","0","0","0","0","0","0","0","0","0","0","0","0","0","0","0","1","1","0","0","0","0","0","0","0","0","0","0","-2"
"110316","California Institute of Integral Studies","2013","Not on tenure track/No tenure system system total","56","30","26","0","0","0","2","0","2","2","0","2","6","3","3","1","0","1","41","24","17","1","0","1","0","0","0","3","3","0","-2"
"110316","California Institute of Integral Studies","2013","Not on tenure/no tenure system, professors","28","17","11","0","0","0","0","0","0","1","0","1","0","0","0","0","0","0","26","16","10","0","0","0","0","0","0","1","1","0","-2"
"110316","California Institute of Integral Studies","2013","Not on tenure/no tenure system, associate professors","15","7","8","0","0","0","1","0","1","1","0","1","3","1","2","0","0","0","8","5","3","1","0","1","0","0","0","1","1","0","-2"
"110316","California Institute of Integral Studies","2013","Not on tenure/no tenure system, assistant professors","12","6","6","0","0","0","1","0","1","0","0","0","3","2","1","0","0","0","7","3","4","0","0","0","0","0","0","1","1","0","-2"
"110316","California Institute of Integral Studies","2013","Not on tenure/no tenure system, lecturers","1","0","1","0","0","0","0","0","0","0","0","0","0","0","0","1","0","1","0","0","0","0","0","0","0","0","0","0","0","0","-2"
"110422","California Polytechnic State University-San Luis Obispo","2013","Tenured total","457","326","131","1","1","0","47","32","15","11","7","4","30","21","9","1","1","0","335","239","96","7","6","1","25","19","6","0","0","0","-2"
"110422","California Polytechnic State University-San Luis Obispo","2013","Tenured, professors","275","207","68","0","0","0","28","24","4","7","5","2","17","12","5","1","1","0","198","144","54","5","4","1","19","17","2","0","0","0","-2"
"110422","California Polytechnic State University-San Luis Obispo","2013","Tenured, associate professors","181","118","63","1","1","0","19","8","11","4","2","2","13","9","4","0","0","0","136","94","42","2","2","0","6","2","4","0","0","0","-2"
"110422","California Polytechnic State University-San Luis Obispo","2013","Tenured, no academic rank","1","1","0","0","0","0","0","0","0","0","0","0","0","0","0","0","0","0","1","1","0","0","0","0","0","0","0","0","0","0","-2"
"110422","California Polytechnic State University-San Luis Obispo","2013","On-Tenure track total","142","86","56","1","1","0","11","7","4","0","0","0","8","7","1","0","0","0","108","62","46","1","0","1","4","3","1","9","6","3","-2"
"110422","California Polytechnic State University-San Luis Obispo","2013","On-tenure track, professors","1","1","0","0","0","0","0","0","0","0","0","0","0","0","0","0","0","0","1","1","0","0","0","0","0","0","0","0","0","0","-2"
"110422","California Polytechnic State University-San Luis Obispo","2013","On-tenure track, associate professors","12","8","4","0","0","0","0","0","0","0","0","0","1","1","0","0","0","0","11","7","4","0","0","0","0","0","0","0","0","0","-2"
"110422","California Polytechnic State University-San Luis Obispo","2013","On-tenure track, assistant professors","129","77","52","1","1","0","11","7","4","0","0","0","7","6","1","0","0","0","96","54","42","1","0","1","4","3","1","9","6","3","-2"
"110422","California Polytechnic State University-San Luis Obispo","2013","Not on tenure track/No tenure system system total","152","84","68","0","0","0","5","2","3","0","0","0","3","3","0","0","0","0","130","70","60","1","1","0","7","5","2","6","3","3","-2"
"110422","California Polytechnic State University-San Luis Obispo","2013","Not on tenure/no tenure system, lecturers","152","84","68","0","0","0","5","2","3","0","0","0","3","3","0","0","0","0","130","70","60","1","1","0","7","5","2","6","3","3","-2"
"111188","California State University Maritime Academy","2013","Tenured total","26","22","4","0","0","0","1","0","1","1","1","0","2","1","1","0","0","0","22","20","2","0","0","0","0","0","0","0","0","0","-2"
"111188","California State University Maritime Academy","2013","Tenured, professors","19","16","3","0","0","0","1","0","1","0","0","0","1","1","0","0","0","0","17","15","2","0","0","0","0","0","0","0","0","0","-2"
"111188","California State University Maritime Academy","2013","Tenured, associate professors","6","5","1","0","0","0","0","0","0","1","1","0","1","0","1","0","0","0","4","4","0","0","0","0","0","0","0","0","0","0","-2"
"111188","California State University Maritime Academy","2013","Tenured, assistant professors","1","1","0","0","0","0","0","0","0","0","0","0","0","0","0","0","0","0","1","1","0","0","0","0","0","0","0","0","0","0","-2"
"111188","California State University Maritime Academy","2013","On-Tenure track total","21","17","4","0","0","0","4","3","1","0","0","0","2","2","0","0","0","0","14","11","3","0","0","0","1","1","0","0","0","0","-2"
"111188","California State University Maritime Academy","2013","On-tenure track, associate professors","2","0","2","0","0","0","1","0","1","0","0","0","0","0","0","0","0","0","1","0","1","0","0","0","0","0","0","0","0","0","-2"
"111188","California State University Maritime Academy","2013","On-tenure track, assistant professors","19","17","2","0","0","0","3","3","0","0","0","0","2","2","0","0","0","0","13","11","2","0","0","0","1","1","0","0","0","0","-2"
"111188","California State University Maritime Academy","2013","Not on tenure track/No tenure system system total","12","9","3","0","0","0","0","0","0","0","0","0","0","0","0","0","0","0","12","9","3","0","0","0","0","0","0","0","0","0","-2"
"111188","California State University Maritime Academy","2013","Not on tenure/no tenure system, lecturers","12","9","3","0","0","0","0","0","0","0","0","0","0","0","0","0","0","0","12","9","3","0","0","0","0","0","0","0","0","0","-2"
"111948","Chapman University","2013","Tenured total","188","125","63","1","1","0","14","8","6","5","3","2","5","3","2","0","0","0","156","106","50","2","1","1","5","3","2","0","0","0","-2"
"111948","Chapman University","2013","Tenured, professors","108","78","30","0","0","0","8","4","4","3","3","0","2","2","0","0","0","0","91","67","24","0","0","0","4","2","2","0","0","0","-2"
"111948","Chapman University","2013","Tenured, associate professors","80","47","33","1","1","0","6","4","2","2","0","2","3","1","2","0","0","0","65","39","26","2","1","1","1","1","0","0","0","0","-2"
"111948","Chapman University","2013","On-Tenure track total","84","43","41","0","0","0","4","1","3","2","1","1","4","1","3","0","0","0","43","24","19","0","0","0","23","12","11","8","4","4","-2"
"111948","Chapman University","2013","On-tenure track, associate professors","11","8","3","0","0","0","0","0","0","1","0","1","0","0","0","0","0","0","6","5","1","0","0","0","3","3","0","1","0","1","-2"
"111948","Chapman University","2013","On-tenure track, assistant professors","71","33","38","0","0","0","3","0","3","1","1","0","4","1","3","0","0","0","37","19","18","0","0","0","19","8","11","7","4","3","-2"
"111948","Chapman University","2013","On-tenure track, instructors","2","2","0","0","0","0","1","1","0","0","0","0","0","0","0","0","0","0","0","0","0","0","0","0","1","1","0","0","0","0","-2"
"111948","Chapman University","2013","Not on tenure track/No tenure system system total","120","59","61","0","0","0","8","3","5","3","2","1","5","1","4","0","0","0","86","47","39","0","0","0","16","6","10","2","0","2","-2"
"111948","Chapman University","2013","Not on tenure/no tenure system, professors","8","7","1","0","0","0","0","0","0","0","0","0","0","0","0","0","0","0","7","6","1","0","0","0","1","1","0","0","0","0","-2"
"111948","Chapman University","2013","Not on tenure/no tenure system, associate professors","29","15","14","0","0","0","0","0","0","0","0","0","1","0","1","0","0","0","27","14","13","0","0","0","1","1","0","0","0","0","-2"
"111948","Chapman University","2013","Not on tenure/no tenure system, assistant professors","51","26","25","0","0","0","4","2","2","3","2","1","2","0","2","0","0","0","34","19","15","0","0","0","6","3","3","2","0","2","-2"
"111948","Chapman University","2013","Not on tenure/no tenure system, instructors","30","11","19","0","0","0","4","1","3","0","0","0","1","1","0","0","0","0","17","8","9","0","0","0","8","1","7","0","0","0","-2"
"111948","Chapman University","2013","Not on tenure/no tenure system, lecturers","2","0","2","0","0","0","0","0","0","0","0","0","1","0","1","0","0","0","1","0","1","0","0","0","0","0","0","0","0","0","-2"
"112260","Claremont McKenna College","2013","Tenured total","95","71","24","1","1","0","7","4","3","2","1","1","4","4","0","0","0","0","77","59","18","0","0","0","2","2","0","2","0","2","-2"
"112260","Claremont McKenna College","2013","Tenured, professors","56","42","14","1","1","0","2","2","0","2","1","1","2","2","0","0","0","0","48","36","12","0","0","0","0","0","0","1","0","1","-2"
"112260","Claremont McKenna College","2013","Tenured, associate professors","38","28","10","0","0","0","5","2","3","0","0","0","2","2","0","0","0","0","28","22","6","0","0","0","2","2","0","1","0","1","-2"
"112260","Claremont McKenna College","2013","Tenured, lecturers","1","1","0","0","0","0","0","0","0","0","0","0","0","0","0","0","0","0","1","1","0","0","0","0","0","0","0","0","0","0","-2"
"112260","Claremont McKenna College","2013","On-Tenure track total","32","20","12","0","0","0","3","2","1","0","0","0","0","0","0","0","0","0","23","14","9","1","0","1","0","0","0","5","4","1","-2"
"112260","Claremont McKenna College","2013","On-tenure track, associate professors","1","1","0","0","0","0","0","0","0","0","0","0","0","0","0","0","0","0","0","0","0","0","0","0","0","0","0","1","1","0","-2"
"112260","Claremont McKenna College","2013","On-tenure track, assistant professors","31","19","12","0","0","0","3","2","1","0","0","0","0","0","0","0","0","0","23","14","9","1","0","1","0","0","0","4","3","1","-2"
"112260","Claremont McKenna College","2013","Not on tenure track/No tenure system system total","33","18","15","0","0","0","4","3","1","0","0","0","4","2","2","0","0","0","23","12","11","0","0","0","0","0","0","2","1","1","-2"
"112260","Claremont McKenna College","2013","Not on tenure/no tenure system, professors","2","1","1","0","0","0","0","0","0","0","0","0","0","0","0","0","0","0","2","1","1","0","0","0","0","0","0","0","0","0","-2"
"112260","Claremont McKenna College","2013","Not on tenure/no tenure system, associate professors","5","3","2","0","0","0","0","0","0","0","0","0","1","0","1","0","0","0","4","3","1","0","0","0","0","0","0","0","0","0","-2"
"112260","Claremont McKenna College","2013","Not on tenure/no tenure system, assistant professors","23","13","10","0","0","0","4","3","1","0","0","0","2","2","0","0","0","0","15","7","8","0","0","0","0","0","0","2","1","1","-2"
"112260","Claremont McKenna College","2013","Not on tenure/no tenure system, instructors","3","1","2","0","0","0","0","0","0","0","0","0","1","0","1","0","0","0","2","1","1","0","0","0","0","0","0","0","0","0","-2"
"112570","Columbia College Hollywood","2013","Not on tenure track/No tenure system system total","1","1","0","0","0","0","0","0","0","0","0","0","0","0","0","0","0","0","1","1","0","0","0","0","0","0","0","0","0","0","-2"
"112570","Columbia College Hollywood","2013","Not on tenure/no tenure system, professors","1","1","0","0","0","0","0","0","0","0","0","0","0","0","0","0","0","0","1","1","0","0","0","0","0","0","0","0","0","0","-2"
"115083","Golden Gate University-San Francisco","2013","Tenured total","40","26","14","0","0","0","6","4","2","2","2","0","1","1","0","0","0","0","31","19","12","0","0","0","0","0","0","0","0","0","-2"
"115083","Golden Gate University-San Francisco","2013","Tenured, professors","39","26","13","0","0","0","6","4","2","2","2","0","1","1","0","0","0","0","30","19","11","0","0","0","0","0","0","0","0","0","-2"
"115083","Golden Gate University-San Francisco","2013","Tenured, associate professors","1","0","1","0","0","0","0","0","0","0","0","0","0","0","0","0","0","0","1","0","1","0","0","0","0","0","0","0","0","0","-2"
"115083","Golden Gate University-San Francisco","2013","On-Tenure track total","8","3","5","0","0","0","0","0","0","1","0","1","1","0","1","0","0","0","6","3","3","0","0","0","0","0","0","0","0","0","-2"
"115083","Golden Gate University-San Francisco","2013","On-tenure track, professors","1","1","0","0","0","0","0","0","0","0","0","0","0","0","0","0","0","0","1","1","0","0","0","0","0","0","0","0","0","0","-2"
"115083","Golden Gate University-San Francisco","2013","On-tenure track, associate professors","7","2","5","0","0","0","0","0","0","1","0","1","1","0","1","0","0","0","5","2","3","0","0","0","0","0","0","0","0","0","-2"
"115083","Golden Gate University-San Francisco","2013","Not on tenure track/No tenure system system total","34","19","15","0","0","0","1","0","1","2","2","0","0","0","0","1","1","0","30","16","14","0","0","0","0","0","0","0","0","0","-2"
"115083","Golden Gate University-San Francisco","2013","Not on tenure/no tenure system, professors","3","2","1","0","0","0","0","0","0","0","0","0","0","0","0","0","0","0","3","2","1","0","0","0","0","0","0","0","0","0","-2"
"115083","Golden Gate University-San Francisco","2013","Not on tenure/no tenure system, associate professors","9","6","3","0","0","0","1","0","1","0","0","0","0","0","0","0","0","0","8","6","2","0","0","0","0","0","0","0","0","0","-2"
"115083","Golden Gate University-San Francisco","2013","Not on tenure/no tenure system, assistant professors","9","5","4","0","0","0","0","0","0","0","0","0","0","0","0","0","0","0","9","5","4","0","0","0","0","0","0","0","0","0","-2"
"115083","Golden Gate University-San Francisco","2013","Not on tenure/no tenure system, instructors","6","3","3","0","0","0","0","0","0","1","1","0","0","0","0","1","1","0","4","1","3","0","0","0","0","0","0","0","0","0","-2"
"115083","Golden Gate University-San Francisco","2013","Not on tenure/no tenure system, no academic rank","7","3","4","0","0","0","0","0","0","1","1","0","0","0","0","0","0","0","6","2","4","0","0","0","0","0","0","0","0","0","-2"
"115409","Harvey Mudd College","2013","Tenured total","66","43","23","0","0","0","10","4","6","1","1","0","3","2","1","0","0","0","52","36","16","0","0","0","0","0","0","0","0","0","-2"
"115409","Harvey Mudd College","2013","Tenured, professors","47","37","10","0","0","0","4","3","1","1","1","0","3","2","1","0","0","0","39","31","8","0","0","0","0","0","0","0","0","0","-2"
"115409","Harvey Mudd College","2013","Tenured, associate professors","19","6","13","0","0","0","6","1","5","0","0","0","0","0","0","0","0","0","13","5","8","0","0","0","0","0","0","0","0","0","-2"
"115409","Harvey Mudd College","2013","On-Tenure track total","18","9","9","0","0","0","1","0","1","3","1","2","0","0","0","0","0","0","11","6","5","0","0","0","2","1","1","1","1","0","-2"
"115409","Harvey Mudd College","2013","On-tenure track, associate professors","3","3","0","0","0","0","0","0","0","0","0","0","0","0","0","0","0","0","2","2","0","0","0","0","1","1","0","0","0","0","-2"
"115409","Harvey Mudd College","2013","On-tenure track, assistant professors","15","6","9","0","0","0","1","0","1","3","1","2","0","0","0","0","0","0","9","4","5","0","0","0","1","0","1","1","1","0","-2"
"115409","Harvey Mudd College","2013","Not on tenure track/No tenure system system total","10","7","3","0","0","0","4","3","1","0","0","0","0","0","0","1","0","1","5","4","1","0","0","0","0","0","0","0","0","0","-2"
"115409","Harvey Mudd College","2013","Not on tenure/no tenure system, professors","1","1","0","0","0","0","1","1","0","0","0","0","0","0","0","0","0","0","0","0","0","0","0","0","0","0","0","0","0","0","-2"
"115409","Harvey Mudd College","2013","Not on tenure/no tenure system, associate professors","1","1","0","0","0","0","0","0","0","0","0","0","0","0","0","0","0","0","1","1","0","0","0","0","0","0","0","0","0","0","-2"
"115409","Harvey Mudd College","2013","Not on tenure/no tenure system, assistant professors","8","5","3","0","0","0","3","2","1","0","0","0","0","0","0","1","0","1","4","3","1","0","0","0","0","0","0","0","0","0","-2"
"117168","Laguna College of Art and Design","2013","Not on tenure track/No tenure system system total","15","11","4","0","0","0","1","1","0","0","0","0","0","0","0","0","0","0","14","10","4","0","0","0","0","0","0","0","0","0","-2"
"117168","Laguna College of Art and Design","2013","Not on tenure/no tenure system, professors","5","3","2","0","0","0","0","0","0","0","0","0","0","0","0","0","0","0","5","3","2","0","0","0","0","0","0","0","0","0","-2"
"117168","Laguna College of Art and Design","2013","Not on tenure/no tenure system, associate professors","6","5","1","0","0","0","1","1","0","0","0","0","0","0","0","0","0","0","5","4","1","0","0","0","0","0","0","0","0","0","-2"
"117168","Laguna College of Art and Design","2013","Not on tenure/no tenure system, assistant professors","4","3","1","0","0","0","0","0","0","0","0","0","0","0","0","0","0","0","4","3","1","0","0","0","0","0","0","0","0","0","-2"
"117946","Loyola Marymount University","2013","Tenured total","347","217","130","1","0","1","34","23","11","15","13","2","36","17","19","0","0","0","236","148","88","5","2","3","20","14","6","0","0","0","-2"
"117946","Loyola Marymount University","2013","Tenured, professors","206","148","58","0","0","0","18","14","4","8","6","2","17","8","9","0","0","0","144","107","37","2","1","1","17","12","5","0","0","0","-2"
"117946","Loyola Marymount University","2013","Tenured, associate professors","134","65","69","1","0","1","15","8","7","7","7","0","18","8","10","0","0","0","87","39","48","3","1","2","3","2","1","0","0","0","-2"
"117946","Loyola Marymount University","2013","Tenured, assistant professors","7","4","3","0","0","0","1","1","0","0","0","0","1","1","0","0","0","0","5","2","3","0","0","0","0","0","0","0","0","0","-2"
"117946","Loyola Marymount University","2013","On-Tenure track total","93","41","52","0","0","0","14","2","12","11","4","7","12","6","6","0","0","0","48","24","24","0","0","0","0","0","0","8","5","3","-2"
"117946","Loyola Marymount University","2013","On-tenure track, professors","1","1","0","0","0","0","0","0","0","1","1","0","0","0","0","0","0","0","0","0","0","0","0","0","0","0","0","0","0","0","-2"
"117946","Loyola Marymount University","2013","On-tenure track, associate professors","12","6","6","0","0","0","1","1","0","2","0","2","2","1","1","0","0","0","6","4","2","0","0","0","0","0","0","1","0","1","-2"
"117946","Loyola Marymount University","2013","On-tenure track, assistant professors","80","34","46","0","0","0","13","1","12","8","3","5","10","5","5","0","0","0","42","20","22","0","0","0","0","0","0","7","5","2","-2"
"117946","Loyola Marymount University","2013","Not on tenure track/No tenure system system total","112","50","62","0","0","0","10","2","8","7","4","3","9","5","4","0","0","0","78","35","43","4","2","2","4","2","2","0","0","0","-2"
"117946","Loyola Marymount University","2013","Not on tenure/no tenure system, professors","8","6","2","0","0","0","0","0","0","2","1","1","0","0","0","0","0","0","6","5","1","0","0","0","0","0","0","0","0","0","-2"
"117946","Loyola Marymount University","2013","Not on tenure/no tenure system, associate professors","31","9","22","0","0","0","4","1","3","1","0","1","2","1","1","0","0","0","24","7","17","0","0","0","0","0","0","0","0","0","-2"
"117946","Loyola Marymount University","2013","Not on tenure/no tenure system, assistant professors","65","31","34","0","0","0","6","1","5","4","3","1","6","3","3","0","0","0","43","21","22","2","1","1","4","2","2","0","0","0","-2"
"117946","Loyola Marymount University","2013","Not on tenure/no tenure system, instructors","4","2","2","0","0","0","0","0","0","0","0","0","0","0","0","0","0","0","3","1","2","1","1","0","0","0","0","0","0","0","-2"
"117946","Loyola Marymount University","2013","Not on tenure/no tenure system, lecturers","3","1","2","0","0","0","0","0","0","0","0","0","0","0","0","0","0","0","2","1","1","1","0","1","0","0","0","0","0","0","-2"
"117946","Loyola Marymount University","2013","Not on tenure/no tenure system, no academic rank","1","1","0","0","0","0","0","0","0","0","0","0","1","1","0","0","0","0","0","0","0","0","0","0","0","0","0","0","0","0","-2"
"120403","Otis College of Art and Design","2013","Not on tenure track/No tenure system system total","56","27","29","0","0","0","4","1","3","1","0","1","5","3","2","0","0","0","44","23","21","0","0","0","2","0","2","0","0","0","-2"
"120403","Otis College of Art and Design","2013","Not on tenure/no tenure system, professors","21","11","10","0","0","0","3","0","3","0","0","0","0","0","0","0","0","0","18","11","7","0","0","0","0","0","0","0","0","0","-2"
"120403","Otis College of Art and Design","2013","Not on tenure/no tenure system, associate professors","23","10","13","0","0","0","0","0","0","1","0","1","2","2","0","0","0","0","20","8","12","0","0","0","0","0","0","0","0","0","-2"
"120403","Otis College of Art and Design","2013","Not on tenure/no tenure system, assistant professors","12","6","6","0","0","0","1","1","0","0","0","0","3","1","2","0","0","0","6","4","2","0","0","0","2","0","2","0","0","0","-2"
"120698","Palo Alto University","2013","Tenured total","8","6","2","0","0","0","1","1","0","1","1","0","0","0","0","0","0","0","6","4","2","0","0","0","0","0","0","0","0","0","-2"
"120698","Palo Alto University","2013","Tenured, professors","8","6","2","0","0","0","1","1","0","1","1","0","0","0","0","0","0","0","6","4","2","0","0","0","0","0","0","0","0","0","-2"
"120698","Palo Alto University","2013","On-Tenure track total","11","2","9","0","0","0","2","0","2","0","0","0","1","0","1","0","0","0","8","2","6","0","0","0","0","0","0","0","0","0","-2"
"120698","Palo Alto University","2013","On-tenure track, associate professors","4","0","4","0","0","0","2","0","2","0","0","0","0","0","0","0","0","0","2","0","2","0","0","0","0","0","0","0","0","0","-2"
"120698","Palo Alto University","2013","On-tenure track, assistant professors","7","2","5","0","0","0","0","0","0","0","0","0","1","0","1","0","0","0","6","2","4","0","0","0","0","0","0","0","0","0","-2"
"120698","Palo Alto University","2013","Not on tenure track/No tenure system system total","16","7","9","0","0","0","2","0","2","1","0","1","1","1","0","0","0","0","11","6","5","1","0","1","0","0","0","0","0","0","-2"
"120698","Palo Alto University","2013","Not on tenure/no tenure system, professors","6","4","2","0","0","0","1","0","1","0","0","0","1","1","0","0","0","0","4","3","1","0","0","0","0","0","0","0","0","0","-2"
"120698","Palo Alto University","2013","Not on tenure/no tenure system, associate professors","5","2","3","0","0","0","1","0","1","0","0","0","0","0","0","0","0","0","4","2","2","0","0","0","0","0","0","0","0","0","-2"
"120698","Palo Alto University","2013","Not on tenure/no tenure system, assistant professors","5","1","4","0","0","0","0","0","0","1","0","1","0","0","0","0","0","0","3","1","2","1","0","1","0","0","0","0","0","0","-2"
"120883","University of the Pacific","2013","Tenured total","281","177","104","0","0","0","38","22","16","7","3","4","9","7","2","0","0","0","217","141","76","0","0","0","3","2","1","7","2","5","-2"
"120883","University of the Pacific","2013","Tenured, professors","137","102","35","0","0","0","13","9","4","4","3","1","7","6","1","0","0","0","109","82","27","0","0","0","0","0","0","4","2","2","-2"
"120883","University of the Pacific","2013","Tenured, associate professors","131","68","63","0","0","0","23","12","11","3","0","3","2","1","1","0","0","0","100","53","47","0","0","0","2","2","0","1","0","1","-2"
"120883","University of the Pacific","2013","Tenured, assistant professors","10","6","4","0","0","0","0","0","0","0","0","0","0","0","0","0","0","0","8","6","2","0","0","0","1","0","1","1","0","1","-2"
"120883","University of the Pacific","2013","Tenured, instructors","2","0","2","0","0","0","1","0","1","0","0","0","0","0","0","0","0","0","0","0","0","0","0","0","0","0","0","1","0","1","-2"
"120883","University of the Pacific","2013","Tenured, no academic rank","1","1","0","0","0","0","1","1","0","0","0","0","0","0","0","0","0","0","0","0","0","0","0","0","0","0","0","0","0","0","-2"
"120883","University of the Pacific","2013","On-Tenure track total","75","34","41","0","0","0","9","1","8","0","0","0","1","0","1","0","0","0","44","25","19","0","0","0","14","5","9","7","3","4","-2"
"120883","University of the Pacific","2013","On-tenure track, professors","2","1","1","0","0","0","0","0","0","0","0","0","0","0","0","0","0","0","2","1","1","0","0","0","0","0","0","0","0","0","-2"
"120883","University of the Pacific","2013","On-tenure track, associate professors","8","2","6","0","0","0","3","0","3","0","0","0","0","0","0","0","0","0","4","2","2","0","0","0","1","0","1","0","0","0","-2"
"120883","University of the Pacific","2013","On-tenure track, assistant professors","60","27","33","0","0","0","5","1","4","0","0","0","1","0","1","0","0","0","35","19","16","0","0","0","13","5","8","6","2","4","-2"
"120883","University of the Pacific","2013","On-tenure track, instructors","1","0","1","0","0","0","1","0","1","0","0","0","0","0","0","0","0","0","0","0","0","0","0","0","0","0","0","0","0","0","-2"
"120883","University of the Pacific","2013","On-tenure track, no academic rank","4","4","0","0","0","0","0","0","0","0","0","0","0","0","0","0","0","0","3","3","0","0","0","0","0","0","0","1","1","0","-2"
"120883","University of the Pacific","2013","Not on tenure track/No tenure system system total","65","36","29","0","0","0","9","6","3","2","0","2","5","2","3","0","0","0","38","24","14","0","0","0","8","2","6","3","2","1","-2"
"120883","University of the Pacific","2013","Not on tenure/no tenure system, professors","3","3","0","0","0","0","0","0","0","0","0","0","0","0","0","0","0","0","3","3","0","0","0","0","0","0","0","0","0","0","-2"
"120883","University of the Pacific","2013","Not on tenure/no tenure system, associate professors","4","2","2","0","0","0","0","0","0","0","0","0","1","0","1","0","0","0","3","2","1","0","0","0","0","0","0","0","0","0","-2"
"120883","University of the Pacific","2013","Not on tenure/no tenure system, assistant professors","31","17","14","0","0","0","7","6","1","2","0","2","3","2","1","0","0","0","14","7","7","0","0","0","5","2","3","0","0","0","-2"
"120883","University of the Pacific","2013","Not on tenure/no tenure system, instructors","7","2","5","0","0","0","1","0","1","0","0","0","0","0","0","0","0","0","5","2","3","0","0","0","1","0","1","0","0","0","-2"
"120883","University of the Pacific","2013","Not on tenure/no tenure system, lecturers","16","9","7","0","0","0","1","0","1","0","0","0","1","0","1","0","0","0","11","8","3","0","0","0","1","0","1","2","1","1","-2"
"120883","University of the Pacific","2013","Not on tenure/no tenure system, no academic rank","4","3","1","0","0","0","0","0","0","0","0","0","0","0","0","0","0","0","2","2","0","0","0","0","1","0","1","1","1","0","-2"
"121309","Point Loma Nazarene University","2013","Tenured total","75","53","22","0","0","0","3","2","1","2","2","0","4","1","3","0","0","0","66","48","18","0","0","0","0","0","0","0","0","0","-2"
"121309","Point Loma Nazarene University","2013","Tenured, professors","74","53","21","0","0","0","3","2","1","2","2","0","4","1","3","0","0","0","65","48","17","0","0","0","0","0","0","0","0","0","-2"
"121309","Point Loma Nazarene University","2013","Tenured, associate professors","1","0","1","0","0","0","0","0","0","0","0","0","0","0","0","0","0","0","1","0","1","0","0","0","0","0","0","0","0","0","-2"
"121309","Point Loma Nazarene University","2013","On-Tenure track total","62","29","33","0","0","0","4","2","2","2","0","2","2","0","2","0","0","0","54","27","27","0","0","0","0","0","0","0","0","0","-2"
"121309","Point Loma Nazarene University","2013","On-tenure track, professors","9","3","6","0","0","0","0","0","0","1","0","1","0","0","0","0","0","0","8","3","5","0","0","0","0","0","0","0","0","0","-2"
"121309","Point Loma Nazarene University","2013","On-tenure track, associate professors","27","13","14","0","0","0","2","0","2","0","0","0","2","0","2","0","0","0","23","13","10","0","0","0","0","0","0","0","0","0","-2"
"121309","Point Loma Nazarene University","2013","On-tenure track, assistant professors","26","13","13","0","0","0","2","2","0","1","0","1","0","0","0","0","0","0","23","11","12","0","0","0","0","0","0","0","0","0","-2"
"121345","Pomona College","2013","Tenured total","149","88","61","0","0","0","19","8","11","4","3","1","20","13","7","0","0","0","84","48","36","5","4","1","17","12","5","0","0","0","-2"
"121345","Pomona College","2013","Tenured, professors","82","51","31","0","0","0","9","3","6","2","1","1","12","7","5","0","0","0","48","31","17","3","2","1","8","7","1","0","0","0","-2"
"121345","Pomona College","2013","Tenured, associate professors","67","37","30","0","0","0","10","5","5","2","2","0","8","6","2","0","0","0","36","17","19","2","2","0","9","5","4","0","0","0","-2"
"121345","Pomona College","2013","On-Tenure track total","30","14","16","0","0","0","3","0","3","0","0","0","0","0","0","0","0","0","19","11","8","0","0","0","7","3","4","1","0","1","-2"
"121345","Pomona College","2013","On-tenure track, assistant professors","28","13","15","0","0","0","3","0","3","0","0","0","0","0","0","0","0","0","17","10","7","0","0","0","7","3","4","1","0","1","-2"
"121345","Pomona College","2013","On-tenure track, instructors","2","1","1","0","0","0","0","0","0","0","0","0","0","0","0","0","0","0","2","1","1","0","0","0","0","0","0","0","0","0","-2"
"121345","Pomona College","2013","Not on tenure track/No tenure system system total","3","0","3","0","0","0","1","0","1","0","0","0","2","0","2","0","0","0","0","0","0","0","0","0","0","0","0","0","0","0","-2"
"121345","Pomona College","2013","Not on tenure/no tenure system, professors","3","0","3","0","0","0","1","0","1","0","0","0","2","0","2","0","0","0","0","0","0","0","0","0","0","0","0","0","0","0","-2"
"122296","Samuel Merritt University","2013","Not on tenure track/No tenure system system total","109","27","82","0","0","0","12","3","9","3","0","3","1","0","1","0","0","0","91","24","67","2","0","2","0","0","0","0","0","0","-2"
"122296","Samuel Merritt University","2013","Not on tenure/no tenure system, professors","15","8","7","0","0","0","1","0","1","0","0","0","0","0","0","0","0","0","14","8","6","0","0","0","0","0","0","0","0","0","-2"
"122296","Samuel Merritt University","2013","Not on tenure/no tenure system, associate professors","19","3","16","0","0","0","2","1","1","1","0","1","0","0","0","0","0","0","16","2","14","0","0","0","0","0","0","0","0","0","-2"
"122296","Samuel Merritt University","2013","Not on tenure/no tenure system, assistant professors","58","14","44","0","0","0","7","2","5","0","0","0","1","0","1","0","0","0","48","12","36","2","0","2","0","0","0","0","0","0","-2"
"122296","Samuel Merritt University","2013","Not on tenure/no tenure system, instructors","17","2","15","0","0","0","2","0","2","2","0","2","0","0","0","0","0","0","13","2","11","0","0","0","0","0","0","0","0","0","-2"
"122436","University of San Diego","2013","Tenured total","244","148","96","1","0","1","18","10","8","7","6","1","17","7","10","0","0","0","198","123","75","2","2","0","0","0","0","1","0","1","-2"
"122436","University of San Diego","2013","Tenured, professors","157","99","58","0","0","0","9","5","4","2","2","0","8","4","4","0","0","0","136","87","49","1","1","0","0","0","0","1","0","1","-2"
"122436","University of San Diego","2013","Tenured, associate professors","86","49","37","1","0","1","9","5","4","5","4","1","9","3","6","0","0","0","61","36","25","1","1","0","0","0","0","0","0","0","-2"
"122436","University of San Diego","2013","Tenured, assistant professors","1","0","1","0","0","0","0","0","0","0","0","0","0","0","0","0","0","0","1","0","1","0","0","0","0","0","0","0","0","0","-2"
"122436","University of San Diego","2013","On-Tenure track total","102","42","60","0","0","0","10","1","9","1","1","0","12","7","5","0","0","0","70","27","43","1","0","1","1","1","0","7","5","2","-2"
"122436","University of San Diego","2013","On-tenure track, professors","2","0","2","0","0","0","0","0","0","0","0","0","0","0","0","0","0","0","2","0","2","0","0","0","0","0","0","0","0","0","-2"
"122436","University of San Diego","2013","On-tenure track, associate professors","20","5","15","0","0","0","2","0","2","0","0","0","1","0","1","0","0","0","17","5","12","0","0","0","0","0","0","0","0","0","-2"
"122436","University of San Diego","2013","On-tenure track, assistant professors","79","37","42","0","0","0","8","1","7","1","1","0","11","7","4","0","0","0","51","22","29","1","0","1","1","1","0","6","5","1","-2"
"122436","University of San Diego","2013","On-tenure track, instructors","1","0","1","0","0","0","0","0","0","0","0","0","0","0","0","0","0","0","0","0","0","0","0","0","0","0","0","1","0","1","-2"
"122436","University of San Diego","2013","Not on tenure track/No tenure system system total","59","27","32","1","1","0","4","2","2","1","1","0","5","1","4","0","0","0","46","21","25","1","1","0","0","0","0","1","0","1","-2"
"122436","University of San Diego","2013","Not on tenure/no tenure system, professors","16","6","10","0","0","0","2","2","0","0","0","0","2","1","1","0","0","0","12","3","9","0","0","0","0","0","0","0","0","0","-2"
"122436","University of San Diego","2013","Not on tenure/no tenure system, associate professors","10","5","5","1","1","0","0","0","0","1","1","0","1","0","1","0","0","0","6","2","4","1","1","0","0","0","0","0","0","0","-2"
"122436","University of San Diego","2013","Not on tenure/no tenure system, assistant professors","22","13","9","0","0","0","1","0","1","0","0","0","1","0","1","0","0","0","20","13","7","0","0","0","0","0","0","0","0","0","-2"
"122436","University of San Diego","2013","Not on tenure/no tenure system, instructors","11","3","8","0","0","0","1","0","1","0","0","0","1","0","1","0","0","0","8","3","5","0","0","0","0","0","0","1","0","1","-2"
"122454","San Francisco Art Institute","2013","Tenured total","19","12","7","0","0","0","1","1","0","1","1","0","1","1","0","0","0","0","16","9","7","0","0","0","0","0","0","0","0","0","-2"
"122454","San Francisco Art Institute","2013","Tenured, professors","4","3","1","0","0","0","1","1","0","0","0","0","1","1","0","0","0","0","2","1","1","0","0","0","0","0","0","0","0","0","-2"
"122454","San Francisco Art Institute","2013","Tenured, associate professors","15","9","6","0","0","0","0","0","0","1","1","0","0","0","0","0","0","0","14","8","6","0","0","0","0","0","0","0","0","0","-2"
"122454","San Francisco Art Institute","2013","On-Tenure track total","2","1","1","0","0","0","0","0","0","0","0","0","0","0","0","0","0","0","1","1","0","0","0","0","1","0","1","0","0","0","-2"
"122454","San Francisco Art Institute","2013","On-tenure track, assistant professors","2","1","1","0","0","0","0","0","0","0","0","0","0","0","0","0","0","0","1","1","0","0","0","0","1","0","1","0","0","0","-2"
"122612","University of San Francisco","2013","Tenured total","240","138","102","0","0","0","22","14","8","11","3","8","18","12","6","1","1","0","152","89","63","6","5","1","27","13","14","3","1","2","-2"
"122612","University of San Francisco","2013","Tenured, professors","127","86","41","0","0","0","9","7","2","2","0","2","7","6","1","1","1","0","91","60","31","4","4","0","13","8","5","0","0","0","-2"
"122612","University of San Francisco","2013","Tenured, associate professors","109","50","59","0","0","0","13","7","6","8","3","5","11","6","5","0","0","0","59","28","31","2","1","1","13","4","9","3","1","2","-2"
"122612","University of San Francisco","2013","Tenured, assistant professors","4","2","2","0","0","0","0","0","0","1","0","1","0","0","0","0","0","0","2","1","1","0","0","0","1","1","0","0","0","0","-2"
"122612","University of San Francisco","2013","On-Tenure track total","101","45","56","2","0","2","12","6","6","9","4","5","9","6","3","0","0","0","54","22","32","2","1","1","3","0","3","10","6","4","-2"
"122612","University of San Francisco","2013","On-tenure track, professors","6","4","2","0","0","0","2","1","1","1","1","0","0","0","0","0","0","0","3","2","1","0","0","0","0","0","0","0","0","0","-2"
"122612","University of San Francisco","2013","On-tenure track, associate professors","11","7","4","0","0","0","1","0","1","1","0","1","3","2","1","0","0","0","5","4","1","0","0","0","0","0","0","1","1","0","-2"
"122612","University of San Francisco","2013","On-tenure track, assistant professors","84","34","50","2","0","2","9","5","4","7","3","4","6","4","2","0","0","0","46","16","30","2","1","1","3","0","3","9","5","4","-2"
"122612","University of San Francisco","2013","Not on tenure track/No tenure system system total","118","53","65","1","1","0","14","6","8","4","2","2","10","4","6","0","0","0","69","31","38","6","4","2","6","2","4","8","3","5","-2"
"122612","University of San Francisco","2013","Not on tenure/no tenure system, professors","9","6","3","0","0","0","1","1","0","0","0","0","0","0","0","0","0","0","7","4","3","1","1","0","0","0","0","0","0","0","-2"
"122612","University of San Francisco","2013","Not on tenure/no tenure system, associate professors","12","3","9","1","1","0","0","0","0","1","0","1","2","1","1","0","0","0","7","1","6","0","0","0","0","0","0","1","0","1","-2"
"122612","University of San Francisco","2013","Not on tenure/no tenure system, assistant professors","76","36","40","0","0","0","12","5","7","3","2","1","7","3","4","0","0","0","41","20","21","3","2","1","4","1","3","6","3","3","-2"
"122612","University of San Francisco","2013","Not on tenure/no tenure system, instructors","21","8","13","0","0","0","1","0","1","0","0","0","1","0","1","0","0","0","14","6","8","2","1","1","2","1","1","1","0","1","-2"
"122728","William Jessup University","2013","Tenured total","5","2","3","0","0","0","0","0","0","0","0","0","0","0","0","0","0","0","5","2","3","0","0","0","0","0","0","0","0","0","-2"
"122728","William Jessup University","2013","Tenured, professors","5","2","3","0","0","0","0","0","0","0","0","0","0","0","0","0","0","0","5","2","3","0","0","0","0","0","0","0","0","0","-2"
"122728","William Jessup University","2013","On-Tenure track total","24","21","3","1","1","0","1","1","0","1","0","1","2","2","0","0","0","0","19","17","2","0","0","0","0","0","0","0","0","0","-2"
"122728","William Jessup University","2013","On-tenure track, professors","5","4","1","0","0","0","0","0","0","0","0","0","0","0","0","0","0","0","5","4","1","0","0","0","0","0","0","0","0","0","-2"
"122728","William Jessup University","2013","On-tenure track, associate professors","8","7","1","1","1","0","1","1","0","1","0","1","0","0","0","0","0","0","5","5","0","0","0","0","0","0","0","0","0","0","-2"
"122728","William Jessup University","2013","On-tenure track, assistant professors","11","10","1","0","0","0","0","0","0","0","0","0","2","2","0","0","0","0","9","8","1","0","0","0","0","0","0","0","0","0","-2"
"122728","William Jessup University","2013","Not on tenure track/No tenure system system total","1","0","1","0","0","0","0","0","0","0","0","0","0","0","0","0","0","0","1","0","1","0","0","0","0","0","0","0","0","0","-2"
"122728","William Jessup University","2013","Not on tenure/no tenure system, no academic rank","1","0","1","0","0","0","0","0","0","0","0","0","0","0","0","0","0","0","1","0","1","0","0","0","0","0","0","0","0","0","-2"
"122931","Santa Clara University","2013","Tenured total","286","179","107","0","0","0","30","18","12","7","3","4","22","14","8","0","0","0","225","142","83","1","1","0","1","1","0","0","0","0","-2"
"122931","Santa Clara University","2013","Tenured, professors","149","101","48","0","0","0","12","11","1","2","2","0","10","9","1","0","0","0","124","78","46","1","1","0","0","0","0","0","0","0","-2"
"122931","Santa Clara University","2013","Tenured, associate professors","136","77","59","0","0","0","18","7","11","5","1","4","12","5","7","0","0","0","100","63","37","0","0","0","1","1","0","0","0","0","-2"
"122931","Santa Clara University","2013","Tenured, assistant professors","1","1","0","0","0","0","0","0","0","0","0","0","0","0","0","0","0","0","1","1","0","0","0","0","0","0","0","0","0","0","-2"
"122931","Santa Clara University","2013","On-Tenure track total","89","54","35","0","0","0","17","11","6","3","3","0","6","3","3","3","2","1","44","26","18","2","1","1","1","0","1","13","8","5","-2"
"122931","Santa Clara University","2013","On-tenure track, associate professors","6","4","2","0","0","0","3","2","1","0","0","0","1","0","1","0","0","0","1","1","0","0","0","0","0","0","0","1","1","0","-2"
"122931","Santa Clara University","2013","On-tenure track, assistant professors","83","50","33","0","0","0","14","9","5","3","3","0","5","3","2","3","2","1","43","25","18","2","1","1","1","0","1","12","7","5","-2"
"122931","Santa Clara University","2013","Not on tenure track/No tenure system system total","133","58","75","0","0","0","12","3","9","4","1","3","11","5","6","1","1","0","97","45","52","3","1","2","5","2","3","0","0","0","-2"
"122931","Santa Clara University","2013","Not on tenure/no tenure system, lecturers","102","44","58","0","0","0","10","2","8","3","1","2","8","4","4","1","1","0","73","34","39","2","0","2","5","2","3","0","0","0","-2"
"122931","Santa Clara University","2013","Not on tenure/no tenure system, no academic rank","31","14","17","0","0","0","2","1","1","1","0","1","3","1","2","0","0","0","24","11","13","1","1","0","0","0","0","0","0","0","-2"
"123299","Shasta College","2013","Tenured total","85","45","40","2","1","1","2","1","1","2","0","2","4","2","2","0","0","0","75","41","34","0","0","0","0","0","0","0","0","0","-2"
"123299","Shasta College","2013","Tenured, instructors","85","45","40","2","1","1","2","1","1","2","0","2","4","2","2","0","0","0","75","41","34","0","0","0","0","0","0","0","0","0","-2"
"123299","Shasta College","2013","On-Tenure track total","35","18","17","0","0","0","0","0","0","0","0","0","3","2","1","1","1","0","26","14","12","0","0","0","4","1","3","1","0","1","-2"
"123299","Shasta College","2013","On-tenure track, instructors","35","18","17","0","0","0","0","0","0","0","0","0","3","2","1","1","1","0","26","14","12","0","0","0","4","1","3","1","0","1","-2"
"123299","Shasta College","2013","Not on tenure track/No tenure system system total","2","2","0","0","0","0","0","0","0","1","1","0","0","0","0","0","0","0","1","1","0","0","0","0","0","0","0","0","0","0","-2"
"123299","Shasta College","2013","Not on tenure/no tenure system, instructors","2","2","0","0","0","0","0","0","0","1","1","0","0","0","0","0","0","0","1","1","0","0","0","0","0","0","0","0","0","0","-2"
"123457","Simpson University","2013","Not on tenure track/No tenure system system total","50","31","19","1","1","0","0","0","0","0","0","0","1","1","0","0","0","0","44","25","19","4","4","0","0","0","0","0","0","0","-2"
"123457","Simpson University","2013","Not on tenure/no tenure system, professors","8","8","0","0","0","0","0","0","0","0","0","0","0","0","0","0","0","0","7","7","0","1","1","0","0","0","0","0","0","0","-2"
"123457","Simpson University","2013","Not on tenure/no tenure system, associate professors","13","8","5","1","1","0","0","0","0","0","0","0","0","0","0","0","0","0","11","6","5","1","1","0","0","0","0","0","0","0","-2"
"123457","Simpson University","2013","Not on tenure/no tenure system, assistant professors","25","13","12","0","0","0","0","0","0","0","0","0","1","1","0","0","0","0","23","11","12","1","1","0","0","0","0","0","0","0","-2"
"123457","Simpson University","2013","Not on tenure/no tenure system, instructors","4","2","2","0","0","0","0","0","0","0","0","0","0","0","0","0","0","0","3","1","2","1","1","0","0","0","0","0","0","0","-2"
"124292","Thomas Aquinas College","2013","Not on tenure track/No tenure system system total","31","27","4","0","0","0","0","0","0","0","0","0","1","1","0","0","0","0","26","24","2","2","2","0","1","0","1","1","0","1","-2"
"124292","Thomas Aquinas College","2013","Not on tenure/no tenure system, professors","16","14","2","0","0","0","0","0","0","0","0","0","1","1","0","0","0","0","14","13","1","0","0","0","0","0","0","1","0","1","-2"
"124292","Thomas Aquinas College","2013","Not on tenure/no tenure system, associate professors","8","8","0","0","0","0","0","0","0","0","0","0","0","0","0","0","0","0","6","6","0","2","2","0","0","0","0","0","0","0","-2"
"124292","Thomas Aquinas College","2013","Not on tenure/no tenure system, assistant professors","7","5","2","0","0","0","0","0","0","0","0","0","0","0","0","0","0","0","6","5","1","0","0","0","1","0","1","0","0","0","-2"
"125727","Westmont College","2013","Tenured total","66","49","17","0","0","0","3","2","1","1","1","0","2","1","1","0","0","0","60","45","15","0","0","0","0","0","0","0","0","0","-2"
"125727","Westmont College","2013","Tenured, professors","51","40","11","0","0","0","2","2","0","0","0","0","1","1","0","0","0","0","48","37","11","0","0","0","0","0","0","0","0","0","-2"
"125727","Westmont College","2013","Tenured, associate professors","14","8","6","0","0","0","1","0","1","1","1","0","1","0","1","0","0","0","11","7","4","0","0","0","0","0","0","0","0","0","-2"
"125727","Westmont College","2013","Tenured, assistant professors","1","1","0","0","0","0","0","0","0","0","0","0","0","0","0","0","0","0","1","1","0","0","0","0","0","0","0","0","0","0","-2"
"125727","Westmont College","2013","On-Tenure track total","14","4","10","1","0","1","4","2","2","0","0","0","1","0","1","0","0","0","8","2","6","0","0","0","0","0","0","0","0","0","-2"
"125727","Westmont College","2013","On-tenure track, professors","1","0","1","0","0","0","0","0","0","0","0","0","1","0","1","0","0","0","0","0","0","0","0","0","0","0","0","0","0","0","-2"
"125727","Westmont College","2013","On-tenure track, associate professors","2","0","2","0","0","0","1","0","1","0","0","0","0","0","0","0","0","0","1","0","1","0","0","0","0","0","0","0","0","0","-2"
"125727","Westmont College","2013","On-tenure track, assistant professors","11","4","7","1","0","1","3","2","1","0","0","0","0","0","0","0","0","0","7","2","5","0","0","0","0","0","0","0","0","0","-2"
"125727","Westmont College","2013","Not on tenure track/No tenure system system total","16","6","10","0","0","0","0","0","0","0","0","0","1","1","0","0","0","0","15","5","10","0","0","0","0","0","0","0","0","0","-2"
"125727","Westmont College","2013","Not on tenure/no tenure system, professors","1","1","0","0","0","0","0","0","0","0","0","0","1","1","0","0","0","0","0","0","0","0","0","0","0","0","0","0","0","0","-2"
"125727","Westmont College","2013","Not on tenure/no tenure system, associate professors","5","2","3","0","0","0","0","0","0","0","0","0","0","0","0","0","0","0","5","2","3","0","0","0","0","0","0","0","0","0","-2"
"125727","Westmont College","2013","Not on tenure/no tenure system, assistant professors","8","3","5","0","0","0","0","0","0","0","0","0","0","0","0","0","0","0","8","3","5","0","0","0","0","0","0","0","0","0","-2"
"125727","Westmont College","2013","Not on tenure/no tenure system, instructors","2","0","2","0","0","0","0","0","0","0","0","0","0","0","0","0","0","0","2","0","2","0","0","0","0","0","0","0","0","0","-2"
"126580","University of Colorado Colorado Springs","2013","Tenured total","140","87","53","1","0","1","7","6","1","3","0","3","5","3","2","0","0","0","121","77","44","0","0","0","3","1","2","0","0","0","-2"
"126580","University of Colorado Colorado Springs","2013","Tenured, professors","73","59","14","0","0","0","5","5","0","1","0","1","2","1","1","0","0","0","64","52","12","0","0","0","1","1","0","0","0","0","-2"
"126580","University of Colorado Colorado Springs","2013","Tenured, associate professors","67","28","39","1","0","1","2","1","1","2","0","2","3","2","1","0","0","0","57","25","32","0","0","0","2","0","2","0","0","0","-2"
"126580","University of Colorado Colorado Springs","2013","On-Tenure track total","77","34","43","0","0","0","12","5","7","1","0","1","5","3","2","0","0","0","54","24","30","0","0","0","5","2","3","0","0","0","-2"
"126580","University of Colorado Colorado Springs","2013","On-tenure track, assistant professors","77","34","43","0","0","0","12","5","7","1","0","1","5","3","2","0","0","0","54","24","30","0","0","0","5","2","3","0","0","0","-2"
"126580","University of Colorado Colorado Springs","2013","Not on tenure track/No tenure system system total","181","67","114","2","1","1","3","0","3","3","0","3","11","3","8","0","0","0","152","59","93","1","1","0","9","3","6","0","0","0","-2"
"126580","University of Colorado Colorado Springs","2013","Not on tenure/no tenure system, instructors","168","62","106","2","1","1","2","0","2","3","0","3","11","3","8","0","0","0","141","54","87","1","1","0","8","3","5","0","0","0","-2"
"126580","University of Colorado Colorado Springs","2013","Not on tenure/no tenure system, lecturers","13","5","8","0","0","0","1","0","1","0","0","0","0","0","0","0","0","0","11","5","6","0","0","0","1","0","1","0","0","0","-2"
"127200","Front Range Community College","2013","Tenured total","158","69","89","0","0","0","2","1","1","3","1","2","7","3","4","0","0","0","145","64","81","0","0","0","1","0","1","0","0","0","-2"
"127200","Front Range Community College","2013","Tenured, professors","158","69","89","0","0","0","2","1","1","3","1","2","7","3","4","0","0","0","145","64","81","0","0","0","1","0","1","0","0","0","-2"
"127200","Front Range Community College","2013","On-Tenure track total","83","29","54","1","0","1","4","1","3","0","0","0","2","0","2","0","0","0","76","28","48","0","0","0","0","0","0","0","0","0","-2"
"127200","Front Range Community College","2013","On-tenure track, professors","83","29","54","1","0","1","4","1","3","0","0","0","2","0","2","0","0","0","76","28","48","0","0","0","0","0","0","0","0","0","-2"
"127200","Front Range Community College","2013","Not on tenure track/No tenure system system total","19","8","11","0","0","0","0","0","0","0","0","0","0","0","0","0","0","0","19","8","11","0","0","0","0","0","0","0","0","0","-2"
"127200","Front Range Community College","2013","Not on tenure/no tenure system, professors","19","8","11","0","0","0","0","0","0","0","0","0","0","0","0","0","0","0","19","8","11","0","0","0","0","0","0","0","0","0","-2"
"127556","Colorado Mesa University","2013","Tenured total","85","51","34","0","0","0","2","2","0","1","1","0","1","1","0","0","0","0","65","37","28","0","0","0","11","7","4","5","3","2","-2"
"127556","Colorado Mesa University","2013","Tenured, professors","57","34","23","0","0","0","1","1","0","0","0","0","1","1","0","0","0","0","42","24","18","0","0","0","10","7","3","3","1","2","-2"
"127556","Colorado Mesa University","2013","Tenured, associate professors","26","15","11","0","0","0","1","1","0","0","0","0","0","0","0","0","0","0","22","12","10","0","0","0","1","0","1","2","2","0","-2"
"127556","Colorado Mesa University","2013","Tenured, assistant professors","1","1","0","0","0","0","0","0","0","1","1","0","0","0","0","0","0","0","0","0","0","0","0","0","0","0","0","0","0","0","-2"
"127556","Colorado Mesa University","2013","Tenured, instructors","1","1","0","0","0","0","0","0","0","0","0","0","0","0","0","0","0","0","1","1","0","0","0","0","0","0","0","0","0","0","-2"
"127556","Colorado Mesa University","2013","On-Tenure track total","79","42","37","0","0","0","1","1","0","0","0","0","2","0","2","0","0","0","64","33","31","1","0","1","8","7","1","3","1","2","-2"
"127556","Colorado Mesa University","2013","On-tenure track, professors","3","3","0","0","0","0","0","0","0","0","0","0","0","0","0","0","0","0","2","2","0","0","0","0","1","1","0","0","0","0","-2"
"127556","Colorado Mesa University","2013","On-tenure track, associate professors","5","3","2","0","0","0","0","0","0","0","0","0","0","0","0","0","0","0","5","3","2","0","0","0","0","0","0","0","0","0","-2"
"127556","Colorado Mesa University","2013","On-tenure track, assistant professors","70","35","35","0","0","0","1","1","0","0","0","0","2","0","2","0","0","0","57","28","29","1","0","1","7","6","1","2","0","2","-2"
"127556","Colorado Mesa University","2013","On-tenure track, instructors","1","1","0","0","0","0","0","0","0","0","0","0","0","0","0","0","0","0","0","0","0","0","0","0","0","0","0","1","1","0","-2"
"127556","Colorado Mesa University","2013","Not on tenure track/No tenure system system total","85","43","42","0","0","0","0","0","0","0","0","0","4","2","2","0","0","0","66","33","33","0","0","0","10","7","3","5","1","4","-2"
"127556","Colorado Mesa University","2013","Not on tenure/no tenure system, associate professors","1","0","1","0","0","0","0","0","0","0","0","0","0","0","0","0","0","0","1","0","1","0","0","0","0","0","0","0","0","0","-2"
"127556","Colorado Mesa University","2013","Not on tenure/no tenure system, assistant professors","1","0","1","0","0","0","0","0","0","0","0","0","0","0","0","0","0","0","1","0","1","0","0","0","0","0","0","0","0","0","-2"
"127556","Colorado Mesa University","2013","Not on tenure/no tenure system, instructors","79","41","38","0","0","0","0","0","0","0","0","0","4","2","2","0","0","0","61","32","29","0","0","0","9","6","3","5","1","4","-2"
"127556","Colorado Mesa University","2013","Not on tenure/no tenure system, lecturers","3","1","2","0","0","0","0","0","0","0","0","0","0","0","0","0","0","0","2","0","2","0","0","0","1","1","0","0","0","0","-2"
"127556","Colorado Mesa University","2013","Not on tenure/no tenure system, no academic rank","1","1","0","0","0","0","0","0","0","0","0","0","0","0","0","0","0","0","1","1","0","0","0","0","0","0","0","0","0","0","-2"
"127820","Pikes Peak Community College","2013","Not on tenure track/No tenure system system total","168","62","106","0","0","0","5","2","3","4","1","3","4","3","1","0","0","0","130","49","81","0","0","0","25","7","18","0","0","0","-2"
"127820","Pikes Peak Community College","2013","Not on tenure/no tenure system, no academic rank","168","62","106","0","0","0","5","2","3","4","1","3","4","3","1","0","0","0","130","49","81","0","0","0","25","7","18","0","0","0","-2"
"127909","Red Rocks Community College","2013","Not on tenure track/No tenure system system total","92","36","56","2","0","2","0","0","0","0","0","0","2","1","1","0","0","0","83","35","48","3","0","3","2","0","2","0","0","0","-2"
"127909","Red Rocks Community College","2013","Not on tenure/no tenure system, instructors","92","36","56","2","0","2","0","0","0","0","0","0","2","1","1","0","0","0","83","35","48","3","0","3","2","0","2","0","0","0","-2"
"127918","Regis University","2013","Tenured total","70","35","35","0","0","0","2","1","1","1","1","0","9","3","6","0","0","0","58","30","28","0","0","0","0","0","0","0","0","0","-2"
"127918","Regis University","2013","Tenured, professors","17","10","7","0","0","0","1","1","0","0","0","0","1","0","1","0","0","0","15","9","6","0","0","0","0","0","0","0","0","0","-2"
"127918","Regis University","2013","Tenured, associate professors","43","22","21","0","0","0","0","0","0","1","1","0","6","3","3","0","0","0","36","18","18","0","0","0","0","0","0","0","0","0","-2"
"127918","Regis University","2013","Tenured, assistant professors","10","3","7","0","0","0","1","0","1","0","0","0","2","0","2","0","0","0","7","3","4","0","0","0","0","0","0","0","0","0","-2"
"127918","Regis University","2013","On-Tenure track total","22","9","13","0","0","0","1","0","1","1","1","0","1","0","1","0","0","0","19","8","11","0","0","0","0","0","0","0","0","0","-2"
"127918","Regis University","2013","On-tenure track, professors","1","1","0","0","0","0","0","0","0","0","0","0","0","0","0","0","0","0","1","1","0","0","0","0","0","0","0","0","0","0","-2"
"127918","Regis University","2013","On-tenure track, associate professors","1","1","0","0","0","0","0","0","0","0","0","0","0","0","0","0","0","0","1","1","0","0","0","0","0","0","0","0","0","0","-2"
"127918","Regis University","2013","On-tenure track, assistant professors","19","7","12","0","0","0","1","0","1","1","1","0","1","0","1","0","0","0","16","6","10","0","0","0","0","0","0","0","0","0","-2"
"127918","Regis University","2013","On-tenure track, instructors","1","0","1","0","0","0","0","0","0","0","0","0","0","0","0","0","0","0","1","0","1","0","0","0","0","0","0","0","0","0","-2"
"127918","Regis University","2013","Not on tenure track/No tenure system system total","171","62","109","0","0","0","2","0","2","6","3","3","3","1","2","0","0","0","157","57","100","3","1","2","0","0","0","0","0","0","-2"
"127918","Regis University","2013","Not on tenure/no tenure system, professors","31","15","16","0","0","0","0","0","0","2","1","1","1","1","0","0","0","0","27","13","14","1","0","1","0","0","0","0","0","0","-2"
"127918","Regis University","2013","Not on tenure/no tenure system, associate professors","45","12","33","0","0","0","1","0","1","1","0","1","0","0","0","0","0","0","43","12","31","0","0","0","0","0","0","0","0","0","-2"
"127918","Regis University","2013","Not on tenure/no tenure system, assistant professors","68","29","39","0","0","0","1","0","1","2","2","0","2","0","2","0","0","0","61","26","35","2","1","1","0","0","0","0","0","0","-2"
"127918","Regis University","2013","Not on tenure/no tenure system, instructors","23","6","17","0","0","0","0","0","0","1","0","1","0","0","0","0","0","0","22","6","16","0","0","0","0","0","0","0","0","0","-2"
"127918","Regis University","2013","Not on tenure/no tenure system, no academic rank","4","0","4","0","0","0","0","0","0","0","0","0","0","0","0","0","0","0","4","0","4","0","0","0","0","0","0","0","0","0","-2"
"128391","Western Colorado University","2013","Tenured total","56","35","21","0","0","0","1","0","1","0","0","0","0","0","0","0","0","0","51","33","18","0","0","0","2","1","1","2","1","1","-2"
"128391","Western Colorado University","2013","Tenured, professors","46","28","18","0","0","0","1","0","1","0","0","0","0","0","0","0","0","0","44","28","16","0","0","0","1","0","1","0","0","0","-2"
"128391","Western Colorado University","2013","Tenured, associate professors","9","6","3","0","0","0","0","0","0","0","0","0","0","0","0","0","0","0","6","4","2","0","0","0","1","1","0","2","1","1","-2"
"128391","Western Colorado University","2013","Tenured, assistant professors","1","1","0","0","0","0","0","0","0","0","0","0","0","0","0","0","0","0","1","1","0","0","0","0","0","0","0","0","0","0","-2"
"128391","Western Colorado University","2013","On-Tenure track total","21","15","6","0","0","0","1","1","0","0","0","0","0","0","0","0","0","0","18","13","5","0","0","0","2","1","1","0","0","0","-2"
"128391","Western Colorado University","2013","On-tenure track, professors","1","1","0","0","0","0","0","0","0","0","0","0","0","0","0","0","0","0","1","1","0","0","0","0","0","0","0","0","0","0","-2"
"128391","Western Colorado University","2013","On-tenure track, associate professors","1","0","1","0","0","0","0","0","0","0","0","0","0","0","0","0","0","0","1","0","1","0","0","0","0","0","0","0","0","0","-2"
"128391","Western Colorado University","2013","On-tenure track, assistant professors","19","14","5","0","0","0","1","1","0","0","0","0","0","0","0","0","0","0","16","12","4","0","0","0","2","1","1","0","0","0","-2"
"128391","Western Colorado University","2013","Not on tenure track/No tenure system system total","34","16","18","0","0","0","2","1","1","0","0","0","1","0","1","0","0","0","31","15","16","0","0","0","0","0","0","0","0","0","-2"
"128391","Western Colorado University","2013","Not on tenure/no tenure system, lecturers","34","16","18","0","0","0","2","1","1","0","0","0","1","0","1","0","0","0","31","15","16","0","0","0","0","0","0","0","0","0","-2"
"128498","Albertus Magnus College","2013","Tenured total","9","5","4","0","0","0","0","0","0","0","0","0","0","0","0","0","0","0","9","5","4","0","0","0","0","0","0","0","0","0","-2"
"128498","Albertus Magnus College","2013","Tenured, professors","8","4","4","0","0","0","0","0","0","0","0","0","0","0","0","0","0","0","8","4","4","0","0","0","0","0","0","0","0","0","-2"
"128498","Albertus Magnus College","2013","Tenured, associate professors","1","1","0","0","0","0","0","0","0","0","0","0","0","0","0","0","0","0","1","1","0","0","0","0","0","0","0","0","0","0","-2"
"128498","Albertus Magnus College","2013","Not on tenure track/No tenure system system total","37","20","17","0","0","0","1","1","0","1","1","0","0","0","0","0","0","0","35","18","17","0","0","0","0","0","0","0","0","0","-2"
"128498","Albertus Magnus College","2013","Not on tenure/no tenure system, professors","5","3","2","0","0","0","0","0","0","0","0","0","0","0","0","0","0","0","5","3","2","0","0","0","0","0","0","0","0","0","-2"
"128498","Albertus Magnus College","2013","Not on tenure/no tenure system, associate professors","23","13","10","0","0","0","1","1","0","1","1","0","0","0","0","0","0","0","21","11","10","0","0","0","0","0","0","0","0","0","-2"
"128498","Albertus Magnus College","2013","Not on tenure/no tenure system, assistant professors","9","4","5","0","0","0","0","0","0","0","0","0","0","0","0","0","0","0","9","4","5","0","0","0","0","0","0","0","0","0","-2"
"128771","Central Connecticut State University","2013","Tenured total","316","183","133","2","2","0","21","15","6","19","11","8","18","12","6","0","0","0","252","140","112","3","2","1","0","0","0","1","1","0","-2"
"128771","Central Connecticut State University","2013","Tenured, professors","189","115","74","2","2","0","14","8","6","12","7","5","14","10","4","0","0","0","145","87","58","2","1","1","0","0","0","0","0","0","-2"
"128771","Central Connecticut State University","2013","Tenured, associate professors","118","64","54","0","0","0","7","7","0","6","4","2","4","2","2","0","0","0","99","49","50","1","1","0","0","0","0","1","1","0","-2"
"128771","Central Connecticut State University","2013","Tenured, assistant professors","9","4","5","0","0","0","0","0","0","1","0","1","0","0","0","0","0","0","8","4","4","0","0","0","0","0","0","0","0","0","-2"
"128771","Central Connecticut State University","2013","On-Tenure track total","97","56","41","0","0","0","9","6","3","3","2","1","5","0","5","0","0","0","59","35","24","0","0","0","0","0","0","21","13","8","-2"
"128771","Central Connecticut State University","2013","On-tenure track, associate professors","20","14","6","0","0","0","5","3","2","0","0","0","0","0","0","0","0","0","8","6","2","0","0","0","0","0","0","7","5","2","-2"
"128771","Central Connecticut State University","2013","On-tenure track, assistant professors","74","40","34","0","0","0","4","3","1","3","2","1","5","0","5","0","0","0","48","27","21","0","0","0","0","0","0","14","8","6","-2"
"128771","Central Connecticut State University","2013","On-tenure track, instructors","3","2","1","0","0","0","0","0","0","0","0","0","0","0","0","0","0","0","3","2","1","0","0","0","0","0","0","0","0","0","-2"
"128771","Central Connecticut State University","2013","Not on tenure track/No tenure system system total","21","6","15","0","0","0","0","0","0","2","1","1","0","0","0","0","0","0","19","5","14","0","0","0","0","0","0","0","0","0","-2"
"128771","Central Connecticut State University","2013","Not on tenure/no tenure system, professors","1","1","0","0","0","0","0","0","0","1","1","0","0","0","0","0","0","0","0","0","0","0","0","0","0","0","0","0","0","0","-2"
"128771","Central Connecticut State University","2013","Not on tenure/no tenure system, associate professors","2","1","1","0","0","0","0","0","0","0","0","0","0","0","0","0","0","0","2","1","1","0","0","0","0","0","0","0","0","0","-2"
"128771","Central Connecticut State University","2013","Not on tenure/no tenure system, assistant professors","11","4","7","0","0","0","0","0","0","1","0","1","0","0","0","0","0","0","10","4","6","0","0","0","0","0","0","0","0","0","-2"
"128771","Central Connecticut State University","2013","Not on tenure/no tenure system, instructors","7","0","7","0","0","0","0","0","0","0","0","0","0","0","0","0","0","0","7","0","7","0","0","0","0","0","0","0","0","0","-2"
"129154","Goodwin University","2013","Not on tenure track/No tenure system system total","82","26","56","0","0","0","2","0","2","10","3","7","3","1","2","0","0","0","57","22","35","10","0","10","0","0","0","0","0","0","-2"
"129154","Goodwin University","2013","Not on tenure/no tenure system, associate professors","23","7","16","0","0","0","1","0","1","0","0","0","0","0","0","0","0","0","21","7","14","1","0","1","0","0","0","0","0","0","-2"
"129154","Goodwin University","2013","Not on tenure/no tenure system, assistant professors","50","17","33","0","0","0","1","0","1","10","3","7","3","1","2","0","0","0","34","13","21","2","0","2","0","0","0","0","0","0","-2"
"129154","Goodwin University","2013","Not on tenure/no tenure system, instructors","9","2","7","0","0","0","0","0","0","0","0","0","0","0","0","0","0","0","2","2","0","7","0","7","0","0","0","0","0","0","-2"
"129774","Mitchell College","2013","Tenured total","6","2","4","0","0","0","0","0","0","0","0","0","0","0","0","0","0","0","6","2","4","0","0","0","0","0","0","0","0","0","-2"
"129774","Mitchell College","2013","Tenured, professors","1","0","1","0","0","0","0","0","0","0","0","0","0","0","0","0","0","0","1","0","1","0","0","0","0","0","0","0","0","0","-2"
"129774","Mitchell College","2013","Tenured, associate professors","3","1","2","0","0","0","0","0","0","0","0","0","0","0","0","0","0","0","3","1","2","0","0","0","0","0","0","0","0","0","-2"
"129774","Mitchell College","2013","Tenured, assistant professors","2","1","1","0","0","0","0","0","0","0","0","0","0","0","0","0","0","0","2","1","1","0","0","0","0","0","0","0","0","0","-2"
"129774","Mitchell College","2013","Not on tenure track/No tenure system system total","17","9","8","0","0","0","0","0","0","0","0","0","0","0","0","0","0","0","17","9","8","0","0","0","0","0","0","0","0","0","-2"
"129774","Mitchell College","2013","Not on tenure/no tenure system, professors","2","0","2","0","0","0","0","0","0","0","0","0","0","0","0","0","0","0","2","0","2","0","0","0","0","0","0","0","0","0","-2"
"129774","Mitchell College","2013","Not on tenure/no tenure system, associate professors","6","3","3","0","0","0","0","0","0","0","0","0","0","0","0","0","0","0","6","3","3","0","0","0","0","0","0","0","0","0","-2"
"129774","Mitchell College","2013","Not on tenure/no tenure system, assistant professors","9","6","3","0","0","0","0","0","0","0","0","0","0","0","0","0","0","0","9","6","3","0","0","0","0","0","0","0","0","0","-2"
"132657","Lynn University","2013","Not on tenure track/No tenure system system total","90","56","34","3","2","1","0","0","0","1","0","1","2","2","0","0","0","0","73","47","26","0","0","0","10","4","6","1","1","0","-2"
"132657","Lynn University","2013","Not on tenure/no tenure system, professors","19","12","7","1","0","1","0","0","0","0","0","0","0","0","0","0","0","0","16","11","5","0","0","0","2","1","1","0","0","0","-2"
"132657","Lynn University","2013","Not on tenure/no tenure system, associate professors","21","11","10","1","1","0","0","0","0","0","0","0","1","1","0","0","0","0","17","8","9","0","0","0","2","1","1","0","0","0","-2"
"132657","Lynn University","2013","Not on tenure/no tenure system, assistant professors","36","20","16","0","0","0","0","0","0","1","0","1","0","0","0","0","0","0","29","18","11","0","0","0","5","1","4","1","1","0","-2"
"132657","Lynn University","2013","Not on tenure/no tenure system, instructors","14","13","1","1","1","0","0","0","0","0","0","0","1","1","0","0","0","0","11","10","1","0","0","0","1","1","0","0","0","0","-2"
"132693","Eastern Florida State College","2013","Tenured total","193","82","111","0","0","0","10","5","5","12","6","6","4","1","3","0","0","0","162","67","95","4","3","1","1","0","1","0","0","0","-2"
"132693","Eastern Florida State College","2013","Tenured, professors","53","27","26","0","0","0","6","3","3","1","1","0","1","1","0","0","0","0","43","20","23","2","2","0","0","0","0","0","0","0","-2"
"132693","Eastern Florida State College","2013","Tenured, associate professors","48","20","28","0","0","0","2","1","1","5","2","3","1","0","1","0","0","0","39","16","23","1","1","0","0","0","0","0","0","0","-2"
"132693","Eastern Florida State College","2013","Tenured, assistant professors","57","21","36","0","0","0","2","1","1","3","1","2","2","0","2","0","0","0","48","19","29","1","0","1","1","0","1","0","0","0","-2"
"132693","Eastern Florida State College","2013","Tenured, instructors","35","14","21","0","0","0","0","0","0","3","2","1","0","0","0","0","0","0","32","12","20","0","0","0","0","0","0","0","0","0","-2"
"132693","Eastern Florida State College","2013","On-Tenure track total","34","14","20","0","0","0","1","1","0","7","2","5","0","0","0","0","0","0","25","11","14","1","0","1","0","0","0","0","0","0","-2"
"132693","Eastern Florida State College","2013","On-tenure track, instructors","34","14","20","0","0","0","1","1","0","7","2","5","0","0","0","0","0","0","25","11","14","1","0","1","0","0","0","0","0","0","-2"
"132693","Eastern Florida State College","2013","Not on tenure track/No tenure system system total","12","4","8","0","0","0","0","0","0","0","0","0","2","1","1","0","0","0","9","3","6","1","0","1","0","0","0","0","0","0","-2"
"132693","Eastern Florida State College","2013","Not on tenure/no tenure system, instructors","12","4","8","0","0","0","0","0","0","0","0","0","2","1","1","0","0","0","9","3","6","1","0","1","0","0","0","0","0","0","-2"
"132879","Johnson University Florida","2013","Not on tenure track/No tenure system system total","10","7","3","0","0","0","1","0","1","0","0","0","0","0","0","0","0","0","9","7","2","0","0","0","0","0","0","0","0","0","-2"
"132879","Johnson University Florida","2013","Not on tenure/no tenure system, professors","4","2","2","0","0","0","1","0","1","0","0","0","0","0","0","0","0","0","3","2","1","0","0","0","0","0","0","0","0","0","-2"
"132879","Johnson University Florida","2013","Not on tenure/no tenure system, associate professors","5","4","1","0","0","0","0","0","0","0","0","0","0","0","0","0","0","0","5","4","1","0","0","0","0","0","0","0","0","0","-2"
"132879","Johnson University Florida","2013","Not on tenure/no tenure system, assistant professors","1","1","0","0","0","0","0","0","0","0","0","0","0","0","0","0","0","0","1","1","0","0","0","0","0","0","0","0","0","0","-2"
"133386","Daytona State College","2013","Tenured total","240","125","115","1","0","1","8","6","2","17","9","8","8","6","2","0","0","0","200","101","99","0","0","0","4","1","3","2","2","0","-2"
"133386","Daytona State College","2013","Tenured, professors","111","55","56","0","0","0","4","3","1","8","3","5","5","3","2","0","0","0","93","45","48","0","0","0","0","0","0","1","1","0","-2"
"133386","Daytona State College","2013","Tenured, associate professors","89","48","41","1","0","1","3","3","0","8","5","3","2","2","0","0","0","0","73","38","35","0","0","0","2","0","2","0","0","0","-2"
"133386","Daytona State College","2013","Tenured, assistant professors","37","20","17","0","0","0","1","0","1","1","1","0","1","1","0","0","0","0","31","16","15","0","0","0","2","1","1","1","1","0","-2"
"133386","Daytona State College","2013","Tenured, instructors","3","2","1","0","0","0","0","0","0","0","0","0","0","0","0","0","0","0","3","2","1","0","0","0","0","0","0","0","0","0","-2"
"133386","Daytona State College","2013","On-Tenure track total","56","25","31","0","0","0","1","0","1","7","2","5","2","1","1","0","0","0","44","21","23","0","0","0","1","1","0","1","0","1","-2"
"133386","Daytona State College","2013","On-tenure track, associate professors","12","4","8","0","0","0","1","0","1","2","1","1","0","0","0","0","0","0","8","3","5","0","0","0","0","0","0","1","0","1","-2"
"133386","Daytona State College","2013","On-tenure track, assistant professors","34","14","20","0","0","0","0","0","0","4","1","3","1","0","1","0","0","0","28","12","16","0","0","0","1","1","0","0","0","0","-2"
"133386","Daytona State College","2013","On-tenure track, instructors","10","7","3","0","0","0","0","0","0","1","0","1","1","1","0","0","0","0","8","6","2","0","0","0","0","0","0","0","0","0","-2"
"133386","Daytona State College","2013","Not on tenure track/No tenure system system total","1","0","1","0","0","0","0","0","0","0","0","0","0","0","0","0","0","0","1","0","1","0","0","0","0","0","0","0","0","0","-2"
"133386","Daytona State College","2013","Not on tenure/no tenure system, instructors","1","0","1","0","0","0","0","0","0","0","0","0","0","0","0","0","0","0","1","0","1","0","0","0","0","0","0","0","0","0","-2"
"134130","University of Florida","2013","Tenured total","1592","1190","402","1","1","0","187","150","37","50","26","24","79","61","18","0","0","0","1261","941","320","14","11","3","0","0","0","0","0","0","-2"
"134130","University of Florida","2013","Tenured, professors","966","769","197","0","0","0","97","83","14","17","10","7","35","30","5","0","0","0","810","641","169","7","5","2","0","0","0","0","0","0","-2"
"134130","University of Florida","2013","Tenured, associate professors","618","414","204","1","1","0","89","66","23","33","16","17","44","31","13","0","0","0","444","294","150","7","6","1","0","0","0","0","0","0","-2"
"134130","University of Florida","2013","Tenured, assistant professors","8","7","1","0","0","0","1","1","0","0","0","0","0","0","0","0","0","0","7","6","1","0","0","0","0","0","0","0","0","0","-2"
"134130","University of Florida","2013","On-Tenure track total","419","266","153","0","0","0","85","52","33","11","6","5","30","21","9","1","1","0","278","178","100","7","5","2","0","0","0","7","3","4","-2"
"134130","University of Florida","2013","On-tenure track, professors","23","20","3","0","0","0","5","5","0","0","0","0","2","2","0","0","0","0","15","12","3","0","0","0","0","0","0","1","1","0","-2"
"134130","University of Florida","2013","On-tenure track, associate professors","52","31","21","0","0","0","9","3","6","1","1","0","5","4","1","0","0","0","36","23","13","0","0","0","0","0","0","1","0","1","-2"
"134130","University of Florida","2013","On-tenure track, assistant professors","344","215","129","0","0","0","71","44","27","10","5","5","23","15","8","1","1","0","227","143","84","7","5","2","0","0","0","5","2","3","-2"
"134130","University of Florida","2013","Not on tenure track/No tenure system system total","491","222","269","2","1","1","45","15","30","26","9","17","28","12","16","0","0","0","364","169","195","4","3","1","4","3","1","18","10","8","-2"
"134130","University of Florida","2013","Not on tenure/no tenure system, professors","16","12","4","0","0","0","1","0","1","1","0","1","1","1","0","0","0","0","10","8","2","1","1","0","1","1","0","1","1","0","-2"
"134130","University of Florida","2013","Not on tenure/no tenure system, associate professors","8","6","2","0","0","0","2","1","1","0","0","0","0","0","0","0","0","0","5","4","1","0","0","0","1","1","0","0","0","0","-2"
"134130","University of Florida","2013","Not on tenure/no tenure system, assistant professors","60","28","32","0","0","0","9","5","4","1","0","1","5","3","2","0","0","0","38","15","23","0","0","0","2","1","1","5","4","1","-2"
"134130","University of Florida","2013","Not on tenure/no tenure system, lecturers","248","102","146","2","1","1","18","2","16","15","5","10","15","5","10","0","0","0","192","86","106","1","1","0","0","0","0","5","2","3","-2"
"134130","University of Florida","2013","Not on tenure/no tenure system, no academic rank","159","74","85","0","0","0","15","7","8","9","4","5","7","3","4","0","0","0","119","56","63","2","1","1","0","0","0","7","3","4","-2"
"135188","Lake-Sumter State College","2013","Tenured total","28","7","21","0","0","0","0","0","0","2","0","2","0","0","0","0","0","0","26","7","19","0","0","0","0","0","0","0","0","0","-2"
"135188","Lake-Sumter State College","2013","Tenured, professors","7","3","4","0","0","0","0","0","0","1","0","1","0","0","0","0","0","0","6","3","3","0","0","0","0","0","0","0","0","0","-2"
"135188","Lake-Sumter State College","2013","Tenured, associate professors","8","3","5","0","0","0","0","0","0","0","0","0","0","0","0","0","0","0","8","3","5","0","0","0","0","0","0","0","0","0","-2"
"135188","Lake-Sumter State College","2013","Tenured, assistant professors","5","1","4","0","0","0","0","0","0","1","0","1","0","0","0","0","0","0","4","1","3","0","0","0","0","0","0","0","0","0","-2"
"135188","Lake-Sumter State College","2013","Tenured, instructors","8","0","8","0","0","0","0","0","0","0","0","0","0","0","0","0","0","0","8","0","8","0","0","0","0","0","0","0","0","0","-2"
"135188","Lake-Sumter State College","2013","On-Tenure track total","46","16","30","1","1","0","0","0","0","2","1","1","1","1","0","0","0","0","42","13","29","0","0","0","0","0","0","0","0","0","-2"
"135188","Lake-Sumter State College","2013","On-tenure track, assistant professors","8","1","7","0","0","0","0","0","0","1","0","1","0","0","0","0","0","0","7","1","6","0","0","0","0","0","0","0","0","0","-2"
"135188","Lake-Sumter State College","2013","On-tenure track, instructors","35","15","20","1","1","0","0","0","0","1","1","0","1","1","0","0","0","0","32","12","20","0","0","0","0","0","0","0","0","0","-2"
"135188","Lake-Sumter State College","2013","On-tenure track, no academic rank","3","0","3","0","0","0","0","0","0","0","0","0","0","0","0","0","0","0","3","0","3","0","0","0","0","0","0","0","0","0","-2"
"135391","State College of Florida-Manatee-Sarasota","2013","Tenured total","96","36","60","0","0","0","3","3","0","5","3","2","5","1","4","0","0","0","82","29","53","0","0","0","1","0","1","0","0","0","-2"
"135391","State College of Florida-Manatee-Sarasota","2013","Tenured, professors","24","10","14","0","0","0","1","1","0","2","1","1","0","0","0","0","0","0","21","8","13","0","0","0","0","0","0","0","0","0","-2"
"135391","State College of Florida-Manatee-Sarasota","2013","Tenured, associate professors","27","8","19","0","0","0","1","1","0","0","0","0","2","0","2","0","0","0","23","7","16","0","0","0","1","0","1","0","0","0","-2"
"135391","State College of Florida-Manatee-Sarasota","2013","Tenured, assistant professors","31","12","19","0","0","0","1","1","0","2","2","0","3","1","2","0","0","0","25","8","17","0","0","0","0","0","0","0","0","0","-2"
"135391","State College of Florida-Manatee-Sarasota","2013","Tenured, instructors","14","6","8","0","0","0","0","0","0","1","0","1","0","0","0","0","0","0","13","6","7","0","0","0","0","0","0","0","0","0","-2"
"135391","State College of Florida-Manatee-Sarasota","2013","On-Tenure track total","26","8","18","0","0","0","0","0","0","1","1","0","1","1","0","0","0","0","22","6","16","0","0","0","1","0","1","1","0","1","-2"
"135391","State College of Florida-Manatee-Sarasota","2013","On-tenure track, professors","1","0","1","0","0","0","0","0","0","0","0","0","0","0","0","0","0","0","1","0","1","0","0","0","0","0","0","0","0","0","-2"
"135391","State College of Florida-Manatee-Sarasota","2013","On-tenure track, associate professors","3","1","2","0","0","0","0","0","0","1","1","0","0","0","0","0","0","0","2","0","2","0","0","0","0","0","0","0","0","0","-2"
"135391","State College of Florida-Manatee-Sarasota","2013","On-tenure track, assistant professors","11","3","8","0","0","0","0","0","0","0","0","0","1","1","0","0","0","0","9","2","7","0","0","0","0","0","0","1","0","1","-2"
"135391","State College of Florida-Manatee-Sarasota","2013","On-tenure track, instructors","11","4","7","0","0","0","0","0","0","0","0","0","0","0","0","0","0","0","10","4","6","0","0","0","1","0","1","0","0","0","-2"
"135391","State College of Florida-Manatee-Sarasota","2013","Not on tenure track/No tenure system system total","9","5","4","0","0","0","0","0","0","0","0","0","0","0","0","0","0","0","9","5","4","0","0","0","0","0","0","0","0","0","-2"
"135391","State College of Florida-Manatee-Sarasota","2013","Not on tenure/no tenure system, lecturers","5","5","0","0","0","0","0","0","0","0","0","0","0","0","0","0","0","0","5","5","0","0","0","0","0","0","0","0","0","0","-2"
"135391","State College of Florida-Manatee-Sarasota","2013","Not on tenure/no tenure system, no academic rank","4","0","4","0","0","0","0","0","0","0","0","0","0","0","0","0","0","0","4","0","4","0","0","0","0","0","0","0","0","0","-2"
"136330","Palm Beach Atlantic University","2013","Not on tenure track/No tenure system system total","162","83","79","0","0","0","7","2","5","7","2","5","3","1","2","0","0","0","133","74","59","0","0","0","5","1","4","7","3","4","-2"
"136330","Palm Beach Atlantic University","2013","Not on tenure/no tenure system, professors","37","29","8","0","0","0","2","2","0","1","1","0","0","0","0","0","0","0","31","25","6","0","0","0","3","1","2","0","0","0","-2"
"136330","Palm Beach Atlantic University","2013","Not on tenure/no tenure system, associate professors","63","35","28","0","0","0","2","0","2","1","0","1","1","0","1","0","0","0","54","32","22","0","0","0","0","0","0","5","3","2","-2"
"136330","Palm Beach Atlantic University","2013","Not on tenure/no tenure system, assistant professors","58","18","40","0","0","0","3","0","3","5","1","4","2","1","1","0","0","0","44","16","28","0","0","0","2","0","2","2","0","2","-2"
"136330","Palm Beach Atlantic University","2013","Not on tenure/no tenure system, instructors","4","1","3","0","0","0","0","0","0","0","0","0","0","0","0","0","0","0","4","1","3","0","0","0","0","0","0","0","0","0","-2"
"136400","Pasco-Hernando State College","2013","Tenured total","84","22","62","0","0","0","0","0","0","5","2","3","3","2","1","1","0","1","73","17","56","0","0","0","2","1","1","0","0","0","-2"
"136400","Pasco-Hernando State College","2013","Tenured, professors","26","5","21","0","0","0","0","0","0","0","0","0","1","1","0","0","0","0","24","4","20","0","0","0","1","0","1","0","0","0","-2"
"136400","Pasco-Hernando State College","2013","Tenured, associate professors","19","2","17","0","0","0","0","0","0","1","0","1","0","0","0","0","0","0","18","2","16","0","0","0","0","0","0","0","0","0","-2"
"136400","Pasco-Hernando State College","2013","Tenured, assistant professors","24","9","15","0","0","0","0","0","0","4","2","2","2","1","1","1","0","1","17","6","11","0","0","0","0","0","0","0","0","0","-2"
"136400","Pasco-Hernando State College","2013","Tenured, instructors","15","6","9","0","0","0","0","0","0","0","0","0","0","0","0","0","0","0","14","5","9","0","0","0","1","1","0","0","0","0","-2"
"136400","Pasco-Hernando State College","2013","On-Tenure track total","40","15","25","0","0","0","1","0","1","1","1","0","4","2","2","0","0","0","34","12","22","0","0","0","0","0","0","0","0","0","-2"
"136400","Pasco-Hernando State College","2013","On-tenure track, assistant professors","3","1","2","0","0","0","0","0","0","0","0","0","0","0","0","0","0","0","3","1","2","0","0","0","0","0","0","0","0","0","-2"
"136400","Pasco-Hernando State College","2013","On-tenure track, instructors","37","14","23","0","0","0","1","0","1","1","1","0","4","2","2","0","0","0","31","11","20","0","0","0","0","0","0","0","0","0","-2"
"136400","Pasco-Hernando State College","2013","Not on tenure track/No tenure system system total","8","5","3","0","0","0","0","0","0","1","1","0","0","0","0","0","0","0","7","4","3","0","0","0","0","0","0","0","0","0","-2"
"136400","Pasco-Hernando State College","2013","Not on tenure/no tenure system, instructors","2","0","2","0","0","0","0","0","0","0","0","0","0","0","0","0","0","0","2","0","2","0","0","0","0","0","0","0","0","0","-2"
"136400","Pasco-Hernando State College","2013","Not on tenure/no tenure system, no academic rank","6","5","1","0","0","0","0","0","0","1","1","0","0","0","0","0","0","0","5","4","1","0","0","0","0","0","0","0","0","0","-2"
"136774","Ringling College of Art and Design","2013","Not on tenure track/No tenure system system total","95","67","28","0","0","0","1","1","0","1","1","0","2","1","1","0","0","0","86","62","24","0","0","0","4","2","2","1","0","1","-2"
"136774","Ringling College of Art and Design","2013","Not on tenure/no tenure system, no academic rank","95","67","28","0","0","0","1","1","0","1","1","0","2","1","1","0","0","0","86","62","24","0","0","0","4","2","2","1","0","1","-2"
"136950","Rollins College","2013","Tenured total","122","74","48","0","0","0","5","2","3","4","4","0","7","4","3","0","0","0","103","63","40","0","0","0","3","1","2","0","0","0","-2"
"136950","Rollins College","2013","Tenured, professors","76","51","25","0","0","0","2","1","1","0","0","0","3","2","1","0","0","0","70","47","23","0","0","0","1","1","0","0","0","0","-2"
"136950","Rollins College","2013","Tenured, associate professors","46","23","23","0","0","0","3","1","2","4","4","0","4","2","2","0","0","0","33","16","17","0","0","0","2","0","2","0","0","0","-2"
"136950","Rollins College","2013","On-Tenure track total","41","18","23","0","0","0","1","1","0","1","1","0","2","1","1","0","0","0","28","10","18","0","0","0","6","3","3","3","2","1","-2"
"136950","Rollins College","2013","On-tenure track, associate professors","1","0","1","0","0","0","0","0","0","0","0","0","0","0","0","0","0","0","1","0","1","0","0","0","0","0","0","0","0","0","-2"
"136950","Rollins College","2013","On-tenure track, assistant professors","40","18","22","0","0","0","1","1","0","1","1","0","2","1","1","0","0","0","27","10","17","0","0","0","6","3","3","3","2","1","-2"
"136950","Rollins College","2013","Not on tenure track/No tenure system system total","48","24","24","0","0","0","1","1","0","1","0","1","4","1","3","0","0","0","37","18","19","0","0","0","4","3","1","1","1","0","-2"
"136950","Rollins College","2013","Not on tenure/no tenure system, professors","2","2","0","0","0","0","0","0","0","0","0","0","0","0","0","0","0","0","1","1","0","0","0","0","0","0","0","1","1","0","-2"
"136950","Rollins College","2013","Not on tenure/no tenure system, associate professors","2","1","1","0","0","0","0","0","0","0","0","0","0","0","0","0","0","0","2","1","1","0","0","0","0","0","0","0","0","0","-2"
"136950","Rollins College","2013","Not on tenure/no tenure system, assistant professors","15","7","8","0","0","0","0","0","0","1","0","1","1","0","1","0","0","0","10","5","5","0","0","0","3","2","1","0","0","0","-2"
"136950","Rollins College","2013","Not on tenure/no tenure system, lecturers","29","14","15","0","0","0","1","1","0","0","0","0","3","1","2","0","0","0","24","11","13","0","0","0","1","1","0","0","0","0","-2"
"137032","Saint Leo University","2013","Tenured total","45","31","14","0","0","0","1","1","0","1","1","0","2","0","2","0","0","0","41","29","12","0","0","0","0","0","0","0","0","0","-2"
"137032","Saint Leo University","2013","Tenured, professors","18","14","4","0","0","0","0","0","0","0","0","0","0","0","0","0","0","0","18","14","4","0","0","0","0","0","0","0","0","0","-2"
"137032","Saint Leo University","2013","Tenured, associate professors","23","14","9","0","0","0","1","1","0","1","1","0","1","0","1","0","0","0","20","12","8","0","0","0","0","0","0","0","0","0","-2"
"137032","Saint Leo University","2013","Tenured, assistant professors","4","3","1","0","0","0","0","0","0","0","0","0","1","0","1","0","0","0","3","3","0","0","0","0","0","0","0","0","0","0","-2"
"137032","Saint Leo University","2013","On-Tenure track total","66","36","30","0","0","0","3","3","0","11","4","7","2","2","0","0","0","0","48","25","23","0","0","0","2","2","0","0","0","0","-2"
"137032","Saint Leo University","2013","On-tenure track, professors","4","1","3","0","0","0","0","0","0","0","0","0","0","0","0","0","0","0","4","1","3","0","0","0","0","0","0","0","0","0","-2"
"137032","Saint Leo University","2013","On-tenure track, associate professors","20","10","10","0","0","0","1","1","0","3","0","3","0","0","0","0","0","0","15","8","7","0","0","0","1","1","0","0","0","0","-2"
"137032","Saint Leo University","2013","On-tenure track, assistant professors","42","25","17","0","0","0","2","2","0","8","4","4","2","2","0","0","0","0","29","16","13","0","0","0","1","1","0","0","0","0","-2"
"137032","Saint Leo University","2013","Not on tenure track/No tenure system system total","53","28","25","0","0","0","1","0","1","4","3","1","4","3","1","0","0","0","44","22","22","0","0","0","0","0","0","0","0","0","-2"
"137032","Saint Leo University","2013","Not on tenure/no tenure system, professors","3","3","0","0","0","0","0","0","0","0","0","0","0","0","0","0","0","0","3","3","0","0","0","0","0","0","0","0","0","0","-2"
"137032","Saint Leo University","2013","Not on tenure/no tenure system, associate professors","8","3","5","0","0","0","0","0","0","2","1","1","0","0","0","0","0","0","6","2","4","0","0","0","0","0","0","0","0","0","-2"
"137032","Saint Leo University","2013","Not on tenure/no tenure system, assistant professors","25","16","9","0","0","0","1","0","1","2","2","0","2","2","0","0","0","0","20","12","8","0","0","0","0","0","0","0","0","0","-2"
"137032","Saint Leo University","2013","Not on tenure/no tenure system, instructors","17","6","11","0","0","0","0","0","0","0","0","0","2","1","1","0","0","0","15","5","10","0","0","0","0","0","0","0","0","0","-2"
"137078","St Petersburg College","2013","Tenured total","234","108","126","0","0","0","6","4","2","16","9","7","12","4","8","0","0","0","192","86","106","8","5","3","0","0","0","0","0","0","-2"
"137078","St Petersburg College","2013","Tenured, no academic rank","234","108","126","0","0","0","6","4","2","16","9","7","12","4","8","0","0","0","192","86","106","8","5","3","0","0","0","0","0","0","-2"
"137078","St Petersburg College","2013","On-Tenure track total","111","43","68","0","0","0","2","2","0","14","5","9","5","1","4","0","0","0","89","35","54","1","0","1","0","0","0","0","0","0","-2"
"137078","St Petersburg College","2013","On-tenure track, no academic rank","111","43","68","0","0","0","2","2","0","14","5","9","5","1","4","0","0","0","89","35","54","1","0","1","0","0","0","0","0","0","-2"
"137078","St Petersburg College","2013","Not on tenure track/No tenure system system total","27","14","13","0","0","0","1","1","0","4","1","3","0","0","0","0","0","0","22","12","10","0","0","0","0","0","0","0","0","0","-2"
"137078","St Petersburg College","2013","Not on tenure/no tenure system, no academic rank","27","14","13","0","0","0","1","1","0","4","1","3","0","0","0","0","0","0","22","12","10","0","0","0","0","0","0","0","0","0","-2"
"137096","Santa Fe College","2013","Tenured total","182","82","100","0","0","0","3","2","1","10","4","6","9","2","7","1","1","0","157","71","86","0","0","0","2","2","0","0","0","0","-2"
"137096","Santa Fe College","2013","Tenured, no academic rank","182","82","100","0","0","0","3","2","1","10","4","6","9","2","7","1","1","0","157","71","86","0","0","0","2","2","0","0","0","0","-2"
"137096","Santa Fe College","2013","On-Tenure track total","57","26","31","0","0","0","2","2","0","6","2","4","4","2","2","0","0","0","44","20","24","0","0","0","1","0","1","0","0","0","-2"
"137096","Santa Fe College","2013","On-tenure track, no academic rank","57","26","31","0","0","0","2","2","0","6","2","4","4","2","2","0","0","0","44","20","24","0","0","0","1","0","1","0","0","0","-2"
"137546","Stetson University","2013","Tenured total","172","104","68","0","0","0","2","0","2","10","4","6","5","3","2","0","0","0","149","92","57","0","0","0","4","3","1","2","2","0","-2"
"137546","Stetson University","2013","Tenured, professors","109","65","44","0","0","0","1","0","1","6","2","4","3","1","2","0","0","0","96","59","37","0","0","0","2","2","0","1","1","0","-2"
"137546","Stetson University","2013","Tenured, associate professors","58","36","22","0","0","0","1","0","1","4","2","2","2","2","0","0","0","0","48","30","18","0","0","0","2","1","1","1","1","0","-2"
"137546","Stetson University","2013","Tenured, assistant professors","5","3","2","0","0","0","0","0","0","0","0","0","0","0","0","0","0","0","5","3","2","0","0","0","0","0","0","0","0","0","-2"
"137546","Stetson University","2013","On-Tenure track total","43","24","19","0","0","0","3","2","1","2","0","2","4","2","2","0","0","0","32","18","14","0","0","0","0","0","0","2","2","0","-2"
"137546","Stetson University","2013","On-tenure track, professors","1","1","0","0","0","0","0","0","0","0","0","0","0","0","0","0","0","0","1","1","0","0","0","0","0","0","0","0","0","0","-2"
"137546","Stetson University","2013","On-tenure track, associate professors","7","4","3","0","0","0","2","1","1","0","0","0","0","0","0","0","0","0","5","3","2","0","0","0","0","0","0","0","0","0","-2"
"137546","Stetson University","2013","On-tenure track, assistant professors","35","19","16","0","0","0","1","1","0","2","0","2","4","2","2","0","0","0","26","14","12","0","0","0","0","0","0","2","2","0","-2"
"137546","Stetson University","2013","Not on tenure track/No tenure system system total","41","21","20","0","0","0","1","1","0","0","0","0","0","0","0","0","0","0","38","19","19","0","0","0","1","0","1","1","1","0","-2"
"137546","Stetson University","2013","Not on tenure/no tenure system, no academic rank","41","21","20","0","0","0","1","1","0","0","0","0","0","0","0","0","0","0","38","19","19","0","0","0","1","0","1","1","1","0","-2"
"137564","Southeastern University","2013","Not on tenure track/No tenure system system total","101","67","34","0","0","0","4","1","3","10","8","2","2","0","2","1","0","1","83","57","26","1","1","0","0","0","0","0","0","0","-2"
"137564","Southeastern University","2013","Not on tenure/no tenure system, professors","27","21","6","0","0","0","0","0","0","1","0","1","1","0","1","0","0","0","25","21","4","0","0","0","0","0","0","0","0","0","-2"
"137564","Southeastern University","2013","Not on tenure/no tenure system, associate professors","33","22","11","0","0","0","3","1","2","3","3","0","0","0","0","0","0","0","26","17","9","1","1","0","0","0","0","0","0","0","-2"
"137564","Southeastern University","2013","Not on tenure/no tenure system, assistant professors","39","22","17","0","0","0","1","0","1","5","4","1","1","0","1","1","0","1","31","18","13","0","0","0","0","0","0","0","0","0","-2"
"137564","Southeastern University","2013","Not on tenure/no tenure system, instructors","2","2","0","0","0","0","0","0","0","1","1","0","0","0","0","0","0","0","1","1","0","0","0","0","0","0","0","0","0","0","-2"
"137962","Trinity College of Florida","2013","Not on tenure track/No tenure system system total","7","5","2","0","0","0","0","0","0","0","0","0","0","0","0","0","0","0","3","2","1","0","0","0","4","3","1","0","0","0","-2"
"137962","Trinity College of Florida","2013","Not on tenure/no tenure system, professors","7","5","2","0","0","0","0","0","0","0","0","0","0","0","0","0","0","0","3","2","1","0","0","0","4","3","1","0","0","0","-2"
"139700","Georgia Highlands College","2013","Tenured total","58","26","32","0","0","0","1","1","0","1","0","1","1","0","1","0","0","0","55","25","30","0","0","0","0","0","0","0","0","0","-2"
"139700","Georgia Highlands College","2013","Tenured, professors","17","11","6","0","0","0","1","1","0","0","0","0","0","0","0","0","0","0","16","10","6","0","0","0","0","0","0","0","0","0","-2"
"139700","Georgia Highlands College","2013","Tenured, associate professors","34","11","23","0","0","0","0","0","0","1","0","1","1","0","1","0","0","0","32","11","21","0","0","0","0","0","0","0","0","0","-2"
"139700","Georgia Highlands College","2013","Tenured, assistant professors","7","4","3","0","0","0","0","0","0","0","0","0","0","0","0","0","0","0","7","4","3","0","0","0","0","0","0","0","0","0","-2"
"139700","Georgia Highlands College","2013","On-Tenure track total","52","22","30","0","0","0","1","1","0","3","2","1","0","0","0","0","0","0","47","19","28","0","0","0","1","0","1","0","0","0","-2"
"139700","Georgia Highlands College","2013","On-tenure track, professors","1","1","0","0","0","0","0","0","0","0","0","0","0","0","0","0","0","0","1","1","0","0","0","0","0","0","0","0","0","0","-2"
"139700","Georgia Highlands College","2013","On-tenure track, associate professors","3","0","3","0","0","0","0","0","0","1","0","1","0","0","0","0","0","0","2","0","2","0","0","0","0","0","0","0","0","0","-2"
"139700","Georgia Highlands College","2013","On-tenure track, assistant professors","33","18","15","0","0","0","0","0","0","2","2","0","0","0","0","0","0","0","30","16","14","0","0","0","1","0","1","0","0","0","-2"
"139700","Georgia Highlands College","2013","On-tenure track, instructors","15","3","12","0","0","0","1","1","0","0","0","0","0","0","0","0","0","0","14","2","12","0","0","0","0","0","0","0","0","0","-2"
"139700","Georgia Highlands College","2013","Not on tenure track/No tenure system system total","19","7","12","0","0","0","2","1","1","3","2","1","1","0","1","0","0","0","13","4","9","0","0","0","0","0","0","0","0","0","-2"
"139700","Georgia Highlands College","2013","Not on tenure/no tenure system, instructors","1","1","0","0","0","0","0","0","0","0","0","0","0","0","0","0","0","0","1","1","0","0","0","0","0","0","0","0","0","0","-2"
"139700","Georgia Highlands College","2013","Not on tenure/no tenure system, lecturers","18","6","12","0","0","0","2","1","1","3","2","1","1","0","1","0","0","0","12","3","9","0","0","0","0","0","0","0","0","0","-2"
"140252","Life University","2013","Not on tenure track/No tenure system system total","124","69","55","0","0","0","0","0","0","16","7","9","3","1","2","12","6","6","93","55","38","0","0","0","0","0","0","0","0","0","-2"
"140252","Life University","2013","Not on tenure/no tenure system, professors","23","15","8","0","0","0","0","0","0","1","1","0","0","0","0","3","1","2","19","13","6","0","0","0","0","0","0","0","0","0","-2"
"140252","Life University","2013","Not on tenure/no tenure system, associate professors","37","27","10","0","0","0","0","0","0","2","0","2","0","0","0","4","2","2","31","25","6","0","0","0","0","0","0","0","0","0","-2"
"140252","Life University","2013","Not on tenure/no tenure system, assistant professors","62","26","36","0","0","0","0","0","0","13","6","7","3","1","2","5","3","2","41","16","25","0","0","0","0","0","0","0","0","0","-2"
"140252","Life University","2013","Not on tenure/no tenure system, instructors","2","1","1","0","0","0","0","0","0","0","0","0","0","0","0","0","0","0","2","1","1","0","0","0","0","0","0","0","0","0","-2"
"141565","University of Hawaii at Hilo","2013","Tenured total","128","79","49","1","1","0","33","21","12","1","1","0","2","2","0","10","3","7","80","50","30","0","0","0","0","0","0","1","1","0","-2"
"141565","University of Hawaii at Hilo","2013","Tenured, professors","54","39","15","1","1","0","15","10","5","1","1","0","1","1","0","2","1","1","34","25","9","0","0","0","0","0","0","0","0","0","-2"
"141565","University of Hawaii at Hilo","2013","Tenured, associate professors","73","39","34","0","0","0","18","11","7","0","0","0","1","1","0","7","1","6","46","25","21","0","0","0","0","0","0","1","1","0","-2"
"141565","University of Hawaii at Hilo","2013","Tenured, assistant professors","1","1","0","0","0","0","0","0","0","0","0","0","0","0","0","1","1","0","0","0","0","0","0","0","0","0","0","0","0","0","-2"
"141565","University of Hawaii at Hilo","2013","On-Tenure track total","58","26","32","1","0","1","17","4","13","0","0","0","1","1","0","3","1","2","30","16","14","0","0","0","0","0","0","6","4","2","-2"
"141565","University of Hawaii at Hilo","2013","On-tenure track, associate professors","10","2","8","0","0","0","4","1","3","0","0","0","0","0","0","0","0","0","5","1","4","0","0","0","0","0","0","1","0","1","-2"
"141565","University of Hawaii at Hilo","2013","On-tenure track, assistant professors","48","24","24","1","0","1","13","3","10","0","0","0","1","1","0","3","1","2","25","15","10","0","0","0","0","0","0","5","4","1","-2"
"141565","University of Hawaii at Hilo","2013","Not on tenure track/No tenure system system total","35","13","22","0","0","0","2","1","1","0","0","0","1","0","1","2","0","2","27","10","17","1","1","0","0","0","0","2","1","1","-2"
"141565","University of Hawaii at Hilo","2013","Not on tenure/no tenure system, professors","1","0","1","0","0","0","0","0","0","0","0","0","0","0","0","0","0","0","1","0","1","0","0","0","0","0","0","0","0","0","-2"
"141565","University of Hawaii at Hilo","2013","Not on tenure/no tenure system, assistant professors","6","3","3","0","0","0","1","1","0","0","0","0","0","0","0","1","0","1","3","1","2","0","0","0","0","0","0","1","1","0","-2"
"141565","University of Hawaii at Hilo","2013","Not on tenure/no tenure system, instructors","28","10","18","0","0","0","1","0","1","0","0","0","1","0","1","1","0","1","23","9","14","1","1","0","0","0","0","1","0","1","-2"
"141839","University of Hawaii Maui College","2013","Tenured total","58","22","36","0","0","0","10","3","7","1","1","0","0","0","0","7","5","2","39","12","27","0","0","0","0","0","0","1","1","0","-2"
"141839","University of Hawaii Maui College","2013","Tenured, professors","13","5","8","0","0","0","3","1","2","0","0","0","0","0","0","0","0","0","10","4","6","0","0","0","0","0","0","0","0","0","-2"
"141839","University of Hawaii Maui College","2013","Tenured, associate professors","14","4","10","0","0","0","2","0","2","1","1","0","0","0","0","2","2","0","9","1","8","0","0","0","0","0","0","0","0","0","-2"
"141839","University of Hawaii Maui College","2013","Tenured, assistant professors","31","13","18","0","0","0","5","2","3","0","0","0","0","0","0","5","3","2","20","7","13","0","0","0","0","0","0","1","1","0","-2"
"141839","University of Hawaii Maui College","2013","On-Tenure track total","26","14","12","0","0","0","5","3","2","1","0","1","1","1","0","5","3","2","11","5","6","1","0","1","0","0","0","2","2","0","-2"
"141839","University of Hawaii Maui College","2013","On-tenure track, assistant professors","4","3","1","0","0","0","3","2","1","0","0","0","0","0","0","1","1","0","0","0","0","0","0","0","0","0","0","0","0","0","-2"
"141839","University of Hawaii Maui College","2013","On-tenure track, instructors","22","11","11","0","0","0","2","1","1","1","0","1","1","1","0","4","2","2","11","5","6","1","0","1","0","0","0","2","2","0","-2"
"141839","University of Hawaii Maui College","2013","Not on tenure track/No tenure system system total","9","1","8","0","0","0","2","0","2","0","0","0","0","0","0","3","1","2","4","0","4","0","0","0","0","0","0","0","0","0","-2"
"141839","University of Hawaii Maui College","2013","Not on tenure/no tenure system, assistant professors","2","1","1","0","0","0","0","0","0","0","0","0","0","0","0","1","1","0","1","0","1","0","0","0","0","0","0","0","0","0","-2"
"141839","University of Hawaii Maui College","2013","Not on tenure/no tenure system, instructors","7","0","7","0","0","0","2","0","2","0","0","0","0","0","0","2","0","2","3","0","3","0","0","0","0","0","0","0","0","0","-2"
"142559","College of Southern Idaho","2013","Not on tenure track/No tenure system system total","158","72","86","1","0","1","1","0","1","0","0","0","4","1","3","0","0","0","151","71","80","1","0","1","0","0","0","0","0","0","-2"
"142559","College of Southern Idaho","2013","Not on tenure/no tenure system, professors","53","27","26","0","0","0","0","0","0","0","0","0","3","1","2","0","0","0","50","26","24","0","0","0","0","0","0","0","0","0","-2"
"142559","College of Southern Idaho","2013","Not on tenure/no tenure system, associate professors","30","12","18","0","0","0","0","0","0","0","0","0","1","0","1","0","0","0","28","12","16","1","0","1","0","0","0","0","0","0","-2"
"142559","College of Southern Idaho","2013","Not on tenure/no tenure system, assistant professors","36","16","20","0","0","0","1","0","1","0","0","0","0","0","0","0","0","0","35","16","19","0","0","0","0","0","0","0","0","0","-2"
"142559","College of Southern Idaho","2013","Not on tenure/no tenure system, instructors","39","17","22","1","0","1","0","0","0","0","0","0","0","0","0","0","0","0","38","17","21","0","0","0","0","0","0","0","0","0","-2"
"144281","Columbia College Chicago","2013","Tenured total","232","129","103","0","0","0","7","4","3","26","11","15","10","7","3","0","0","0","187","105","82","1","1","0","1","1","0","0","0","0","-2"
"144281","Columbia College Chicago","2013","Tenured, professors","48","31","17","0","0","0","1","0","1","5","2","3","0","0","0","0","0","0","41","28","13","0","0","0","1","1","0","0","0","0","-2"
"144281","Columbia College Chicago","2013","Tenured, associate professors","184","98","86","0","0","0","6","4","2","21","9","12","10","7","3","0","0","0","146","77","69","1","1","0","0","0","0","0","0","0","-2"
"144281","Columbia College Chicago","2013","On-Tenure track total","74","32","42","0","0","0","6","1","5","5","1","4","1","0","1","0","0","0","60","30","30","1","0","1","1","0","1","0","0","0","-2"
"144281","Columbia College Chicago","2013","On-tenure track, assistant professors","74","32","42","0","0","0","6","1","5","5","1","4","1","0","1","0","0","0","60","30","30","1","0","1","1","0","1","0","0","0","-2"
"144281","Columbia College Chicago","2013","Not on tenure track/No tenure system system total","72","35","37","0","0","0","1","1","0","3","1","2","1","0","1","0","0","0","66","33","33","0","0","0","1","0","1","0","0","0","-2"
"144281","Columbia College Chicago","2013","Not on tenure/no tenure system, professors","1","0","1","0","0","0","0","0","0","0","0","0","0","0","0","0","0","0","1","0","1","0","0","0","0","0","0","0","0","0","-2"
"144281","Columbia College Chicago","2013","Not on tenure/no tenure system, assistant professors","1","1","0","0","0","0","0","0","0","0","0","0","0","0","0","0","0","0","1","1","0","0","0","0","0","0","0","0","0","0","-2"
"144281","Columbia College Chicago","2013","Not on tenure/no tenure system, lecturers","70","34","36","0","0","0","1","1","0","3","1","2","1","0","1","0","0","0","64","32","32","0","0","0","1","0","1","0","0","0","-2"
"144740","DePaul University","2013","Tenured total","588","344","244","1","1","0","34","17","17","44","25","19","29","13","16","0","0","0","413","248","165","3","2","1","30","15","15","34","23","11","-2"
"144740","DePaul University","2013","Tenured, professors","215","132","83","0","0","0","12","8","4","10","4","6","10","5","5","0","0","0","166","103","63","2","2","0","11","6","5","4","4","0","-2"
"144740","DePaul University","2013","Tenured, associate professors","368","207","161","1","1","0","22","9","13","33","20","13","19","8","11","0","0","0","244","142","102","1","0","1","18","8","10","30","19","11","-2"
"144740","DePaul University","2013","Tenured, assistant professors","5","5","0","0","0","0","0","0","0","1","1","0","0","0","0","0","0","0","3","3","0","0","0","0","1","1","0","0","0","0","-2"
"144740","DePaul University","2013","On-Tenure track total","208","98","110","1","0","1","10","4","6","14","3","11","20","11","9","0","0","0","104","50","54","3","1","2","36","20","16","20","9","11","-2"
"144740","DePaul University","2013","On-tenure track, professors","1","1","0","0","0","0","0","0","0","0","0","0","0","0","0","0","0","0","1","1","0","0","0","0","0","0","0","0","0","0","-2"
"144740","DePaul University","2013","On-tenure track, associate professors","11","4","7","0","0","0","1","1","0","2","0","2","0","0","0","0","0","0","3","1","2","0","0","0","5","2","3","0","0","0","-2"
"144740","DePaul University","2013","On-tenure track, assistant professors","196","93","103","1","0","1","9","3","6","12","3","9","20","11","9","0","0","0","100","48","52","3","1","2","31","18","13","20","9","11","-2"
"144740","DePaul University","2013","Not on tenure track/No tenure system system total","179","93","86","1","1","0","5","3","2","9","2","7","8","5","3","0","0","0","126","64","62","2","2","0","20","10","10","8","6","2","-2"
"144740","DePaul University","2013","Not on tenure/no tenure system, professors","6","3","3","0","0","0","0","0","0","0","0","0","0","0","0","0","0","0","1","0","1","0","0","0","4","2","2","1","1","0","-2"
"144740","DePaul University","2013","Not on tenure/no tenure system, associate professors","8","6","2","0","0","0","0","0","0","0","0","0","1","1","0","0","0","0","5","4","1","0","0","0","2","1","1","0","0","0","-2"
"144740","DePaul University","2013","Not on tenure/no tenure system, assistant professors","70","37","33","1","1","0","2","0","2","6","1","5","6","3","3","0","0","0","40","22","18","1","1","0","8","5","3","6","4","2","-2"
"144740","DePaul University","2013","Not on tenure/no tenure system, instructors","95","47","48","0","0","0","3","3","0","3","1","2","1","1","0","0","0","0","80","38","42","1","1","0","6","2","4","1","1","0","-2"
"144883","East-West University","2013","Not on tenure track/No tenure system system total","18","12","6","0","0","0","5","2","3","1","1","0","0","0","0","0","0","0","11","8","3","0","0","0","1","1","0","0","0","0","-2"
"144883","East-West University","2013","Not on tenure/no tenure system, associate professors","5","2","3","0","0","0","1","0","1","1","1","0","0","0","0","0","0","0","3","1","2","0","0","0","0","0","0","0","0","0","-2"
"144883","East-West University","2013","Not on tenure/no tenure system, assistant professors","13","10","3","0","0","0","4","2","2","0","0","0","0","0","0","0","0","0","8","7","1","0","0","0","1","1","0","0","0","0","-2"
"144962","Elmhurst University","2013","Tenured total","88","41","47","0","0","0","5","4","1","3","1","2","3","1","2","0","0","0","77","35","42","0","0","0","0","0","0","0","0","0","-2"
"144962","Elmhurst University","2013","Tenured, professors","44","24","20","0","0","0","3","3","0","1","1","0","1","1","0","0","0","0","39","19","20","0","0","0","0","0","0","0","0","0","-2"
"144962","Elmhurst University","2013","Tenured, associate professors","41","14","27","0","0","0","2","1","1","2","0","2","2","0","2","0","0","0","35","13","22","0","0","0","0","0","0","0","0","0","-2"
"144962","Elmhurst University","2013","Tenured, assistant professors","3","3","0","0","0","0","0","0","0","0","0","0","0","0","0","0","0","0","3","3","0","0","0","0","0","0","0","0","0","0","-2"
"144962","Elmhurst University","2013","On-Tenure track total","38","12","26","0","0","0","2","1","1","1","0","1","1","0","1","0","0","0","33","10","23","0","0","0","0","0","0","1","1","0","-2"
"144962","Elmhurst University","2013","On-tenure track, associate professors","4","1","3","0","0","0","0","0","0","0","0","0","0","0","0","0","0","0","4","1","3","0","0","0","0","0","0","0","0","0","-2"
"144962","Elmhurst University","2013","On-tenure track, assistant professors","33","11","22","0","0","0","2","1","1","1","0","1","1","0","1","0","0","0","28","9","19","0","0","0","0","0","0","1","1","0","-2"
"144962","Elmhurst University","2013","On-tenure track, instructors","1","0","1","0","0","0","0","0","0","0","0","0","0","0","0","0","0","0","1","0","1","0","0","0","0","0","0","0","0","0","-2"
"144962","Elmhurst University","2013","Not on tenure track/No tenure system system total","32","11","21","0","0","0","1","1","0","2","0","2","1","0","1","0","0","0","28","10","18","0","0","0","0","0","0","0","0","0","-2"
"144962","Elmhurst University","2013","Not on tenure/no tenure system, associate professors","9","2","7","0","0","0","1","1","0","2","0","2","0","0","0","0","0","0","6","1","5","0","0","0","0","0","0","0","0","0","-2"
"144962","Elmhurst University","2013","Not on tenure/no tenure system, assistant professors","13","5","8","0","0","0","0","0","0","0","0","0","0","0","0","0","0","0","13","5","8","0","0","0","0","0","0","0","0","0","-2"
"144962","Elmhurst University","2013","Not on tenure/no tenure system, instructors","1","0","1","0","0","0","0","0","0","0","0","0","0","0","0","0","0","0","1","0","1","0","0","0","0","0","0","0","0","0","-2"
"144962","Elmhurst University","2013","Not on tenure/no tenure system, lecturers","9","4","5","0","0","0","0","0","0","0","0","0","1","0","1","0","0","0","8","4","4","0","0","0","0","0","0","0","0","0","-2"
"145336","Governors State University","2013","Tenured total","87","39","48","0","0","0","11","7","4","7","2","5","1","0","1","0","0","0","28","12","16","2","0","2","38","18","20","0","0","0","-2"
"145336","Governors State University","2013","Tenured, professors","30","15","15","0","0","0","6","3","3","2","1","1","0","0","0","0","0","0","15","7","8","1","0","1","6","4","2","0","0","0","-2"
"145336","Governors State University","2013","Tenured, associate professors","54","23","31","0","0","0","4","4","0","5","1","4","1","0","1","0","0","0","13","5","8","1","0","1","30","13","17","0","0","0","-2"
"145336","Governors State University","2013","Tenured, no academic rank","3","1","2","0","0","0","1","0","1","0","0","0","0","0","0","0","0","0","0","0","0","0","0","0","2","1","1","0","0","0","-2"
"145336","Governors State University","2013","On-Tenure track total","70","30","40","0","0","0","9","3","6","12","2","10","0","0","0","0","0","0","30","16","14","0","0","0","11","7","4","8","2","6","-2"
"145336","Governors State University","2013","On-tenure track, associate professors","4","2","2","0","0","0","0","0","0","1","0","1","0","0","0","0","0","0","2","1","1","0","0","0","1","1","0","0","0","0","-2"
"145336","Governors State University","2013","On-tenure track, assistant professors","65","28","37","0","0","0","8","3","5","11","2","9","0","0","0","0","0","0","28","15","13","0","0","0","10","6","4","8","2","6","-2"
"145336","Governors State University","2013","On-tenure track, instructors","1","0","1","0","0","0","1","0","1","0","0","0","0","0","0","0","0","0","0","0","0","0","0","0","0","0","0","0","0","0","-2"
"145336","Governors State University","2013","Not on tenure track/No tenure system system total","67","24","43","0","0","0","0","0","0","6","0","6","1","0","1","1","0","1","34","15","19","1","1","0","23","7","16","1","1","0","-2"
"145336","Governors State University","2013","Not on tenure/no tenure system, lecturers","63","22","41","0","0","0","0","0","0","6","0","6","1","0","1","0","0","0","32","14","18","1","1","0","23","7","16","0","0","0","-2"
"145336","Governors State University","2013","Not on tenure/no tenure system, no academic rank","4","2","2","0","0","0","0","0","0","0","0","0","0","0","0","1","0","1","2","1","1","0","0","0","0","0","0","1","1","0","-2"
"145619","Benedictine University","2013","Tenured total","83","46","37","0","0","0","6","4","2","3","1","2","1","1","0","0","0","0","71","39","32","0","0","0","2","1","1","0","0","0","-2"
"145619","Benedictine University","2013","Tenured, professors","43","26","17","0","0","0","3","2","1","2","1","1","0","0","0","0","0","0","37","23","14","0","0","0","1","0","1","0","0","0","-2"
"145619","Benedictine University","2013","Tenured, associate professors","40","20","20","0","0","0","3","2","1","1","0","1","1","1","0","0","0","0","34","16","18","0","0","0","1","1","0","0","0","0","-2"
"145619","Benedictine University","2013","On-Tenure track total","39","17","22","0","0","0","5","2","3","2","0","2","1","1","0","0","0","0","31","14","17","0","0","0","0","0","0","0","0","0","-2"
"145619","Benedictine University","2013","On-tenure track, professors","3","1","2","0","0","0","0","0","0","0","0","0","0","0","0","0","0","0","3","1","2","0","0","0","0","0","0","0","0","0","-2"
"145619","Benedictine University","2013","On-tenure track, associate professors","6","1","5","0","0","0","1","1","0","2","0","2","0","0","0","0","0","0","3","0","3","0","0","0","0","0","0","0","0","0","-2"
"145619","Benedictine University","2013","On-tenure track, assistant professors","30","15","15","0","0","0","4","1","3","0","0","0","1","1","0","0","0","0","25","13","12","0","0","0","0","0","0","0","0","0","-2"
"145619","Benedictine University","2013","Not on tenure track/No tenure system system total","43","16","27","1","0","1","2","2","0","0","0","0","2","2","0","0","0","0","36","11","25","0","0","0","1","1","0","1","0","1","-2"
"145619","Benedictine University","2013","Not on tenure/no tenure system, professors","2","2","0","0","0","0","1","1","0","0","0","0","0","0","0","0","0","0","1","1","0","0","0","0","0","0","0","0","0","0","-2"
"145619","Benedictine University","2013","Not on tenure/no tenure system, associate professors","2","1","1","0","0","0","0","0","0","0","0","0","0","0","0","0","0","0","1","0","1","0","0","0","1","1","0","0","0","0","-2"
"145619","Benedictine University","2013","Not on tenure/no tenure system, assistant professors","18","4","14","1","0","1","1","1","0","0","0","0","1","1","0","0","0","0","15","2","13","0","0","0","0","0","0","0","0","0","-2"
"145619","Benedictine University","2013","Not on tenure/no tenure system, instructors","21","9","12","0","0","0","0","0","0","0","0","0","1","1","0","0","0","0","19","8","11","0","0","0","0","0","0","1","0","1","-2"
"145725","Illinois Institute of Technology","2013","Tenured total","195","162","33","0","0","0","42","35","7","3","2","1","3","3","0","0","0","0","130","105","25","0","0","0","1","1","0","16","16","0","-2"
"145725","Illinois Institute of Technology","2013","Tenured, professors","124","111","13","0","0","0","26","26","0","2","2","0","0","0","0","0","0","0","86","73","13","0","0","0","1","1","0","9","9","0","-2"
"145725","Illinois Institute of Technology","2013","Tenured, associate professors","70","50","20","0","0","0","16","9","7","1","0","1","3","3","0","0","0","0","43","31","12","0","0","0","0","0","0","7","7","0","-2"
"145725","Illinois Institute of Technology","2013","Tenured, assistant professors","1","1","0","0","0","0","0","0","0","0","0","0","0","0","0","0","0","0","1","1","0","0","0","0","0","0","0","0","0","0","-2"
"145725","Illinois Institute of Technology","2013","On-Tenure track total","82","54","28","0","0","0","17","14","3","5","2","3","3","2","1","1","1","0","37","24","13","0","0","0","5","2","3","14","9","5","-2"
"145725","Illinois Institute of Technology","2013","On-tenure track, associate professors","4","3","1","0","0","0","1","1","0","0","0","0","0","0","0","0","0","0","2","1","1","0","0","0","0","0","0","1","1","0","-2"
"145725","Illinois Institute of Technology","2013","On-tenure track, assistant professors","78","51","27","0","0","0","16","13","3","5","2","3","3","2","1","1","1","0","35","23","12","0","0","0","5","2","3","13","8","5","-2"
"145725","Illinois Institute of Technology","2013","Not on tenure track/No tenure system system total","145","95","50","0","0","0","12","8","4","2","1","1","3","0","3","0","0","0","97","66","31","0","0","0","18","12","6","13","8","5","-2"
"145725","Illinois Institute of Technology","2013","Not on tenure/no tenure system, professors","22","14","8","0","0","0","3","2","1","0","0","0","1","0","1","0","0","0","17","11","6","0","0","0","1","1","0","0","0","0","-2"
"145725","Illinois Institute of Technology","2013","Not on tenure/no tenure system, associate professors","30","25","5","0","0","0","1","1","0","0","0","0","1","0","1","0","0","0","25","21","4","0","0","0","2","2","0","1","1","0","-2"
"145725","Illinois Institute of Technology","2013","Not on tenure/no tenure system, assistant professors","71","44","27","0","0","0","8","5","3","0","0","0","1","0","1","0","0","0","44","28","16","0","0","0","10","7","3","8","4","4","-2"
"145725","Illinois Institute of Technology","2013","Not on tenure/no tenure system, instructors","11","4","7","0","0","0","0","0","0","0","0","0","0","0","0","0","0","0","7","3","4","0","0","0","3","0","3","1","1","0","-2"
"145725","Illinois Institute of Technology","2013","Not on tenure/no tenure system, lecturers","10","7","3","0","0","0","0","0","0","2","1","1","0","0","0","0","0","0","4","3","1","0","0","0","2","2","0","2","1","1","-2"
"145725","Illinois Institute of Technology","2013","Not on tenure/no tenure system, no academic rank","1","1","0","0","0","0","0","0","0","0","0","0","0","0","0","0","0","0","0","0","0","0","0","0","0","0","0","1","1","0","-2"
"146339","Judson University","2013","Tenured total","36","25","11","0","0","0","4","1","3","1","1","0","0","0","0","0","0","0","31","23","8","0","0","0","0","0","0","0","0","0","-2"
"146339","Judson University","2013","Tenured, professors","26","19","7","0","0","0","4","1","3","1","1","0","0","0","0","0","0","0","21","17","4","0","0","0","0","0","0","0","0","0","-2"
"146339","Judson University","2013","Tenured, associate professors","10","6","4","0","0","0","0","0","0","0","0","0","0","0","0","0","0","0","10","6","4","0","0","0","0","0","0","0","0","0","-2"
"146339","Judson University","2013","On-Tenure track total","24","12","12","0","0","0","4","0","4","1","0","1","0","0","0","0","0","0","19","12","7","0","0","0","0","0","0","0","0","0","-2"
"146339","Judson University","2013","On-tenure track, professors","3","2","1","0","0","0","0","0","0","1","0","1","0","0","0","0","0","0","2","2","0","0","0","0","0","0","0","0","0","0","-2"
"146339","Judson University","2013","On-tenure track, associate professors","8","4","4","0","0","0","2","0","2","0","0","0","0","0","0","0","0","0","6","4","2","0","0","0","0","0","0","0","0","0","-2"
"146339","Judson University","2013","On-tenure track, assistant professors","13","6","7","0","0","0","2","0","2","0","0","0","0","0","0","0","0","0","11","6","5","0","0","0","0","0","0","0","0","0","-2"
"146339","Judson University","2013","Not on tenure track/No tenure system system total","5","0","5","0","0","0","0","0","0","0","0","0","0","0","0","0","0","0","5","0","5","0","0","0","0","0","0","0","0","0","-2"
"146339","Judson University","2013","Not on tenure/no tenure system, associate professors","2","0","2","0","0","0","0","0","0","0","0","0","0","0","0","0","0","0","2","0","2","0","0","0","0","0","0","0","0","0","-2"
"146339","Judson University","2013","Not on tenure/no tenure system, no academic rank","3","0","3","0","0","0","0","0","0","0","0","0","0","0","0","0","0","0","3","0","3","0","0","0","0","0","0","0","0","0","-2"
"146612","Lewis University","2013","Tenured total","94","54","40","0","0","0","5","4","1","6","4","2","0","0","0","0","0","0","82","46","36","0","0","0","0","0","0","1","0","1","-2"
"146612","Lewis University","2013","Tenured, professors","59","38","21","0","0","0","4","3","1","5","4","1","0","0","0","0","0","0","49","31","18","0","0","0","0","0","0","1","0","1","-2"
"146612","Lewis University","2013","Tenured, associate professors","33","14","19","0","0","0","0","0","0","1","0","1","0","0","0","0","0","0","32","14","18","0","0","0","0","0","0","0","0","0","-2"
"146612","Lewis University","2013","Tenured, assistant professors","2","2","0","0","0","0","1","1","0","0","0","0","0","0","0","0","0","0","1","1","0","0","0","0","0","0","0","0","0","0","-2"
"146612","Lewis University","2013","On-Tenure track total","31","15","16","0","0","0","2","1","1","1","1","0","1","0","1","0","0","0","27","13","14","0","0","0","0","0","0","0","0","0","-2"
"146612","Lewis University","2013","On-tenure track, professors","1","1","0","0","0","0","0","0","0","0","0","0","0","0","0","0","0","0","1","1","0","0","0","0","0","0","0","0","0","0","-2"
"146612","Lewis University","2013","On-tenure track, associate professors","4","2","2","0","0","0","0","0","0","1","1","0","0","0","0","0","0","0","3","1","2","0","0","0","0","0","0","0","0","0","-2"
"146612","Lewis University","2013","On-tenure track, assistant professors","26","12","14","0","0","0","2","1","1","0","0","0","1","0","1","0","0","0","23","11","12","0","0","0","0","0","0","0","0","0","-2"
"146612","Lewis University","2013","Not on tenure track/No tenure system system total","91","36","55","0","0","0","4","1","3","5","0","5","1","1","0","0","0","0","79","33","46","0","0","0","0","0","0","2","1","1","-2"
"146612","Lewis University","2013","Not on tenure/no tenure system, professors","2","2","0","0","0","0","0","0","0","0","0","0","1","1","0","0","0","0","1","1","0","0","0","0","0","0","0","0","0","0","-2"
"146612","Lewis University","2013","Not on tenure/no tenure system, associate professors","9","3","6","0","0","0","0","0","0","2","0","2","0","0","0","0","0","0","7","3","4","0","0","0","0","0","0","0","0","0","-2"
"146612","Lewis University","2013","Not on tenure/no tenure system, assistant professors","60","25","35","0","0","0","3","1","2","2","0","2","0","0","0","0","0","0","53","23","30","0","0","0","0","0","0","2","1","1","-2"
"146612","Lewis University","2013","Not on tenure/no tenure system, instructors","20","6","14","0","0","0","1","0","1","1","0","1","0","0","0","0","0","0","18","6","12","0","0","0","0","0","0","0","0","0","-2"
"146719","Loyola University Chicago","2013","Tenured total","448","287","161","1","1","0","26","20","6","13","5","8","18","9","9","1","0","1","382","248","134","3","1","2","2","1","1","2","2","0","-2"
"146719","Loyola University Chicago","2013","Tenured, professors","237","166","71","0","0","0","13","11","2","3","2","1","11","7","4","1","0","1","206","145","61","2","0","2","1","1","0","0","0","0","-2"
"146719","Loyola University Chicago","2013","Tenured, associate professors","195","108","87","1","1","0","11","7","4","9","3","6","6","1","5","0","0","0","165","94","71","1","1","0","1","0","1","1","1","0","-2"
"146719","Loyola University Chicago","2013","Tenured, assistant professors","16","13","3","0","0","0","2","2","0","1","0","1","1","1","0","0","0","0","11","9","2","0","0","0","0","0","0","1","1","0","-2"
"146719","Loyola University Chicago","2013","On-Tenure track total","148","71","77","0","0","0","20","9","11","9","4","5","7","4","3","0","0","0","104","50","54","0","0","0","0","0","0","8","4","4","-2"
"146719","Loyola University Chicago","2013","On-tenure track, professors","12","8","4","0","0","0","0","0","0","0","0","0","2","2","0","0","0","0","10","6","4","0","0","0","0","0","0","0","0","0","-2"
"146719","Loyola University Chicago","2013","On-tenure track, associate professors","9","5","4","0","0","0","1","1","0","1","0","1","0","0","0","0","0","0","7","4","3","0","0","0","0","0","0","0","0","0","-2"
"146719","Loyola University Chicago","2013","On-tenure track, assistant professors","127","58","69","0","0","0","19","8","11","8","4","4","5","2","3","0","0","0","87","40","47","0","0","0","0","0","0","8","4","4","-2"
"146719","Loyola University Chicago","2013","Not on tenure track/No tenure system system total","280","114","166","0","0","0","9","3","6","14","2","12","11","5","6","1","1","0","233","98","135","3","1","2","0","0","0","9","4","5","-2"
"146719","Loyola University Chicago","2013","Not on tenure/no tenure system, instructors","280","114","166","0","0","0","9","3","6","14","2","12","11","5","6","1","1","0","233","98","135","3","1","2","0","0","0","9","4","5","-2"
"147660","North Central College","2013","Tenured total","73","45","28","0","0","0","3","2","1","2","1","1","0","0","0","0","0","0","68","42","26","0","0","0","0","0","0","0","0","0","-2"
"147660","North Central College","2013","Tenured, professors","42","26","16","0","0","0","2","1","1","1","1","0","0","0","0","0","0","0","39","24","15","0","0","0","0","0","0","0","0","0","-2"
"147660","North Central College","2013","Tenured, associate professors","31","19","12","0","0","0","1","1","0","1","0","1","0","0","0","0","0","0","29","18","11","0","0","0","0","0","0","0","0","0","-2"
"147660","North Central College","2013","On-Tenure track total","32","11","21","0","0","0","1","0","1","0","0","0","1","0","1","0","0","0","24","9","15","0","0","0","0","0","0","6","2","4","-2"
"147660","North Central College","2013","On-tenure track, associate professors","1","0","1","0","0","0","0","0","0","0","0","0","0","0","0","0","0","0","1","0","1","0","0","0","0","0","0","0","0","0","-2"
"147660","North Central College","2013","On-tenure track, assistant professors","31","11","20","0","0","0","1","0","1","0","0","0","1","0","1","0","0","0","23","9","14","0","0","0","0","0","0","6","2","4","-2"
"147660","North Central College","2013","Not on tenure track/No tenure system system total","29","10","19","0","0","0","2","0","2","0","0","0","1","1","0","0","0","0","25","9","16","1","0","1","0","0","0","0","0","0","-2"
"147660","North Central College","2013","Not on tenure/no tenure system, professors","3","2","1","0","0","0","0","0","0","0","0","0","0","0","0","0","0","0","3","2","1","0","0","0","0","0","0","0","0","0","-2"
"147660","North Central College","2013","Not on tenure/no tenure system, associate professors","4","0","4","0","0","0","1","0","1","0","0","0","0","0","0","0","0","0","3","0","3","0","0","0","0","0","0","0","0","0","-2"
"147660","North Central College","2013","Not on tenure/no tenure system, assistant professors","20","8","12","0","0","0","1","0","1","0","0","0","1","1","0","0","0","0","17","7","10","1","0","1","0","0","0","0","0","0","-2"
"147660","North Central College","2013","Not on tenure/no tenure system, instructors","2","0","2","0","0","0","0","0","0","0","0","0","0","0","0","0","0","0","2","0","2","0","0","0","0","0","0","0","0","0","-2"
"148405","Rockford University","2013","Tenured total","35","18","17","0","0","0","0","0","0","0","0","0","0","0","0","3","2","1","32","16","16","0","0","0","0","0","0","0","0","0","-2"
"148405","Rockford University","2013","Tenured, professors","17","9","8","0","0","0","0","0","0","0","0","0","0","0","0","1","1","0","16","8","8","0","0","0","0","0","0","0","0","0","-2"
"148405","Rockford University","2013","Tenured, associate professors","14","8","6","0","0","0","0","0","0","0","0","0","0","0","0","2","1","1","12","7","5","0","0","0","0","0","0","0","0","0","-2"
"148405","Rockford University","2013","Tenured, assistant professors","4","1","3","0","0","0","0","0","0","0","0","0","0","0","0","0","0","0","4","1","3","0","0","0","0","0","0","0","0","0","-2"
"148405","Rockford University","2013","On-Tenure track total","33","17","16","0","0","0","0","0","0","1","0","1","1","1","0","0","0","0","31","16","15","0","0","0","0","0","0","0","0","0","-2"
"148405","Rockford University","2013","On-tenure track, associate professors","3","2","1","0","0","0","0","0","0","0","0","0","0","0","0","0","0","0","3","2","1","0","0","0","0","0","0","0","0","0","-2"
"148405","Rockford University","2013","On-tenure track, assistant professors","30","15","15","0","0","0","0","0","0","1","0","1","1","1","0","0","0","0","28","14","14","0","0","0","0","0","0","0","0","0","-2"
"148405","Rockford University","2013","Not on tenure track/No tenure system system total","7","3","4","0","0","0","0","0","0","0","0","0","0","0","0","1","1","0","6","2","4","0","0","0","0","0","0","0","0","0","-2"
"148405","Rockford University","2013","Not on tenure/no tenure system, associate professors","2","1","1","0","0","0","0","0","0","0","0","0","0","0","0","0","0","0","2","1","1","0","0","0","0","0","0","0","0","0","-2"
"148405","Rockford University","2013","Not on tenure/no tenure system, assistant professors","5","2","3","0","0","0","0","0","0","0","0","0","0","0","0","1","1","0","4","1","3","0","0","0","0","0","0","0","0","0","-2"
"148584","University of St Francis","2013","Tenured total","32","15","17","0","0","0","1","0","1","1","0","1","0","0","0","0","0","0","30","15","15","0","0","0","0","0","0","0","0","0","-2"
"148584","University of St Francis","2013","Tenured, professors","16","6","10","0","0","0","1","0","1","1","0","1","0","0","0","0","0","0","14","6","8","0","0","0","0","0","0","0","0","0","-2"
"148584","University of St Francis","2013","Tenured, associate professors","15","9","6","0","0","0","0","0","0","0","0","0","0","0","0","0","0","0","15","9","6","0","0","0","0","0","0","0","0","0","-2"
"148584","University of St Francis","2013","Tenured, assistant professors","1","0","1","0","0","0","0","0","0","0","0","0","0","0","0","0","0","0","1","0","1","0","0","0","0","0","0","0","0","0","-2"
"148584","University of St Francis","2013","On-Tenure track total","34","11","23","0","0","0","2","0","2","4","1","3","1","0","1","0","0","0","26","9","17","0","0","0","0","0","0","1","1","0","-2"
"148584","University of St Francis","2013","On-tenure track, associate professors","4","0","4","0","0","0","1","0","1","1","0","1","0","0","0","0","0","0","2","0","2","0","0","0","0","0","0","0","0","0","-2"
"148584","University of St Francis","2013","On-tenure track, assistant professors","30","11","19","0","0","0","1","0","1","3","1","2","1","0","1","0","0","0","24","9","15","0","0","0","0","0","0","1","1","0","-2"
"148584","University of St Francis","2013","Not on tenure track/No tenure system system total","37","14","23","0","0","0","2","1","1","2","0","2","4","2","2","0","0","0","28","11","17","1","0","1","0","0","0","0","0","0","-2"
"148584","University of St Francis","2013","Not on tenure/no tenure system, professors","12","9","3","0","0","0","0","0","0","0","0","0","1","1","0","0","0","0","11","8","3","0","0","0","0","0","0","0","0","0","-2"
"148584","University of St Francis","2013","Not on tenure/no tenure system, associate professors","2","1","1","0","0","0","0","0","0","0","0","0","0","0","0","0","0","0","2","1","1","0","0","0","0","0","0","0","0","0","-2"
"148584","University of St Francis","2013","Not on tenure/no tenure system, assistant professors","10","2","8","0","0","0","0","0","0","0","0","0","1","0","1","0","0","0","9","2","7","0","0","0","0","0","0","0","0","0","-2"
"148584","University of St Francis","2013","Not on tenure/no tenure system, instructors","13","2","11","0","0","0","2","1","1","2","0","2","2","1","1","0","0","0","6","0","6","1","0","1","0","0","0","0","0","0","-2"
"149763","Resurrection University","2013","Not on tenure track/No tenure system system total","28","0","28","0","0","0","5","0","5","4","0","4","0","0","0","0","0","0","18","0","18","1","0","1","0","0","0","0","0","0","-2"
"149763","Resurrection University","2013","Not on tenure/no tenure system, professors","1","0","1","0","0","0","0","0","0","0","0","0","0","0","0","0","0","0","1","0","1","0","0","0","0","0","0","0","0","0","-2"
"149763","Resurrection University","2013","Not on tenure/no tenure system, associate professors","2","0","2","0","0","0","0","0","0","0","0","0","0","0","0","0","0","0","2","0","2","0","0","0","0","0","0","0","0","0","-2"
"149763","Resurrection University","2013","Not on tenure/no tenure system, assistant professors","9","0","9","0","0","0","2","0","2","1","0","1","0","0","0","0","0","0","6","0","6","0","0","0","0","0","0","0","0","0","-2"
"149763","Resurrection University","2013","Not on tenure/no tenure system, instructors","16","0","16","0","0","0","3","0","3","3","0","3","0","0","0","0","0","0","9","0","9","1","0","1","0","0","0","0","0","0","-2"
"150668","Goshen College","2013","Tenured total","36","18","18","0","0","0","0","0","0","0","0","0","0","0","0","0","0","0","36","18","18","0","0","0","0","0","0","0","0","0","-2"
"150668","Goshen College","2013","Tenured, professors","29","15","14","0","0","0","0","0","0","0","0","0","0","0","0","0","0","0","29","15","14","0","0","0","0","0","0","0","0","0","-2"
"150668","Goshen College","2013","Tenured, associate professors","7","3","4","0","0","0","0","0","0","0","0","0","0","0","0","0","0","0","7","3","4","0","0","0","0","0","0","0","0","0","-2"
"150668","Goshen College","2013","On-Tenure track total","16","12","4","0","0","0","0","0","0","0","0","0","1","1","0","0","0","0","14","10","4","1","1","0","0","0","0","0","0","0","-2"
"150668","Goshen College","2013","On-tenure track, professors","2","2","0","0","0","0","0","0","0","0","0","0","0","0","0","0","0","0","2","2","0","0","0","0","0","0","0","0","0","0","-2"
"150668","Goshen College","2013","On-tenure track, associate professors","10","6","4","0","0","0","0","0","0","0","0","0","1","1","0","0","0","0","8","4","4","1","1","0","0","0","0","0","0","0","-2"
"150668","Goshen College","2013","On-tenure track, assistant professors","4","4","0","0","0","0","0","0","0","0","0","0","0","0","0","0","0","0","4","4","0","0","0","0","0","0","0","0","0","0","-2"
"150668","Goshen College","2013","Not on tenure track/No tenure system system total","21","8","13","0","0","0","0","0","0","2","0","2","2","1","1","0","0","0","17","7","10","0","0","0","0","0","0","0","0","0","-2"
"150668","Goshen College","2013","Not on tenure/no tenure system, associate professors","11","5","6","0","0","0","0","0","0","0","0","0","0","0","0","0","0","0","11","5","6","0","0","0","0","0","0","0","0","0","-2"
"150668","Goshen College","2013","Not on tenure/no tenure system, assistant professors","10","3","7","0","0","0","0","0","0","2","0","2","2","1","1","0","0","0","6","2","4","0","0","0","0","0","0","0","0","0","-2"
"150774","Holy Cross College","2013","Tenured total","5","4","1","0","0","0","0","0","0","0","0","0","0","0","0","0","0","0","5","4","1","0","0","0","0","0","0","0","0","0","-2"
"150774","Holy Cross College","2013","Tenured, professors","1","1","0","0","0","0","0","0","0","0","0","0","0","0","0","0","0","0","1","1","0","0","0","0","0","0","0","0","0","0","-2"
"150774","Holy Cross College","2013","Tenured, associate professors","4","3","1","0","0","0","0","0","0","0","0","0","0","0","0","0","0","0","4","3","1","0","0","0","0","0","0","0","0","0","-2"
"150774","Holy Cross College","2013","On-Tenure track total","8","5","3","0","0","0","0","0","0","0","0","0","2","2","0","0","0","0","6","3","3","0","0","0","0","0","0","0","0","0","-2"
"150774","Holy Cross College","2013","On-tenure track, associate professors","4","2","2","0","0","0","0","0","0","0","0","0","0","0","0","0","0","0","4","2","2","0","0","0","0","0","0","0","0","0","-2"
"150774","Holy Cross College","2013","On-tenure track, assistant professors","4","3","1","0","0","0","0","0","0","0","0","0","2","2","0","0","0","0","2","1","1","0","0","0","0","0","0","0","0","0","-2"
"150774","Holy Cross College","2013","Not on tenure track/No tenure system system total","10","5","5","0","0","0","0","0","0","0","0","0","2","1","1","0","0","0","8","4","4","0","0","0","0","0","0","0","0","0","-2"
"150774","Holy Cross College","2013","Not on tenure/no tenure system, associate professors","3","2","1","0","0","0","0","0","0","0","0","0","0","0","0","0","0","0","3","2","1","0","0","0","0","0","0","0","0","0","-2"
"150774","Holy Cross College","2013","Not on tenure/no tenure system, assistant professors","2","0","2","0","0","0","0","0","0","0","0","0","1","0","1","0","0","0","1","0","1","0","0","0","0","0","0","0","0","0","-2"
"150774","Holy Cross College","2013","Not on tenure/no tenure system, instructors","1","1","0","0","0","0","0","0","0","0","0","0","0","0","0","0","0","0","1","1","0","0","0","0","0","0","0","0","0","0","-2"
"150774","Holy Cross College","2013","Not on tenure/no tenure system, no academic rank","4","2","2","0","0","0","0","0","0","0","0","0","1","1","0","0","0","0","3","1","2","0","0","0","0","0","0","0","0","0","-2"
"152637","Vincennes University","2013","Tenured total","78","42","36","0","0","0","1","1","0","1","1","0","0","0","0","0","0","0","76","40","36","0","0","0","0","0","0","0","0","0","-2"
"152637","Vincennes University","2013","Tenured, professors","61","28","33","0","0","0","1","1","0","1","1","0","0","0","0","0","0","0","59","26","33","0","0","0","0","0","0","0","0","0","-2"
"152637","Vincennes University","2013","Tenured, associate professors","14","11","3","0","0","0","0","0","0","0","0","0","0","0","0","0","0","0","14","11","3","0","0","0","0","0","0","0","0","0","-2"
"152637","Vincennes University","2013","Tenured, assistant professors","2","2","0","0","0","0","0","0","0","0","0","0","0","0","0","0","0","0","2","2","0","0","0","0","0","0","0","0","0","0","-2"
"152637","Vincennes University","2013","Tenured, instructors","1","1","0","0","0","0","0","0","0","0","0","0","0","0","0","0","0","0","1","1","0","0","0","0","0","0","0","0","0","0","-2"
"152637","Vincennes University","2013","On-Tenure track total","5","4","1","0","0","0","0","0","0","1","1","0","0","0","0","0","0","0","4","3","1","0","0","0","0","0","0","0","0","0","-2"
"152637","Vincennes University","2013","On-tenure track, professors","1","1","0","0","0","0","0","0","0","0","0","0","0","0","0","0","0","0","1","1","0","0","0","0","0","0","0","0","0","0","-2"
"152637","Vincennes University","2013","On-tenure track, associate professors","2","1","1","0","0","0","0","0","0","0","0","0","0","0","0","0","0","0","2","1","1","0","0","0","0","0","0","0","0","0","-2"
"152637","Vincennes University","2013","On-tenure track, assistant professors","2","2","0","0","0","0","0","0","0","1","1","0","0","0","0","0","0","0","1","1","0","0","0","0","0","0","0","0","0","0","-2"
"152637","Vincennes University","2013","Not on tenure track/No tenure system system total","145","76","69","1","0","1","0","0","0","3","1","2","2","1","1","0","0","0","137","73","64","0","0","0","0","0","0","2","1","1","-2"
"152637","Vincennes University","2013","Not on tenure/no tenure system, professors","7","2","5","0","0","0","0","0","0","0","0","0","0","0","0","0","0","0","7","2","5","0","0","0","0","0","0","0","0","0","-2"
"152637","Vincennes University","2013","Not on tenure/no tenure system, associate professors","35","14","21","0","0","0","0","0","0","1","1","0","0","0","0","0","0","0","33","12","21","0","0","0","0","0","0","1","1","0","-2"
"152637","Vincennes University","2013","Not on tenure/no tenure system, assistant professors","77","37","40","1","0","1","0","0","0","1","0","1","2","1","1","0","0","0","72","36","36","0","0","0","0","0","0","1","0","1","-2"
"152637","Vincennes University","2013","Not on tenure/no tenure system, instructors","24","23","1","0","0","0","0","0","0","1","0","1","0","0","0","0","0","0","23","23","0","0","0","0","0","0","0","0","0","0","-2"
"152637","Vincennes University","2013","Not on tenure/no tenure system, no academic rank","2","0","2","0","0","0","0","0","0","0","0","0","0","0","0","0","0","0","2","0","2","0","0","0","0","0","0","0","0","0","-2"
"152992","Briar Cliff University","2013","Tenured total","31","19","12","0","0","0","0","0","0","0","0","0","0","0","0","0","0","0","31","19","12","0","0","0","0","0","0","0","0","0","-2"
"152992","Briar Cliff University","2013","Tenured, professors","14","9","5","0","0","0","0","0","0","0","0","0","0","0","0","0","0","0","14","9","5","0","0","0","0","0","0","0","0","0","-2"
"152992","Briar Cliff University","2013","Tenured, associate professors","14","9","5","0","0","0","0","0","0","0","0","0","0","0","0","0","0","0","14","9","5","0","0","0","0","0","0","0","0","0","-2"
"152992","Briar Cliff University","2013","Tenured, assistant professors","3","1","2","0","0","0","0","0","0","0","0","0","0","0","0","0","0","0","3","1","2","0","0","0","0","0","0","0","0","0","-2"
"152992","Briar Cliff University","2013","On-Tenure track total","32","13","19","0","0","0","1","1","0","0","0","0","1","1","0","0","0","0","30","11","19","0","0","0","0","0","0","0","0","0","-2"
"152992","Briar Cliff University","2013","On-tenure track, professors","1","1","0","0","0","0","0","0","0","0","0","0","0","0","0","0","0","0","1","1","0","0","0","0","0","0","0","0","0","0","-2"
"152992","Briar Cliff University","2013","On-tenure track, associate professors","6","1","5","0","0","0","0","0","0","0","0","0","0","0","0","0","0","0","6","1","5","0","0","0","0","0","0","0","0","0","-2"
"152992","Briar Cliff University","2013","On-tenure track, assistant professors","19","9","10","0","0","0","0","0","0","0","0","0","1","1","0","0","0","0","18","8","10","0","0","0","0","0","0","0","0","0","-2"
"152992","Briar Cliff University","2013","On-tenure track, instructors","4","2","2","0","0","0","1","1","0","0","0","0","0","0","0","0","0","0","3","1","2","0","0","0","0","0","0","0","0","0","-2"
"152992","Briar Cliff University","2013","On-tenure track, no academic rank","2","0","2","0","0","0","0","0","0","0","0","0","0","0","0","0","0","0","2","0","2","0","0","0","0","0","0","0","0","0","-2"
"154721","Bethany College","2013","Tenured total","17","11","6","0","0","0","0","0","0","0","0","0","0","0","0","0","0","0","17","11","6","0","0","0","0","0","0","0","0","0","-2"
"154721","Bethany College","2013","Tenured, professors","9","5","4","0","0","0","0","0","0","0","0","0","0","0","0","0","0","0","9","5","4","0","0","0","0","0","0","0","0","0","-2"
"154721","Bethany College","2013","Tenured, associate professors","8","6","2","0","0","0","0","0","0","0","0","0","0","0","0","0","0","0","8","6","2","0","0","0","0","0","0","0","0","0","-2"
"154721","Bethany College","2013","On-Tenure track total","13","8","5","0","0","0","1","0","1","0","0","0","0","0","0","0","0","0","11","7","4","0","0","0","0","0","0","1","1","0","-2"
"154721","Bethany College","2013","On-tenure track, associate professors","3","3","0","0","0","0","0","0","0","0","0","0","0","0","0","0","0","0","3","3","0","0","0","0","0","0","0","0","0","0","-2"
"154721","Bethany College","2013","On-tenure track, assistant professors","10","5","5","0","0","0","1","0","1","0","0","0","0","0","0","0","0","0","8","4","4","0","0","0","0","0","0","1","1","0","-2"
"154721","Bethany College","2013","Not on tenure track/No tenure system system total","8","1","7","0","0","0","0","0","0","0","0","0","0","0","0","0","0","0","7","0","7","0","0","0","0","0","0","1","1","0","-2"
"154721","Bethany College","2013","Not on tenure/no tenure system, assistant professors","8","1","7","0","0","0","0","0","0","0","0","0","0","0","0","0","0","0","7","0","7","0","0","0","0","0","0","1","1","0","-2"
"155414","Kansas Wesleyan University","2013","Tenured total","20","11","9","0","0","0","1","1","0","0","0","0","0","0","0","0","0","0","13","4","9","0","0","0","0","0","0","6","6","0","-2"
"155414","Kansas Wesleyan University","2013","Tenured, professors","7","4","3","0","0","0","0","0","0","0","0","0","0","0","0","0","0","0","7","4","3","0","0","0","0","0","0","0","0","0","-2"
"155414","Kansas Wesleyan University","2013","Tenured, associate professors","12","7","5","0","0","0","1","1","0","0","0","0","0","0","0","0","0","0","5","0","5","0","0","0","0","0","0","6","6","0","-2"
"155414","Kansas Wesleyan University","2013","Tenured, assistant professors","1","0","1","0","0","0","0","0","0","0","0","0","0","0","0","0","0","0","1","0","1","0","0","0","0","0","0","0","0","0","-2"
"155414","Kansas Wesleyan University","2013","On-Tenure track total","12","6","6","0","0","0","0","0","0","0","0","0","0","0","0","0","0","0","12","6","6","0","0","0","0","0","0","0","0","0","-2"
"155414","Kansas Wesleyan University","2013","On-tenure track, professors","1","1","0","0","0","0","0","0","0","0","0","0","0","0","0","0","0","0","1","1","0","0","0","0","0","0","0","0","0","0","-2"
"155414","Kansas Wesleyan University","2013","On-tenure track, associate professors","1","1","0","0","0","0","0","0","0","0","0","0","0","0","0","0","0","0","1","1","0","0","0","0","0","0","0","0","0","0","-2"
"155414","Kansas Wesleyan University","2013","On-tenure track, assistant professors","10","4","6","0","0","0","0","0","0","0","0","0","0","0","0","0","0","0","10","4","6","0","0","0","0","0","0","0","0","0","-2"
"155414","Kansas Wesleyan University","2013","Not on tenure track/No tenure system system total","7","3","4","0","0","0","0","0","0","0","0","0","0","0","0","0","0","0","7","3","4","0","0","0","0","0","0","0","0","0","-2"
"155414","Kansas Wesleyan University","2013","Not on tenure/no tenure system, associate professors","2","2","0","0","0","0","0","0","0","0","0","0","0","0","0","0","0","0","2","2","0","0","0","0","0","0","0","0","0","0","-2"
"155414","Kansas Wesleyan University","2013","Not on tenure/no tenure system, assistant professors","5","1","4","0","0","0","0","0","0","0","0","0","0","0","0","0","0","0","5","1","4","0","0","0","0","0","0","0","0","0","-2"
"155511","McPherson College","2013","Tenured total","22","17","5","0","0","0","1","1","0","1","1","0","0","0","0","0","0","0","20","15","5","0","0","0","0","0","0","0","0","0","-2"
"155511","McPherson College","2013","Tenured, professors","17","16","1","0","0","0","1","1","0","0","0","0","0","0","0","0","0","0","16","15","1","0","0","0","0","0","0","0","0","0","-2"
"155511","McPherson College","2013","Tenured, associate professors","5","1","4","0","0","0","0","0","0","1","1","0","0","0","0","0","0","0","4","0","4","0","0","0","0","0","0","0","0","0","-2"
"155511","McPherson College","2013","On-Tenure track total","8","5","3","0","0","0","1","0","1","0","0","0","1","0","1","0","0","0","5","5","0","0","0","0","0","0","0","1","0","1","-2"
"155511","McPherson College","2013","On-tenure track, associate professors","2","2","0","0","0","0","0","0","0","0","0","0","0","0","0","0","0","0","2","2","0","0","0","0","0","0","0","0","0","0","-2"
"155511","McPherson College","2013","On-tenure track, assistant professors","6","3","3","0","0","0","1","0","1","0","0","0","1","0","1","0","0","0","3","3","0","0","0","0","0","0","0","1","0","1","-2"
"155511","McPherson College","2013","Not on tenure track/No tenure system system total","13","9","4","0","0","0","0","0","0","0","0","0","0","0","0","0","0","0","13","9","4","0","0","0","0","0","0","0","0","0","-2"
"155511","McPherson College","2013","Not on tenure/no tenure system, associate professors","3","3","0","0","0","0","0","0","0","0","0","0","0","0","0","0","0","0","3","3","0","0","0","0","0","0","0","0","0","0","-2"
"155511","McPherson College","2013","Not on tenure/no tenure system, assistant professors","9","6","3","0","0","0","0","0","0","0","0","0","0","0","0","0","0","0","9","6","3","0","0","0","0","0","0","0","0","0","-2"
"155511","McPherson College","2013","Not on tenure/no tenure system, lecturers","1","0","1","0","0","0","0","0","0","0","0","0","0","0","0","0","0","0","1","0","1","0","0","0","0","0","0","0","0","0","-2"
"159656","Loyola University New Orleans","2013","Tenured total","146","94","52","0","0","0","0","0","0","10","7","3","10","6","4","0","0","0","121","78","43","4","2","2","0","0","0","1","1","0","-2"
"159656","Loyola University New Orleans","2013","Tenured, professors","94","67","27","0","0","0","0","0","0","8","6","2","6","4","2","0","0","0","78","56","22","2","1","1","0","0","0","0","0","0","-2"
"159656","Loyola University New Orleans","2013","Tenured, associate professors","52","27","25","0","0","0","0","0","0","2","1","1","4","2","2","0","0","0","43","22","21","2","1","1","0","0","0","1","1","0","-2"
"159656","Loyola University New Orleans","2013","On-Tenure track total","83","44","39","0","0","0","5","3","2","6","2","4","6","4","2","0","0","0","57","30","27","0","0","0","5","3","2","4","2","2","-2"
"159656","Loyola University New Orleans","2013","On-tenure track, professors","1","0","1","0","0","0","0","0","0","0","0","0","0","0","0","0","0","0","1","0","1","0","0","0","0","0","0","0","0","0","-2"
"159656","Loyola University New Orleans","2013","On-tenure track, associate professors","19","6","13","0","0","0","1","0","1","1","0","1","3","1","2","0","0","0","13","4","9","0","0","0","1","1","0","0","0","0","-2"
"159656","Loyola University New Orleans","2013","On-tenure track, assistant professors","63","38","25","0","0","0","4","3","1","5","2","3","3","3","0","0","0","0","43","26","17","0","0","0","4","2","2","4","2","2","-2"
"159656","Loyola University New Orleans","2013","Not on tenure track/No tenure system system total","80","33","47","0","0","0","1","1","0","1","0","1","3","1","2","0","0","0","72","29","43","0","0","0","3","2","1","0","0","0","-2"
"159656","Loyola University New Orleans","2013","Not on tenure/no tenure system, lecturers","80","33","47","0","0","0","1","1","0","1","0","1","3","1","2","0","0","0","72","29","43","0","0","0","3","2","1","0","0","0","-2"
"162210","Washington Adventist University","2013","Not on tenure track/No tenure system system total","53","30","23","0","0","0","5","5","0","22","8","14","2","2","0","0","0","0","22","14","8","0","0","0","0","0","0","2","1","1","-2"
"162210","Washington Adventist University","2013","Not on tenure/no tenure system, professors","16","13","3","0","0","0","1","1","0","5","3","2","1","1","0","0","0","0","9","8","1","0","0","0","0","0","0","0","0","0","-2"
"162210","Washington Adventist University","2013","Not on tenure/no tenure system, associate professors","16","8","8","0","0","0","1","1","0","6","3","3","0","0","0","0","0","0","8","4","4","0","0","0","0","0","0","1","0","1","-2"
"162210","Washington Adventist University","2013","Not on tenure/no tenure system, assistant professors","19","8","11","0","0","0","3","3","0","10","1","9","1","1","0","0","0","0","4","2","2","0","0","0","0","0","0","1","1","0","-2"
"162210","Washington Adventist University","2013","Not on tenure/no tenure system, instructors","2","1","1","0","0","0","0","0","0","1","1","0","0","0","0","0","0","0","1","0","1","0","0","0","0","0","0","0","0","0","-2"
"164447","American International College","2013","Tenured total","41","21","20","0","0","0","0","0","0","1","0","1","0","0","0","0","0","0","40","21","19","0","0","0","0","0","0","0","0","0","-2"
"164447","American International College","2013","Tenured, professors","14","5","9","0","0","0","0","0","0","0","0","0","0","0","0","0","0","0","14","5","9","0","0","0","0","0","0","0","0","0","-2"
"164447","American International College","2013","Tenured, associate professors","23","13","10","0","0","0","0","0","0","1","0","1","0","0","0","0","0","0","22","13","9","0","0","0","0","0","0","0","0","0","-2"
"164447","American International College","2013","Tenured, assistant professors","4","3","1","0","0","0","0","0","0","0","0","0","0","0","0","0","0","0","4","3","1","0","0","0","0","0","0","0","0","0","-2"
"164447","American International College","2013","On-Tenure track total","26","4","22","0","0","0","2","0","2","2","0","2","1","0","1","0","0","0","20","3","17","1","1","0","0","0","0","0","0","0","-2"
"164447","American International College","2013","On-tenure track, associate professors","1","0","1","0","0","0","0","0","0","0","0","0","0","0","0","0","0","0","1","0","1","0","0","0","0","0","0","0","0","0","-2"
"164447","American International College","2013","On-tenure track, assistant professors","21","2","19","0","0","0","2","0","2","2","0","2","1","0","1","0","0","0","15","1","14","1","1","0","0","0","0","0","0","0","-2"
"164447","American International College","2013","On-tenure track, instructors","1","0","1","0","0","0","0","0","0","0","0","0","0","0","0","0","0","0","1","0","1","0","0","0","0","0","0","0","0","0","-2"
"164447","American International College","2013","On-tenure track, no academic rank","3","2","1","0","0","0","0","0","0","0","0","0","0","0","0","0","0","0","3","2","1","0","0","0","0","0","0","0","0","0","-2"
"164447","American International College","2013","Not on tenure track/No tenure system system total","11","5","6","0","0","0","0","0","0","1","1","0","0","0","0","0","0","0","10","4","6","0","0","0","0","0","0","0","0","0","-2"
"164447","American International College","2013","Not on tenure/no tenure system, assistant professors","4","1","3","0","0","0","0","0","0","1","1","0","0","0","0","0","0","0","3","0","3","0","0","0","0","0","0","0","0","0","-2"
"164447","American International College","2013","Not on tenure/no tenure system, instructors","3","1","2","0","0","0","0","0","0","0","0","0","0","0","0","0","0","0","3","1","2","0","0","0","0","0","0","0","0","0","-2"
"164447","American International College","2013","Not on tenure/no tenure system, no academic rank","4","3","1","0","0","0","0","0","0","0","0","0","0","0","0","0","0","0","4","3","1","0","0","0","0","0","0","0","0","0","-2"
"164632","Bay Path University","2013","Not on tenure track/No tenure system system total","52","19","33","0","0","0","2","1","1","0","0","0","1","1","0","0","0","0","49","17","32","0","0","0","0","0","0","0","0","0","-2"
"164632","Bay Path University","2013","Not on tenure/no tenure system, professors","10","4","6","0","0","0","0","0","0","0","0","0","0","0","0","0","0","0","10","4","6","0","0","0","0","0","0","0","0","0","-2"
"164632","Bay Path University","2013","Not on tenure/no tenure system, associate professors","14","7","7","0","0","0","2","1","1","0","0","0","0","0","0","0","0","0","12","6","6","0","0","0","0","0","0","0","0","0","-2"
"164632","Bay Path University","2013","Not on tenure/no tenure system, assistant professors","26","7","19","0","0","0","0","0","0","0","0","0","1","1","0","0","0","0","25","6","19","0","0","0","0","0","0","0","0","0","-2"
"164632","Bay Path University","2013","Not on tenure/no tenure system, instructors","1","0","1","0","0","0","0","0","0","0","0","0","0","0","0","0","0","0","1","0","1","0","0","0","0","0","0","0","0","0","-2"
"164632","Bay Path University","2013","Not on tenure/no tenure system, lecturers","1","1","0","0","0","0","0","0","0","0","0","0","0","0","0","0","0","0","1","1","0","0","0","0","0","0","0","0","0","0","-2"
"165644","Eastern Nazarene College","2013","Tenured total","13","7","6","0","0","0","0","0","0","0","0","0","0","0","0","0","0","0","13","7","6","0","0","0","0","0","0","0","0","0","-2"
"165644","Eastern Nazarene College","2013","Tenured, professors","6","3","3","0","0","0","0","0","0","0","0","0","0","0","0","0","0","0","6","3","3","0","0","0","0","0","0","0","0","0","-2"
"165644","Eastern Nazarene College","2013","Tenured, associate professors","7","4","3","0","0","0","0","0","0","0","0","0","0","0","0","0","0","0","7","4","3","0","0","0","0","0","0","0","0","0","-2"
"165644","Eastern Nazarene College","2013","On-Tenure track total","16","13","3","0","0","0","0","0","0","4","3","1","0","0","0","0","0","0","9","7","2","2","2","0","0","0","0","1","1","0","-2"
"165644","Eastern Nazarene College","2013","On-tenure track, associate professors","5","5","0","0","0","0","0","0","0","1","1","0","0","0","0","0","0","0","3","3","0","0","0","0","0","0","0","1","1","0","-2"
"165644","Eastern Nazarene College","2013","On-tenure track, assistant professors","11","8","3","0","0","0","0","0","0","3","2","1","0","0","0","0","0","0","6","4","2","2","2","0","0","0","0","0","0","0","-2"
"165644","Eastern Nazarene College","2013","Not on tenure track/No tenure system system total","9","5","4","0","0","0","0","0","0","0","0","0","0","0","0","0","0","0","8","4","4","1","1","0","0","0","0","0","0","0","-2"
"165644","Eastern Nazarene College","2013","Not on tenure/no tenure system, associate professors","1","1","0","0","0","0","0","0","0","0","0","0","0","0","0","0","0","0","1","1","0","0","0","0","0","0","0","0","0","0","-2"
"165644","Eastern Nazarene College","2013","Not on tenure/no tenure system, assistant professors","2","2","0","0","0","0","0","0","0","0","0","0","0","0","0","0","0","0","2","2","0","0","0","0","0","0","0","0","0","0","-2"
"165644","Eastern Nazarene College","2013","Not on tenure/no tenure system, instructors","6","2","4","0","0","0","0","0","0","0","0","0","0","0","0","0","0","0","5","1","4","1","1","0","0","0","0","0","0","0","-2"
"165866","Framingham State University","2013","Tenured total","100","37","63","0","0","0","4","3","1","4","2","2","2","1","1","0","0","0","84","27","57","2","1","1","4","3","1","0","0","0","-2"
"165866","Framingham State University","2013","Tenured, professors","53","20","33","0","0","0","1","1","0","1","1","0","2","1","1","0","0","0","45","14","31","1","1","0","3","2","1","0","0","0","-2"
"165866","Framingham State University","2013","Tenured, associate professors","36","13","23","0","0","0","2","2","0","2","1","1","0","0","0","0","0","0","31","10","21","1","0","1","0","0","0","0","0","0","-2"
"165866","Framingham State University","2013","Tenured, assistant professors","11","4","7","0","0","0","1","0","1","1","0","1","0","0","0","0","0","0","8","3","5","0","0","0","1","1","0","0","0","0","-2"
"165866","Framingham State University","2013","On-Tenure track total","59","27","32","0","0","0","6","2","4","2","1","1","2","1","1","0","0","0","48","22","26","0","0","0","1","1","0","0","0","0","-2"
"165866","Framingham State University","2013","On-tenure track, associate professors","7","4","3","0","0","0","0","0","0","0","0","0","0","0","0","0","0","0","7","4","3","0","0","0","0","0","0","0","0","0","-2"
"165866","Framingham State University","2013","On-tenure track, assistant professors","52","23","29","0","0","0","6","2","4","2","1","1","2","1","1","0","0","0","41","18","23","0","0","0","1","1","0","0","0","0","-2"
"165866","Framingham State University","2013","Not on tenure track/No tenure system system total","23","8","15","0","0","0","0","0","0","1","0","1","0","0","0","0","0","0","19","6","13","0","0","0","3","2","1","0","0","0","-2"
"165866","Framingham State University","2013","Not on tenure/no tenure system, assistant professors","15","6","9","0","0","0","0","0","0","1","0","1","0","0","0","0","0","0","12","5","7","0","0","0","2","1","1","0","0","0","-2"
"165866","Framingham State University","2013","Not on tenure/no tenure system, instructors","8","2","6","0","0","0","0","0","0","0","0","0","0","0","0","0","0","0","7","1","6","0","0","0","1","1","0","0","0","0","-2"
"166452","Lesley University","2013","Not on tenure track/No tenure system system total","157","54","103","0","0","0","13","4","9","8","3","5","10","0","10","0","0","0","126","47","79","0","0","0","0","0","0","0","0","0","-2"
"166452","Lesley University","2013","Not on tenure/no tenure system, professors","44","15","29","0","0","0","2","0","2","1","0","1","3","0","3","0","0","0","38","15","23","0","0","0","0","0","0","0","0","0","-2"
"166452","Lesley University","2013","Not on tenure/no tenure system, associate professors","56","18","38","0","0","0","4","2","2","4","1","3","4","0","4","0","0","0","44","15","29","0","0","0","0","0","0","0","0","0","-2"
"166452","Lesley University","2013","Not on tenure/no tenure system, assistant professors","51","19","32","0","0","0","7","2","5","3","2","1","3","0","3","0","0","0","38","15","23","0","0","0","0","0","0","0","0","0","-2"
"166452","Lesley University","2013","Not on tenure/no tenure system, instructors","6","2","4","0","0","0","0","0","0","0","0","0","0","0","0","0","0","0","6","2","4","0","0","0","0","0","0","0","0","0","-2"
"166638","University of Massachusetts-Boston","2013","Tenured total","286","165","121","0","0","0","38","27","11","22","10","12","13","6","7","0","0","0","199","111","88","0","0","0","11","10","1","3","1","2","-2"
"166638","University of Massachusetts-Boston","2013","Tenured, professors","117","76","41","0","0","0","17","14","3","4","4","0","6","3","3","0","0","0","85","51","34","0","0","0","5","4","1","0","0","0","-2"
"166638","University of Massachusetts-Boston","2013","Tenured, associate professors","169","89","80","0","0","0","21","13","8","18","6","12","7","3","4","0","0","0","114","60","54","0","0","0","6","6","0","3","1","2","-2"
"166638","University of Massachusetts-Boston","2013","On-Tenure track total","174","79","95","0","0","0","21","13","8","2","0","2","8","5","3","0","0","0","84","33","51","0","0","0","48","25","23","11","3","8","-2"
"166638","University of Massachusetts-Boston","2013","On-tenure track, associate professors","11","5","6","0","0","0","1","1","0","0","0","0","1","1","0","0","0","0","7","2","5","0","0","0","2","1","1","0","0","0","-2"
"166638","University of Massachusetts-Boston","2013","On-tenure track, assistant professors","163","74","89","0","0","0","20","12","8","2","0","2","7","4","3","0","0","0","77","31","46","0","0","0","46","24","22","11","3","8","-2"
"166638","University of Massachusetts-Boston","2013","Not on tenure track/No tenure system system total","142","64","78","0","0","0","7","5","2","9","7","2","1","1","0","0","0","0","102","43","59","0","0","0","21","8","13","2","0","2","-2"
"166638","University of Massachusetts-Boston","2013","Not on tenure/no tenure system, professors","1","0","1","0","0","0","0","0","0","0","0","0","0","0","0","0","0","0","0","0","0","0","0","0","1","0","1","0","0","0","-2"
"166638","University of Massachusetts-Boston","2013","Not on tenure/no tenure system, assistant professors","1","1","0","0","0","0","1","1","0","0","0","0","0","0","0","0","0","0","0","0","0","0","0","0","0","0","0","0","0","0","-2"
"166638","University of Massachusetts-Boston","2013","Not on tenure/no tenure system, lecturers","125","60","65","0","0","0","6","4","2","8","6","2","1","1","0","0","0","0","90","42","48","0","0","0","18","7","11","2","0","2","-2"
"166638","University of Massachusetts-Boston","2013","Not on tenure/no tenure system, no academic rank","15","3","12","0","0","0","0","0","0","1","1","0","0","0","0","0","0","0","12","1","11","0","0","0","2","1","1","0","0","0","-2"
"167455","Pine Manor College","2013","Tenured total","12","4","8","0","0","0","2","1","1","0","0","0","0","0","0","0","0","0","10","3","7","0","0","0","0","0","0","0","0","0","-2"
"167455","Pine Manor College","2013","Tenured, professors","6","2","4","0","0","0","1","1","0","0","0","0","0","0","0","0","0","0","5","1","4","0","0","0","0","0","0","0","0","0","-2"
"167455","Pine Manor College","2013","Tenured, associate professors","5","1","4","0","0","0","1","0","1","0","0","0","0","0","0","0","0","0","4","1","3","0","0","0","0","0","0","0","0","0","-2"
"167455","Pine Manor College","2013","Tenured, instructors","1","1","0","0","0","0","0","0","0","0","0","0","0","0","0","0","0","0","1","1","0","0","0","0","0","0","0","0","0","0","-2"
"167455","Pine Manor College","2013","On-Tenure track total","2","0","2","0","0","0","0","0","0","0","0","0","0","0","0","0","0","0","2","0","2","0","0","0","0","0","0","0","0","0","-2"
"167455","Pine Manor College","2013","On-tenure track, associate professors","1","0","1","0","0","0","0","0","0","0","0","0","0","0","0","0","0","0","1","0","1","0","0","0","0","0","0","0","0","0","-2"
"167455","Pine Manor College","2013","On-tenure track, assistant professors","1","0","1","0","0","0","0","0","0","0","0","0","0","0","0","0","0","0","1","0","1","0","0","0","0","0","0","0","0","0","-2"
"167455","Pine Manor College","2013","Not on tenure track/No tenure system system total","6","0","6","0","0","0","0","0","0","0","0","0","0","0","0","0","0","0","6","0","6","0","0","0","0","0","0","0","0","0","-2"
"167455","Pine Manor College","2013","Not on tenure/no tenure system, associate professors","1","0","1","0","0","0","0","0","0","0","0","0","0","0","0","0","0","0","1","0","1","0","0","0","0","0","0","0","0","0","-2"
"167455","Pine Manor College","2013","Not on tenure/no tenure system, assistant professors","5","0","5","0","0","0","0","0","0","0","0","0","0","0","0","0","0","0","5","0","5","0","0","0","0","0","0","0","0","0","-2"
"167729","Salem State University","2013","Tenured total","238","115","123","0","0","0","13","8","5","4","3","1","4","2","2","0","0","0","211","99","112","0","0","0","5","2","3","1","1","0","-2"
"167729","Salem State University","2013","Tenured, professors","128","63","65","0","0","0","4","2","2","1","1","0","2","1","1","0","0","0","120","59","61","0","0","0","1","0","1","0","0","0","-2"
"167729","Salem State University","2013","Tenured, associate professors","100","49","51","0","0","0","8","5","3","3","2","1","2","1","1","0","0","0","83","39","44","0","0","0","3","1","2","1","1","0","-2"
"167729","Salem State University","2013","Tenured, assistant professors","10","3","7","0","0","0","1","1","0","0","0","0","0","0","0","0","0","0","8","1","7","0","0","0","1","1","0","0","0","0","-2"
"167729","Salem State University","2013","On-Tenure track total","87","31","56","0","0","0","6","0","6","6","2","4","5","2","3","0","0","0","60","19","41","0","0","0","2","1","1","8","7","1","-2"
"167729","Salem State University","2013","On-tenure track, associate professors","11","4","7","0","0","0","0","0","0","2","1","1","1","1","0","0","0","0","8","2","6","0","0","0","0","0","0","0","0","0","-2"
"167729","Salem State University","2013","On-tenure track, assistant professors","74","27","47","0","0","0","6","0","6","4","1","3","4","1","3","0","0","0","50","17","33","0","0","0","2","1","1","8","7","1","-2"
"167729","Salem State University","2013","On-tenure track, instructors","2","0","2","0","0","0","0","0","0","0","0","0","0","0","0","0","0","0","2","0","2","0","0","0","0","0","0","0","0","0","-2"
"167729","Salem State University","2013","Not on tenure track/No tenure system system total","19","9","10","0","0","0","2","1","1","0","0","0","0","0","0","0","0","0","15","8","7","0","0","0","1","0","1","1","0","1","-2"
"167729","Salem State University","2013","Not on tenure/no tenure system, professors","1","1","0","0","0","0","1","1","0","0","0","0","0","0","0","0","0","0","0","0","0","0","0","0","0","0","0","0","0","0","-2"
"167729","Salem State University","2013","Not on tenure/no tenure system, assistant professors","8","2","6","0","0","0","1","0","1","0","0","0","0","0","0","0","0","0","6","2","4","0","0","0","0","0","0","1","0","1","-2"
"167729","Salem State University","2013","Not on tenure/no tenure system, instructors","10","6","4","0","0","0","0","0","0","0","0","0","0","0","0","0","0","0","9","6","3","0","0","0","1","0","1","0","0","0","-2"
"168740","Andrews University","2013","Tenured total","72","53","19","0","0","0","7","6","1","8","6","2","3","2","1","0","0","0","54","39","15","0","0","0","0","0","0","0","0","0","-2"
"168740","Andrews University","2013","Tenured, professors","56","44","12","0","0","0","6","6","0","4","3","1","3","2","1","0","0","0","43","33","10","0","0","0","0","0","0","0","0","0","-2"
"168740","Andrews University","2013","Tenured, associate professors","13","7","6","0","0","0","1","0","1","4","3","1","0","0","0","0","0","0","8","4","4","0","0","0","0","0","0","0","0","0","-2"
"168740","Andrews University","2013","Tenured, assistant professors","3","2","1","0","0","0","0","0","0","0","0","0","0","0","0","0","0","0","3","2","1","0","0","0","0","0","0","0","0","0","-2"
"168740","Andrews University","2013","On-Tenure track total","145","73","72","0","0","0","10","5","5","21","3","18","14","10","4","0","0","0","88","45","43","0","0","0","4","3","1","8","7","1","-2"
"168740","Andrews University","2013","On-tenure track, professors","17","14","3","0","0","0","1","1","0","1","0","1","2","2","0","0","0","0","11","9","2","0","0","0","0","0","0","2","2","0","-2"
"168740","Andrews University","2013","On-tenure track, associate professors","55","31","24","0","0","0","5","2","3","6","1","5","5","4","1","0","0","0","35","21","14","0","0","0","2","2","0","2","1","1","-2"
"168740","Andrews University","2013","On-tenure track, assistant professors","72","27","45","0","0","0","4","2","2","13","1","12","7","4","3","0","0","0","42","15","27","0","0","0","2","1","1","4","4","0","-2"
"168740","Andrews University","2013","On-tenure track, instructors","1","1","0","0","0","0","0","0","0","1","1","0","0","0","0","0","0","0","0","0","0","0","0","0","0","0","0","0","0","0","-2"
"168740","Andrews University","2013","Not on tenure track/No tenure system system total","16","8","8","0","0","0","1","1","0","2","0","2","3","3","0","0","0","0","8","4","4","1","0","1","0","0","0","1","0","1","-2"
"168740","Andrews University","2013","Not on tenure/no tenure system, professors","1","0","1","0","0","0","0","0","0","0","0","0","0","0","0","0","0","0","0","0","0","1","0","1","0","0","0","0","0","0","-2"
"168740","Andrews University","2013","Not on tenure/no tenure system, associate professors","4","3","1","0","0","0","0","0","0","0","0","0","1","1","0","0","0","0","3","2","1","0","0","0","0","0","0","0","0","0","-2"
"168740","Andrews University","2013","Not on tenure/no tenure system, assistant professors","3","0","3","0","0","0","0","0","0","1","0","1","0","0","0","0","0","0","1","0","1","0","0","0","0","0","0","1","0","1","-2"
"168740","Andrews University","2013","Not on tenure/no tenure system, instructors","8","5","3","0","0","0","1","1","0","1","0","1","2","2","0","0","0","0","4","2","2","0","0","0","0","0","0","0","0","0","-2"
"170532","Kalamazoo College","2013","Tenured total","62","34","28","0","0","0","2","1","1","3","2","1","2","0","2","0","0","0","55","31","24","0","0","0","0","0","0","0","0","0","-2"
"170532","Kalamazoo College","2013","Tenured, professors","34","22","12","0","0","0","2","1","1","0","0","0","1","0","1","0","0","0","31","21","10","0","0","0","0","0","0","0","0","0","-2"
"170532","Kalamazoo College","2013","Tenured, associate professors","28","12","16","0","0","0","0","0","0","3","2","1","1","0","1","0","0","0","24","10","14","0","0","0","0","0","0","0","0","0","-2"
"170532","Kalamazoo College","2013","On-Tenure track total","18","7","11","0","0","0","4","0","4","1","1","0","1","0","1","0","0","0","9","4","5","1","1","0","0","0","0","2","1","1","-2"
"170532","Kalamazoo College","2013","On-tenure track, assistant professors","18","7","11","0","0","0","4","0","4","1","1","0","1","0","1","0","0","0","9","4","5","1","1","0","0","0","0","2","1","1","-2"
"170532","Kalamazoo College","2013","Not on tenure track/No tenure system system total","23","6","17","0","0","0","0","0","0","2","0","2","1","0","1","0","0","0","17","5","12","0","0","0","0","0","0","3","1","2","-2"
"170532","Kalamazoo College","2013","Not on tenure/no tenure system, assistant professors","15","4","11","0","0","0","0","0","0","2","0","2","1","0","1","0","0","0","9","3","6","0","0","0","0","0","0","3","1","2","-2"
"170532","Kalamazoo College","2013","Not on tenure/no tenure system, instructors","8","2","6","0","0","0","0","0","0","0","0","0","0","0","0","0","0","0","8","2","6","0","0","0","0","0","0","0","0","0","-2"
"172033","Sacred Heart Major Seminary","2013","Not on tenure track/No tenure system system total","26","21","5","0","0","0","1","1","0","0","0","0","1","1","0","0","0","0","24","19","5","0","0","0","0","0","0","0","0","0","-2"
"172033","Sacred Heart Major Seminary","2013","Not on tenure/no tenure system, professors","12","9","3","0","0","0","0","0","0","0","0","0","0","0","0","0","0","0","12","9","3","0","0","0","0","0","0","0","0","0","-2"
"172033","Sacred Heart Major Seminary","2013","Not on tenure/no tenure system, associate professors","5","4","1","0","0","0","0","0","0","0","0","0","1","1","0","0","0","0","4","3","1","0","0","0","0","0","0","0","0","0","-2"
"172033","Sacred Heart Major Seminary","2013","Not on tenure/no tenure system, assistant professors","6","6","0","0","0","0","0","0","0","0","0","0","0","0","0","0","0","0","6","6","0","0","0","0","0","0","0","0","0","0","-2"
"172033","Sacred Heart Major Seminary","2013","Not on tenure/no tenure system, instructors","3","2","1","0","0","0","1","1","0","0","0","0","0","0","0","0","0","0","2","1","1","0","0","0","0","0","0","0","0","0","-2"
"177083","Conception Seminary College","2013","Not on tenure track/No tenure system system total","6","2","4","0","0","0","0","0","0","0","0","0","1","0","1","0","0","0","5","2","3","0","0","0","0","0","0","0","0","0","-2"
"177083","Conception Seminary College","2013","Not on tenure/no tenure system, professors","3","2","1","0","0","0","0","0","0","0","0","0","0","0","0","0","0","0","3","2","1","0","0","0","0","0","0","0","0","0","-2"
"177083","Conception Seminary College","2013","Not on tenure/no tenure system, assistant professors","1","0","1","0","0","0","0","0","0","0","0","0","0","0","0","0","0","0","1","0","1","0","0","0","0","0","0","0","0","0","-2"
"177083","Conception Seminary College","2013","Not on tenure/no tenure system, instructors","2","0","2","0","0","0","0","0","0","0","0","0","1","0","1","0","0","0","1","0","1","0","0","0","0","0","0","0","0","0","-2"
"178721","Park University","2013","Tenured total","52","29","23","0","0","0","2","0","2","1","1","0","0","0","0","0","0","0","49","28","21","0","0","0","0","0","0","0","0","0","-2"
"178721","Park University","2013","Tenured, professors","19","14","5","0","0","0","1","0","1","1","1","0","0","0","0","0","0","0","17","13","4","0","0","0","0","0","0","0","0","0","-2"
"178721","Park University","2013","Tenured, associate professors","33","15","18","0","0","0","1","0","1","0","0","0","0","0","0","0","0","0","32","15","17","0","0","0","0","0","0","0","0","0","-2"
"178721","Park University","2013","On-Tenure track total","34","19","15","0","0","0","2","1","1","0","0","0","0","0","0","0","0","0","30","17","13","1","0","1","0","0","0","1","1","0","-2"
"178721","Park University","2013","On-tenure track, associate professors","8","6","2","0","0","0","0","0","0","0","0","0","0","0","0","0","0","0","8","6","2","0","0","0","0","0","0","0","0","0","-2"
"178721","Park University","2013","On-tenure track, assistant professors","26","13","13","0","0","0","2","1","1","0","0","0","0","0","0","0","0","0","22","11","11","1","0","1","0","0","0","1","1","0","-2"
"178721","Park University","2013","Not on tenure track/No tenure system system total","47","20","27","1","0","1","0","0","0","3","1","2","3","2","1","0","0","0","37","16","21","2","1","1","0","0","0","1","0","1","-2"
"178721","Park University","2013","Not on tenure/no tenure system, professors","1","0","1","0","0","0","0","0","0","0","0","0","0","0","0","0","0","0","1","0","1","0","0","0","0","0","0","0","0","0","-2"
"178721","Park University","2013","Not on tenure/no tenure system, associate professors","2","2","0","0","0","0","0","0","0","0","0","0","0","0","0","0","0","0","2","2","0","0","0","0","0","0","0","0","0","0","-2"
"178721","Park University","2013","Not on tenure/no tenure system, assistant professors","25","9","16","0","0","0","0","0","0","1","0","1","2","1","1","0","0","0","20","7","13","2","1","1","0","0","0","0","0","0","-2"
"178721","Park University","2013","Not on tenure/no tenure system, instructors","8","3","5","0","0","0","0","0","0","1","0","1","0","0","0","0","0","0","6","3","3","0","0","0","0","0","0","1","0","1","-2"
"178721","Park University","2013","Not on tenure/no tenure system, lecturers","11","6","5","1","0","1","0","0","0","1","1","0","1","1","0","0","0","0","8","4","4","0","0","0","0","0","0","0","0","0","-2"
"181738","Union College","2013","Tenured total","20","13","7","0","0","0","1","1","0","1","0","1","1","0","1","0","0","0","17","12","5","0","0","0","0","0","0","0","0","0","-2"
"181738","Union College","2013","Tenured, professors","13","10","3","0","0","0","1","1","0","1","0","1","0","0","0","0","0","0","11","9","2","0","0","0","0","0","0","0","0","0","-2"
"181738","Union College","2013","Tenured, associate professors","7","3","4","0","0","0","0","0","0","0","0","0","1","0","1","0","0","0","6","3","3","0","0","0","0","0","0","0","0","0","-2"
"181738","Union College","2013","On-Tenure track total","36","17","19","0","0","0","1","1","0","1","0","1","0","0","0","0","0","0","33","15","18","0","0","0","0","0","0","1","1","0","-2"
"181738","Union College","2013","On-tenure track, professors","5","5","0","0","0","0","0","0","0","0","0","0","0","0","0","0","0","0","5","5","0","0","0","0","0","0","0","0","0","0","-2"
"181738","Union College","2013","On-tenure track, associate professors","16","5","11","0","0","0","1","1","0","0","0","0","0","0","0","0","0","0","14","3","11","0","0","0","0","0","0","1","1","0","-2"
"181738","Union College","2013","On-tenure track, assistant professors","13","5","8","0","0","0","0","0","0","1","0","1","0","0","0","0","0","0","12","5","7","0","0","0","0","0","0","0","0","0","-2"
"181738","Union College","2013","On-tenure track, instructors","2","2","0","0","0","0","0","0","0","0","0","0","0","0","0","0","0","0","2","2","0","0","0","0","0","0","0","0","0","0","-2"
"181738","Union College","2013","Not on tenure track/No tenure system system total","3","0","3","0","0","0","0","0","0","0","0","0","0","0","0","0","0","0","3","0","3","0","0","0","0","0","0","0","0","0","-2"
"181738","Union College","2013","Not on tenure/no tenure system, lecturers","2","0","2","0","0","0","0","0","0","0","0","0","0","0","0","0","0","0","2","0","2","0","0","0","0","0","0","0","0","0","-2"
"181738","Union College","2013","Not on tenure/no tenure system, no academic rank","1","0","1","0","0","0","0","0","0","0","0","0","0","0","0","0","0","0","1","0","1","0","0","0","0","0","0","0","0","0","-2"
"181853","York College","2013","Tenured total","10","7","3","0","0","0","0","0","0","0","0","0","1","1","0","0","0","0","9","6","3","0","0","0","0","0","0","0","0","0","-2"
"181853","York College","2013","Tenured, professors","4","4","0","0","0","0","0","0","0","0","0","0","0","0","0","0","0","0","4","4","0","0","0","0","0","0","0","0","0","0","-2"
"181853","York College","2013","Tenured, associate professors","6","3","3","0","0","0","0","0","0","0","0","0","1","1","0","0","0","0","5","2","3","0","0","0","0","0","0","0","0","0","-2"
"181853","York College","2013","On-Tenure track total","16","10","6","0","0","0","0","0","0","1","1","0","0","0","0","0","0","0","15","9","6","0","0","0","0","0","0","0","0","0","-2"
"181853","York College","2013","On-tenure track, associate professors","8","8","0","0","0","0","0","0","0","1","1","0","0","0","0","0","0","0","7","7","0","0","0","0","0","0","0","0","0","0","-2"
"181853","York College","2013","On-tenure track, assistant professors","8","2","6","0","0","0","0","0","0","0","0","0","0","0","0","0","0","0","8","2","6","0","0","0","0","0","0","0","0","0","-2"
"181853","York College","2013","Not on tenure track/No tenure system system total","3","1","2","0","0","0","0","0","0","0","0","0","0","0","0","0","0","0","3","1","2","0","0","0","0","0","0","0","0","0","-2"
"181853","York College","2013","Not on tenure/no tenure system, professors","1","1","0","0","0","0","0","0","0","0","0","0","0","0","0","0","0","0","1","1","0","0","0","0","0","0","0","0","0","0","-2"
"181853","York College","2013","Not on tenure/no tenure system, assistant professors","2","0","2","0","0","0","0","0","0","0","0","0","0","0","0","0","0","0","2","0","2","0","0","0","0","0","0","0","0","0","-2"
"182306","Great Basin College","2013","Tenured total","34","19","15","0","0","0","1","1","0","1","0","1","3","2","1","0","0","0","29","16","13","0","0","0","0","0","0","0","0","0","-2"
"182306","Great Basin College","2013","Tenured, professors","34","19","15","0","0","0","1","1","0","1","0","1","3","2","1","0","0","0","29","16","13","0","0","0","0","0","0","0","0","0","-2"
"182306","Great Basin College","2013","On-Tenure track total","14","8","6","0","0","0","3","1","2","1","1","0","0","0","0","0","0","0","10","6","4","0","0","0","0","0","0","0","0","0","-2"
"182306","Great Basin College","2013","On-tenure track, instructors","14","8","6","0","0","0","3","1","2","1","1","0","0","0","0","0","0","0","10","6","4","0","0","0","0","0","0","0","0","0","-2"
"182306","Great Basin College","2013","Not on tenure track/No tenure system system total","13","9","4","0","0","0","0","0","0","0","0","0","0","0","0","0","0","0","13","9","4","0","0","0","0","0","0","0","0","0","-2"
"182306","Great Basin College","2013","Not on tenure/no tenure system, instructors","13","9","4","0","0","0","0","0","0","0","0","0","0","0","0","0","0","0","13","9","4","0","0","0","0","0","0","0","0","0","-2"
"182564","Western Nevada College","2013","Tenured total","34","20","14","0","0","0","0","0","0","0","0","0","1","1","0","0","0","0","33","19","14","0","0","0","0","0","0","0","0","0","-2"
"182564","Western Nevada College","2013","Tenured, professors","34","20","14","0","0","0","0","0","0","0","0","0","1","1","0","0","0","0","33","19","14","0","0","0","0","0","0","0","0","0","-2"
"182564","Western Nevada College","2013","On-Tenure track total","6","5","1","0","0","0","0","0","0","0","0","0","1","1","0","0","0","0","5","4","1","0","0","0","0","0","0","0","0","0","-2"
"182564","Western Nevada College","2013","On-tenure track, instructors","6","5","1","0","0","0","0","0","0","0","0","0","1","1","0","0","0","0","5","4","1","0","0","0","0","0","0","0","0","0","-2"
"182564","Western Nevada College","2013","Not on tenure track/No tenure system system total","3","2","1","0","0","0","0","0","0","0","0","0","0","0","0","0","0","0","3","2","1","0","0","0","0","0","0","0","0","0","-2"
"182564","Western Nevada College","2013","Not on tenure/no tenure system, instructors","3","2","1","0","0","0","0","0","0","0","0","0","0","0","0","0","0","0","3","2","1","0","0","0","0","0","0","0","0","0","-2"
"183974","Centenary University","2013","Tenured total","11","6","5","0","0","0","1","0","1","0","0","0","0","0","0","0","0","0","10","6","4","0","0","0","0","0","0","0","0","0","-2"
"183974","Centenary University","2013","Tenured, professors","5","3","2","0","0","0","1","0","1","0","0","0","0","0","0","0","0","0","4","3","1","0","0","0","0","0","0","0","0","0","-2"
"183974","Centenary University","2013","Tenured, associate professors","6","3","3","0","0","0","0","0","0","0","0","0","0","0","0","0","0","0","6","3","3","0","0","0","0","0","0","0","0","0","-2"
"183974","Centenary University","2013","On-Tenure track total","11","8","3","0","0","0","1","1","0","1","1","0","0","0","0","0","0","0","9","6","3","0","0","0","0","0","0","0","0","0","-2"
"183974","Centenary University","2013","On-tenure track, assistant professors","11","8","3","0","0","0","1","1","0","1","1","0","0","0","0","0","0","0","9","6","3","0","0","0","0","0","0","0","0","0","-2"
"183974","Centenary University","2013","Not on tenure track/No tenure system system total","54","19","35","0","0","0","2","0","2","2","0","2","0","0","0","0","0","0","50","19","31","0","0","0","0","0","0","0","0","0","-2"
"183974","Centenary University","2013","Not on tenure/no tenure system, professors","2","0","2","0","0","0","0","0","0","0","0","0","0","0","0","0","0","0","2","0","2","0","0","0","0","0","0","0","0","0","-2"
"183974","Centenary University","2013","Not on tenure/no tenure system, associate professors","18","5","13","0","0","0","1","0","1","1","0","1","0","0","0","0","0","0","16","5","11","0","0","0","0","0","0","0","0","0","-2"
"183974","Centenary University","2013","Not on tenure/no tenure system, assistant professors","32","14","18","0","0","0","1","0","1","1","0","1","0","0","0","0","0","0","30","14","16","0","0","0","0","0","0","0","0","0","-2"
"183974","Centenary University","2013","Not on tenure/no tenure system, instructors","2","0","2","0","0","0","0","0","0","0","0","0","0","0","0","0","0","0","2","0","2","0","0","0","0","0","0","0","0","0","-2"
"184348","Drew University","2013","Tenured total","105","56","49","0","0","0","5","2","3","7","3","4","7","4","3","0","0","0","72","40","32","0","0","0","10","4","6","4","3","1","-2"
"184348","Drew University","2013","Tenured, professors","53","24","29","0","0","0","2","1","1","2","0","2","2","0","2","0","0","0","39","20","19","0","0","0","8","3","5","0","0","0","-2"
"184348","Drew University","2013","Tenured, associate professors","52","32","20","0","0","0","3","1","2","5","3","2","5","4","1","0","0","0","33","20","13","0","0","0","2","1","1","4","3","1","-2"
"184348","Drew University","2013","On-Tenure track total","26","9","17","0","0","0","3","0","3","2","1","1","1","1","0","0","0","0","18","5","13","0","0","0","0","0","0","2","2","0","-2"
"184348","Drew University","2013","On-tenure track, assistant professors","26","9","17","0","0","0","3","0","3","2","1","1","1","1","0","0","0","0","18","5","13","0","0","0","0","0","0","2","2","0","-2"
"184348","Drew University","2013","Not on tenure track/No tenure system system total","19","6","13","0","0","0","3","1","2","0","0","0","1","0","1","0","0","0","14","4","10","0","0","0","0","0","0","1","1","0","-2"
"184348","Drew University","2013","Not on tenure/no tenure system, professors","1","1","0","0","0","0","0","0","0","0","0","0","0","0","0","0","0","0","1","1","0","0","0","0","0","0","0","0","0","0","-2"
"184348","Drew University","2013","Not on tenure/no tenure system, associate professors","2","0","2","0","0","0","0","0","0","0","0","0","0","0","0","0","0","0","2","0","2","0","0","0","0","0","0","0","0","0","-2"
"184348","Drew University","2013","Not on tenure/no tenure system, assistant professors","13","4","9","0","0","0","3","1","2","0","0","0","1","0","1","0","0","0","8","2","6","0","0","0","0","0","0","1","1","0","-2"
"184348","Drew University","2013","Not on tenure/no tenure system, instructors","3","1","2","0","0","0","0","0","0","0","0","0","0","0","0","0","0","0","3","1","2","0","0","0","0","0","0","0","0","0","-2"
"184694","Fairleigh Dickinson University-Florham Campus","2013","Tenured total","70","44","26","0","0","0","9","6","3","2","1","1","2","1","1","0","0","0","57","36","21","0","0","0","0","0","0","0","0","0","-2"
"184694","Fairleigh Dickinson University-Florham Campus","2013","Tenured, professors","34","25","9","0","0","0","5","4","1","0","0","0","1","0","1","0","0","0","28","21","7","0","0","0","0","0","0","0","0","0","-2"
"184694","Fairleigh Dickinson University-Florham Campus","2013","Tenured, associate professors","33","16","17","0","0","0","3","1","2","2","1","1","1","1","0","0","0","0","27","13","14","0","0","0","0","0","0","0","0","0","-2"
"184694","Fairleigh Dickinson University-Florham Campus","2013","Tenured, assistant professors","3","3","0","0","0","0","1","1","0","0","0","0","0","0","0","0","0","0","2","2","0","0","0","0","0","0","0","0","0","0","-2"
"184694","Fairleigh Dickinson University-Florham Campus","2013","On-Tenure track total","44","22","22","0","0","0","5","3","2","3","3","0","1","1","0","0","0","0","35","15","20","0","0","0","0","0","0","0","0","0","-2"
"184694","Fairleigh Dickinson University-Florham Campus","2013","On-tenure track, professors","2","1","1","0","0","0","1","1","0","0","0","0","0","0","0","0","0","0","1","0","1","0","0","0","0","0","0","0","0","0","-2"
"184694","Fairleigh Dickinson University-Florham Campus","2013","On-tenure track, associate professors","12","9","3","0","0","0","1","1","0","1","1","0","0","0","0","0","0","0","10","7","3","0","0","0","0","0","0","0","0","0","-2"
"184694","Fairleigh Dickinson University-Florham Campus","2013","On-tenure track, assistant professors","30","12","18","0","0","0","3","1","2","2","2","0","1","1","0","0","0","0","24","8","16","0","0","0","0","0","0","0","0","0","-2"
"184694","Fairleigh Dickinson University-Florham Campus","2013","Not on tenure track/No tenure system system total","31","12","19","0","0","0","1","0","1","3","1","2","1","0","1","0","0","0","26","11","15","0","0","0","0","0","0","0","0","0","-2"
"184694","Fairleigh Dickinson University-Florham Campus","2013","Not on tenure/no tenure system, assistant professors","5","0","5","0","0","0","1","0","1","0","0","0","0","0","0","0","0","0","4","0","4","0","0","0","0","0","0","0","0","0","-2"
"184694","Fairleigh Dickinson University-Florham Campus","2013","Not on tenure/no tenure system, instructors","1","0","1","0","0","0","0","0","0","0","0","0","0","0","0","0","0","0","1","0","1","0","0","0","0","0","0","0","0","0","-2"
"184694","Fairleigh Dickinson University-Florham Campus","2013","Not on tenure/no tenure system, lecturers","25","12","13","0","0","0","0","0","0","3","1","2","1","0","1","0","0","0","21","11","10","0","0","0","0","0","0","0","0","0","-2"
"185828","New Jersey Institute of Technology","2013","Tenured total","237","204","33","0","0","0","62","54","8","10","7","3","5","4","1","0","0","0","158","138","20","0","0","0","0","0","0","2","1","1","-2"
"185828","New Jersey Institute of Technology","2013","Tenured, professors","139","125","14","0","0","0","38","37","1","5","4","1","1","1","0","0","0","0","95","83","12","0","0","0","0","0","0","0","0","0","-2"
"185828","New Jersey Institute of Technology","2013","Tenured, associate professors","98","79","19","0","0","0","24","17","7","5","3","2","4","3","1","0","0","0","63","55","8","0","0","0","0","0","0","2","1","1","-2"
"185828","New Jersey Institute of Technology","2013","On-Tenure track total","44","35","9","0","0","0","11","8","3","0","0","0","2","1","1","0","0","0","21","18","3","1","1","0","0","0","0","9","7","2","-2"
"185828","New Jersey Institute of Technology","2013","On-tenure track, associate professors","5","4","1","0","0","0","1","1","0","0","0","0","0","0","0","0","0","0","3","3","0","0","0","0","0","0","0","1","0","1","-2"
"185828","New Jersey Institute of Technology","2013","On-tenure track, assistant professors","39","31","8","0","0","0","10","7","3","0","0","0","2","1","1","0","0","0","18","15","3","1","1","0","0","0","0","8","7","1","-2"
"185828","New Jersey Institute of Technology","2013","Not on tenure track/No tenure system system total","126","91","35","0","0","0","15","10","5","5","4","1","4","4","0","0","0","0","97","68","29","0","0","0","0","0","0","5","5","0","-2"
"185828","New Jersey Institute of Technology","2013","Not on tenure/no tenure system, lecturers","106","73","33","0","0","0","10","7","3","4","3","1","4","4","0","0","0","0","86","57","29","0","0","0","0","0","0","2","2","0","-2"
"185828","New Jersey Institute of Technology","2013","Not on tenure/no tenure system, no academic rank","20","18","2","0","0","0","5","3","2","1","1","0","0","0","0","0","0","0","11","11","0","0","0","0","0","0","0","3","3","0","-2"
"186201","Ramapo College of New Jersey","2013","Tenured total","155","80","75","0","0","0","13","10","3","10","7","3","13","3","10","0","0","0","113","57","56","4","2","2","1","1","0","1","0","1","-2"
"186201","Ramapo College of New Jersey","2013","Tenured, professors","67","37","30","0","0","0","4","4","0","4","2","2","4","1","3","0","0","0","53","28","25","1","1","0","1","1","0","0","0","0","-2"
"186201","Ramapo College of New Jersey","2013","Tenured, associate professors","73","33","40","0","0","0","8","5","3","3","2","1","6","1","5","0","0","0","53","25","28","2","0","2","0","0","0","1","0","1","-2"
"186201","Ramapo College of New Jersey","2013","Tenured, assistant professors","14","10","4","0","0","0","1","1","0","3","3","0","3","1","2","0","0","0","6","4","2","1","1","0","0","0","0","0","0","0","-2"
"186201","Ramapo College of New Jersey","2013","Tenured, instructors","1","0","1","0","0","0","0","0","0","0","0","0","0","0","0","0","0","0","1","0","1","0","0","0","0","0","0","0","0","0","-2"
"186201","Ramapo College of New Jersey","2013","On-Tenure track total","49","23","26","0","0","0","12","5","7","3","0","3","2","0","2","0","0","0","30","18","12","0","0","0","0","0","0","2","0","2","-2"
"186201","Ramapo College of New Jersey","2013","On-tenure track, associate professors","5","2","3","0","0","0","1","0","1","1","0","1","1","0","1","0","0","0","2","2","0","0","0","0","0","0","0","0","0","0","-2"
"186201","Ramapo College of New Jersey","2013","On-tenure track, assistant professors","44","21","23","0","0","0","11","5","6","2","0","2","1","0","1","0","0","0","28","16","12","0","0","0","0","0","0","2","0","2","-2"
"186201","Ramapo College of New Jersey","2013","Not on tenure track/No tenure system system total","12","6","6","0","0","0","0","0","0","0","0","0","1","0","1","0","0","0","11","6","5","0","0","0","0","0","0","0","0","0","-2"
"186201","Ramapo College of New Jersey","2013","Not on tenure/no tenure system, assistant professors","10","6","4","0","0","0","0","0","0","0","0","0","1","0","1","0","0","0","9","6","3","0","0","0","0","0","0","0","0","0","-2"
"186201","Ramapo College of New Jersey","2013","Not on tenure/no tenure system, instructors","2","0","2","0","0","0","0","0","0","0","0","0","0","0","0","0","0","0","2","0","2","0","0","0","0","0","0","0","0","0","-2"
"186283","Rider University","2013","Tenured total","196","107","89","0","0","0","24","12","12","5","2","3","3","2","1","0","0","0","164","91","73","0","0","0","0","0","0","0","0","0","-2"
"186283","Rider University","2013","Tenured, professors","100","55","45","0","0","0","8","5","3","3","2","1","1","0","1","0","0","0","88","48","40","0","0","0","0","0","0","0","0","0","-2"
"186283","Rider University","2013","Tenured, associate professors","96","52","44","0","0","0","16","7","9","2","0","2","2","2","0","0","0","0","76","43","33","0","0","0","0","0","0","0","0","0","-2"
"186283","Rider University","2013","On-Tenure track total","51","29","22","0","0","0","1","1","0","3","0","3","1","0","1","0","0","0","43","26","17","0","0","0","0","0","0","3","2","1","-2"
"186283","Rider University","2013","On-tenure track, professors","1","1","0","0","0","0","0","0","0","0","0","0","0","0","0","0","0","0","1","1","0","0","0","0","0","0","0","0","0","0","-2"
"186283","Rider University","2013","On-tenure track, associate professors","2","2","0","0","0","0","0","0","0","0","0","0","0","0","0","0","0","0","2","2","0","0","0","0","0","0","0","0","0","0","-2"
"186283","Rider University","2013","On-tenure track, assistant professors","48","26","22","0","0","0","1","1","0","3","0","3","1","0","1","0","0","0","40","23","17","0","0","0","0","0","0","3","2","1","-2"
"186283","Rider University","2013","Not on tenure track/No tenure system system total","5","4","1","0","0","0","0","0","0","0","0","0","0","0","0","0","0","0","5","4","1","0","0","0","0","0","0","0","0","0","-2"
"186283","Rider University","2013","Not on tenure/no tenure system, professors","2","2","0","0","0","0","0","0","0","0","0","0","0","0","0","0","0","0","2","2","0","0","0","0","0","0","0","0","0","0","-2"
"186283","Rider University","2013","Not on tenure/no tenure system, assistant professors","3","2","1","0","0","0","0","0","0","0","0","0","0","0","0","0","0","0","3","2","1","0","0","0","0","0","0","0","0","0","-2"
"186371","Rutgers University-Camden","2013","Tenured total","151","102","49","0","0","0","26","24","2","3","1","2","2","1","1","0","0","0","106","68","38","0","0","0","5","3","2","9","5","4","-2"
"186371","Rutgers University-Camden","2013","Tenured, professors","90","66","24","0","0","0","13","13","0","1","0","1","1","0","1","0","0","0","69","48","21","0","0","0","3","2","1","3","3","0","-2"
"186371","Rutgers University-Camden","2013","Tenured, associate professors","61","36","25","0","0","0","13","11","2","2","1","1","1","1","0","0","0","0","37","20","17","0","0","0","2","1","1","6","2","4","-2"
"186371","Rutgers University-Camden","2013","On-Tenure track total","80","40","40","0","0","0","2","2","0","7","3","4","3","3","0","0","0","0","22","10","12","0","0","0","36","16","20","10","6","4","-2"
"186371","Rutgers University-Camden","2013","On-tenure track, associate professors","2","1","1","0","0","0","0","0","0","0","0","0","0","0","0","0","0","0","1","1","0","0","0","0","1","0","1","0","0","0","-2"
"186371","Rutgers University-Camden","2013","On-tenure track, assistant professors","78","39","39","0","0","0","2","2","0","7","3","4","3","3","0","0","0","0","21","9","12","0","0","0","35","16","19","10","6","4","-2"
"186371","Rutgers University-Camden","2013","Not on tenure track/No tenure system system total","60","22","38","0","0","0","2","1","1","1","0","1","2","1","1","0","0","0","42","14","28","2","1","1","10","4","6","1","1","0","-2"
"186371","Rutgers University-Camden","2013","Not on tenure/no tenure system, professors","13","6","7","0","0","0","0","0","0","0","0","0","0","0","0","0","0","0","12","5","7","0","0","0","0","0","0","1","1","0","-2"
"186371","Rutgers University-Camden","2013","Not on tenure/no tenure system, associate professors","8","1","7","0","0","0","0","0","0","0","0","0","1","0","1","0","0","0","7","1","6","0","0","0","0","0","0","0","0","0","-2"
"186371","Rutgers University-Camden","2013","Not on tenure/no tenure system, assistant professors","9","5","4","0","0","0","0","0","0","0","0","0","0","0","0","0","0","0","6","4","2","0","0","0","3","1","2","0","0","0","-2"
"186371","Rutgers University-Camden","2013","Not on tenure/no tenure system, instructors","27","7","20","0","0","0","2","1","1","1","0","1","1","1","0","0","0","0","16","3","13","2","1","1","5","1","4","0","0","0","-2"
"186371","Rutgers University-Camden","2013","Not on tenure/no tenure system, lecturers","3","3","0","0","0","0","0","0","0","0","0","0","0","0","0","0","0","0","1","1","0","0","0","0","2","2","0","0","0","0","-2"
"186584","Seton Hall University","2013","Tenured total","246","147","99","0","0","0","23","14","9","11","7","4","8","5","3","0","0","0","197","116","81","0","0","0","3","1","2","4","4","0","-2"
"186584","Seton Hall University","2013","Tenured, professors","116","71","45","0","0","0","9","6","3","5","4","1","5","3","2","0","0","0","95","56","39","0","0","0","0","0","0","2","2","0","-2"
"186584","Seton Hall University","2013","Tenured, associate professors","126","73","53","0","0","0","14","8","6","6","3","3","3","2","1","0","0","0","98","57","41","0","0","0","3","1","2","2","2","0","-2"
"186584","Seton Hall University","2013","Tenured, assistant professors","4","3","1","0","0","0","0","0","0","0","0","0","0","0","0","0","0","0","4","3","1","0","0","0","0","0","0","0","0","0","-2"
"186584","Seton Hall University","2013","On-Tenure track total","74","34","40","0","0","0","3","0","3","4","1","3","1","1","0","0","0","0","55","24","31","0","0","0","5","5","0","6","3","3","-2"
"186584","Seton Hall University","2013","On-tenure track, professors","1","1","0","0","0","0","0","0","0","0","0","0","0","0","0","0","0","0","1","1","0","0","0","0","0","0","0","0","0","0","-2"
"186584","Seton Hall University","2013","On-tenure track, associate professors","15","7","8","0","0","0","0","0","0","2","1","1","0","0","0","0","0","0","11","4","7","0","0","0","2","2","0","0","0","0","-2"
"186584","Seton Hall University","2013","On-tenure track, assistant professors","58","26","32","0","0","0","3","0","3","2","0","2","1","1","0","0","0","0","43","19","24","0","0","0","3","3","0","6","3","3","-2"
"186584","Seton Hall University","2013","Not on tenure track/No tenure system system total","139","54","85","1","1","0","9","2","7","7","0","7","4","1","3","0","0","0","109","47","62","0","0","0","4","1","3","5","2","3","-2"
"186584","Seton Hall University","2013","Not on tenure/no tenure system, professors","6","2","4","0","0","0","0","0","0","0","0","0","0","0","0","0","0","0","6","2","4","0","0","0","0","0","0","0","0","0","-2"
"186584","Seton Hall University","2013","Not on tenure/no tenure system, associate professors","26","11","15","0","0","0","2","1","1","1","0","1","0","0","0","0","0","0","21","8","13","0","0","0","0","0","0","2","2","0","-2"
"186584","Seton Hall University","2013","Not on tenure/no tenure system, assistant professors","42","14","28","0","0","0","3","1","2","2","0","2","1","0","1","0","0","0","32","13","19","0","0","0","3","0","3","1","0","1","-2"
"186584","Seton Hall University","2013","Not on tenure/no tenure system, instructors","25","11","14","0","0","0","2","0","2","1","0","1","1","0","1","0","0","0","19","10","9","0","0","0","1","1","0","1","0","1","-2"
"186584","Seton Hall University","2013","Not on tenure/no tenure system, lecturers","1","0","1","0","0","0","0","0","0","0","0","0","0","0","0","0","0","0","1","0","1","0","0","0","0","0","0","0","0","0","-2"
"186584","Seton Hall University","2013","Not on tenure/no tenure system, no academic rank","39","16","23","1","1","0","2","0","2","3","0","3","2","1","1","0","0","0","30","14","16","0","0","0","0","0","0","1","0","1","-2"
"188429","Adelphi University","2013","Tenured total","195","102","93","0","0","0","21","9","12","11","4","7","5","3","2","0","0","0","158","86","72","0","0","0","0","0","0","0","0","0","-2"
"188429","Adelphi University","2013","Tenured, professors","73","49","24","0","0","0","7","3","4","5","2","3","2","1","1","0","0","0","59","43","16","0","0","0","0","0","0","0","0","0","-2"
"188429","Adelphi University","2013","Tenured, associate professors","118","50","68","0","0","0","13","5","8","6","2","4","3","2","1","0","0","0","96","41","55","0","0","0","0","0","0","0","0","0","-2"
"188429","Adelphi University","2013","Tenured, assistant professors","4","3","1","0","0","0","1","1","0","0","0","0","0","0","0","0","0","0","3","2","1","0","0","0","0","0","0","0","0","0","-2"
"188429","Adelphi University","2013","On-Tenure track total","87","33","54","0","0","0","16","5","11","6","0","6","6","2","4","0","0","0","59","26","33","0","0","0","0","0","0","0","0","0","-2"
"188429","Adelphi University","2013","On-tenure track, associate professors","6","2","4","0","0","0","0","0","0","1","0","1","2","2","0","0","0","0","3","0","3","0","0","0","0","0","0","0","0","0","-2"
"188429","Adelphi University","2013","On-tenure track, assistant professors","81","31","50","0","0","0","16","5","11","5","0","5","4","0","4","0","0","0","56","26","30","0","0","0","0","0","0","0","0","0","-2"
"188429","Adelphi University","2013","Not on tenure track/No tenure system system total","33","9","24","0","0","0","0","0","0","2","1","1","1","0","1","0","0","0","30","8","22","0","0","0","0","0","0","0","0","0","-2"
"188429","Adelphi University","2013","Not on tenure/no tenure system, lecturers","4","2","2","0","0","0","0","0","0","0","0","0","0","0","0","0","0","0","4","2","2","0","0","0","0","0","0","0","0","0","-2"
"188429","Adelphi University","2013","Not on tenure/no tenure system, no academic rank","29","7","22","0","0","0","0","0","0","2","1","1","1","0","1","0","0","0","26","6","20","0","0","0","0","0","0","0","0","0","-2"
"190248","Concordia College","2013","Not on tenure track/No tenure system system total","47","15","32","0","0","0","2","1","1","1","0","1","0","0","0","0","0","0","44","14","30","0","0","0","0","0","0","0","0","0","-2"
"190248","Concordia College","2013","Not on tenure/no tenure system, professors","11","4","7","0","0","0","1","1","0","1","0","1","0","0","0","0","0","0","9","3","6","0","0","0","0","0","0","0","0","0","-2"
"190248","Concordia College","2013","Not on tenure/no tenure system, associate professors","15","7","8","0","0","0","0","0","0","0","0","0","0","0","0","0","0","0","15","7","8","0","0","0","0","0","0","0","0","0","-2"
"190248","Concordia College","2013","Not on tenure/no tenure system, assistant professors","14","2","12","0","0","0","1","0","1","0","0","0","0","0","0","0","0","0","13","2","11","0","0","0","0","0","0","0","0","0","-2"
"190248","Concordia College","2013","Not on tenure/no tenure system, instructors","7","2","5","0","0","0","0","0","0","0","0","0","0","0","0","0","0","0","7","2","5","0","0","0","0","0","0","0","0","0","-2"
"190503","Culinary Institute of America","2013","Not on tenure track/No tenure system system total","153","114","39","1","1","0","4","1","3","3","2","1","3","3","0","1","1","0","133","101","32","3","3","0","5","2","3","0","0","0","-2"
"190503","Culinary Institute of America","2013","Not on tenure/no tenure system, professors","29","22","7","0","0","0","1","0","1","0","0","0","0","0","0","0","0","0","26","21","5","1","1","0","1","0","1","0","0","0","-2"
"190503","Culinary Institute of America","2013","Not on tenure/no tenure system, associate professors","55","38","17","1","1","0","0","0","0","2","1","1","2","2","0","0","0","0","49","34","15","0","0","0","1","0","1","0","0","0","-2"
"190503","Culinary Institute of America","2013","Not on tenure/no tenure system, assistant professors","26","20","6","0","0","0","0","0","0","0","0","0","1","1","0","0","0","0","24","18","6","0","0","0","1","1","0","0","0","0","-2"
"190503","Culinary Institute of America","2013","Not on tenure/no tenure system, instructors","43","34","9","0","0","0","3","1","2","1","1","0","0","0","0","1","1","0","34","28","6","2","2","0","2","1","1","0","0","0","-2"
"190512","CUNY Bernard M Baruch College","2013","Tenured total","347","225","122","0","0","0","47","35","12","21","9","12","15","6","9","0","0","0","253","166","87","0","0","0","0","0","0","11","9","2","-2"
"190512","CUNY Bernard M Baruch College","2013","Tenured, professors","188","129","59","0","0","0","24","18","6","6","3","3","8","3","5","0","0","0","148","103","45","0","0","0","0","0","0","2","2","0","-2"
"190512","CUNY Bernard M Baruch College","2013","Tenured, associate professors","137","83","54","0","0","0","21","16","5","11","5","6","6","2","4","0","0","0","90","53","37","0","0","0","0","0","0","9","7","2","-2"
"190512","CUNY Bernard M Baruch College","2013","Tenured, assistant professors","3","2","1","0","0","0","0","0","0","0","0","0","0","0","0","0","0","0","3","2","1","0","0","0","0","0","0","0","0","0","-2"
"190512","CUNY Bernard M Baruch College","2013","Tenured, lecturers","19","11","8","0","0","0","2","1","1","4","1","3","1","1","0","0","0","0","12","8","4","0","0","0","0","0","0","0","0","0","-2"
"190512","CUNY Bernard M Baruch College","2013","On-Tenure track total","135","70","65","0","0","0","17","8","9","4","2","2","6","2","4","0","0","0","72","37","35","0","0","0","0","0","0","36","21","15","-2"
"190512","CUNY Bernard M Baruch College","2013","On-tenure track, professors","1","1","0","0","0","0","0","0","0","0","0","0","0","0","0","0","0","0","1","1","0","0","0","0","0","0","0","0","0","0","-2"
"190512","CUNY Bernard M Baruch College","2013","On-tenure track, associate professors","3","3","0","0","0","0","0","0","0","0","0","0","0","0","0","0","0","0","1","1","0","0","0","0","0","0","0","2","2","0","-2"
"190512","CUNY Bernard M Baruch College","2013","On-tenure track, assistant professors","109","55","54","0","0","0","13","6","7","3","2","1","3","2","1","0","0","0","56","26","30","0","0","0","0","0","0","34","19","15","-2"
"190512","CUNY Bernard M Baruch College","2013","On-tenure track, lecturers","22","11","11","0","0","0","4","2","2","1","0","1","3","0","3","0","0","0","14","9","5","0","0","0","0","0","0","0","0","0","-2"
"190512","CUNY Bernard M Baruch College","2013","Not on tenure track/No tenure system system total","34","19","15","0","0","0","2","1","1","4","1","3","0","0","0","0","0","0","24","14","10","0","0","0","0","0","0","4","3","1","-2"
"190512","CUNY Bernard M Baruch College","2013","Not on tenure/no tenure system, professors","14","9","5","0","0","0","1","0","1","2","0","2","0","0","0","0","0","0","11","9","2","0","0","0","0","0","0","0","0","0","-2"
"190512","CUNY Bernard M Baruch College","2013","Not on tenure/no tenure system, associate professors","2","0","2","0","0","0","0","0","0","1","0","1","0","0","0","0","0","0","1","0","1","0","0","0","0","0","0","0","0","0","-2"
"190512","CUNY Bernard M Baruch College","2013","Not on tenure/no tenure system, assistant professors","6","4","2","0","0","0","1","1","0","0","0","0","0","0","0","0","0","0","3","2","1","0","0","0","0","0","0","2","1","1","-2"
"190512","CUNY Bernard M Baruch College","2013","Not on tenure/no tenure system, instructors","4","2","2","0","0","0","0","0","0","0","0","0","0","0","0","0","0","0","3","1","2","0","0","0","0","0","0","1","1","0","-2"
"190512","CUNY Bernard M Baruch College","2013","Not on tenure/no tenure system, lecturers","8","4","4","0","0","0","0","0","0","1","1","0","0","0","0","0","0","0","6","2","4","0","0","0","0","0","0","1","1","0","-2"
"190549","CUNY Brooklyn College","2013","Tenured total","361","218","143","1","0","1","30","21","9","22","15","7","22","10","12","0","0","0","278","165","113","1","1","0","0","0","0","7","6","1","-2"
"190549","CUNY Brooklyn College","2013","Tenured, professors","200","130","70","1","0","1","11","10","1","11","6","5","11","6","5","0","0","0","165","107","58","0","0","0","0","0","0","1","1","0","-2"
"190549","CUNY Brooklyn College","2013","Tenured, associate professors","122","66","56","0","0","0","14","9","5","5","5","0","7","2","5","0","0","0","90","45","45","1","1","0","0","0","0","5","4","1","-2"
"190549","CUNY Brooklyn College","2013","Tenured, assistant professors","26","11","15","0","0","0","5","2","3","3","1","2","2","0","2","0","0","0","15","7","8","0","0","0","0","0","0","1","1","0","-2"
"190549","CUNY Brooklyn College","2013","Tenured, lecturers","13","11","2","0","0","0","0","0","0","3","3","0","2","2","0","0","0","0","8","6","2","0","0","0","0","0","0","0","0","0","-2"
"190549","CUNY Brooklyn College","2013","On-Tenure track total","148","66","82","0","0","0","20","6","14","13","8","5","6","3","3","1","1","0","95","43","52","0","0","0","0","0","0","13","5","8","-2"
"190549","CUNY Brooklyn College","2013","On-tenure track, associate professors","11","8","3","0","0","0","1","0","1","2","1","1","0","0","0","0","0","0","8","7","1","0","0","0","0","0","0","0","0","0","-2"
"190549","CUNY Brooklyn College","2013","On-tenure track, assistant professors","114","48","66","0","0","0","18","6","12","11","7","4","6","3","3","1","1","0","65","26","39","0","0","0","0","0","0","13","5","8","-2"
"190549","CUNY Brooklyn College","2013","On-tenure track, lecturers","23","10","13","0","0","0","1","0","1","0","0","0","0","0","0","0","0","0","22","10","12","0","0","0","0","0","0","0","0","0","-2"
"190549","CUNY Brooklyn College","2013","Not on tenure track/No tenure system system total","38","19","19","0","0","0","2","1","1","2","1","1","4","2","2","0","0","0","30","15","15","0","0","0","0","0","0","0","0","0","-2"
"190549","CUNY Brooklyn College","2013","Not on tenure/no tenure system, professors","6","3","3","0","0","0","0","0","0","0","0","0","0","0","0","0","0","0","6","3","3","0","0","0","0","0","0","0","0","0","-2"
"190549","CUNY Brooklyn College","2013","Not on tenure/no tenure system, associate professors","1","1","0","0","0","0","0","0","0","0","0","0","0","0","0","0","0","0","1","1","0","0","0","0","0","0","0","0","0","0","-2"
"190549","CUNY Brooklyn College","2013","Not on tenure/no tenure system, assistant professors","14","8","6","0","0","0","1","0","1","1","1","0","2","1","1","0","0","0","10","6","4","0","0","0","0","0","0","0","0","0","-2"
"190549","CUNY Brooklyn College","2013","Not on tenure/no tenure system, instructors","12","2","10","0","0","0","0","0","0","1","0","1","1","0","1","0","0","0","10","2","8","0","0","0","0","0","0","0","0","0","-2"
"190549","CUNY Brooklyn College","2013","Not on tenure/no tenure system, lecturers","5","5","0","0","0","0","1","1","0","0","0","0","1","1","0","0","0","0","3","3","0","0","0","0","0","0","0","0","0","0","-2"
"190646","CUNY Medgar Evers College","2013","Tenured total","102","61","41","0","0","0","13","8","5","64","38","26","3","2","1","0","0","0","22","13","9","0","0","0","0","0","0","0","0","0","-2"
"190646","CUNY Medgar Evers College","2013","Tenured, professors","50","33","17","0","0","0","11","8","3","26","17","9","1","1","0","0","0","0","12","7","5","0","0","0","0","0","0","0","0","0","-2"
"190646","CUNY Medgar Evers College","2013","Tenured, associate professors","20","8","12","0","0","0","2","0","2","11","4","7","2","1","1","0","0","0","5","3","2","0","0","0","0","0","0","0","0","0","-2"
"190646","CUNY Medgar Evers College","2013","Tenured, assistant professors","11","5","6","0","0","0","0","0","0","6","2","4","0","0","0","0","0","0","5","3","2","0","0","0","0","0","0","0","0","0","-2"
"190646","CUNY Medgar Evers College","2013","Tenured, lecturers","21","15","6","0","0","0","0","0","0","21","15","6","0","0","0","0","0","0","0","0","0","0","0","0","0","0","0","0","0","0","-2"
"190646","CUNY Medgar Evers College","2013","On-Tenure track total","54","25","29","1","0","1","4","1","3","33","15","18","4","2","2","0","0","0","8","7","1","0","0","0","0","0","0","4","0","4","-2"
"190646","CUNY Medgar Evers College","2013","On-tenure track, associate professors","6","4","2","0","0","0","1","0","1","3","3","0","1","0","1","0","0","0","1","1","0","0","0","0","0","0","0","0","0","0","-2"
"190646","CUNY Medgar Evers College","2013","On-tenure track, assistant professors","37","15","22","1","0","1","1","1","0","24","7","17","2","2","0","0","0","0","6","5","1","0","0","0","0","0","0","3","0","3","-2"
"190646","CUNY Medgar Evers College","2013","On-tenure track, lecturers","11","6","5","0","0","0","2","0","2","6","5","1","1","0","1","0","0","0","1","1","0","0","0","0","0","0","0","1","0","1","-2"
"190646","CUNY Medgar Evers College","2013","Not on tenure track/No tenure system system total","22","12","10","0","0","0","2","1","1","12","8","4","2","0","2","0","0","0","6","3","3","0","0","0","0","0","0","0","0","0","-2"
"190646","CUNY Medgar Evers College","2013","Not on tenure/no tenure system, professors","4","2","2","0","0","0","0","0","0","2","1","1","0","0","0","0","0","0","2","1","1","0","0","0","0","0","0","0","0","0","-2"
"190646","CUNY Medgar Evers College","2013","Not on tenure/no tenure system, associate professors","2","0","2","0","0","0","0","0","0","0","0","0","1","0","1","0","0","0","1","0","1","0","0","0","0","0","0","0","0","0","-2"
"190646","CUNY Medgar Evers College","2013","Not on tenure/no tenure system, assistant professors","14","8","6","0","0","0","2","1","1","9","6","3","1","0","1","0","0","0","2","1","1","0","0","0","0","0","0","0","0","0","-2"
"190646","CUNY Medgar Evers College","2013","Not on tenure/no tenure system, instructors","2","2","0","0","0","0","0","0","0","1","1","0","0","0","0","0","0","0","1","1","0","0","0","0","0","0","0","0","0","0","-2"
"191126","Fashion Institute of Technology","2013","Tenured total","209","100","109","0","0","0","5","4","1","7","3","4","7","3","4","0","0","0","86","37","49","0","0","0","104","53","51","0","0","0","-2"
"191126","Fashion Institute of Technology","2013","Tenured, professors","46","21","25","0","0","0","1","1","0","1","0","1","0","0","0","0","0","0","20","8","12","0","0","0","24","12","12","0","0","0","-2"
"191126","Fashion Institute of Technology","2013","Tenured, associate professors","63","32","31","0","0","0","4","3","1","1","1","0","3","1","2","0","0","0","28","13","15","0","0","0","27","14","13","0","0","0","-2"
"191126","Fashion Institute of Technology","2013","Tenured, assistant professors","99","46","53","0","0","0","0","0","0","5","2","3","4","2","2","0","0","0","37","15","22","0","0","0","53","27","26","0","0","0","-2"
"191126","Fashion Institute of Technology","2013","Tenured, instructors","1","1","0","0","0","0","0","0","0","0","0","0","0","0","0","0","0","0","1","1","0","0","0","0","0","0","0","0","0","0","-2"
"191126","Fashion Institute of Technology","2013","On-Tenure track total","25","10","15","0","0","0","3","1","2","1","0","1","0","0","0","0","0","0","14","6","8","0","0","0","7","3","4","0","0","0","-2"
"191126","Fashion Institute of Technology","2013","On-tenure track, associate professors","5","1","4","0","0","0","1","1","0","0","0","0","0","0","0","0","0","0","3","0","3","0","0","0","1","0","1","0","0","0","-2"
"191126","Fashion Institute of Technology","2013","On-tenure track, assistant professors","16","8","8","0","0","0","2","0","2","0","0","0","0","0","0","0","0","0","9","5","4","0","0","0","5","3","2","0","0","0","-2"
"191126","Fashion Institute of Technology","2013","On-tenure track, instructors","4","1","3","0","0","0","0","0","0","1","0","1","0","0","0","0","0","0","2","1","1","0","0","0","1","0","1","0","0","0","-2"
"191126","Fashion Institute of Technology","2013","Not on tenure track/No tenure system system total","6","2","4","0","0","0","0","0","0","0","0","0","0","0","0","0","0","0","4","2","2","0","0","0","2","0","2","0","0","0","-2"
"191126","Fashion Institute of Technology","2013","Not on tenure/no tenure system, assistant professors","1","0","1","0","0","0","0","0","0","0","0","0","0","0","0","0","0","0","1","0","1","0","0","0","0","0","0","0","0","0","-2"
"191126","Fashion Institute of Technology","2013","Not on tenure/no tenure system, instructors","5","2","3","0","0","0","0","0","0","0","0","0","0","0","0","0","0","0","3","2","1","0","0","0","2","0","2","0","0","0","-2"
"191241","Fordham University","2013","Tenured total","444","284","160","0","0","0","39","24","15","14","11","3","21","15","6","0","0","0","362","232","130","0","0","0","1","0","1","7","2","5","-2"
"191241","Fordham University","2013","Tenured, professors","220","150","70","0","0","0","16","13","3","5","4","1","9","5","4","0","0","0","190","128","62","0","0","0","0","0","0","0","0","0","-2"
"191241","Fordham University","2013","Tenured, associate professors","200","115","85","0","0","0","20","9","11","8","6","2","12","10","2","0","0","0","152","88","64","0","0","0","1","0","1","7","2","5","-2"
"191241","Fordham University","2013","Tenured, assistant professors","24","19","5","0","0","0","3","2","1","1","1","0","0","0","0","0","0","0","20","16","4","0","0","0","0","0","0","0","0","0","-2"
"191241","Fordham University","2013","On-Tenure track total","149","70","79","0","0","0","23","10","13","8","4","4","7","3","4","0","0","0","85","42","43","0","0","0","1","0","1","25","11","14","-2"
"191241","Fordham University","2013","On-tenure track, associate professors","20","14","6","0","0","0","5","4","1","2","2","0","2","1","1","0","0","0","11","7","4","0","0","0","0","0","0","0","0","0","-2"
"191241","Fordham University","2013","On-tenure track, assistant professors","129","56","73","0","0","0","18","6","12","6","2","4","5","2","3","0","0","0","74","35","39","0","0","0","1","0","1","25","11","14","-2"
"191931","Iona College","2013","Tenured total","115","77","38","0","0","0","8","5","3","4","1","3","2","0","2","0","0","0","99","70","29","0","0","0","0","0","0","2","1","1","-2"
"191931","Iona College","2013","Tenured, professors","48","35","13","0","0","0","1","1","0","2","0","2","0","0","0","0","0","0","45","34","11","0","0","0","0","0","0","0","0","0","-2"
"191931","Iona College","2013","Tenured, associate professors","62","38","24","0","0","0","6","3","3","2","1","1","2","0","2","0","0","0","50","33","17","0","0","0","0","0","0","2","1","1","-2"
"191931","Iona College","2013","Tenured, assistant professors","5","4","1","0","0","0","1","1","0","0","0","0","0","0","0","0","0","0","4","3","1","0","0","0","0","0","0","0","0","0","-2"
"191931","Iona College","2013","On-Tenure track total","38","15","23","0","0","0","6","2","4","4","1","3","0","0","0","0","0","0","27","11","16","0","0","0","0","0","0","1","1","0","-2"
"191931","Iona College","2013","On-tenure track, associate professors","3","1","2","0","0","0","2","0","2","1","1","0","0","0","0","0","0","0","0","0","0","0","0","0","0","0","0","0","0","0","-2"
"191931","Iona College","2013","On-tenure track, assistant professors","35","14","21","0","0","0","4","2","2","3","0","3","0","0","0","0","0","0","27","11","16","0","0","0","0","0","0","1","1","0","-2"
"191931","Iona College","2013","Not on tenure track/No tenure system system total","26","14","12","0","0","0","3","1","2","1","0","1","0","0","0","0","0","0","22","13","9","0","0","0","0","0","0","0","0","0","-2"
"191931","Iona College","2013","Not on tenure/no tenure system, assistant professors","11","5","6","0","0","0","3","1","2","0","0","0","0","0","0","0","0","0","8","4","4","0","0","0","0","0","0","0","0","0","-2"
"191931","Iona College","2013","Not on tenure/no tenure system, instructors","4","2","2","0","0","0","0","0","0","0","0","0","0","0","0","0","0","0","4","2","2","0","0","0","0","0","0","0","0","0","-2"
"191931","Iona College","2013","Not on tenure/no tenure system, lecturers","11","7","4","0","0","0","0","0","0","1","0","1","0","0","0","0","0","0","10","7","3","0","0","0","0","0","0","0","0","0","-2"
"192703","Manhattan College","2013","Tenured total","129","81","48","0","0","0","7","4","3","1","1","0","6","3","3","0","0","0","114","73","41","0","0","0","1","0","1","0","0","0","-2"
"192703","Manhattan College","2013","Tenured, professors","58","39","19","0","0","0","2","1","1","0","0","0","1","1","0","0","0","0","55","37","18","0","0","0","0","0","0","0","0","0","-2"
"192703","Manhattan College","2013","Tenured, associate professors","57","35","22","0","0","0","4","3","1","1","1","0","4","2","2","0","0","0","47","29","18","0","0","0","1","0","1","0","0","0","-2"
"192703","Manhattan College","2013","Tenured, assistant professors","14","7","7","0","0","0","1","0","1","0","0","0","1","0","1","0","0","0","12","7","5","0","0","0","0","0","0","0","0","0","-2"
"192703","Manhattan College","2013","On-Tenure track total","64","30","34","0","0","0","6","3","3","3","2","1","1","1","0","0","0","0","37","14","23","0","0","0","10","6","4","7","4","3","-2"
"192703","Manhattan College","2013","On-tenure track, professors","1","1","0","0","0","0","0","0","0","0","0","0","0","0","0","0","0","0","1","1","0","0","0","0","0","0","0","0","0","0","-2"
"192703","Manhattan College","2013","On-tenure track, associate professors","2","1","1","0","0","0","0","0","0","0","0","0","0","0","0","0","0","0","2","1","1","0","0","0","0","0","0","0","0","0","-2"
"192703","Manhattan College","2013","On-tenure track, assistant professors","61","28","33","0","0","0","6","3","3","3","2","1","1","1","0","0","0","0","34","12","22","0","0","0","10","6","4","7","4","3","-2"
"192703","Manhattan College","2013","Not on tenure track/No tenure system system total","25","13","12","0","0","0","1","1","0","0","0","0","0","0","0","0","0","0","23","12","11","0","0","0","0","0","0","1","0","1","-2"
"192703","Manhattan College","2013","Not on tenure/no tenure system, professors","1","1","0","0","0","0","0","0","0","0","0","0","0","0","0","0","0","0","1","1","0","0","0","0","0","0","0","0","0","0","-2"
"192703","Manhattan College","2013","Not on tenure/no tenure system, assistant professors","18","10","8","0","0","0","1","1","0","0","0","0","0","0","0","0","0","0","16","9","7","0","0","0","0","0","0","1","0","1","-2"
"192703","Manhattan College","2013","Not on tenure/no tenure system, instructors","5","1","4","0","0","0","0","0","0","0","0","0","0","0","0","0","0","0","5","1","4","0","0","0","0","0","0","0","0","0","-2"
"192703","Manhattan College","2013","Not on tenure/no tenure system, lecturers","1","1","0","0","0","0","0","0","0","0","0","0","0","0","0","0","0","0","1","1","0","0","0","0","0","0","0","0","0","0","-2"
"192864","Marymount Manhattan College","2013","Tenured total","53","25","28","0","0","0","4","2","2","0","0","0","1","1","0","0","0","0","47","22","25","0","0","0","1","0","1","0","0","0","-2"
"192864","Marymount Manhattan College","2013","Tenured, professors","19","10","9","0","0","0","1","0","1","0","0","0","0","0","0","0","0","0","18","10","8","0","0","0","0","0","0","0","0","0","-2"
"192864","Marymount Manhattan College","2013","Tenured, associate professors","34","15","19","0","0","0","3","2","1","0","0","0","1","1","0","0","0","0","29","12","17","0","0","0","1","0","1","0","0","0","-2"
"192864","Marymount Manhattan College","2013","On-Tenure track total","30","9","21","0","0","0","2","1","1","1","1","0","1","0","1","0","0","0","8","3","5","0","0","0","18","4","14","0","0","0","-2"
"192864","Marymount Manhattan College","2013","On-tenure track, associate professors","2","0","2","0","0","0","0","0","0","0","0","0","0","0","0","0","0","0","2","0","2","0","0","0","0","0","0","0","0","0","-2"
"192864","Marymount Manhattan College","2013","On-tenure track, assistant professors","27","9","18","0","0","0","2","1","1","1","1","0","1","0","1","0","0","0","6","3","3","0","0","0","17","4","13","0","0","0","-2"
"192864","Marymount Manhattan College","2013","On-tenure track, instructors","1","0","1","0","0","0","0","0","0","0","0","0","0","0","0","0","0","0","0","0","0","0","0","0","1","0","1","0","0","0","-2"
"192864","Marymount Manhattan College","2013","Not on tenure track/No tenure system system total","6","3","3","0","0","0","1","1","0","0","0","0","0","0","0","0","0","0","3","2","1","0","0","0","2","0","2","0","0","0","-2"
"192864","Marymount Manhattan College","2013","Not on tenure/no tenure system, assistant professors","5","3","2","0","0","0","1","1","0","0","0","0","0","0","0","0","0","0","2","2","0","0","0","0","2","0","2","0","0","0","-2"
"192864","Marymount Manhattan College","2013","Not on tenure/no tenure system, instructors","1","0","1","0","0","0","0","0","0","0","0","0","0","0","0","0","0","0","1","0","1","0","0","0","0","0","0","0","0","0","-2"
"193292","Molloy College","2013","Tenured total","124","31","93","0","0","0","4","2","2","10","1","9","7","3","4","0","0","0","102","25","77","1","0","1","0","0","0","0","0","0","-2"
"193292","Molloy College","2013","Tenured, professors","49","14","35","0","0","0","0","0","0","2","0","2","3","1","2","0","0","0","44","13","31","0","0","0","0","0","0","0","0","0","-2"
"193292","Molloy College","2013","Tenured, associate professors","41","11","30","0","0","0","3","1","2","4","0","4","1","0","1","0","0","0","32","10","22","1","0","1","0","0","0","0","0","0","-2"
"193292","Molloy College","2013","Tenured, assistant professors","34","6","28","0","0","0","1","1","0","4","1","3","3","2","1","0","0","0","26","2","24","0","0","0","0","0","0","0","0","0","-2"
"193292","Molloy College","2013","On-Tenure track total","59","16","43","0","0","0","4","0","4","3","1","2","4","2","2","0","0","0","47","12","35","1","1","0","0","0","0","0","0","0","-2"
"193292","Molloy College","2013","On-tenure track, professors","2","1","1","0","0","0","0","0","0","0","0","0","0","0","0","0","0","0","2","1","1","0","0","0","0","0","0","0","0","0","-2"
"193292","Molloy College","2013","On-tenure track, associate professors","12","3","9","0","0","0","0","0","0","1","0","1","1","0","1","0","0","0","10","3","7","0","0","0","0","0","0","0","0","0","-2"
"193292","Molloy College","2013","On-tenure track, assistant professors","34","7","27","0","0","0","4","0","4","2","1","1","3","2","1","0","0","0","24","3","21","1","1","0","0","0","0","0","0","0","-2"
"193292","Molloy College","2013","On-tenure track, instructors","11","5","6","0","0","0","0","0","0","0","0","0","0","0","0","0","0","0","11","5","6","0","0","0","0","0","0","0","0","0","-2"
"193292","Molloy College","2013","Not on tenure track/No tenure system system total","1","1","0","0","0","0","0","0","0","0","0","0","0","0","0","0","0","0","0","0","0","0","0","0","0","0","0","1","1","0","-2"
"193292","Molloy College","2013","Not on tenure/no tenure system, no academic rank","1","1","0","0","0","0","0","0","0","0","0","0","0","0","0","0","0","0","0","0","0","0","0","0","0","0","0","1","1","0","-2"
"193353","Mount Saint Mary College","2013","Tenured total","53","22","31","0","0","0","2","0","2","1","0","1","0","0","0","0","0","0","49","21","28","0","0","0","0","0","0","1","1","0","-2"
"193353","Mount Saint Mary College","2013","Tenured, professors","27","13","14","0","0","0","1","0","1","0","0","0","0","0","0","0","0","0","26","13","13","0","0","0","0","0","0","0","0","0","-2"
"193353","Mount Saint Mary College","2013","Tenured, associate professors","26","9","17","0","0","0","1","0","1","1","0","1","0","0","0","0","0","0","23","8","15","0","0","0","0","0","0","1","1","0","-2"
"193353","Mount Saint Mary College","2013","On-Tenure track total","33","12","21","0","0","0","0","0","0","1","0","1","1","1","0","0","0","0","27","9","18","0","0","0","1","1","0","3","1","2","-2"
"193353","Mount Saint Mary College","2013","On-tenure track, associate professors","1","0","1","0","0","0","0","0","0","0","0","0","0","0","0","0","0","0","1","0","1","0","0","0","0","0","0","0","0","0","-2"
"193353","Mount Saint Mary College","2013","On-tenure track, assistant professors","27","12","15","0","0","0","0","0","0","1","0","1","1","1","0","0","0","0","21","9","12","0","0","0","1","1","0","3","1","2","-2"
"193353","Mount Saint Mary College","2013","On-tenure track, instructors","5","0","5","0","0","0","0","0","0","0","0","0","0","0","0","0","0","0","5","0","5","0","0","0","0","0","0","0","0","0","-2"
"194091","New York Institute of Technology","2013","Tenured total","162","112","50","1","1","0","25","16","9","4","3","1","2","2","0","0","0","0","130","90","40","0","0","0","0","0","0","0","0","0","-2"
"194091","New York Institute of Technology","2013","Tenured, professors","68","58","10","1","1","0","9","8","1","4","3","1","1","1","0","0","0","0","53","45","8","0","0","0","0","0","0","0","0","0","-2"
"194091","New York Institute of Technology","2013","Tenured, associate professors","84","50","34","0","0","0","15","8","7","0","0","0","0","0","0","0","0","0","69","42","27","0","0","0","0","0","0","0","0","0","-2"
"194091","New York Institute of Technology","2013","Tenured, assistant professors","10","4","6","0","0","0","1","0","1","0","0","0","1","1","0","0","0","0","8","3","5","0","0","0","0","0","0","0","0","0","-2"
"194091","New York Institute of Technology","2013","On-Tenure track total","59","24","35","0","0","0","16","7","9","1","0","1","1","1","0","1","1","0","40","15","25","0","0","0","0","0","0","0","0","0","-2"
"194091","New York Institute of Technology","2013","On-tenure track, associate professors","5","2","3","0","0","0","1","0","1","0","0","0","0","0","0","0","0","0","4","2","2","0","0","0","0","0","0","0","0","0","-2"
"194091","New York Institute of Technology","2013","On-tenure track, assistant professors","52","22","30","0","0","0","15","7","8","1","0","1","1","1","0","1","1","0","34","13","21","0","0","0","0","0","0","0","0","0","-2"
"194091","New York Institute of Technology","2013","On-tenure track, instructors","2","0","2","0","0","0","0","0","0","0","0","0","0","0","0","0","0","0","2","0","2","0","0","0","0","0","0","0","0","0","-2"
"194091","New York Institute of Technology","2013","Not on tenure track/No tenure system system total","66","42","24","1","1","0","14","9","5","2","0","2","2","1","1","0","0","0","47","31","16","0","0","0","0","0","0","0","0","0","-2"
"194091","New York Institute of Technology","2013","Not on tenure/no tenure system, professors","6","6","0","0","0","0","1","1","0","0","0","0","0","0","0","0","0","0","5","5","0","0","0","0","0","0","0","0","0","0","-2"
"194091","New York Institute of Technology","2013","Not on tenure/no tenure system, associate professors","12","10","2","0","0","0","1","1","0","0","0","0","0","0","0","0","0","0","11","9","2","0","0","0","0","0","0","0","0","0","-2"
"194091","New York Institute of Technology","2013","Not on tenure/no tenure system, assistant professors","40","23","17","1","1","0","8","5","3","2","0","2","2","1","1","0","0","0","27","16","11","0","0","0","0","0","0","0","0","0","-2"
"194091","New York Institute of Technology","2013","Not on tenure/no tenure system, instructors","8","3","5","0","0","0","4","2","2","0","0","0","0","0","0","0","0","0","4","1","3","0","0","0","0","0","0","0","0","0","-2"
"195243","St. Thomas Aquinas College","2013","Tenured total","32","18","14","0","0","0","1","0","1","1","1","0","2","2","0","0","0","0","28","15","13","0","0","0","0","0","0","0","0","0","-2"
"195243","St. Thomas Aquinas College","2013","Tenured, professors","22","11","11","0","0","0","1","0","1","0","0","0","1","1","0","0","0","0","20","10","10","0","0","0","0","0","0","0","0","0","-2"
"195243","St. Thomas Aquinas College","2013","Tenured, associate professors","9","6","3","0","0","0","0","0","0","0","0","0","1","1","0","0","0","0","8","5","3","0","0","0","0","0","0","0","0","0","-2"
"195243","St. Thomas Aquinas College","2013","Tenured, assistant professors","1","1","0","0","0","0","0","0","0","1","1","0","0","0","0","0","0","0","0","0","0","0","0","0","0","0","0","0","0","0","-2"
"195243","St. Thomas Aquinas College","2013","On-Tenure track total","16","7","9","0","0","0","0","0","0","0","0","0","0","0","0","0","0","0","16","7","9","0","0","0","0","0","0","0","0","0","-2"
"195243","St. Thomas Aquinas College","2013","On-tenure track, associate professors","1","1","0","0","0","0","0","0","0","0","0","0","0","0","0","0","0","0","1","1","0","0","0","0","0","0","0","0","0","0","-2"
"195243","St. Thomas Aquinas College","2013","On-tenure track, assistant professors","15","6","9","0","0","0","0","0","0","0","0","0","0","0","0","0","0","0","15","6","9","0","0","0","0","0","0","0","0","0","-2"
"195243","St. Thomas Aquinas College","2013","Not on tenure track/No tenure system system total","5","1","4","0","0","0","0","0","0","0","0","0","0","0","0","0","0","0","5","1","4","0","0","0","0","0","0","0","0","0","-2"
"195243","St. Thomas Aquinas College","2013","Not on tenure/no tenure system, assistant professors","2","1","1","0","0","0","0","0","0","0","0","0","0","0","0","0","0","0","2","1","1","0","0","0","0","0","0","0","0","0","-2"
"195243","St. Thomas Aquinas College","2013","Not on tenure/no tenure system, instructors","3","0","3","0","0","0","0","0","0","0","0","0","0","0","0","0","0","0","3","0","3","0","0","0","0","0","0","0","0","0","-2"
"196024","SUNY College of Technology at Delhi","2013","Tenured total","63","41","22","0","0","0","1","0","1","2","0","2","1","1","0","0","0","0","59","40","19","0","0","0","0","0","0","0","0","0","-2"
"196024","SUNY College of Technology at Delhi","2013","Tenured, professors","28","19","9","0","0","0","0","0","0","0","0","0","0","0","0","0","0","0","28","19","9","0","0","0","0","0","0","0","0","0","-2"
"196024","SUNY College of Technology at Delhi","2013","Tenured, associate professors","15","9","6","0","0","0","0","0","0","0","0","0","1","1","0","0","0","0","14","8","6","0","0","0","0","0","0","0","0","0","-2"
"196024","SUNY College of Technology at Delhi","2013","Tenured, assistant professors","15","9","6","0","0","0","1","0","1","2","0","2","0","0","0","0","0","0","12","9","3","0","0","0","0","0","0","0","0","0","-2"
"196024","SUNY College of Technology at Delhi","2013","Tenured, instructors","5","4","1","0","0","0","0","0","0","0","0","0","0","0","0","0","0","0","5","4","1","0","0","0","0","0","0","0","0","0","-2"
"196024","SUNY College of Technology at Delhi","2013","On-Tenure track total","68","33","35","0","0","0","4","3","1","3","1","2","1","1","0","0","0","0","60","28","32","0","0","0","0","0","0","0","0","0","-2"
"196024","SUNY College of Technology at Delhi","2013","On-tenure track, associate professors","8","4","4","0","0","0","0","0","0","1","1","0","0","0","0","0","0","0","7","3","4","0","0","0","0","0","0","0","0","0","-2"
"196024","SUNY College of Technology at Delhi","2013","On-tenure track, assistant professors","40","18","22","0","0","0","3","2","1","2","0","2","0","0","0","0","0","0","35","16","19","0","0","0","0","0","0","0","0","0","-2"
"196024","SUNY College of Technology at Delhi","2013","On-tenure track, instructors","20","11","9","0","0","0","1","1","0","0","0","0","1","1","0","0","0","0","18","9","9","0","0","0","0","0","0","0","0","0","-2"
"196024","SUNY College of Technology at Delhi","2013","Not on tenure track/No tenure system system total","5","2","3","0","0","0","0","0","0","0","0","0","0","0","0","0","0","0","5","2","3","0","0","0","0","0","0","0","0","0","-2"
"196024","SUNY College of Technology at Delhi","2013","Not on tenure/no tenure system, instructors","5","2","3","0","0","0","0","0","0","0","0","0","0","0","0","0","0","0","5","2","3","0","0","0","0","0","0","0","0","0","-2"
"196042","Farmingdale State College","2013","Tenured total","100","57","43","0","0","0","5","4","1","2","1","1","5","3","2","0","0","0","88","49","39","0","0","0","0","0","0","0","0","0","-2"
"196042","Farmingdale State College","2013","Tenured, professors","58","35","23","0","0","0","5","4","1","1","1","0","2","1","1","0","0","0","50","29","21","0","0","0","0","0","0","0","0","0","-2"
"196042","Farmingdale State College","2013","Tenured, associate professors","28","13","15","0","0","0","0","0","0","0","0","0","1","0","1","0","0","0","27","13","14","0","0","0","0","0","0","0","0","0","-2"
"196042","Farmingdale State College","2013","Tenured, assistant professors","14","9","5","0","0","0","0","0","0","1","0","1","2","2","0","0","0","0","11","7","4","0","0","0","0","0","0","0","0","0","-2"
"196042","Farmingdale State College","2013","On-Tenure track total","67","31","36","0","0","0","13","9","4","6","2","4","3","2","1","0","0","0","43","16","27","0","0","0","0","0","0","2","2","0","-2"
"196042","Farmingdale State College","2013","On-tenure track, professors","3","2","1","0","0","0","1","0","1","0","0","0","0","0","0","0","0","0","2","2","0","0","0","0","0","0","0","0","0","0","-2"
"196042","Farmingdale State College","2013","On-tenure track, associate professors","14","8","6","0","0","0","3","3","0","2","2","0","0","0","0","0","0","0","8","2","6","0","0","0","0","0","0","1","1","0","-2"
"196042","Farmingdale State College","2013","On-tenure track, assistant professors","50","21","29","0","0","0","9","6","3","4","0","4","3","2","1","0","0","0","33","12","21","0","0","0","0","0","0","1","1","0","-2"
"196042","Farmingdale State College","2013","Not on tenure track/No tenure system system total","36","18","18","0","0","0","2","2","0","3","2","1","0","0","0","0","0","0","31","14","17","0","0","0","0","0","0","0","0","0","-2"
"196042","Farmingdale State College","2013","Not on tenure/no tenure system, professors","1","1","0","0","0","0","1","1","0","0","0","0","0","0","0","0","0","0","0","0","0","0","0","0","0","0","0","0","0","0","-2"
"196042","Farmingdale State College","2013","Not on tenure/no tenure system, associate professors","3","1","2","0","0","0","0","0","0","0","0","0","0","0","0","0","0","0","3","1","2","0","0","0","0","0","0","0","0","0","-2"
"196042","Farmingdale State College","2013","Not on tenure/no tenure system, assistant professors","25","12","13","0","0","0","0","0","0","1","1","0","0","0","0","0","0","0","24","11","13","0","0","0","0","0","0","0","0","0","-2"
"196042","Farmingdale State College","2013","Not on tenure/no tenure system, lecturers","7","4","3","0","0","0","1","1","0","2","1","1","0","0","0","0","0","0","4","2","2","0","0","0","0","0","0","0","0","0","-2"
"196176","State University of New York at New Paltz","2013","Tenured total","172","93","79","0","0","0","16","10","6","7","7","0","7","4","3","0","0","0","142","72","70","0","0","0","0","0","0","0","0","0","-2"
"196176","State University of New York at New Paltz","2013","Tenured, professors","52","30","22","0","0","0","7","5","2","2","2","0","1","1","0","0","0","0","42","22","20","0","0","0","0","0","0","0","0","0","-2"
"196176","State University of New York at New Paltz","2013","Tenured, associate professors","108","58","50","0","0","0","9","5","4","4","4","0","6","3","3","0","0","0","89","46","43","0","0","0","0","0","0","0","0","0","-2"
"196176","State University of New York at New Paltz","2013","Tenured, assistant professors","9","5","4","0","0","0","0","0","0","1","1","0","0","0","0","0","0","0","8","4","4","0","0","0","0","0","0","0","0","0","-2"
"196176","State University of New York at New Paltz","2013","Tenured, instructors","3","0","3","0","0","0","0","0","0","0","0","0","0","0","0","0","0","0","3","0","3","0","0","0","0","0","0","0","0","0","-2"
"196176","State University of New York at New Paltz","2013","On-Tenure track total","107","48","59","0","0","0","7","6","1","5","4","1","6","2","4","0","0","0","78","30","48","1","0","1","0","0","0","10","6","4","-2"
"196176","State University of New York at New Paltz","2013","On-tenure track, associate professors","22","14","8","0","0","0","3","3","0","1","1","0","0","0","0","0","0","0","18","10","8","0","0","0","0","0","0","0","0","0","-2"
"196176","State University of New York at New Paltz","2013","On-tenure track, assistant professors","82","34","48","0","0","0","4","3","1","4","3","1","5","2","3","0","0","0","58","20","38","1","0","1","0","0","0","10","6","4","-2"
"196176","State University of New York at New Paltz","2013","On-tenure track, instructors","3","0","3","0","0","0","0","0","0","0","0","0","1","0","1","0","0","0","2","0","2","0","0","0","0","0","0","0","0","0","-2"
"196176","State University of New York at New Paltz","2013","Not on tenure track/No tenure system system total","68","32","36","0","0","0","3","2","1","0","0","0","4","1","3","0","0","0","56","27","29","0","0","0","0","0","0","5","2","3","-2"
"196176","State University of New York at New Paltz","2013","Not on tenure/no tenure system, assistant professors","6","2","4","0","0","0","1","0","1","0","0","0","1","0","1","0","0","0","4","2","2","0","0","0","0","0","0","0","0","0","-2"
"196176","State University of New York at New Paltz","2013","Not on tenure/no tenure system, lecturers","62","30","32","0","0","0","2","2","0","0","0","0","3","1","2","0","0","0","52","25","27","0","0","0","0","0","0","5","2","3","-2"
"197230","Wells College","2013","Tenured total","27","12","15","1","1","0","0","0","0","1","1","0","1","0","1","2","1","1","22","9","13","0","0","0","0","0","0","0","0","0","-2"
"197230","Wells College","2013","Tenured, professors","15","9","6","1","1","0","0","0","0","1","1","0","1","0","1","1","1","0","11","6","5","0","0","0","0","0","0","0","0","0","-2"
"197230","Wells College","2013","Tenured, associate professors","12","3","9","0","0","0","0","0","0","0","0","0","0","0","0","1","0","1","11","3","8","0","0","0","0","0","0","0","0","0","-2"
"197230","Wells College","2013","On-Tenure track total","7","2","5","0","0","0","0","0","0","0","0","0","1","1","0","1","1","0","5","0","5","0","0","0","0","0","0","0","0","0","-2"
"197230","Wells College","2013","On-tenure track, assistant professors","7","2","5","0","0","0","0","0","0","0","0","0","1","1","0","1","1","0","5","0","5","0","0","0","0","0","0","0","0","0","-2"
"197230","Wells College","2013","Not on tenure track/No tenure system system total","4","2","2","0","0","0","0","0","0","0","0","0","1","0","1","0","0","0","2","1","1","0","0","0","0","0","0","1","1","0","-2"
"197230","Wells College","2013","Not on tenure/no tenure system, assistant professors","1","1","0","0","0","0","0","0","0","0","0","0","0","0","0","0","0","0","1","1","0","0","0","0","0","0","0","0","0","0","-2"
"197230","Wells College","2013","Not on tenure/no tenure system, instructors","2","0","2","0","0","0","0","0","0","0","0","0","1","0","1","0","0","0","1","0","1","0","0","0","0","0","0","0","0","0","-2"
"197230","Wells College","2013","Not on tenure/no tenure system, lecturers","1","1","0","0","0","0","0","0","0","0","0","0","0","0","0","0","0","0","0","0","0","0","0","0","0","0","0","1","1","0","-2"
"199607","Salem College","2013","Tenured total","20","6","14","0","0","0","1","1","0","0","0","0","0","0","0","0","0","0","19","5","14","0","0","0","0","0","0","0","0","0","-2"
"199607","Salem College","2013","Tenured, professors","3","1","2","0","0","0","0","0","0","0","0","0","0","0","0","0","0","0","3","1","2","0","0","0","0","0","0","0","0","0","-2"
"199607","Salem College","2013","Tenured, associate professors","16","4","12","0","0","0","1","1","0","0","0","0","0","0","0","0","0","0","15","3","12","0","0","0","0","0","0","0","0","0","-2"
"199607","Salem College","2013","Tenured, assistant professors","1","1","0","0","0","0","0","0","0","0","0","0","0","0","0","0","0","0","1","1","0","0","0","0","0","0","0","0","0","0","-2"
"199607","Salem College","2013","On-Tenure track total","16","3","13","0","0","0","0","0","0","4","0","4","1","0","1","0","0","0","9","3","6","2","0","2","0","0","0","0","0","0","-2"
"199607","Salem College","2013","On-tenure track, associate professors","1","0","1","0","0","0","0","0","0","0","0","0","0","0","0","0","0","0","1","0","1","0","0","0","0","0","0","0","0","0","-2"
"199607","Salem College","2013","On-tenure track, assistant professors","15","3","12","0","0","0","0","0","0","4","0","4","1","0","1","0","0","0","8","3","5","2","0","2","0","0","0","0","0","0","-2"
"199607","Salem College","2013","Not on tenure track/No tenure system system total","24","8","16","0","0","0","1","0","1","2","0","2","0","0","0","0","0","0","21","8","13","0","0","0","0","0","0","0","0","0","-2"
"199607","Salem College","2013","Not on tenure/no tenure system, associate professors","3","1","2","0","0","0","0","0","0","0","0","0","0","0","0","0","0","0","3","1","2","0","0","0","0","0","0","0","0","0","-2"
"199607","Salem College","2013","Not on tenure/no tenure system, assistant professors","17","6","11","0","0","0","1","0","1","1","0","1","0","0","0","0","0","0","15","6","9","0","0","0","0","0","0","0","0","0","-2"
"199607","Salem College","2013","Not on tenure/no tenure system, instructors","3","0","3","0","0","0","0","0","0","1","0","1","0","0","0","0","0","0","2","0","2","0","0","0","0","0","0","0","0","0","-2"
"199607","Salem College","2013","Not on tenure/no tenure system, no academic rank","1","1","0","0","0","0","0","0","0","0","0","0","0","0","0","0","0","0","1","1","0","0","0","0","0","0","0","0","0","0","-2"
"205027","Pontifical College Josephinum","2013","Not on tenure track/No tenure system system total","22","18","4","0","0","0","0","0","0","1","1","0","1","1","0","0","0","0","20","16","4","0","0","0","0","0","0","0","0","0","-2"
"205027","Pontifical College Josephinum","2013","Not on tenure/no tenure system, professors","6","5","1","0","0","0","0","0","0","0","0","0","0","0","0","0","0","0","6","5","1","0","0","0","0","0","0","0","0","0","-2"
"205027","Pontifical College Josephinum","2013","Not on tenure/no tenure system, associate professors","7","7","0","0","0","0","0","0","0","0","0","0","1","1","0","0","0","0","6","6","0","0","0","0","0","0","0","0","0","0","-2"
"205027","Pontifical College Josephinum","2013","Not on tenure/no tenure system, assistant professors","8","6","2","0","0","0","0","0","0","1","1","0","0","0","0","0","0","0","7","5","2","0","0","0","0","0","0","0","0","0","-2"
"205027","Pontifical College Josephinum","2013","Not on tenure/no tenure system, instructors","1","0","1","0","0","0","0","0","0","0","0","0","0","0","0","0","0","0","1","0","1","0","0","0","0","0","0","0","0","0","-2"
"206862","Southern Nazarene University","2013","Not on tenure track/No tenure system system total","77","37","40","2","1","1","2","1","1","0","0","0","0","0","0","0","0","0","73","35","38","0","0","0","0","0","0","0","0","0","-2"
"206862","Southern Nazarene University","2013","Not on tenure/no tenure system, professors","40","24","16","1","1","0","1","1","0","0","0","0","0","0","0","0","0","0","38","22","16","0","0","0","0","0","0","0","0","0","-2"
"206862","Southern Nazarene University","2013","Not on tenure/no tenure system, associate professors","16","6","10","1","0","1","1","0","1","0","0","0","0","0","0","0","0","0","14","6","8","0","0","0","0","0","0","0","0","0","-2"
"206862","Southern Nazarene University","2013","Not on tenure/no tenure system, assistant professors","17","6","11","0","0","0","0","0","0","0","0","0","0","0","0","0","0","0","17","6","11","0","0","0","0","0","0","0","0","0","-2"
"206862","Southern Nazarene University","2013","Not on tenure/no tenure system, instructors","1","1","0","0","0","0","0","0","0","0","0","0","0","0","0","0","0","0","1","1","0","0","0","0","0","0","0","0","0","0","-2"
"206862","Southern Nazarene University","2013","Not on tenure/no tenure system, no academic rank","3","0","3","0","0","0","0","0","0","0","0","0","0","0","0","0","0","0","3","0","3","0","0","0","0","0","0","0","0","0","-2"
"207157","Randall University","2013","Not on tenure track/No tenure system system total","22","12","10","3","2","1","0","0","0","0","0","0","1","1","0","0","0","0","8","5","3","1","1","0","9","3","6","0","0","0","-2"
"207157","Randall University","2013","Not on tenure/no tenure system, no academic rank","22","12","10","3","2","1","0","0","0","0","0","0","1","1","0","0","0","0","8","5","3","1","1","0","9","3","6","0","0","0","-2"
"207397","Oklahoma State University-Oklahoma City","2013","Tenured total","44","18","26","1","0","1","0","0","0","1","0","1","1","1","0","0","0","0","41","17","24","0","0","0","0","0","0","0","0","0","-2"
"207397","Oklahoma State University-Oklahoma City","2013","Tenured, professors","8","4","4","0","0","0","0","0","0","0","0","0","1","1","0","0","0","0","7","3","4","0","0","0","0","0","0","0","0","0","-2"
"207397","Oklahoma State University-Oklahoma City","2013","Tenured, associate professors","34","12","22","1","0","1","0","0","0","1","0","1","0","0","0","0","0","0","32","12","20","0","0","0","0","0","0","0","0","0","-2"
"207397","Oklahoma State University-Oklahoma City","2013","Tenured, assistant professors","2","2","0","0","0","0","0","0","0","0","0","0","0","0","0","0","0","0","2","2","0","0","0","0","0","0","0","0","0","0","-2"
"207397","Oklahoma State University-Oklahoma City","2013","On-Tenure track total","43","16","27","1","0","1","1","0","1","2","2","0","2","1","1","0","0","0","36","12","24","0","0","0","0","0","0","1","1","0","-2"
"207397","Oklahoma State University-Oklahoma City","2013","On-tenure track, assistant professors","21","9","12","1","0","1","0","0","0","1","1","0","2","1","1","0","0","0","16","6","10","0","0","0","0","0","0","1","1","0","-2"
"207397","Oklahoma State University-Oklahoma City","2013","On-tenure track, instructors","22","7","15","0","0","0","1","0","1","1","1","0","0","0","0","0","0","0","20","6","14","0","0","0","0","0","0","0","0","0","-2"
"209065","Linfield University-McMinnville Campus","2013","Tenured total","81","45","36","0","0","0","2","1","1","1","1","0","2","1","1","0","0","0","74","41","33","0","0","0","2","1","1","0","0","0","-2"
"209065","Linfield University-McMinnville Campus","2013","Tenured, professors","43","26","17","0","0","0","1","1","0","1","1","0","0","0","0","0","0","0","40","24","16","0","0","0","1","0","1","0","0","0","-2"
"209065","Linfield University-McMinnville Campus","2013","Tenured, associate professors","35","17","18","0","0","0","1","0","1","0","0","0","2","1","1","0","0","0","31","15","16","0","0","0","1","1","0","0","0","0","-2"
"209065","Linfield University-McMinnville Campus","2013","Tenured, assistant professors","3","2","1","0","0","0","0","0","0","0","0","0","0","0","0","0","0","0","3","2","1","0","0","0","0","0","0","0","0","0","-2"
"209065","Linfield University-McMinnville Campus","2013","On-Tenure track total","25","11","14","0","0","0","2","2","0","1","0","1","0","0","0","0","0","0","15","6","9","0","0","0","7","3","4","0","0","0","-2"
"209065","Linfield University-McMinnville Campus","2013","On-tenure track, professors","1","0","1","0","0","0","0","0","0","0","0","0","0","0","0","0","0","0","1","0","1","0","0","0","0","0","0","0","0","0","-2"
"209065","Linfield University-McMinnville Campus","2013","On-tenure track, associate professors","6","3","3","0","0","0","0","0","0","0","0","0","0","0","0","0","0","0","3","1","2","0","0","0","3","2","1","0","0","0","-2"
"209065","Linfield University-McMinnville Campus","2013","On-tenure track, assistant professors","18","8","10","0","0","0","2","2","0","1","0","1","0","0","0","0","0","0","11","5","6","0","0","0","4","1","3","0","0","0","-2"
"209065","Linfield University-McMinnville Campus","2013","Not on tenure track/No tenure system system total","14","6","8","1","0","1","0","0","0","0","0","0","0","0","0","0","0","0","8","4","4","0","0","0","5","2","3","0","0","0","-2"
"209065","Linfield University-McMinnville Campus","2013","Not on tenure/no tenure system, assistant professors","2","2","0","0","0","0","0","0","0","0","0","0","0","0","0","0","0","0","2","2","0","0","0","0","0","0","0","0","0","0","-2"
"209065","Linfield University-McMinnville Campus","2013","Not on tenure/no tenure system, instructors","12","4","8","1","0","1","0","0","0","0","0","0","0","0","0","0","0","0","6","2","4","0","0","0","5","2","3","0","0","0","-2"
"209287","Multnomah University","2013","Tenured total","4","4","0","0","0","0","0","0","0","0","0","0","0","0","0","0","0","0","4","4","0","0","0","0","0","0","0","0","0","0","-2"
"209287","Multnomah University","2013","Tenured, professors","4","4","0","0","0","0","0","0","0","0","0","0","0","0","0","0","0","0","4","4","0","0","0","0","0","0","0","0","0","0","-2"
"209287","Multnomah University","2013","Not on tenure track/No tenure system system total","24","16","8","0","0","0","2","1","1","0","0","0","0","0","0","0","0","0","21","14","7","1","1","0","0","0","0","0","0","0","-2"
"209287","Multnomah University","2013","Not on tenure/no tenure system, professors","4","4","0","0","0","0","0","0","0","0","0","0","0","0","0","0","0","0","4","4","0","0","0","0","0","0","0","0","0","0","-2"
"209287","Multnomah University","2013","Not on tenure/no tenure system, associate professors","5","2","3","0","0","0","2","1","1","0","0","0","0","0","0","0","0","0","3","1","2","0","0","0","0","0","0","0","0","0","-2"
"209287","Multnomah University","2013","Not on tenure/no tenure system, assistant professors","15","10","5","0","0","0","0","0","0","0","0","0","0","0","0","0","0","0","14","9","5","1","1","0","0","0","0","0","0","0","-2"
"209490","Oregon Health & Science University","2013","Tenured total","89","55","34","0","0","0","7","4","3","0","0","0","1","1","0","0","0","0","80","50","30","1","0","1","0","0","0","0","0","0","-2"
"209490","Oregon Health & Science University","2013","Tenured, professors","68","46","22","0","0","0","4","2","2","0","0","0","1","1","0","0","0","0","62","43","19","1","0","1","0","0","0","0","0","0","-2"
"209490","Oregon Health & Science University","2013","Tenured, associate professors","21","9","12","0","0","0","3","2","1","0","0","0","0","0","0","0","0","0","18","7","11","0","0","0","0","0","0","0","0","0","-2"
"209490","Oregon Health & Science University","2013","On-Tenure track total","42","26","16","0","0","0","6","5","1","1","1","0","0","0","0","0","0","0","31","19","12","0","0","0","3","1","2","1","0","1","-2"
"209490","Oregon Health & Science University","2013","On-tenure track, professors","6","5","1","0","0","0","1","1","0","0","0","0","0","0","0","0","0","0","5","4","1","0","0","0","0","0","0","0","0","0","-2"
"209490","Oregon Health & Science University","2013","On-tenure track, associate professors","13","9","4","0","0","0","2","2","0","0","0","0","0","0","0","0","0","0","9","6","3","0","0","0","2","1","1","0","0","0","-2"
"209490","Oregon Health & Science University","2013","On-tenure track, assistant professors","22","12","10","0","0","0","3","2","1","1","1","0","0","0","0","0","0","0","17","9","8","0","0","0","0","0","0","1","0","1","-2"
"209490","Oregon Health & Science University","2013","On-tenure track, instructors","1","0","1","0","0","0","0","0","0","0","0","0","0","0","0","0","0","0","0","0","0","0","0","0","1","0","1","0","0","0","-2"
"209490","Oregon Health & Science University","2013","Not on tenure track/No tenure system system total","1030","487","543","1","0","1","108","63","45","14","8","6","27","15","12","4","1","3","768","345","423","2","1","1","90","45","45","16","9","7","-2"
"209490","Oregon Health & Science University","2013","Not on tenure/no tenure system, professors","99","68","31","0","0","0","9","8","1","0","0","0","1","1","0","0","0","0","87","58","29","0","0","0","2","1","1","0","0","0","-2"
"209490","Oregon Health & Science University","2013","Not on tenure/no tenure system, associate professors","199","106","93","0","0","0","17","7","10","1","1","0","11","7","4","0","0","0","158","85","73","0","0","0","11","6","5","1","0","1","-2"
"209490","Oregon Health & Science University","2013","Not on tenure/no tenure system, assistant professors","450","223","227","1","0","1","61","37","24","9","5","4","9","6","3","1","0","1","316","145","171","1","1","0","44","23","21","8","6","2","-2"
"209490","Oregon Health & Science University","2013","Not on tenure/no tenure system, instructors","278","89","189","0","0","0","21","11","10","4","2","2","6","1","5","3","1","2","204","56","148","1","0","1","33","15","18","6","3","3","-2"
"209490","Oregon Health & Science University","2013","Not on tenure/no tenure system, lecturers","3","1","2","0","0","0","0","0","0","0","0","0","0","0","0","0","0","0","3","1","2","0","0","0","0","0","0","0","0","0","-2"
"209490","Oregon Health & Science University","2013","Not on tenure/no tenure system, no academic rank","1","0","1","0","0","0","0","0","0","0","0","0","0","0","0","0","0","0","0","0","0","0","0","0","0","0","0","1","0","1","-2"
"209612","Pacific University","2013","Tenured total","119","65","54","0","0","0","8","3","5","1","0","1","3","1","2","0","0","0","107","61","46","0","0","0","0","0","0","0","0","0","-2"
"209612","Pacific University","2013","Tenured, professors","69","41","28","0","0","0","1","0","1","1","0","1","1","0","1","0","0","0","66","41","25","0","0","0","0","0","0","0","0","0","-2"
"209612","Pacific University","2013","Tenured, associate professors","49","24","25","0","0","0","6","3","3","0","0","0","2","1","1","0","0","0","41","20","21","0","0","0","0","0","0","0","0","0","-2"
"209612","Pacific University","2013","Tenured, assistant professors","1","0","1","0","0","0","1","0","1","0","0","0","0","0","0","0","0","0","0","0","0","0","0","0","0","0","0","0","0","0","-2"
"209612","Pacific University","2013","On-Tenure track total","69","34","35","0","0","0","5","2","3","0","0","0","3","2","1","0","0","0","57","27","30","3","2","1","0","0","0","1","1","0","-2"
"209612","Pacific University","2013","On-tenure track, professors","1","1","0","0","0","0","0","0","0","0","0","0","0","0","0","0","0","0","1","1","0","0","0","0","0","0","0","0","0","0","-2"
"209612","Pacific University","2013","On-tenure track, associate professors","16","9","7","0","0","0","2","1","1","0","0","0","1","1","0","0","0","0","12","6","6","1","1","0","0","0","0","0","0","0","-2"
"209612","Pacific University","2013","On-tenure track, assistant professors","52","24","28","0","0","0","3","1","2","0","0","0","2","1","1","0","0","0","44","20","24","2","1","1","0","0","0","1","1","0","-2"
"209612","Pacific University","2013","Not on tenure track/No tenure system system total","79","35","44","0","0","0","10","4","6","2","1","1","6","3","3","0","0","0","58","26","32","3","1","2","0","0","0","0","0","0","-2"
"209612","Pacific University","2013","Not on tenure/no tenure system, professors","1","1","0","0","0","0","0","0","0","0","0","0","0","0","0","0","0","0","1","1","0","0","0","0","0","0","0","0","0","0","-2"
"209612","Pacific University","2013","Not on tenure/no tenure system, associate professors","11","4","7","0","0","0","2","0","2","0","0","0","0","0","0","0","0","0","9","4","5","0","0","0","0","0","0","0","0","0","-2"
"209612","Pacific University","2013","Not on tenure/no tenure system, assistant professors","54","24","30","0","0","0","8","4","4","2","1","1","3","1","2","0","0","0","38","17","21","3","1","2","0","0","0","0","0","0","-2"
"209612","Pacific University","2013","Not on tenure/no tenure system, instructors","13","6","7","0","0","0","0","0","0","0","0","0","3","2","1","0","0","0","10","4","6","0","0","0","0","0","0","0","0","0","-2"
"209807","Portland State University","2013","Tenured total","367","239","128","9","4","5","28","20","8","6","5","1","12","8","4","0","0","0","266","172","94","5","3","2","31","19","12","10","8","2","-2"
"209807","Portland State University","2013","Tenured, professors","210","151","59","5","3","2","19","13","6","3","3","0","2","1","1","0","0","0","156","112","44","0","0","0","20","15","5","5","4","1","-2"
"209807","Portland State University","2013","Tenured, associate professors","156","87","69","4","1","3","9","7","2","3","2","1","10","7","3","0","0","0","109","59","50","5","3","2","11","4","7","5","4","1","-2"
"209807","Portland State University","2013","Tenured, assistant professors","1","1","0","0","0","0","0","0","0","0","0","0","0","0","0","0","0","0","1","1","0","0","0","0","0","0","0","0","0","0","-2"
"209807","Portland State University","2013","On-Tenure track total","168","83","85","0","0","0","10","6","4","3","1","2","10","3","7","0","0","0","97","46","51","2","1","1","26","17","9","20","9","11","-2"
"209807","Portland State University","2013","On-tenure track, professors","2","0","2","0","0","0","1","0","1","0","0","0","0","0","0","0","0","0","1","0","1","0","0","0","0","0","0","0","0","0","-2"
"209807","Portland State University","2013","On-tenure track, associate professors","15","11","4","0","0","0","2","2","0","1","0","1","0","0","0","0","0","0","11","8","3","0","0","0","1","1","0","0","0","0","-2"
"209807","Portland State University","2013","On-tenure track, assistant professors","151","72","79","0","0","0","7","4","3","2","1","1","10","3","7","0","0","0","85","38","47","2","1","1","25","16","9","20","9","11","-2"
"209807","Portland State University","2013","Not on tenure track/No tenure system system total","202","72","130","1","0","1","5","1","4","5","1","4","7","3","4","0","0","0","157","54","103","3","0","3","15","8","7","9","5","4","-2"
"209807","Portland State University","2013","Not on tenure/no tenure system, professors","2","2","0","0","0","0","1","1","0","0","0","0","0","0","0","0","0","0","1","1","0","0","0","0","0","0","0","0","0","0","-2"
"209807","Portland State University","2013","Not on tenure/no tenure system, associate professors","7","4","3","0","0","0","0","0","0","1","1","0","0","0","0","0","0","0","5","3","2","0","0","0","1","0","1","0","0","0","-2"
"209807","Portland State University","2013","Not on tenure/no tenure system, assistant professors","45","15","30","0","0","0","1","0","1","1","0","1","3","1","2","0","0","0","32","9","23","1","0","1","4","3","1","3","2","1","-2"
"209807","Portland State University","2013","Not on tenure/no tenure system, instructors","145","49","96","1","0","1","3","0","3","3","0","3","4","2","2","0","0","0","118","41","77","2","0","2","10","5","5","4","1","3","-2"
"209807","Portland State University","2013","Not on tenure/no tenure system, no academic rank","3","2","1","0","0","0","0","0","0","0","0","0","0","0","0","0","0","0","1","0","1","0","0","0","0","0","0","2","2","0","-2"
"210429","Western Oregon University","2013","Tenured total","122","65","57","0","0","0","3","1","2","4","2","2","4","2","2","0","0","0","107","57","50","0","0","0","2","2","0","2","1","1","-2"
"210429","Western Oregon University","2013","Tenured, professors","77","45","32","0","0","0","3","1","2","1","1","0","4","2","2","0","0","0","67","39","28","0","0","0","2","2","0","0","0","0","-2"
"210429","Western Oregon University","2013","Tenured, associate professors","45","20","25","0","0","0","0","0","0","3","1","2","0","0","0","0","0","0","40","18","22","0","0","0","0","0","0","2","1","1","-2"
"210429","Western Oregon University","2013","On-Tenure track total","35","12","23","0","0","0","1","0","1","1","0","1","2","1","1","0","0","0","27","10","17","0","0","0","1","0","1","3","1","2","-2"
"210429","Western Oregon University","2013","On-tenure track, associate professors","1","0","1","0","0","0","0","0","0","0","0","0","0","0","0","0","0","0","1","0","1","0","0","0","0","0","0","0","0","0","-2"
"210429","Western Oregon University","2013","On-tenure track, assistant professors","34","12","22","0","0","0","1","0","1","1","0","1","2","1","1","0","0","0","26","10","16","0","0","0","1","0","1","3","1","2","-2"
"210429","Western Oregon University","2013","Not on tenure track/No tenure system system total","64","29","35","0","0","0","2","1","1","0","0","0","5","2","3","0","0","0","54","25","29","0","0","0","3","1","2","0","0","0","-2"
"210429","Western Oregon University","2013","Not on tenure/no tenure system, associate professors","1","1","0","0","0","0","0","0","0","0","0","0","0","0","0","0","0","0","0","0","0","0","0","0","1","1","0","0","0","0","-2"
"210429","Western Oregon University","2013","Not on tenure/no tenure system, assistant professors","19","5","14","0","0","0","1","0","1","0","0","0","1","1","0","0","0","0","16","4","12","0","0","0","1","0","1","0","0","0","-2"
"210429","Western Oregon University","2013","Not on tenure/no tenure system, instructors","39","21","18","0","0","0","1","1","0","0","0","0","4","1","3","0","0","0","33","19","14","0","0","0","1","0","1","0","0","0","-2"
"210429","Western Oregon University","2013","Not on tenure/no tenure system, lecturers","4","1","3","0","0","0","0","0","0","0","0","0","0","0","0","0","0","0","4","1","3","0","0","0","0","0","0","0","0","0","-2"
"210429","Western Oregon University","2013","Not on tenure/no tenure system, no academic rank","1","1","0","0","0","0","0","0","0","0","0","0","0","0","0","0","0","0","1","1","0","0","0","0","0","0","0","0","0","0","-2"
"210571","Albright College","2013","Tenured total","66","40","26","1","1","0","2","1","1","3","0","3","3","2","1","0","0","0","55","34","21","0","0","0","2","2","0","0","0","0","-2"
"210571","Albright College","2013","Tenured, professors","26","17","9","1","1","0","1","1","0","0","0","0","2","2","0","0","0","0","20","11","9","0","0","0","2","2","0","0","0","0","-2"
"210571","Albright College","2013","Tenured, associate professors","40","23","17","0","0","0","1","0","1","3","0","3","1","0","1","0","0","0","35","23","12","0","0","0","0","0","0","0","0","0","-2"
"210571","Albright College","2013","On-Tenure track total","20","13","7","0","0","0","1","1","0","2","1","1","0","0","0","0","0","0","17","11","6","0","0","0","0","0","0","0","0","0","-2"
"210571","Albright College","2013","On-tenure track, assistant professors","20","13","7","0","0","0","1","1","0","2","1","1","0","0","0","0","0","0","17","11","6","0","0","0","0","0","0","0","0","0","-2"
"210571","Albright College","2013","Not on tenure track/No tenure system system total","33","7","26","0","0","0","0","0","0","0","0","0","2","0","2","0","0","0","28","7","21","0","0","0","3","0","3","0","0","0","-2"
"210571","Albright College","2013","Not on tenure/no tenure system, associate professors","2","2","0","0","0","0","0","0","0","0","0","0","0","0","0","0","0","0","2","2","0","0","0","0","0","0","0","0","0","0","-2"
"210571","Albright College","2013","Not on tenure/no tenure system, assistant professors","11","1","10","0","0","0","0","0","0","0","0","0","0","0","0","0","0","0","11","1","10","0","0","0","0","0","0","0","0","0","-2"
"210571","Albright College","2013","Not on tenure/no tenure system, instructors","20","4","16","0","0","0","0","0","0","0","0","0","2","0","2","0","0","0","15","4","11","0","0","0","3","0","3","0","0","0","-2"
"212133","Eastern University","2013","Tenured total","65","38","27","0","0","0","3","1","2","9","4","5","4","2","2","0","0","0","49","31","18","0","0","0","0","0","0","0","0","0","-2"
"212133","Eastern University","2013","Tenured, professors","33","19","14","0","0","0","1","0","1","3","1","2","1","0","1","0","0","0","28","18","10","0","0","0","0","0","0","0","0","0","-2"
"212133","Eastern University","2013","Tenured, associate professors","32","19","13","0","0","0","2","1","1","6","3","3","3","2","1","0","0","0","21","13","8","0","0","0","0","0","0","0","0","0","-2"
"212133","Eastern University","2013","On-Tenure track total","30","17","13","0","0","0","3","3","0","3","2","1","0","0","0","0","0","0","23","12","11","0","0","0","1","0","1","0","0","0","-2"
"212133","Eastern University","2013","On-tenure track, professors","2","1","1","0","0","0","1","1","0","0","0","0","0","0","0","0","0","0","1","0","1","0","0","0","0","0","0","0","0","0","-2"
"212133","Eastern University","2013","On-tenure track, associate professors","14","10","4","0","0","0","1","1","0","3","2","1","0","0","0","0","0","0","10","7","3","0","0","0","0","0","0","0","0","0","-2"
"212133","Eastern University","2013","On-tenure track, assistant professors","14","6","8","0","0","0","1","1","0","0","0","0","0","0","0","0","0","0","12","5","7","0","0","0","1","0","1","0","0","0","-2"
"212133","Eastern University","2013","Not on tenure track/No tenure system system total","52","22","30","0","0","0","0","0","0","7","0","7","3","1","2","0","0","0","41","21","20","1","0","1","0","0","0","0","0","0","-2"
"212133","Eastern University","2013","Not on tenure/no tenure system, assistant professors","6","3","3","0","0","0","0","0","0","0","0","0","0","0","0","0","0","0","6","3","3","0","0","0","0","0","0","0","0","0","-2"
"212133","Eastern University","2013","Not on tenure/no tenure system, lecturers","36","13","23","0","0","0","0","0","0","6","0","6","2","0","2","0","0","0","27","13","14","1","0","1","0","0","0","0","0","0","-2"
"212133","Eastern University","2013","Not on tenure/no tenure system, no academic rank","10","6","4","0","0","0","0","0","0","1","0","1","1","1","0","0","0","0","8","5","3","0","0","0","0","0","0","0","0","0","-2"
"213367","La Salle University","2013","Tenured total","137","76","61","0","0","0","8","4","4","2","1","1","4","3","1","0","0","0","122","67","55","1","1","0","0","0","0","0","0","0","-2"
"213367","La Salle University","2013","Tenured, professors","44","31","13","0","0","0","1","1","0","1","1","0","1","1","0","0","0","0","40","27","13","1","1","0","0","0","0","0","0","0","-2"
"213367","La Salle University","2013","Tenured, associate professors","80","38","42","0","0","0","7","3","4","1","0","1","3","2","1","0","0","0","69","33","36","0","0","0","0","0","0","0","0","0","-2"
"213367","La Salle University","2013","Tenured, assistant professors","13","7","6","0","0","0","0","0","0","0","0","0","0","0","0","0","0","0","13","7","6","0","0","0","0","0","0","0","0","0","-2"
"213367","La Salle University","2013","On-Tenure track total","51","18","33","1","0","1","1","0","1","3","0","3","2","0","2","0","0","0","41","15","26","0","0","0","0","0","0","3","3","0","-2"
"213367","La Salle University","2013","On-tenure track, associate professors","3","0","3","0","0","0","0","0","0","0","0","0","0","0","0","0","0","0","3","0","3","0","0","0","0","0","0","0","0","0","-2"
"213367","La Salle University","2013","On-tenure track, assistant professors","48","18","30","1","0","1","1","0","1","3","0","3","2","0","2","0","0","0","38","15","23","0","0","0","0","0","0","3","3","0","-2"
"213367","La Salle University","2013","Not on tenure track/No tenure system system total","46","12","34","0","0","0","0","0","0","2","0","2","0","0","0","0","0","0","43","11","32","1","1","0","0","0","0","0","0","0","-2"
"213367","La Salle University","2013","Not on tenure/no tenure system, professors","1","1","0","0","0","0","0","0","0","0","0","0","0","0","0","0","0","0","1","1","0","0","0","0","0","0","0","0","0","0","-2"
"213367","La Salle University","2013","Not on tenure/no tenure system, associate professors","1","1","0","0","0","0","0","0","0","0","0","0","0","0","0","0","0","0","1","1","0","0","0","0","0","0","0","0","0","0","-2"
"213367","La Salle University","2013","Not on tenure/no tenure system, assistant professors","28","5","23","0","0","0","0","0","0","1","0","1","0","0","0","0","0","0","26","4","22","1","1","0","0","0","0","0","0","0","-2"
"213367","La Salle University","2013","Not on tenure/no tenure system, instructors","16","5","11","0","0","0","0","0","0","1","0","1","0","0","0","0","0","0","15","5","10","0","0","0","0","0","0","0","0","0","-2"
"213774","Manor College","2013","Not on tenure track/No tenure system system total","24","6","18","0","0","0","1","1","0","1","0","1","0","0","0","0","0","0","22","5","17","0","0","0","0","0","0","0","0","0","-2"
"213774","Manor College","2013","Not on tenure/no tenure system, professors","12","2","10","0","0","0","1","1","0","1","0","1","0","0","0","0","0","0","10","1","9","0","0","0","0","0","0","0","0","0","-2"
"213774","Manor College","2013","Not on tenure/no tenure system, associate professors","7","3","4","0","0","0","0","0","0","0","0","0","0","0","0","0","0","0","7","3","4","0","0","0","0","0","0","0","0","0","-2"
"213774","Manor College","2013","Not on tenure/no tenure system, assistant professors","3","1","2","0","0","0","0","0","0","0","0","0","0","0","0","0","0","0","3","1","2","0","0","0","0","0","0","0","0","0","-2"
"213774","Manor College","2013","Not on tenure/no tenure system, instructors","2","0","2","0","0","0","0","0","0","0","0","0","0","0","0","0","0","0","2","0","2","0","0","0","0","0","0","0","0","0","-2"
"216542","University of Valley Forge","2013","Not on tenure track/No tenure system system total","33","21","12","0","0","0","0","0","0","1","1","0","0","0","0","1","0","1","31","20","11","0","0","0","0","0","0","0","0","0","-2"
"216542","University of Valley Forge","2013","Not on tenure/no tenure system, professors","10","9","1","0","0","0","0","0","0","0","0","0","0","0","0","1","0","1","9","9","0","0","0","0","0","0","0","0","0","0","-2"
"216542","University of Valley Forge","2013","Not on tenure/no tenure system, associate professors","5","3","2","0","0","0","0","0","0","0","0","0","0","0","0","0","0","0","5","3","2","0","0","0","0","0","0","0","0","0","-2"
"216542","University of Valley Forge","2013","Not on tenure/no tenure system, assistant professors","17","8","9","0","0","0","0","0","0","1","1","0","0","0","0","0","0","0","16","7","9","0","0","0","0","0","0","0","0","0","-2"
"216542","University of Valley Forge","2013","Not on tenure/no tenure system, instructors","1","1","0","0","0","0","0","0","0","0","0","0","0","0","0","0","0","0","1","1","0","0","0","0","0","0","0","0","0","0","-2"
"217420","Rhode Island College","2013","Tenured total","244","116","128","1","0","1","16","8","8","6","3","3","5","3","2","0","0","0","215","101","114","1","1","0","0","0","0","0","0","0","-2"
"217420","Rhode Island College","2013","Tenured, professors","121","70","51","0","0","0","7","4","3","4","3","1","1","1","0","0","0","0","109","62","47","0","0","0","0","0","0","0","0","0","-2"
"217420","Rhode Island College","2013","Tenured, associate professors","114","43","71","1","0","1","9","4","5","2","0","2","4","2","2","0","0","0","97","36","61","1","1","0","0","0","0","0","0","0","-2"
"217420","Rhode Island College","2013","Tenured, assistant professors","9","3","6","0","0","0","0","0","0","0","0","0","0","0","0","0","0","0","9","3","6","0","0","0","0","0","0","0","0","0","-2"
"217420","Rhode Island College","2013","On-Tenure track total","54","23","31","0","0","0","9","6","3","2","2","0","4","4","0","0","0","0","37","10","27","2","1","1","0","0","0","0","0","0","-2"
"217420","Rhode Island College","2013","On-tenure track, associate professors","2","0","2","0","0","0","0","0","0","0","0","0","0","0","0","0","0","0","2","0","2","0","0","0","0","0","0","0","0","0","-2"
"217420","Rhode Island College","2013","On-tenure track, assistant professors","52","23","29","0","0","0","9","6","3","2","2","0","4","4","0","0","0","0","35","10","25","2","1","1","0","0","0","0","0","0","-2"
"217420","Rhode Island College","2013","Not on tenure track/No tenure system system total","29","6","23","0","0","0","1","1","0","0","0","0","0","0","0","0","0","0","28","5","23","0","0","0","0","0","0","0","0","0","-2"
"217420","Rhode Island College","2013","Not on tenure/no tenure system, associate professors","2","1","1","0","0","0","0","0","0","0","0","0","0","0","0","0","0","0","2","1","1","0","0","0","0","0","0","0","0","0","-2"
"217420","Rhode Island College","2013","Not on tenure/no tenure system, assistant professors","27","5","22","0","0","0","1","1","0","0","0","0","0","0","0","0","0","0","26","4","22","0","0","0","0","0","0","0","0","0","-2"
"221661","Southern Adventist University","2013","Not on tenure track/No tenure system system total","178","95","83","0","0","0","1","0","1","8","3","5","7","4","3","0","0","0","162","88","74","0","0","0","0","0","0","0","0","0","-2"
"221661","Southern Adventist University","2013","Not on tenure/no tenure system, professors","75","53","22","0","0","0","0","0","0","4","2","2","1","1","0","0","0","0","70","50","20","0","0","0","0","0","0","0","0","0","-2"
"221661","Southern Adventist University","2013","Not on tenure/no tenure system, associate professors","66","30","36","0","0","0","1","0","1","1","0","1","4","2","2","0","0","0","60","28","32","0","0","0","0","0","0","0","0","0","-2"
"221661","Southern Adventist University","2013","Not on tenure/no tenure system, assistant professors","31","10","21","0","0","0","0","0","0","2","1","1","2","1","1","0","0","0","27","8","19","0","0","0","0","0","0","0","0","0","-2"
"221661","Southern Adventist University","2013","Not on tenure/no tenure system, instructors","6","2","4","0","0","0","0","0","0","1","0","1","0","0","0","0","0","0","5","2","3","0","0","0","0","0","0","0","0","0","-2"
"222178","Abilene Christian University","2013","Tenured total","131","99","32","0","0","0","2","1","1","5","4","1","4","2","2","0","0","0","116","89","27","4","3","1","0","0","0","0","0","0","-2"
"222178","Abilene Christian University","2013","Tenured, professors","64","57","7","0","0","0","0","0","0","1","1","0","2","1","1","0","0","0","61","55","6","0","0","0","0","0","0","0","0","0","-2"
"222178","Abilene Christian University","2013","Tenured, associate professors","64","39","25","0","0","0","2","1","1","4","3","1","2","1","1","0","0","0","52","31","21","4","3","1","0","0","0","0","0","0","-2"
"222178","Abilene Christian University","2013","Tenured, assistant professors","3","3","0","0","0","0","0","0","0","0","0","0","0","0","0","0","0","0","3","3","0","0","0","0","0","0","0","0","0","0","-2"
"222178","Abilene Christian University","2013","On-Tenure track total","72","46","26","1","1","0","1","1","0","1","0","1","3","2","1","0","0","0","64","41","23","1","0","1","0","0","0","1","1","0","-2"
"222178","Abilene Christian University","2013","On-tenure track, professors","2","2","0","0","0","0","0","0","0","0","0","0","0","0","0","0","0","0","2","2","0","0","0","0","0","0","0","0","0","0","-2"
"222178","Abilene Christian University","2013","On-tenure track, associate professors","13","11","2","1","1","0","0","0","0","0","0","0","0","0","0","0","0","0","12","10","2","0","0","0","0","0","0","0","0","0","-2"
"222178","Abilene Christian University","2013","On-tenure track, assistant professors","56","32","24","0","0","0","1","1","0","1","0","1","3","2","1","0","0","0","49","28","21","1","0","1","0","0","0","1","1","0","-2"
"222178","Abilene Christian University","2013","On-tenure track, instructors","1","1","0","0","0","0","0","0","0","0","0","0","0","0","0","0","0","0","1","1","0","0","0","0","0","0","0","0","0","0","-2"
"222178","Abilene Christian University","2013","Not on tenure track/No tenure system system total","44","22","22","0","0","0","0","0","0","1","1","0","1","1","0","0","0","0","41","20","21","0","0","0","1","0","1","0","0","0","-2"
"222178","Abilene Christian University","2013","Not on tenure/no tenure system, associate professors","2","2","0","0","0","0","0","0","0","1","1","0","0","0","0","0","0","0","1","1","0","0","0","0","0","0","0","0","0","0","-2"
"222178","Abilene Christian University","2013","Not on tenure/no tenure system, assistant professors","7","4","3","0","0","0","0","0","0","0","0","0","1","1","0","0","0","0","6","3","3","0","0","0","0","0","0","0","0","0","-2"
"222178","Abilene Christian University","2013","Not on tenure/no tenure system, instructors","35","16","19","0","0","0","0","0","0","0","0","0","0","0","0","0","0","0","34","16","18","0","0","0","1","0","1","0","0","0","-2"
"222983","Austin College","2013","Tenured total","74","53","21","1","1","0","1","0","1","1","0","1","4","1","3","0","0","0","55","42","13","0","0","0","12","9","3","0","0","0","-2"
"222983","Austin College","2013","Tenured, professors","30","23","7","1","1","0","1","0","1","0","0","0","1","0","1","0","0","0","23","20","3","0","0","0","4","2","2","0","0","0","-2"
"222983","Austin College","2013","Tenured, associate professors","44","30","14","0","0","0","0","0","0","1","0","1","3","1","2","0","0","0","32","22","10","0","0","0","8","7","1","0","0","0","-2"
"222983","Austin College","2013","On-Tenure track total","18","9","9","0","0","0","2","1","1","0","0","0","0","0","0","0","0","0","15","7","8","0","0","0","0","0","0","1","1","0","-2"
"222983","Austin College","2013","On-tenure track, assistant professors","17","9","8","0","0","0","2","1","1","0","0","0","0","0","0","0","0","0","14","7","7","0","0","0","0","0","0","1","1","0","-2"
"222983","Austin College","2013","On-tenure track, instructors","1","0","1","0","0","0","0","0","0","0","0","0","0","0","0","0","0","0","1","0","1","0","0","0","0","0","0","0","0","0","-2"
"222983","Austin College","2013","Not on tenure track/No tenure system system total","17","8","9","0","0","0","2","1","1","0","0","0","3","1","2","0","0","0","11","5","6","0","0","0","0","0","0","1","1","0","-2"
"222983","Austin College","2013","Not on tenure/no tenure system, professors","1","1","0","0","0","0","0","0","0","0","0","0","0","0","0","0","0","0","1","1","0","0","0","0","0","0","0","0","0","0","-2"
"222983","Austin College","2013","Not on tenure/no tenure system, instructors","16","7","9","0","0","0","2","1","1","0","0","0","3","1","2","0","0","0","10","4","6","0","0","0","0","0","0","1","1","0","-2"
"223232","Baylor University","2013","Tenured total","468","357","111","1","1","0","17","14","3","8","4","4","13","11","2","1","1","0","407","309","98","11","9","2","1","1","0","9","7","2","-2"
"223232","Baylor University","2013","Tenured, professors","270","227","43","1","1","0","5","4","1","4","3","1","5","5","0","1","1","0","241","201","40","9","8","1","1","1","0","3","3","0","-2"
"223232","Baylor University","2013","Tenured, associate professors","196","130","66","0","0","0","12","10","2","4","1","3","8","6","2","0","0","0","164","108","56","2","1","1","0","0","0","6","4","2","-2"
"223232","Baylor University","2013","Tenured, assistant professors","1","0","1","0","0","0","0","0","0","0","0","0","0","0","0","0","0","0","1","0","1","0","0","0","0","0","0","0","0","0","-2"
"223232","Baylor University","2013","Tenured, instructors","1","0","1","0","0","0","0","0","0","0","0","0","0","0","0","0","0","0","1","0","1","0","0","0","0","0","0","0","0","0","-2"
"223232","Baylor University","2013","On-Tenure track total","166","100","66","0","0","0","14","11","3","4","1","3","6","3","3","0","0","0","133","78","55","3","1","2","0","0","0","6","6","0","-2"
"223232","Baylor University","2013","On-tenure track, professors","1","0","1","0","0","0","0","0","0","0","0","0","0","0","0","0","0","0","1","0","1","0","0","0","0","0","0","0","0","0","-2"
"223232","Baylor University","2013","On-tenure track, associate professors","11","6","5","0","0","0","2","2","0","1","0","1","1","0","1","0","0","0","7","4","3","0","0","0","0","0","0","0","0","0","-2"
"223232","Baylor University","2013","On-tenure track, assistant professors","154","94","60","0","0","0","12","9","3","3","1","2","5","3","2","0","0","0","125","74","51","3","1","2","0","0","0","6","6","0","-2"
"223232","Baylor University","2013","Not on tenure track/No tenure system system total","308","126","182","1","1","0","3","0","3","5","0","5","9","3","6","0","0","0","279","115","164","4","2","2","0","0","0","7","5","2","-2"
"223232","Baylor University","2013","Not on tenure/no tenure system, professors","2","2","0","0","0","0","0","0","0","0","0","0","0","0","0","0","0","0","2","2","0","0","0","0","0","0","0","0","0","0","-2"
"223232","Baylor University","2013","Not on tenure/no tenure system, associate professors","1","1","0","0","0","0","0","0","0","0","0","0","0","0","0","0","0","0","1","1","0","0","0","0","0","0","0","0","0","0","-2"
"223232","Baylor University","2013","Not on tenure/no tenure system, assistant professors","1","0","1","0","0","0","0","0","0","0","0","0","0","0","0","0","0","0","1","0","1","0","0","0","0","0","0","0","0","0","-2"
"223232","Baylor University","2013","Not on tenure/no tenure system, lecturers","304","123","181","1","1","0","3","0","3","5","0","5","9","3","6","0","0","0","275","112","163","4","2","2","0","0","0","7","5","2","-2"
"224226","Dallas Baptist University","2013","Tenured total","1","0","1","0","0","0","0","0","0","0","0","0","0","0","0","0","0","0","1","0","1","0","0","0","0","0","0","0","0","0","-2"
"224226","Dallas Baptist University","2013","Tenured, professors","1","0","1","0","0","0","0","0","0","0","0","0","0","0","0","0","0","0","1","0","1","0","0","0","0","0","0","0","0","0","-2"
"224226","Dallas Baptist University","2013","Not on tenure track/No tenure system system total","123","74","49","0","0","0","5","5","0","4","1","3","5","4","1","0","0","0","107","63","44","0","0","0","0","0","0","2","1","1","-2"
"224226","Dallas Baptist University","2013","Not on tenure/no tenure system, professors","53","31","22","0","0","0","3","3","0","0","0","0","4","4","0","0","0","0","46","24","22","0","0","0","0","0","0","0","0","0","-2"
"224226","Dallas Baptist University","2013","Not on tenure/no tenure system, associate professors","22","13","9","0","0","0","0","0","0","2","1","1","0","0","0","0","0","0","19","12","7","0","0","0","0","0","0","1","0","1","-2"
"224226","Dallas Baptist University","2013","Not on tenure/no tenure system, assistant professors","48","30","18","0","0","0","2","2","0","2","0","2","1","0","1","0","0","0","42","27","15","0","0","0","0","0","0","1","1","0","-2"
"224244","Dallas Christian College","2013","Not on tenure track/No tenure system system total","9","7","2","0","0","0","0","0","0","0","0","0","0","0","0","0","0","0","9","7","2","0","0","0","0","0","0","0","0","0","-2"
"224244","Dallas Christian College","2013","Not on tenure/no tenure system, professors","7","6","1","0","0","0","0","0","0","0","0","0","0","0","0","0","0","0","7","6","1","0","0","0","0","0","0","0","0","0","-2"
"224244","Dallas Christian College","2013","Not on tenure/no tenure system, associate professors","2","1","1","0","0","0","0","0","0","0","0","0","0","0","0","0","0","0","2","1","1","0","0","0","0","0","0","0","0","0","-2"
"224323","University of Dallas","2013","Tenured total","65","51","14","0","0","0","1","1","0","0","0","0","2","1","1","0","0","0","57","47","10","1","0","1","2","1","1","2","1","1","-2"
"224323","University of Dallas","2013","Tenured, professors","21","18","3","0","0","0","0","0","0","0","0","0","0","0","0","0","0","0","21","18","3","0","0","0","0","0","0","0","0","0","-2"
"224323","University of Dallas","2013","Tenured, associate professors","37","27","10","0","0","0","1","1","0","0","0","0","2","1","1","0","0","0","31","24","7","0","0","0","2","1","1","1","0","1","-2"
"224323","University of Dallas","2013","Tenured, assistant professors","7","6","1","0","0","0","0","0","0","0","0","0","0","0","0","0","0","0","5","5","0","1","0","1","0","0","0","1","1","0","-2"
"224323","University of Dallas","2013","On-Tenure track total","40","23","17","0","0","0","0","0","0","1","1","0","4","3","1","0","0","0","33","19","14","1","0","1","0","0","0","1","0","1","-2"
"224323","University of Dallas","2013","On-tenure track, professors","2","1","1","0","0","0","0","0","0","0","0","0","0","0","0","0","0","0","2","1","1","0","0","0","0","0","0","0","0","0","-2"
"224323","University of Dallas","2013","On-tenure track, associate professors","8","6","2","0","0","0","0","0","0","0","0","0","1","1","0","0","0","0","7","5","2","0","0","0","0","0","0","0","0","0","-2"
"224323","University of Dallas","2013","On-tenure track, assistant professors","30","16","14","0","0","0","0","0","0","1","1","0","3","2","1","0","0","0","24","13","11","1","0","1","0","0","0","1","0","1","-2"
"224323","University of Dallas","2013","Not on tenure track/No tenure system system total","24","10","14","0","0","0","1","0","1","0","0","0","1","0","1","0","0","0","17","9","8","1","0","1","0","0","0","4","1","3","-2"
"224323","University of Dallas","2013","Not on tenure/no tenure system, assistant professors","11","6","5","0","0","0","0","0","0","0","0","0","0","0","0","0","0","0","10","6","4","1","0","1","0","0","0","0","0","0","-2"
"224323","University of Dallas","2013","Not on tenure/no tenure system, instructors","13","4","9","0","0","0","1","0","1","0","0","0","1","0","1","0","0","0","7","3","4","0","0","0","0","0","0","4","1","3","-2"
"224545","Texas A&M University-Texarkana","2013","Tenured total","31","16","15","0","0","0","2","2","0","1","1","0","1","0","1","0","0","0","26","13","13","0","0","0","1","0","1","0","0","0","-2"
"224545","Texas A&M University-Texarkana","2013","Tenured, professors","20","10","10","0","0","0","1","1","0","1","1","0","0","0","0","0","0","0","17","8","9","0","0","0","1","0","1","0","0","0","-2"
"224545","Texas A&M University-Texarkana","2013","Tenured, associate professors","11","6","5","0","0","0","1","1","0","0","0","0","1","0","1","0","0","0","9","5","4","0","0","0","0","0","0","0","0","0","-2"
"224545","Texas A&M University-Texarkana","2013","On-Tenure track total","9","7","2","0","0","0","1","1","0","0","0","0","0","0","0","0","0","0","8","6","2","0","0","0","0","0","0","0","0","0","-2"
"224545","Texas A&M University-Texarkana","2013","On-tenure track, professors","2","2","0","0","0","0","0","0","0","0","0","0","0","0","0","0","0","0","2","2","0","0","0","0","0","0","0","0","0","0","-2"
"224545","Texas A&M University-Texarkana","2013","On-tenure track, associate professors","7","5","2","0","0","0","1","1","0","0","0","0","0","0","0","0","0","0","6","4","2","0","0","0","0","0","0","0","0","0","-2"
"224545","Texas A&M University-Texarkana","2013","Not on tenure track/No tenure system system total","34","17","17","0","0","0","0","0","0","0","0","0","2","2","0","0","0","0","25","11","14","0","0","0","6","3","3","1","1","0","-2"
"224545","Texas A&M University-Texarkana","2013","Not on tenure/no tenure system, professors","1","1","0","0","0","0","0","0","0","0","0","0","0","0","0","0","0","0","1","1","0","0","0","0","0","0","0","0","0","0","-2"
"224545","Texas A&M University-Texarkana","2013","Not on tenure/no tenure system, associate professors","3","3","0","0","0","0","0","0","0","0","0","0","0","0","0","0","0","0","3","3","0","0","0","0","0","0","0","0","0","0","-2"
"224545","Texas A&M University-Texarkana","2013","Not on tenure/no tenure system, assistant professors","22","11","11","0","0","0","0","0","0","0","0","0","1","1","0","0","0","0","15","6","9","0","0","0","5","3","2","1","1","0","-2"
"224545","Texas A&M University-Texarkana","2013","Not on tenure/no tenure system, instructors","8","2","6","0","0","0","0","0","0","0","0","0","1","1","0","0","0","0","6","1","5","0","0","0","1","0","1","0","0","0","-2"
"224554","Texas A & M University-Commerce","2013","Tenured total","82","56","26","1","1","0","8","7","1","8","5","3","1","0","1","0","0","0","20","0","20","44","43","1","0","0","0","0","0","0","-2"
"224554","Texas A & M University-Commerce","2013","Tenured, professors","50","35","15","1","1","0","7","6","1","4","3","1","1","0","1","0","0","0","12","0","12","25","25","0","0","0","0","0","0","0","-2"
"224554","Texas A & M University-Commerce","2013","Tenured, associate professors","28","18","10","0","0","0","1","1","0","4","2","2","0","0","0","0","0","0","7","0","7","16","15","1","0","0","0","0","0","0","-2"
"224554","Texas A & M University-Commerce","2013","Tenured, assistant professors","3","3","0","0","0","0","0","0","0","0","0","0","0","0","0","0","0","0","0","0","0","3","3","0","0","0","0","0","0","0","-2"
"224554","Texas A & M University-Commerce","2013","Tenured, instructors","1","0","1","0","0","0","0","0","0","0","0","0","0","0","0","0","0","0","1","0","1","0","0","0","0","0","0","0","0","0","-2"
"224554","Texas A & M University-Commerce","2013","On-Tenure track total","92","56","36","0","0","0","10","5","5","2","1","1","7","5","2","0","0","0","72","44","28","0","0","0","1","1","0","0","0","0","-2"
"224554","Texas A & M University-Commerce","2013","On-tenure track, professors","7","4","3","0","0","0","0","0","0","0","0","0","1","1","0","0","0","0","6","3","3","0","0","0","0","0","0","0","0","0","-2"
"224554","Texas A & M University-Commerce","2013","On-tenure track, associate professors","41","25","16","0","0","0","4","3","1","1","0","1","3","1","2","0","0","0","32","20","12","0","0","0","1","1","0","0","0","0","-2"
"224554","Texas A & M University-Commerce","2013","On-tenure track, assistant professors","44","27","17","0","0","0","6","2","4","1","1","0","3","3","0","0","0","0","34","21","13","0","0","0","0","0","0","0","0","0","-2"
"224554","Texas A & M University-Commerce","2013","Not on tenure track/No tenure system system total","186","83","103","0","0","0","13","8","5","17","6","11","13","4","9","0","0","0","133","56","77","0","0","0","3","2","1","7","7","0","-2"
"224554","Texas A & M University-Commerce","2013","Not on tenure/no tenure system, professors","5","4","1","0","0","0","1","1","0","0","0","0","0","0","0","0","0","0","4","3","1","0","0","0","0","0","0","0","0","0","-2"
"224554","Texas A & M University-Commerce","2013","Not on tenure/no tenure system, associate professors","4","3","1","0","0","0","1","1","0","1","1","0","0","0","0","0","0","0","2","1","1","0","0","0","0","0","0","0","0","0","-2"
"224554","Texas A & M University-Commerce","2013","Not on tenure/no tenure system, assistant professors","97","44","53","0","0","0","8","6","2","13","3","10","8","4","4","0","0","0","63","26","37","0","0","0","2","2","0","3","3","0","-2"
"224554","Texas A & M University-Commerce","2013","Not on tenure/no tenure system, instructors","80","32","48","0","0","0","3","0","3","3","2","1","5","0","5","0","0","0","64","26","38","0","0","0","1","0","1","4","4","0","-2"
"225247","Hardin-Simmons University","2013","Tenured total","109","71","38","0","0","0","0","0","0","1","1","0","1","1","0","0","0","0","107","69","38","0","0","0","0","0","0","0","0","0","-2"
"225247","Hardin-Simmons University","2013","Tenured, professors","62","46","16","0","0","0","0","0","0","0","0","0","1","1","0","0","0","0","61","45","16","0","0","0","0","0","0","0","0","0","-2"
"225247","Hardin-Simmons University","2013","Tenured, associate professors","39","22","17","0","0","0","0","0","0","1","1","0","0","0","0","0","0","0","38","21","17","0","0","0","0","0","0","0","0","0","-2"
"225247","Hardin-Simmons University","2013","Tenured, assistant professors","8","3","5","0","0","0","0","0","0","0","0","0","0","0","0","0","0","0","8","3","5","0","0","0","0","0","0","0","0","0","-2"
"225247","Hardin-Simmons University","2013","On-Tenure track total","22","13","9","0","0","0","1","1","0","2","0","2","1","0","1","0","0","0","18","12","6","0","0","0","0","0","0","0","0","0","-2"
"225247","Hardin-Simmons University","2013","On-tenure track, professors","1","1","0","0","0","0","0","0","0","0","0","0","0","0","0","0","0","0","1","1","0","0","0","0","0","0","0","0","0","0","-2"
"225247","Hardin-Simmons University","2013","On-tenure track, associate professors","4","3","1","0","0","0","0","0","0","0","0","0","0","0","0","0","0","0","4","3","1","0","0","0","0","0","0","0","0","0","-2"
"225247","Hardin-Simmons University","2013","On-tenure track, assistant professors","15","8","7","0","0","0","1","1","0","2","0","2","1","0","1","0","0","0","11","7","4","0","0","0","0","0","0","0","0","0","-2"
"225247","Hardin-Simmons University","2013","On-tenure track, instructors","2","1","1","0","0","0","0","0","0","0","0","0","0","0","0","0","0","0","2","1","1","0","0","0","0","0","0","0","0","0","-2"
"225247","Hardin-Simmons University","2013","Not on tenure track/No tenure system system total","7","5","2","0","0","0","1","0","1","0","0","0","0","0","0","0","0","0","6","5","1","0","0","0","0","0","0","0","0","0","-2"
"225247","Hardin-Simmons University","2013","Not on tenure/no tenure system, professors","1","1","0","0","0","0","0","0","0","0","0","0","0","0","0","0","0","0","1","1","0","0","0","0","0","0","0","0","0","0","-2"
"225247","Hardin-Simmons University","2013","Not on tenure/no tenure system, assistant professors","4","3","1","0","0","0","1","0","1","0","0","0","0","0","0","0","0","0","3","3","0","0","0","0","0","0","0","0","0","0","-2"
"225247","Hardin-Simmons University","2013","Not on tenure/no tenure system, instructors","2","1","1","0","0","0","0","0","0","0","0","0","0","0","0","0","0","0","2","1","1","0","0","0","0","0","0","0","0","0","-2"
"226091","Lamar University","2013","Tenured total","208","139","69","0","0","0","36","29","7","5","1","4","4","2","2","0","0","0","163","107","56","0","0","0","0","0","0","0","0","0","-2"
"226091","Lamar University","2013","Tenured, professors","97","73","24","0","0","0","18","16","2","0","0","0","0","0","0","0","0","0","79","57","22","0","0","0","0","0","0","0","0","0","-2"
"226091","Lamar University","2013","Tenured, associate professors","95","60","35","0","0","0","16","12","4","3","0","3","4","2","2","0","0","0","72","46","26","0","0","0","0","0","0","0","0","0","-2"
"226091","Lamar University","2013","Tenured, assistant professors","16","6","10","0","0","0","2","1","1","2","1","1","0","0","0","0","0","0","12","4","8","0","0","0","0","0","0","0","0","0","-2"
"226091","Lamar University","2013","On-Tenure track total","88","40","48","0","0","0","17","7","10","5","2","3","7","5","2","0","0","0","51","21","30","0","0","0","1","0","1","7","5","2","-2"
"226091","Lamar University","2013","On-tenure track, associate professors","15","6","9","0","0","0","2","1","1","1","0","1","2","2","0","0","0","0","10","3","7","0","0","0","0","0","0","0","0","0","-2"
"226091","Lamar University","2013","On-tenure track, assistant professors","73","34","39","0","0","0","15","6","9","4","2","2","5","3","2","0","0","0","41","18","23","0","0","0","1","0","1","7","5","2","-2"
"226091","Lamar University","2013","Not on tenure track/No tenure system system total","125","42","83","0","0","0","6","3","3","6","0","6","4","0","4","0","0","0","105","36","69","1","0","1","0","0","0","3","3","0","-2"
"226091","Lamar University","2013","Not on tenure/no tenure system, professors","2","2","0","0","0","0","0","0","0","0","0","0","0","0","0","0","0","0","2","2","0","0","0","0","0","0","0","0","0","0","-2"
"226091","Lamar University","2013","Not on tenure/no tenure system, associate professors","1","1","0","0","0","0","0","0","0","0","0","0","0","0","0","0","0","0","1","1","0","0","0","0","0","0","0","0","0","0","-2"
"226091","Lamar University","2013","Not on tenure/no tenure system, assistant professors","12","6","6","0","0","0","0","0","0","1","0","1","0","0","0","0","0","0","10","5","5","0","0","0","0","0","0","1","1","0","-2"
"226091","Lamar University","2013","Not on tenure/no tenure system, instructors","110","33","77","0","0","0","6","3","3","5","0","5","4","0","4","0","0","0","92","28","64","1","0","1","0","0","0","2","2","0","-2"
"226383","Lubbock Christian University","2013","Tenured total","59","34","25","0","0","0","0","0","0","0","0","0","2","2","0","0","0","0","57","32","25","0","0","0","0","0","0","0","0","0","-2"
"226383","Lubbock Christian University","2013","Tenured, professors","28","17","11","0","0","0","0","0","0","0","0","0","1","1","0","0","0","0","27","16","11","0","0","0","0","0","0","0","0","0","-2"
"226383","Lubbock Christian University","2013","Tenured, associate professors","25","15","10","0","0","0","0","0","0","0","0","0","1","1","0","0","0","0","24","14","10","0","0","0","0","0","0","0","0","0","-2"
"226383","Lubbock Christian University","2013","Tenured, assistant professors","6","2","4","0","0","0","0","0","0","0","0","0","0","0","0","0","0","0","6","2","4","0","0","0","0","0","0","0","0","0","-2"
"226383","Lubbock Christian University","2013","On-Tenure track total","33","20","13","0","0","0","0","0","0","0","0","0","3","2","1","0","0","0","30","18","12","0","0","0","0","0","0","0","0","0","-2"
"226383","Lubbock Christian University","2013","On-tenure track, professors","4","3","1","0","0","0","0","0","0","0","0","0","0","0","0","0","0","0","4","3","1","0","0","0","0","0","0","0","0","0","-2"
"226383","Lubbock Christian University","2013","On-tenure track, associate professors","2","2","0","0","0","0","0","0","0","0","0","0","0","0","0","0","0","0","2","2","0","0","0","0","0","0","0","0","0","0","-2"
"226383","Lubbock Christian University","2013","On-tenure track, assistant professors","26","14","12","0","0","0","0","0","0","0","0","0","3","2","1","0","0","0","23","12","11","0","0","0","0","0","0","0","0","0","-2"
"226383","Lubbock Christian University","2013","On-tenure track, instructors","1","1","0","0","0","0","0","0","0","0","0","0","0","0","0","0","0","0","1","1","0","0","0","0","0","0","0","0","0","0","-2"
"226383","Lubbock Christian University","2013","Not on tenure track/No tenure system system total","9","3","6","0","0","0","0","0","0","0","0","0","0","0","0","0","0","0","9","3","6","0","0","0","0","0","0","0","0","0","-2"
"226383","Lubbock Christian University","2013","Not on tenure/no tenure system, lecturers","8","2","6","0","0","0","0","0","0","0","0","0","0","0","0","0","0","0","8","2","6","0","0","0","0","0","0","0","0","0","-2"
"226383","Lubbock Christian University","2013","Not on tenure/no tenure system, no academic rank","1","1","0","0","0","0","0","0","0","0","0","0","0","0","0","0","0","0","1","1","0","0","0","0","0","0","0","0","0","0","-2"
"226471","University of Mary Hardin-Baylor","2013","Tenured total","52","27","25","0","0","0","1","1","0","0","0","0","1","1","0","1","1","0","47","23","24","0","0","0","1","1","0","1","0","1","-2"
"226471","University of Mary Hardin-Baylor","2013","Tenured, professors","42","21","21","0","0","0","1","1","0","0","0","0","1","1","0","1","1","0","37","17","20","0","0","0","1","1","0","1","0","1","-2"
"226471","University of Mary Hardin-Baylor","2013","Tenured, associate professors","10","6","4","0","0","0","0","0","0","0","0","0","0","0","0","0","0","0","10","6","4","0","0","0","0","0","0","0","0","0","-2"
"226471","University of Mary Hardin-Baylor","2013","On-Tenure track total","60","29","31","0","0","0","4","2","2","5","2","3","2","0","2","0","0","0","46","24","22","2","1","1","0","0","0","1","0","1","-2"
"226471","University of Mary Hardin-Baylor","2013","On-tenure track, professors","3","2","1","0","0","0","0","0","0","0","0","0","0","0","0","0","0","0","3","2","1","0","0","0","0","0","0","0","0","0","-2"
"226471","University of Mary Hardin-Baylor","2013","On-tenure track, associate professors","15","7","8","0","0","0","3","1","2","1","0","1","0","0","0","0","0","0","10","6","4","1","0","1","0","0","0","0","0","0","-2"
"226471","University of Mary Hardin-Baylor","2013","On-tenure track, assistant professors","42","20","22","0","0","0","1","1","0","4","2","2","2","0","2","0","0","0","33","16","17","1","1","0","0","0","0","1","0","1","-2"
"226471","University of Mary Hardin-Baylor","2013","Not on tenure track/No tenure system system total","38","8","30","0","0","0","0","0","0","3","0","3","0","0","0","0","0","0","35","8","27","0","0","0","0","0","0","0","0","0","-2"
"226471","University of Mary Hardin-Baylor","2013","Not on tenure/no tenure system, associate professors","6","2","4","0","0","0","0","0","0","0","0","0","0","0","0","0","0","0","6","2","4","0","0","0","0","0","0","0","0","0","-2"
"226471","University of Mary Hardin-Baylor","2013","Not on tenure/no tenure system, assistant professors","28","5","23","0","0","0","0","0","0","2","0","2","0","0","0","0","0","0","26","5","21","0","0","0","0","0","0","0","0","0","-2"
"226471","University of Mary Hardin-Baylor","2013","Not on tenure/no tenure system, instructors","4","1","3","0","0","0","0","0","0","1","0","1","0","0","0","0","0","0","3","1","2","0","0","0","0","0","0","0","0","0","-2"
"226833","Midwestern State University","2013","Tenured total","113","75","38","1","0","1","6","5","1","1","0","1","4","2","2","0","0","0","92","64","28","1","0","1","1","0","1","7","4","3","-2"
"226833","Midwestern State University","2013","Tenured, professors","43","33","10","1","0","1","2","2","0","0","0","0","3","2","1","0","0","0","35","27","8","0","0","0","0","0","0","2","2","0","-2"
"226833","Midwestern State University","2013","Tenured, associate professors","57","36","21","0","0","0","3","2","1","1","0","1","1","0","1","0","0","0","47","32","15","0","0","0","1","0","1","4","2","2","-2"
"226833","Midwestern State University","2013","Tenured, assistant professors","13","6","7","0","0","0","1","1","0","0","0","0","0","0","0","0","0","0","10","5","5","1","0","1","0","0","0","1","0","1","-2"
"226833","Midwestern State University","2013","On-Tenure track total","49","21","28","0","0","0","0","0","0","2","0","2","2","2","0","0","0","0","38","15","23","2","1","1","0","0","0","5","3","2","-2"
"226833","Midwestern State University","2013","On-tenure track, professors","1","1","0","0","0","0","0","0","0","0","0","0","0","0","0","0","0","0","1","1","0","0","0","0","0","0","0","0","0","0","-2"
"226833","Midwestern State University","2013","On-tenure track, associate professors","5","4","1","0","0","0","0","0","0","0","0","0","1","1","0","0","0","0","3","2","1","0","0","0","0","0","0","1","1","0","-2"
"226833","Midwestern State University","2013","On-tenure track, assistant professors","43","16","27","0","0","0","0","0","0","2","0","2","1","1","0","0","0","0","34","12","22","2","1","1","0","0","0","4","2","2","-2"
"226833","Midwestern State University","2013","Not on tenure track/No tenure system system total","64","18","46","0","0","0","0","0","0","0","0","0","2","0","2","0","0","0","58","18","40","2","0","2","0","0","0","2","0","2","-2"
"226833","Midwestern State University","2013","Not on tenure/no tenure system, professors","1","1","0","0","0","0","0","0","0","0","0","0","0","0","0","0","0","0","1","1","0","0","0","0","0","0","0","0","0","0","-2"
"226833","Midwestern State University","2013","Not on tenure/no tenure system, assistant professors","39","10","29","0","0","0","0","0","0","0","0","0","1","0","1","0","0","0","36","10","26","1","0","1","0","0","0","1","0","1","-2"
"226833","Midwestern State University","2013","Not on tenure/no tenure system, instructors","23","6","17","0","0","0","0","0","0","0","0","0","1","0","1","0","0","0","20","6","14","1","0","1","0","0","0","1","0","1","-2"
"226833","Midwestern State University","2013","Not on tenure/no tenure system, no academic rank","1","1","0","0","0","0","0","0","0","0","0","0","0","0","0","0","0","0","1","1","0","0","0","0","0","0","0","0","0","0","-2"
"227429","Paul Quinn College","2013","Not on tenure track/No tenure system system total","9","5","4","0","0","0","0","0","0","7","4","3","1","1","0","0","0","0","1","0","1","0","0","0","0","0","0","0","0","0","-2"
"227429","Paul Quinn College","2013","Not on tenure/no tenure system, professors","1","0","1","0","0","0","0","0","0","1","0","1","0","0","0","0","0","0","0","0","0","0","0","0","0","0","0","0","0","0","-2"
"227429","Paul Quinn College","2013","Not on tenure/no tenure system, associate professors","8","5","3","0","0","0","0","0","0","6","4","2","1","1","0","0","0","0","1","0","1","0","0","0","0","0","0","0","0","0","-2"
"227881","Sam Houston State University","2013","Tenured total","311","199","112","1","1","0","7","3","4","6","4","2","9","5","4","0","0","0","260","166","94","0","0","0","0","0","0","28","20","8","-2"
"227881","Sam Houston State University","2013","Tenured, professors","149","106","43","1","1","0","1","1","0","1","1","0","3","2","1","0","0","0","130","92","38","0","0","0","0","0","0","13","9","4","-2"
"227881","Sam Houston State University","2013","Tenured, associate professors","156","90","66","0","0","0","5","1","4","5","3","2","5","2","3","0","0","0","126","73","53","0","0","0","0","0","0","15","11","4","-2"
"227881","Sam Houston State University","2013","Tenured, assistant professors","5","3","2","0","0","0","1","1","0","0","0","0","1","1","0","0","0","0","3","1","2","0","0","0","0","0","0","0","0","0","-2"
"227881","Sam Houston State University","2013","Tenured, instructors","1","0","1","0","0","0","0","0","0","0","0","0","0","0","0","0","0","0","1","0","1","0","0","0","0","0","0","0","0","0","-2"
"227881","Sam Houston State University","2013","On-Tenure track total","183","92","91","2","0","2","5","1","4","6","2","4","13","6","7","0","0","0","130","69","61","0","0","0","1","1","0","26","13","13","-2"
"227881","Sam Houston State University","2013","On-tenure track, associate professors","11","6","5","0","0","0","1","0","1","0","0","0","0","0","0","0","0","0","9","5","4","0","0","0","0","0","0","1","1","0","-2"
"227881","Sam Houston State University","2013","On-tenure track, assistant professors","172","86","86","2","0","2","4","1","3","6","2","4","13","6","7","0","0","0","121","64","57","0","0","0","1","1","0","25","12","13","-2"
"227881","Sam Houston State University","2013","Not on tenure track/No tenure system system total","167","74","93","2","1","1","6","1","5","5","3","2","8","6","2","0","0","0","132","55","77","0","0","0","0","0","0","14","8","6","-2"
"227881","Sam Houston State University","2013","Not on tenure/no tenure system, professors","1","1","0","0","0","0","0","0","0","0","0","0","0","0","0","0","0","0","1","1","0","0","0","0","0","0","0","0","0","0","-2"
"227881","Sam Houston State University","2013","Not on tenure/no tenure system, associate professors","1","1","0","0","0","0","0","0","0","0","0","0","1","1","0","0","0","0","0","0","0","0","0","0","0","0","0","0","0","0","-2"
"227881","Sam Houston State University","2013","Not on tenure/no tenure system, instructors","1","1","0","0","0","0","0","0","0","0","0","0","0","0","0","0","0","0","1","1","0","0","0","0","0","0","0","0","0","0","-2"
"227881","Sam Houston State University","2013","Not on tenure/no tenure system, lecturers","164","71","93","2","1","1","6","1","5","5","3","2","7","5","2","0","0","0","130","53","77","0","0","0","0","0","0","14","8","6","-2"
"228325","Southwestern Assemblies of God University","2013","Not on tenure track/No tenure system system total","67","44","23","0","0","0","3","1","2","1","1","0","2","1","1","0","0","0","59","41","18","0","0","0","0","0","0","2","0","2","-2"
"228325","Southwestern Assemblies of God University","2013","Not on tenure/no tenure system, professors","16","13","3","0","0","0","0","0","0","0","0","0","0","0","0","0","0","0","16","13","3","0","0","0","0","0","0","0","0","0","-2"
"228325","Southwestern Assemblies of God University","2013","Not on tenure/no tenure system, associate professors","13","8","5","0","0","0","1","0","1","0","0","0","1","1","0","0","0","0","11","7","4","0","0","0","0","0","0","0","0","0","-2"
"228325","Southwestern Assemblies of God University","2013","Not on tenure/no tenure system, assistant professors","21","14","7","0","0","0","0","0","0","1","1","0","0","0","0","0","0","0","18","13","5","0","0","0","0","0","0","2","0","2","-2"
"228325","Southwestern Assemblies of God University","2013","Not on tenure/no tenure system, instructors","16","9","7","0","0","0","2","1","1","0","0","0","1","0","1","0","0","0","13","8","5","0","0","0","0","0","0","0","0","0","-2"
"228325","Southwestern Assemblies of God University","2013","Not on tenure/no tenure system, lecturers","1","0","1","0","0","0","0","0","0","0","0","0","0","0","0","0","0","0","1","0","1","0","0","0","0","0","0","0","0","0","-2"
"228343","Southwestern University","2013","Tenured total","91","47","44","0","0","0","4","1","3","1","0","1","5","3","2","0","0","0","80","42","38","0","0","0","1","1","0","0","0","0","-2"
"228343","Southwestern University","2013","Tenured, professors","41","24","17","0","0","0","1","1","0","0","0","0","1","0","1","0","0","0","38","22","16","0","0","0","1","1","0","0","0","0","-2"
"228343","Southwestern University","2013","Tenured, associate professors","50","23","27","0","0","0","3","0","3","1","0","1","4","3","1","0","0","0","42","20","22","0","0","0","0","0","0","0","0","0","-2"
"228343","Southwestern University","2013","On-Tenure track total","21","8","13","2","2","0","0","0","0","2","1","1","3","1","2","0","0","0","13","4","9","0","0","0","0","0","0","1","0","1","-2"
"228343","Southwestern University","2013","On-tenure track, associate professors","1","0","1","0","0","0","0","0","0","0","0","0","0","0","0","0","0","0","1","0","1","0","0","0","0","0","0","0","0","0","-2"
"228343","Southwestern University","2013","On-tenure track, assistant professors","20","8","12","2","2","0","0","0","0","2","1","1","3","1","2","0","0","0","12","4","8","0","0","0","0","0","0","1","0","1","-2"
"228343","Southwestern University","2013","Not on tenure track/No tenure system system total","6","3","3","0","0","0","1","0","1","0","0","0","1","0","1","0","0","0","4","3","1","0","0","0","0","0","0","0","0","0","-2"
"228343","Southwestern University","2013","Not on tenure/no tenure system, no academic rank","6","3","3","0","0","0","1","0","1","0","0","0","1","0","1","0","0","0","4","3","1","0","0","0","0","0","0","0","0","0","-2"
"228431","Stephen F Austin State University","2013","Tenured total","256","167","89","2","1","1","0","0","0","8","7","1","10","5","5","0","0","0","228","151","77","8","3","5","0","0","0","0","0","0","-2"
"228431","Stephen F Austin State University","2013","Tenured, professors","115","81","34","1","1","0","0","0","0","3","2","1","2","0","2","0","0","0","109","78","31","0","0","0","0","0","0","0","0","0","-2"
"228431","Stephen F Austin State University","2013","Tenured, associate professors","123","77","46","0","0","0","0","0","0","5","5","0","6","3","3","0","0","0","106","67","39","6","2","4","0","0","0","0","0","0","-2"
"228431","Stephen F Austin State University","2013","Tenured, assistant professors","17","8","9","1","0","1","0","0","0","0","0","0","2","2","0","0","0","0","12","5","7","2","1","1","0","0","0","0","0","0","-2"
"228431","Stephen F Austin State University","2013","Tenured, instructors","1","1","0","0","0","0","0","0","0","0","0","0","0","0","0","0","0","0","1","1","0","0","0","0","0","0","0","0","0","0","-2"
"228431","Stephen F Austin State University","2013","On-Tenure track total","133","60","73","2","0","2","4","3","1","7","2","5","7","6","1","0","0","0","111","49","62","2","0","2","0","0","0","0","0","0","-2"
"228431","Stephen F Austin State University","2013","On-tenure track, professors","4","2","2","0","0","0","0","0","0","0","0","0","0","0","0","0","0","0","4","2","2","0","0","0","0","0","0","0","0","0","-2"
"228431","Stephen F Austin State University","2013","On-tenure track, associate professors","7","5","2","0","0","0","0","0","0","1","1","0","0","0","0","0","0","0","6","4","2","0","0","0","0","0","0","0","0","0","-2"
"228431","Stephen F Austin State University","2013","On-tenure track, assistant professors","108","51","57","1","0","1","4","3","1","6","1","5","7","6","1","0","0","0","89","41","48","1","0","1","0","0","0","0","0","0","-2"
"228431","Stephen F Austin State University","2013","On-tenure track, instructors","14","2","12","1","0","1","0","0","0","0","0","0","0","0","0","0","0","0","12","2","10","1","0","1","0","0","0","0","0","0","-2"
"228431","Stephen F Austin State University","2013","Not on tenure track/No tenure system system total","131","43","88","2","0","2","1","1","0","4","1","3","1","0","1","0","0","0","119","39","80","4","2","2","0","0","0","0","0","0","-2"
"228431","Stephen F Austin State University","2013","Not on tenure/no tenure system, professors","1","1","0","0","0","0","1","1","0","0","0","0","0","0","0","0","0","0","0","0","0","0","0","0","0","0","0","0","0","0","-2"
"228431","Stephen F Austin State University","2013","Not on tenure/no tenure system, assistant professors","5","4","1","0","0","0","0","0","0","0","0","0","0","0","0","0","0","0","5","4","1","0","0","0","0","0","0","0","0","0","-2"
"228431","Stephen F Austin State University","2013","Not on tenure/no tenure system, instructors","29","4","25","0","0","0","0","0","0","1","0","1","1","0","1","0","0","0","27","4","23","0","0","0","0","0","0","0","0","0","-2"
"228431","Stephen F Austin State University","2013","Not on tenure/no tenure system, lecturers","42","11","31","1","0","1","0","0","0","0","0","0","0","0","0","0","0","0","40","10","30","1","1","0","0","0","0","0","0","0","-2"
"228431","Stephen F Austin State University","2013","Not on tenure/no tenure system, no academic rank","54","23","31","1","0","1","0","0","0","3","1","2","0","0","0","0","0","0","47","21","26","3","1","2","0","0","0","0","0","0","-2"
"228529","Tarleton State University","2013","Tenured total","130","88","42","2","2","0","6","5","1","0","0","0","5","4","1","0","0","0","116","76","40","1","1","0","0","0","0","0","0","0","-2"
"228529","Tarleton State University","2013","Tenured, professors","58","46","12","2","2","0","3","3","0","0","0","0","0","0","0","0","0","0","53","41","12","0","0","0","0","0","0","0","0","0","-2"
"228529","Tarleton State University","2013","Tenured, associate professors","69","41","28","0","0","0","3","2","1","0","0","0","5","4","1","0","0","0","60","34","26","1","1","0","0","0","0","0","0","0","-2"
"228529","Tarleton State University","2013","Tenured, assistant professors","3","1","2","0","0","0","0","0","0","0","0","0","0","0","0","0","0","0","3","1","2","0","0","0","0","0","0","0","0","0","-2"
"228529","Tarleton State University","2013","On-Tenure track total","84","48","36","1","0","1","5","3","2","6","3","3","1","1","0","0","0","0","61","33","28","2","2","0","1","1","0","7","5","2","-2"
"228529","Tarleton State University","2013","On-tenure track, associate professors","5","2","3","1","0","1","0","0","0","0","0","0","0","0","0","0","0","0","3","1","2","0","0","0","0","0","0","1","1","0","-2"
"228529","Tarleton State University","2013","On-tenure track, assistant professors","79","46","33","0","0","0","5","3","2","6","3","3","1","1","0","0","0","0","58","32","26","2","2","0","1","1","0","6","4","2","-2"
"228529","Tarleton State University","2013","Not on tenure track/No tenure system system total","120","36","84","1","1","0","4","0","4","3","2","1","6","0","6","0","0","0","102","31","71","2","1","1","1","0","1","1","1","0","-2"
"228529","Tarleton State University","2013","Not on tenure/no tenure system, associate professors","2","0","2","0","0","0","0","0","0","1","0","1","0","0","0","0","0","0","1","0","1","0","0","0","0","0","0","0","0","0","-2"
"228529","Tarleton State University","2013","Not on tenure/no tenure system, assistant professors","49","16","33","0","0","0","3","0","3","1","1","0","3","0","3","0","0","0","40","14","26","1","1","0","1","0","1","0","0","0","-2"
"228529","Tarleton State University","2013","Not on tenure/no tenure system, instructors","67","20","47","1","1","0","1","0","1","1","1","0","3","0","3","0","0","0","59","17","42","1","0","1","0","0","0","1","1","0","-2"
"228529","Tarleton State University","2013","Not on tenure/no tenure system, lecturers","2","0","2","0","0","0","0","0","0","0","0","0","0","0","0","0","0","0","2","0","2","0","0","0","0","0","0","0","0","0","-2"
"228653","The University of Texas Medical Branch at Galveston","2013","Tenured total","229","167","62","0","0","0","43","28","15","7","6","1","14","12","2","0","0","0","158","116","42","0","0","0","1","0","1","6","5","1","-2"
"228653","The University of Texas Medical Branch at Galveston","2013","Tenured, professors","191","141","50","0","0","0","33","21","12","6","5","1","12","10","2","0","0","0","137","103","34","0","0","0","1","0","1","2","2","0","-2"
"228653","The University of Texas Medical Branch at Galveston","2013","Tenured, associate professors","36","25","11","0","0","0","10","7","3","1","1","0","2","2","0","0","0","0","19","12","7","0","0","0","0","0","0","4","3","1","-2"
"228653","The University of Texas Medical Branch at Galveston","2013","Tenured, assistant professors","2","1","1","0","0","0","0","0","0","0","0","0","0","0","0","0","0","0","2","1","1","0","0","0","0","0","0","0","0","0","-2"
"228653","The University of Texas Medical Branch at Galveston","2013","On-Tenure track total","122","61","61","0","0","0","30","16","14","5","2","3","5","2","3","0","0","0","58","25","33","1","1","0","0","0","0","23","15","8","-2"
"228653","The University of Texas Medical Branch at Galveston","2013","On-tenure track, professors","5","3","2","0","0","0","0","0","0","0","0","0","0","0","0","0","0","0","5","3","2","0","0","0","0","0","0","0","0","0","-2"
"228653","The University of Texas Medical Branch at Galveston","2013","On-tenure track, associate professors","30","14","16","0","0","0","9","4","5","2","0","2","1","1","0","0","0","0","15","6","9","0","0","0","0","0","0","3","3","0","-2"
"228653","The University of Texas Medical Branch at Galveston","2013","On-tenure track, assistant professors","87","44","43","0","0","0","21","12","9","3","2","1","4","1","3","0","0","0","38","16","22","1","1","0","0","0","0","20","12","8","-2"
"228653","The University of Texas Medical Branch at Galveston","2013","Not on tenure track/No tenure system system total","105","39","66","0","0","0","10","4","6","5","0","5","6","3","3","1","1","0","73","26","47","1","0","1","0","0","0","9","5","4","-2"
"228653","The University of Texas Medical Branch at Galveston","2013","Not on tenure/no tenure system, professors","35","25","10","0","0","0","4","3","1","2","0","2","2","2","0","1","1","0","24","17","7","0","0","0","0","0","0","2","2","0","-2"
"228653","The University of Texas Medical Branch at Galveston","2013","Not on tenure/no tenure system, associate professors","17","4","13","0","0","0","0","0","0","1","0","1","0","0","0","0","0","0","14","3","11","0","0","0","0","0","0","2","1","1","-2"
"228653","The University of Texas Medical Branch at Galveston","2013","Not on tenure/no tenure system, assistant professors","50","9","41","0","0","0","6","1","5","2","0","2","4","1","3","0","0","0","34","6","28","1","0","1","0","0","0","3","1","2","-2"
"228653","The University of Texas Medical Branch at Galveston","2013","Not on tenure/no tenure system, instructors","3","1","2","0","0","0","0","0","0","0","0","0","0","0","0","0","0","0","1","0","1","0","0","0","0","0","0","2","1","1","-2"
"228787","The University of Texas at Dallas","2013","Tenured total","372","302","70","1","1","0","99","82","17","6","5","1","8","8","0","1","1","0","252","200","52","4","4","0","1","1","0","0","0","0","-2"
"228787","The University of Texas at Dallas","2013","Tenured, professors","239","206","33","1","1","0","62","55","7","2","2","0","6","6","0","0","0","0","165","139","26","3","3","0","0","0","0","0","0","0","-2"
"228787","The University of Texas at Dallas","2013","Tenured, associate professors","133","96","37","0","0","0","37","27","10","4","3","1","2","2","0","1","1","0","87","61","26","1","1","0","1","1","0","0","0","0","-2"
"228787","The University of Texas at Dallas","2013","On-Tenure track total","134","88","46","0","0","0","42","30","12","4","3","1","8","6","2","0","0","0","76","46","30","1","1","0","3","2","1","0","0","0","-2"
"228787","The University of Texas at Dallas","2013","On-tenure track, associate professors","12","8","4","0","0","0","2","2","0","0","0","0","1","1","0","0","0","0","9","5","4","0","0","0","0","0","0","0","0","0","-2"
"228787","The University of Texas at Dallas","2013","On-tenure track, assistant professors","122","80","42","0","0","0","40","28","12","4","3","1","7","5","2","0","0","0","67","41","26","1","1","0","3","2","1","0","0","0","-2"
"228787","The University of Texas at Dallas","2013","Not on tenure track/No tenure system system total","189","109","80","0","0","0","33","15","18","3","2","1","9","6","3","0","0","0","133","77","56","3","2","1","8","7","1","0","0","0","-2"
"228787","The University of Texas at Dallas","2013","Not on tenure/no tenure system, lecturers","189","109","80","0","0","0","33","15","18","3","2","1","9","6","3","0","0","0","133","77","56","3","2","1","8","7","1","0","0","0","-2"
"228802","The University of Texas at Tyler","2013","Tenured total","96","62","34","1","1","0","12","11","1","2","1","1","0","0","0","0","0","0","81","49","32","0","0","0","0","0","0","0","0","0","-2"
"228802","The University of Texas at Tyler","2013","Tenured, professors","46","29","17","1","1","0","9","8","1","0","0","0","0","0","0","0","0","0","36","20","16","0","0","0","0","0","0","0","0","0","-2"
"228802","The University of Texas at Tyler","2013","Tenured, associate professors","50","33","17","0","0","0","3","3","0","2","1","1","0","0","0","0","0","0","45","29","16","0","0","0","0","0","0","0","0","0","-2"
"228802","The University of Texas at Tyler","2013","On-Tenure track total","90","47","43","0","0","0","9","6","3","8","4","4","7","7","0","0","0","0","66","30","36","0","0","0","0","0","0","0","0","0","-2"
"228802","The University of Texas at Tyler","2013","On-tenure track, associate professors","18","14","4","0","0","0","1","0","1","2","2","0","1","1","0","0","0","0","14","11","3","0","0","0","0","0","0","0","0","0","-2"
"228802","The University of Texas at Tyler","2013","On-tenure track, assistant professors","72","33","39","0","0","0","8","6","2","6","2","4","6","6","0","0","0","0","52","19","33","0","0","0","0","0","0","0","0","0","-2"
"228802","The University of Texas at Tyler","2013","Not on tenure track/No tenure system system total","94","20","74","1","1","0","4","1","3","2","0","2","3","1","2","0","0","0","84","17","67","0","0","0","0","0","0","0","0","0","-2"
"228802","The University of Texas at Tyler","2013","Not on tenure/no tenure system, professors","3","2","1","0","0","0","0","0","0","0","0","0","0","0","0","0","0","0","3","2","1","0","0","0","0","0","0","0","0","0","-2"
"228802","The University of Texas at Tyler","2013","Not on tenure/no tenure system, assistant professors","7","3","4","0","0","0","2","0","2","0","0","0","0","0","0","0","0","0","5","3","2","0","0","0","0","0","0","0","0","0","-2"
"228802","The University of Texas at Tyler","2013","Not on tenure/no tenure system, instructors","44","1","43","0","0","0","0","0","0","1","0","1","1","0","1","0","0","0","42","1","41","0","0","0","0","0","0","0","0","0","-2"
"228802","The University of Texas at Tyler","2013","Not on tenure/no tenure system, lecturers","37","12","25","1","1","0","2","1","1","1","0","1","2","1","1","0","0","0","31","9","22","0","0","0","0","0","0","0","0","0","-2"
"228802","The University of Texas at Tyler","2013","Not on tenure/no tenure system, no academic rank","3","2","1","0","0","0","0","0","0","0","0","0","0","0","0","0","0","0","3","2","1","0","0","0","0","0","0","0","0","0","-2"
"229267","Trinity University","2013","Tenured total","157","98","59","0","0","0","7","5","2","5","3","2","13","9","4","0","0","0","130","80","50","0","0","0","2","1","1","0","0","0","-2"
"229267","Trinity University","2013","Tenured, professors","76","51","25","0","0","0","4","3","1","0","0","0","2","2","0","0","0","0","70","46","24","0","0","0","0","0","0","0","0","0","-2"
"229267","Trinity University","2013","Tenured, associate professors","81","47","34","0","0","0","3","2","1","5","3","2","11","7","4","0","0","0","60","34","26","0","0","0","2","1","1","0","0","0","-2"
"229267","Trinity University","2013","On-Tenure track total","53","25","28","1","0","1","5","3","2","3","1","2","8","5","3","0","0","0","30","14","16","1","0","1","0","0","0","5","2","3","-2"
"229267","Trinity University","2013","On-tenure track, associate professors","1","1","0","0","0","0","0","0","0","0","0","0","1","1","0","0","0","0","0","0","0","0","0","0","0","0","0","0","0","0","-2"
"229267","Trinity University","2013","On-tenure track, assistant professors","52","24","28","1","0","1","5","3","2","3","1","2","7","4","3","0","0","0","30","14","16","1","0","1","0","0","0","5","2","3","-2"
"229267","Trinity University","2013","Not on tenure track/No tenure system system total","20","9","11","1","1","0","1","0","1","1","0","1","3","1","2","0","0","0","11","5","6","1","1","0","1","0","1","1","1","0","-2"
"229267","Trinity University","2013","Not on tenure/no tenure system, professors","1","0","1","0","0","0","0","0","0","0","0","0","0","0","0","0","0","0","1","0","1","0","0","0","0","0","0","0","0","0","-2"
"229267","Trinity University","2013","Not on tenure/no tenure system, associate professors","1","1","0","0","0","0","0","0","0","0","0","0","0","0","0","0","0","0","1","1","0","0","0","0","0","0","0","0","0","0","-2"
"229267","Trinity University","2013","Not on tenure/no tenure system, assistant professors","14","8","6","1","1","0","1","0","1","0","0","0","2","1","1","0","0","0","7","4","3","1","1","0","1","0","1","1","1","0","-2"
"229267","Trinity University","2013","Not on tenure/no tenure system, instructors","4","0","4","0","0","0","0","0","0","1","0","1","1","0","1","0","0","0","2","0","2","0","0","0","0","0","0","0","0","0","-2"
"232706","Marymount University","2013","Tenured total","84","22","62","0","0","0","4","0","4","2","1","1","1","0","1","0","0","0","74","19","55","1","0","1","2","2","0","0","0","0","-2"
"232706","Marymount University","2013","Tenured, professors","50","15","35","0","0","0","1","0","1","1","1","0","1","0","1","0","0","0","44","12","32","1","0","1","2","2","0","0","0","0","-2"
"232706","Marymount University","2013","Tenured, associate professors","34","7","27","0","0","0","3","0","3","1","0","1","0","0","0","0","0","0","30","7","23","0","0","0","0","0","0","0","0","0","-2"
"232706","Marymount University","2013","On-Tenure track total","55","20","35","0","0","0","5","0","5","0","0","0","0","0","0","0","0","0","41","17","24","1","0","1","8","3","5","0","0","0","-2"
"232706","Marymount University","2013","On-tenure track, associate professors","4","1","3","0","0","0","1","0","1","0","0","0","0","0","0","0","0","0","3","1","2","0","0","0","0","0","0","0","0","0","-2"
"232706","Marymount University","2013","On-tenure track, assistant professors","51","19","32","0","0","0","4","0","4","0","0","0","0","0","0","0","0","0","38","16","22","1","0","1","8","3","5","0","0","0","-2"
"232706","Marymount University","2013","Not on tenure track/No tenure system system total","23","7","16","0","0","0","0","0","0","0","0","0","1","0","1","0","0","0","21","7","14","0","0","0","1","0","1","0","0","0","-2"
"232706","Marymount University","2013","Not on tenure/no tenure system, professors","2","2","0","0","0","0","0","0","0","0","0","0","0","0","0","0","0","0","2","2","0","0","0","0","0","0","0","0","0","0","-2"
"232706","Marymount University","2013","Not on tenure/no tenure system, associate professors","2","1","1","0","0","0","0","0","0","0","0","0","0","0","0","0","0","0","2","1","1","0","0","0","0","0","0","0","0","0","-2"
"232706","Marymount University","2013","Not on tenure/no tenure system, assistant professors","19","4","15","0","0","0","0","0","0","0","0","0","1","0","1","0","0","0","17","4","13","0","0","0","1","0","1","0","0","0","-2"
"234827","Central Washington University","2013","Tenured total","241","150","91","1","0","1","1","1","0","2","1","1","1","0","1","0","0","0","12","8","4","1","1","0","217","137","80","6","2","4","-2"
"234827","Central Washington University","2013","Tenured, professors","144","95","49","1","0","1","1","1","0","2","1","1","1","0","1","0","0","0","6","3","3","1","1","0","130","89","41","2","0","2","-2"
"234827","Central Washington University","2013","Tenured, associate professors","97","55","42","0","0","0","0","0","0","0","0","0","0","0","0","0","0","0","6","5","1","0","0","0","87","48","39","4","2","2","-2"
"234827","Central Washington University","2013","On-Tenure track total","114","64","50","0","0","0","2","2","0","0","0","0","0","0","0","0","0","0","10","6","4","0","0","0","93","49","44","9","7","2","-2"
"234827","Central Washington University","2013","On-tenure track, associate professors","4","3","1","0","0","0","0","0","0","0","0","0","0","0","0","0","0","0","0","0","0","0","0","0","4","3","1","0","0","0","-2"
"234827","Central Washington University","2013","On-tenure track, assistant professors","110","61","49","0","0","0","2","2","0","0","0","0","0","0","0","0","0","0","10","6","4","0","0","0","89","46","43","9","7","2","-2"
"234827","Central Washington University","2013","Not on tenure track/No tenure system system total","98","47","51","0","0","0","1","1","0","0","0","0","1","1","0","0","0","0","32","13","19","0","0","0","64","32","32","0","0","0","-2"
"234827","Central Washington University","2013","Not on tenure/no tenure system, lecturers","98","47","51","0","0","0","1","1","0","0","0","0","1","1","0","0","0","0","32","13","19","0","0","0","64","32","32","0","0","0","-2"
"235097","Eastern Washington University","2013","Tenured total","228","140","88","3","2","1","14","10","4","3","2","1","6","5","1","2","2","0","200","119","81","0","0","0","0","0","0","0","0","0","-2"
"235097","Eastern Washington University","2013","Tenured, professors","137","90","47","1","1","0","9","7","2","1","1","0","4","4","0","1","1","0","121","76","45","0","0","0","0","0","0","0","0","0","-2"
"235097","Eastern Washington University","2013","Tenured, associate professors","91","50","41","2","1","1","5","3","2","2","1","1","2","1","1","1","1","0","79","43","36","0","0","0","0","0","0","0","0","0","-2"
"235097","Eastern Washington University","2013","On-Tenure track total","85","43","42","0","0","0","6","2","4","2","1","1","6","3","3","0","0","0","64","33","31","0","0","0","0","0","0","7","4","3","-2"
"235097","Eastern Washington University","2013","On-tenure track, associate professors","1","1","0","0","0","0","0","0","0","0","0","0","0","0","0","0","0","0","1","1","0","0","0","0","0","0","0","0","0","0","-2"
"235097","Eastern Washington University","2013","On-tenure track, assistant professors","84","42","42","0","0","0","6","2","4","2","1","1","6","3","3","0","0","0","63","32","31","0","0","0","0","0","0","7","4","3","-2"
"235097","Eastern Washington University","2013","Not on tenure track/No tenure system system total","146","71","75","2","1","1","7","4","3","5","3","2","3","3","0","0","0","0","127","59","68","0","0","0","0","0","0","2","1","1","-2"
"235097","Eastern Washington University","2013","Not on tenure/no tenure system, no academic rank","146","71","75","2","1","1","7","4","3","5","3","2","3","3","0","0","0","0","127","59","68","0","0","0","0","0","0","2","1","1","-2"
"235237","Pierce College District","2013","Tenured total","62","27","35","2","1","1","2","1","1","0","0","0","2","1","1","0","0","0","52","23","29","4","1","3","0","0","0","0","0","0","-2"
"235237","Pierce College District","2013","Tenured, no academic rank","62","27","35","2","1","1","2","1","1","0","0","0","2","1","1","0","0","0","52","23","29","4","1","3","0","0","0","0","0","0","-2"
"235237","Pierce College District","2013","On-Tenure track total","7","3","4","0","0","0","0","0","0","0","0","0","0","0","0","0","0","0","6","3","3","1","0","1","0","0","0","0","0","0","-2"
"235237","Pierce College District","2013","On-tenure track, no academic rank","7","3","4","0","0","0","0","0","0","0","0","0","0","0","0","0","0","0","6","3","3","1","0","1","0","0","0","0","0","0","-2"
"235237","Pierce College District","2013","Not on tenure track/No tenure system system total","7","2","5","0","0","0","0","0","0","0","0","0","0","0","0","0","0","0","7","2","5","0","0","0","0","0","0","0","0","0","-2"
"235237","Pierce College District","2013","Not on tenure/no tenure system, no academic rank","7","2","5","0","0","0","0","0","0","0","0","0","0","0","0","0","0","0","7","2","5","0","0","0","0","0","0","0","0","0","-2"
"236452","Saint Martin's University","2013","Tenured total","51","31","20","0","0","0","5","4","1","2","2","0","1","0","1","0","0","0","43","25","18","0","0","0","0","0","0","0","0","0","-2"
"236452","Saint Martin's University","2013","Tenured, professors","19","13","6","0","0","0","4","3","1","1","1","0","1","0","1","0","0","0","13","9","4","0","0","0","0","0","0","0","0","0","-2"
"236452","Saint Martin's University","2013","Tenured, associate professors","31","18","13","0","0","0","1","1","0","1","1","0","0","0","0","0","0","0","29","16","13","0","0","0","0","0","0","0","0","0","-2"
"236452","Saint Martin's University","2013","Tenured, assistant professors","1","0","1","0","0","0","0","0","0","0","0","0","0","0","0","0","0","0","1","0","1","0","0","0","0","0","0","0","0","0","-2"
"236452","Saint Martin's University","2013","On-Tenure track total","23","15","8","0","0","0","1","0","1","0","0","0","0","0","0","0","0","0","22","15","7","0","0","0","0","0","0","0","0","0","-2"
"236452","Saint Martin's University","2013","On-tenure track, associate professors","6","4","2","0","0","0","0","0","0","0","0","0","0","0","0","0","0","0","6","4","2","0","0","0","0","0","0","0","0","0","-2"
"236452","Saint Martin's University","2013","On-tenure track, assistant professors","17","11","6","0","0","0","1","0","1","0","0","0","0","0","0","0","0","0","16","11","5","0","0","0","0","0","0","0","0","0","-2"
"236452","Saint Martin's University","2013","Not on tenure track/No tenure system system total","4","4","0","1","1","0","0","0","0","0","0","0","0","0","0","0","0","0","3","3","0","0","0","0","0","0","0","0","0","0","-2"
"236452","Saint Martin's University","2013","Not on tenure/no tenure system, instructors","4","4","0","1","1","0","0","0","0","0","0","0","0","0","0","0","0","0","3","3","0","0","0","0","0","0","0","0","0","0","-2"
"236638","Skagit Valley College","2013","Tenured total","83","33","50","2","2","0","1","0","1","0","0","0","4","2","2","0","0","0","74","27","47","0","0","0","2","2","0","0","0","0","-2"
"236638","Skagit Valley College","2013","Tenured, no academic rank","83","33","50","2","2","0","1","0","1","0","0","0","4","2","2","0","0","0","74","27","47","0","0","0","2","2","0","0","0","0","-2"
"236638","Skagit Valley College","2013","On-Tenure track total","9","3","6","0","0","0","0","0","0","0","0","0","0","0","0","0","0","0","7","2","5","0","0","0","2","1","1","0","0","0","-2"
"236638","Skagit Valley College","2013","On-tenure track, no academic rank","9","3","6","0","0","0","0","0","0","0","0","0","0","0","0","0","0","0","7","2","5","0","0","0","2","1","1","0","0","0","-2"
"236638","Skagit Valley College","2013","Not on tenure track/No tenure system system total","11","5","6","0","0","0","0","0","0","0","0","0","0","0","0","0","0","0","10","4","6","0","0","0","1","1","0","0","0","0","-2"
"236638","Skagit Valley College","2013","Not on tenure/no tenure system, no academic rank","11","5","6","0","0","0","0","0","0","0","0","0","0","0","0","0","0","0","10","4","6","0","0","0","1","1","0","0","0","0","-2"
"236887","Walla Walla Community College","2013","Tenured total","62","37","25","3","2","1","1","0","1","0","0","0","1","1","0","0","0","0","57","34","23","0","0","0","0","0","0","0","0","0","-2"
"236887","Walla Walla Community College","2013","Tenured, no academic rank","62","37","25","3","2","1","1","0","1","0","0","0","1","1","0","0","0","0","57","34","23","0","0","0","0","0","0","0","0","0","-2"
"236887","Walla Walla Community College","2013","On-Tenure track total","20","5","15","0","0","0","0","0","0","1","0","1","0","0","0","0","0","0","18","5","13","1","0","1","0","0","0","0","0","0","-2"
"236887","Walla Walla Community College","2013","On-tenure track, no academic rank","20","5","15","0","0","0","0","0","0","1","0","1","0","0","0","0","0","0","18","5","13","1","0","1","0","0","0","0","0","0","-2"
"236887","Walla Walla Community College","2013","Not on tenure track/No tenure system system total","41","29","12","0","0","0","0","0","0","0","0","0","2","2","0","0","0","0","39","27","12","0","0","0","0","0","0","0","0","0","-2"
"236887","Walla Walla Community College","2013","Not on tenure/no tenure system, no academic rank","41","29","12","0","0","0","0","0","0","0","0","0","2","2","0","0","0","0","39","27","12","0","0","0","0","0","0","0","0","0","-2"
"236896","Walla Walla University","2013","Tenured total","77","51","26","0","0","0","1","1","0","1","1","0","3","2","1","0","0","0","17","12","5","0","0","0","55","35","20","0","0","0","-2"
"236896","Walla Walla University","2013","Tenured, professors","49","34","15","0","0","0","1","1","0","1","1","0","3","2","1","0","0","0","12","8","4","0","0","0","32","22","10","0","0","0","-2"
"236896","Walla Walla University","2013","Tenured, associate professors","19","12","7","0","0","0","0","0","0","0","0","0","0","0","0","0","0","0","4","3","1","0","0","0","15","9","6","0","0","0","-2"
"236896","Walla Walla University","2013","Tenured, assistant professors","9","5","4","0","0","0","0","0","0","0","0","0","0","0","0","0","0","0","1","1","0","0","0","0","8","4","4","0","0","0","-2"
"236896","Walla Walla University","2013","On-Tenure track total","23","10","13","0","0","0","0","0","0","0","0","0","0","0","0","0","0","0","14","7","7","0","0","0","9","3","6","0","0","0","-2"
"236896","Walla Walla University","2013","On-tenure track, professors","2","1","1","0","0","0","0","0","0","0","0","0","0","0","0","0","0","0","1","1","0","0","0","0","1","0","1","0","0","0","-2"
"236896","Walla Walla University","2013","On-tenure track, associate professors","3","1","2","0","0","0","0","0","0","0","0","0","0","0","0","0","0","0","2","1","1","0","0","0","1","0","1","0","0","0","-2"
"236896","Walla Walla University","2013","On-tenure track, assistant professors","16","6","10","0","0","0","0","0","0","0","0","0","0","0","0","0","0","0","10","4","6","0","0","0","6","2","4","0","0","0","-2"
"236896","Walla Walla University","2013","On-tenure track, instructors","2","2","0","0","0","0","0","0","0","0","0","0","0","0","0","0","0","0","1","1","0","0","0","0","1","1","0","0","0","0","-2"
"236896","Walla Walla University","2013","Not on tenure track/No tenure system system total","13","6","7","0","0","0","1","1","0","0","0","0","0","0","0","0","0","0","3","2","1","0","0","0","9","3","6","0","0","0","-2"
"236896","Walla Walla University","2013","Not on tenure/no tenure system, professors","3","3","0","0","0","0","1","1","0","0","0","0","0","0","0","0","0","0","0","0","0","0","0","0","2","2","0","0","0","0","-2"
"236896","Walla Walla University","2013","Not on tenure/no tenure system, associate professors","3","1","2","0","0","0","0","0","0","0","0","0","0","0","0","0","0","0","0","0","0","0","0","0","3","1","2","0","0","0","-2"
"236896","Walla Walla University","2013","Not on tenure/no tenure system, assistant professors","3","0","3","0","0","0","0","0","0","0","0","0","0","0","0","0","0","0","0","0","0","0","0","0","3","0","3","0","0","0","-2"
"236896","Walla Walla University","2013","Not on tenure/no tenure system, instructors","4","2","2","0","0","0","0","0","0","0","0","0","0","0","0","0","0","0","3","2","1","0","0","0","1","0","1","0","0","0","-2"
"238430","Cardinal Stritch University","2013","Tenured total","50","19","31","0","0","0","3","0","3","2","2","0","2","1","1","0","0","0","42","15","27","0","0","0","1","1","0","0","0","0","-2"
"238430","Cardinal Stritch University","2013","Tenured, professors","8","5","3","0","0","0","0","0","0","0","0","0","1","0","1","0","0","0","6","4","2","0","0","0","1","1","0","0","0","0","-2"
"238430","Cardinal Stritch University","2013","Tenured, associate professors","17","3","14","0","0","0","3","0","3","0","0","0","0","0","0","0","0","0","14","3","11","0","0","0","0","0","0","0","0","0","-2"
"238430","Cardinal Stritch University","2013","Tenured, assistant professors","25","11","14","0","0","0","0","0","0","2","2","0","1","1","0","0","0","0","22","8","14","0","0","0","0","0","0","0","0","0","-2"
"238430","Cardinal Stritch University","2013","On-Tenure track total","24","5","19","0","0","0","1","0","1","2","1","1","0","0","0","0","0","0","21","4","17","0","0","0","0","0","0","0","0","0","-2"
"238430","Cardinal Stritch University","2013","On-tenure track, associate professors","1","0","1","0","0","0","1","0","1","0","0","0","0","0","0","0","0","0","0","0","0","0","0","0","0","0","0","0","0","0","-2"
"238430","Cardinal Stritch University","2013","On-tenure track, assistant professors","23","5","18","0","0","0","0","0","0","2","1","1","0","0","0","0","0","0","21","4","17","0","0","0","0","0","0","0","0","0","-2"
"238430","Cardinal Stritch University","2013","Not on tenure track/No tenure system system total","26","11","15","1","1","0","1","1","0","0","0","0","0","0","0","0","0","0","23","8","15","0","0","0","0","0","0","1","1","0","-2"
"238430","Cardinal Stritch University","2013","Not on tenure/no tenure system, associate professors","2","1","1","0","0","0","0","0","0","0","0","0","0","0","0","0","0","0","2","1","1","0","0","0","0","0","0","0","0","0","-2"
"238430","Cardinal Stritch University","2013","Not on tenure/no tenure system, assistant professors","19","9","10","1","1","0","1","1","0","0","0","0","0","0","0","0","0","0","16","6","10","0","0","0","0","0","0","1","1","0","-2"
"238430","Cardinal Stritch University","2013","Not on tenure/no tenure system, instructors","5","1","4","0","0","0","0","0","0","0","0","0","0","0","0","0","0","0","5","1","4","0","0","0","0","0","0","0","0","0","-2"
"239309","Milwaukee Institute of Art & Design","2013","Not on tenure track/No tenure system system total","41","23","18","0","0","0","2","1","1","3","2","1","0","0","0","0","0","0","36","20","16","0","0","0","0","0","0","0","0","0","-2"
"239309","Milwaukee Institute of Art & Design","2013","Not on tenure/no tenure system, professors","19","12","7","0","0","0","1","1","0","1","1","0","0","0","0","0","0","0","17","10","7","0","0","0","0","0","0","0","0","0","-2"
"239309","Milwaukee Institute of Art & Design","2013","Not on tenure/no tenure system, associate professors","14","7","7","0","0","0","1","0","1","1","1","0","0","0","0","0","0","0","12","6","6","0","0","0","0","0","0","0","0","0","-2"
"239309","Milwaukee Institute of Art & Design","2013","Not on tenure/no tenure system, assistant professors","5","3","2","0","0","0","0","0","0","0","0","0","0","0","0","0","0","0","5","3","2","0","0","0","0","0","0","0","0","0","-2"
"239309","Milwaukee Institute of Art & Design","2013","Not on tenure/no tenure system, instructors","3","1","2","0","0","0","0","0","0","1","0","1","0","0","0","0","0","0","2","1","1","0","0","0","0","0","0","0","0","0","-2"
"240374","University of Wisconsin-Parkside","2013","Tenured total","78","48","30","0","0","0","18","8","10","2","2","0","5","2","3","0","0","0","52","35","17","0","0","0","0","0","0","1","1","0","-2"
"240374","University of Wisconsin-Parkside","2013","Tenured, professors","25","17","8","0","0","0","7","5","2","1","1","0","0","0","0","0","0","0","17","11","6","0","0","0","0","0","0","0","0","0","-2"
"240374","University of Wisconsin-Parkside","2013","Tenured, associate professors","53","31","22","0","0","0","11","3","8","1","1","0","5","2","3","0","0","0","35","24","11","0","0","0","0","0","0","1","1","0","-2"
"240374","University of Wisconsin-Parkside","2013","On-Tenure track total","43","22","21","0","0","0","1","1","0","2","1","1","2","0","2","0","0","0","30","14","16","0","0","0","4","4","0","4","2","2","-2"
"240374","University of Wisconsin-Parkside","2013","On-tenure track, assistant professors","43","22","21","0","0","0","1","1","0","2","1","1","2","0","2","0","0","0","30","14","16","0","0","0","4","4","0","4","2","2","-2"
"240374","University of Wisconsin-Parkside","2013","Not on tenure track/No tenure system system total","55","23","32","1","1","0","3","2","1","4","3","1","3","1","2","0","0","0","44","16","28","0","0","0","0","0","0","0","0","0","-2"
"240374","University of Wisconsin-Parkside","2013","Not on tenure/no tenure system, assistant professors","5","2","3","0","0","0","0","0","0","0","0","0","0","0","0","0","0","0","5","2","3","0","0","0","0","0","0","0","0","0","-2"
"240374","University of Wisconsin-Parkside","2013","Not on tenure/no tenure system, lecturers","50","21","29","1","1","0","3","2","1","4","3","1","3","1","2","0","0","0","39","14","25","0","0","0","0","0","0","0","0","0","-2"
"243823","Parker University","2013","Not on tenure track/No tenure system system total","52","35","17","0","0","0","4","3","1","1","1","0","2","1","1","0","0","0","45","30","15","0","0","0","0","0","0","0","0","0","-2"
"243823","Parker University","2013","Not on tenure/no tenure system, professors","14","12","2","0","0","0","0","0","0","0","0","0","0","0","0","0","0","0","14","12","2","0","0","0","0","0","0","0","0","0","-2"
"243823","Parker University","2013","Not on tenure/no tenure system, associate professors","23","15","8","0","0","0","3","2","1","1","1","0","0","0","0","0","0","0","19","12","7","0","0","0","0","0","0","0","0","0","-2"
"243823","Parker University","2013","Not on tenure/no tenure system, assistant professors","11","7","4","0","0","0","1","1","0","0","0","0","2","1","1","0","0","0","8","5","3","0","0","0","0","0","0","0","0","0","-2"
"243823","Parker University","2013","Not on tenure/no tenure system, no academic rank","4","1","3","0","0","0","0","0","0","0","0","0","0","0","0","0","0","0","4","1","3","0","0","0","0","0","0","0","0","0","-2"
"244233","City College-Fort Lauderdale","2013","Not on tenure track/No tenure system system total","13","5","8","0","0","0","0","0","0","0","0","0","2","1","1","0","0","0","4","2","2","0","0","0","7","2","5","0","0","0","-2"
"244233","City College-Fort Lauderdale","2013","Not on tenure/no tenure system, instructors","13","5","8","0","0","0","0","0","0","0","0","0","2","1","1","0","0","0","4","2","2","0","0","0","7","2","5","0","0","0","-2"
"245838","Antioch University-Los Angeles","2013","Not on tenure track/No tenure system system total","32","15","17","0","0","0","3","1","2","2","0","2","1","1","0","0","0","0","26","13","13","0","0","0","0","0","0","0","0","0","-2"
"245838","Antioch University-Los Angeles","2013","Not on tenure/no tenure system, no academic rank","32","15","17","0","0","0","3","1","2","2","0","2","1","1","0","0","0","0","26","13","13","0","0","0","0","0","0","0","0","0","-2"
"247834","Collin County Community College District","2013","Not on tenure track/No tenure system system total","379","157","222","5","2","3","16","1","15","18","9","9","20","5","15","0","0","0","316","136","180","4","4","0","0","0","0","0","0","0","-2"
"247834","Collin County Community College District","2013","Not on tenure/no tenure system, no academic rank","379","157","222","5","2","3","16","1","15","18","9","9","20","5","15","0","0","0","316","136","180","4","4","0","0","0","0","0","0","0","-2"
"262086","Brandman University","2013","Not on tenure track/No tenure system system total","70","26","44","0","0","0","2","1","1","6","3","3","3","3","0","1","1","0","47","16","31","0","0","0","11","2","9","0","0","0","-2"
"262086","Brandman University","2013","Not on tenure/no tenure system, professors","8","2","6","0","0","0","0","0","0","2","0","2","0","0","0","0","0","0","3","2","1","0","0","0","3","0","3","0","0","0","-2"
"262086","Brandman University","2013","Not on tenure/no tenure system, associate professors","15","5","10","0","0","0","0","0","0","0","0","0","1","1","0","0","0","0","13","4","9","0","0","0","1","0","1","0","0","0","-2"
"262086","Brandman University","2013","Not on tenure/no tenure system, assistant professors","47","19","28","0","0","0","2","1","1","4","3","1","2","2","0","1","1","0","31","10","21","0","0","0","7","2","5","0","0","0","-2"
"262129","New College of Florida","2013","Tenured total","53","27","26","0","0","0","1","1","0","2","1","1","3","1","2","0","0","0","46","24","22","0","0","0","0","0","0","1","0","1","-2"
"262129","New College of Florida","2013","Tenured, professors","30","19","11","0","0","0","0","0","0","1","1","0","1","1","0","0","0","0","28","17","11","0","0","0","0","0","0","0","0","0","-2"
"262129","New College of Florida","2013","Tenured, associate professors","23","8","15","0","0","0","1","1","0","1","0","1","2","0","2","0","0","0","18","7","11","0","0","0","0","0","0","1","0","1","-2"
"262129","New College of Florida","2013","On-Tenure track total","12","5","7","0","0","0","2","0","2","2","0","2","0","0","0","0","0","0","8","5","3","0","0","0","0","0","0","0","0","0","-2"
"262129","New College of Florida","2013","On-tenure track, assistant professors","12","5","7","0","0","0","2","0","2","2","0","2","0","0","0","0","0","0","8","5","3","0","0","0","0","0","0","0","0","0","-2"
"262129","New College of Florida","2013","Not on tenure track/No tenure system system total","10","5","5","0","0","0","0","0","0","0","0","0","1","0","1","0","0","0","8","5","3","0","0","0","0","0","0","1","0","1","-2"
"262129","New College of Florida","2013","Not on tenure/no tenure system, assistant professors","6","4","2","0","0","0","0","0","0","0","0","0","0","0","0","0","0","0","6","4","2","0","0","0","0","0","0","0","0","0","-2"
"262129","New College of Florida","2013","Not on tenure/no tenure system, instructors","2","0","2","0","0","0","0","0","0","0","0","0","1","0","1","0","0","0","1","0","1","0","0","0","0","0","0","0","0","0","-2"
"262129","New College of Florida","2013","Not on tenure/no tenure system, no academic rank","2","1","1","0","0","0","0","0","0","0","0","0","0","0","0","0","0","0","1","1","0","0","0","0","0","0","0","1","0","1","-2"
"377564","University of Washington-Tacoma Campus","2013","Tenured total","74","40","34","0","0","0","9","7","2","5","3","2","6","3","3","0","0","0","48","23","25","1","0","1","3","3","0","2","1","1","-2"
"377564","University of Washington-Tacoma Campus","2013","Tenured, professors","28","16","12","0","0","0","5","3","2","1","1","0","1","1","0","0","0","0","19","9","10","0","0","0","2","2","0","0","0","0","-2"
"377564","University of Washington-Tacoma Campus","2013","Tenured, associate professors","46","24","22","0","0","0","4","4","0","4","2","2","5","2","3","0","0","0","29","14","15","1","0","1","1","1","0","2","1","1","-2"
"377564","University of Washington-Tacoma Campus","2013","On-Tenure track total","35","16","19","0","0","0","4","2","2","1","0","1","0","0","0","0","0","0","18","10","8","0","0","0","6","2","4","6","2","4","-2"
"377564","University of Washington-Tacoma Campus","2013","On-tenure track, assistant professors","35","16","19","0","0","0","4","2","2","1","0","1","0","0","0","0","0","0","18","10","8","0","0","0","6","2","4","6","2","4","-2"
"377564","University of Washington-Tacoma Campus","2013","Not on tenure track/No tenure system system total","76","32","44","0","0","0","0","0","0","1","0","1","1","0","1","1","0","1","44","19","25","2","2","0","25","10","15","2","1","1","-2"
"377564","University of Washington-Tacoma Campus","2013","Not on tenure/no tenure system, professors","2","2","0","0","0","0","0","0","0","0","0","0","0","0","0","0","0","0","1","1","0","1","1","0","0","0","0","0","0","0","-2"
"377564","University of Washington-Tacoma Campus","2013","Not on tenure/no tenure system, associate professors","2","0","2","0","0","0","0","0","0","1","0","1","0","0","0","0","0","0","1","0","1","0","0","0","0","0","0","0","0","0","-2"
"377564","University of Washington-Tacoma Campus","2013","Not on tenure/no tenure system, assistant professors","2","0","2","0","0","0","0","0","0","0","0","0","0","0","0","0","0","0","1","0","1","0","0","0","1","0","1","0","0","0","-2"
"377564","University of Washington-Tacoma Campus","2013","Not on tenure/no tenure system, lecturers","66","28","38","0","0","0","0","0","0","0","0","0","1","0","1","1","0","1","40","18","22","1","1","0","21","8","13","2","1","1","-2"
"377564","University of Washington-Tacoma Campus","2013","Not on tenure/no tenure system, no academic rank","4","2","2","0","0","0","0","0","0","0","0","0","0","0","0","0","0","0","1","0","1","0","0","0","3","2","1","0","0","0","-2"
"385619","Everglades University","2013","Not on tenure track/No tenure system system total","85","54","31","0","0","0","4","2","2","6","4","2","8","6","2","1","1","0","64","41","23","2","0","2","0","0","0","0","0","0","-2"
"385619","Everglades University","2013","Not on tenure/no tenure system, instructors","85","54","31","0","0","0","4","2","2","6","4","2","8","6","2","1","1","0","64","41","23","2","0","2","0","0","0","0","0","0","-2"
"386472","Herzing University-Orlando","2013","Not on tenure track/No tenure system system total","22","3","19","0","0","0","0","0","0","5","1","4","1","0","1","0","0","0","16","2","14","0","0","0","0","0","0","0","0","0","-2"
"386472","Herzing University-Orlando","2013","Not on tenure/no tenure system, professors","12","1","11","0","0","0","0","0","0","2","0","2","0","0","0","0","0","0","10","1","9","0","0","0","0","0","0","0","0","0","-2"
"386472","Herzing University-Orlando","2013","Not on tenure/no tenure system, associate professors","10","2","8","0","0","0","0","0","0","3","1","2","1","0","1","0","0","0","6","1","5","0","0","0","0","0","0","0","0","0","-2"
"388520","College of Biblical Studies-Houston","2013","Not on tenure track/No tenure system system total","16","15","1","0","0","0","0","0","0","4","4","0","3","3","0","0","0","0","9","8","1","0","0","0","0","0","0","0","0","0","-2"
"388520","College of Biblical Studies-Houston","2013","Not on tenure/no tenure system, professors","11","10","1","0","0","0","0","0","0","4","4","0","1","1","0","0","0","0","6","5","1","0","0","0","0","0","0","0","0","0","-2"
"388520","College of Biblical Studies-Houston","2013","Not on tenure/no tenure system, associate professors","3","3","0","0","0","0","0","0","0","0","0","0","0","0","0","0","0","0","3","3","0","0","0","0","0","0","0","0","0","0","-2"
"388520","College of Biblical Studies-Houston","2013","Not on tenure/no tenure system, assistant professors","2","2","0","0","0","0","0","0","0","0","0","0","2","2","0","0","0","0","0","0","0","0","0","0","0","0","0","0","0","0","-2"
"418126","New York College of Health Professions","2013","Not on tenure track/No tenure system system total","9","4","5","0","0","0","6","2","4","0","0","0","0","0","0","0","0","0","3","2","1","0","0","0","0","0","0","0","0","0","-2"
"418126","New York College of Health Professions","2013","Not on tenure/no tenure system, instructors","9","4","5","0","0","0","6","2","4","0","0","0","0","0","0","0","0","0","3","2","1","0","0","0","0","0","0","0","0","0","-2"
"420574","Arizona State University-Polytechnic","2013","Tenured total","60","46","14","0","0","0","6","5","1","3","2","1","1","1","0","0","0","0","48","36","12","0","0","0","1","1","0","1","1","0","-2"
"420574","Arizona State University-Polytechnic","2013","Tenured, professors","26","20","6","0","0","0","1","0","1","1","1","0","0","0","0","0","0","0","24","19","5","0","0","0","0","0","0","0","0","0","-2"
"420574","Arizona State University-Polytechnic","2013","Tenured, associate professors","34","26","8","0","0","0","5","5","0","2","1","1","1","1","0","0","0","0","24","17","7","0","0","0","1","1","0","1","1","0","-2"
"420574","Arizona State University-Polytechnic","2013","On-Tenure track total","38","23","15","0","0","0","7","4","3","1","0","1","2","2","0","0","0","0","21","13","8","1","1","0","0","0","0","6","3","3","-2"
"420574","Arizona State University-Polytechnic","2013","On-tenure track, associate professors","1","1","0","0","0","0","0","0","0","0","0","0","0","0","0","0","0","0","1","1","0","0","0","0","0","0","0","0","0","0","-2"
"420574","Arizona State University-Polytechnic","2013","On-tenure track, assistant professors","37","22","15","0","0","0","7","4","3","1","0","1","2","2","0","0","0","0","20","12","8","1","1","0","0","0","0","6","3","3","-2"
"420574","Arizona State University-Polytechnic","2013","Not on tenure track/No tenure system system total","83","36","47","0","0","0","2","0","2","2","0","2","7","3","4","0","0","0","68","30","38","1","1","0","0","0","0","3","2","1","-2"
"420574","Arizona State University-Polytechnic","2013","Not on tenure/no tenure system, professors","2","2","0","0","0","0","0","0","0","0","0","0","0","0","0","0","0","0","2","2","0","0","0","0","0","0","0","0","0","0","-2"
"420574","Arizona State University-Polytechnic","2013","Not on tenure/no tenure system, associate professors","2","1","1","0","0","0","0","0","0","0","0","0","1","0","1","0","0","0","0","0","0","1","1","0","0","0","0","0","0","0","-2"
"420574","Arizona State University-Polytechnic","2013","Not on tenure/no tenure system, assistant professors","8","1","7","0","0","0","0","0","0","1","0","1","2","1","1","0","0","0","4","0","4","0","0","0","0","0","0","1","0","1","-2"
"420574","Arizona State University-Polytechnic","2013","Not on tenure/no tenure system, instructors","30","10","20","0","0","0","1","0","1","1","0","1","2","0","2","0","0","0","26","10","16","0","0","0","0","0","0","0","0","0","-2"
"420574","Arizona State University-Polytechnic","2013","Not on tenure/no tenure system, lecturers","40","22","18","0","0","0","1","0","1","0","0","0","2","2","0","0","0","0","35","18","17","0","0","0","0","0","0","2","2","0","-2"
"420574","Arizona State University-Polytechnic","2013","Not on tenure/no tenure system, no academic rank","1","0","1","0","0","0","0","0","0","0","0","0","0","0","0","0","0","0","1","0","1","0","0","0","0","0","0","0","0","0","-2"
"426314","Embry-Riddle Aeronautical University-Worldwide","2013","Tenured total","4","3","1","0","0","0","0","0","0","0","0","0","0","0","0","0","0","0","4","3","1","0","0","0","0","0","0","0","0","0","-2"
"426314","Embry-Riddle Aeronautical University-Worldwide","2013","Tenured, professors","3","3","0","0","0","0","0","0","0","0","0","0","0","0","0","0","0","0","3","3","0","0","0","0","0","0","0","0","0","0","-2"
"426314","Embry-Riddle Aeronautical University-Worldwide","2013","Tenured, associate professors","1","0","1","0","0","0","0","0","0","0","0","0","0","0","0","0","0","0","1","0","1","0","0","0","0","0","0","0","0","0","-2"
"426314","Embry-Riddle Aeronautical University-Worldwide","2013","On-Tenure track total","21","16","5","0","0","0","0","0","0","0","0","0","0","0","0","0","0","0","16","12","4","0","0","0","4","3","1","1","1","0","-2"
"426314","Embry-Riddle Aeronautical University-Worldwide","2013","On-tenure track, associate professors","2","0","2","0","0","0","0","0","0","0","0","0","0","0","0","0","0","0","1","0","1","0","0","0","1","0","1","0","0","0","-2"
"426314","Embry-Riddle Aeronautical University-Worldwide","2013","On-tenure track, assistant professors","19","16","3","0","0","0","0","0","0","0","0","0","0","0","0","0","0","0","15","12","3","0","0","0","3","3","0","1","1","0","-2"
"426314","Embry-Riddle Aeronautical University-Worldwide","2013","Not on tenure track/No tenure system system total","87","66","21","1","1","0","1","1","0","4","4","0","2","1","1","1","1","0","74","55","19","1","0","1","3","3","0","0","0","0","-2"
"426314","Embry-Riddle Aeronautical University-Worldwide","2013","Not on tenure/no tenure system, professors","2","2","0","0","0","0","0","0","0","0","0","0","0","0","0","0","0","0","2","2","0","0","0","0","0","0","0","0","0","0","-2"
"426314","Embry-Riddle Aeronautical University-Worldwide","2013","Not on tenure/no tenure system, associate professors","16","14","2","1","1","0","1","1","0","0","0","0","0","0","0","0","0","0","14","12","2","0","0","0","0","0","0","0","0","0","-2"
"426314","Embry-Riddle Aeronautical University-Worldwide","2013","Not on tenure/no tenure system, assistant professors","47","36","11","0","0","0","0","0","0","3","3","0","1","0","1","1","1","0","38","29","9","1","0","1","3","3","0","0","0","0","-2"
"426314","Embry-Riddle Aeronautical University-Worldwide","2013","Not on tenure/no tenure system, instructors","22","14","8","0","0","0","0","0","0","1","1","0","1","1","0","0","0","0","20","12","8","0","0","0","0","0","0","0","0","0","-2"
"433660","Florida Gulf Coast University","2013","Tenured total","7","3","4","0","0","0","0","0","0","0","0","0","1","0","1","0","0","0","6","3","3","0","0","0","0","0","0","0","0","0","-2"
"433660","Florida Gulf Coast University","2013","Tenured, professors","6","3","3","0","0","0","0","0","0","0","0","0","1","0","1","0","0","0","5","3","2","0","0","0","0","0","0","0","0","0","-2"
"433660","Florida Gulf Coast University","2013","Tenured, associate professors","1","0","1","0","0","0","0","0","0","0","0","0","0","0","0","0","0","0","1","0","1","0","0","0","0","0","0","0","0","0","-2"
"433660","Florida Gulf Coast University","2013","Not on tenure track/No tenure system system total","422","233","189","2","2","0","25","18","7","15","8","7","24","12","12","0","0","0","340","181","159","2","1","1","0","0","0","14","11","3","-2"
"433660","Florida Gulf Coast University","2013","Not on tenure/no tenure system, professors","69","44","25","0","0","0","2","2","0","1","0","1","6","4","2","0","0","0","58","36","22","1","1","0","0","0","0","1","1","0","-2"
"433660","Florida Gulf Coast University","2013","Not on tenure/no tenure system, associate professors","106","63","43","0","0","0","11","9","2","5","5","0","4","1","3","0","0","0","84","47","37","1","0","1","0","0","0","1","1","0","-2"
"433660","Florida Gulf Coast University","2013","Not on tenure/no tenure system, assistant professors","154","83","71","2","2","0","10","5","5","6","1","5","8","4","4","0","0","0","118","63","55","0","0","0","0","0","0","10","8","2","-2"
"433660","Florida Gulf Coast University","2013","Not on tenure/no tenure system, instructors","93","43","50","0","0","0","2","2","0","3","2","1","6","3","3","0","0","0","80","35","45","0","0","0","0","0","0","2","1","1","-2"
"439288","Johnson & Wales University-Denver","2013","Not on tenure track/No tenure system system total","52","32","20","0","0","0","0","0","0","0","0","0","2","1","1","0","0","0","50","31","19","0","0","0","0","0","0","0","0","0","-2"
"439288","Johnson & Wales University-Denver","2013","Not on tenure/no tenure system, professors","3","2","1","0","0","0","0","0","0","0","0","0","0","0","0","0","0","0","3","2","1","0","0","0","0","0","0","0","0","0","-2"
"439288","Johnson & Wales University-Denver","2013","Not on tenure/no tenure system, associate professors","18","10","8","0","0","0","0","0","0","0","0","0","2","1","1","0","0","0","16","9","7","0","0","0","0","0","0","0","0","0","-2"
"439288","Johnson & Wales University-Denver","2013","Not on tenure/no tenure system, assistant professors","20","12","8","0","0","0","0","0","0","0","0","0","0","0","0","0","0","0","20","12","8","0","0","0","0","0","0","0","0","0","-2"
"439288","Johnson & Wales University-Denver","2013","Not on tenure/no tenure system, instructors","11","8","3","0","0","0","0","0","0","0","0","0","0","0","0","0","0","0","11","8","3","0","0","0","0","0","0","0","0","0","-2"
"446233","Ecclesia College","2013","Not on tenure track/No tenure system system total","5","2","3","0","0","0","0","0","0","0","0","0","0","0","0","0","0","0","5","2","3","0","0","0","0","0","0","0","0","0","-2"
"446233","Ecclesia College","2013","Not on tenure/no tenure system, no academic rank","5","2","3","0","0","0","0","0","0","0","0","0","0","0","0","0","0","0","5","2","3","0","0","0","0","0","0","0","0","0","-2"
"447689","Georgia Gwinnett College","2013","Not on tenure track/No tenure system system total","344","173","171","2","1","1","36","17","19","38","17","21","14","9","5","0","0","0","220","112","108","0","0","0","17","7","10","17","10","7","-2"
"447689","Georgia Gwinnett College","2013","Not on tenure/no tenure system, professors","23","17","6","0","0","0","4","3","1","2","2","0","0","0","0","0","0","0","17","12","5","0","0","0","0","0","0","0","0","0","-2"
"447689","Georgia Gwinnett College","2013","Not on tenure/no tenure system, associate professors","65","37","28","0","0","0","12","7","5","10","4","6","2","1","1","0","0","0","38","24","14","0","0","0","2","1","1","1","0","1","-2"
"447689","Georgia Gwinnett College","2013","Not on tenure/no tenure system, assistant professors","228","113","115","2","1","1","18","7","11","23","11","12","12","8","4","0","0","0","143","70","73","0","0","0","14","6","8","16","10","6","-2"
"447689","Georgia Gwinnett College","2013","Not on tenure/no tenure system, instructors","28","6","22","0","0","0","2","0","2","3","0","3","0","0","0","0","0","0","22","6","16","0","0","0","1","0","1","0","0","0","-2"
"448761","CollegeAmerica-Fort Collins","2013","Not on tenure track/No tenure system system total","1","0","1","0","0","0","0","0","0","0","0","0","1","0","1","0","0","0","0","0","0","0","0","0","0","0","0","0","0","0","-2"
"448761","CollegeAmerica-Fort Collins","2013","Not on tenure/no tenure system, instructors","1","0","1","0","0","0","0","0","0","0","0","0","1","0","1","0","0","0","0","0","0","0","0","0","0","0","0","0","0","0","-2"
"448840","University of South Florida-St Petersburg","2013","Tenured total","58","36","22","0","0","0","4","2","2","1","0","1","5","3","2","0","0","0","46","30","16","1","1","0","0","0","0","1","0","1","-2"
"448840","University of South Florida-St Petersburg","2013","Tenured, professors","20","17","3","0","0","0","2","1","1","0","0","0","1","1","0","0","0","0","17","15","2","0","0","0","0","0","0","0","0","0","-2"
"448840","University of South Florida-St Petersburg","2013","Tenured, associate professors","38","19","19","0","0","0","2","1","1","1","0","1","4","2","2","0","0","0","29","15","14","1","1","0","0","0","0","1","0","1","-2"
"448840","University of South Florida-St Petersburg","2013","On-Tenure track total","28","16","12","0","0","0","4","2","2","1","1","0","3","1","2","0","0","0","14","9","5","0","0","0","0","0","0","6","3","3","-2"
"448840","University of South Florida-St Petersburg","2013","On-tenure track, associate professors","5","3","2","0","0","0","1","0","1","0","0","0","1","0","1","0","0","0","2","2","0","0","0","0","0","0","0","1","1","0","-2"
"448840","University of South Florida-St Petersburg","2013","On-tenure track, assistant professors","23","13","10","0","0","0","3","2","1","1","1","0","2","1","1","0","0","0","12","7","5","0","0","0","0","0","0","5","2","3","-2"
"448840","University of South Florida-St Petersburg","2013","Not on tenure track/No tenure system system total","41","16","25","0","0","0","4","1","3","3","2","1","1","1","0","0","0","0","32","12","20","0","0","0","0","0","0","1","0","1","-2"
"448840","University of South Florida-St Petersburg","2013","Not on tenure/no tenure system, associate professors","1","0","1","0","0","0","0","0","0","0","0","0","0","0","0","0","0","0","1","0","1","0","0","0","0","0","0","0","0","0","-2"
"448840","University of South Florida-St Petersburg","2013","Not on tenure/no tenure system, assistant professors","10","4","6","0","0","0","2","0","2","0","0","0","0","0","0","0","0","0","7","4","3","0","0","0","0","0","0","1","0","1","-2"
"448840","University of South Florida-St Petersburg","2013","Not on tenure/no tenure system, instructors","27","12","15","0","0","0","2","1","1","3","2","1","1","1","0","0","0","0","21","8","13","0","0","0","0","0","0","0","0","0","-2"
"448840","University of South Florida-St Petersburg","2013","Not on tenure/no tenure system, no academic rank","3","0","3","0","0","0","0","0","0","0","0","0","0","0","0","0","0","0","3","0","3","0","0","0","0","0","0","0","0","0","-2"
"451671","University of South Florida-Sarasota-Manatee","2013","Tenured total","17","8","9","0","0","0","1","1","0","1","0","1","0","0","0","0","0","0","13","7","6","0","0","0","1","0","1","1","0","1","-2"
"451671","University of South Florida-Sarasota-Manatee","2013","Tenured, professors","5","4","1","0","0","0","1","1","0","0","0","0","0","0","0","0","0","0","4","3","1","0","0","0","0","0","0","0","0","0","-2"
"451671","University of South Florida-Sarasota-Manatee","2013","Tenured, associate professors","12","4","8","0","0","0","0","0","0","1","0","1","0","0","0","0","0","0","9","4","5","0","0","0","1","0","1","1","0","1","-2"
"451671","University of South Florida-Sarasota-Manatee","2013","On-Tenure track total","14","7","7","0","0","0","3","1","2","1","1","0","0","0","0","0","0","0","10","5","5","0","0","0","0","0","0","0","0","0","-2"
"451671","University of South Florida-Sarasota-Manatee","2013","On-tenure track, assistant professors","14","7","7","0","0","0","3","1","2","1","1","0","0","0","0","0","0","0","10","5","5","0","0","0","0","0","0","0","0","0","-2"
"451671","University of South Florida-Sarasota-Manatee","2013","Not on tenure track/No tenure system system total","39","16","23","0","0","0","3","1","2","1","0","1","2","1","1","0","0","0","32","14","18","0","0","0","0","0","0","1","0","1","-2"
"451671","University of South Florida-Sarasota-Manatee","2013","Not on tenure/no tenure system, instructors","39","16","23","0","0","0","3","1","2","1","0","1","2","1","1","0","0","0","32","14","18","0","0","0","0","0","0","1","0","1","-2"
"455664","The Chicago School of Professional Psychology at Los Angeles","2013","Not on tenure track/No tenure system system total","39","21","18","0","0","0","1","0","1","7","2","5","2","1","1","0","0","0","24","15","9","3","2","1","2","1","1","0","0","0","-2"
"455664","The Chicago School of Professional Psychology at Los Angeles","2013","Not on tenure/no tenure system, professors","2","2","0","0","0","0","0","0","0","0","0","0","0","0","0","0","0","0","1","1","0","0","0","0","1","1","0","0","0","0","-2"
"455664","The Chicago School of Professional Psychology at Los Angeles","2013","Not on tenure/no tenure system, associate professors","13","9","4","0","0","0","0","0","0","3","1","2","1","1","0","0","0","0","7","7","0","1","0","1","1","0","1","0","0","0","-2"
"455664","The Chicago School of Professional Psychology at Los Angeles","2013","Not on tenure/no tenure system, assistant professors","23","9","14","0","0","0","1","0","1","4","1","3","1","0","1","0","0","0","15","6","9","2","2","0","0","0","0","0","0","0","-2"
"455664","The Chicago School of Professional Psychology at Los Angeles","2013","Not on tenure/no tenure system, no academic rank","1","1","0","0","0","0","0","0","0","0","0","0","0","0","0","0","0","0","1","1","0","0","0","0","0","0","0","0","0","0","-2"
"459824","Touro University Nevada","2013","Not on tenure track/No tenure system system total","65","33","32","1","0","1","6","4","2","1","0","1","0","0","0","0","0","0","51","28","23","0","0","0","5","0","5","1","1","0","-2"
"459824","Touro University Nevada","2013","Not on tenure/no tenure system, professors","6","6","0","0","0","0","1","1","0","0","0","0","0","0","0","0","0","0","4","4","0","0","0","0","0","0","0","1","1","0","-2"
"459824","Touro University Nevada","2013","Not on tenure/no tenure system, associate professors","15","7","8","0","0","0","4","3","1","0","0","0","0","0","0","0","0","0","10","4","6","0","0","0","1","0","1","0","0","0","-2"
"459824","Touro University Nevada","2013","Not on tenure/no tenure system, assistant professors","42","19","23","1","0","1","1","0","1","1","0","1","0","0","0","0","0","0","35","19","16","0","0","0","4","0","4","0","0","0","-2"
"459824","Touro University Nevada","2013","Not on tenure/no tenure system, instructors","2","1","1","0","0","0","0","0","0","0","0","0","0","0","0","0","0","0","2","1","1","0","0","0","0","0","0","0","0","0","-2"
"459842","Herzing University-Kenosha","2013","Not on tenure track/No tenure system system total","15","2","13","0","0","0","1","0","1","2","1","1","0","0","0","1","0","1","10","1","9","1","0","1","0","0","0","0","0","0","-2"
"459842","Herzing University-Kenosha","2013","Not on tenure/no tenure system, professors","6","1","5","0","0","0","0","0","0","0","0","0","0","0","0","1","0","1","5","1","4","0","0","0","0","0","0","0","0","0","-2"
"459842","Herzing University-Kenosha","2013","Not on tenure/no tenure system, associate professors","6","1","5","0","0","0","1","0","1","2","1","1","0","0","0","0","0","0","2","0","2","1","0","1","0","0","0","0","0","0","-2"
"459842","Herzing University-Kenosha","2013","Not on tenure/no tenure system, assistant professors","3","0","3","0","0","0","0","0","0","0","0","0","0","0","0","0","0","0","3","0","3","0","0","0","0","0","0","0","0","0","-2"
"460899","Stevens-Henager College","2013","Not on tenure track/No tenure system system total","7","3","4","0","0","0","1","0","1","0","0","0","1","1","0","0","0","0","5","2","3","0","0","0","0","0","0","0","0","0","-2"
"460899","Stevens-Henager College","2013","Not on tenure/no tenure system, instructors","7","3","4","0","0","0","1","0","1","0","0","0","1","1","0","0","0","0","5","2","3","0","0","0","0","0","0","0","0","0","-2"
"461795","North American University","2013","Not on tenure track/No tenure system system total","22","12","10","0","0","0","1","0","1","1","0","1","0","0","0","0","0","0","14","9","5","0","0","0","0","0","0","6","3","3","-2"
"461795","North American University","2013","Not on tenure/no tenure system, associate professors","3","3","0","0","0","0","0","0","0","0","0","0","0","0","0","0","0","0","3","3","0","0","0","0","0","0","0","0","0","0","-2"
"461795","North American University","2013","Not on tenure/no tenure system, assistant professors","17","8","9","0","0","0","1","0","1","0","0","0","0","0","0","0","0","0","10","5","5","0","0","0","0","0","0","6","3","3","-2"
"461795","North American University","2013","Not on tenure/no tenure system, instructors","1","1","0","0","0","0","0","0","0","0","0","0","0","0","0","0","0","0","1","1","0","0","0","0","0","0","0","0","0","0","-2"
"461795","North American University","2013","Not on tenure/no tenure system, lecturers","1","0","1","0","0","0","0","0","0","1","0","1","0","0","0","0","0","0","0","0","0","0","0","0","0","0","0","0","0","0","-2"
"483124","Arizona State University Digital Immersion","2013","Tenured total","53","27","26","1","0","1","2","1","1","3","1","2","7","4","3","0","0","0","40","21","19","0","0","0","0","0","0","0","0","0","-2"
"483124","Arizona State University Digital Immersion","2013","Tenured, professors","22","14","8","0","0","0","1","1","0","0","0","0","3","1","2","0","0","0","18","12","6","0","0","0","0","0","0","0","0","0","-2"
"483124","Arizona State University Digital Immersion","2013","Tenured, associate professors","31","13","18","1","0","1","1","0","1","3","1","2","4","3","1","0","0","0","22","9","13","0","0","0","0","0","0","0","0","0","-2"
"483124","Arizona State University Digital Immersion","2013","On-Tenure track total","13","7","6","1","1","0","0","0","0","0","0","0","2","1","1","0","0","0","10","5","5","0","0","0","0","0","0","0","0","0","-2"
"483124","Arizona State University Digital Immersion","2013","On-tenure track, assistant professors","13","7","6","1","1","0","0","0","0","0","0","0","2","1","1","0","0","0","10","5","5","0","0","0","0","0","0","0","0","0","-2"
"483124","Arizona State University Digital Immersion","2013","Not on tenure track/No tenure system system total","155","51","104","1","0","1","7","4","3","4","0","4","6","3","3","1","0","1","128","41","87","3","1","2","1","0","1","4","2","2","-2"
"483124","Arizona State University Digital Immersion","2013","Not on tenure/no tenure system, professors","3","3","0","0","0","0","0","0","0","0","0","0","0","0","0","0","0","0","3","3","0","0","0","0","0","0","0","0","0","0","-2"
"483124","Arizona State University Digital Immersion","2013","Not on tenure/no tenure system, associate professors","11","2","9","0","0","0","0","0","0","2","0","2","1","0","1","0","0","0","8","2","6","0","0","0","0","0","0","0","0","0","-2"
"483124","Arizona State University Digital Immersion","2013","Not on tenure/no tenure system, assistant professors","13","3","10","0","0","0","0","0","0","0","0","0","1","1","0","0","0","0","12","2","10","0","0","0","0","0","0","0","0","0","-2"
"483124","Arizona State University Digital Immersion","2013","Not on tenure/no tenure system, instructors","41","13","28","0","0","0","0","0","0","2","0","2","2","1","1","0","0","0","36","12","24","1","0","1","0","0","0","0","0","0","-2"
"483124","Arizona State University Digital Immersion","2013","Not on tenure/no tenure system, lecturers","87","30","57","1","0","1","7","4","3","0","0","0","2","1","1","1","0","1","69","22","47","2","1","1","1","0","1","4","2","2","-2"
