"unitid","institution name","year","S2016_IS.Instructional staff category","S2016_IS_RV.Grand total","S2016_IS_RV.Grand total men","S2016_IS_RV.Grand total women","S2016_IS_RV.American Indian or Alaska Native total","S2016_IS_RV.American Indian or Alaska Native men","S2016_IS_RV.American Indian or Alaska Native women","S2016_IS_RV.Asian total","S2016_IS_RV.Asian men","S2016_IS_RV.Asian women","S2016_IS_RV.Black or African American total","S2016_IS_RV.Black or African American men","S2016_IS_RV.Black or African American women","S2016_IS_RV.Hispanic or Latino total","S2016_IS_RV.Hispanic or Latino men","S2016_IS_RV.Hispanic or Latino women","S2016_IS_RV.Native Hawaiian or Other Pacific Islander total","S2016_IS_RV.Native Hawaiian or Other Pacific Islander men","S2016_IS_RV.Native Hawaiian or Other Pacific Islander women","S2016_IS_RV.White total","S2016_IS_RV.White men","S2016_IS_RV.White women","S2016_IS_RV.Two or more races total","S2016_IS_RV.Two or more races men","S2016_IS_RV.Two or more races women","S2016_IS_RV.Race/ethnicity unknown total","S2016_IS_RV.Race/ethnicity unknown men","S2016_IS_RV.Race/ethnicity unknown women","S2016_IS_RV.Nonresident alien total","S2016_IS_RV.Nonresident alien men","S2016_IS_RV.Nonresident alien women","IDX_HR"
"105899","Arizona Christian University","2016","Not on tenure track/No tenure system system total","14","9","5","0","0","0","1","0","1","0","0","0","0","0","0","0","0","0","13","9","4","0","0","0","0","0","0","0","0","0","-2"
"105899","Arizona Christian University","2016","Not on tenure/no tenure system, professors","2","1","1","0","0","0","0","0","0","0","0","0","0","0","0","0","0","0","2","1","1","0","0","0","0","0","0","0","0","0","-2"
"105899","Arizona Christian University","2016","Not on tenure/no tenure system, associate professors","6","2","4","0","0","0","1","0","1","0","0","0","0","0","0","0","0","0","5","2","3","0","0","0","0","0","0","0","0","0","-2"
"105899","Arizona Christian University","2016","Not on tenure/no tenure system, assistant professors","3","3","0","0","0","0","0","0","0","0","0","0","0","0","0","0","0","0","3","3","0","0","0","0","0","0","0","0","0","0","-2"
"105899","Arizona Christian University","2016","Not on tenure/no tenure system, instructors","3","3","0","0","0","0","0","0","0","0","0","0","0","0","0","0","0","0","3","3","0","0","0","0","0","0","0","0","0","0","-2"
"110097","Biola University","2016","Tenured total","111","88","23","1","0","1","10","7","3","1","0","1","7","4","3","1","1","0","91","76","15","0","0","0","0","0","0","0","0","0","-2"
"110097","Biola University","2016","Tenured, professors","65","55","10","1","0","1","3","2","1","0","0","0","4","3","1","1","1","0","56","49","7","0","0","0","0","0","0","0","0","0","-2"
"110097","Biola University","2016","Tenured, associate professors","46","33","13","0","0","0","7","5","2","1","0","1","3","1","2","0","0","0","35","27","8","0","0","0","0","0","0","0","0","0","-2"
"110097","Biola University","2016","On-Tenure track total","110","63","47","0","0","0","17","5","12","5","4","1","9","6","3","1","1","0","72","44","28","0","0","0","3","1","2","3","2","1","-2"
"110097","Biola University","2016","On-tenure track, professors","6","6","0","0","0","0","0","0","0","0","0","0","1","1","0","0","0","0","4","4","0","0","0","0","0","0","0","1","1","0","-2"
"110097","Biola University","2016","On-tenure track, associate professors","65","34","31","0","0","0","9","3","6","2","2","0","4","2","2","0","0","0","47","26","21","0","0","0","3","1","2","0","0","0","-2"
"110097","Biola University","2016","On-tenure track, assistant professors","39","23","16","0","0","0","8","2","6","3","2","1","4","3","1","1","1","0","21","14","7","0","0","0","0","0","0","2","1","1","-2"
"110097","Biola University","2016","Not on tenure track/No tenure system system total","46","22","24","1","0","1","3","1","2","1","1","0","2","0","2","0","0","0","38","19","19","0","0","0","1","1","0","0","0","0","-2"
"110097","Biola University","2016","Not on tenure/no tenure system, professors","1","1","0","0","0","0","0","0","0","0","0","0","0","0","0","0","0","0","1","1","0","0","0","0","0","0","0","0","0","0","-2"
"110097","Biola University","2016","Not on tenure/no tenure system, associate professors","21","11","10","1","0","1","2","1","1","0","0","0","1","0","1","0","0","0","17","10","7","0","0","0","0","0","0","0","0","0","-2"
"110097","Biola University","2016","Not on tenure/no tenure system, assistant professors","17","7","10","0","0","0","0","0","0","1","1","0","1","0","1","0","0","0","15","6","9","0","0","0","0","0","0","0","0","0","-2"
"110097","Biola University","2016","Not on tenure/no tenure system, instructors","7","3","4","0","0","0","1","0","1","0","0","0","0","0","0","0","0","0","5","2","3","0","0","0","1","1","0","0","0","0","-2"
"110316","California Institute of Integral Studies","2016","Not on tenure track/No tenure system system total","68","32","36","0","0","0","12","6","6","3","0","3","5","2","3","0","0","0","47","23","24","0","0","0","1","1","0","0","0","0","-2"
"110316","California Institute of Integral Studies","2016","Not on tenure/no tenure system, professors","30","19","11","0","0","0","2","2","0","0","0","0","0","0","0","0","0","0","28","17","11","0","0","0","0","0","0","0","0","0","-2"
"110316","California Institute of Integral Studies","2016","Not on tenure/no tenure system, associate professors","16","5","11","0","0","0","5","1","4","1","0","1","2","1","1","0","0","0","7","2","5","0","0","0","1","1","0","0","0","0","-2"
"110316","California Institute of Integral Studies","2016","Not on tenure/no tenure system, assistant professors","13","3","10","0","0","0","2","0","2","2","0","2","2","1","1","0","0","0","7","2","5","0","0","0","0","0","0","0","0","0","-2"
"110316","California Institute of Integral Studies","2016","Not on tenure/no tenure system, lecturers","9","5","4","0","0","0","3","3","0","0","0","0","1","0","1","0","0","0","5","2","3","0","0","0","0","0","0","0","0","0","-2"
"110422","California Polytechnic State University-San Luis Obispo","2016","Tenured total","442","309","133","1","1","0","43","26","17","8","5","3","31","23","8","1","1","0","328","230","98","6","5","1","22","17","5","2","1","1","-2"
"110422","California Polytechnic State University-San Luis Obispo","2016","Tenured, professors","288","218","70","1","1","0","28","19","9","5","4","1","18","12","6","1","1","0","213","162","51","5","4","1","17","15","2","0","0","0","-2"
"110422","California Polytechnic State University-San Luis Obispo","2016","Tenured, associate professors","150","88","62","0","0","0","15","7","8","3","1","2","12","10","2","0","0","0","112","66","46","1","1","0","5","2","3","2","1","1","-2"
"110422","California Polytechnic State University-San Luis Obispo","2016","Tenured, no academic rank","4","3","1","0","0","0","0","0","0","0","0","0","1","1","0","0","0","0","3","2","1","0","0","0","0","0","0","0","0","0","-2"
"110422","California Polytechnic State University-San Luis Obispo","2016","On-Tenure track total","203","116","87","2","1","1","16","10","6","4","3","1","8","2","6","0","0","0","135","75","60","1","0","1","13","9","4","24","16","8","-2"
"110422","California Polytechnic State University-San Luis Obispo","2016","On-tenure track, professors","4","4","0","0","0","0","0","0","0","0","0","0","0","0","0","0","0","0","3","3","0","0","0","0","0","0","0","1","1","0","-2"
"110422","California Polytechnic State University-San Luis Obispo","2016","On-tenure track, associate professors","22","15","7","0","0","0","3","3","0","0","0","0","2","1","1","0","0","0","12","7","5","0","0","0","3","2","1","2","2","0","-2"
"110422","California Polytechnic State University-San Luis Obispo","2016","On-tenure track, assistant professors","177","97","80","2","1","1","13","7","6","4","3","1","6","1","5","0","0","0","120","65","55","1","0","1","10","7","3","21","13","8","-2"
"110422","California Polytechnic State University-San Luis Obispo","2016","Not on tenure track/No tenure system system total","197","119","78","0","0","0","3","0","3","0","0","0","2","2","0","0","0","0","163","98","65","2","1","1","14","10","4","13","8","5","-2"
"110422","California Polytechnic State University-San Luis Obispo","2016","Not on tenure/no tenure system, lecturers","197","119","78","0","0","0","3","0","3","0","0","0","2","2","0","0","0","0","163","98","65","2","1","1","14","10","4","13","8","5","-2"
"111188","California State University Maritime Academy","2016","Tenured total","22","17","5","0","0","0","2","0","2","1","1","0","2","1","1","0","0","0","17","15","2","0","0","0","0","0","0","0","0","0","-2"
"111188","California State University Maritime Academy","2016","Tenured, professors","16","12","4","0","0","0","2","0","2","0","0","0","1","1","0","0","0","0","13","11","2","0","0","0","0","0","0","0","0","0","-2"
"111188","California State University Maritime Academy","2016","Tenured, associate professors","5","4","1","0","0","0","0","0","0","1","1","0","1","0","1","0","0","0","3","3","0","0","0","0","0","0","0","0","0","0","-2"
"111188","California State University Maritime Academy","2016","Tenured, assistant professors","1","1","0","0","0","0","0","0","0","0","0","0","0","0","0","0","0","0","1","1","0","0","0","0","0","0","0","0","0","0","-2"
"111188","California State University Maritime Academy","2016","On-Tenure track total","28","20","8","0","0","0","5","4","1","0","0","0","1","1","0","0","0","0","22","15","7","0","0","0","0","0","0","0","0","0","-2"
"111188","California State University Maritime Academy","2016","On-tenure track, associate professors","7","6","1","0","0","0","1","1","0","0","0","0","0","0","0","0","0","0","6","5","1","0","0","0","0","0","0","0","0","0","-2"
"111188","California State University Maritime Academy","2016","On-tenure track, assistant professors","21","14","7","0","0","0","4","3","1","0","0","0","1","1","0","0","0","0","16","10","6","0","0","0","0","0","0","0","0","0","-2"
"111188","California State University Maritime Academy","2016","Not on tenure track/No tenure system system total","15","11","4","0","0","0","1","0","1","0","0","0","0","0","0","0","0","0","14","11","3","0","0","0","0","0","0","0","0","0","-2"
"111188","California State University Maritime Academy","2016","Not on tenure/no tenure system, lecturers","15","11","4","0","0","0","1","0","1","0","0","0","0","0","0","0","0","0","14","11","3","0","0","0","0","0","0","0","0","0","-2"
"111948","Chapman University","2016","Tenured total","218","149","69","0","0","0","16","8","8","6","4","2","8","4","4","0","0","0","155","109","46","3","2","1","28","21","7","2","1","1","-2"
"111948","Chapman University","2016","Tenured, professors","120","90","30","0","0","0","10","5","5","3","3","0","2","2","0","0","0","0","84","64","20","1","1","0","19","14","5","1","1","0","-2"
"111948","Chapman University","2016","Tenured, associate professors","98","59","39","0","0","0","6","3","3","3","1","2","6","2","4","0","0","0","71","45","26","2","1","1","9","7","2","1","0","1","-2"
"111948","Chapman University","2016","On-Tenure track total","86","41","45","0","0","0","8","2","6","0","0","0","2","2","0","0","0","0","26","11","15","0","0","0","43","22","21","7","4","3","-2"
"111948","Chapman University","2016","On-tenure track, associate professors","9","7","2","0","0","0","0","0","0","0","0","0","1","1","0","0","0","0","3","2","1","0","0","0","5","4","1","0","0","0","-2"
"111948","Chapman University","2016","On-tenure track, assistant professors","76","34","42","0","0","0","8","2","6","0","0","0","1","1","0","0","0","0","23","9","14","0","0","0","37","18","19","7","4","3","-2"
"111948","Chapman University","2016","On-tenure track, instructors","1","0","1","0","0","0","0","0","0","0","0","0","0","0","0","0","0","0","0","0","0","0","0","0","1","0","1","0","0","0","-2"
"111948","Chapman University","2016","Not on tenure track/No tenure system system total","155","80","75","0","0","0","10","4","6","3","1","2","7","4","3","0","0","0","75","42","33","0","0","0","56","28","28","4","1","3","-2"
"111948","Chapman University","2016","Not on tenure/no tenure system, professors","28","18","10","0","0","0","1","0","1","0","0","0","0","0","0","0","0","0","20","12","8","0","0","0","7","6","1","0","0","0","-2"
"111948","Chapman University","2016","Not on tenure/no tenure system, associate professors","26","15","11","0","0","0","1","1","0","1","1","0","2","1","1","0","0","0","14","7","7","0","0","0","7","4","3","1","1","0","-2"
"111948","Chapman University","2016","Not on tenure/no tenure system, assistant professors","72","33","39","0","0","0","6","3","3","1","0","1","2","0","2","0","0","0","26","17","9","0","0","0","35","13","22","2","0","2","-2"
"111948","Chapman University","2016","Not on tenure/no tenure system, instructors","29","14","15","0","0","0","2","0","2","1","0","1","3","3","0","0","0","0","15","6","9","0","0","0","7","5","2","1","0","1","-2"
"112260","Claremont McKenna College","2016","Tenured total","112","74","38","0","0","0","10","5","5","2","1","1","4","3","1","0","0","0","91","64","27","1","0","1","2","1","1","2","0","2","-2"
"112260","Claremont McKenna College","2016","Tenured, professors","62","48","14","0","0","0","4","3","1","2","1","1","2","2","0","0","0","0","52","41","11","0","0","0","1","1","0","1","0","1","-2"
"112260","Claremont McKenna College","2016","Tenured, associate professors","49","25","24","0","0","0","6","2","4","0","0","0","2","1","1","0","0","0","38","22","16","1","0","1","1","0","1","1","0","1","-2"
"112260","Claremont McKenna College","2016","Tenured, lecturers","1","1","0","0","0","0","0","0","0","0","0","0","0","0","0","0","0","0","1","1","0","0","0","0","0","0","0","0","0","0","-2"
"112260","Claremont McKenna College","2016","On-Tenure track total","25","13","12","0","0","0","3","1","2","0","0","0","0","0","0","0","0","0","19","10","9","0","0","0","0","0","0","3","2","1","-2"
"112260","Claremont McKenna College","2016","On-tenure track, assistant professors","25","13","12","0","0","0","3","1","2","0","0","0","0","0","0","0","0","0","19","10","9","0","0","0","0","0","0","3","2","1","-2"
"112260","Claremont McKenna College","2016","Not on tenure track/No tenure system system total","36","23","13","0","0","0","1","1","0","1","1","0","4","2","2","0","0","0","27","17","10","1","0","1","2","2","0","0","0","0","-2"
"112260","Claremont McKenna College","2016","Not on tenure/no tenure system, professors","2","2","0","0","0","0","0","0","0","0","0","0","0","0","0","0","0","0","2","2","0","0","0","0","0","0","0","0","0","0","-2"
"112260","Claremont McKenna College","2016","Not on tenure/no tenure system, associate professors","4","2","2","0","0","0","0","0","0","0","0","0","1","0","1","0","0","0","3","2","1","0","0","0","0","0","0","0","0","0","-2"
"112260","Claremont McKenna College","2016","Not on tenure/no tenure system, assistant professors","27","18","9","0","0","0","1","1","0","0","0","0","2","2","0","0","0","0","22","13","9","0","0","0","2","2","0","0","0","0","-2"
"112260","Claremont McKenna College","2016","Not on tenure/no tenure system, instructors","3","1","2","0","0","0","0","0","0","1","1","0","1","0","1","0","0","0","0","0","0","1","0","1","0","0","0","0","0","0","-2"
"112570","Columbia College Hollywood","2016","Not on tenure track/No tenure system system total","3","3","0","0","0","0","0","0","0","0","0","0","1","1","0","0","0","0","2","2","0","0","0","0","0","0","0","0","0","0","-2"
"112570","Columbia College Hollywood","2016","Not on tenure/no tenure system, instructors","3","3","0","0","0","0","0","0","0","0","0","0","1","1","0","0","0","0","2","2","0","0","0","0","0","0","0","0","0","0","-2"
"115083","Golden Gate University-San Francisco","2016","Tenured total","29","19","10","0","0","0","4","2","2","2","2","0","1","0","1","0","0","0","22","15","7","0","0","0","0","0","0","0","0","0","-2"
"115083","Golden Gate University-San Francisco","2016","Tenured, professors","29","19","10","0","0","0","4","2","2","2","2","0","1","0","1","0","0","0","22","15","7","0","0","0","0","0","0","0","0","0","-2"
"115083","Golden Gate University-San Francisco","2016","On-Tenure track total","5","1","4","0","0","0","1","0","1","1","0","1","0","0","0","0","0","0","3","1","2","0","0","0","0","0","0","0","0","0","-2"
"115083","Golden Gate University-San Francisco","2016","On-tenure track, professors","1","1","0","0","0","0","0","0","0","0","0","0","0","0","0","0","0","0","1","1","0","0","0","0","0","0","0","0","0","0","-2"
"115083","Golden Gate University-San Francisco","2016","On-tenure track, associate professors","4","0","4","0","0","0","1","0","1","1","0","1","0","0","0","0","0","0","2","0","2","0","0","0","0","0","0","0","0","0","-2"
"115083","Golden Gate University-San Francisco","2016","Not on tenure track/No tenure system system total","29","15","14","0","0","0","1","1","0","4","3","1","0","0","0","0","0","0","24","11","13","0","0","0","0","0","0","0","0","0","-2"
"115083","Golden Gate University-San Francisco","2016","Not on tenure/no tenure system, professors","4","3","1","0","0","0","1","1","0","0","0","0","0","0","0","0","0","0","3","2","1","0","0","0","0","0","0","0","0","0","-2"
"115083","Golden Gate University-San Francisco","2016","Not on tenure/no tenure system, associate professors","8","4","4","0","0","0","0","0","0","0","0","0","0","0","0","0","0","0","8","4","4","0","0","0","0","0","0","0","0","0","-2"
"115083","Golden Gate University-San Francisco","2016","Not on tenure/no tenure system, assistant professors","12","7","5","0","0","0","0","0","0","2","2","0","0","0","0","0","0","0","10","5","5","0","0","0","0","0","0","0","0","0","-2"
"115083","Golden Gate University-San Francisco","2016","Not on tenure/no tenure system, instructors","5","1","4","0","0","0","0","0","0","2","1","1","0","0","0","0","0","0","3","0","3","0","0","0","0","0","0","0","0","0","-2"
"115409","Harvey Mudd College","2016","Tenured total","68","44","24","0","0","0","9","4","5","2","1","1","3","2","1","0","0","0","54","37","17","0","0","0","0","0","0","0","0","0","-2"
"115409","Harvey Mudd College","2016","Tenured, professors","50","37","13","0","0","0","6","4","2","1","1","0","3","2","1","0","0","0","40","30","10","0","0","0","0","0","0","0","0","0","-2"
"115409","Harvey Mudd College","2016","Tenured, associate professors","18","7","11","0","0","0","3","0","3","1","0","1","0","0","0","0","0","0","14","7","7","0","0","0","0","0","0","0","0","0","-2"
"115409","Harvey Mudd College","2016","On-Tenure track total","23","12","11","0","0","0","4","3","1","1","1","0","1","1","0","0","0","0","16","7","9","1","0","1","0","0","0","0","0","0","-2"
"115409","Harvey Mudd College","2016","On-tenure track, associate professors","3","2","1","0","0","0","0","0","0","0","0","0","0","0","0","0","0","0","3","2","1","0","0","0","0","0","0","0","0","0","-2"
"115409","Harvey Mudd College","2016","On-tenure track, assistant professors","20","10","10","0","0","0","4","3","1","1","1","0","1","1","0","0","0","0","13","5","8","1","0","1","0","0","0","0","0","0","-2"
"115409","Harvey Mudd College","2016","Not on tenure track/No tenure system system total","12","3","9","0","0","0","4","2","2","0","0","0","1","0","1","0","0","0","7","1","6","0","0","0","0","0","0","0","0","0","-2"
"115409","Harvey Mudd College","2016","Not on tenure/no tenure system, professors","1","1","0","0","0","0","1","1","0","0","0","0","0","0","0","0","0","0","0","0","0","0","0","0","0","0","0","0","0","0","-2"
"115409","Harvey Mudd College","2016","Not on tenure/no tenure system, assistant professors","11","2","9","0","0","0","3","1","2","0","0","0","1","0","1","0","0","0","7","1","6","0","0","0","0","0","0","0","0","0","-2"
"117168","Laguna College of Art and Design","2016","Not on tenure track/No tenure system system total","22","18","4","0","0","0","1","1","0","0","0","0","0","0","0","0","0","0","21","17","4","0","0","0","0","0","0","0","0","0","-2"
"117168","Laguna College of Art and Design","2016","Not on tenure/no tenure system, professors","5","3","2","0","0","0","0","0","0","0","0","0","0","0","0","0","0","0","5","3","2","0","0","0","0","0","0","0","0","0","-2"
"117168","Laguna College of Art and Design","2016","Not on tenure/no tenure system, associate professors","9","8","1","0","0","0","1","1","0","0","0","0","0","0","0","0","0","0","8","7","1","0","0","0","0","0","0","0","0","0","-2"
"117168","Laguna College of Art and Design","2016","Not on tenure/no tenure system, assistant professors","8","7","1","0","0","0","0","0","0","0","0","0","0","0","0","0","0","0","8","7","1","0","0","0","0","0","0","0","0","0","-2"
"117575","Southern California Seminary","2016","Not on tenure track/No tenure system system total","5","5","0","0","0","0","2","2","0","0","0","0","1","1","0","0","0","0","2","2","0","0","0","0","0","0","0","0","0","0","-2"
"117575","Southern California Seminary","2016","Not on tenure/no tenure system, professors","5","5","0","0","0","0","2","2","0","0","0","0","1","1","0","0","0","0","2","2","0","0","0","0","0","0","0","0","0","0","-2"
"117946","Loyola Marymount University","2016","Tenured total","359","212","147","1","0","1","37","24","13","16","13","3","40","17","23","0","0","0","243","145","98","5","2","3","17","11","6","0","0","0","-2"
"117946","Loyola Marymount University","2016","Tenured, professors","223","148","75","0","0","0","18","14","4","10","7","3","21","8","13","0","0","0","158","109","49","2","1","1","14","9","5","0","0","0","-2"
"117946","Loyola Marymount University","2016","Tenured, associate professors","131","60","71","1","0","1","18","9","9","6","6","0","18","8","10","0","0","0","83","35","48","2","0","2","3","2","1","0","0","0","-2"
"117946","Loyola Marymount University","2016","Tenured, assistant professors","5","4","1","0","0","0","1","1","0","0","0","0","1","1","0","0","0","0","2","1","1","1","1","0","0","0","0","0","0","0","-2"
"117946","Loyola Marymount University","2016","On-Tenure track total","76","35","41","0","0","0","13","1","12","8","2","6","7","2","5","0","0","0","38","24","14","1","1","0","3","3","0","6","2","4","-2"
"117946","Loyola Marymount University","2016","On-tenure track, associate professors","4","2","2","0","0","0","0","0","0","1","0","1","1","0","1","0","0","0","2","2","0","0","0","0","0","0","0","0","0","0","-2"
"117946","Loyola Marymount University","2016","On-tenure track, assistant professors","72","33","39","0","0","0","13","1","12","7","2","5","6","2","4","0","0","0","36","22","14","1","1","0","3","3","0","6","2","4","-2"
"117946","Loyola Marymount University","2016","Not on tenure track/No tenure system system total","151","67","84","1","1","0","11","2","9","13","5","8","13","6","7","0","0","0","101","47","54","3","2","1","6","3","3","3","1","2","-2"
"117946","Loyola Marymount University","2016","Not on tenure/no tenure system, professors","7","6","1","0","0","0","0","0","0","0","0","0","0","0","0","0","0","0","7","6","1","0","0","0","0","0","0","0","0","0","-2"
"117946","Loyola Marymount University","2016","Not on tenure/no tenure system, associate professors","33","11","22","0","0","0","2","0","2","1","0","1","2","1","1","0","0","0","26","8","18","0","0","0","2","2","0","0","0","0","-2"
"117946","Loyola Marymount University","2016","Not on tenure/no tenure system, assistant professors","86","36","50","0","0","0","7","1","6","11","4","7","8","2","6","0","0","0","51","26","25","3","2","1","4","1","3","2","0","2","-2"
"117946","Loyola Marymount University","2016","Not on tenure/no tenure system, instructors","25","14","11","1","1","0","2","1","1","1","1","0","3","3","0","0","0","0","17","7","10","0","0","0","0","0","0","1","1","0","-2"
"120403","Otis College of Art and Design","2016","Not on tenure track/No tenure system system total","57","25","32","0","0","0","5","2","3","1","0","1","4","3","1","0","0","0","43","19","24","2","1","1","2","0","2","0","0","0","-2"
"120403","Otis College of Art and Design","2016","Not on tenure/no tenure system, professors","23","9","14","0","0","0","3","0","3","0","0","0","0","0","0","0","0","0","19","9","10","0","0","0","1","0","1","0","0","0","-2"
"120403","Otis College of Art and Design","2016","Not on tenure/no tenure system, associate professors","23","10","13","0","0","0","0","0","0","1","0","1","3","3","0","0","0","0","18","7","11","0","0","0","1","0","1","0","0","0","-2"
"120403","Otis College of Art and Design","2016","Not on tenure/no tenure system, assistant professors","11","6","5","0","0","0","2","2","0","0","0","0","1","0","1","0","0","0","6","3","3","2","1","1","0","0","0","0","0","0","-2"
"120698","Palo Alto University","2016","Tenured total","13","6","7","0","0","0","2","0","2","1","1","0","2","1","1","0","0","0","8","4","4","0","0","0","0","0","0","0","0","0","-2"
"120698","Palo Alto University","2016","Tenured, professors","8","5","3","0","0","0","1","0","1","1","1","0","1","1","0","0","0","0","5","3","2","0","0","0","0","0","0","0","0","0","-2"
"120698","Palo Alto University","2016","Tenured, associate professors","5","1","4","0","0","0","1","0","1","0","0","0","1","0","1","0","0","0","3","1","2","0","0","0","0","0","0","0","0","0","-2"
"120698","Palo Alto University","2016","On-Tenure track total","7","3","4","0","0","0","0","0","0","1","1","0","0","0","0","0","0","0","6","2","4","0","0","0","0","0","0","0","0","0","-2"
"120698","Palo Alto University","2016","On-tenure track, associate professors","1","1","0","0","0","0","0","0","0","0","0","0","0","0","0","0","0","0","1","1","0","0","0","0","0","0","0","0","0","0","-2"
"120698","Palo Alto University","2016","On-tenure track, assistant professors","6","2","4","0","0","0","0","0","0","1","1","0","0","0","0","0","0","0","5","1","4","0","0","0","0","0","0","0","0","0","-2"
"120698","Palo Alto University","2016","Not on tenure track/No tenure system system total","17","6","11","0","0","0","0","0","0","1","0","1","1","0","1","0","0","0","14","6","8","1","0","1","0","0","0","0","0","0","-2"
"120698","Palo Alto University","2016","Not on tenure/no tenure system, professors","3","1","2","0","0","0","0","0","0","0","0","0","0","0","0","0","0","0","3","1","2","0","0","0","0","0","0","0","0","0","-2"
"120698","Palo Alto University","2016","Not on tenure/no tenure system, associate professors","4","3","1","0","0","0","0","0","0","0","0","0","0","0","0","0","0","0","4","3","1","0","0","0","0","0","0","0","0","0","-2"
"120698","Palo Alto University","2016","Not on tenure/no tenure system, assistant professors","6","1","5","0","0","0","0","0","0","1","0","1","0","0","0","0","0","0","4","1","3","1","0","1","0","0","0","0","0","0","-2"
"120698","Palo Alto University","2016","Not on tenure/no tenure system, no academic rank","4","1","3","0","0","0","0","0","0","0","0","0","1","0","1","0","0","0","3","1","2","0","0","0","0","0","0","0","0","0","-2"
"120883","University of the Pacific","2016","Tenured total","265","159","106","0","0","0","37","22","15","4","2","2","9","6","3","0","0","0","204","125","79","1","0","1","0","0","0","10","4","6","-2"
"120883","University of the Pacific","2016","Tenured, professors","129","90","39","0","0","0","22","16","6","2","2","0","8","6","2","0","0","0","91","63","28","0","0","0","0","0","0","6","3","3","-2"
"120883","University of the Pacific","2016","Tenured, associate professors","132","67","65","0","0","0","15","6","9","2","0","2","1","0","1","0","0","0","110","60","50","0","0","0","0","0","0","4","1","3","-2"
"120883","University of the Pacific","2016","Tenured, assistant professors","4","2","2","0","0","0","0","0","0","0","0","0","0","0","0","0","0","0","3","2","1","1","0","1","0","0","0","0","0","0","-2"
"120883","University of the Pacific","2016","On-Tenure track total","69","33","36","0","0","0","20","6","14","0","0","0","7","2","5","0","0","0","36","23","13","2","0","2","0","0","0","4","2","2","-2"
"120883","University of the Pacific","2016","On-tenure track, professors","2","2","0","0","0","0","0","0","0","0","0","0","0","0","0","0","0","0","2","2","0","0","0","0","0","0","0","0","0","0","-2"
"120883","University of the Pacific","2016","On-tenure track, associate professors","4","2","2","0","0","0","1","0","1","0","0","0","0","0","0","0","0","0","3","2","1","0","0","0","0","0","0","0","0","0","-2"
"120883","University of the Pacific","2016","On-tenure track, assistant professors","63","29","34","0","0","0","19","6","13","0","0","0","7","2","5","0","0","0","31","19","12","2","0","2","0","0","0","4","2","2","-2"
"120883","University of the Pacific","2016","Not on tenure track/No tenure system system total","107","58","49","0","0","0","14","7","7","1","0","1","4","2","2","0","0","0","85","48","37","0","0","0","0","0","0","3","1","2","-2"
"120883","University of the Pacific","2016","Not on tenure/no tenure system, professors","16","9","7","0","0","0","2","1","1","0","0","0","0","0","0","0","0","0","14","8","6","0","0","0","0","0","0","0","0","0","-2"
"120883","University of the Pacific","2016","Not on tenure/no tenure system, associate professors","17","6","11","0","0","0","1","1","0","0","0","0","1","0","1","0","0","0","15","5","10","0","0","0","0","0","0","0","0","0","-2"
"120883","University of the Pacific","2016","Not on tenure/no tenure system, assistant professors","42","25","17","0","0","0","8","3","5","1","0","1","2","2","0","0","0","0","28","19","9","0","0","0","0","0","0","3","1","2","-2"
"120883","University of the Pacific","2016","Not on tenure/no tenure system, instructors","10","5","5","0","0","0","2","1","1","0","0","0","0","0","0","0","0","0","8","4","4","0","0","0","0","0","0","0","0","0","-2"
"120883","University of the Pacific","2016","Not on tenure/no tenure system, lecturers","22","13","9","0","0","0","1","1","0","0","0","0","1","0","1","0","0","0","20","12","8","0","0","0","0","0","0","0","0","0","-2"
"121309","Point Loma Nazarene University","2016","Tenured total","68","48","20","0","0","0","3","2","1","2","2","0","4","1","3","0","0","0","59","43","16","0","0","0","0","0","0","0","0","0","-2"
"121309","Point Loma Nazarene University","2016","Tenured, professors","68","48","20","0","0","0","3","2","1","2","2","0","4","1","3","0","0","0","59","43","16","0","0","0","0","0","0","0","0","0","-2"
"121309","Point Loma Nazarene University","2016","On-Tenure track total","50","22","28","1","0","1","6","1","5","3","0","3","4","2","2","0","0","0","34","18","16","1","1","0","1","0","1","0","0","0","-2"
"121309","Point Loma Nazarene University","2016","On-tenure track, professors","6","2","4","0","0","0","0","0","0","1","0","1","1","0","1","0","0","0","4","2","2","0","0","0","0","0","0","0","0","0","-2"
"121309","Point Loma Nazarene University","2016","On-tenure track, associate professors","33","15","18","0","0","0","5","1","4","2","0","2","2","1","1","0","0","0","23","12","11","1","1","0","0","0","0","0","0","0","-2"
"121309","Point Loma Nazarene University","2016","On-tenure track, assistant professors","11","5","6","1","0","1","1","0","1","0","0","0","1","1","0","0","0","0","7","4","3","0","0","0","1","0","1","0","0","0","-2"
"121309","Point Loma Nazarene University","2016","Not on tenure track/No tenure system system total","16","6","10","0","0","0","1","1","0","0","0","0","1","0","1","0","0","0","14","5","9","0","0","0","0","0","0","0","0","0","-2"
"121309","Point Loma Nazarene University","2016","Not on tenure/no tenure system, professors","1","0","1","0","0","0","0","0","0","0","0","0","0","0","0","0","0","0","1","0","1","0","0","0","0","0","0","0","0","0","-2"
"121309","Point Loma Nazarene University","2016","Not on tenure/no tenure system, associate professors","9","3","6","0","0","0","1","1","0","0","0","0","1","0","1","0","0","0","7","2","5","0","0","0","0","0","0","0","0","0","-2"
"121309","Point Loma Nazarene University","2016","Not on tenure/no tenure system, assistant professors","6","3","3","0","0","0","0","0","0","0","0","0","0","0","0","0","0","0","6","3","3","0","0","0","0","0","0","0","0","0","-2"
"121345","Pomona College","2016","Tenured total","149","87","62","0","0","0","20","7","13","4","3","1","17","12","5","0","0","0","86","50","36","3","3","0","19","12","7","0","0","0","-2"
"121345","Pomona College","2016","Tenured, professors","78","49","29","0","0","0","12","4","8","2","1","1","9","6","3","0","0","0","49","33","16","1","1","0","5","4","1","0","0","0","-2"
"121345","Pomona College","2016","Tenured, associate professors","71","38","33","0","0","0","8","3","5","2","2","0","8","6","2","0","0","0","37","17","20","2","2","0","14","8","6","0","0","0","-2"
"121345","Pomona College","2016","On-Tenure track total","31","18","13","0","0","0","6","4","2","4","1","3","1","0","1","0","0","0","16","12","4","0","0","0","2","0","2","2","1","1","-2"
"121345","Pomona College","2016","On-tenure track, assistant professors","30","17","13","0","0","0","6","4","2","4","1","3","1","0","1","0","0","0","15","11","4","0","0","0","2","0","2","2","1","1","-2"
"121345","Pomona College","2016","On-tenure track, instructors","1","1","0","0","0","0","0","0","0","0","0","0","0","0","0","0","0","0","1","1","0","0","0","0","0","0","0","0","0","0","-2"
"121345","Pomona College","2016","Not on tenure track/No tenure system system total","3","0","3","0","0","0","1","0","1","0","0","0","2","0","2","0","0","0","0","0","0","0","0","0","0","0","0","0","0","0","-2"
"121345","Pomona College","2016","Not on tenure/no tenure system, professors","3","0","3","0","0","0","1","0","1","0","0","0","2","0","2","0","0","0","0","0","0","0","0","0","0","0","0","0","0","0","-2"
"122296","Samuel Merritt University","2016","Not on tenure track/No tenure system system total","153","42","111","0","0","0","13","3","10","7","0","7","6","1","5","0","0","0","120","35","85","5","3","2","2","0","2","0","0","0","-2"
"122296","Samuel Merritt University","2016","Not on tenure/no tenure system, professors","18","8","10","0","0","0","2","1","1","1","0","1","1","0","1","0","0","0","14","7","7","0","0","0","0","0","0","0","0","0","-2"
"122296","Samuel Merritt University","2016","Not on tenure/no tenure system, associate professors","25","5","20","0","0","0","3","0","3","0","0","0","0","0","0","0","0","0","21","4","17","1","1","0","0","0","0","0","0","0","-2"
"122296","Samuel Merritt University","2016","Not on tenure/no tenure system, assistant professors","81","23","58","0","0","0","7","2","5","3","0","3","4","1","3","0","0","0","64","20","44","2","0","2","1","0","1","0","0","0","-2"
"122296","Samuel Merritt University","2016","Not on tenure/no tenure system, instructors","29","6","23","0","0","0","1","0","1","3","0","3","1","0","1","0","0","0","21","4","17","2","2","0","1","0","1","0","0","0","-2"
"122436","University of San Diego","2016","Tenured total","277","162","115","0","0","0","27","15","12","6","5","1","18","7","11","0","0","0","222","132","90","2","2","0","1","1","0","1","0","1","-2"
"122436","University of San Diego","2016","Tenured, professors","161","105","56","0","0","0","14","8","6","4","3","1","8","5","3","0","0","0","133","88","45","1","1","0","0","0","0","1","0","1","-2"
"122436","University of San Diego","2016","Tenured, associate professors","115","56","59","0","0","0","13","7","6","2","2","0","10","2","8","0","0","0","88","43","45","1","1","0","1","1","0","0","0","0","-2"
"122436","University of San Diego","2016","Tenured, assistant professors","1","1","0","0","0","0","0","0","0","0","0","0","0","0","0","0","0","0","1","1","0","0","0","0","0","0","0","0","0","0","-2"
"122436","University of San Diego","2016","On-Tenure track total","94","43","51","0","0","0","15","4","11","6","4","2","12","7","5","0","0","0","50","24","26","3","0","3","1","0","1","7","4","3","-2"
"122436","University of San Diego","2016","On-tenure track, professors","2","2","0","0","0","0","0","0","0","0","0","0","0","0","0","0","0","0","2","2","0","0","0","0","0","0","0","0","0","0","-2"
"122436","University of San Diego","2016","On-tenure track, associate professors","12","2","10","0","0","0","3","0","3","0","0","0","0","0","0","0","0","0","9","2","7","0","0","0","0","0","0","0","0","0","-2"
"122436","University of San Diego","2016","On-tenure track, assistant professors","79","38","41","0","0","0","12","4","8","6","4","2","12","7","5","0","0","0","38","19","19","3","0","3","1","0","1","7","4","3","-2"
"122436","University of San Diego","2016","On-tenure track, instructors","1","1","0","0","0","0","0","0","0","0","0","0","0","0","0","0","0","0","1","1","0","0","0","0","0","0","0","0","0","0","-2"
"122436","University of San Diego","2016","Not on tenure track/No tenure system system total","69","35","34","1","1","0","4","2","2","1","1","0","4","1","3","0","0","0","58","29","29","0","0","0","0","0","0","1","1","0","-2"
"122436","University of San Diego","2016","Not on tenure/no tenure system, professors","22","11","11","0","0","0","1","1","0","0","0","0","2","1","1","0","0","0","18","8","10","0","0","0","0","0","0","1","1","0","-2"
"122436","University of San Diego","2016","Not on tenure/no tenure system, associate professors","8","5","3","1","1","0","0","0","0","1","1","0","1","0","1","0","0","0","5","3","2","0","0","0","0","0","0","0","0","0","-2"
"122436","University of San Diego","2016","Not on tenure/no tenure system, assistant professors","23","12","11","0","0","0","2","1","1","0","0","0","0","0","0","0","0","0","21","11","10","0","0","0","0","0","0","0","0","0","-2"
"122436","University of San Diego","2016","Not on tenure/no tenure system, instructors","16","7","9","0","0","0","1","0","1","0","0","0","1","0","1","0","0","0","14","7","7","0","0","0","0","0","0","0","0","0","-2"
"122454","San Francisco Art Institute","2016","Tenured total","16","10","6","0","0","0","1","1","0","1","1","0","1","1","0","0","0","0","13","7","6","0","0","0","0","0","0","0","0","0","-2"
"122454","San Francisco Art Institute","2016","Tenured, professors","4","3","1","0","0","0","1","1","0","0","0","0","1","1","0","0","0","0","2","1","1","0","0","0","0","0","0","0","0","0","-2"
"122454","San Francisco Art Institute","2016","Tenured, associate professors","12","7","5","0","0","0","0","0","0","1","1","0","0","0","0","0","0","0","11","6","5","0","0","0","0","0","0","0","0","0","-2"
"122454","San Francisco Art Institute","2016","On-Tenure track total","9","3","6","0","0","0","2","0","2","0","0","0","1","0","1","0","0","0","5","2","3","0","0","0","0","0","0","1","1","0","-2"
"122454","San Francisco Art Institute","2016","On-tenure track, assistant professors","9","3","6","0","0","0","2","0","2","0","0","0","1","0","1","0","0","0","5","2","3","0","0","0","0","0","0","1","1","0","-2"
"122454","San Francisco Art Institute","2016","Not on tenure track/No tenure system system total","2","1","1","0","0","0","0","0","0","2","1","1","0","0","0","0","0","0","0","0","0","0","0","0","0","0","0","0","0","0","-2"
"122454","San Francisco Art Institute","2016","Not on tenure/no tenure system, no academic rank","2","1","1","0","0","0","0","0","0","2","1","1","0","0","0","0","0","0","0","0","0","0","0","0","0","0","0","0","0","0","-2"
"122612","University of San Francisco","2016","Tenured total","233","130","103","0","0","0","32","17","15","11","3","8","23","16","7","1","1","0","138","80","58","8","6","2","20","7","13","0","0","0","-2"
"122612","University of San Francisco","2016","Tenured, professors","131","84","47","0","0","0","13","8","5","3","1","2","11","9","2","1","1","0","84","54","30","7","5","2","12","6","6","0","0","0","-2"
"122612","University of San Francisco","2016","Tenured, associate professors","101","45","56","0","0","0","19","9","10","8","2","6","12","7","5","0","0","0","54","26","28","1","1","0","7","0","7","0","0","0","-2"
"122612","University of San Francisco","2016","Tenured, assistant professors","1","1","0","0","0","0","0","0","0","0","0","0","0","0","0","0","0","0","0","0","0","0","0","0","1","1","0","0","0","0","-2"
"122612","University of San Francisco","2016","On-Tenure track total","125","50","75","1","0","1","20","9","11","8","4","4","15","5","10","0","0","0","55","21","34","2","1","1","10","4","6","14","6","8","-2"
"122612","University of San Francisco","2016","On-tenure track, professors","1","0","1","0","0","0","0","0","0","0","0","0","0","0","0","0","0","0","1","0","1","0","0","0","0","0","0","0","0","0","-2"
"122612","University of San Francisco","2016","On-tenure track, associate professors","16","8","8","0","0","0","3","1","2","1","1","0","2","2","0","0","0","0","7","2","5","0","0","0","1","1","0","2","1","1","-2"
"122612","University of San Francisco","2016","On-tenure track, assistant professors","108","42","66","1","0","1","17","8","9","7","3","4","13","3","10","0","0","0","47","19","28","2","1","1","9","3","6","12","5","7","-2"
"122612","University of San Francisco","2016","Not on tenure track/No tenure system system total","147","62","85","1","0","1","18","7","11","4","0","4","14","6","8","0","0","0","86","38","48","10","5","5","11","5","6","3","1","2","-2"
"122612","University of San Francisco","2016","Not on tenure/no tenure system, professors","15","11","4","1","0","1","1","0","1","0","0","0","1","1","0","0","0","0","10","8","2","1","1","0","1","1","0","0","0","0","-2"
"122612","University of San Francisco","2016","Not on tenure/no tenure system, associate professors","18","7","11","0","0","0","1","1","0","1","0","1","2","1","1","0","0","0","11","4","7","0","0","0","1","0","1","2","1","1","-2"
"122612","University of San Francisco","2016","Not on tenure/no tenure system, assistant professors","88","35","53","0","0","0","12","3","9","2","0","2","9","4","5","0","0","0","49","21","28","7","3","4","8","4","4","1","0","1","-2"
"122612","University of San Francisco","2016","Not on tenure/no tenure system, instructors","26","9","17","0","0","0","4","3","1","1","0","1","2","0","2","0","0","0","16","5","11","2","1","1","1","0","1","0","0","0","-2"
"122728","William Jessup University","2016","Tenured total","3","1","2","0","0","0","0","0","0","0","0","0","0","0","0","0","0","0","3","1","2","0","0","0","0","0","0","0","0","0","-2"
"122728","William Jessup University","2016","Tenured, professors","3","1","2","0","0","0","0","0","0","0","0","0","0","0","0","0","0","0","3","1","2","0","0","0","0","0","0","0","0","0","-2"
"122728","William Jessup University","2016","On-Tenure track total","34","26","8","1","1","0","1","1","0","2","1","1","2","2","0","0","0","0","28","21","7","0","0","0","0","0","0","0","0","0","-2"
"122728","William Jessup University","2016","On-tenure track, professors","6","6","0","0","0","0","0","0","0","0","0","0","0","0","0","0","0","0","6","6","0","0","0","0","0","0","0","0","0","0","-2"
"122728","William Jessup University","2016","On-tenure track, associate professors","14","9","5","1","1","0","1","1","0","1","0","1","2","2","0","0","0","0","9","5","4","0","0","0","0","0","0","0","0","0","-2"
"122728","William Jessup University","2016","On-tenure track, assistant professors","14","11","3","0","0","0","0","0","0","1","1","0","0","0","0","0","0","0","13","10","3","0","0","0","0","0","0","0","0","0","-2"
"122931","Santa Clara University","2016","Tenured total","301","186","115","0","0","0","41","22","19","7","3","4","21","13","8","0","0","0","227","144","83","2","2","0","2","1","1","1","1","0","-2"
"122931","Santa Clara University","2016","Tenured, professors","153","100","53","0","0","0","16","12","4","3","3","0","9","7","2","0","0","0","124","77","47","1","1","0","0","0","0","0","0","0","-2"
"122931","Santa Clara University","2016","Tenured, associate professors","148","86","62","0","0","0","25","10","15","4","0","4","12","6","6","0","0","0","103","67","36","1","1","0","2","1","1","1","1","0","-2"
"122931","Santa Clara University","2016","On-Tenure track total","91","53","38","0","0","0","26","16","10","5","3","2","10","5","5","1","1","0","41","23","18","1","0","1","1","0","1","6","5","1","-2"
"122931","Santa Clara University","2016","On-tenure track, associate professors","1","1","0","0","0","0","0","0","0","0","0","0","0","0","0","0","0","0","1","1","0","0","0","0","0","0","0","0","0","0","-2"
"122931","Santa Clara University","2016","On-tenure track, assistant professors","90","52","38","0","0","0","26","16","10","5","3","2","10","5","5","1","1","0","40","22","18","1","0","1","1","0","1","6","5","1","-2"
"122931","Santa Clara University","2016","Not on tenure track/No tenure system system total","152","60","92","0","0","0","15","7","8","5","2","3","12","3","9","0","0","0","116","48","68","2","0","2","2","0","2","0","0","0","-2"
"122931","Santa Clara University","2016","Not on tenure/no tenure system, lecturers","150","59","91","0","0","0","15","7","8","5","2","3","12","3","9","0","0","0","114","47","67","2","0","2","2","0","2","0","0","0","-2"
"122931","Santa Clara University","2016","Not on tenure/no tenure system, no academic rank","2","1","1","0","0","0","0","0","0","0","0","0","0","0","0","0","0","0","2","1","1","0","0","0","0","0","0","0","0","0","-2"
"123299","Shasta College","2016","Tenured total","66","38","28","0","0","0","2","2","0","2","0","2","2","2","0","0","0","0","60","34","26","0","0","0","0","0","0","0","0","0","-2"
"123299","Shasta College","2016","Tenured, instructors","66","38","28","0","0","0","2","2","0","2","0","2","2","2","0","0","0","0","60","34","26","0","0","0","0","0","0","0","0","0","-2"
"123299","Shasta College","2016","On-Tenure track total","33","18","15","0","0","0","0","0","0","0","0","0","3","2","1","1","1","0","29","15","14","0","0","0","0","0","0","0","0","0","-2"
"123299","Shasta College","2016","On-tenure track, instructors","33","18","15","0","0","0","0","0","0","0","0","0","3","2","1","1","1","0","29","15","14","0","0","0","0","0","0","0","0","0","-2"
"123299","Shasta College","2016","Not on tenure track/No tenure system system total","41","19","22","0","0","0","3","1","2","2","2","0","3","1","2","0","0","0","32","15","17","0","0","0","1","0","1","0","0","0","-2"
"123299","Shasta College","2016","Not on tenure/no tenure system, instructors","41","19","22","0","0","0","3","1","2","2","2","0","3","1","2","0","0","0","32","15","17","0","0","0","1","0","1","0","0","0","-2"
"123457","Simpson University","2016","Not on tenure track/No tenure system system total","43","23","20","1","1","0","2","1","1","0","0","0","1","1","0","0","0","0","36","17","19","3","3","0","0","0","0","0","0","0","-2"
"123457","Simpson University","2016","Not on tenure/no tenure system, professors","5","5","0","0","0","0","0","0","0","0","0","0","0","0","0","0","0","0","4","4","0","1","1","0","0","0","0","0","0","0","-2"
"123457","Simpson University","2016","Not on tenure/no tenure system, associate professors","14","8","6","1","1","0","0","0","0","0","0","0","0","0","0","0","0","0","12","6","6","1","1","0","0","0","0","0","0","0","-2"
"123457","Simpson University","2016","Not on tenure/no tenure system, assistant professors","21","9","12","0","0","0","2","1","1","0","0","0","1","1","0","0","0","0","17","6","11","1","1","0","0","0","0","0","0","0","-2"
"123457","Simpson University","2016","Not on tenure/no tenure system, instructors","3","1","2","0","0","0","0","0","0","0","0","0","0","0","0","0","0","0","3","1","2","0","0","0","0","0","0","0","0","0","-2"
"124292","Thomas Aquinas College","2016","Not on tenure track/No tenure system system total","34","31","3","0","0","0","0","0","0","0","0","0","1","1","0","0","0","0","27","25","2","2","2","0","4","3","1","0","0","0","-2"
"124292","Thomas Aquinas College","2016","Not on tenure/no tenure system, professors","18","17","1","0","0","0","0","0","0","0","0","0","0","0","0","0","0","0","16","15","1","2","2","0","0","0","0","0","0","0","-2"
"124292","Thomas Aquinas College","2016","Not on tenure/no tenure system, associate professors","9","9","0","0","0","0","0","0","0","0","0","0","1","1","0","0","0","0","7","7","0","0","0","0","1","1","0","0","0","0","-2"
"124292","Thomas Aquinas College","2016","Not on tenure/no tenure system, assistant professors","7","5","2","0","0","0","0","0","0","0","0","0","0","0","0","0","0","0","4","3","1","0","0","0","3","2","1","0","0","0","-2"
"125727","Westmont College","2016","Tenured total","59","41","18","0","0","0","3","2","1","0","0","0","3","1","2","0","0","0","53","38","15","0","0","0","0","0","0","0","0","0","-2"
"125727","Westmont College","2016","Tenured, professors","48","36","12","0","0","0","3","2","1","0","0","0","2","1","1","0","0","0","43","33","10","0","0","0","0","0","0","0","0","0","-2"
"125727","Westmont College","2016","Tenured, associate professors","10","5","5","0","0","0","0","0","0","0","0","0","1","0","1","0","0","0","9","5","4","0","0","0","0","0","0","0","0","0","-2"
"125727","Westmont College","2016","Tenured, no academic rank","1","0","1","0","0","0","0","0","0","0","0","0","0","0","0","0","0","0","1","0","1","0","0","0","0","0","0","0","0","0","-2"
"125727","Westmont College","2016","On-Tenure track total","23","9","14","1","0","1","4","3","1","1","0","1","0","0","0","0","0","0","17","6","11","0","0","0","0","0","0","0","0","0","-2"
"125727","Westmont College","2016","On-tenure track, professors","2","2","0","0","0","0","0","0","0","0","0","0","0","0","0","0","0","0","2","2","0","0","0","0","0","0","0","0","0","0","-2"
"125727","Westmont College","2016","On-tenure track, associate professors","6","3","3","0","0","0","2","1","1","0","0","0","0","0","0","0","0","0","4","2","2","0","0","0","0","0","0","0","0","0","-2"
"125727","Westmont College","2016","On-tenure track, assistant professors","15","4","11","1","0","1","2","2","0","1","0","1","0","0","0","0","0","0","11","2","9","0","0","0","0","0","0","0","0","0","-2"
"125727","Westmont College","2016","Not on tenure track/No tenure system system total","13","6","7","1","0","1","0","0","0","1","0","1","0","0","0","0","0","0","10","6","4","1","0","1","0","0","0","0","0","0","-2"
"125727","Westmont College","2016","Not on tenure/no tenure system, associate professors","3","2","1","0","0","0","0","0","0","0","0","0","0","0","0","0","0","0","3","2","1","0","0","0","0","0","0","0","0","0","-2"
"125727","Westmont College","2016","Not on tenure/no tenure system, assistant professors","6","3","3","0","0","0","0","0","0","1","0","1","0","0","0","0","0","0","5","3","2","0","0","0","0","0","0","0","0","0","-2"
"125727","Westmont College","2016","Not on tenure/no tenure system, instructors","3","1","2","1","0","1","0","0","0","0","0","0","0","0","0","0","0","0","2","1","1","0","0","0","0","0","0","0","0","0","-2"
"125727","Westmont College","2016","Not on tenure/no tenure system, no academic rank","1","0","1","0","0","0","0","0","0","0","0","0","0","0","0","0","0","0","0","0","0","1","0","1","0","0","0","0","0","0","-2"
"126580","University of Colorado Colorado Springs","2016","Tenured total","152","93","59","1","0","1","8","5","3","1","0","1","9","6","3","0","0","0","129","80","49","0","0","0","4","2","2","0","0","0","-2"
"126580","University of Colorado Colorado Springs","2016","Tenured, professors","79","57","22","0","0","0","4","4","0","0","0","0","3","2","1","0","0","0","70","50","20","0","0","0","2","1","1","0","0","0","-2"
"126580","University of Colorado Colorado Springs","2016","Tenured, associate professors","73","36","37","1","0","1","4","1","3","1","0","1","6","4","2","0","0","0","59","30","29","0","0","0","2","1","1","0","0","0","-2"
"126580","University of Colorado Colorado Springs","2016","On-Tenure track total","77","39","38","1","0","1","14","8","6","2","1","1","1","1","0","0","0","0","49","24","25","1","0","1","9","5","4","0","0","0","-2"
"126580","University of Colorado Colorado Springs","2016","On-tenure track, assistant professors","77","39","38","1","0","1","14","8","6","2","1","1","1","1","0","0","0","0","49","24","25","1","0","1","9","5","4","0","0","0","-2"
"126580","University of Colorado Colorado Springs","2016","Not on tenure track/No tenure system system total","170","61","109","1","0","1","3","0","3","2","0","2","10","5","5","0","0","0","140","50","90","4","2","2","10","4","6","0","0","0","-2"
"126580","University of Colorado Colorado Springs","2016","Not on tenure/no tenure system, instructors","165","59","106","1","0","1","3","0","3","2","0","2","10","5","5","0","0","0","135","48","87","4","2","2","10","4","6","0","0","0","-2"
"126580","University of Colorado Colorado Springs","2016","Not on tenure/no tenure system, lecturers","5","2","3","0","0","0","0","0","0","0","0","0","0","0","0","0","0","0","5","2","3","0","0","0","0","0","0","0","0","0","-2"
"127200","Front Range Community College","2016","Tenured total","192","81","111","1","0","1","5","2","3","2","1","1","8","3","5","0","0","0","175","75","100","0","0","0","1","0","1","0","0","0","-2"
"127200","Front Range Community College","2016","Tenured, professors","192","81","111","1","0","1","5","2","3","2","1","1","8","3","5","0","0","0","175","75","100","0","0","0","1","0","1","0","0","0","-2"
"127200","Front Range Community College","2016","On-Tenure track total","38","14","24","0","0","0","3","1","2","0","0","0","4","1","3","0","0","0","31","12","19","0","0","0","0","0","0","0","0","0","-2"
"127200","Front Range Community College","2016","On-tenure track, professors","38","14","24","0","0","0","3","1","2","0","0","0","4","1","3","0","0","0","31","12","19","0","0","0","0","0","0","0","0","0","-2"
"127200","Front Range Community College","2016","Not on tenure track/No tenure system system total","11","4","7","0","0","0","0","0","0","0","0","0","2","1","1","0","0","0","9","3","6","0","0","0","0","0","0","0","0","0","-2"
"127200","Front Range Community College","2016","Not on tenure/no tenure system, professors","11","4","7","0","0","0","0","0","0","0","0","0","2","1","1","0","0","0","9","3","6","0","0","0","0","0","0","0","0","0","-2"
"127556","Colorado Mesa University","2016","Tenured total","84","51","33","0","0","0","2","2","0","0","0","0","1","1","0","0","0","0","69","41","28","0","0","0","10","6","4","2","1","1","-2"
"127556","Colorado Mesa University","2016","Tenured, professors","55","30","25","0","0","0","1","1","0","0","0","0","1","1","0","0","0","0","43","22","21","0","0","0","9","6","3","1","0","1","-2"
"127556","Colorado Mesa University","2016","Tenured, associate professors","27","19","8","0","0","0","1","1","0","0","0","0","0","0","0","0","0","0","24","17","7","0","0","0","1","0","1","1","1","0","-2"
"127556","Colorado Mesa University","2016","Tenured, assistant professors","1","1","0","0","0","0","0","0","0","0","0","0","0","0","0","0","0","0","1","1","0","0","0","0","0","0","0","0","0","0","-2"
"127556","Colorado Mesa University","2016","Tenured, instructors","1","1","0","0","0","0","0","0","0","0","0","0","0","0","0","0","0","0","1","1","0","0","0","0","0","0","0","0","0","0","-2"
"127556","Colorado Mesa University","2016","On-Tenure track total","93","48","45","0","0","0","1","1","0","0","0","0","1","1","0","0","0","0","74","34","40","1","0","1","12","10","2","4","2","2","-2"
"127556","Colorado Mesa University","2016","On-tenure track, professors","3","3","0","0","0","0","0","0","0","0","0","0","0","0","0","0","0","0","2","2","0","0","0","0","1","1","0","0","0","0","-2"
"127556","Colorado Mesa University","2016","On-tenure track, associate professors","8","6","2","0","0","0","0","0","0","0","0","0","0","0","0","0","0","0","6","4","2","0","0","0","2","2","0","0","0","0","-2"
"127556","Colorado Mesa University","2016","On-tenure track, assistant professors","82","39","43","0","0","0","1","1","0","0","0","0","1","1","0","0","0","0","66","28","38","1","0","1","9","7","2","4","2","2","-2"
"127556","Colorado Mesa University","2016","Not on tenure track/No tenure system system total","115","58","57","0","0","0","1","0","1","0","0","0","2","1","1","0","0","0","97","50","47","0","0","0","11","6","5","4","1","3","-2"
"127556","Colorado Mesa University","2016","Not on tenure/no tenure system, associate professors","1","0","1","0","0","0","0","0","0","0","0","0","0","0","0","0","0","0","1","0","1","0","0","0","0","0","0","0","0","0","-2"
"127556","Colorado Mesa University","2016","Not on tenure/no tenure system, assistant professors","1","0","1","0","0","0","0","0","0","0","0","0","0","0","0","0","0","0","1","0","1","0","0","0","0","0","0","0","0","0","-2"
"127556","Colorado Mesa University","2016","Not on tenure/no tenure system, instructors","102","53","49","0","0","0","1","0","1","0","0","0","2","1","1","0","0","0","86","46","40","0","0","0","9","5","4","4","1","3","-2"
"127556","Colorado Mesa University","2016","Not on tenure/no tenure system, lecturers","10","4","6","0","0","0","0","0","0","0","0","0","0","0","0","0","0","0","8","3","5","0","0","0","2","1","1","0","0","0","-2"
"127556","Colorado Mesa University","2016","Not on tenure/no tenure system, no academic rank","1","1","0","0","0","0","0","0","0","0","0","0","0","0","0","0","0","0","1","1","0","0","0","0","0","0","0","0","0","0","-2"
"127820","Pikes Peak Community College","2016","Not on tenure track/No tenure system system total","169","63","106","0","0","0","7","3","4","8","2","6","6","3","3","0","0","0","144","53","91","0","0","0","4","2","2","0","0","0","-2"
"127820","Pikes Peak Community College","2016","Not on tenure/no tenure system, no academic rank","169","63","106","0","0","0","7","3","4","8","2","6","6","3","3","0","0","0","144","53","91","0","0","0","4","2","2","0","0","0","-2"
"127909","Red Rocks Community College","2016","Not on tenure track/No tenure system system total","94","36","58","0","0","0","0","0","0","0","0","0","1","0","1","0","0","0","88","35","53","3","1","2","2","0","2","0","0","0","-2"
"127909","Red Rocks Community College","2016","Not on tenure/no tenure system, instructors","94","36","58","0","0","0","0","0","0","0","0","0","1","0","1","0","0","0","88","35","53","3","1","2","2","0","2","0","0","0","-2"
"127918","Regis University","2016","Tenured total","72","37","35","0","0","0","2","1","1","1","1","0","7","2","5","0","0","0","62","33","29","0","0","0","0","0","0","0","0","0","-2"
"127918","Regis University","2016","Tenured, professors","26","16","10","0","0","0","1","1","0","0","0","0","3","1","2","0","0","0","22","14","8","0","0","0","0","0","0","0","0","0","-2"
"127918","Regis University","2016","Tenured, associate professors","46","21","25","0","0","0","1","0","1","1","1","0","4","1","3","0","0","0","40","19","21","0","0","0","0","0","0","0","0","0","-2"
"127918","Regis University","2016","On-Tenure track total","38","20","18","0","0","0","1","1","0","4","4","0","2","0","2","0","0","0","31","15","16","0","0","0","0","0","0","0","0","0","-2"
"127918","Regis University","2016","On-tenure track, professors","1","1","0","0","0","0","0","0","0","1","1","0","0","0","0","0","0","0","0","0","0","0","0","0","0","0","0","0","0","0","-2"
"127918","Regis University","2016","On-tenure track, associate professors","5","3","2","0","0","0","0","0","0","2","2","0","0","0","0","0","0","0","3","1","2","0","0","0","0","0","0","0","0","0","-2"
"127918","Regis University","2016","On-tenure track, assistant professors","32","16","16","0","0","0","1","1","0","1","1","0","2","0","2","0","0","0","28","14","14","0","0","0","0","0","0","0","0","0","-2"
"127918","Regis University","2016","Not on tenure track/No tenure system system total","186","65","121","0","0","0","7","2","5","3","0","3","9","7","2","0","0","0","164","55","109","1","0","1","1","0","1","1","1","0","-2"
"127918","Regis University","2016","Not on tenure/no tenure system, professors","36","17","19","0","0","0","1","1","0","1","0","1","1","1","0","0","0","0","33","15","18","0","0","0","0","0","0","0","0","0","-2"
"127918","Regis University","2016","Not on tenure/no tenure system, associate professors","61","17","44","0","0","0","2","0","2","1","0","1","1","1","0","0","0","0","56","16","40","1","0","1","0","0","0","0","0","0","-2"
"127918","Regis University","2016","Not on tenure/no tenure system, assistant professors","60","22","38","0","0","0","3","1","2","1","0","1","4","3","1","0","0","0","51","17","34","0","0","0","0","0","0","1","1","0","-2"
"127918","Regis University","2016","Not on tenure/no tenure system, instructors","23","9","14","0","0","0","1","0","1","0","0","0","2","2","0","0","0","0","19","7","12","0","0","0","1","0","1","0","0","0","-2"
"127918","Regis University","2016","Not on tenure/no tenure system, no academic rank","6","0","6","0","0","0","0","0","0","0","0","0","1","0","1","0","0","0","5","0","5","0","0","0","0","0","0","0","0","0","-2"
"128391","Western Colorado University","2016","Tenured total","55","37","18","0","0","0","0","0","0","0","0","0","0","0","0","1","0","1","52","35","17","2","2","0","0","0","0","0","0","0","-2"
"128391","Western Colorado University","2016","Tenured, professors","43","29","14","0","0","0","0","0","0","0","0","0","0","0","0","1","0","1","40","27","13","2","2","0","0","0","0","0","0","0","-2"
"128391","Western Colorado University","2016","Tenured, associate professors","12","8","4","0","0","0","0","0","0","0","0","0","0","0","0","0","0","0","12","8","4","0","0","0","0","0","0","0","0","0","-2"
"128391","Western Colorado University","2016","On-Tenure track total","25","15","10","0","0","0","0","0","0","0","0","0","1","1","0","0","0","0","24","14","10","0","0","0","0","0","0","0","0","0","-2"
"128391","Western Colorado University","2016","On-tenure track, associate professors","2","1","1","0","0","0","0","0","0","0","0","0","0","0","0","0","0","0","2","1","1","0","0","0","0","0","0","0","0","0","-2"
"128391","Western Colorado University","2016","On-tenure track, assistant professors","23","14","9","0","0","0","0","0","0","0","0","0","1","1","0","0","0","0","22","13","9","0","0","0","0","0","0","0","0","0","-2"
"128391","Western Colorado University","2016","Not on tenure track/No tenure system system total","40","19","21","0","0","0","2","0","2","0","0","0","1","1","0","0","0","0","37","18","19","0","0","0","0","0","0","0","0","0","-2"
"128391","Western Colorado University","2016","Not on tenure/no tenure system, lecturers","40","19","21","0","0","0","2","0","2","0","0","0","1","1","0","0","0","0","37","18","19","0","0","0","0","0","0","0","0","0","-2"
"128498","Albertus Magnus College","2016","Tenured total","9","5","4","0","0","0","0","0","0","0","0","0","0","0","0","0","0","0","8","4","4","0","0","0","1","1","0","0","0","0","-2"
"128498","Albertus Magnus College","2016","Tenured, professors","8","4","4","0","0","0","0","0","0","0","0","0","0","0","0","0","0","0","8","4","4","0","0","0","0","0","0","0","0","0","-2"
"128498","Albertus Magnus College","2016","Tenured, associate professors","1","1","0","0","0","0","0","0","0","0","0","0","0","0","0","0","0","0","0","0","0","0","0","0","1","1","0","0","0","0","-2"
"128498","Albertus Magnus College","2016","Not on tenure track/No tenure system system total","32","20","12","0","0","0","1","1","0","0","0","0","0","0","0","0","0","0","23","14","9","0","0","0","8","5","3","0","0","0","-2"
"128498","Albertus Magnus College","2016","Not on tenure/no tenure system, professors","4","3","1","0","0","0","0","0","0","0","0","0","0","0","0","0","0","0","4","3","1","0","0","0","0","0","0","0","0","0","-2"
"128498","Albertus Magnus College","2016","Not on tenure/no tenure system, associate professors","16","9","7","0","0","0","1","1","0","0","0","0","0","0","0","0","0","0","10","5","5","0","0","0","5","3","2","0","0","0","-2"
"128498","Albertus Magnus College","2016","Not on tenure/no tenure system, assistant professors","10","8","2","0","0","0","0","0","0","0","0","0","0","0","0","0","0","0","7","6","1","0","0","0","3","2","1","0","0","0","-2"
"128498","Albertus Magnus College","2016","Not on tenure/no tenure system, lecturers","1","0","1","0","0","0","0","0","0","0","0","0","0","0","0","0","0","0","1","0","1","0","0","0","0","0","0","0","0","0","-2"
"128498","Albertus Magnus College","2016","Not on tenure/no tenure system, no academic rank","1","0","1","0","0","0","0","0","0","0","0","0","0","0","0","0","0","0","1","0","1","0","0","0","0","0","0","0","0","0","-2"
"128771","Central Connecticut State University","2016","Tenured total","317","190","127","2","2","0","26","17","9","19","11","8","17","12","5","0","0","0","250","146","104","3","2","1","0","0","0","0","0","0","-2"
"128771","Central Connecticut State University","2016","Tenured, professors","195","122","73","2","2","0","17","10","7","13","8","5","14","11","3","0","0","0","147","90","57","2","1","1","0","0","0","0","0","0","-2"
"128771","Central Connecticut State University","2016","Tenured, associate professors","107","60","47","0","0","0","9","7","2","5","3","2","3","1","2","0","0","0","89","48","41","1","1","0","0","0","0","0","0","0","-2"
"128771","Central Connecticut State University","2016","Tenured, assistant professors","15","8","7","0","0","0","0","0","0","1","0","1","0","0","0","0","0","0","14","8","6","0","0","0","0","0","0","0","0","0","-2"
"128771","Central Connecticut State University","2016","On-Tenure track total","112","59","53","0","0","0","13","10","3","4","1","3","7","2","5","0","0","0","69","34","35","2","2","0","0","0","0","17","10","7","-2"
"128771","Central Connecticut State University","2016","On-tenure track, associate professors","25","17","8","0","0","0","6","5","1","0","0","0","1","1","0","0","0","0","15","9","6","0","0","0","0","0","0","3","2","1","-2"
"128771","Central Connecticut State University","2016","On-tenure track, assistant professors","85","40","45","0","0","0","7","5","2","4","1","3","6","1","5","0","0","0","52","23","29","2","2","0","0","0","0","14","8","6","-2"
"128771","Central Connecticut State University","2016","On-tenure track, instructors","2","2","0","0","0","0","0","0","0","0","0","0","0","0","0","0","0","0","2","2","0","0","0","0","0","0","0","0","0","0","-2"
"128771","Central Connecticut State University","2016","Not on tenure track/No tenure system system total","17","10","7","0","0","0","2","1","1","0","0","0","2","2","0","0","0","0","11","5","6","1","1","0","0","0","0","1","1","0","-2"
"128771","Central Connecticut State University","2016","Not on tenure/no tenure system, assistant professors","15","8","7","0","0","0","2","1","1","0","0","0","2","2","0","0","0","0","9","3","6","1","1","0","0","0","0","1","1","0","-2"
"128771","Central Connecticut State University","2016","Not on tenure/no tenure system, instructors","2","2","0","0","0","0","0","0","0","0","0","0","0","0","0","0","0","0","2","2","0","0","0","0","0","0","0","0","0","0","-2"
"129154","Goodwin University","2016","Not on tenure track/No tenure system system total","87","23","64","1","0","1","1","0","1","10","2","8","2","1","1","0","0","0","73","20","53","0","0","0","0","0","0","0","0","0","-2"
"129154","Goodwin University","2016","Not on tenure/no tenure system, associate professors","26","6","20","1","0","1","1","0","1","0","0","0","1","1","0","0","0","0","23","5","18","0","0","0","0","0","0","0","0","0","-2"
"129154","Goodwin University","2016","Not on tenure/no tenure system, assistant professors","47","15","32","0","0","0","0","0","0","10","2","8","0","0","0","0","0","0","37","13","24","0","0","0","0","0","0","0","0","0","-2"
"129154","Goodwin University","2016","Not on tenure/no tenure system, instructors","14","2","12","0","0","0","0","0","0","0","0","0","1","0","1","0","0","0","13","2","11","0","0","0","0","0","0","0","0","0","-2"
"129774","Mitchell College","2016","Tenured total","3","2","1","0","0","0","0","0","0","0","0","0","0","0","0","0","0","0","3","2","1","0","0","0","0","0","0","0","0","0","-2"
"129774","Mitchell College","2016","Tenured, associate professors","2","1","1","0","0","0","0","0","0","0","0","0","0","0","0","0","0","0","2","1","1","0","0","0","0","0","0","0","0","0","-2"
"129774","Mitchell College","2016","Tenured, assistant professors","1","1","0","0","0","0","0","0","0","0","0","0","0","0","0","0","0","0","1","1","0","0","0","0","0","0","0","0","0","0","-2"
"129774","Mitchell College","2016","Not on tenure track/No tenure system system total","20","10","10","0","0","0","0","0","0","0","0","0","0","0","0","0","0","0","20","10","10","0","0","0","0","0","0","0","0","0","-2"
"129774","Mitchell College","2016","Not on tenure/no tenure system, professors","2","1","1","0","0","0","0","0","0","0","0","0","0","0","0","0","0","0","2","1","1","0","0","0","0","0","0","0","0","0","-2"
"129774","Mitchell College","2016","Not on tenure/no tenure system, associate professors","7","3","4","0","0","0","0","0","0","0","0","0","0","0","0","0","0","0","7","3","4","0","0","0","0","0","0","0","0","0","-2"
"129774","Mitchell College","2016","Not on tenure/no tenure system, assistant professors","11","6","5","0","0","0","0","0","0","0","0","0","0","0","0","0","0","0","11","6","5","0","0","0","0","0","0","0","0","0","-2"
"132657","Lynn University","2016","Not on tenure track/No tenure system system total","107","61","46","0","0","0","6","5","1","1","1","0","5","3","2","0","0","0","79","45","34","2","0","2","12","7","5","2","0","2","-2"
"132657","Lynn University","2016","Not on tenure/no tenure system, professors","22","13","9","0","0","0","2","1","1","0","0","0","1","1","0","0","0","0","17","10","7","0","0","0","2","1","1","0","0","0","-2"
"132657","Lynn University","2016","Not on tenure/no tenure system, associate professors","29","17","12","0","0","0","1","1","0","0","0","0","1","0","1","0","0","0","25","15","10","1","0","1","1","1","0","0","0","0","-2"
"132657","Lynn University","2016","Not on tenure/no tenure system, assistant professors","46","24","22","0","0","0","3","3","0","1","1","0","1","0","1","0","0","0","33","17","16","1","0","1","6","3","3","1","0","1","-2"
"132657","Lynn University","2016","Not on tenure/no tenure system, instructors","5","2","3","0","0","0","0","0","0","0","0","0","1","1","0","0","0","0","2","1","1","0","0","0","1","0","1","1","0","1","-2"
"132657","Lynn University","2016","Not on tenure/no tenure system, lecturers","2","2","0","0","0","0","0","0","0","0","0","0","0","0","0","0","0","0","1","1","0","0","0","0","1","1","0","0","0","0","-2"
"132657","Lynn University","2016","Not on tenure/no tenure system, no academic rank","3","3","0","0","0","0","0","0","0","0","0","0","1","1","0","0","0","0","1","1","0","0","0","0","1","1","0","0","0","0","-2"
"132693","Eastern Florida State College","2016","Tenured total","193","76","117","0","0","0","10","6","4","17","6","11","4","1","3","0","0","0","157","60","97","5","3","2","0","0","0","0","0","0","-2"
"132693","Eastern Florida State College","2016","Tenured, professors","49","21","28","0","0","0","5","3","2","2","1","1","3","1","2","0","0","0","36","13","23","3","3","0","0","0","0","0","0","0","-2"
"132693","Eastern Florida State College","2016","Tenured, associate professors","45","17","28","0","0","0","2","1","1","5","2","3","1","0","1","0","0","0","37","14","23","0","0","0","0","0","0","0","0","0","-2"
"132693","Eastern Florida State College","2016","Tenured, assistant professors","53","17","36","0","0","0","2","1","1","4","1","3","0","0","0","0","0","0","46","15","31","1","0","1","0","0","0","0","0","0","-2"
"132693","Eastern Florida State College","2016","Tenured, instructors","46","21","25","0","0","0","1","1","0","6","2","4","0","0","0","0","0","0","38","18","20","1","0","1","0","0","0","0","0","0","-2"
"132693","Eastern Florida State College","2016","On-Tenure track total","59","24","35","0","0","0","0","0","0","1","1","0","3","1","2","0","0","0","52","20","32","2","1","1","1","1","0","0","0","0","-2"
"132693","Eastern Florida State College","2016","On-tenure track, assistant professors","1","1","0","0","0","0","0","0","0","0","0","0","0","0","0","0","0","0","1","1","0","0","0","0","0","0","0","0","0","0","-2"
"132693","Eastern Florida State College","2016","On-tenure track, instructors","57","23","34","0","0","0","0","0","0","1","1","0","3","1","2","0","0","0","50","19","31","2","1","1","1","1","0","0","0","0","-2"
"132693","Eastern Florida State College","2016","On-tenure track, lecturers","1","0","1","0","0","0","0","0","0","0","0","0","0","0","0","0","0","0","1","0","1","0","0","0","0","0","0","0","0","0","-2"
"132693","Eastern Florida State College","2016","Not on tenure track/No tenure system system total","11","6","5","1","1","0","0","0","0","3","1","2","1","0","1","0","0","0","6","4","2","0","0","0","0","0","0","0","0","0","-2"
"132693","Eastern Florida State College","2016","Not on tenure/no tenure system, instructors","11","6","5","1","1","0","0","0","0","3","1","2","1","0","1","0","0","0","6","4","2","0","0","0","0","0","0","0","0","0","-2"
"132879","Johnson University Florida","2016","Not on tenure track/No tenure system system total","14","7","7","0","0","0","1","0","1","0","0","0","0","0","0","0","0","0","13","7","6","0","0","0","0","0","0","0","0","0","-2"
"132879","Johnson University Florida","2016","Not on tenure/no tenure system, professors","9","5","4","0","0","0","1","0","1","0","0","0","0","0","0","0","0","0","8","5","3","0","0","0","0","0","0","0","0","0","-2"
"132879","Johnson University Florida","2016","Not on tenure/no tenure system, associate professors","2","1","1","0","0","0","0","0","0","0","0","0","0","0","0","0","0","0","2","1","1","0","0","0","0","0","0","0","0","0","-2"
"132879","Johnson University Florida","2016","Not on tenure/no tenure system, assistant professors","3","1","2","0","0","0","0","0","0","0","0","0","0","0","0","0","0","0","3","1","2","0","0","0","0","0","0","0","0","0","-2"
"133386","Daytona State College","2016","Tenured total","225","119","106","1","0","1","7","6","1","19","9","10","9","6","3","0","0","0","187","96","91","0","0","0","0","0","0","2","2","0","-2"
"133386","Daytona State College","2016","Tenured, professors","121","65","56","1","0","1","6","5","1","8","2","6","4","3","1","0","0","0","101","54","47","0","0","0","0","0","0","1","1","0","-2"
"133386","Daytona State College","2016","Tenured, associate professors","83","42","41","0","0","0","1","1","0","9","6","3","3","2","1","0","0","0","69","32","37","0","0","0","0","0","0","1","1","0","-2"
"133386","Daytona State College","2016","Tenured, assistant professors","20","11","9","0","0","0","0","0","0","2","1","1","2","1","1","0","0","0","16","9","7","0","0","0","0","0","0","0","0","0","-2"
"133386","Daytona State College","2016","Tenured, instructors","1","1","0","0","0","0","0","0","0","0","0","0","0","0","0","0","0","0","1","1","0","0","0","0","0","0","0","0","0","0","-2"
"133386","Daytona State College","2016","On-Tenure track total","41","17","24","0","0","0","0","0","0","3","0","3","2","0","2","0","0","0","36","17","19","0","0","0","0","0","0","0","0","0","-2"
"133386","Daytona State College","2016","On-tenure track, associate professors","7","3","4","0","0","0","0","0","0","1","0","1","0","0","0","0","0","0","6","3","3","0","0","0","0","0","0","0","0","0","-2"
"133386","Daytona State College","2016","On-tenure track, assistant professors","24","5","19","0","0","0","0","0","0","2","0","2","2","0","2","0","0","0","20","5","15","0","0","0","0","0","0","0","0","0","-2"
"133386","Daytona State College","2016","On-tenure track, instructors","10","9","1","0","0","0","0","0","0","0","0","0","0","0","0","0","0","0","10","9","1","0","0","0","0","0","0","0","0","0","-2"
"133386","Daytona State College","2016","Not on tenure track/No tenure system system total","1","0","1","0","0","0","0","0","0","0","0","0","0","0","0","0","0","0","1","0","1","0","0","0","0","0","0","0","0","0","-2"
"133386","Daytona State College","2016","Not on tenure/no tenure system, assistant professors","1","0","1","0","0","0","0","0","0","0","0","0","0","0","0","0","0","0","1","0","1","0","0","0","0","0","0","0","0","0","-2"
"134130","University of Florida","2016","Tenured total","1536","1131","405","0","0","0","193","154","39","48","27","21","83","63","20","0","0","0","1192","871","321","15","12","3","4","4","0","1","0","1","-2"
"134130","University of Florida","2016","Tenured, professors","981","765","216","0","0","0","121","102","19","22","14","8","45","38","7","0","0","0","782","603","179","7","5","2","3","3","0","1","0","1","-2"
"134130","University of Florida","2016","Tenured, associate professors","549","360","189","0","0","0","72","52","20","26","13","13","37","24","13","0","0","0","405","263","142","8","7","1","1","1","0","0","0","0","-2"
"134130","University of Florida","2016","Tenured, assistant professors","6","6","0","0","0","0","0","0","0","0","0","0","1","1","0","0","0","0","5","5","0","0","0","0","0","0","0","0","0","0","-2"
"134130","University of Florida","2016","On-Tenure track total","438","258","180","0","0","0","61","36","25","14","3","11","35","23","12","0","0","0","261","148","113","10","6","4","7","5","2","50","37","13","-2"
"134130","University of Florida","2016","On-tenure track, professors","24","19","5","0","0","0","6","5","1","0","0","0","1","0","1","0","0","0","12","9","3","0","0","0","0","0","0","5","5","0","-2"
"134130","University of Florida","2016","On-tenure track, associate professors","62","43","19","0","0","0","12","9","3","5","1","4","7","5","2","0","0","0","31","21","10","2","2","0","1","1","0","4","4","0","-2"
"134130","University of Florida","2016","On-tenure track, assistant professors","352","196","156","0","0","0","43","22","21","9","2","7","27","18","9","0","0","0","218","118","100","8","4","4","6","4","2","41","28","13","-2"
"134130","University of Florida","2016","Not on tenure track/No tenure system system total","498","215","283","2","1","1","35","9","26","31","13","18","34","12","22","2","2","0","362","159","203","5","2","3","10","8","2","17","9","8","-2"
"134130","University of Florida","2016","Not on tenure/no tenure system, professors","14","7","7","0","0","0","1","0","1","2","0","2","2","0","2","0","0","0","7","5","2","0","0","0","1","1","0","1","1","0","-2"
"134130","University of Florida","2016","Not on tenure/no tenure system, associate professors","16","11","5","0","0","0","2","1","1","0","0","0","1","1","0","1","1","0","10","7","3","0","0","0","0","0","0","2","1","1","-2"
"134130","University of Florida","2016","Not on tenure/no tenure system, assistant professors","33","16","17","1","1","0","0","0","0","1","1","0","1","1","0","0","0","0","24","9","15","1","1","0","1","1","0","4","2","2","-2"
"134130","University of Florida","2016","Not on tenure/no tenure system, lecturers","315","126","189","1","0","1","22","3","19","21","7","14","23","9","14","1","1","0","229","96","133","3","1","2","8","6","2","7","3","4","-2"
"134130","University of Florida","2016","Not on tenure/no tenure system, no academic rank","120","55","65","0","0","0","10","5","5","7","5","2","7","1","6","0","0","0","92","42","50","1","0","1","0","0","0","3","2","1","-2"
"135188","Lake-Sumter State College","2016","Tenured total","20","7","13","0","0","0","0","0","0","1","0","1","1","1","0","0","0","0","18","6","12","0","0","0","0","0","0","0","0","0","-2"
"135188","Lake-Sumter State College","2016","Tenured, professors","3","1","2","0","0","0","0","0","0","0","0","0","0","0","0","0","0","0","3","1","2","0","0","0","0","0","0","0","0","0","-2"
"135188","Lake-Sumter State College","2016","Tenured, associate professors","6","2","4","0","0","0","0","0","0","0","0","0","0","0","0","0","0","0","6","2","4","0","0","0","0","0","0","0","0","0","-2"
"135188","Lake-Sumter State College","2016","Tenured, assistant professors","6","3","3","0","0","0","0","0","0","1","0","1","1","1","0","0","0","0","4","2","2","0","0","0","0","0","0","0","0","0","-2"
"135188","Lake-Sumter State College","2016","Tenured, instructors","5","1","4","0","0","0","0","0","0","0","0","0","0","0","0","0","0","0","5","1","4","0","0","0","0","0","0","0","0","0","-2"
"135188","Lake-Sumter State College","2016","On-Tenure track total","54","21","33","2","1","1","1","1","0","6","2","4","3","2","1","0","0","0","42","15","27","0","0","0","0","0","0","0","0","0","-2"
"135188","Lake-Sumter State College","2016","On-tenure track, assistant professors","7","1","6","0","0","0","0","0","0","1","0","1","0","0","0","0","0","0","6","1","5","0","0","0","0","0","0","0","0","0","-2"
"135188","Lake-Sumter State College","2016","On-tenure track, instructors","45","19","26","2","1","1","1","1","0","5","2","3","3","2","1","0","0","0","34","13","21","0","0","0","0","0","0","0","0","0","-2"
"135188","Lake-Sumter State College","2016","On-tenure track, no academic rank","2","1","1","0","0","0","0","0","0","0","0","0","0","0","0","0","0","0","2","1","1","0","0","0","0","0","0","0","0","0","-2"
"135188","Lake-Sumter State College","2016","Not on tenure track/No tenure system system total","8","5","3","0","0","0","0","0","0","0","0","0","0","0","0","0","0","0","8","5","3","0","0","0","0","0","0","0","0","0","-2"
"135188","Lake-Sumter State College","2016","Not on tenure/no tenure system, instructors","5","3","2","0","0","0","0","0","0","0","0","0","0","0","0","0","0","0","5","3","2","0","0","0","0","0","0","0","0","0","-2"
"135188","Lake-Sumter State College","2016","Not on tenure/no tenure system, no academic rank","3","2","1","0","0","0","0","0","0","0","0","0","0","0","0","0","0","0","3","2","1","0","0","0","0","0","0","0","0","0","-2"
"135391","State College of Florida-Manatee-Sarasota","2016","Tenured total","90","36","54","0","0","0","3","3","0","6","4","2","5","2","3","0","0","0","74","27","47","0","0","0","2","0","2","0","0","0","-2"
"135391","State College of Florida-Manatee-Sarasota","2016","Tenured, professors","42","18","24","0","0","0","2","2","0","2","1","1","2","0","2","0","0","0","35","15","20","0","0","0","1","0","1","0","0","0","-2"
"135391","State College of Florida-Manatee-Sarasota","2016","Tenured, associate professors","25","13","12","0","0","0","1","1","0","3","2","1","2","1","1","0","0","0","19","9","10","0","0","0","0","0","0","0","0","0","-2"
"135391","State College of Florida-Manatee-Sarasota","2016","Tenured, assistant professors","20","5","15","0","0","0","0","0","0","1","1","0","1","1","0","0","0","0","17","3","14","0","0","0","1","0","1","0","0","0","-2"
"135391","State College of Florida-Manatee-Sarasota","2016","Tenured, instructors","3","0","3","0","0","0","0","0","0","0","0","0","0","0","0","0","0","0","3","0","3","0","0","0","0","0","0","0","0","0","-2"
"135391","State College of Florida-Manatee-Sarasota","2016","On-Tenure track total","31","12","19","0","0","0","0","0","0","0","0","0","2","2","0","0","0","0","28","10","18","0","0","0","1","0","1","0","0","0","-2"
"135391","State College of Florida-Manatee-Sarasota","2016","On-tenure track, assistant professors","21","6","15","0","0","0","0","0","0","0","0","0","0","0","0","0","0","0","20","6","14","0","0","0","1","0","1","0","0","0","-2"
"135391","State College of Florida-Manatee-Sarasota","2016","On-tenure track, instructors","10","6","4","0","0","0","0","0","0","0","0","0","2","2","0","0","0","0","8","4","4","0","0","0","0","0","0","0","0","0","-2"
"135391","State College of Florida-Manatee-Sarasota","2016","Not on tenure track/No tenure system system total","9","4","5","0","0","0","0","0","0","0","0","0","0","0","0","0","0","0","9","4","5","0","0","0","0","0","0","0","0","0","-2"
"135391","State College of Florida-Manatee-Sarasota","2016","Not on tenure/no tenure system, lecturers","5","4","1","0","0","0","0","0","0","0","0","0","0","0","0","0","0","0","5","4","1","0","0","0","0","0","0","0","0","0","-2"
"135391","State College of Florida-Manatee-Sarasota","2016","Not on tenure/no tenure system, no academic rank","4","0","4","0","0","0","0","0","0","0","0","0","0","0","0","0","0","0","4","0","4","0","0","0","0","0","0","0","0","0","-2"
"136330","Palm Beach Atlantic University","2016","Not on tenure track/No tenure system system total","173","91","82","0","0","0","4","1","3","12","4","8","11","4","7","0","0","0","137","80","57","1","0","1","2","0","2","6","2","4","-2"
"136330","Palm Beach Atlantic University","2016","Not on tenure/no tenure system, professors","46","32","14","0","0","0","1","1","0","2","1","1","3","0","3","0","0","0","40","30","10","0","0","0","0","0","0","0","0","0","-2"
"136330","Palm Beach Atlantic University","2016","Not on tenure/no tenure system, associate professors","62","34","28","0","0","0","3","0","3","3","2","1","3","2","1","0","0","0","49","28","21","1","0","1","0","0","0","3","2","1","-2"
"136330","Palm Beach Atlantic University","2016","Not on tenure/no tenure system, assistant professors","58","23","35","0","0","0","0","0","0","7","1","6","4","2","2","0","0","0","42","20","22","0","0","0","2","0","2","3","0","3","-2"
"136330","Palm Beach Atlantic University","2016","Not on tenure/no tenure system, instructors","7","2","5","0","0","0","0","0","0","0","0","0","1","0","1","0","0","0","6","2","4","0","0","0","0","0","0","0","0","0","-2"
"136400","Pasco-Hernando State College","2016","Tenured total","92","31","61","0","0","0","0","0","0","6","3","3","5","4","1","1","0","1","80","24","56","0","0","0","0","0","0","0","0","0","-2"
"136400","Pasco-Hernando State College","2016","Tenured, professors","30","10","20","0","0","0","0","0","0","0","0","0","1","1","0","0","0","0","29","9","20","0","0","0","0","0","0","0","0","0","-2"
"136400","Pasco-Hernando State College","2016","Tenured, associate professors","29","6","23","0","0","0","0","0","0","5","2","3","2","1","1","0","0","0","22","3","19","0","0","0","0","0","0","0","0","0","-2"
"136400","Pasco-Hernando State College","2016","Tenured, assistant professors","30","14","16","0","0","0","0","0","0","1","1","0","2","2","0","1","0","1","26","11","15","0","0","0","0","0","0","0","0","0","-2"
"136400","Pasco-Hernando State College","2016","Tenured, instructors","3","1","2","0","0","0","0","0","0","0","0","0","0","0","0","0","0","0","3","1","2","0","0","0","0","0","0","0","0","0","-2"
"136400","Pasco-Hernando State College","2016","On-Tenure track total","51","15","36","0","0","0","1","0","1","4","2","2","3","1","2","0","0","0","40","11","29","3","1","2","0","0","0","0","0","0","-2"
"136400","Pasco-Hernando State College","2016","On-tenure track, professors","5","3","2","0","0","0","0","0","0","1","0","1","0","0","0","0","0","0","4","3","1","0","0","0","0","0","0","0","0","0","-2"
"136400","Pasco-Hernando State College","2016","On-tenure track, associate professors","4","2","2","0","0","0","0","0","0","1","1","0","0","0","0","0","0","0","3","1","2","0","0","0","0","0","0","0","0","0","-2"
"136400","Pasco-Hernando State College","2016","On-tenure track, assistant professors","9","2","7","0","0","0","1","0","1","0","0","0","2","1","1","0","0","0","6","1","5","0","0","0","0","0","0","0","0","0","-2"
"136400","Pasco-Hernando State College","2016","On-tenure track, instructors","33","8","25","0","0","0","0","0","0","2","1","1","1","0","1","0","0","0","27","6","21","3","1","2","0","0","0","0","0","0","-2"
"136400","Pasco-Hernando State College","2016","Not on tenure track/No tenure system system total","8","6","2","0","0","0","0","0","0","1","1","0","0","0","0","0","0","0","7","5","2","0","0","0","0","0","0","0","0","0","-2"
"136400","Pasco-Hernando State College","2016","Not on tenure/no tenure system, instructors","1","0","1","0","0","0","0","0","0","0","0","0","0","0","0","0","0","0","1","0","1","0","0","0","0","0","0","0","0","0","-2"
"136400","Pasco-Hernando State College","2016","Not on tenure/no tenure system, no academic rank","7","6","1","0","0","0","0","0","0","1","1","0","0","0","0","0","0","0","6","5","1","0","0","0","0","0","0","0","0","0","-2"
"136774","Ringling College of Art and Design","2016","Not on tenure track/No tenure system system total","99","70","29","0","0","0","1","1","0","1","1","0","2","1","1","0","0","0","93","67","26","0","0","0","2","0","2","0","0","0","-2"
"136774","Ringling College of Art and Design","2016","Not on tenure/no tenure system, no academic rank","99","70","29","0","0","0","1","1","0","1","1","0","2","1","1","0","0","0","93","67","26","0","0","0","2","0","2","0","0","0","-2"
"136950","Rollins College","2016","Tenured total","118","69","49","0","0","0","6","3","3","5","5","0","8","4","4","0","0","0","96","56","40","2","0","2","0","0","0","1","1","0","-2"
"136950","Rollins College","2016","Tenured, professors","66","45","21","0","0","0","2","1","1","1","1","0","5","3","2","0","0","0","58","40","18","0","0","0","0","0","0","0","0","0","-2"
"136950","Rollins College","2016","Tenured, associate professors","52","24","28","0","0","0","4","2","2","4","4","0","3","1","2","0","0","0","38","16","22","2","0","2","0","0","0","1","1","0","-2"
"136950","Rollins College","2016","On-Tenure track total","58","25","33","0","0","0","5","4","1","3","0","3","0","0","0","0","0","0","43","19","24","4","0","4","0","0","0","3","2","1","-2"
"136950","Rollins College","2016","On-tenure track, professors","1","0","1","0","0","0","0","0","0","0","0","0","0","0","0","0","0","0","1","0","1","0","0","0","0","0","0","0","0","0","-2"
"136950","Rollins College","2016","On-tenure track, associate professors","13","4","9","0","0","0","2","2","0","1","0","1","0","0","0","0","0","0","9","2","7","1","0","1","0","0","0","0","0","0","-2"
"136950","Rollins College","2016","On-tenure track, assistant professors","44","21","23","0","0","0","3","2","1","2","0","2","0","0","0","0","0","0","33","17","16","3","0","3","0","0","0","3","2","1","-2"
"136950","Rollins College","2016","Not on tenure track/No tenure system system total","59","26","33","0","0","0","2","1","1","1","0","1","5","2","3","0","0","0","48","21","27","1","0","1","0","0","0","2","2","0","-2"
"136950","Rollins College","2016","Not on tenure/no tenure system, lecturers","59","26","33","0","0","0","2","1","1","1","0","1","5","2","3","0","0","0","48","21","27","1","0","1","0","0","0","2","2","0","-2"
"137032","Saint Leo University","2016","Tenured total","69","42","27","1","0","1","2","2","0","6","3","3","2","1","1","0","0","0","58","36","22","0","0","0","0","0","0","0","0","0","-2"
"137032","Saint Leo University","2016","Tenured, professors","23","16","7","1","0","1","0","0","0","1","1","0","1","1","0","0","0","0","20","14","6","0","0","0","0","0","0","0","0","0","-2"
"137032","Saint Leo University","2016","Tenured, associate professors","38","21","17","0","0","0","2","2","0","4","1","3","1","0","1","0","0","0","31","18","13","0","0","0","0","0","0","0","0","0","-2"
"137032","Saint Leo University","2016","Tenured, assistant professors","8","5","3","0","0","0","0","0","0","1","1","0","0","0","0","0","0","0","7","4","3","0","0","0","0","0","0","0","0","0","-2"
"137032","Saint Leo University","2016","On-Tenure track total","42","25","17","0","0","0","2","2","0","6","2","4","0","0","0","0","0","0","33","20","13","0","0","0","1","1","0","0","0","0","-2"
"137032","Saint Leo University","2016","On-tenure track, professors","2","0","2","0","0","0","0","0","0","0","0","0","0","0","0","0","0","0","2","0","2","0","0","0","0","0","0","0","0","0","-2"
"137032","Saint Leo University","2016","On-tenure track, associate professors","13","9","4","0","0","0","0","0","0","2","1","1","0","0","0","0","0","0","11","8","3","0","0","0","0","0","0","0","0","0","-2"
"137032","Saint Leo University","2016","On-tenure track, assistant professors","27","16","11","0","0","0","2","2","0","4","1","3","0","0","0","0","0","0","20","12","8","0","0","0","1","1","0","0","0","0","-2"
"137032","Saint Leo University","2016","Not on tenure track/No tenure system system total","69","36","33","0","0","0","3","1","2","15","6","9","3","2","1","0","0","0","47","26","21","0","0","0","1","1","0","0","0","0","-2"
"137032","Saint Leo University","2016","Not on tenure/no tenure system, professors","4","3","1","0","0","0","0","0","0","0","0","0","0","0","0","0","0","0","4","3","1","0","0","0","0","0","0","0","0","0","-2"
"137032","Saint Leo University","2016","Not on tenure/no tenure system, associate professors","4","2","2","0","0","0","0","0","0","1","0","1","0","0","0","0","0","0","3","2","1","0","0","0","0","0","0","0","0","0","-2"
"137032","Saint Leo University","2016","Not on tenure/no tenure system, assistant professors","33","20","13","0","0","0","3","1","2","11","6","5","1","1","0","0","0","0","17","11","6","0","0","0","1","1","0","0","0","0","-2"
"137032","Saint Leo University","2016","Not on tenure/no tenure system, instructors","27","11","16","0","0","0","0","0","0","3","0","3","2","1","1","0","0","0","22","10","12","0","0","0","0","0","0","0","0","0","-2"
"137032","Saint Leo University","2016","Not on tenure/no tenure system, lecturers","1","0","1","0","0","0","0","0","0","0","0","0","0","0","0","0","0","0","1","0","1","0","0","0","0","0","0","0","0","0","-2"
"137078","St Petersburg College","2016","Tenured total","282","133","149","0","0","0","8","6","2","24","13","11","15","4","11","0","0","0","227","107","120","7","3","4","1","0","1","0","0","0","-2"
"137078","St Petersburg College","2016","Tenured, no academic rank","282","133","149","0","0","0","8","6","2","24","13","11","15","4","11","0","0","0","227","107","120","7","3","4","1","0","1","0","0","0","-2"
"137078","St Petersburg College","2016","On-Tenure track total","95","30","65","0","0","0","3","2","1","11","2","9","4","1","3","0","0","0","76","25","51","1","0","1","0","0","0","0","0","0","-2"
"137078","St Petersburg College","2016","On-tenure track, no academic rank","95","30","65","0","0","0","3","2","1","11","2","9","4","1","3","0","0","0","76","25","51","1","0","1","0","0","0","0","0","0","-2"
"137096","Santa Fe College","2016","Tenured total","155","70","85","0","0","0","4","3","1","9","4","5","11","3","8","0","0","0","128","57","71","1","1","0","2","2","0","0","0","0","-2"
"137096","Santa Fe College","2016","Tenured, no academic rank","155","70","85","0","0","0","4","3","1","9","4","5","11","3","8","0","0","0","128","57","71","1","1","0","2","2","0","0","0","0","-2"
"137096","Santa Fe College","2016","On-Tenure track total","84","36","48","0","0","0","2","1","1","8","3","5","2","1","1","0","0","0","66","28","38","2","0","2","4","3","1","0","0","0","-2"
"137096","Santa Fe College","2016","On-tenure track, no academic rank","84","36","48","0","0","0","2","1","1","8","3","5","2","1","1","0","0","0","66","28","38","2","0","2","4","3","1","0","0","0","-2"
"137546","Stetson University","2016","Tenured total","157","94","63","0","0","0","4","1","3","9","3","6","6","3","3","0","0","0","129","80","49","5","4","1","2","1","1","2","2","0","-2"
"137546","Stetson University","2016","Tenured, professors","109","64","45","0","0","0","3","1","2","6","2","4","3","1","2","0","0","0","93","57","36","2","2","0","1","0","1","1","1","0","-2"
"137546","Stetson University","2016","Tenured, associate professors","48","30","18","0","0","0","1","0","1","3","1","2","3","2","1","0","0","0","36","23","13","3","2","1","1","1","0","1","1","0","-2"
"137546","Stetson University","2016","On-Tenure track total","64","30","34","0","0","0","3","2","1","4","1","3","5","2","3","0","0","0","48","23","25","2","0","2","0","0","0","2","2","0","-2"
"137546","Stetson University","2016","On-tenure track, professors","2","1","1","0","0","0","1","1","0","0","0","0","0","0","0","0","0","0","1","0","1","0","0","0","0","0","0","0","0","0","-2"
"137546","Stetson University","2016","On-tenure track, associate professors","6","1","5","0","0","0","1","1","0","1","0","1","0","0","0","0","0","0","4","0","4","0","0","0","0","0","0","0","0","0","-2"
"137546","Stetson University","2016","On-tenure track, assistant professors","55","27","28","0","0","0","1","0","1","3","1","2","5","2","3","0","0","0","42","22","20","2","0","2","0","0","0","2","2","0","-2"
"137546","Stetson University","2016","On-tenure track, no academic rank","1","1","0","0","0","0","0","0","0","0","0","0","0","0","0","0","0","0","1","1","0","0","0","0","0","0","0","0","0","0","-2"
"137546","Stetson University","2016","Not on tenure track/No tenure system system total","47","15","32","1","0","1","3","2","1","2","0","2","5","2","3","0","0","0","30","9","21","1","0","1","0","0","0","5","2","3","-2"
"137546","Stetson University","2016","Not on tenure/no tenure system, assistant professors","2","0","2","0","0","0","0","0","0","0","0","0","1","0","1","0","0","0","1","0","1","0","0","0","0","0","0","0","0","0","-2"
"137546","Stetson University","2016","Not on tenure/no tenure system, no academic rank","45","15","30","1","0","1","3","2","1","2","0","2","4","2","2","0","0","0","29","9","20","1","0","1","0","0","0","5","2","3","-2"
"137564","Southeastern University","2016","Not on tenure track/No tenure system system total","143","85","58","0","0","0","5","2","3","12","10","2","6","3","3","0","0","0","117","68","49","3","2","1","0","0","0","0","0","0","-2"
"137564","Southeastern University","2016","Not on tenure/no tenure system, professors","45","34","11","0","0","0","2","0","2","2","2","0","2","1","1","0","0","0","38","30","8","1","1","0","0","0","0","0","0","0","-2"
"137564","Southeastern University","2016","Not on tenure/no tenure system, associate professors","41","27","14","0","0","0","2","1","1","4","4","0","1","0","1","0","0","0","34","22","12","0","0","0","0","0","0","0","0","0","-2"
"137564","Southeastern University","2016","Not on tenure/no tenure system, assistant professors","41","18","23","0","0","0","1","1","0","6","4","2","3","2","1","0","0","0","29","10","19","2","1","1","0","0","0","0","0","0","-2"
"137564","Southeastern University","2016","Not on tenure/no tenure system, instructors","9","4","5","0","0","0","0","0","0","0","0","0","0","0","0","0","0","0","9","4","5","0","0","0","0","0","0","0","0","0","-2"
"137564","Southeastern University","2016","Not on tenure/no tenure system, lecturers","7","2","5","0","0","0","0","0","0","0","0","0","0","0","0","0","0","0","7","2","5","0","0","0","0","0","0","0","0","0","-2"
"137962","Trinity College of Florida","2016","Not on tenure track/No tenure system system total","9","5","4","0","0","0","0","0","0","0","0","0","0","0","0","0","0","0","9","5","4","0","0","0","0","0","0","0","0","0","-2"
"137962","Trinity College of Florida","2016","Not on tenure/no tenure system, professors","9","5","4","0","0","0","0","0","0","0","0","0","0","0","0","0","0","0","9","5","4","0","0","0","0","0","0","0","0","0","-2"
"139700","Georgia Highlands College","2016","Tenured total","63","32","31","0","0","0","1","1","0","2","1","1","0","0","0","0","0","0","60","30","30","0","0","0","0","0","0","0","0","0","-2"
"139700","Georgia Highlands College","2016","Tenured, professors","22","14","8","0","0","0","1","1","0","1","0","1","0","0","0","0","0","0","20","13","7","0","0","0","0","0","0","0","0","0","-2"
"139700","Georgia Highlands College","2016","Tenured, associate professors","33","13","20","0","0","0","0","0","0","0","0","0","0","0","0","0","0","0","33","13","20","0","0","0","0","0","0","0","0","0","-2"
"139700","Georgia Highlands College","2016","Tenured, assistant professors","8","5","3","0","0","0","0","0","0","1","1","0","0","0","0","0","0","0","7","4","3","0","0","0","0","0","0","0","0","0","-2"
"139700","Georgia Highlands College","2016","On-Tenure track total","27","10","17","0","0","0","1","1","0","5","1","4","0","0","0","0","0","0","21","8","13","0","0","0","0","0","0","0","0","0","-2"
"139700","Georgia Highlands College","2016","On-tenure track, associate professors","2","2","0","0","0","0","0","0","0","1","1","0","0","0","0","0","0","0","1","1","0","0","0","0","0","0","0","0","0","0","-2"
"139700","Georgia Highlands College","2016","On-tenure track, assistant professors","25","8","17","0","0","0","1","1","0","4","0","4","0","0","0","0","0","0","20","7","13","0","0","0","0","0","0","0","0","0","-2"
"139700","Georgia Highlands College","2016","Not on tenure track/No tenure system system total","33","10","23","1","1","0","3","2","1","3","1","2","0","0","0","0","0","0","26","6","20","0","0","0","0","0","0","0","0","0","-2"
"139700","Georgia Highlands College","2016","Not on tenure/no tenure system, instructors","33","10","23","1","1","0","3","2","1","3","1","2","0","0","0","0","0","0","26","6","20","0","0","0","0","0","0","0","0","0","-2"
"140252","Life University","2016","Not on tenure track/No tenure system system total","131","71","60","0","0","0","11","4","7","18","6","12","5","2","3","0","0","0","97","59","38","0","0","0","0","0","0","0","0","0","-2"
"140252","Life University","2016","Not on tenure/no tenure system, professors","27","20","7","0","0","0","3","1","2","2","1","1","0","0","0","0","0","0","22","18","4","0","0","0","0","0","0","0","0","0","-2"
"140252","Life University","2016","Not on tenure/no tenure system, associate professors","31","21","10","0","0","0","5","3","2","3","0","3","0","0","0","0","0","0","23","18","5","0","0","0","0","0","0","0","0","0","-2"
"140252","Life University","2016","Not on tenure/no tenure system, assistant professors","71","29","42","0","0","0","3","0","3","13","5","8","5","2","3","0","0","0","50","22","28","0","0","0","0","0","0","0","0","0","-2"
"140252","Life University","2016","Not on tenure/no tenure system, instructors","2","1","1","0","0","0","0","0","0","0","0","0","0","0","0","0","0","0","2","1","1","0","0","0","0","0","0","0","0","0","-2"
"141565","University of Hawaii at Hilo","2016","Tenured total","144","88","56","1","1","0","41","24","17","1","1","0","4","4","0","12","4","8","83","53","30","0","0","0","0","0","0","2","1","1","-2"
"141565","University of Hawaii at Hilo","2016","Tenured, professors","67","44","23","1","1","0","19","13","6","1","1","0","1","1","0","2","1","1","43","27","16","0","0","0","0","0","0","0","0","0","-2"
"141565","University of Hawaii at Hilo","2016","Tenured, associate professors","77","44","33","0","0","0","22","11","11","0","0","0","3","3","0","10","3","7","40","26","14","0","0","0","0","0","0","2","1","1","-2"
"141565","University of Hawaii at Hilo","2016","On-Tenure track total","36","18","18","0","0","0","10","5","5","0","0","0","0","0","0","1","0","1","18","8","10","2","2","0","0","0","0","5","3","2","-2"
"141565","University of Hawaii at Hilo","2016","On-tenure track, associate professors","6","3","3","0","0","0","2","1","1","0","0","0","0","0","0","0","0","0","3","1","2","0","0","0","0","0","0","1","1","0","-2"
"141565","University of Hawaii at Hilo","2016","On-tenure track, assistant professors","30","15","15","0","0","0","8","4","4","0","0","0","0","0","0","1","0","1","15","7","8","2","2","0","0","0","0","4","2","2","-2"
"141565","University of Hawaii at Hilo","2016","Not on tenure track/No tenure system system total","30","7","23","0","0","0","1","0","1","0","0","0","1","0","1","1","0","1","24","6","18","2","1","1","0","0","0","1","0","1","-2"
"141565","University of Hawaii at Hilo","2016","Not on tenure/no tenure system, assistant professors","3","0","3","0","0","0","0","0","0","0","0","0","0","0","0","0","0","0","2","0","2","1","0","1","0","0","0","0","0","0","-2"
"141565","University of Hawaii at Hilo","2016","Not on tenure/no tenure system, instructors","27","7","20","0","0","0","1","0","1","0","0","0","1","0","1","1","0","1","22","6","16","1","1","0","0","0","0","1","0","1","-2"
"141839","University of Hawaii Maui College","2016","Tenured total","52","16","36","0","0","0","9","2","7","1","1","0","0","0","0","7","4","3","33","7","26","0","0","0","0","0","0","2","2","0","-2"
"141839","University of Hawaii Maui College","2016","Tenured, professors","12","2","10","0","0","0","1","0","1","1","1","0","0","0","0","0","0","0","10","1","9","0","0","0","0","0","0","0","0","0","-2"
"141839","University of Hawaii Maui College","2016","Tenured, associate professors","17","3","14","0","0","0","5","1","4","0","0","0","0","0","0","3","2","1","9","0","9","0","0","0","0","0","0","0","0","0","-2"
"141839","University of Hawaii Maui College","2016","Tenured, assistant professors","23","11","12","0","0","0","3","1","2","0","0","0","0","0","0","4","2","2","14","6","8","0","0","0","0","0","0","2","2","0","-2"
"141839","University of Hawaii Maui College","2016","On-Tenure track total","29","15","14","0","0","0","6","3","3","0","0","0","0","0","0","1","0","1","19","11","8","2","0","2","0","0","0","1","1","0","-2"
"141839","University of Hawaii Maui College","2016","On-tenure track, assistant professors","1","0","1","0","0","0","0","0","0","0","0","0","0","0","0","0","0","0","1","0","1","0","0","0","0","0","0","0","0","0","-2"
"141839","University of Hawaii Maui College","2016","On-tenure track, instructors","28","15","13","0","0","0","6","3","3","0","0","0","0","0","0","1","0","1","18","11","7","2","0","2","0","0","0","1","1","0","-2"
"141839","University of Hawaii Maui College","2016","Not on tenure track/No tenure system system total","4","1","3","0","0","0","1","0","1","0","0","0","0","0","0","2","1","1","1","0","1","0","0","0","0","0","0","0","0","0","-2"
"141839","University of Hawaii Maui College","2016","Not on tenure/no tenure system, assistant professors","1","1","0","0","0","0","0","0","0","0","0","0","0","0","0","1","1","0","0","0","0","0","0","0","0","0","0","0","0","0","-2"
"141839","University of Hawaii Maui College","2016","Not on tenure/no tenure system, instructors","3","0","3","0","0","0","1","0","1","0","0","0","0","0","0","1","0","1","1","0","1","0","0","0","0","0","0","0","0","0","-2"
"142559","College of Southern Idaho","2016","Not on tenure track/No tenure system system total","145","66","79","1","0","1","2","0","2","0","0","0","4","1","3","0","0","0","137","65","72","1","0","1","0","0","0","0","0","0","-2"
"142559","College of Southern Idaho","2016","Not on tenure/no tenure system, professors","58","24","34","0","0","0","0","0","0","0","0","0","4","1","3","0","0","0","53","23","30","1","0","1","0","0","0","0","0","0","-2"
"142559","College of Southern Idaho","2016","Not on tenure/no tenure system, associate professors","25","11","14","0","0","0","0","0","0","0","0","0","0","0","0","0","0","0","25","11","14","0","0","0","0","0","0","0","0","0","-2"
"142559","College of Southern Idaho","2016","Not on tenure/no tenure system, assistant professors","32","14","18","1","0","1","1","0","1","0","0","0","0","0","0","0","0","0","30","14","16","0","0","0","0","0","0","0","0","0","-2"
"142559","College of Southern Idaho","2016","Not on tenure/no tenure system, instructors","30","17","13","0","0","0","1","0","1","0","0","0","0","0","0","0","0","0","29","17","12","0","0","0","0","0","0","0","0","0","-2"
"144281","Columbia College Chicago","2016","Tenured total","209","119","90","0","0","0","6","3","3","22","9","13","9","6","3","0","0","0","170","100","70","0","0","0","2","1","1","0","0","0","-2"
"144281","Columbia College Chicago","2016","Tenured, professors","38","24","14","0","0","0","1","0","1","4","2","2","1","1","0","0","0","0","31","20","11","0","0","0","1","1","0","0","0","0","-2"
"144281","Columbia College Chicago","2016","Tenured, associate professors","171","95","76","0","0","0","5","3","2","18","7","11","8","5","3","0","0","0","139","80","59","0","0","0","1","0","1","0","0","0","-2"
"144281","Columbia College Chicago","2016","On-Tenure track total","31","9","22","0","0","0","3","1","2","1","0","1","0","0","0","0","0","0","27","8","19","0","0","0","0","0","0","0","0","0","-2"
"144281","Columbia College Chicago","2016","On-tenure track, assistant professors","31","9","22","0","0","0","3","1","2","1","0","1","0","0","0","0","0","0","27","8","19","0","0","0","0","0","0","0","0","0","-2"
"144281","Columbia College Chicago","2016","Not on tenure track/No tenure system system total","68","37","31","0","0","0","1","0","1","7","3","4","2","2","0","0","0","0","57","31","26","0","0","0","1","1","0","0","0","0","-2"
"144281","Columbia College Chicago","2016","Not on tenure/no tenure system, lecturers","68","37","31","0","0","0","1","0","1","7","3","4","2","2","0","0","0","0","57","31","26","0","0","0","1","1","0","0","0","0","-2"
"144740","DePaul University","2016","Tenured total","555","315","240","2","1","1","35","19","16","42","23","19","35","14","21","0","0","0","367","212","155","4","2","2","29","17","12","41","27","14","-2"
"144740","DePaul University","2016","Tenured, professors","195","123","72","0","0","0","11","9","2","7","3","4","11","4","7","0","0","0","144","91","53","3","2","1","10","5","5","9","9","0","-2"
"144740","DePaul University","2016","Tenured, associate professors","358","190","168","2","1","1","24","10","14","35","20","15","24","10","14","0","0","0","222","120","102","1","0","1","18","11","7","32","18","14","-2"
"144740","DePaul University","2016","Tenured, assistant professors","2","2","0","0","0","0","0","0","0","0","0","0","0","0","0","0","0","0","1","1","0","0","0","0","1","1","0","0","0","0","-2"
"144740","DePaul University","2016","On-Tenure track total","161","75","86","0","0","0","11","4","7","11","2","9","10","6","4","0","0","0","91","44","47","2","1","1","16","10","6","20","8","12","-2"
"144740","DePaul University","2016","On-tenure track, professors","2","2","0","0","0","0","0","0","0","0","0","0","0","0","0","0","0","0","2","2","0","0","0","0","0","0","0","0","0","0","-2"
"144740","DePaul University","2016","On-tenure track, associate professors","11","4","7","0","0","0","1","1","0","3","0","3","1","1","0","0","0","0","6","2","4","0","0","0","0","0","0","0","0","0","-2"
"144740","DePaul University","2016","On-tenure track, assistant professors","147","69","78","0","0","0","10","3","7","8","2","6","9","5","4","0","0","0","82","40","42","2","1","1","16","10","6","20","8","12","-2"
"144740","DePaul University","2016","On-tenure track, instructors","1","0","1","0","0","0","0","0","0","0","0","0","0","0","0","0","0","0","1","0","1","0","0","0","0","0","0","0","0","0","-2"
"144740","DePaul University","2016","Not on tenure track/No tenure system system total","214","111","103","2","1","1","8","7","1","15","4","11","8","7","1","0","0","0","155","78","77","2","2","0","18","8","10","6","4","2","-2"
"144740","DePaul University","2016","Not on tenure/no tenure system, professors","3","3","0","0","0","0","0","0","0","0","0","0","0","0","0","0","0","0","3","3","0","0","0","0","0","0","0","0","0","0","-2"
"144740","DePaul University","2016","Not on tenure/no tenure system, associate professors","6","3","3","0","0","0","0","0","0","0","0","0","0","0","0","0","0","0","5","3","2","0","0","0","1","0","1","0","0","0","-2"
"144740","DePaul University","2016","Not on tenure/no tenure system, assistant professors","29","11","18","0","0","0","0","0","0","3","0","3","1","1","0","0","0","0","20","9","11","0","0","0","5","1","4","0","0","0","-2"
"144740","DePaul University","2016","Not on tenure/no tenure system, instructors","176","94","82","2","1","1","8","7","1","12","4","8","7","6","1","0","0","0","127","63","64","2","2","0","12","7","5","6","4","2","-2"
"144883","East-West University","2016","Not on tenure track/No tenure system system total","14","7","7","0","0","0","5","1","4","0","0","0","0","0","0","0","0","0","9","6","3","0","0","0","0","0","0","0","0","0","-2"
"144883","East-West University","2016","Not on tenure/no tenure system, associate professors","7","2","5","0","0","0","3","0","3","0","0","0","0","0","0","0","0","0","4","2","2","0","0","0","0","0","0","0","0","0","-2"
"144883","East-West University","2016","Not on tenure/no tenure system, assistant professors","7","5","2","0","0","0","2","1","1","0","0","0","0","0","0","0","0","0","5","4","1","0","0","0","0","0","0","0","0","0","-2"
"144962","Elmhurst University","2016","Tenured total","89","41","48","0","0","0","5","4","1","3","1","2","3","1","2","0","0","0","77","34","43","0","0","0","0","0","0","1","1","0","-2"
"144962","Elmhurst University","2016","Tenured, professors","49","26","23","0","0","0","4","3","1","1","1","0","2","1","1","0","0","0","42","21","21","0","0","0","0","0","0","0","0","0","-2"
"144962","Elmhurst University","2016","Tenured, associate professors","38","14","24","0","0","0","1","1","0","2","0","2","1","0","1","0","0","0","33","12","21","0","0","0","0","0","0","1","1","0","-2"
"144962","Elmhurst University","2016","Tenured, assistant professors","2","1","1","0","0","0","0","0","0","0","0","0","0","0","0","0","0","0","2","1","1","0","0","0","0","0","0","0","0","0","-2"
"144962","Elmhurst University","2016","On-Tenure track total","18","5","13","0","0","0","1","0","1","0","0","0","0","0","0","0","0","0","17","5","12","0","0","0","0","0","0","0","0","0","-2"
"144962","Elmhurst University","2016","On-tenure track, associate professors","1","0","1","0","0","0","0","0","0","0","0","0","0","0","0","0","0","0","1","0","1","0","0","0","0","0","0","0","0","0","-2"
"144962","Elmhurst University","2016","On-tenure track, assistant professors","17","5","12","0","0","0","1","0","1","0","0","0","0","0","0","0","0","0","16","5","11","0","0","0","0","0","0","0","0","0","-2"
"144962","Elmhurst University","2016","Not on tenure track/No tenure system system total","41","14","27","0","0","0","2","0","2","2","0","2","1","0","1","0","0","0","36","14","22","0","0","0","0","0","0","0","0","0","-2"
"144962","Elmhurst University","2016","Not on tenure/no tenure system, associate professors","8","2","6","0","0","0","0","0","0","2","0","2","0","0","0","0","0","0","6","2","4","0","0","0","0","0","0","0","0","0","-2"
"144962","Elmhurst University","2016","Not on tenure/no tenure system, assistant professors","25","9","16","0","0","0","2","0","2","0","0","0","0","0","0","0","0","0","23","9","14","0","0","0","0","0","0","0","0","0","-2"
"144962","Elmhurst University","2016","Not on tenure/no tenure system, instructors","1","0","1","0","0","0","0","0","0","0","0","0","0","0","0","0","0","0","1","0","1","0","0","0","0","0","0","0","0","0","-2"
"144962","Elmhurst University","2016","Not on tenure/no tenure system, lecturers","7","3","4","0","0","0","0","0","0","0","0","0","1","0","1","0","0","0","6","3","3","0","0","0","0","0","0","0","0","0","-2"
"145336","Governors State University","2016","Tenured total","88","41","47","0","0","0","13","8","5","14","4","10","1","0","1","0","0","0","37","21","16","2","0","2","20","8","12","1","0","1","-2"
"145336","Governors State University","2016","Tenured, professors","28","11","17","0","0","0","5","2","3","3","1","2","0","0","0","0","0","0","13","6","7","1","0","1","6","2","4","0","0","0","-2"
"145336","Governors State University","2016","Tenured, associate professors","59","30","29","0","0","0","8","6","2","11","3","8","1","0","1","0","0","0","23","15","8","1","0","1","14","6","8","1","0","1","-2"
"145336","Governors State University","2016","Tenured, assistant professors","1","0","1","0","0","0","0","0","0","0","0","0","0","0","0","0","0","0","1","0","1","0","0","0","0","0","0","0","0","0","-2"
"145336","Governors State University","2016","On-Tenure track total","52","13","39","0","0","0","8","3","5","9","2","7","4","0","4","0","0","0","25","6","19","0","0","0","0","0","0","6","2","4","-2"
"145336","Governors State University","2016","On-tenure track, associate professors","1","0","1","0","0","0","0","0","0","0","0","0","0","0","0","0","0","0","1","0","1","0","0","0","0","0","0","0","0","0","-2"
"145336","Governors State University","2016","On-tenure track, assistant professors","51","13","38","0","0","0","8","3","5","9","2","7","4","0","4","0","0","0","24","6","18","0","0","0","0","0","0","6","2","4","-2"
"145336","Governors State University","2016","Not on tenure track/No tenure system system total","59","27","32","0","0","0","4","2","2","11","5","6","0","0","0","0","0","0","39","16","23","0","0","0","5","4","1","0","0","0","-2"
"145336","Governors State University","2016","Not on tenure/no tenure system, assistant professors","5","1","4","0","0","0","1","0","1","0","0","0","0","0","0","0","0","0","4","1","3","0","0","0","0","0","0","0","0","0","-2"
"145336","Governors State University","2016","Not on tenure/no tenure system, lecturers","43","24","19","0","0","0","1","1","0","8","4","4","0","0","0","0","0","0","30","15","15","0","0","0","4","4","0","0","0","0","-2"
"145336","Governors State University","2016","Not on tenure/no tenure system, no academic rank","11","2","9","0","0","0","2","1","1","3","1","2","0","0","0","0","0","0","5","0","5","0","0","0","1","0","1","0","0","0","-2"
"145619","Benedictine University","2016","Tenured total","72","40","32","0","0","0","5","3","2","3","1","2","1","1","0","0","0","0","61","34","27","0","0","0","2","1","1","0","0","0","-2"
"145619","Benedictine University","2016","Tenured, professors","45","27","18","0","0","0","3","1","2","2","1","1","0","0","0","0","0","0","39","25","14","0","0","0","1","0","1","0","0","0","-2"
"145619","Benedictine University","2016","Tenured, associate professors","27","13","14","0","0","0","2","2","0","1","0","1","1","1","0","0","0","0","22","9","13","0","0","0","1","1","0","0","0","0","-2"
"145619","Benedictine University","2016","On-Tenure track total","36","11","25","0","0","0","4","1","3","2","0","2","1","1","0","0","0","0","28","9","19","0","0","0","0","0","0","1","0","1","-2"
"145619","Benedictine University","2016","On-tenure track, associate professors","4","0","4","0","0","0","0","0","0","0","0","0","0","0","0","0","0","0","3","0","3","0","0","0","0","0","0","1","0","1","-2"
"145619","Benedictine University","2016","On-tenure track, assistant professors","32","11","21","0","0","0","4","1","3","2","0","2","1","1","0","0","0","0","25","9","16","0","0","0","0","0","0","0","0","0","-2"
"145619","Benedictine University","2016","Not on tenure track/No tenure system system total","36","17","19","0","0","0","2","2","0","1","0","1","1","1","0","0","0","0","32","14","18","0","0","0","0","0","0","0","0","0","-2"
"145619","Benedictine University","2016","Not on tenure/no tenure system, professors","1","1","0","0","0","0","1","1","0","0","0","0","0","0","0","0","0","0","0","0","0","0","0","0","0","0","0","0","0","0","-2"
"145619","Benedictine University","2016","Not on tenure/no tenure system, associate professors","2","0","2","0","0","0","0","0","0","1","0","1","0","0","0","0","0","0","1","0","1","0","0","0","0","0","0","0","0","0","-2"
"145619","Benedictine University","2016","Not on tenure/no tenure system, assistant professors","21","10","11","0","0","0","1","1","0","0","0","0","1","1","0","0","0","0","19","8","11","0","0","0","0","0","0","0","0","0","-2"
"145619","Benedictine University","2016","Not on tenure/no tenure system, instructors","12","6","6","0","0","0","0","0","0","0","0","0","0","0","0","0","0","0","12","6","6","0","0","0","0","0","0","0","0","0","-2"
"145725","Illinois Institute of Technology","2016","Tenured total","218","176","42","2","1","1","46","38","8","5","3","2","6","5","1","1","1","0","133","106","27","0","0","0","6","6","0","19","16","3","-2"
"145725","Illinois Institute of Technology","2016","Tenured, professors","131","107","24","1","0","1","29","24","5","3","2","1","1","1","0","0","0","0","87","71","16","0","0","0","2","2","0","8","7","1","-2"
"145725","Illinois Institute of Technology","2016","Tenured, associate professors","87","69","18","1","1","0","17","14","3","2","1","1","5","4","1","1","1","0","46","35","11","0","0","0","4","4","0","11","9","2","-2"
"145725","Illinois Institute of Technology","2016","On-Tenure track total","60","37","23","0","0","0","11","6","5","14","13","1","2","2","0","1","0","1","12","0","12","0","0","0","10","8","2","10","8","2","-2"
"145725","Illinois Institute of Technology","2016","On-tenure track, associate professors","1","1","0","0","0","0","0","0","0","0","0","0","0","0","0","0","0","0","0","0","0","0","0","0","1","1","0","0","0","0","-2"
"145725","Illinois Institute of Technology","2016","On-tenure track, assistant professors","59","36","23","0","0","0","11","6","5","14","13","1","2","2","0","1","0","1","12","0","12","0","0","0","9","7","2","10","8","2","-2"
"145725","Illinois Institute of Technology","2016","Not on tenure track/No tenure system system total","134","88","46","0","0","0","10","6","4","2","0","2","1","0","1","0","0","0","86","61","25","0","0","0","18","11","7","17","10","7","-2"
"145725","Illinois Institute of Technology","2016","Not on tenure/no tenure system, professors","30","20","10","0","0","0","3","1","2","0","0","0","1","0","1","0","0","0","23","16","7","0","0","0","3","3","0","0","0","0","-2"
"145725","Illinois Institute of Technology","2016","Not on tenure/no tenure system, associate professors","22","16","6","0","0","0","0","0","0","0","0","0","0","0","0","0","0","0","20","15","5","0","0","0","1","0","1","1","1","0","-2"
"145725","Illinois Institute of Technology","2016","Not on tenure/no tenure system, assistant professors","25","14","11","0","0","0","2","1","1","1","0","1","0","0","0","0","0","0","7","4","3","0","0","0","7","4","3","8","5","3","-2"
"145725","Illinois Institute of Technology","2016","Not on tenure/no tenure system, instructors","11","6","5","0","0","0","0","0","0","0","0","0","0","0","0","0","0","0","10","5","5","0","0","0","0","0","0","1","1","0","-2"
"145725","Illinois Institute of Technology","2016","Not on tenure/no tenure system, lecturers","38","28","10","0","0","0","5","4","1","1","0","1","0","0","0","0","0","0","26","21","5","0","0","0","2","0","2","4","3","1","-2"
"145725","Illinois Institute of Technology","2016","Not on tenure/no tenure system, no academic rank","8","4","4","0","0","0","0","0","0","0","0","0","0","0","0","0","0","0","0","0","0","0","0","0","5","4","1","3","0","3","-2"
"146339","Judson University","2016","Tenured total","41","29","12","0","0","0","3","1","2","2","2","0","0","0","0","0","0","0","36","26","10","0","0","0","0","0","0","0","0","0","-2"
"146339","Judson University","2016","Tenured, professors","36","26","10","0","0","0","3","1","2","2","2","0","0","0","0","0","0","0","31","23","8","0","0","0","0","0","0","0","0","0","-2"
"146339","Judson University","2016","Tenured, associate professors","5","3","2","0","0","0","0","0","0","0","0","0","0","0","0","0","0","0","5","3","2","0","0","0","0","0","0","0","0","0","-2"
"146339","Judson University","2016","On-Tenure track total","3","2","1","0","0","0","0","0","0","0","0","0","0","0","0","0","0","0","3","2","1","0","0","0","0","0","0","0","0","0","-2"
"146339","Judson University","2016","On-tenure track, associate professors","1","1","0","0","0","0","0","0","0","0","0","0","0","0","0","0","0","0","1","1","0","0","0","0","0","0","0","0","0","0","-2"
"146339","Judson University","2016","On-tenure track, assistant professors","2","1","1","0","0","0","0","0","0","0","0","0","0","0","0","0","0","0","2","1","1","0","0","0","0","0","0","0","0","0","-2"
"146339","Judson University","2016","Not on tenure track/No tenure system system total","23","5","18","0","0","0","2","1","1","2","0","2","0","0","0","0","0","0","19","4","15","0","0","0","0","0","0","0","0","0","-2"
"146339","Judson University","2016","Not on tenure/no tenure system, professors","4","2","2","0","0","0","0","0","0","2","0","2","0","0","0","0","0","0","2","2","0","0","0","0","0","0","0","0","0","0","-2"
"146339","Judson University","2016","Not on tenure/no tenure system, associate professors","8","1","7","0","0","0","1","0","1","0","0","0","0","0","0","0","0","0","7","1","6","0","0","0","0","0","0","0","0","0","-2"
"146339","Judson University","2016","Not on tenure/no tenure system, assistant professors","11","2","9","0","0","0","1","1","0","0","0","0","0","0","0","0","0","0","10","1","9","0","0","0","0","0","0","0","0","0","-2"
"146612","Lewis University","2016","Tenured total","90","51","39","0","0","0","4","3","1","4","2","2","1","0","1","0","0","0","81","46","35","0","0","0","0","0","0","0","0","0","-2"
"146612","Lewis University","2016","Tenured, professors","60","36","24","0","0","0","3","2","1","3","2","1","0","0","0","0","0","0","54","32","22","0","0","0","0","0","0","0","0","0","-2"
"146612","Lewis University","2016","Tenured, associate professors","29","14","15","0","0","0","1","1","0","1","0","1","1","0","1","0","0","0","26","13","13","0","0","0","0","0","0","0","0","0","-2"
"146612","Lewis University","2016","Tenured, assistant professors","1","1","0","0","0","0","0","0","0","0","0","0","0","0","0","0","0","0","1","1","0","0","0","0","0","0","0","0","0","0","-2"
"146612","Lewis University","2016","On-Tenure track total","42","25","17","0","0","0","6","4","2","3","3","0","3","1","2","0","0","0","29","17","12","0","0","0","0","0","0","1","0","1","-2"
"146612","Lewis University","2016","On-tenure track, associate professors","11","7","4","0","0","0","1","1","0","2","2","0","1","0","1","0","0","0","7","4","3","0","0","0","0","0","0","0","0","0","-2"
"146612","Lewis University","2016","On-tenure track, assistant professors","31","18","13","0","0","0","5","3","2","1","1","0","2","1","1","0","0","0","22","13","9","0","0","0","0","0","0","1","0","1","-2"
"146612","Lewis University","2016","Not on tenure track/No tenure system system total","93","39","54","0","0","0","4","1","3","6","1","5","1","1","0","0","0","0","82","36","46","0","0","0","0","0","0","0","0","0","-2"
"146612","Lewis University","2016","Not on tenure/no tenure system, professors","2","2","0","0","0","0","0","0","0","0","0","0","1","1","0","0","0","0","1","1","0","0","0","0","0","0","0","0","0","0","-2"
"146612","Lewis University","2016","Not on tenure/no tenure system, associate professors","18","6","12","0","0","0","1","0","1","2","0","2","0","0","0","0","0","0","15","6","9","0","0","0","0","0","0","0","0","0","-2"
"146612","Lewis University","2016","Not on tenure/no tenure system, assistant professors","65","29","36","0","0","0","3","1","2","3","1","2","0","0","0","0","0","0","59","27","32","0","0","0","0","0","0","0","0","0","-2"
"146612","Lewis University","2016","Not on tenure/no tenure system, instructors","8","2","6","0","0","0","0","0","0","1","0","1","0","0","0","0","0","0","7","2","5","0","0","0","0","0","0","0","0","0","-2"
"146719","Loyola University Chicago","2016","Tenured total","442","278","164","0","0","0","30","21","9","14","5","9","21","12","9","0","0","0","370","237","133","4","1","3","2","1","1","1","1","0","-2"
"146719","Loyola University Chicago","2016","Tenured, professors","236","167","69","0","0","0","13","11","2","2","1","1","13","10","3","0","0","0","205","144","61","2","0","2","1","1","0","0","0","0","-2"
"146719","Loyola University Chicago","2016","Tenured, associate professors","197","103","94","0","0","0","15","8","7","11","4","7","7","1","6","0","0","0","160","88","72","2","1","1","1","0","1","1","1","0","-2"
"146719","Loyola University Chicago","2016","Tenured, assistant professors","9","8","1","0","0","0","2","2","0","1","0","1","1","1","0","0","0","0","5","5","0","0","0","0","0","0","0","0","0","0","-2"
"146719","Loyola University Chicago","2016","On-Tenure track total","137","69","68","0","0","0","15","6","9","7","3","4","4","1","3","0","0","0","94","48","46","0","0","0","3","2","1","14","9","5","-2"
"146719","Loyola University Chicago","2016","On-tenure track, professors","3","1","2","0","0","0","1","0","1","0","0","0","0","0","0","0","0","0","1","0","1","0","0","0","0","0","0","1","1","0","-2"
"146719","Loyola University Chicago","2016","On-tenure track, associate professors","6","4","2","0","0","0","0","0","0","0","0","0","0","0","0","0","0","0","6","4","2","0","0","0","0","0","0","0","0","0","-2"
"146719","Loyola University Chicago","2016","On-tenure track, assistant professors","128","64","64","0","0","0","14","6","8","7","3","4","4","1","3","0","0","0","87","44","43","0","0","0","3","2","1","13","8","5","-2"
"146719","Loyola University Chicago","2016","Not on tenure track/No tenure system system total","319","131","188","0","0","0","14","5","9","20","5","15","15","8","7","1","0","1","261","109","152","2","1","1","2","2","0","4","1","3","-2"
"146719","Loyola University Chicago","2016","Not on tenure/no tenure system, instructors","319","131","188","0","0","0","14","5","9","20","5","15","15","8","7","1","0","1","261","109","152","2","1","1","2","2","0","4","1","3","-2"
"147660","North Central College","2016","Tenured total","76","45","31","0","0","0","4","2","2","2","1","1","1","1","0","0","0","0","69","41","28","0","0","0","0","0","0","0","0","0","-2"
"147660","North Central College","2016","Tenured, professors","40","24","16","0","0","0","2","1","1","1","1","0","0","0","0","0","0","0","37","22","15","0","0","0","0","0","0","0","0","0","-2"
"147660","North Central College","2016","Tenured, associate professors","36","21","15","0","0","0","2","1","1","1","0","1","1","1","0","0","0","0","32","19","13","0","0","0","0","0","0","0","0","0","-2"
"147660","North Central College","2016","On-Tenure track total","37","12","25","0","0","0","3","1","2","2","1","1","1","0","1","0","0","0","19","8","11","2","0","2","1","0","1","9","2","7","-2"
"147660","North Central College","2016","On-tenure track, associate professors","1","1","0","0","0","0","1","1","0","0","0","0","0","0","0","0","0","0","0","0","0","0","0","0","0","0","0","0","0","0","-2"
"147660","North Central College","2016","On-tenure track, assistant professors","36","11","25","0","0","0","2","0","2","2","1","1","1","0","1","0","0","0","19","8","11","2","0","2","1","0","1","9","2","7","-2"
"147660","North Central College","2016","Not on tenure track/No tenure system system total","27","6","21","0","0","0","0","0","0","0","0","0","0","0","0","0","0","0","24","6","18","2","0","2","0","0","0","1","0","1","-2"
"147660","North Central College","2016","Not on tenure/no tenure system, professors","2","2","0","0","0","0","0","0","0","0","0","0","0","0","0","0","0","0","2","2","0","0","0","0","0","0","0","0","0","0","-2"
"147660","North Central College","2016","Not on tenure/no tenure system, associate professors","4","1","3","0","0","0","0","0","0","0","0","0","0","0","0","0","0","0","4","1","3","0","0","0","0","0","0","0","0","0","-2"
"147660","North Central College","2016","Not on tenure/no tenure system, assistant professors","18","3","15","0","0","0","0","0","0","0","0","0","0","0","0","0","0","0","15","3","12","2","0","2","0","0","0","1","0","1","-2"
"147660","North Central College","2016","Not on tenure/no tenure system, instructors","3","0","3","0","0","0","0","0","0","0","0","0","0","0","0","0","0","0","3","0","3","0","0","0","0","0","0","0","0","0","-2"
"148405","Rockford University","2016","Tenured total","34","20","14","0","0","0","0","0","0","0","0","0","1","1","0","0","0","0","32","18","14","1","1","0","0","0","0","0","0","0","-2"
"148405","Rockford University","2016","Tenured, professors","15","8","7","0","0","0","0","0","0","0","0","0","0","0","0","0","0","0","14","7","7","1","1","0","0","0","0","0","0","0","-2"
"148405","Rockford University","2016","Tenured, associate professors","13","10","3","0","0","0","0","0","0","0","0","0","1","1","0","0","0","0","12","9","3","0","0","0","0","0","0","0","0","0","-2"
"148405","Rockford University","2016","Tenured, assistant professors","6","2","4","0","0","0","0","0","0","0","0","0","0","0","0","0","0","0","6","2","4","0","0","0","0","0","0","0","0","0","-2"
"148405","Rockford University","2016","On-Tenure track total","30","14","16","0","0","0","1","0","1","0","0","0","1","0","1","0","0","0","25","12","13","0","0","0","0","0","0","3","2","1","-2"
"148405","Rockford University","2016","On-tenure track, associate professors","7","5","2","0","0","0","0","0","0","0","0","0","0","0","0","0","0","0","5","4","1","0","0","0","0","0","0","2","1","1","-2"
"148405","Rockford University","2016","On-tenure track, assistant professors","23","9","14","0","0","0","1","0","1","0","0","0","1","0","1","0","0","0","20","8","12","0","0","0","0","0","0","1","1","0","-2"
"148405","Rockford University","2016","Not on tenure track/No tenure system system total","13","4","9","0","0","0","0","0","0","0","0","0","0","0","0","0","0","0","13","4","9","0","0","0","0","0","0","0","0","0","-2"
"148405","Rockford University","2016","Not on tenure/no tenure system, associate professors","3","2","1","0","0","0","0","0","0","0","0","0","0","0","0","0","0","0","3","2","1","0","0","0","0","0","0","0","0","0","-2"
"148405","Rockford University","2016","Not on tenure/no tenure system, assistant professors","10","2","8","0","0","0","0","0","0","0","0","0","0","0","0","0","0","0","10","2","8","0","0","0","0","0","0","0","0","0","-2"
"148584","University of St Francis","2016","Tenured total","44","19","25","0","0","0","2","0","2","3","1","2","1","0","1","0","0","0","38","18","20","0","0","0","0","0","0","0","0","0","-2"
"148584","University of St Francis","2016","Tenured, professors","21","9","12","0","0","0","1","0","1","2","0","2","0","0","0","0","0","0","18","9","9","0","0","0","0","0","0","0","0","0","-2"
"148584","University of St Francis","2016","Tenured, associate professors","21","9","12","0","0","0","1","0","1","1","1","0","0","0","0","0","0","0","19","8","11","0","0","0","0","0","0","0","0","0","-2"
"148584","University of St Francis","2016","Tenured, assistant professors","2","1","1","0","0","0","0","0","0","0","0","0","1","0","1","0","0","0","1","1","0","0","0","0","0","0","0","0","0","0","-2"
"148584","University of St Francis","2016","On-Tenure track total","26","7","19","0","0","0","1","0","1","5","0","5","0","0","0","0","0","0","18","6","12","0","0","0","0","0","0","2","1","1","-2"
"148584","University of St Francis","2016","On-tenure track, associate professors","2","0","2","0","0","0","0","0","0","1","0","1","0","0","0","0","0","0","0","0","0","0","0","0","0","0","0","1","0","1","-2"
"148584","University of St Francis","2016","On-tenure track, assistant professors","24","7","17","0","0","0","1","0","1","4","0","4","0","0","0","0","0","0","18","6","12","0","0","0","0","0","0","1","1","0","-2"
"148584","University of St Francis","2016","Not on tenure track/No tenure system system total","31","11","20","0","0","0","1","1","0","1","0","1","3","1","2","0","0","0","26","9","17","0","0","0","0","0","0","0","0","0","-2"
"148584","University of St Francis","2016","Not on tenure/no tenure system, professors","6","5","1","0","0","0","0","0","0","0","0","0","1","1","0","0","0","0","5","4","1","0","0","0","0","0","0","0","0","0","-2"
"148584","University of St Francis","2016","Not on tenure/no tenure system, assistant professors","8","0","8","0","0","0","0","0","0","1","0","1","0","0","0","0","0","0","7","0","7","0","0","0","0","0","0","0","0","0","-2"
"148584","University of St Francis","2016","Not on tenure/no tenure system, instructors","17","6","11","0","0","0","1","1","0","0","0","0","2","0","2","0","0","0","14","5","9","0","0","0","0","0","0","0","0","0","-2"
"149763","Resurrection University","2016","Not on tenure track/No tenure system system total","42","5","37","0","0","0","5","1","4","7","0","7","1","0","1","0","0","0","27","4","23","2","0","2","0","0","0","0","0","0","-2"
"149763","Resurrection University","2016","Not on tenure/no tenure system, professors","1","0","1","0","0","0","0","0","0","0","0","0","0","0","0","0","0","0","1","0","1","0","0","0","0","0","0","0","0","0","-2"
"149763","Resurrection University","2016","Not on tenure/no tenure system, associate professors","6","1","5","0","0","0","1","0","1","0","0","0","0","0","0","0","0","0","5","1","4","0","0","0","0","0","0","0","0","0","-2"
"149763","Resurrection University","2016","Not on tenure/no tenure system, assistant professors","20","0","20","0","0","0","3","0","3","3","0","3","0","0","0","0","0","0","12","0","12","2","0","2","0","0","0","0","0","0","-2"
"149763","Resurrection University","2016","Not on tenure/no tenure system, instructors","15","4","11","0","0","0","1","1","0","4","0","4","1","0","1","0","0","0","9","3","6","0","0","0","0","0","0","0","0","0","-2"
"150668","Goshen College","2016","Tenured total","35","18","17","0","0","0","0","0","0","0","0","0","0","0","0","0","0","0","34","17","17","1","1","0","0","0","0","0","0","0","-2"
"150668","Goshen College","2016","Tenured, professors","29","14","15","0","0","0","0","0","0","0","0","0","0","0","0","0","0","0","29","14","15","0","0","0","0","0","0","0","0","0","-2"
"150668","Goshen College","2016","Tenured, associate professors","6","4","2","0","0","0","0","0","0","0","0","0","0","0","0","0","0","0","5","3","2","1","1","0","0","0","0","0","0","0","-2"
"150668","Goshen College","2016","On-Tenure track total","13","9","4","0","0","0","1","1","0","0","0","0","1","1","0","0","0","0","10","6","4","0","0","0","0","0","0","1","1","0","-2"
"150668","Goshen College","2016","On-tenure track, professors","2","2","0","0","0","0","0","0","0","0","0","0","0","0","0","0","0","0","2","2","0","0","0","0","0","0","0","0","0","0","-2"
"150668","Goshen College","2016","On-tenure track, associate professors","10","6","4","0","0","0","1","1","0","0","0","0","1","1","0","0","0","0","7","3","4","0","0","0","0","0","0","1","1","0","-2"
"150668","Goshen College","2016","On-tenure track, assistant professors","1","1","0","0","0","0","0","0","0","0","0","0","0","0","0","0","0","0","1","1","0","0","0","0","0","0","0","0","0","0","-2"
"150668","Goshen College","2016","Not on tenure track/No tenure system system total","23","5","18","0","0","0","0","0","0","1","0","1","1","0","1","0","0","0","19","5","14","1","0","1","0","0","0","1","0","1","-2"
"150668","Goshen College","2016","Not on tenure/no tenure system, professors","1","0","1","0","0","0","0","0","0","0","0","0","0","0","0","0","0","0","1","0","1","0","0","0","0","0","0","0","0","0","-2"
"150668","Goshen College","2016","Not on tenure/no tenure system, associate professors","13","4","9","0","0","0","0","0","0","0","0","0","0","0","0","0","0","0","12","4","8","1","0","1","0","0","0","0","0","0","-2"
"150668","Goshen College","2016","Not on tenure/no tenure system, assistant professors","9","1","8","0","0","0","0","0","0","1","0","1","1","0","1","0","0","0","6","1","5","0","0","0","0","0","0","1","0","1","-2"
"150774","Holy Cross College","2016","Tenured total","2","1","1","0","0","0","0","0","0","0","0","0","0","0","0","0","0","0","2","1","1","0","0","0","0","0","0","0","0","0","-2"
"150774","Holy Cross College","2016","Tenured, professors","1","0","1","0","0","0","0","0","0","0","0","0","0","0","0","0","0","0","1","0","1","0","0","0","0","0","0","0","0","0","-2"
"150774","Holy Cross College","2016","Tenured, associate professors","1","1","0","0","0","0","0","0","0","0","0","0","0","0","0","0","0","0","1","1","0","0","0","0","0","0","0","0","0","0","-2"
"150774","Holy Cross College","2016","On-Tenure track total","16","10","6","0","0","0","1","1","0","1","1","0","3","2","1","0","0","0","11","6","5","0","0","0","0","0","0","0","0","0","-2"
"150774","Holy Cross College","2016","On-tenure track, associate professors","12","7","5","0","0","0","1","1","0","1","1","0","2","1","1","0","0","0","8","4","4","0","0","0","0","0","0","0","0","0","-2"
"150774","Holy Cross College","2016","On-tenure track, assistant professors","4","3","1","0","0","0","0","0","0","0","0","0","1","1","0","0","0","0","3","2","1","0","0","0","0","0","0","0","0","0","-2"
"150774","Holy Cross College","2016","Not on tenure track/No tenure system system total","5","0","5","0","0","0","0","0","0","0","0","0","0","0","0","0","0","0","5","0","5","0","0","0","0","0","0","0","0","0","-2"
"150774","Holy Cross College","2016","Not on tenure/no tenure system, associate professors","2","0","2","0","0","0","0","0","0","0","0","0","0","0","0","0","0","0","2","0","2","0","0","0","0","0","0","0","0","0","-2"
"150774","Holy Cross College","2016","Not on tenure/no tenure system, assistant professors","1","0","1","0","0","0","0","0","0","0","0","0","0","0","0","0","0","0","1","0","1","0","0","0","0","0","0","0","0","0","-2"
"150774","Holy Cross College","2016","Not on tenure/no tenure system, instructors","2","0","2","0","0","0","0","0","0","0","0","0","0","0","0","0","0","0","2","0","2","0","0","0","0","0","0","0","0","0","-2"
"152637","Vincennes University","2016","Tenured total","48","25","23","0","0","0","1","1","0","1","1","0","0","0","0","0","0","0","45","23","22","0","0","0","0","0","0","1","0","1","-2"
"152637","Vincennes University","2016","Tenured, professors","30","13","17","0","0","0","1","1","0","1","1","0","0","0","0","0","0","0","28","11","17","0","0","0","0","0","0","0","0","0","-2"
"152637","Vincennes University","2016","Tenured, associate professors","16","10","6","0","0","0","0","0","0","0","0","0","0","0","0","0","0","0","15","10","5","0","0","0","0","0","0","1","0","1","-2"
"152637","Vincennes University","2016","Tenured, assistant professors","1","1","0","0","0","0","0","0","0","0","0","0","0","0","0","0","0","0","1","1","0","0","0","0","0","0","0","0","0","0","-2"
"152637","Vincennes University","2016","Tenured, instructors","1","1","0","0","0","0","0","0","0","0","0","0","0","0","0","0","0","0","1","1","0","0","0","0","0","0","0","0","0","0","-2"
"152637","Vincennes University","2016","On-Tenure track total","22","12","10","1","0","1","0","0","0","1","1","0","0","0","0","0","0","0","20","11","9","0","0","0","0","0","0","0","0","0","-2"
"152637","Vincennes University","2016","On-tenure track, professors","2","0","2","0","0","0","0","0","0","0","0","0","0","0","0","0","0","0","2","0","2","0","0","0","0","0","0","0","0","0","-2"
"152637","Vincennes University","2016","On-tenure track, associate professors","14","7","7","1","0","1","0","0","0","0","0","0","0","0","0","0","0","0","13","7","6","0","0","0","0","0","0","0","0","0","-2"
"152637","Vincennes University","2016","On-tenure track, assistant professors","6","5","1","0","0","0","0","0","0","1","1","0","0","0","0","0","0","0","5","4","1","0","0","0","0","0","0","0","0","0","-2"
"152637","Vincennes University","2016","Not on tenure track/No tenure system system total","132","64","68","1","0","1","0","0","0","3","2","1","1","1","0","0","0","0","122","58","64","1","0","1","0","0","0","4","3","1","-2"
"152637","Vincennes University","2016","Not on tenure/no tenure system, professors","4","0","4","0","0","0","0","0","0","0","0","0","0","0","0","0","0","0","4","0","4","0","0","0","0","0","0","0","0","0","-2"
"152637","Vincennes University","2016","Not on tenure/no tenure system, associate professors","27","14","13","1","0","1","0","0","0","1","1","0","0","0","0","0","0","0","24","12","12","0","0","0","0","0","0","1","1","0","-2"
"152637","Vincennes University","2016","Not on tenure/no tenure system, assistant professors","68","25","43","0","0","0","0","0","0","2","1","1","1","1","0","0","0","0","62","21","41","1","0","1","0","0","0","2","2","0","-2"
"152637","Vincennes University","2016","Not on tenure/no tenure system, instructors","23","22","1","0","0","0","0","0","0","0","0","0","0","0","0","0","0","0","23","22","1","0","0","0","0","0","0","0","0","0","-2"
"152637","Vincennes University","2016","Not on tenure/no tenure system, no academic rank","10","3","7","0","0","0","0","0","0","0","0","0","0","0","0","0","0","0","9","3","6","0","0","0","0","0","0","1","0","1","-2"
"152992","Briar Cliff University","2016","Tenured total","28","17","11","0","0","0","0","0","0","0","0","0","0","0","0","0","0","0","28","17","11","0","0","0","0","0","0","0","0","0","-2"
"152992","Briar Cliff University","2016","Tenured, professors","13","9","4","0","0","0","0","0","0","0","0","0","0","0","0","0","0","0","13","9","4","0","0","0","0","0","0","0","0","0","-2"
"152992","Briar Cliff University","2016","Tenured, associate professors","13","7","6","0","0","0","0","0","0","0","0","0","0","0","0","0","0","0","13","7","6","0","0","0","0","0","0","0","0","0","-2"
"152992","Briar Cliff University","2016","Tenured, assistant professors","2","1","1","0","0","0","0","0","0","0","0","0","0","0","0","0","0","0","2","1","1","0","0","0","0","0","0","0","0","0","-2"
"152992","Briar Cliff University","2016","On-Tenure track total","37","19","18","1","1","0","1","1","0","1","0","1","1","1","0","0","0","0","31","14","17","0","0","0","0","0","0","2","2","0","-2"
"152992","Briar Cliff University","2016","On-tenure track, professors","3","2","1","0","0","0","1","1","0","0","0","0","0","0","0","0","0","0","2","1","1","0","0","0","0","0","0","0","0","0","-2"
"152992","Briar Cliff University","2016","On-tenure track, associate professors","7","6","1","0","0","0","0","0","0","0","0","0","0","0","0","0","0","0","7","6","1","0","0","0","0","0","0","0","0","0","-2"
"152992","Briar Cliff University","2016","On-tenure track, assistant professors","22","11","11","1","1","0","0","0","0","1","0","1","1","1","0","0","0","0","17","7","10","0","0","0","0","0","0","2","2","0","-2"
"152992","Briar Cliff University","2016","On-tenure track, instructors","5","0","5","0","0","0","0","0","0","0","0","0","0","0","0","0","0","0","5","0","5","0","0","0","0","0","0","0","0","0","-2"
"154721","Bethany College","2016","Tenured total","15","10","5","0","0","0","0","0","0","0","0","0","0","0","0","0","0","0","15","10","5","0","0","0","0","0","0","0","0","0","-2"
"154721","Bethany College","2016","Tenured, professors","10","5","5","0","0","0","0","0","0","0","0","0","0","0","0","0","0","0","10","5","5","0","0","0","0","0","0","0","0","0","-2"
"154721","Bethany College","2016","Tenured, associate professors","5","5","0","0","0","0","0","0","0","0","0","0","0","0","0","0","0","0","5","5","0","0","0","0","0","0","0","0","0","0","-2"
"154721","Bethany College","2016","On-Tenure track total","21","11","10","0","0","0","1","0","1","0","0","0","0","0","0","0","0","0","9","0","9","11","11","0","0","0","0","0","0","0","-2"
"154721","Bethany College","2016","On-tenure track, associate professors","3","3","0","0","0","0","0","0","0","0","0","0","0","0","0","0","0","0","0","0","0","3","3","0","0","0","0","0","0","0","-2"
"154721","Bethany College","2016","On-tenure track, assistant professors","18","8","10","0","0","0","1","0","1","0","0","0","0","0","0","0","0","0","9","0","9","8","8","0","0","0","0","0","0","0","-2"
"154721","Bethany College","2016","Not on tenure track/No tenure system system total","10","5","5","1","1","0","0","0","0","0","0","0","1","1","0","0","0","0","8","3","5","0","0","0","0","0","0","0","0","0","-2"
"154721","Bethany College","2016","Not on tenure/no tenure system, assistant professors","7","3","4","0","0","0","0","0","0","0","0","0","1","1","0","0","0","0","6","2","4","0","0","0","0","0","0","0","0","0","-2"
"154721","Bethany College","2016","Not on tenure/no tenure system, no academic rank","3","2","1","1","1","0","0","0","0","0","0","0","0","0","0","0","0","0","2","1","1","0","0","0","0","0","0","0","0","0","-2"
"155414","Kansas Wesleyan University","2016","Tenured total","18","11","7","0","0","0","1","1","0","0","0","0","0","0","0","0","0","0","17","10","7","0","0","0","0","0","0","0","0","0","-2"
"155414","Kansas Wesleyan University","2016","Tenured, professors","6","4","2","0","0","0","0","0","0","0","0","0","0","0","0","0","0","0","6","4","2","0","0","0","0","0","0","0","0","0","-2"
"155414","Kansas Wesleyan University","2016","Tenured, associate professors","12","7","5","0","0","0","1","1","0","0","0","0","0","0","0","0","0","0","11","6","5","0","0","0","0","0","0","0","0","0","-2"
"155414","Kansas Wesleyan University","2016","On-Tenure track total","15","5","10","0","0","0","0","0","0","2","2","0","1","0","1","0","0","0","12","3","9","0","0","0","0","0","0","0","0","0","-2"
"155414","Kansas Wesleyan University","2016","On-tenure track, associate professors","2","1","1","0","0","0","0","0","0","0","0","0","0","0","0","0","0","0","2","1","1","0","0","0","0","0","0","0","0","0","-2"
"155414","Kansas Wesleyan University","2016","On-tenure track, assistant professors","13","4","9","0","0","0","0","0","0","2","2","0","1","0","1","0","0","0","10","2","8","0","0","0","0","0","0","0","0","0","-2"
"155414","Kansas Wesleyan University","2016","Not on tenure track/No tenure system system total","2","0","2","0","0","0","0","0","0","0","0","0","0","0","0","0","0","0","2","0","2","0","0","0","0","0","0","0","0","0","-2"
"155414","Kansas Wesleyan University","2016","Not on tenure/no tenure system, assistant professors","1","0","1","0","0","0","0","0","0","0","0","0","0","0","0","0","0","0","1","0","1","0","0","0","0","0","0","0","0","0","-2"
"155414","Kansas Wesleyan University","2016","Not on tenure/no tenure system, instructors","1","0","1","0","0","0","0","0","0","0","0","0","0","0","0","0","0","0","1","0","1","0","0","0","0","0","0","0","0","0","-2"
"155511","McPherson College","2016","Tenured total","23","16","7","0","0","0","2","1","1","1","1","0","0","0","0","0","0","0","20","14","6","0","0","0","0","0","0","0","0","0","-2"
"155511","McPherson College","2016","Tenured, professors","10","7","3","0","0","0","0","0","0","0","0","0","0","0","0","0","0","0","10","7","3","0","0","0","0","0","0","0","0","0","-2"
"155511","McPherson College","2016","Tenured, associate professors","13","9","4","0","0","0","2","1","1","1","1","0","0","0","0","0","0","0","10","7","3","0","0","0","0","0","0","0","0","0","-2"
"155511","McPherson College","2016","On-Tenure track total","15","11","4","0","0","0","0","0","0","0","0","0","1","0","1","0","0","0","14","11","3","0","0","0","0","0","0","0","0","0","-2"
"155511","McPherson College","2016","On-tenure track, associate professors","1","1","0","0","0","0","0","0","0","0","0","0","0","0","0","0","0","0","1","1","0","0","0","0","0","0","0","0","0","0","-2"
"155511","McPherson College","2016","On-tenure track, assistant professors","14","10","4","0","0","0","0","0","0","0","0","0","1","0","1","0","0","0","13","10","3","0","0","0","0","0","0","0","0","0","-2"
"155511","McPherson College","2016","Not on tenure track/No tenure system system total","6","4","2","0","0","0","0","0","0","0","0","0","0","0","0","0","0","0","6","4","2","0","0","0","0","0","0","0","0","0","-2"
"155511","McPherson College","2016","Not on tenure/no tenure system, associate professors","2","1","1","0","0","0","0","0","0","0","0","0","0","0","0","0","0","0","2","1","1","0","0","0","0","0","0","0","0","0","-2"
"155511","McPherson College","2016","Not on tenure/no tenure system, assistant professors","4","3","1","0","0","0","0","0","0","0","0","0","0","0","0","0","0","0","4","3","1","0","0","0","0","0","0","0","0","0","-2"
"159656","Loyola University New Orleans","2016","Tenured total","133","81","52","0","0","0","3","1","2","9","6","3","10","5","5","0","0","0","108","67","41","3","2","1","0","0","0","0","0","0","-2"
"159656","Loyola University New Orleans","2016","Tenured, professors","79","53","26","0","0","0","1","0","1","6","5","1","7","4","3","0","0","0","63","43","20","2","1","1","0","0","0","0","0","0","-2"
"159656","Loyola University New Orleans","2016","Tenured, associate professors","53","28","25","0","0","0","2","1","1","3","1","2","3","1","2","0","0","0","44","24","20","1","1","0","0","0","0","0","0","0","-2"
"159656","Loyola University New Orleans","2016","Tenured, assistant professors","1","0","1","0","0","0","0","0","0","0","0","0","0","0","0","0","0","0","1","0","1","0","0","0","0","0","0","0","0","0","-2"
"159656","Loyola University New Orleans","2016","On-Tenure track total","49","25","24","0","0","0","5","4","1","4","1","3","2","2","0","0","0","0","35","16","19","1","1","0","2","1","1","0","0","0","-2"
"159656","Loyola University New Orleans","2016","On-tenure track, associate professors","10","3","7","0","0","0","0","0","0","1","0","1","0","0","0","0","0","0","9","3","6","0","0","0","0","0","0","0","0","0","-2"
"159656","Loyola University New Orleans","2016","On-tenure track, assistant professors","39","22","17","0","0","0","5","4","1","3","1","2","2","2","0","0","0","0","26","13","13","1","1","0","2","1","1","0","0","0","-2"
"159656","Loyola University New Orleans","2016","Not on tenure track/No tenure system system total","74","31","43","0","0","0","1","1","0","2","1","1","0","0","0","0","0","0","67","28","39","0","0","0","4","1","3","0","0","0","-2"
"159656","Loyola University New Orleans","2016","Not on tenure/no tenure system, lecturers","74","31","43","0","0","0","1","1","0","2","1","1","0","0","0","0","0","0","67","28","39","0","0","0","4","1","3","0","0","0","-2"
"162210","Washington Adventist University","2016","Not on tenure track/No tenure system system total","45","24","21","0","0","0","4","2","2","18","6","12","2","2","0","0","0","0","21","14","7","0","0","0","0","0","0","0","0","0","-2"
"162210","Washington Adventist University","2016","Not on tenure/no tenure system, professors","18","12","6","0","0","0","1","1","0","8","4","4","0","0","0","0","0","0","9","7","2","0","0","0","0","0","0","0","0","0","-2"
"162210","Washington Adventist University","2016","Not on tenure/no tenure system, associate professors","13","4","9","0","0","0","2","1","1","5","1","4","0","0","0","0","0","0","6","2","4","0","0","0","0","0","0","0","0","0","-2"
"162210","Washington Adventist University","2016","Not on tenure/no tenure system, assistant professors","12","7","5","0","0","0","1","0","1","4","1","3","2","2","0","0","0","0","5","4","1","0","0","0","0","0","0","0","0","0","-2"
"162210","Washington Adventist University","2016","Not on tenure/no tenure system, instructors","2","1","1","0","0","0","0","0","0","1","0","1","0","0","0","0","0","0","1","1","0","0","0","0","0","0","0","0","0","0","-2"
"164447","American International College","2016","Tenured total","34","18","16","0","0","0","0","0","0","1","0","1","0","0","0","0","0","0","32","17","15","1","1","0","0","0","0","0","0","0","-2"
"164447","American International College","2016","Tenured, professors","12","5","7","0","0","0","0","0","0","0","0","0","0","0","0","0","0","0","12","5","7","0","0","0","0","0","0","0","0","0","-2"
"164447","American International College","2016","Tenured, associate professors","19","12","7","0","0","0","0","0","0","1","0","1","0","0","0","0","0","0","17","11","6","1","1","0","0","0","0","0","0","0","-2"
"164447","American International College","2016","Tenured, assistant professors","3","1","2","0","0","0","0","0","0","0","0","0","0","0","0","0","0","0","3","1","2","0","0","0","0","0","0","0","0","0","-2"
"164447","American International College","2016","On-Tenure track total","22","4","18","0","0","0","2","0","2","1","0","1","4","2","2","0","0","0","14","2","12","1","0","1","0","0","0","0","0","0","-2"
"164447","American International College","2016","On-tenure track, associate professors","9","0","9","0","0","0","0","0","0","0","0","0","1","0","1","0","0","0","8","0","8","0","0","0","0","0","0","0","0","0","-2"
"164447","American International College","2016","On-tenure track, assistant professors","11","4","7","0","0","0","2","0","2","1","0","1","3","2","1","0","0","0","4","2","2","1","0","1","0","0","0","0","0","0","-2"
"164447","American International College","2016","On-tenure track, instructors","2","0","2","0","0","0","0","0","0","0","0","0","0","0","0","0","0","0","2","0","2","0","0","0","0","0","0","0","0","0","-2"
"164447","American International College","2016","Not on tenure track/No tenure system system total","23","6","17","0","0","0","0","0","0","2","0","2","0","0","0","0","0","0","20","6","14","1","0","1","0","0","0","0","0","0","-2"
"164447","American International College","2016","Not on tenure/no tenure system, associate professors","5","1","4","0","0","0","0","0","0","0","0","0","0","0","0","0","0","0","4","1","3","1","0","1","0","0","0","0","0","0","-2"
"164447","American International College","2016","Not on tenure/no tenure system, assistant professors","12","1","11","0","0","0","0","0","0","2","0","2","0","0","0","0","0","0","10","1","9","0","0","0","0","0","0","0","0","0","-2"
"164447","American International College","2016","Not on tenure/no tenure system, instructors","6","4","2","0","0","0","0","0","0","0","0","0","0","0","0","0","0","0","6","4","2","0","0","0","0","0","0","0","0","0","-2"
"164632","Bay Path University","2016","Not on tenure track/No tenure system system total","57","14","43","0","0","0","4","2","2","2","0","2","0","0","0","0","0","0","50","12","38","1","0","1","0","0","0","0","0","0","-2"
"164632","Bay Path University","2016","Not on tenure/no tenure system, professors","8","3","5","0","0","0","0","0","0","0","0","0","0","0","0","0","0","0","8","3","5","0","0","0","0","0","0","0","0","0","-2"
"164632","Bay Path University","2016","Not on tenure/no tenure system, associate professors","16","7","9","0","0","0","2","1","1","0","0","0","0","0","0","0","0","0","14","6","8","0","0","0","0","0","0","0","0","0","-2"
"164632","Bay Path University","2016","Not on tenure/no tenure system, assistant professors","30","4","26","0","0","0","2","1","1","2","0","2","0","0","0","0","0","0","25","3","22","1","0","1","0","0","0","0","0","0","-2"
"164632","Bay Path University","2016","Not on tenure/no tenure system, instructors","3","0","3","0","0","0","0","0","0","0","0","0","0","0","0","0","0","0","3","0","3","0","0","0","0","0","0","0","0","0","-2"
"164872","Boston Architectural College","2016","Not on tenure track/No tenure system system total","18","9","9","0","0","0","0","0","0","1","0","1","3","1","2","0","0","0","14","8","6","0","0","0","0","0","0","0","0","0","-2"
"164872","Boston Architectural College","2016","Not on tenure/no tenure system, no academic rank","18","9","9","0","0","0","0","0","0","1","0","1","3","1","2","0","0","0","14","8","6","0","0","0","0","0","0","0","0","0","-2"
"165644","Eastern Nazarene College","2016","Tenured total","14","9","5","0","0","0","0","0","0","1","1","0","0","0","0","0","0","0","12","7","5","0","0","0","0","0","0","1","1","0","-2"
"165644","Eastern Nazarene College","2016","Tenured, professors","6","4","2","0","0","0","0","0","0","0","0","0","0","0","0","0","0","0","5","3","2","0","0","0","0","0","0","1","1","0","-2"
"165644","Eastern Nazarene College","2016","Tenured, associate professors","8","5","3","0","0","0","0","0","0","1","1","0","0","0","0","0","0","0","7","4","3","0","0","0","0","0","0","0","0","0","-2"
"165644","Eastern Nazarene College","2016","On-Tenure track total","12","7","5","0","0","0","0","0","0","1","1","0","1","0","1","0","0","0","9","5","4","1","1","0","0","0","0","0","0","0","-2"
"165644","Eastern Nazarene College","2016","On-tenure track, associate professors","3","3","0","0","0","0","0","0","0","0","0","0","0","0","0","0","0","0","3","3","0","0","0","0","0","0","0","0","0","0","-2"
"165644","Eastern Nazarene College","2016","On-tenure track, assistant professors","9","4","5","0","0","0","0","0","0","1","1","0","1","0","1","0","0","0","6","2","4","1","1","0","0","0","0","0","0","0","-2"
"165644","Eastern Nazarene College","2016","Not on tenure track/No tenure system system total","13","10","3","0","0","0","1","0","1","0","0","0","0","0","0","0","0","0","12","10","2","0","0","0","0","0","0","0","0","0","-2"
"165644","Eastern Nazarene College","2016","Not on tenure/no tenure system, associate professors","1","1","0","0","0","0","0","0","0","0","0","0","0","0","0","0","0","0","1","1","0","0","0","0","0","0","0","0","0","0","-2"
"165644","Eastern Nazarene College","2016","Not on tenure/no tenure system, assistant professors","3","3","0","0","0","0","0","0","0","0","0","0","0","0","0","0","0","0","3","3","0","0","0","0","0","0","0","0","0","0","-2"
"165644","Eastern Nazarene College","2016","Not on tenure/no tenure system, instructors","9","6","3","0","0","0","1","0","1","0","0","0","0","0","0","0","0","0","8","6","2","0","0","0","0","0","0","0","0","0","-2"
"165866","Framingham State University","2016","Tenured total","100","37","63","0","0","0","5","4","1","2","1","1","1","0","1","0","0","0","90","31","59","2","1","1","0","0","0","0","0","0","-2"
"165866","Framingham State University","2016","Tenured, professors","50","18","32","0","0","0","3","3","0","1","1","0","1","0","1","0","0","0","44","13","31","1","1","0","0","0","0","0","0","0","-2"
"165866","Framingham State University","2016","Tenured, associate professors","45","18","27","0","0","0","2","1","1","1","0","1","0","0","0","0","0","0","41","17","24","1","0","1","0","0","0","0","0","0","-2"
"165866","Framingham State University","2016","Tenured, assistant professors","5","1","4","0","0","0","0","0","0","0","0","0","0","0","0","0","0","0","5","1","4","0","0","0","0","0","0","0","0","0","-2"
"165866","Framingham State University","2016","On-Tenure track total","72","37","35","0","0","0","12","5","7","4","2","2","6","3","3","0","0","0","49","26","23","1","1","0","0","0","0","0","0","0","-2"
"165866","Framingham State University","2016","On-tenure track, professors","1","1","0","0","0","0","0","0","0","0","0","0","0","0","0","0","0","0","1","1","0","0","0","0","0","0","0","0","0","0","-2"
"165866","Framingham State University","2016","On-tenure track, associate professors","3","1","2","0","0","0","0","0","0","0","0","0","0","0","0","0","0","0","3","1","2","0","0","0","0","0","0","0","0","0","-2"
"165866","Framingham State University","2016","On-tenure track, assistant professors","67","35","32","0","0","0","12","5","7","4","2","2","6","3","3","0","0","0","44","24","20","1","1","0","0","0","0","0","0","0","-2"
"165866","Framingham State University","2016","On-tenure track, instructors","1","0","1","0","0","0","0","0","0","0","0","0","0","0","0","0","0","0","1","0","1","0","0","0","0","0","0","0","0","0","-2"
"165866","Framingham State University","2016","Not on tenure track/No tenure system system total","26","11","15","0","0","0","1","0","1","3","2","1","0","0","0","0","0","0","22","9","13","0","0","0","0","0","0","0","0","0","-2"
"165866","Framingham State University","2016","Not on tenure/no tenure system, assistant professors","15","7","8","0","0","0","1","0","1","1","1","0","0","0","0","0","0","0","13","6","7","0","0","0","0","0","0","0","0","0","-2"
"165866","Framingham State University","2016","Not on tenure/no tenure system, instructors","11","4","7","0","0","0","0","0","0","2","1","1","0","0","0","0","0","0","9","3","6","0","0","0","0","0","0","0","0","0","-2"
"166452","Lesley University","2016","Not on tenure track/No tenure system system total","151","51","100","0","0","0","15","4","11","6","3","3","11","3","8","0","0","0","117","39","78","2","2","0","0","0","0","0","0","0","-2"
"166452","Lesley University","2016","Not on tenure/no tenure system, professors","35","13","22","0","0","0","3","1","2","2","1","1","1","0","1","0","0","0","29","11","18","0","0","0","0","0","0","0","0","0","-2"
"166452","Lesley University","2016","Not on tenure/no tenure system, associate professors","57","20","37","0","0","0","6","1","5","3","1","2","6","1","5","0","0","0","41","16","25","1","1","0","0","0","0","0","0","0","-2"
"166452","Lesley University","2016","Not on tenure/no tenure system, assistant professors","53","17","36","0","0","0","6","2","4","1","1","0","4","2","2","0","0","0","41","11","30","1","1","0","0","0","0","0","0","0","-2"
"166452","Lesley University","2016","Not on tenure/no tenure system, instructors","6","1","5","0","0","0","0","0","0","0","0","0","0","0","0","0","0","0","6","1","5","0","0","0","0","0","0","0","0","0","-2"
"166638","University of Massachusetts-Boston","2016","Tenured total","324","181","143","0","0","0","50","33","17","22","10","12","12","5","7","0","0","0","212","115","97","0","0","0","25","15","10","3","3","0","-2"
"166638","University of Massachusetts-Boston","2016","Tenured, professors","108","70","38","0","0","0","16","13","3","4","4","0","3","1","2","0","0","0","80","48","32","0","0","0","5","4","1","0","0","0","-2"
"166638","University of Massachusetts-Boston","2016","Tenured, associate professors","216","111","105","0","0","0","34","20","14","18","6","12","9","4","5","0","0","0","132","67","65","0","0","0","20","11","9","3","3","0","-2"
"166638","University of Massachusetts-Boston","2016","On-Tenure track total","182","83","99","1","1","0","24","12","12","7","3","4","15","7","8","0","0","0","69","28","41","0","0","0","32","13","19","34","19","15","-2"
"166638","University of Massachusetts-Boston","2016","On-tenure track, associate professors","12","6","6","0","0","0","3","2","1","1","1","0","1","1","0","0","0","0","4","0","4","0","0","0","2","1","1","1","1","0","-2"
"166638","University of Massachusetts-Boston","2016","On-tenure track, assistant professors","170","77","93","1","1","0","21","10","11","6","2","4","14","6","8","0","0","0","65","28","37","0","0","0","30","12","18","33","18","15","-2"
"166638","University of Massachusetts-Boston","2016","Not on tenure track/No tenure system system total","208","88","120","0","0","0","14","8","6","8","6","2","6","4","2","0","0","0","141","55","86","0","0","0","30","10","20","9","5","4","-2"
"166638","University of Massachusetts-Boston","2016","Not on tenure/no tenure system, lecturers","176","78","98","0","0","0","11","6","5","7","5","2","5","3","2","0","0","0","127","51","76","0","0","0","19","9","10","7","4","3","-2"
"166638","University of Massachusetts-Boston","2016","Not on tenure/no tenure system, no academic rank","32","10","22","0","0","0","3","2","1","1","1","0","1","1","0","0","0","0","14","4","10","0","0","0","11","1","10","2","1","1","-2"
"167455","Pine Manor College","2016","Tenured total","11","4","7","0","0","0","1","0","1","0","0","0","1","0","1","0","0","0","9","4","5","0","0","0","0","0","0","0","0","0","-2"
"167455","Pine Manor College","2016","Tenured, professors","3","1","2","0","0","0","0","0","0","0","0","0","1","0","1","0","0","0","2","1","1","0","0","0","0","0","0","0","0","0","-2"
"167455","Pine Manor College","2016","Tenured, associate professors","6","3","3","0","0","0","1","0","1","0","0","0","0","0","0","0","0","0","5","3","2","0","0","0","0","0","0","0","0","0","-2"
"167455","Pine Manor College","2016","Tenured, assistant professors","2","0","2","0","0","0","0","0","0","0","0","0","0","0","0","0","0","0","2","0","2","0","0","0","0","0","0","0","0","0","-2"
"167455","Pine Manor College","2016","On-Tenure track total","5","0","5","0","0","0","0","0","0","0","0","0","0","0","0","0","0","0","5","0","5","0","0","0","0","0","0","0","0","0","-2"
"167455","Pine Manor College","2016","On-tenure track, professors","2","0","2","0","0","0","0","0","0","0","0","0","0","0","0","0","0","0","2","0","2","0","0","0","0","0","0","0","0","0","-2"
"167455","Pine Manor College","2016","On-tenure track, assistant professors","3","0","3","0","0","0","0","0","0","0","0","0","0","0","0","0","0","0","3","0","3","0","0","0","0","0","0","0","0","0","-2"
"167455","Pine Manor College","2016","Not on tenure track/No tenure system system total","7","2","5","0","0","0","0","0","0","0","0","0","0","0","0","0","0","0","7","2","5","0","0","0","0","0","0","0","0","0","-2"
"167455","Pine Manor College","2016","Not on tenure/no tenure system, associate professors","5","1","4","0","0","0","0","0","0","0","0","0","0","0","0","0","0","0","5","1","4","0","0","0","0","0","0","0","0","0","-2"
"167455","Pine Manor College","2016","Not on tenure/no tenure system, assistant professors","2","1","1","0","0","0","0","0","0","0","0","0","0","0","0","0","0","0","2","1","1","0","0","0","0","0","0","0","0","0","-2"
"167729","Salem State University","2016","Tenured total","251","124","127","0","0","0","19","10","9","10","6","4","9","5","4","0","0","0","209","101","108","0","0","0","4","2","2","0","0","0","-2"
"167729","Salem State University","2016","Tenured, professors","138","76","62","0","0","0","5","2","3","2","2","0","3","2","1","0","0","0","127","70","57","0","0","0","1","0","1","0","0","0","-2"
"167729","Salem State University","2016","Tenured, associate professors","102","43","59","0","0","0","13","7","6","7","3","4","5","3","2","0","0","0","74","28","46","0","0","0","3","2","1","0","0","0","-2"
"167729","Salem State University","2016","Tenured, assistant professors","11","5","6","0","0","0","1","1","0","1","1","0","1","0","1","0","0","0","8","3","5","0","0","0","0","0","0","0","0","0","-2"
"167729","Salem State University","2016","On-Tenure track total","82","35","47","0","0","0","11","2","9","9","5","4","7","5","2","0","0","0","53","22","31","0","0","0","2","1","1","0","0","0","-2"
"167729","Salem State University","2016","On-tenure track, professors","1","1","0","0","0","0","0","0","0","0","0","0","1","1","0","0","0","0","0","0","0","0","0","0","0","0","0","0","0","0","-2"
"167729","Salem State University","2016","On-tenure track, associate professors","6","4","2","0","0","0","2","0","2","0","0","0","1","1","0","0","0","0","2","2","0","0","0","0","1","1","0","0","0","0","-2"
"167729","Salem State University","2016","On-tenure track, assistant professors","70","28","42","0","0","0","9","2","7","9","5","4","4","2","2","0","0","0","47","19","28","0","0","0","1","0","1","0","0","0","-2"
"167729","Salem State University","2016","On-tenure track, instructors","5","2","3","0","0","0","0","0","0","0","0","0","1","1","0","0","0","0","4","1","3","0","0","0","0","0","0","0","0","0","-2"
"167729","Salem State University","2016","Not on tenure track/No tenure system system total","16","2","14","0","0","0","0","0","0","1","0","1","0","0","0","0","0","0","13","2","11","0","0","0","2","0","2","0","0","0","-2"
"167729","Salem State University","2016","Not on tenure/no tenure system, assistant professors","9","0","9","0","0","0","0","0","0","0","0","0","0","0","0","0","0","0","7","0","7","0","0","0","2","0","2","0","0","0","-2"
"167729","Salem State University","2016","Not on tenure/no tenure system, instructors","7","2","5","0","0","0","0","0","0","1","0","1","0","0","0","0","0","0","6","2","4","0","0","0","0","0","0","0","0","0","-2"
"168740","Andrews University","2016","Tenured total","68","48","20","0","0","0","7","6","1","8","5","3","3","2","1","0","0","0","47","33","14","1","1","0","0","0","0","2","1","1","-2"
"168740","Andrews University","2016","Tenured, professors","46","36","10","0","0","0","7","6","1","3","2","1","1","1","0","0","0","0","34","26","8","0","0","0","0","0","0","1","1","0","-2"
"168740","Andrews University","2016","Tenured, associate professors","19","10","9","0","0","0","0","0","0","4","3","1","2","1","1","0","0","0","11","5","6","1","1","0","0","0","0","1","0","1","-2"
"168740","Andrews University","2016","Tenured, assistant professors","3","2","1","0","0","0","0","0","0","1","0","1","0","0","0","0","0","0","2","2","0","0","0","0","0","0","0","0","0","0","-2"
"168740","Andrews University","2016","On-Tenure track total","139","79","60","0","0","0","7","4","3","16","7","9","13","9","4","0","0","0","89","51","38","2","2","0","5","3","2","7","3","4","-2"
"168740","Andrews University","2016","On-tenure track, professors","19","17","2","0","0","0","2","1","1","2","1","1","2","2","0","0","0","0","12","12","0","0","0","0","1","1","0","0","0","0","-2"
"168740","Andrews University","2016","On-tenure track, associate professors","51","26","25","0","0","0","2","1","1","5","3","2","4","3","1","0","0","0","33","17","16","1","1","0","2","0","2","4","1","3","-2"
"168740","Andrews University","2016","On-tenure track, assistant professors","67","36","31","0","0","0","3","2","1","8","3","5","6","4","2","0","0","0","44","22","22","1","1","0","2","2","0","3","2","1","-2"
"168740","Andrews University","2016","On-tenure track, instructors","2","0","2","0","0","0","0","0","0","1","0","1","1","0","1","0","0","0","0","0","0","0","0","0","0","0","0","0","0","0","-2"
"168740","Andrews University","2016","Not on tenure track/No tenure system system total","21","10","11","0","0","0","1","1","0","4","1","3","4","4","0","0","0","0","10","4","6","0","0","0","1","0","1","1","0","1","-2"
"168740","Andrews University","2016","Not on tenure/no tenure system, professors","1","0","1","0","0","0","0","0","0","0","0","0","0","0","0","0","0","0","0","0","0","0","0","0","1","0","1","0","0","0","-2"
"168740","Andrews University","2016","Not on tenure/no tenure system, associate professors","9","6","3","0","0","0","0","0","0","2","1","1","2","2","0","0","0","0","5","3","2","0","0","0","0","0","0","0","0","0","-2"
"168740","Andrews University","2016","Not on tenure/no tenure system, assistant professors","6","1","5","0","0","0","0","0","0","2","0","2","0","0","0","0","0","0","3","1","2","0","0","0","0","0","0","1","0","1","-2"
"168740","Andrews University","2016","Not on tenure/no tenure system, instructors","5","3","2","0","0","0","1","1","0","0","0","0","2","2","0","0","0","0","2","0","2","0","0","0","0","0","0","0","0","0","-2"
"170532","Kalamazoo College","2016","Tenured total","64","33","31","0","0","0","4","0","4","3","2","1","3","0","3","0","0","0","54","31","23","0","0","0","0","0","0","0","0","0","-2"
"170532","Kalamazoo College","2016","Tenured, professors","37","22","15","0","0","0","2","0","2","0","0","0","2","0","2","0","0","0","33","22","11","0","0","0","0","0","0","0","0","0","-2"
"170532","Kalamazoo College","2016","Tenured, associate professors","27","11","16","0","0","0","2","0","2","3","2","1","1","0","1","0","0","0","21","9","12","0","0","0","0","0","0","0","0","0","-2"
"170532","Kalamazoo College","2016","On-Tenure track total","22","10","12","1","0","1","3","1","2","3","2","1","2","1","1","0","0","0","10","4","6","2","1","1","0","0","0","1","1","0","-2"
"170532","Kalamazoo College","2016","On-tenure track, assistant professors","22","10","12","1","0","1","3","1","2","3","2","1","2","1","1","0","0","0","10","4","6","2","1","1","0","0","0","1","1","0","-2"
"170532","Kalamazoo College","2016","Not on tenure track/No tenure system system total","26","10","16","0","0","0","0","0","0","0","0","0","2","1","1","0","0","0","22","7","15","0","0","0","0","0","0","2","2","0","-2"
"170532","Kalamazoo College","2016","Not on tenure/no tenure system, assistant professors","17","8","9","0","0","0","0","0","0","0","0","0","1","1","0","0","0","0","14","5","9","0","0","0","0","0","0","2","2","0","-2"
"170532","Kalamazoo College","2016","Not on tenure/no tenure system, instructors","9","2","7","0","0","0","0","0","0","0","0","0","1","0","1","0","0","0","8","2","6","0","0","0","0","0","0","0","0","0","-2"
"172033","Sacred Heart Major Seminary","2016","Not on tenure track/No tenure system system total","16","12","4","0","0","0","0","0","0","0","0","0","1","1","0","0","0","0","15","11","4","0","0","0","0","0","0","0","0","0","-2"
"172033","Sacred Heart Major Seminary","2016","Not on tenure/no tenure system, professors","9","7","2","0","0","0","0","0","0","0","0","0","0","0","0","0","0","0","9","7","2","0","0","0","0","0","0","0","0","0","-2"
"172033","Sacred Heart Major Seminary","2016","Not on tenure/no tenure system, associate professors","3","2","1","0","0","0","0","0","0","0","0","0","1","1","0","0","0","0","2","1","1","0","0","0","0","0","0","0","0","0","-2"
"172033","Sacred Heart Major Seminary","2016","Not on tenure/no tenure system, assistant professors","3","2","1","0","0","0","0","0","0","0","0","0","0","0","0","0","0","0","3","2","1","0","0","0","0","0","0","0","0","0","-2"
"172033","Sacred Heart Major Seminary","2016","Not on tenure/no tenure system, instructors","1","1","0","0","0","0","0","0","0","0","0","0","0","0","0","0","0","0","1","1","0","0","0","0","0","0","0","0","0","0","-2"
"178721","Park University","2016","Tenured total","49","31","18","0","0","0","3","1","2","1","1","0","0","0","0","0","0","0","44","29","15","1","0","1","0","0","0","0","0","0","-2"
"178721","Park University","2016","Tenured, professors","21","16","5","0","0","0","2","0","2","1","1","0","0","0","0","0","0","0","18","15","3","0","0","0","0","0","0","0","0","0","-2"
"178721","Park University","2016","Tenured, associate professors","28","15","13","0","0","0","1","1","0","0","0","0","0","0","0","0","0","0","26","14","12","1","0","1","0","0","0","0","0","0","-2"
"178721","Park University","2016","On-Tenure track total","29","14","15","0","0","0","1","0","1","2","1","1","0","0","0","0","0","0","26","13","13","0","0","0","0","0","0","0","0","0","-2"
"178721","Park University","2016","On-tenure track, professors","1","1","0","0","0","0","0","0","0","0","0","0","0","0","0","0","0","0","1","1","0","0","0","0","0","0","0","0","0","0","-2"
"178721","Park University","2016","On-tenure track, associate professors","11","7","4","0","0","0","1","0","1","1","1","0","0","0","0","0","0","0","9","6","3","0","0","0","0","0","0","0","0","0","-2"
"178721","Park University","2016","On-tenure track, assistant professors","17","6","11","0","0","0","0","0","0","1","0","1","0","0","0","0","0","0","16","6","10","0","0","0","0","0","0","0","0","0","-2"
"178721","Park University","2016","Not on tenure track/No tenure system system total","28","10","18","1","0","1","0","0","0","0","0","0","0","0","0","0","0","0","25","9","16","1","1","0","1","0","1","0","0","0","-2"
"178721","Park University","2016","Not on tenure/no tenure system, associate professors","3","2","1","0","0","0","0","0","0","0","0","0","0","0","0","0","0","0","3","2","1","0","0","0","0","0","0","0","0","0","-2"
"178721","Park University","2016","Not on tenure/no tenure system, assistant professors","12","3","9","1","0","1","0","0","0","0","0","0","0","0","0","0","0","0","9","2","7","1","1","0","1","0","1","0","0","0","-2"
"178721","Park University","2016","Not on tenure/no tenure system, instructors","5","2","3","0","0","0","0","0","0","0","0","0","0","0","0","0","0","0","5","2","3","0","0","0","0","0","0","0","0","0","-2"
"178721","Park University","2016","Not on tenure/no tenure system, lecturers","8","3","5","0","0","0","0","0","0","0","0","0","0","0","0","0","0","0","8","3","5","0","0","0","0","0","0","0","0","0","-2"
"181738","Union College","2016","Tenured total","17","9","8","0","0","0","0","0","0","1","0","1","0","0","0","0","0","0","16","9","7","0","0","0","0","0","0","0","0","0","-2"
"181738","Union College","2016","Tenured, professors","10","6","4","0","0","0","0","0","0","1","0","1","0","0","0","0","0","0","9","6","3","0","0","0","0","0","0","0","0","0","-2"
"181738","Union College","2016","Tenured, associate professors","7","3","4","0","0","0","0","0","0","0","0","0","0","0","0","0","0","0","7","3","4","0","0","0","0","0","0","0","0","0","-2"
"181738","Union College","2016","On-Tenure track total","42","18","24","0","0","0","1","1","0","3","2","1","0","0","0","0","0","0","37","14","23","0","0","0","0","0","0","1","1","0","-2"
"181738","Union College","2016","On-tenure track, professors","6","5","1","0","0","0","0","0","0","1","1","0","0","0","0","0","0","0","5","4","1","0","0","0","0","0","0","0","0","0","-2"
"181738","Union College","2016","On-tenure track, associate professors","10","2","8","0","0","0","1","1","0","0","0","0","0","0","0","0","0","0","8","0","8","0","0","0","0","0","0","1","1","0","-2"
"181738","Union College","2016","On-tenure track, assistant professors","26","11","15","0","0","0","0","0","0","2","1","1","0","0","0","0","0","0","24","10","14","0","0","0","0","0","0","0","0","0","-2"
"181853","York College","2016","Tenured total","9","7","2","0","0","0","0","0","0","0","0","0","1","1","0","0","0","0","8","6","2","0","0","0","0","0","0","0","0","0","-2"
"181853","York College","2016","Tenured, professors","4","4","0","0","0","0","0","0","0","0","0","0","0","0","0","0","0","0","4","4","0","0","0","0","0","0","0","0","0","0","-2"
"181853","York College","2016","Tenured, associate professors","5","3","2","0","0","0","0","0","0","0","0","0","1","1","0","0","0","0","4","2","2","0","0","0","0","0","0","0","0","0","-2"
"181853","York College","2016","On-Tenure track total","13","8","5","0","0","0","0","0","0","0","0","0","2","1","1","0","0","0","11","7","4","0","0","0","0","0","0","0","0","0","-2"
"181853","York College","2016","On-tenure track, associate professors","7","7","0","0","0","0","0","0","0","0","0","0","1","1","0","0","0","0","6","6","0","0","0","0","0","0","0","0","0","0","-2"
"181853","York College","2016","On-tenure track, assistant professors","6","1","5","0","0","0","0","0","0","0","0","0","1","0","1","0","0","0","5","1","4","0","0","0","0","0","0","0","0","0","-2"
"181853","York College","2016","Not on tenure track/No tenure system system total","5","2","3","0","0","0","0","0","0","0","0","0","0","0","0","0","0","0","5","2","3","0","0","0","0","0","0","0","0","0","-2"
"181853","York College","2016","Not on tenure/no tenure system, professors","1","1","0","0","0","0","0","0","0","0","0","0","0","0","0","0","0","0","1","1","0","0","0","0","0","0","0","0","0","0","-2"
"181853","York College","2016","Not on tenure/no tenure system, assistant professors","4","1","3","0","0","0","0","0","0","0","0","0","0","0","0","0","0","0","4","1","3","0","0","0","0","0","0","0","0","0","-2"
"182306","Great Basin College","2016","Tenured total","31","14","17","0","0","0","2","1","1","1","0","1","3","2","1","0","0","0","25","11","14","0","0","0","0","0","0","0","0","0","-2"
"182306","Great Basin College","2016","Tenured, professors","31","14","17","0","0","0","2","1","1","1","0","1","3","2","1","0","0","0","25","11","14","0","0","0","0","0","0","0","0","0","-2"
"182306","Great Basin College","2016","On-Tenure track total","19","13","6","0","0","0","1","1","0","1","1","0","2","0","2","0","0","0","15","11","4","0","0","0","0","0","0","0","0","0","-2"
"182306","Great Basin College","2016","On-tenure track, instructors","19","13","6","0","0","0","1","1","0","1","1","0","2","0","2","0","0","0","15","11","4","0","0","0","0","0","0","0","0","0","-2"
"182306","Great Basin College","2016","Not on tenure track/No tenure system system total","17","13","4","0","0","0","0","0","0","0","0","0","1","1","0","0","0","0","12","12","0","4","0","4","0","0","0","0","0","0","-2"
"182306","Great Basin College","2016","Not on tenure/no tenure system, instructors","17","13","4","0","0","0","0","0","0","0","0","0","1","1","0","0","0","0","12","12","0","4","0","4","0","0","0","0","0","0","-2"
"182564","Western Nevada College","2016","Tenured total","30","18","12","0","0","0","0","0","0","0","0","0","1","1","0","0","0","0","29","17","12","0","0","0","0","0","0","0","0","0","-2"
"182564","Western Nevada College","2016","Tenured, professors","30","18","12","0","0","0","0","0","0","0","0","0","1","1","0","0","0","0","29","17","12","0","0","0","0","0","0","0","0","0","-2"
"182564","Western Nevada College","2016","On-Tenure track total","11","2","9","0","0","0","0","0","0","0","0","0","0","0","0","0","0","0","11","2","9","0","0","0","0","0","0","0","0","0","-2"
"182564","Western Nevada College","2016","On-tenure track, instructors","11","2","9","0","0","0","0","0","0","0","0","0","0","0","0","0","0","0","11","2","9","0","0","0","0","0","0","0","0","0","-2"
"182564","Western Nevada College","2016","Not on tenure track/No tenure system system total","11","8","3","0","0","0","0","0","0","0","0","0","0","0","0","0","0","0","11","8","3","0","0","0","0","0","0","0","0","0","-2"
"182564","Western Nevada College","2016","Not on tenure/no tenure system, instructors","11","8","3","0","0","0","0","0","0","0","0","0","0","0","0","0","0","0","11","8","3","0","0","0","0","0","0","0","0","0","-2"
"183974","Centenary University","2016","Tenured total","13","8","5","0","0","0","2","1","1","0","0","0","0","0","0","0","0","0","11","7","4","0","0","0","0","0","0","0","0","0","-2"
"183974","Centenary University","2016","Tenured, professors","5","3","2","0","0","0","1","0","1","0","0","0","0","0","0","0","0","0","4","3","1","0","0","0","0","0","0","0","0","0","-2"
"183974","Centenary University","2016","Tenured, associate professors","8","5","3","0","0","0","1","1","0","0","0","0","0","0","0","0","0","0","7","4","3","0","0","0","0","0","0","0","0","0","-2"
"183974","Centenary University","2016","On-Tenure track total","20","12","8","0","0","0","2","2","0","0","0","0","0","0","0","0","0","0","18","10","8","0","0","0","0","0","0","0","0","0","-2"
"183974","Centenary University","2016","On-tenure track, associate professors","1","0","1","0","0","0","0","0","0","0","0","0","0","0","0","0","0","0","1","0","1","0","0","0","0","0","0","0","0","0","-2"
"183974","Centenary University","2016","On-tenure track, assistant professors","18","12","6","0","0","0","2","2","0","0","0","0","0","0","0","0","0","0","16","10","6","0","0","0","0","0","0","0","0","0","-2"
"183974","Centenary University","2016","On-tenure track, instructors","1","0","1","0","0","0","0","0","0","0","0","0","0","0","0","0","0","0","1","0","1","0","0","0","0","0","0","0","0","0","-2"
"183974","Centenary University","2016","Not on tenure track/No tenure system system total","49","21","28","0","0","0","2","0","2","1","0","1","1","0","1","0","0","0","45","21","24","0","0","0","0","0","0","0","0","0","-2"
"183974","Centenary University","2016","Not on tenure/no tenure system, professors","3","0","3","0","0","0","0","0","0","0","0","0","0","0","0","0","0","0","3","0","3","0","0","0","0","0","0","0","0","0","-2"
"183974","Centenary University","2016","Not on tenure/no tenure system, associate professors","13","4","9","0","0","0","1","0","1","1","0","1","0","0","0","0","0","0","11","4","7","0","0","0","0","0","0","0","0","0","-2"
"183974","Centenary University","2016","Not on tenure/no tenure system, assistant professors","33","17","16","0","0","0","1","0","1","0","0","0","1","0","1","0","0","0","31","17","14","0","0","0","0","0","0","0","0","0","-2"
"184348","Drew University","2016","Tenured total","107","61","46","0","0","0","5","2","3","8","4","4","7","4","3","0","0","0","73","42","31","0","0","0","9","5","4","5","4","1","-2"
"184348","Drew University","2016","Tenured, professors","56","29","27","0","0","0","2","1","1","2","1","1","3","1","2","0","0","0","42","22","20","0","0","0","7","4","3","0","0","0","-2"
"184348","Drew University","2016","Tenured, associate professors","50","32","18","0","0","0","3","1","2","5","3","2","4","3","1","0","0","0","31","20","11","0","0","0","2","1","1","5","4","1","-2"
"184348","Drew University","2016","Tenured, assistant professors","1","0","1","0","0","0","0","0","0","1","0","1","0","0","0","0","0","0","0","0","0","0","0","0","0","0","0","0","0","0","-2"
"184348","Drew University","2016","On-Tenure track total","12","3","9","0","0","0","2","0","2","0","0","0","1","1","0","0","0","0","9","2","7","0","0","0","0","0","0","0","0","0","-2"
"184348","Drew University","2016","On-tenure track, associate professors","1","0","1","0","0","0","0","0","0","0","0","0","0","0","0","0","0","0","1","0","1","0","0","0","0","0","0","0","0","0","-2"
"184348","Drew University","2016","On-tenure track, assistant professors","11","3","8","0","0","0","2","0","2","0","0","0","1","1","0","0","0","0","8","2","6","0","0","0","0","0","0","0","0","0","-2"
"184348","Drew University","2016","Not on tenure track/No tenure system system total","31","11","20","0","0","0","1","0","1","0","0","0","2","0","2","0","0","0","24","10","14","0","0","0","1","0","1","3","1","2","-2"
"184348","Drew University","2016","Not on tenure/no tenure system, associate professors","5","2","3","0","0","0","0","0","0","0","0","0","0","0","0","0","0","0","4","2","2","0","0","0","0","0","0","1","0","1","-2"
"184348","Drew University","2016","Not on tenure/no tenure system, assistant professors","25","9","16","0","0","0","1","0","1","0","0","0","2","0","2","0","0","0","19","8","11","0","0","0","1","0","1","2","1","1","-2"
"184348","Drew University","2016","Not on tenure/no tenure system, instructors","1","0","1","0","0","0","0","0","0","0","0","0","0","0","0","0","0","0","1","0","1","0","0","0","0","0","0","0","0","0","-2"
"184694","Fairleigh Dickinson University-Florham Campus","2016","Tenured total","79","52","27","0","0","0","10","7","3","1","1","0","2","1","1","0","0","0","66","43","23","0","0","0","0","0","0","0","0","0","-2"
"184694","Fairleigh Dickinson University-Florham Campus","2016","Tenured, professors","40","26","14","0","0","0","6","4","2","0","0","0","1","0","1","0","0","0","33","22","11","0","0","0","0","0","0","0","0","0","-2"
"184694","Fairleigh Dickinson University-Florham Campus","2016","Tenured, associate professors","36","23","13","0","0","0","3","2","1","1","1","0","1","1","0","0","0","0","31","19","12","0","0","0","0","0","0","0","0","0","-2"
"184694","Fairleigh Dickinson University-Florham Campus","2016","Tenured, assistant professors","3","3","0","0","0","0","1","1","0","0","0","0","0","0","0","0","0","0","2","2","0","0","0","0","0","0","0","0","0","0","-2"
"184694","Fairleigh Dickinson University-Florham Campus","2016","On-Tenure track total","42","16","26","0","0","0","9","4","5","3","0","3","0","0","0","0","0","0","30","12","18","0","0","0","0","0","0","0","0","0","-2"
"184694","Fairleigh Dickinson University-Florham Campus","2016","On-tenure track, professors","4","2","2","0","0","0","1","1","0","0","0","0","0","0","0","0","0","0","3","1","2","0","0","0","0","0","0","0","0","0","-2"
"184694","Fairleigh Dickinson University-Florham Campus","2016","On-tenure track, associate professors","4","2","2","0","0","0","2","2","0","0","0","0","0","0","0","0","0","0","2","0","2","0","0","0","0","0","0","0","0","0","-2"
"184694","Fairleigh Dickinson University-Florham Campus","2016","On-tenure track, assistant professors","31","12","19","0","0","0","6","1","5","1","0","1","0","0","0","0","0","0","24","11","13","0","0","0","0","0","0","0","0","0","-2"
"184694","Fairleigh Dickinson University-Florham Campus","2016","On-tenure track, instructors","2","0","2","0","0","0","0","0","0","2","0","2","0","0","0","0","0","0","0","0","0","0","0","0","0","0","0","0","0","0","-2"
"184694","Fairleigh Dickinson University-Florham Campus","2016","On-tenure track, lecturers","1","0","1","0","0","0","0","0","0","0","0","0","0","0","0","0","0","0","1","0","1","0","0","0","0","0","0","0","0","0","-2"
"184694","Fairleigh Dickinson University-Florham Campus","2016","Not on tenure track/No tenure system system total","38","12","26","0","0","0","5","0","5","2","1","1","2","0","2","0","0","0","29","11","18","0","0","0","0","0","0","0","0","0","-2"
"184694","Fairleigh Dickinson University-Florham Campus","2016","Not on tenure/no tenure system, associate professors","1","0","1","0","0","0","1","0","1","0","0","0","0","0","0","0","0","0","0","0","0","0","0","0","0","0","0","0","0","0","-2"
"184694","Fairleigh Dickinson University-Florham Campus","2016","Not on tenure/no tenure system, assistant professors","13","4","9","0","0","0","2","0","2","0","0","0","0","0","0","0","0","0","11","4","7","0","0","0","0","0","0","0","0","0","-2"
"184694","Fairleigh Dickinson University-Florham Campus","2016","Not on tenure/no tenure system, lecturers","24","8","16","0","0","0","2","0","2","2","1","1","2","0","2","0","0","0","18","7","11","0","0","0","0","0","0","0","0","0","-2"
"185828","New Jersey Institute of Technology","2016","Tenured total","224","193","31","0","0","0","48","41","7","10","7","3","3","2","1","0","0","0","131","113","18","0","0","0","31","29","2","1","1","0","-2"
"185828","New Jersey Institute of Technology","2016","Tenured, professors","133","120","13","0","0","0","27","26","1","6","5","1","1","1","0","0","0","0","76","66","10","0","0","0","22","21","1","1","1","0","-2"
"185828","New Jersey Institute of Technology","2016","Tenured, associate professors","91","73","18","0","0","0","21","15","6","4","2","2","2","1","1","0","0","0","55","47","8","0","0","0","9","8","1","0","0","0","-2"
"185828","New Jersey Institute of Technology","2016","On-Tenure track total","69","52","17","0","0","0","24","19","5","1","1","0","3","2","1","0","0","0","24","17","7","0","0","0","0","0","0","17","13","4","-2"
"185828","New Jersey Institute of Technology","2016","On-tenure track, associate professors","8","6","2","0","0","0","4","3","1","0","0","0","0","0","0","0","0","0","2","2","0","0","0","0","0","0","0","2","1","1","-2"
"185828","New Jersey Institute of Technology","2016","On-tenure track, assistant professors","61","46","15","0","0","0","20","16","4","1","1","0","3","2","1","0","0","0","22","15","7","0","0","0","0","0","0","15","12","3","-2"
"185828","New Jersey Institute of Technology","2016","Not on tenure track/No tenure system system total","143","105","38","0","0","0","18","14","4","5","4","1","5","5","0","0","0","0","93","62","31","0","0","0","11","11","0","11","9","2","-2"
"185828","New Jersey Institute of Technology","2016","Not on tenure/no tenure system, lecturers","116","81","35","0","0","0","9","7","2","4","3","1","4","4","0","0","0","0","83","53","30","0","0","0","8","8","0","8","6","2","-2"
"185828","New Jersey Institute of Technology","2016","Not on tenure/no tenure system, no academic rank","27","24","3","0","0","0","9","7","2","1","1","0","1","1","0","0","0","0","10","9","1","0","0","0","3","3","0","3","3","0","-2"
"186201","Ramapo College of New Jersey","2016","Tenured total","175","86","89","2","1","1","21","13","8","10","6","4","15","3","12","0","0","0","125","62","63","1","1","0","0","0","0","1","0","1","-2"
"186201","Ramapo College of New Jersey","2016","Tenured, professors","69","35","34","0","0","0","8","5","3","4","2","2","4","1","3","0","0","0","52","26","26","1","1","0","0","0","0","0","0","0","-2"
"186201","Ramapo College of New Jersey","2016","Tenured, associate professors","88","41","47","1","0","1","11","6","5","2","2","0","10","2","8","0","0","0","63","31","32","0","0","0","0","0","0","1","0","1","-2"
"186201","Ramapo College of New Jersey","2016","Tenured, assistant professors","17","10","7","1","1","0","2","2","0","4","2","2","1","0","1","0","0","0","9","5","4","0","0","0","0","0","0","0","0","0","-2"
"186201","Ramapo College of New Jersey","2016","Tenured, instructors","1","0","1","0","0","0","0","0","0","0","0","0","0","0","0","0","0","0","1","0","1","0","0","0","0","0","0","0","0","0","-2"
"186201","Ramapo College of New Jersey","2016","On-Tenure track total","27","12","15","0","0","0","8","3","5","2","0","2","1","1","0","0","0","0","15","8","7","0","0","0","0","0","0","1","0","1","-2"
"186201","Ramapo College of New Jersey","2016","On-tenure track, associate professors","3","2","1","0","0","0","1","1","0","1","0","1","1","1","0","0","0","0","0","0","0","0","0","0","0","0","0","0","0","0","-2"
"186201","Ramapo College of New Jersey","2016","On-tenure track, assistant professors","24","10","14","0","0","0","7","2","5","1","0","1","0","0","0","0","0","0","15","8","7","0","0","0","0","0","0","1","0","1","-2"
"186201","Ramapo College of New Jersey","2016","Not on tenure track/No tenure system system total","14","4","10","0","0","0","1","0","1","0","0","0","0","0","0","0","0","0","13","4","9","0","0","0","0","0","0","0","0","0","-2"
"186201","Ramapo College of New Jersey","2016","Not on tenure/no tenure system, assistant professors","12","4","8","0","0","0","1","0","1","0","0","0","0","0","0","0","0","0","11","4","7","0","0","0","0","0","0","0","0","0","-2"
"186201","Ramapo College of New Jersey","2016","Not on tenure/no tenure system, instructors","2","0","2","0","0","0","0","0","0","0","0","0","0","0","0","0","0","0","2","0","2","0","0","0","0","0","0","0","0","0","-2"
"186283","Rider University","2016","Tenured total","185","105","80","0","0","0","22","11","11","6","2","4","4","2","2","0","0","0","153","90","63","0","0","0","0","0","0","0","0","0","-2"
"186283","Rider University","2016","Tenured, professors","99","58","41","0","0","0","9","5","4","3","2","1","2","1","1","0","0","0","85","50","35","0","0","0","0","0","0","0","0","0","-2"
"186283","Rider University","2016","Tenured, associate professors","86","47","39","0","0","0","13","6","7","3","0","3","2","1","1","0","0","0","68","40","28","0","0","0","0","0","0","0","0","0","-2"
"186283","Rider University","2016","On-Tenure track total","50","19","31","0","0","0","3","1","2","1","0","1","0","0","0","0","0","0","39","15","24","0","0","0","0","0","0","7","3","4","-2"
"186283","Rider University","2016","On-tenure track, associate professors","8","3","5","0","0","0","1","1","0","0","0","0","0","0","0","0","0","0","6","2","4","0","0","0","0","0","0","1","0","1","-2"
"186283","Rider University","2016","On-tenure track, assistant professors","42","16","26","0","0","0","2","0","2","1","0","1","0","0","0","0","0","0","33","13","20","0","0","0","0","0","0","6","3","3","-2"
"186283","Rider University","2016","Not on tenure track/No tenure system system total","8","2","6","0","0","0","0","0","0","0","0","0","0","0","0","0","0","0","8","2","6","0","0","0","0","0","0","0","0","0","-2"
"186283","Rider University","2016","Not on tenure/no tenure system, associate professors","1","0","1","0","0","0","0","0","0","0","0","0","0","0","0","0","0","0","1","0","1","0","0","0","0","0","0","0","0","0","-2"
"186283","Rider University","2016","Not on tenure/no tenure system, assistant professors","7","2","5","0","0","0","0","0","0","0","0","0","0","0","0","0","0","0","7","2","5","0","0","0","0","0","0","0","0","0","-2"
"186371","Rutgers University-Camden","2016","Tenured total","154","101","53","0","0","0","25","23","2","4","2","2","3","1","2","0","0","0","106","66","40","0","0","0","7","4","3","9","5","4","-2"
"186371","Rutgers University-Camden","2016","Tenured, professors","90","62","28","0","0","0","11","11","0","2","0","2","2","1","1","0","0","0","66","44","22","0","0","0","4","2","2","5","4","1","-2"
"186371","Rutgers University-Camden","2016","Tenured, associate professors","64","39","25","0","0","0","14","12","2","2","2","0","1","0","1","0","0","0","40","22","18","0","0","0","3","2","1","4","1","3","-2"
"186371","Rutgers University-Camden","2016","On-Tenure track total","78","34","44","0","0","0","3","2","1","6","1","5","3","2","1","0","0","0","23","10","13","0","0","0","26","10","16","17","9","8","-2"
"186371","Rutgers University-Camden","2016","On-tenure track, professors","1","0","1","0","0","0","0","0","0","0","0","0","0","0","0","0","0","0","1","0","1","0","0","0","0","0","0","0","0","0","-2"
"186371","Rutgers University-Camden","2016","On-tenure track, associate professors","5","0","5","0","0","0","0","0","0","1","0","1","0","0","0","0","0","0","1","0","1","0","0","0","2","0","2","1","0","1","-2"
"186371","Rutgers University-Camden","2016","On-tenure track, assistant professors","72","34","38","0","0","0","3","2","1","5","1","4","3","2","1","0","0","0","21","10","11","0","0","0","24","10","14","16","9","7","-2"
"186371","Rutgers University-Camden","2016","Not on tenure track/No tenure system system total","78","34","44","0","0","0","3","2","1","2","2","0","2","2","0","0","0","0","46","12","34","1","1","0","22","13","9","2","2","0","-2"
"186371","Rutgers University-Camden","2016","Not on tenure/no tenure system, professors","13","4","9","0","0","0","0","0","0","1","1","0","0","0","0","0","0","0","10","2","8","0","0","0","2","1","1","0","0","0","-2"
"186371","Rutgers University-Camden","2016","Not on tenure/no tenure system, associate professors","9","4","5","0","0","0","1","1","0","0","0","0","0","0","0","0","0","0","6","2","4","0","0","0","2","1","1","0","0","0","-2"
"186371","Rutgers University-Camden","2016","Not on tenure/no tenure system, assistant professors","30","12","18","0","0","0","1","1","0","1","1","0","0","0","0","0","0","0","18","5","13","1","1","0","8","3","5","1","1","0","-2"
"186371","Rutgers University-Camden","2016","Not on tenure/no tenure system, instructors","21","10","11","0","0","0","1","0","1","0","0","0","1","1","0","0","0","0","11","3","8","0","0","0","7","5","2","1","1","0","-2"
"186371","Rutgers University-Camden","2016","Not on tenure/no tenure system, lecturers","5","4","1","0","0","0","0","0","0","0","0","0","1","1","0","0","0","0","1","0","1","0","0","0","3","3","0","0","0","0","-2"
"186584","Seton Hall University","2016","Tenured total","233","134","99","0","0","0","24","12","12","8","4","4","10","7","3","0","0","0","186","108","78","0","0","0","3","1","2","2","2","0","-2"
"186584","Seton Hall University","2016","Tenured, professors","105","63","42","0","0","0","8","5","3","4","2","2","5","3","2","0","0","0","87","53","34","0","0","0","1","0","1","0","0","0","-2"
"186584","Seton Hall University","2016","Tenured, associate professors","126","69","57","0","0","0","16","7","9","4","2","2","5","4","1","0","0","0","97","53","44","0","0","0","2","1","1","2","2","0","-2"
"186584","Seton Hall University","2016","Tenured, assistant professors","2","2","0","0","0","0","0","0","0","0","0","0","0","0","0","0","0","0","2","2","0","0","0","0","0","0","0","0","0","0","-2"
"186584","Seton Hall University","2016","On-Tenure track total","62","27","35","1","0","1","4","2","2","2","0","2","4","2","2","0","0","0","40","16","24","0","0","0","8","5","3","3","2","1","-2"
"186584","Seton Hall University","2016","On-tenure track, associate professors","9","4","5","0","0","0","0","0","0","0","0","0","0","0","0","0","0","0","7","2","5","0","0","0","2","2","0","0","0","0","-2"
"186584","Seton Hall University","2016","On-tenure track, assistant professors","53","23","30","1","0","1","4","2","2","2","0","2","4","2","2","0","0","0","33","14","19","0","0","0","6","3","3","3","2","1","-2"
"186584","Seton Hall University","2016","Not on tenure track/No tenure system system total","172","66","106","0","0","0","12","5","7","7","0","7","8","2","6","0","0","0","138","55","83","1","1","0","3","1","2","3","2","1","-2"
"186584","Seton Hall University","2016","Not on tenure/no tenure system, professors","5","3","2","0","0","0","1","1","0","0","0","0","0","0","0","0","0","0","4","2","2","0","0","0","0","0","0","0","0","0","-2"
"186584","Seton Hall University","2016","Not on tenure/no tenure system, associate professors","28","14","14","0","0","0","2","2","0","1","0","1","1","1","0","0","0","0","23","10","13","0","0","0","0","0","0","1","1","0","-2"
"186584","Seton Hall University","2016","Not on tenure/no tenure system, assistant professors","46","14","32","0","0","0","4","2","2","1","0","1","1","0","1","0","0","0","38","12","26","0","0","0","1","0","1","1","0","1","-2"
"186584","Seton Hall University","2016","Not on tenure/no tenure system, instructors","45","14","31","0","0","0","2","0","2","3","0","3","2","0","2","0","0","0","38","14","24","0","0","0","0","0","0","0","0","0","-2"
"186584","Seton Hall University","2016","Not on tenure/no tenure system, lecturers","2","0","2","0","0","0","0","0","0","0","0","0","0","0","0","0","0","0","2","0","2","0","0","0","0","0","0","0","0","0","-2"
"186584","Seton Hall University","2016","Not on tenure/no tenure system, no academic rank","46","21","25","0","0","0","3","0","3","2","0","2","4","1","3","0","0","0","33","17","16","1","1","0","2","1","1","1","1","0","-2"
"188429","Adelphi University","2016","Tenured total","215","107","108","0","0","0","31","12","19","12","3","9","9","5","4","0","0","0","162","87","75","0","0","0","1","0","1","0","0","0","-2"
"188429","Adelphi University","2016","Tenured, professors","83","51","32","0","0","0","11","5","6","4","1","3","3","2","1","0","0","0","65","43","22","0","0","0","0","0","0","0","0","0","-2"
"188429","Adelphi University","2016","Tenured, associate professors","130","55","75","0","0","0","20","7","13","8","2","6","6","3","3","0","0","0","95","43","52","0","0","0","1","0","1","0","0","0","-2"
"188429","Adelphi University","2016","Tenured, assistant professors","2","1","1","0","0","0","0","0","0","0","0","0","0","0","0","0","0","0","2","1","1","0","0","0","0","0","0","0","0","0","-2"
"188429","Adelphi University","2016","On-Tenure track total","57","30","27","0","0","0","8","2","6","1","0","1","4","1","3","0","0","0","41","26","15","2","1","1","1","0","1","0","0","0","-2"
"188429","Adelphi University","2016","On-tenure track, associate professors","2","2","0","0","0","0","0","0","0","0","0","0","0","0","0","0","0","0","1","1","0","1","1","0","0","0","0","0","0","0","-2"
"188429","Adelphi University","2016","On-tenure track, assistant professors","55","28","27","0","0","0","8","2","6","1","0","1","4","1","3","0","0","0","40","25","15","1","0","1","1","0","1","0","0","0","-2"
"188429","Adelphi University","2016","Not on tenure track/No tenure system system total","48","14","34","0","0","0","3","1","2","2","1","1","2","1","1","0","0","0","37","10","27","2","0","2","2","1","1","0","0","0","-2"
"188429","Adelphi University","2016","Not on tenure/no tenure system, instructors","5","1","4","0","0","0","0","0","0","0","0","0","0","0","0","0","0","0","3","0","3","0","0","0","2","1","1","0","0","0","-2"
"188429","Adelphi University","2016","Not on tenure/no tenure system, lecturers","12","5","7","0","0","0","2","1","1","0","0","0","0","0","0","0","0","0","9","4","5","1","0","1","0","0","0","0","0","0","-2"
"188429","Adelphi University","2016","Not on tenure/no tenure system, no academic rank","31","8","23","0","0","0","1","0","1","2","1","1","2","1","1","0","0","0","25","6","19","1","0","1","0","0","0","0","0","0","-2"
"190248","Concordia College","2016","Not on tenure track/No tenure system system total","48","15","33","0","0","0","3","1","2","2","0","2","1","0","1","0","0","0","42","14","28","0","0","0","0","0","0","0","0","0","-2"
"190248","Concordia College","2016","Not on tenure/no tenure system, professors","10","4","6","0","0","0","1","1","0","1","0","1","0","0","0","0","0","0","8","3","5","0","0","0","0","0","0","0","0","0","-2"
"190248","Concordia College","2016","Not on tenure/no tenure system, associate professors","11","4","7","0","0","0","1","0","1","0","0","0","0","0","0","0","0","0","10","4","6","0","0","0","0","0","0","0","0","0","-2"
"190248","Concordia College","2016","Not on tenure/no tenure system, assistant professors","23","6","17","0","0","0","1","0","1","1","0","1","1","0","1","0","0","0","20","6","14","0","0","0","0","0","0","0","0","0","-2"
"190248","Concordia College","2016","Not on tenure/no tenure system, instructors","4","1","3","0","0","0","0","0","0","0","0","0","0","0","0","0","0","0","4","1","3","0","0","0","0","0","0","0","0","0","-2"
"190503","Culinary Institute of America","2016","Not on tenure track/No tenure system system total","147","107","40","1","1","0","3","1","2","2","1","1","3","2","1","3","2","1","125","92","33","6","6","0","3","1","2","1","1","0","-2"
"190503","Culinary Institute of America","2016","Not on tenure/no tenure system, professors","35","27","8","0","0","0","1","0","1","0","0","0","0","0","0","1","1","0","30","24","6","1","1","0","2","1","1","0","0","0","-2"
"190503","Culinary Institute of America","2016","Not on tenure/no tenure system, associate professors","59","41","18","1","1","0","2","1","1","1","0","1","2","2","0","0","0","0","53","37","16","0","0","0","0","0","0","0","0","0","-2"
"190503","Culinary Institute of America","2016","Not on tenure/no tenure system, assistant professors","25","21","4","0","0","0","0","0","0","1","1","0","0","0","0","0","0","0","22","19","3","1","1","0","1","0","1","0","0","0","-2"
"190503","Culinary Institute of America","2016","Not on tenure/no tenure system, instructors","28","18","10","0","0","0","0","0","0","0","0","0","1","0","1","2","1","1","20","12","8","4","4","0","0","0","0","1","1","0","-2"
"190512","CUNY Bernard M Baruch College","2016","Tenured total","357","228","129","0","0","0","44","34","10","21","8","13","15","6","9","0","0","0","254","163","91","1","1","0","0","0","0","22","16","6","-2"
"190512","CUNY Bernard M Baruch College","2016","Tenured, professors","185","123","62","0","0","0","25","20","5","6","3","3","9","3","6","0","0","0","141","93","48","0","0","0","0","0","0","4","4","0","-2"
"190512","CUNY Bernard M Baruch College","2016","Tenured, associate professors","139","86","53","0","0","0","17","12","5","11","5","6","3","2","1","0","0","0","89","54","35","1","1","0","0","0","0","18","12","6","-2"
"190512","CUNY Bernard M Baruch College","2016","Tenured, assistant professors","7","4","3","0","0","0","1","1","0","0","0","0","1","0","1","0","0","0","5","3","2","0","0","0","0","0","0","0","0","0","-2"
"190512","CUNY Bernard M Baruch College","2016","Tenured, lecturers","26","15","11","0","0","0","1","1","0","4","0","4","2","1","1","0","0","0","19","13","6","0","0","0","0","0","0","0","0","0","-2"
"190512","CUNY Bernard M Baruch College","2016","On-Tenure track total","123","63","60","0","0","0","16","8","8","5","3","2","4","2","2","0","0","0","63","30","33","0","0","0","0","0","0","35","20","15","-2"
"190512","CUNY Bernard M Baruch College","2016","On-tenure track, associate professors","2","1","1","0","0","0","1","0","1","0","0","0","1","1","0","0","0","0","0","0","0","0","0","0","0","0","0","0","0","0","-2"
"190512","CUNY Bernard M Baruch College","2016","On-tenure track, assistant professors","107","55","52","0","0","0","15","8","7","4","3","1","1","1","0","0","0","0","53","23","30","0","0","0","0","0","0","34","20","14","-2"
"190512","CUNY Bernard M Baruch College","2016","On-tenure track, instructors","1","0","1","0","0","0","0","0","0","0","0","0","0","0","0","0","0","0","1","0","1","0","0","0","0","0","0","0","0","0","-2"
"190512","CUNY Bernard M Baruch College","2016","On-tenure track, lecturers","13","7","6","0","0","0","0","0","0","1","0","1","2","0","2","0","0","0","9","7","2","0","0","0","0","0","0","1","0","1","-2"
"190512","CUNY Bernard M Baruch College","2016","Not on tenure track/No tenure system system total","22","14","8","0","0","0","2","1","1","4","1","3","0","0","0","0","0","0","15","12","3","0","0","0","0","0","0","1","0","1","-2"
"190512","CUNY Bernard M Baruch College","2016","Not on tenure/no tenure system, professors","16","10","6","0","0","0","1","0","1","2","0","2","0","0","0","0","0","0","12","10","2","0","0","0","0","0","0","1","0","1","-2"
"190512","CUNY Bernard M Baruch College","2016","Not on tenure/no tenure system, assistant professors","2","2","0","0","0","0","0","0","0","1","1","0","0","0","0","0","0","0","1","1","0","0","0","0","0","0","0","0","0","0","-2"
"190512","CUNY Bernard M Baruch College","2016","Not on tenure/no tenure system, instructors","1","0","1","0","0","0","0","0","0","1","0","1","0","0","0","0","0","0","0","0","0","0","0","0","0","0","0","0","0","0","-2"
"190512","CUNY Bernard M Baruch College","2016","Not on tenure/no tenure system, lecturers","3","2","1","0","0","0","1","1","0","0","0","0","0","0","0","0","0","0","2","1","1","0","0","0","0","0","0","0","0","0","-2"
"190549","CUNY Brooklyn College","2016","Tenured total","391","223","168","1","0","1","43","24","19","25","15","10","23","8","15","0","0","0","287","167","120","1","1","0","0","0","0","11","8","3","-2"
"190549","CUNY Brooklyn College","2016","Tenured, professors","190","123","67","1","0","1","12","11","1","9","5","4","9","4","5","0","0","0","156","101","55","0","0","0","0","0","0","3","2","1","-2"
"190549","CUNY Brooklyn College","2016","Tenured, associate professors","157","77","80","0","0","0","25","10","15","12","9","3","12","3","9","0","0","0","101","49","52","1","1","0","0","0","0","6","5","1","-2"
"190549","CUNY Brooklyn College","2016","Tenured, assistant professors","25","13","12","0","0","0","5","3","2","3","0","3","1","0","1","0","0","0","14","9","5","0","0","0","0","0","0","2","1","1","-2"
"190549","CUNY Brooklyn College","2016","Tenured, lecturers","19","10","9","0","0","0","1","0","1","1","1","0","1","1","0","0","0","0","16","8","8","0","0","0","0","0","0","0","0","0","-2"
"190549","CUNY Brooklyn College","2016","On-Tenure track total","115","54","61","0","0","0","11","4","7","7","5","2","11","6","5","0","0","0","73","34","39","2","0","2","0","0","0","11","5","6","-2"
"190549","CUNY Brooklyn College","2016","On-tenure track, professors","1","1","0","0","0","0","0","0","0","0","0","0","0","0","0","0","0","0","1","1","0","0","0","0","0","0","0","0","0","0","-2"
"190549","CUNY Brooklyn College","2016","On-tenure track, associate professors","7","3","4","0","0","0","1","0","1","0","0","0","0","0","0","0","0","0","5","2","3","0","0","0","0","0","0","1","1","0","-2"
"190549","CUNY Brooklyn College","2016","On-tenure track, assistant professors","100","47","53","0","0","0","10","4","6","6","4","2","11","6","5","0","0","0","62","29","33","1","0","1","0","0","0","10","4","6","-2"
"190549","CUNY Brooklyn College","2016","On-tenure track, lecturers","7","3","4","0","0","0","0","0","0","1","1","0","0","0","0","0","0","0","5","2","3","1","0","1","0","0","0","0","0","0","-2"
"190549","CUNY Brooklyn College","2016","Not on tenure track/No tenure system system total","38","14","24","0","0","0","1","1","0","6","3","3","1","0","1","0","0","0","29","10","19","0","0","0","0","0","0","1","0","1","-2"
"190549","CUNY Brooklyn College","2016","Not on tenure/no tenure system, professors","7","3","4","0","0","0","0","0","0","0","0","0","0","0","0","0","0","0","7","3","4","0","0","0","0","0","0","0","0","0","-2"
"190549","CUNY Brooklyn College","2016","Not on tenure/no tenure system, assistant professors","1","1","0","0","0","0","0","0","0","0","0","0","0","0","0","0","0","0","1","1","0","0","0","0","0","0","0","0","0","0","-2"
"190549","CUNY Brooklyn College","2016","Not on tenure/no tenure system, instructors","2","0","2","0","0","0","0","0","0","1","0","1","0","0","0","0","0","0","1","0","1","0","0","0","0","0","0","0","0","0","-2"
"190549","CUNY Brooklyn College","2016","Not on tenure/no tenure system, lecturers","28","10","18","0","0","0","1","1","0","5","3","2","1","0","1","0","0","0","20","6","14","0","0","0","0","0","0","1","0","1","-2"
"190646","CUNY Medgar Evers College","2016","Tenured total","118","67","51","0","0","0","13","6","7","76","45","31","4","2","2","0","0","0","20","12","8","2","2","0","0","0","0","3","0","3","-2"
"190646","CUNY Medgar Evers College","2016","Tenured, professors","49","30","19","0","0","0","9","5","4","27","16","11","1","1","0","0","0","0","11","7","4","1","1","0","0","0","0","0","0","0","-2"
"190646","CUNY Medgar Evers College","2016","Tenured, associate professors","25","12","13","0","0","0","1","0","1","15","8","7","1","0","1","0","0","0","6","4","2","0","0","0","0","0","0","2","0","2","-2"
"190646","CUNY Medgar Evers College","2016","Tenured, assistant professors","14","6","8","0","0","0","1","1","0","9","3","6","1","1","0","0","0","0","2","0","2","1","1","0","0","0","0","0","0","0","-2"
"190646","CUNY Medgar Evers College","2016","Tenured, lecturers","30","19","11","0","0","0","2","0","2","25","18","7","1","0","1","0","0","0","1","1","0","0","0","0","0","0","0","1","0","1","-2"
"190646","CUNY Medgar Evers College","2016","On-Tenure track total","38","18","20","0","0","0","3","2","1","23","9","14","2","2","0","0","0","0","8","5","3","1","0","1","0","0","0","1","0","1","-2"
"190646","CUNY Medgar Evers College","2016","On-tenure track, professors","2","2","0","0","0","0","0","0","0","1","1","0","0","0","0","0","0","0","1","1","0","0","0","0","0","0","0","0","0","0","-2"
"190646","CUNY Medgar Evers College","2016","On-tenure track, associate professors","14","10","4","0","0","0","3","2","1","6","5","1","1","1","0","0","0","0","3","2","1","1","0","1","0","0","0","0","0","0","-2"
"190646","CUNY Medgar Evers College","2016","On-tenure track, assistant professors","21","6","15","0","0","0","0","0","0","15","3","12","1","1","0","0","0","0","4","2","2","0","0","0","0","0","0","1","0","1","-2"
"190646","CUNY Medgar Evers College","2016","On-tenure track, lecturers","1","0","1","0","0","0","0","0","0","1","0","1","0","0","0","0","0","0","0","0","0","0","0","0","0","0","0","0","0","0","-2"
"190646","CUNY Medgar Evers College","2016","Not on tenure track/No tenure system system total","22","10","12","0","0","0","2","1","1","17","6","11","1","1","0","0","0","0","1","1","0","0","0","0","0","0","0","1","1","0","-2"
"190646","CUNY Medgar Evers College","2016","Not on tenure/no tenure system, professors","1","0","1","0","0","0","0","0","0","1","0","1","0","0","0","0","0","0","0","0","0","0","0","0","0","0","0","0","0","0","-2"
"190646","CUNY Medgar Evers College","2016","Not on tenure/no tenure system, associate professors","1","0","1","0","0","0","0","0","0","1","0","1","0","0","0","0","0","0","0","0","0","0","0","0","0","0","0","0","0","0","-2"
"190646","CUNY Medgar Evers College","2016","Not on tenure/no tenure system, assistant professors","7","4","3","0","0","0","1","0","1","4","2","2","1","1","0","0","0","0","0","0","0","0","0","0","0","0","0","1","1","0","-2"
"190646","CUNY Medgar Evers College","2016","Not on tenure/no tenure system, instructors","3","3","0","0","0","0","1","1","0","1","1","0","0","0","0","0","0","0","1","1","0","0","0","0","0","0","0","0","0","0","-2"
"190646","CUNY Medgar Evers College","2016","Not on tenure/no tenure system, lecturers","10","3","7","0","0","0","0","0","0","10","3","7","0","0","0","0","0","0","0","0","0","0","0","0","0","0","0","0","0","0","-2"
"191126","Fashion Institute of Technology","2016","Tenured total","202","94","108","0","0","0","8","5","3","9","4","5","8","4","4","0","0","0","94","37","57","0","0","0","83","44","39","0","0","0","-2"
"191126","Fashion Institute of Technology","2016","Tenured, professors","52","21","31","0","0","0","3","2","1","1","0","1","1","0","1","0","0","0","23","7","16","0","0","0","24","12","12","0","0","0","-2"
"191126","Fashion Institute of Technology","2016","Tenured, associate professors","66","36","30","0","0","0","3","3","0","2","2","0","2","1","1","0","0","0","30","13","17","0","0","0","29","17","12","0","0","0","-2"
"191126","Fashion Institute of Technology","2016","Tenured, assistant professors","84","37","47","0","0","0","2","0","2","6","2","4","5","3","2","0","0","0","41","17","24","0","0","0","30","15","15","0","0","0","-2"
"191126","Fashion Institute of Technology","2016","On-Tenure track total","30","10","20","1","0","1","2","0","2","1","0","1","0","0","0","0","0","0","19","7","12","0","0","0","7","3","4","0","0","0","-2"
"191126","Fashion Institute of Technology","2016","On-tenure track, professors","2","1","1","0","0","0","0","0","0","0","0","0","0","0","0","0","0","0","2","1","1","0","0","0","0","0","0","0","0","0","-2"
"191126","Fashion Institute of Technology","2016","On-tenure track, associate professors","4","2","2","0","0","0","0","0","0","0","0","0","0","0","0","0","0","0","4","2","2","0","0","0","0","0","0","0","0","0","-2"
"191126","Fashion Institute of Technology","2016","On-tenure track, assistant professors","24","7","17","1","0","1","2","0","2","1","0","1","0","0","0","0","0","0","13","4","9","0","0","0","7","3","4","0","0","0","-2"
"191241","Fordham University","2016","Tenured total","456","285","171","0","0","0","39","24","15","16","9","7","25","17","8","0","0","0","357","226","131","2","1","1","0","0","0","17","8","9","-2"
"191241","Fordham University","2016","Tenured, professors","231","160","71","0","0","0","18","13","5","6","4","2","9","6","3","0","0","0","195","134","61","1","1","0","0","0","0","2","2","0","-2"
"191241","Fordham University","2016","Tenured, associate professors","201","111","90","0","0","0","20","10","10","9","5","4","15","10","5","0","0","0","141","80","61","1","0","1","0","0","0","15","6","9","-2"
"191241","Fordham University","2016","Tenured, assistant professors","24","14","10","0","0","0","1","1","0","1","0","1","1","1","0","0","0","0","21","12","9","0","0","0","0","0","0","0","0","0","-2"
"191241","Fordham University","2016","On-Tenure track total","124","56","68","0","0","0","21","7","14","8","4","4","5","3","2","0","0","0","63","30","33","1","1","0","0","0","0","26","11","15","-2"
"191241","Fordham University","2016","On-tenure track, associate professors","13","5","8","0","0","0","2","1","1","1","1","0","1","1","0","0","0","0","5","2","3","0","0","0","0","0","0","4","0","4","-2"
"191241","Fordham University","2016","On-tenure track, assistant professors","109","50","59","0","0","0","18","6","12","7","3","4","4","2","2","0","0","0","57","27","30","1","1","0","0","0","0","22","11","11","-2"
"191241","Fordham University","2016","On-tenure track, instructors","2","1","1","0","0","0","1","0","1","0","0","0","0","0","0","0","0","0","1","1","0","0","0","0","0","0","0","0","0","0","-2"
"191241","Fordham University","2016","Not on tenure track/No tenure system system total","16","13","3","0","0","0","1","1","0","0","0","0","0","0","0","0","0","0","9","7","2","0","0","0","0","0","0","6","5","1","-2"
"191241","Fordham University","2016","Not on tenure/no tenure system, instructors","16","13","3","0","0","0","1","1","0","0","0","0","0","0","0","0","0","0","9","7","2","0","0","0","0","0","0","6","5","1","-2"
"191931","Iona College","2016","Tenured total","106","69","37","0","0","0","11","6","5","5","1","4","1","0","1","0","0","0","86","60","26","0","0","0","0","0","0","3","2","1","-2"
"191931","Iona College","2016","Tenured, professors","43","32","11","0","0","0","2","1","1","3","0","3","0","0","0","0","0","0","37","30","7","0","0","0","0","0","0","1","1","0","-2"
"191931","Iona College","2016","Tenured, associate professors","60","35","25","0","0","0","9","5","4","2","1","1","1","0","1","0","0","0","46","28","18","0","0","0","0","0","0","2","1","1","-2"
"191931","Iona College","2016","Tenured, assistant professors","3","2","1","0","0","0","0","0","0","0","0","0","0","0","0","0","0","0","3","2","1","0","0","0","0","0","0","0","0","0","-2"
"191931","Iona College","2016","On-Tenure track total","51","18","33","0","0","0","9","2","7","3","1","2","2","1","1","0","0","0","34","12","22","0","0","0","3","2","1","0","0","0","-2"
"191931","Iona College","2016","On-tenure track, associate professors","1","0","1","0","0","0","0","0","0","0","0","0","0","0","0","0","0","0","1","0","1","0","0","0","0","0","0","0","0","0","-2"
"191931","Iona College","2016","On-tenure track, assistant professors","50","18","32","0","0","0","9","2","7","3","1","2","2","1","1","0","0","0","33","12","21","0","0","0","3","2","1","0","0","0","-2"
"191931","Iona College","2016","Not on tenure track/No tenure system system total","17","10","7","0","0","0","0","0","0","1","0","1","0","0","0","0","0","0","16","10","6","0","0","0","0","0","0","0","0","0","-2"
"191931","Iona College","2016","Not on tenure/no tenure system, assistant professors","2","2","0","0","0","0","0","0","0","0","0","0","0","0","0","0","0","0","2","2","0","0","0","0","0","0","0","0","0","0","-2"
"191931","Iona College","2016","Not on tenure/no tenure system, instructors","4","2","2","0","0","0","0","0","0","0","0","0","0","0","0","0","0","0","4","2","2","0","0","0","0","0","0","0","0","0","-2"
"191931","Iona College","2016","Not on tenure/no tenure system, lecturers","11","6","5","0","0","0","0","0","0","1","0","1","0","0","0","0","0","0","10","6","4","0","0","0","0","0","0","0","0","0","-2"
"192703","Manhattan College","2016","Tenured total","123","70","53","0","0","0","6","3","3","4","2","2","5","2","3","0","0","0","105","62","43","0","0","0","3","1","2","0","0","0","-2"
"192703","Manhattan College","2016","Tenured, professors","58","36","22","0","0","0","2","1","1","0","0","0","1","1","0","0","0","0","54","33","21","0","0","0","1","1","0","0","0","0","-2"
"192703","Manhattan College","2016","Tenured, associate professors","54","28","26","0","0","0","4","2","2","3","2","1","3","1","2","0","0","0","42","23","19","0","0","0","2","0","2","0","0","0","-2"
"192703","Manhattan College","2016","Tenured, assistant professors","11","6","5","0","0","0","0","0","0","1","0","1","1","0","1","0","0","0","9","6","3","0","0","0","0","0","0","0","0","0","-2"
"192703","Manhattan College","2016","On-Tenure track total","73","40","33","0","0","0","9","5","4","2","1","1","3","2","1","0","0","0","39","22","17","2","0","2","10","6","4","8","4","4","-2"
"192703","Manhattan College","2016","On-tenure track, professors","2","2","0","0","0","0","1","1","0","0","0","0","0","0","0","0","0","0","1","1","0","0","0","0","0","0","0","0","0","0","-2"
"192703","Manhattan College","2016","On-tenure track, associate professors","5","5","0","0","0","0","0","0","0","0","0","0","1","1","0","0","0","0","3","3","0","0","0","0","1","1","0","0","0","0","-2"
"192703","Manhattan College","2016","On-tenure track, assistant professors","66","33","33","0","0","0","8","4","4","2","1","1","2","1","1","0","0","0","35","18","17","2","0","2","9","5","4","8","4","4","-2"
"192703","Manhattan College","2016","Not on tenure track/No tenure system system total","28","14","14","0","0","0","1","0","1","0","0","0","1","0","1","0","0","0","26","14","12","0","0","0","0","0","0","0","0","0","-2"
"192703","Manhattan College","2016","Not on tenure/no tenure system, professors","2","2","0","0","0","0","0","0","0","0","0","0","0","0","0","0","0","0","2","2","0","0","0","0","0","0","0","0","0","0","-2"
"192703","Manhattan College","2016","Not on tenure/no tenure system, associate professors","1","1","0","0","0","0","0","0","0","0","0","0","0","0","0","0","0","0","1","1","0","0","0","0","0","0","0","0","0","0","-2"
"192703","Manhattan College","2016","Not on tenure/no tenure system, assistant professors","18","7","11","0","0","0","1","0","1","0","0","0","1","0","1","0","0","0","16","7","9","0","0","0","0","0","0","0","0","0","-2"
"192703","Manhattan College","2016","Not on tenure/no tenure system, instructors","6","3","3","0","0","0","0","0","0","0","0","0","0","0","0","0","0","0","6","3","3","0","0","0","0","0","0","0","0","0","-2"
"192703","Manhattan College","2016","Not on tenure/no tenure system, lecturers","1","1","0","0","0","0","0","0","0","0","0","0","0","0","0","0","0","0","1","1","0","0","0","0","0","0","0","0","0","0","-2"
"192864","Marymount Manhattan College","2016","Tenured total","63","25","38","0","0","0","3","1","2","0","0","0","1","1","0","0","0","0","52","23","29","0","0","0","7","0","7","0","0","0","-2"
"192864","Marymount Manhattan College","2016","Tenured, professors","23","9","14","0","0","0","2","0","2","0","0","0","0","0","0","0","0","0","21","9","12","0","0","0","0","0","0","0","0","0","-2"
"192864","Marymount Manhattan College","2016","Tenured, associate professors","40","16","24","0","0","0","1","1","0","0","0","0","1","1","0","0","0","0","31","14","17","0","0","0","7","0","7","0","0","0","-2"
"192864","Marymount Manhattan College","2016","On-Tenure track total","24","6","18","0","0","0","2","1","1","0","0","0","1","0","1","0","0","0","2","0","2","1","1","0","18","4","14","0","0","0","-2"
"192864","Marymount Manhattan College","2016","On-tenure track, assistant professors","22","6","16","0","0","0","2","1","1","0","0","0","1","0","1","0","0","0","2","0","2","1","1","0","16","4","12","0","0","0","-2"
"192864","Marymount Manhattan College","2016","On-tenure track, instructors","2","0","2","0","0","0","0","0","0","0","0","0","0","0","0","0","0","0","0","0","0","0","0","0","2","0","2","0","0","0","-2"
"192864","Marymount Manhattan College","2016","Not on tenure track/No tenure system system total","7","2","5","0","0","0","2","2","0","0","0","0","0","0","0","0","0","0","2","0","2","0","0","0","3","0","3","0","0","0","-2"
"192864","Marymount Manhattan College","2016","Not on tenure/no tenure system, assistant professors","5","2","3","0","0","0","2","2","0","0","0","0","0","0","0","0","0","0","2","0","2","0","0","0","1","0","1","0","0","0","-2"
"192864","Marymount Manhattan College","2016","Not on tenure/no tenure system, instructors","2","0","2","0","0","0","0","0","0","0","0","0","0","0","0","0","0","0","0","0","0","0","0","0","2","0","2","0","0","0","-2"
"193292","Molloy College","2016","Tenured total","133","33","100","0","0","0","5","1","4","10","0","10","6","3","3","0","0","0","111","29","82","1","0","1","0","0","0","0","0","0","-2"
"193292","Molloy College","2016","Tenured, professors","55","14","41","0","0","0","0","0","0","3","0","3","4","2","2","0","0","0","48","12","36","0","0","0","0","0","0","0","0","0","-2"
"193292","Molloy College","2016","Tenured, associate professors","47","13","34","0","0","0","4","1","3","4","0","4","1","1","0","0","0","0","37","11","26","1","0","1","0","0","0","0","0","0","-2"
"193292","Molloy College","2016","Tenured, assistant professors","31","6","25","0","0","0","1","0","1","3","0","3","1","0","1","0","0","0","26","6","20","0","0","0","0","0","0","0","0","0","-2"
"193292","Molloy College","2016","On-Tenure track total","57","17","40","0","0","0","4","0","4","4","1","3","2","2","0","0","0","0","46","14","32","1","0","1","0","0","0","0","0","0","-2"
"193292","Molloy College","2016","On-tenure track, associate professors","4","3","1","0","0","0","0","0","0","0","0","0","1","1","0","0","0","0","3","2","1","0","0","0","0","0","0","0","0","0","-2"
"193292","Molloy College","2016","On-tenure track, assistant professors","43","10","33","0","0","0","3","0","3","4","1","3","1","1","0","0","0","0","34","8","26","1","0","1","0","0","0","0","0","0","-2"
"193292","Molloy College","2016","On-tenure track, instructors","10","4","6","0","0","0","1","0","1","0","0","0","0","0","0","0","0","0","9","4","5","0","0","0","0","0","0","0","0","0","-2"
"193353","Mount Saint Mary College","2016","Tenured total","55","25","30","0","0","0","2","0","2","2","0","2","1","1","0","0","0","0","49","23","26","0","0","0","0","0","0","1","1","0","-2"
"193353","Mount Saint Mary College","2016","Tenured, professors","22","12","10","0","0","0","1","0","1","0","0","0","0","0","0","0","0","0","21","12","9","0","0","0","0","0","0","0","0","0","-2"
"193353","Mount Saint Mary College","2016","Tenured, associate professors","33","13","20","0","0","0","1","0","1","2","0","2","1","1","0","0","0","0","28","11","17","0","0","0","0","0","0","1","1","0","-2"
"193353","Mount Saint Mary College","2016","On-Tenure track total","24","7","17","0","0","0","2","1","1","1","0","1","0","0","0","0","0","0","18","5","13","0","0","0","0","0","0","3","1","2","-2"
"193353","Mount Saint Mary College","2016","On-tenure track, associate professors","1","0","1","0","0","0","0","0","0","0","0","0","0","0","0","0","0","0","1","0","1","0","0","0","0","0","0","0","0","0","-2"
"193353","Mount Saint Mary College","2016","On-tenure track, assistant professors","18","7","11","0","0","0","2","1","1","0","0","0","0","0","0","0","0","0","13","5","8","0","0","0","0","0","0","3","1","2","-2"
"193353","Mount Saint Mary College","2016","On-tenure track, instructors","5","0","5","0","0","0","0","0","0","1","0","1","0","0","0","0","0","0","4","0","4","0","0","0","0","0","0","0","0","0","-2"
"193353","Mount Saint Mary College","2016","Not on tenure track/No tenure system system total","10","6","4","0","0","0","0","0","0","0","0","0","1","1","0","0","0","0","9","5","4","0","0","0","0","0","0","0","0","0","-2"
"193353","Mount Saint Mary College","2016","Not on tenure/no tenure system, assistant professors","6","5","1","0","0","0","0","0","0","0","0","0","1","1","0","0","0","0","5","4","1","0","0","0","0","0","0","0","0","0","-2"
"193353","Mount Saint Mary College","2016","Not on tenure/no tenure system, instructors","4","1","3","0","0","0","0","0","0","0","0","0","0","0","0","0","0","0","4","1","3","0","0","0","0","0","0","0","0","0","-2"
"194091","New York Institute of Technology","2016","Tenured total","163","103","60","1","1","0","31","18","13","4","3","1","2","2","0","0","0","0","125","79","46","0","0","0","0","0","0","0","0","0","-2"
"194091","New York Institute of Technology","2016","Tenured, professors","65","52","13","1","1","0","12","9","3","4","3","1","1","1","0","0","0","0","47","38","9","0","0","0","0","0","0","0","0","0","-2"
"194091","New York Institute of Technology","2016","Tenured, associate professors","89","49","40","0","0","0","19","9","10","0","0","0","0","0","0","0","0","0","70","40","30","0","0","0","0","0","0","0","0","0","-2"
"194091","New York Institute of Technology","2016","Tenured, assistant professors","9","2","7","0","0","0","0","0","0","0","0","0","1","1","0","0","0","0","8","1","7","0","0","0","0","0","0","0","0","0","-2"
"194091","New York Institute of Technology","2016","On-Tenure track total","66","41","25","0","0","0","19","12","7","2","1","1","1","1","0","1","1","0","43","26","17","0","0","0","0","0","0","0","0","0","-2"
"194091","New York Institute of Technology","2016","On-tenure track, professors","1","1","0","0","0","0","0","0","0","0","0","0","0","0","0","0","0","0","1","1","0","0","0","0","0","0","0","0","0","0","-2"
"194091","New York Institute of Technology","2016","On-tenure track, associate professors","7","4","3","0","0","0","0","0","0","0","0","0","0","0","0","0","0","0","7","4","3","0","0","0","0","0","0","0","0","0","-2"
"194091","New York Institute of Technology","2016","On-tenure track, assistant professors","58","36","22","0","0","0","19","12","7","2","1","1","1","1","0","1","1","0","35","21","14","0","0","0","0","0","0","0","0","0","-2"
"194091","New York Institute of Technology","2016","Not on tenure track/No tenure system system total","87","51","36","0","0","0","12","9","3","4","1","3","4","2","2","0","0","0","67","39","28","0","0","0","0","0","0","0","0","0","-2"
"194091","New York Institute of Technology","2016","Not on tenure/no tenure system, professors","9","8","1","0","0","0","1","1","0","0","0","0","0","0","0","0","0","0","8","7","1","0","0","0","0","0","0","0","0","0","-2"
"194091","New York Institute of Technology","2016","Not on tenure/no tenure system, associate professors","27","20","7","0","0","0","3","3","0","1","1","0","1","1","0","0","0","0","22","15","7","0","0","0","0","0","0","0","0","0","-2"
"194091","New York Institute of Technology","2016","Not on tenure/no tenure system, assistant professors","48","21","27","0","0","0","6","4","2","3","0","3","3","1","2","0","0","0","36","16","20","0","0","0","0","0","0","0","0","0","-2"
"194091","New York Institute of Technology","2016","Not on tenure/no tenure system, instructors","3","2","1","0","0","0","2","1","1","0","0","0","0","0","0","0","0","0","1","1","0","0","0","0","0","0","0","0","0","0","-2"
"195243","St. Thomas Aquinas College","2016","Tenured total","37","18","19","0","0","0","1","0","1","1","1","0","1","1","0","0","0","0","34","16","18","0","0","0","0","0","0","0","0","0","-2"
"195243","St. Thomas Aquinas College","2016","Tenured, professors","23","10","13","0","0","0","1","0","1","0","0","0","1","1","0","0","0","0","21","9","12","0","0","0","0","0","0","0","0","0","-2"
"195243","St. Thomas Aquinas College","2016","Tenured, associate professors","12","7","5","0","0","0","0","0","0","0","0","0","0","0","0","0","0","0","12","7","5","0","0","0","0","0","0","0","0","0","-2"
"195243","St. Thomas Aquinas College","2016","Tenured, assistant professors","2","1","1","0","0","0","0","0","0","1","1","0","0","0","0","0","0","0","1","0","1","0","0","0","0","0","0","0","0","0","-2"
"195243","St. Thomas Aquinas College","2016","On-Tenure track total","12","3","9","0","0","0","1","0","1","0","0","0","0","0","0","0","0","0","11","3","8","0","0","0","0","0","0","0","0","0","-2"
"195243","St. Thomas Aquinas College","2016","On-tenure track, assistant professors","12","3","9","0","0","0","1","0","1","0","0","0","0","0","0","0","0","0","11","3","8","0","0","0","0","0","0","0","0","0","-2"
"195243","St. Thomas Aquinas College","2016","Not on tenure track/No tenure system system total","6","3","3","0","0","0","0","0","0","0","0","0","0","0","0","0","0","0","6","3","3","0","0","0","0","0","0","0","0","0","-2"
"195243","St. Thomas Aquinas College","2016","Not on tenure/no tenure system, assistant professors","1","1","0","0","0","0","0","0","0","0","0","0","0","0","0","0","0","0","1","1","0","0","0","0","0","0","0","0","0","0","-2"
"195243","St. Thomas Aquinas College","2016","Not on tenure/no tenure system, instructors","5","2","3","0","0","0","0","0","0","0","0","0","0","0","0","0","0","0","5","2","3","0","0","0","0","0","0","0","0","0","-2"
"196024","SUNY College of Technology at Delhi","2016","Tenured total","60","37","23","0","0","0","2","1","1","1","0","1","1","1","0","0","0","0","56","35","21","0","0","0","0","0","0","0","0","0","-2"
"196024","SUNY College of Technology at Delhi","2016","Tenured, professors","25","16","9","0","0","0","0","0","0","0","0","0","0","0","0","0","0","0","25","16","9","0","0","0","0","0","0","0","0","0","-2"
"196024","SUNY College of Technology at Delhi","2016","Tenured, associate professors","19","12","7","0","0","0","1","0","1","0","0","0","1","1","0","0","0","0","17","11","6","0","0","0","0","0","0","0","0","0","-2"
"196024","SUNY College of Technology at Delhi","2016","Tenured, assistant professors","12","6","6","0","0","0","0","0","0","1","0","1","0","0","0","0","0","0","11","6","5","0","0","0","0","0","0","0","0","0","-2"
"196024","SUNY College of Technology at Delhi","2016","Tenured, instructors","4","3","1","0","0","0","1","1","0","0","0","0","0","0","0","0","0","0","3","2","1","0","0","0","0","0","0","0","0","0","-2"
"196024","SUNY College of Technology at Delhi","2016","On-Tenure track total","77","33","44","0","0","0","2","1","1","1","1","0","0","0","0","0","0","0","74","31","43","0","0","0","0","0","0","0","0","0","-2"
"196024","SUNY College of Technology at Delhi","2016","On-tenure track, professors","2","0","2","0","0","0","0","0","0","0","0","0","0","0","0","0","0","0","2","0","2","0","0","0","0","0","0","0","0","0","-2"
"196024","SUNY College of Technology at Delhi","2016","On-tenure track, associate professors","11","3","8","0","0","0","1","0","1","1","1","0","0","0","0","0","0","0","9","2","7","0","0","0","0","0","0","0","0","0","-2"
"196024","SUNY College of Technology at Delhi","2016","On-tenure track, assistant professors","46","17","29","0","0","0","1","1","0","0","0","0","0","0","0","0","0","0","45","16","29","0","0","0","0","0","0","0","0","0","-2"
"196024","SUNY College of Technology at Delhi","2016","On-tenure track, instructors","18","13","5","0","0","0","0","0","0","0","0","0","0","0","0","0","0","0","18","13","5","0","0","0","0","0","0","0","0","0","-2"
"196024","SUNY College of Technology at Delhi","2016","Not on tenure track/No tenure system system total","8","3","5","0","0","0","0","0","0","0","0","0","0","0","0","0","0","0","8","3","5","0","0","0","0","0","0","0","0","0","-2"
"196024","SUNY College of Technology at Delhi","2016","Not on tenure/no tenure system, instructors","8","3","5","0","0","0","0","0","0","0","0","0","0","0","0","0","0","0","8","3","5","0","0","0","0","0","0","0","0","0","-2"
"196042","Farmingdale State College","2016","Tenured total","103","56","47","0","0","0","9","7","2","4","2","2","6","4","2","0","0","0","84","43","41","0","0","0","0","0","0","0","0","0","-2"
"196042","Farmingdale State College","2016","Tenured, professors","51","29","22","0","0","0","6","5","1","1","1","0","2","1","1","0","0","0","42","22","20","0","0","0","0","0","0","0","0","0","-2"
"196042","Farmingdale State College","2016","Tenured, associate professors","39","19","20","0","0","0","3","2","1","2","1","1","2","1","1","0","0","0","32","15","17","0","0","0","0","0","0","0","0","0","-2"
"196042","Farmingdale State College","2016","Tenured, assistant professors","13","8","5","0","0","0","0","0","0","1","0","1","2","2","0","0","0","0","10","6","4","0","0","0","0","0","0","0","0","0","-2"
"196042","Farmingdale State College","2016","On-Tenure track total","89","42","47","0","0","0","17","8","9","8","2","6","4","3","1","0","0","0","59","28","31","0","0","0","0","0","0","1","1","0","-2"
"196042","Farmingdale State College","2016","On-tenure track, professors","2","1","1","0","0","0","1","0","1","0","0","0","0","0","0","0","0","0","1","1","0","0","0","0","0","0","0","0","0","0","-2"
"196042","Farmingdale State College","2016","On-tenure track, associate professors","8","4","4","0","0","0","1","1","0","0","0","0","1","1","0","0","0","0","6","2","4","0","0","0","0","0","0","0","0","0","-2"
"196042","Farmingdale State College","2016","On-tenure track, assistant professors","79","37","42","0","0","0","15","7","8","8","2","6","3","2","1","0","0","0","52","25","27","0","0","0","0","0","0","1","1","0","-2"
"196042","Farmingdale State College","2016","Not on tenure track/No tenure system system total","28","15","13","0","0","0","4","2","2","1","0","1","1","1","0","0","0","0","21","12","9","0","0","0","0","0","0","1","0","1","-2"
"196042","Farmingdale State College","2016","Not on tenure/no tenure system, associate professors","1","1","0","0","0","0","0","0","0","0","0","0","0","0","0","0","0","0","1","1","0","0","0","0","0","0","0","0","0","0","-2"
"196042","Farmingdale State College","2016","Not on tenure/no tenure system, assistant professors","22","13","9","0","0","0","4","2","2","0","0","0","1","1","0","0","0","0","16","10","6","0","0","0","0","0","0","1","0","1","-2"
"196042","Farmingdale State College","2016","Not on tenure/no tenure system, lecturers","5","1","4","0","0","0","0","0","0","1","0","1","0","0","0","0","0","0","4","1","3","0","0","0","0","0","0","0","0","0","-2"
"196176","State University of New York at New Paltz","2016","Tenured total","195","108","87","0","0","0","18","12","6","6","6","0","9","6","3","0","0","0","162","84","78","0","0","0","0","0","0","0","0","0","-2"
"196176","State University of New York at New Paltz","2016","Tenured, professors","51","31","20","0","0","0","9","6","3","1","1","0","1","1","0","0","0","0","40","23","17","0","0","0","0","0","0","0","0","0","-2"
"196176","State University of New York at New Paltz","2016","Tenured, associate professors","135","74","61","0","0","0","9","6","3","4","4","0","8","5","3","0","0","0","114","59","55","0","0","0","0","0","0","0","0","0","-2"
"196176","State University of New York at New Paltz","2016","Tenured, assistant professors","5","3","2","0","0","0","0","0","0","1","1","0","0","0","0","0","0","0","4","2","2","0","0","0","0","0","0","0","0","0","-2"
"196176","State University of New York at New Paltz","2016","Tenured, instructors","4","0","4","0","0","0","0","0","0","0","0","0","0","0","0","0","0","0","4","0","4","0","0","0","0","0","0","0","0","0","-2"
"196176","State University of New York at New Paltz","2016","On-Tenure track total","99","37","62","0","0","0","11","8","3","3","1","2","8","2","6","0","0","0","68","23","45","3","1","2","0","0","0","6","2","4","-2"
"196176","State University of New York at New Paltz","2016","On-tenure track, associate professors","7","2","5","0","0","0","1","1","0","0","0","0","1","0","1","0","0","0","5","1","4","0","0","0","0","0","0","0","0","0","-2"
"196176","State University of New York at New Paltz","2016","On-tenure track, assistant professors","86","34","52","0","0","0","10","7","3","3","1","2","6","2","4","0","0","0","58","21","37","3","1","2","0","0","0","6","2","4","-2"
"196176","State University of New York at New Paltz","2016","On-tenure track, instructors","6","1","5","0","0","0","0","0","0","0","0","0","1","0","1","0","0","0","5","1","4","0","0","0","0","0","0","0","0","0","-2"
"196176","State University of New York at New Paltz","2016","Not on tenure track/No tenure system system total","78","33","45","0","0","0","5","3","2","5","2","3","5","2","3","0","0","0","60","24","36","0","0","0","0","0","0","3","2","1","-2"
"196176","State University of New York at New Paltz","2016","Not on tenure/no tenure system, associate professors","1","1","0","0","0","0","0","0","0","0","0","0","0","0","0","0","0","0","1","1","0","0","0","0","0","0","0","0","0","0","-2"
"196176","State University of New York at New Paltz","2016","Not on tenure/no tenure system, assistant professors","8","5","3","0","0","0","0","0","0","5","2","3","0","0","0","0","0","0","2","2","0","0","0","0","0","0","0","1","1","0","-2"
"196176","State University of New York at New Paltz","2016","Not on tenure/no tenure system, lecturers","69","27","42","0","0","0","5","3","2","0","0","0","5","2","3","0","0","0","57","21","36","0","0","0","0","0","0","2","1","1","-2"
"197230","Wells College","2016","Tenured total","22","10","12","1","1","0","0","0","0","1","1","0","1","0","1","2","1","1","17","7","10","0","0","0","0","0","0","0","0","0","-2"
"197230","Wells College","2016","Tenured, professors","14","8","6","1","1","0","0","0","0","1","1","0","1","0","1","1","1","0","10","5","5","0","0","0","0","0","0","0","0","0","-2"
"197230","Wells College","2016","Tenured, associate professors","8","2","6","0","0","0","0","0","0","0","0","0","0","0","0","1","0","1","7","2","5","0","0","0","0","0","0","0","0","0","-2"
"197230","Wells College","2016","On-Tenure track total","7","2","5","0","0","0","0","0","0","0","0","0","0","0","0","1","1","0","6","1","5","0","0","0","0","0","0","0","0","0","-2"
"197230","Wells College","2016","On-tenure track, assistant professors","7","2","5","0","0","0","0","0","0","0","0","0","0","0","0","1","1","0","6","1","5","0","0","0","0","0","0","0","0","0","-2"
"197230","Wells College","2016","Not on tenure track/No tenure system system total","9","2","7","0","0","0","0","0","0","0","0","0","1","0","1","0","0","0","7","2","5","0","0","0","0","0","0","1","0","1","-2"
"197230","Wells College","2016","Not on tenure/no tenure system, assistant professors","4","1","3","0","0","0","0","0","0","0","0","0","0","0","0","0","0","0","3","1","2","0","0","0","0","0","0","1","0","1","-2"
"197230","Wells College","2016","Not on tenure/no tenure system, instructors","2","0","2","0","0","0","0","0","0","0","0","0","1","0","1","0","0","0","1","0","1","0","0","0","0","0","0","0","0","0","-2"
"197230","Wells College","2016","Not on tenure/no tenure system, lecturers","3","1","2","0","0","0","0","0","0","0","0","0","0","0","0","0","0","0","3","1","2","0","0","0","0","0","0","0","0","0","-2"
"199607","Salem College","2016","Tenured total","25","8","17","0","0","0","1","1","0","0","0","0","1","0","1","0","0","0","23","7","16","0","0","0","0","0","0","0","0","0","-2"
"199607","Salem College","2016","Tenured, professors","10","2","8","0","0","0","0","0","0","0","0","0","0","0","0","0","0","0","10","2","8","0","0","0","0","0","0","0","0","0","-2"
"199607","Salem College","2016","Tenured, associate professors","14","5","9","0","0","0","1","1","0","0","0","0","1","0","1","0","0","0","12","4","8","0","0","0","0","0","0","0","0","0","-2"
"199607","Salem College","2016","Tenured, assistant professors","1","1","0","0","0","0","0","0","0","0","0","0","0","0","0","0","0","0","1","1","0","0","0","0","0","0","0","0","0","0","-2"
"199607","Salem College","2016","On-Tenure track total","17","2","15","0","0","0","0","0","0","3","0","3","1","0","1","0","0","0","13","2","11","0","0","0","0","0","0","0","0","0","-2"
"199607","Salem College","2016","On-tenure track, associate professors","1","0","1","0","0","0","0","0","0","0","0","0","0","0","0","0","0","0","1","0","1","0","0","0","0","0","0","0","0","0","-2"
"199607","Salem College","2016","On-tenure track, assistant professors","16","2","14","0","0","0","0","0","0","3","0","3","1","0","1","0","0","0","12","2","10","0","0","0","0","0","0","0","0","0","-2"
"199607","Salem College","2016","Not on tenure track/No tenure system system total","18","1","17","0","0","0","1","0","1","2","0","2","0","0","0","0","0","0","15","1","14","0","0","0","0","0","0","0","0","0","-2"
"199607","Salem College","2016","Not on tenure/no tenure system, associate professors","3","0","3","0","0","0","0","0","0","0","0","0","0","0","0","0","0","0","3","0","3","0","0","0","0","0","0","0","0","0","-2"
"199607","Salem College","2016","Not on tenure/no tenure system, assistant professors","13","1","12","0","0","0","1","0","1","2","0","2","0","0","0","0","0","0","10","1","9","0","0","0","0","0","0","0","0","0","-2"
"199607","Salem College","2016","Not on tenure/no tenure system, instructors","1","0","1","0","0","0","0","0","0","0","0","0","0","0","0","0","0","0","1","0","1","0","0","0","0","0","0","0","0","0","-2"
"199607","Salem College","2016","Not on tenure/no tenure system, no academic rank","1","0","1","0","0","0","0","0","0","0","0","0","0","0","0","0","0","0","1","0","1","0","0","0","0","0","0","0","0","0","-2"
"205027","Pontifical College Josephinum","2016","Not on tenure track/No tenure system system total","23","20","3","0","0","0","0","0","0","0","0","0","0","0","0","0","0","0","23","20","3","0","0","0","0","0","0","0","0","0","-2"
"205027","Pontifical College Josephinum","2016","Not on tenure/no tenure system, professors","5","5","0","0","0","0","0","0","0","0","0","0","0","0","0","0","0","0","5","5","0","0","0","0","0","0","0","0","0","0","-2"
"205027","Pontifical College Josephinum","2016","Not on tenure/no tenure system, associate professors","7","7","0","0","0","0","0","0","0","0","0","0","0","0","0","0","0","0","7","7","0","0","0","0","0","0","0","0","0","0","-2"
"205027","Pontifical College Josephinum","2016","Not on tenure/no tenure system, assistant professors","10","8","2","0","0","0","0","0","0","0","0","0","0","0","0","0","0","0","10","8","2","0","0","0","0","0","0","0","0","0","-2"
"205027","Pontifical College Josephinum","2016","Not on tenure/no tenure system, instructors","1","0","1","0","0","0","0","0","0","0","0","0","0","0","0","0","0","0","1","0","1","0","0","0","0","0","0","0","0","0","-2"
"206862","Southern Nazarene University","2016","Not on tenure track/No tenure system system total","71","36","35","2","1","1","3","3","0","0","0","0","0","0","0","0","0","0","66","32","34","0","0","0","0","0","0","0","0","0","-2"
"206862","Southern Nazarene University","2016","Not on tenure/no tenure system, professors","31","17","14","1","1","0","2","2","0","0","0","0","0","0","0","0","0","0","28","14","14","0","0","0","0","0","0","0","0","0","-2"
"206862","Southern Nazarene University","2016","Not on tenure/no tenure system, associate professors","15","7","8","1","0","1","0","0","0","0","0","0","0","0","0","0","0","0","14","7","7","0","0","0","0","0","0","0","0","0","-2"
"206862","Southern Nazarene University","2016","Not on tenure/no tenure system, assistant professors","22","10","12","0","0","0","1","1","0","0","0","0","0","0","0","0","0","0","21","9","12","0","0","0","0","0","0","0","0","0","-2"
"206862","Southern Nazarene University","2016","Not on tenure/no tenure system, instructors","1","1","0","0","0","0","0","0","0","0","0","0","0","0","0","0","0","0","1","1","0","0","0","0","0","0","0","0","0","0","-2"
"206862","Southern Nazarene University","2016","Not on tenure/no tenure system, no academic rank","2","1","1","0","0","0","0","0","0","0","0","0","0","0","0","0","0","0","2","1","1","0","0","0","0","0","0","0","0","0","-2"
"207157","Randall University","2016","Not on tenure track/No tenure system system total","15","8","7","2","1","1","0","0","0","1","1","0","1","1","0","0","0","0","5","3","2","3","1","2","3","1","2","0","0","0","-2"
"207157","Randall University","2016","Not on tenure/no tenure system, no academic rank","15","8","7","2","1","1","0","0","0","1","1","0","1","1","0","0","0","0","5","3","2","3","1","2","3","1","2","0","0","0","-2"
"207397","Oklahoma State University-Oklahoma City","2016","Tenured total","37","15","22","0","0","0","1","0","1","1","1","0","2","1","1","0","0","0","33","13","20","0","0","0","0","0","0","0","0","0","-2"
"207397","Oklahoma State University-Oklahoma City","2016","Tenured, professors","8","5","3","0","0","0","0","0","0","0","0","0","1","1","0","0","0","0","7","4","3","0","0","0","0","0","0","0","0","0","-2"
"207397","Oklahoma State University-Oklahoma City","2016","Tenured, associate professors","29","10","19","0","0","0","1","0","1","1","1","0","1","0","1","0","0","0","26","9","17","0","0","0","0","0","0","0","0","0","-2"
"207397","Oklahoma State University-Oklahoma City","2016","On-Tenure track total","49","17","32","2","0","2","0","0","0","1","0","1","0","0","0","0","0","0","39","15","24","2","0","2","5","2","3","0","0","0","-2"
"207397","Oklahoma State University-Oklahoma City","2016","On-tenure track, assistant professors","12","4","8","0","0","0","0","0","0","0","0","0","0","0","0","0","0","0","12","4","8","0","0","0","0","0","0","0","0","0","-2"
"207397","Oklahoma State University-Oklahoma City","2016","On-tenure track, instructors","37","13","24","2","0","2","0","0","0","1","0","1","0","0","0","0","0","0","27","11","16","2","0","2","5","2","3","0","0","0","-2"
"209065","Linfield University-McMinnville Campus","2016","Tenured total","95","48","47","0","0","0","5","2","3","1","1","0","2","1","1","0","0","0","87","44","43","0","0","0","0","0","0","0","0","0","209065"
"209065","Linfield University-McMinnville Campus","2016","Tenured, professors","53","28","25","0","0","0","2","1","1","1","1","0","1","1","0","0","0","0","49","25","24","0","0","0","0","0","0","0","0","0","209065"
"209065","Linfield University-McMinnville Campus","2016","Tenured, associate professors","39","18","21","0","0","0","3","1","2","0","0","0","1","0","1","0","0","0","35","17","18","0","0","0","0","0","0","0","0","0","209065"
"209065","Linfield University-McMinnville Campus","2016","Tenured, assistant professors","3","2","1","0","0","0","0","0","0","0","0","0","0","0","0","0","0","0","3","2","1","0","0","0","0","0","0","0","0","0","209065"
"209065","Linfield University-McMinnville Campus","2016","On-Tenure track total","31","8","23","0","0","0","1","1","0","1","0","1","3","0","3","0","0","0","26","7","19","0","0","0","0","0","0","0","0","0","209065"
"209065","Linfield University-McMinnville Campus","2016","On-tenure track, professors","1","0","1","0","0","0","0","0","0","0","0","0","0","0","0","0","0","0","1","0","1","0","0","0","0","0","0","0","0","0","209065"
"209065","Linfield University-McMinnville Campus","2016","On-tenure track, associate professors","3","1","2","0","0","0","0","0","0","0","0","0","0","0","0","0","0","0","3","1","2","0","0","0","0","0","0","0","0","0","209065"
"209065","Linfield University-McMinnville Campus","2016","On-tenure track, assistant professors","27","7","20","0","0","0","1","1","0","1","0","1","3","0","3","0","0","0","22","6","16","0","0","0","0","0","0","0","0","0","209065"
"209065","Linfield University-McMinnville Campus","2016","Not on tenure track/No tenure system system total","21","8","13","1","0","1","1","0","1","2","0","2","1","0","1","0","0","0","14","7","7","0","0","0","2","1","1","0","0","0","209065"
"209065","Linfield University-McMinnville Campus","2016","Not on tenure/no tenure system, professors","1","0","1","0","0","0","0","0","0","0","0","0","0","0","0","0","0","0","1","0","1","0","0","0","0","0","0","0","0","0","209065"
"209065","Linfield University-McMinnville Campus","2016","Not on tenure/no tenure system, associate professors","2","1","1","1","0","1","0","0","0","0","0","0","0","0","0","0","0","0","1","1","0","0","0","0","0","0","0","0","0","0","209065"
"209065","Linfield University-McMinnville Campus","2016","Not on tenure/no tenure system, assistant professors","18","7","11","0","0","0","1","0","1","2","0","2","1","0","1","0","0","0","12","6","6","0","0","0","2","1","1","0","0","0","209065"
"209287","Multnomah University","2016","Tenured total","3","3","0","0","0","0","0","0","0","0","0","0","0","0","0","0","0","0","3","3","0","0","0","0","0","0","0","0","0","0","-2"
"209287","Multnomah University","2016","Tenured, professors","3","3","0","0","0","0","0","0","0","0","0","0","0","0","0","0","0","0","3","3","0","0","0","0","0","0","0","0","0","0","-2"
"209287","Multnomah University","2016","Not on tenure track/No tenure system system total","23","17","6","0","0","0","3","2","1","0","0","0","0","0","0","0","0","0","20","15","5","0","0","0","0","0","0","0","0","0","-2"
"209287","Multnomah University","2016","Not on tenure/no tenure system, professors","5","5","0","0","0","0","0","0","0","0","0","0","0","0","0","0","0","0","5","5","0","0","0","0","0","0","0","0","0","0","-2"
"209287","Multnomah University","2016","Not on tenure/no tenure system, associate professors","6","5","1","0","0","0","1","1","0","0","0","0","0","0","0","0","0","0","5","4","1","0","0","0","0","0","0","0","0","0","-2"
"209287","Multnomah University","2016","Not on tenure/no tenure system, assistant professors","11","6","5","0","0","0","1","0","1","0","0","0","0","0","0","0","0","0","10","6","4","0","0","0","0","0","0","0","0","0","-2"
"209287","Multnomah University","2016","Not on tenure/no tenure system, instructors","1","1","0","0","0","0","1","1","0","0","0","0","0","0","0","0","0","0","0","0","0","0","0","0","0","0","0","0","0","0","-2"
"209490","Oregon Health & Science University","2016","Tenured total","98","60","38","0","0","0","12","8","4","0","0","0","3","1","2","0","0","0","78","48","30","0","0","0","4","2","2","1","1","0","-2"
"209490","Oregon Health & Science University","2016","Tenured, professors","69","47","22","0","0","0","7","4","3","0","0","0","1","1","0","0","0","0","58","40","18","0","0","0","3","2","1","0","0","0","-2"
"209490","Oregon Health & Science University","2016","Tenured, associate professors","28","12","16","0","0","0","5","4","1","0","0","0","2","0","2","0","0","0","20","8","12","0","0","0","1","0","1","0","0","0","-2"
"209490","Oregon Health & Science University","2016","Tenured, assistant professors","1","1","0","0","0","0","0","0","0","0","0","0","0","0","0","0","0","0","0","0","0","0","0","0","0","0","0","1","1","0","-2"
"209490","Oregon Health & Science University","2016","On-Tenure track total","40","27","13","0","0","0","5","4","1","1","1","0","1","0","1","1","0","1","25","17","8","0","0","0","3","2","1","4","3","1","-2"
"209490","Oregon Health & Science University","2016","On-tenure track, professors","6","4","2","0","0","0","0","0","0","0","0","0","0","0","0","0","0","0","6","4","2","0","0","0","0","0","0","0","0","0","-2"
"209490","Oregon Health & Science University","2016","On-tenure track, associate professors","15","12","3","0","0","0","3","3","0","1","1","0","0","0","0","0","0","0","9","7","2","0","0","0","2","1","1","0","0","0","-2"
"209490","Oregon Health & Science University","2016","On-tenure track, assistant professors","19","11","8","0","0","0","2","1","1","0","0","0","1","0","1","1","0","1","10","6","4","0","0","0","1","1","0","4","3","1","-2"
"209490","Oregon Health & Science University","2016","Not on tenure track/No tenure system system total","1399","636","763","2","0","2","166","95","71","17","10","7","47","25","22","4","0","4","1014","432","582","10","4","6","104","49","55","35","21","14","-2"
"209490","Oregon Health & Science University","2016","Not on tenure/no tenure system, professors","144","100","44","0","0","0","18","14","4","0","0","0","3","3","0","0","0","0","118","79","39","0","0","0","5","4","1","0","0","0","-2"
"209490","Oregon Health & Science University","2016","Not on tenure/no tenure system, associate professors","252","139","113","1","0","1","34","20","14","3","3","0","12","11","1","0","0","0","189","97","92","2","2","0","8","5","3","3","1","2","-2"
"209490","Oregon Health & Science University","2016","Not on tenure/no tenure system, assistant professors","622","283","339","1","0","1","88","49","39","10","6","4","18","6","12","2","0","2","413","177","236","5","2","3","62","29","33","23","14","9","-2"
"209490","Oregon Health & Science University","2016","Not on tenure/no tenure system, instructors","375","114","261","0","0","0","26","12","14","4","1","3","14","5","9","2","0","2","289","79","210","2","0","2","29","11","18","9","6","3","-2"
"209490","Oregon Health & Science University","2016","Not on tenure/no tenure system, lecturers","6","0","6","0","0","0","0","0","0","0","0","0","0","0","0","0","0","0","5","0","5","1","0","1","0","0","0","0","0","0","-2"
"209612","Pacific University","2016","Tenured total","129","71","58","0","0","0","9","2","7","0","0","0","2","1","1","0","0","0","117","67","50","1","1","0","0","0","0","0","0","0","-2"
"209612","Pacific University","2016","Tenured, professors","58","37","21","0","0","0","1","0","1","0","0","0","1","0","1","0","0","0","56","37","19","0","0","0","0","0","0","0","0","0","-2"
"209612","Pacific University","2016","Tenured, associate professors","64","32","32","0","0","0","7","2","5","0","0","0","1","1","0","0","0","0","55","28","27","1","1","0","0","0","0","0","0","0","-2"
"209612","Pacific University","2016","Tenured, assistant professors","7","2","5","0","0","0","1","0","1","0","0","0","0","0","0","0","0","0","6","2","4","0","0","0","0","0","0","0","0","0","-2"
"209612","Pacific University","2016","On-Tenure track total","63","22","41","1","0","1","13","5","8","2","1","1","0","0","0","0","0","0","43","14","29","2","1","1","2","1","1","0","0","0","-2"
"209612","Pacific University","2016","On-tenure track, associate professors","8","1","7","0","0","0","1","1","0","1","0","1","0","0","0","0","0","0","6","0","6","0","0","0","0","0","0","0","0","0","-2"
"209612","Pacific University","2016","On-tenure track, assistant professors","54","20","34","1","0","1","12","4","8","1","1","0","0","0","0","0","0","0","37","14","23","2","1","1","1","0","1","0","0","0","-2"
"209612","Pacific University","2016","On-tenure track, instructors","1","1","0","0","0","0","0","0","0","0","0","0","0","0","0","0","0","0","0","0","0","0","0","0","1","1","0","0","0","0","-2"
"209612","Pacific University","2016","Not on tenure track/No tenure system system total","98","39","59","1","1","0","5","2","3","1","1","0","5","1","4","0","0","0","81","32","49","3","2","1","2","0","2","0","0","0","-2"
"209612","Pacific University","2016","Not on tenure/no tenure system, professors","2","2","0","0","0","0","0","0","0","0","0","0","0","0","0","0","0","0","2","2","0","0","0","0","0","0","0","0","0","0","-2"
"209612","Pacific University","2016","Not on tenure/no tenure system, associate professors","14","6","8","0","0","0","2","0","2","0","0","0","0","0","0","0","0","0","11","5","6","1","1","0","0","0","0","0","0","0","-2"
"209612","Pacific University","2016","Not on tenure/no tenure system, assistant professors","58","23","35","0","0","0","3","2","1","0","0","0","2","0","2","0","0","0","50","20","30","1","1","0","2","0","2","0","0","0","-2"
"209612","Pacific University","2016","Not on tenure/no tenure system, instructors","24","8","16","1","1","0","0","0","0","1","1","0","3","1","2","0","0","0","18","5","13","1","0","1","0","0","0","0","0","0","-2"
"209807","Portland State University","2016","Tenured total","418","258","160","6","2","4","41","28","13","8","7","1","23","14","9","0","0","0","295","178","117","6","3","3","34","22","12","5","4","1","-2"
"209807","Portland State University","2016","Tenured, professors","230","163","67","3","1","2","26","21","5","5","4","1","8","5","3","0","0","0","166","116","50","1","1","0","21","15","6","0","0","0","-2"
"209807","Portland State University","2016","Tenured, associate professors","187","94","93","3","1","2","15","7","8","3","3","0","15","9","6","0","0","0","128","61","67","5","2","3","13","7","6","5","4","1","-2"
"209807","Portland State University","2016","Tenured, assistant professors","1","1","0","0","0","0","0","0","0","0","0","0","0","0","0","0","0","0","1","1","0","0","0","0","0","0","0","0","0","0","-2"
"209807","Portland State University","2016","On-Tenure track total","172","88","84","0","0","0","15","5","10","7","4","3","15","7","8","0","0","0","107","56","51","6","3","3","15","8","7","7","5","2","-2"
"209807","Portland State University","2016","On-tenure track, professors","2","0","2","0","0","0","1","0","1","0","0","0","0","0","0","0","0","0","1","0","1","0","0","0","0","0","0","0","0","0","-2"
"209807","Portland State University","2016","On-tenure track, associate professors","8","6","2","0","0","0","1","1","0","1","0","1","0","0","0","0","0","0","6","5","1","0","0","0","0","0","0","0","0","0","-2"
"209807","Portland State University","2016","On-tenure track, assistant professors","162","82","80","0","0","0","13","4","9","6","4","2","15","7","8","0","0","0","100","51","49","6","3","3","15","8","7","7","5","2","-2"
"209807","Portland State University","2016","Not on tenure track/No tenure system system total","251","98","153","1","0","1","11","3","8","10","5","5","12","4","8","0","0","0","188","74","114","6","2","4","17","10","7","6","0","6","-2"
"209807","Portland State University","2016","Not on tenure/no tenure system, professors","7","5","2","0","0","0","0","0","0","0","0","0","0","0","0","0","0","0","7","5","2","0","0","0","0","0","0","0","0","0","-2"
"209807","Portland State University","2016","Not on tenure/no tenure system, associate professors","22","10","12","0","0","0","1","1","0","1","1","0","0","0","0","0","0","0","19","8","11","0","0","0","1","0","1","0","0","0","-2"
"209807","Portland State University","2016","Not on tenure/no tenure system, assistant professors","73","29","44","0","0","0","3","0","3","3","1","2","6","1","5","0","0","0","50","21","29","2","0","2","8","6","2","1","0","1","-2"
"209807","Portland State University","2016","Not on tenure/no tenure system, instructors","149","54","95","1","0","1","7","2","5","6","3","3","6","3","3","0","0","0","112","40","72","4","2","2","8","4","4","5","0","5","-2"
"210429","Western Oregon University","2016","Tenured total","138","73","65","0","0","0","4","1","3","3","2","1","5","2","3","0","0","0","120","65","55","0","0","0","2","2","0","4","1","3","-2"
"210429","Western Oregon University","2016","Tenured, professors","90","52","38","0","0","0","3","1","2","2","1","1","2","1","1","0","0","0","81","47","34","0","0","0","2","2","0","0","0","0","-2"
"210429","Western Oregon University","2016","Tenured, associate professors","48","21","27","0","0","0","1","0","1","1","1","0","3","1","2","0","0","0","39","18","21","0","0","0","0","0","0","4","1","3","-2"
"210429","Western Oregon University","2016","On-Tenure track total","26","9","17","0","0","0","0","0","0","0","0","0","1","1","0","0","0","0","19","7","12","0","0","0","4","1","3","2","0","2","-2"
"210429","Western Oregon University","2016","On-tenure track, assistant professors","26","9","17","0","0","0","0","0","0","0","0","0","1","1","0","0","0","0","19","7","12","0","0","0","4","1","3","2","0","2","-2"
"210429","Western Oregon University","2016","Not on tenure track/No tenure system system total","127","56","71","0","0","0","5","1","4","0","0","0","9","1","8","1","1","0","99","47","52","3","0","3","8","4","4","2","2","0","-2"
"210429","Western Oregon University","2016","Not on tenure/no tenure system, assistant professors","39","17","22","0","0","0","3","0","3","0","0","0","2","1","1","0","0","0","29","12","17","0","0","0","4","3","1","1","1","0","-2"
"210429","Western Oregon University","2016","Not on tenure/no tenure system, instructors","79","37","42","0","0","0","2","1","1","0","0","0","7","0","7","1","1","0","61","33","28","3","0","3","4","1","3","1","1","0","-2"
"210429","Western Oregon University","2016","Not on tenure/no tenure system, lecturers","9","2","7","0","0","0","0","0","0","0","0","0","0","0","0","0","0","0","9","2","7","0","0","0","0","0","0","0","0","0","-2"
"210571","Albright College","2016","Tenured total","58","35","23","1","1","0","1","0","1","3","0","3","2","1","1","0","0","0","47","29","18","0","0","0","4","4","0","0","0","0","-2"
"210571","Albright College","2016","Tenured, professors","22","14","8","1","1","0","0","0","0","1","0","1","1","1","0","0","0","0","17","10","7","0","0","0","2","2","0","0","0","0","-2"
"210571","Albright College","2016","Tenured, associate professors","36","21","15","0","0","0","1","0","1","2","0","2","1","0","1","0","0","0","30","19","11","0","0","0","2","2","0","0","0","0","-2"
"210571","Albright College","2016","On-Tenure track total","30","17","13","0","0","0","4","2","2","1","0","1","1","1","0","0","0","0","24","14","10","0","0","0","0","0","0","0","0","0","-2"
"210571","Albright College","2016","On-tenure track, associate professors","1","0","1","0","0","0","0","0","0","0","0","0","0","0","0","0","0","0","1","0","1","0","0","0","0","0","0","0","0","0","-2"
"210571","Albright College","2016","On-tenure track, assistant professors","29","17","12","0","0","0","4","2","2","1","0","1","1","1","0","0","0","0","23","14","9","0","0","0","0","0","0","0","0","0","-2"
"210571","Albright College","2016","Not on tenure track/No tenure system system total","32","9","23","0","0","0","1","0","1","0","0","0","2","0","2","0","0","0","25","9","16","0","0","0","4","0","4","0","0","0","-2"
"210571","Albright College","2016","Not on tenure/no tenure system, associate professors","3","2","1","0","0","0","0","0","0","0","0","0","0","0","0","0","0","0","3","2","1","0","0","0","0","0","0","0","0","0","-2"
"210571","Albright College","2016","Not on tenure/no tenure system, assistant professors","9","1","8","0","0","0","0","0","0","0","0","0","0","0","0","0","0","0","9","1","8","0","0","0","0","0","0","0","0","0","-2"
"210571","Albright College","2016","Not on tenure/no tenure system, instructors","20","6","14","0","0","0","1","0","1","0","0","0","2","0","2","0","0","0","13","6","7","0","0","0","4","0","4","0","0","0","-2"
"212133","Eastern University","2016","Tenured total","58","31","27","0","0","0","4","2","2","7","4","3","5","2","3","0","0","0","42","23","19","0","0","0","0","0","0","0","0","0","-2"
"212133","Eastern University","2016","Tenured, professors","32","16","16","0","0","0","2","0","2","2","1","1","2","0","2","0","0","0","26","15","11","0","0","0","0","0","0","0","0","0","-2"
"212133","Eastern University","2016","Tenured, associate professors","26","15","11","0","0","0","2","2","0","5","3","2","3","2","1","0","0","0","16","8","8","0","0","0","0","0","0","0","0","0","-2"
"212133","Eastern University","2016","On-Tenure track total","22","9","13","0","0","0","1","1","0","2","1","1","0","0","0","0","0","0","19","7","12","0","0","0","0","0","0","0","0","0","-2"
"212133","Eastern University","2016","On-tenure track, professors","4","2","2","0","0","0","1","1","0","0","0","0","0","0","0","0","0","0","3","1","2","0","0","0","0","0","0","0","0","0","-2"
"212133","Eastern University","2016","On-tenure track, associate professors","10","6","4","0","0","0","0","0","0","1","1","0","0","0","0","0","0","0","9","5","4","0","0","0","0","0","0","0","0","0","-2"
"212133","Eastern University","2016","On-tenure track, assistant professors","8","1","7","0","0","0","0","0","0","1","0","1","0","0","0","0","0","0","7","1","6","0","0","0","0","0","0","0","0","0","-2"
"212133","Eastern University","2016","Not on tenure track/No tenure system system total","47","21","26","0","0","0","0","0","0","3","0","3","2","1","1","0","0","0","40","20","20","2","0","2","0","0","0","0","0","0","-2"
"212133","Eastern University","2016","Not on tenure/no tenure system, assistant professors","5","2","3","0","0","0","0","0","0","0","0","0","0","0","0","0","0","0","5","2","3","0","0","0","0","0","0","0","0","0","-2"
"212133","Eastern University","2016","Not on tenure/no tenure system, lecturers","27","9","18","0","0","0","0","0","0","3","0","3","1","0","1","0","0","0","21","9","12","2","0","2","0","0","0","0","0","0","-2"
"212133","Eastern University","2016","Not on tenure/no tenure system, no academic rank","15","10","5","0","0","0","0","0","0","0","0","0","1","1","0","0","0","0","14","9","5","0","0","0","0","0","0","0","0","0","-2"
"213367","La Salle University","2016","Tenured total","121","61","60","4","4","0","5","1","4","1","0","1","2","1","1","0","0","0","107","53","54","1","1","0","0","0","0","1","1","0","-2"
"213367","La Salle University","2016","Tenured, professors","44","24","20","1","1","0","2","1","1","0","0","0","1","1","0","0","0","0","39","20","19","1","1","0","0","0","0","0","0","0","-2"
"213367","La Salle University","2016","Tenured, associate professors","73","35","38","3","3","0","3","0","3","1","0","1","1","0","1","0","0","0","64","31","33","0","0","0","0","0","0","1","1","0","-2"
"213367","La Salle University","2016","Tenured, assistant professors","4","2","2","0","0","0","0","0","0","0","0","0","0","0","0","0","0","0","4","2","2","0","0","0","0","0","0","0","0","0","-2"
"213367","La Salle University","2016","On-Tenure track total","47","22","25","0","0","0","2","1","1","3","1","2","2","1","1","0","0","0","37","16","21","1","1","0","0","0","0","2","2","0","-2"
"213367","La Salle University","2016","On-tenure track, professors","1","1","0","0","0","0","0","0","0","0","0","0","0","0","0","0","0","0","1","1","0","0","0","0","0","0","0","0","0","0","-2"
"213367","La Salle University","2016","On-tenure track, associate professors","4","1","3","0","0","0","0","0","0","0","0","0","1","1","0","0","0","0","3","0","3","0","0","0","0","0","0","0","0","0","-2"
"213367","La Salle University","2016","On-tenure track, assistant professors","42","20","22","0","0","0","2","1","1","3","1","2","1","0","1","0","0","0","33","15","18","1","1","0","0","0","0","2","2","0","-2"
"213367","La Salle University","2016","Not on tenure track/No tenure system system total","49","9","40","0","0","0","0","0","0","4","1","3","2","0","2","0","0","0","43","8","35","0","0","0","0","0","0","0","0","0","-2"
"213367","La Salle University","2016","Not on tenure/no tenure system, professors","1","1","0","0","0","0","0","0","0","0","0","0","0","0","0","0","0","0","1","1","0","0","0","0","0","0","0","0","0","0","-2"
"213367","La Salle University","2016","Not on tenure/no tenure system, assistant professors","32","5","27","0","0","0","0","0","0","3","1","2","1","0","1","0","0","0","28","4","24","0","0","0","0","0","0","0","0","0","-2"
"213367","La Salle University","2016","Not on tenure/no tenure system, instructors","16","3","13","0","0","0","0","0","0","1","0","1","1","0","1","0","0","0","14","3","11","0","0","0","0","0","0","0","0","0","-2"
"213774","Manor College","2016","Not on tenure track/No tenure system system total","25","6","19","0","0","0","1","1","0","1","0","1","0","0","0","0","0","0","23","5","18","0","0","0","0","0","0","0","0","0","-2"
"213774","Manor College","2016","Not on tenure/no tenure system, professors","13","3","10","0","0","0","1","1","0","1","0","1","0","0","0","0","0","0","11","2","9","0","0","0","0","0","0","0","0","0","-2"
"213774","Manor College","2016","Not on tenure/no tenure system, associate professors","4","1","3","0","0","0","0","0","0","0","0","0","0","0","0","0","0","0","4","1","3","0","0","0","0","0","0","0","0","0","-2"
"213774","Manor College","2016","Not on tenure/no tenure system, assistant professors","5","2","3","0","0","0","0","0","0","0","0","0","0","0","0","0","0","0","5","2","3","0","0","0","0","0","0","0","0","0","-2"
"213774","Manor College","2016","Not on tenure/no tenure system, instructors","3","0","3","0","0","0","0","0","0","0","0","0","0","0","0","0","0","0","3","0","3","0","0","0","0","0","0","0","0","0","-2"
"216542","University of Valley Forge","2016","Not on tenure track/No tenure system system total","30","19","11","0","0","0","1","1","0","3","1","2","0","0","0","1","0","1","25","17","8","0","0","0","0","0","0","0","0","0","-2"
"216542","University of Valley Forge","2016","Not on tenure/no tenure system, professors","12","9","3","0","0","0","0","0","0","0","0","0","0","0","0","1","0","1","11","9","2","0","0","0","0","0","0","0","0","0","-2"
"216542","University of Valley Forge","2016","Not on tenure/no tenure system, associate professors","6","3","3","0","0","0","0","0","0","2","1","1","0","0","0","0","0","0","4","2","2","0","0","0","0","0","0","0","0","0","-2"
"216542","University of Valley Forge","2016","Not on tenure/no tenure system, assistant professors","11","6","5","0","0","0","1","1","0","1","0","1","0","0","0","0","0","0","9","5","4","0","0","0","0","0","0","0","0","0","-2"
"216542","University of Valley Forge","2016","Not on tenure/no tenure system, instructors","1","1","0","0","0","0","0","0","0","0","0","0","0","0","0","0","0","0","1","1","0","0","0","0","0","0","0","0","0","0","-2"
"217420","Rhode Island College","2016","Tenured total","242","108","134","1","0","1","21","10","11","4","2","2","6","4","2","2","2","0","206","88","118","2","2","0","0","0","0","0","0","0","-2"
"217420","Rhode Island College","2016","Tenured, professors","118","61","57","1","0","1","9","5","4","3","2","1","2","1","1","1","1","0","102","52","50","0","0","0","0","0","0","0","0","0","-2"
"217420","Rhode Island College","2016","Tenured, associate professors","115","43","72","0","0","0","11","4","7","1","0","1","4","3","1","1","1","0","96","33","63","2","2","0","0","0","0","0","0","0","-2"
"217420","Rhode Island College","2016","Tenured, assistant professors","9","4","5","0","0","0","1","1","0","0","0","0","0","0","0","0","0","0","8","3","5","0","0","0","0","0","0","0","0","0","-2"
"217420","Rhode Island College","2016","On-Tenure track total","67","24","43","0","0","0","7","2","5","2","1","1","4","2","2","0","0","0","49","18","31","3","1","2","2","0","2","0","0","0","-2"
"217420","Rhode Island College","2016","On-tenure track, associate professors","2","1","1","0","0","0","0","0","0","0","0","0","0","0","0","0","0","0","1","1","0","0","0","0","1","0","1","0","0","0","-2"
"217420","Rhode Island College","2016","On-tenure track, assistant professors","65","23","42","0","0","0","7","2","5","2","1","1","4","2","2","0","0","0","48","17","31","3","1","2","1","0","1","0","0","0","-2"
"217420","Rhode Island College","2016","Not on tenure track/No tenure system system total","31","4","27","0","0","0","1","0","1","0","0","0","1","0","1","0","0","0","29","4","25","0","0","0","0","0","0","0","0","0","-2"
"217420","Rhode Island College","2016","Not on tenure/no tenure system, associate professors","3","1","2","0","0","0","0","0","0","0","0","0","0","0","0","0","0","0","3","1","2","0","0","0","0","0","0","0","0","0","-2"
"217420","Rhode Island College","2016","Not on tenure/no tenure system, assistant professors","28","3","25","0","0","0","1","0","1","0","0","0","1","0","1","0","0","0","26","3","23","0","0","0","0","0","0","0","0","0","-2"
"221661","Southern Adventist University","2016","Not on tenure track/No tenure system system total","140","72","68","1","0","1","1","0","1","8","1","7","8","5","3","0","0","0","120","65","55","0","0","0","2","1","1","0","0","0","-2"
"221661","Southern Adventist University","2016","Not on tenure/no tenure system, professors","65","44","21","0","0","0","0","0","0","3","1","2","2","2","0","0","0","0","60","41","19","0","0","0","0","0","0","0","0","0","-2"
"221661","Southern Adventist University","2016","Not on tenure/no tenure system, associate professors","56","22","34","0","0","0","1","0","1","2","0","2","4","1","3","0","0","0","48","20","28","0","0","0","1","1","0","0","0","0","-2"
"221661","Southern Adventist University","2016","Not on tenure/no tenure system, assistant professors","19","6","13","1","0","1","0","0","0","3","0","3","2","2","0","0","0","0","12","4","8","0","0","0","1","0","1","0","0","0","-2"
"222178","Abilene Christian University","2016","Tenured total","137","102","35","1","1","0","1","1","0","6","4","2","4","2","2","0","0","0","122","92","30","3","2","1","0","0","0","0","0","0","-2"
"222178","Abilene Christian University","2016","Tenured, professors","68","57","11","1","1","0","0","0","0","1","1","0","2","1","1","0","0","0","63","54","9","1","0","1","0","0","0","0","0","0","-2"
"222178","Abilene Christian University","2016","Tenured, associate professors","68","44","24","0","0","0","1","1","0","5","3","2","2","1","1","0","0","0","58","37","21","2","2","0","0","0","0","0","0","0","-2"
"222178","Abilene Christian University","2016","Tenured, assistant professors","1","1","0","0","0","0","0","0","0","0","0","0","0","0","0","0","0","0","1","1","0","0","0","0","0","0","0","0","0","0","-2"
"222178","Abilene Christian University","2016","On-Tenure track total","56","35","21","0","0","0","2","1","1","0","0","0","5","4","1","0","0","0","48","30","18","1","0","1","0","0","0","0","0","0","-2"
"222178","Abilene Christian University","2016","On-tenure track, professors","2","1","1","0","0","0","0","0","0","0","0","0","0","0","0","0","0","0","2","1","1","0","0","0","0","0","0","0","0","0","-2"
"222178","Abilene Christian University","2016","On-tenure track, associate professors","6","5","1","0","0","0","0","0","0","0","0","0","0","0","0","0","0","0","6","5","1","0","0","0","0","0","0","0","0","0","-2"
"222178","Abilene Christian University","2016","On-tenure track, assistant professors","48","29","19","0","0","0","2","1","1","0","0","0","5","4","1","0","0","0","40","24","16","1","0","1","0","0","0","0","0","0","-2"
"222178","Abilene Christian University","2016","Not on tenure track/No tenure system system total","60","16","44","0","0","0","0","0","0","3","1","2","1","0","1","0","0","0","51","15","36","5","0","5","0","0","0","0","0","0","-2"
"222178","Abilene Christian University","2016","Not on tenure/no tenure system, professors","1","0","1","0","0","0","0","0","0","0","0","0","0","0","0","0","0","0","1","0","1","0","0","0","0","0","0","0","0","0","-2"
"222178","Abilene Christian University","2016","Not on tenure/no tenure system, associate professors","2","2","0","0","0","0","0","0","0","1","1","0","0","0","0","0","0","0","1","1","0","0","0","0","0","0","0","0","0","0","-2"
"222178","Abilene Christian University","2016","Not on tenure/no tenure system, assistant professors","8","1","7","0","0","0","0","0","0","0","0","0","0","0","0","0","0","0","7","1","6","1","0","1","0","0","0","0","0","0","-2"
"222178","Abilene Christian University","2016","Not on tenure/no tenure system, instructors","39","10","29","0","0","0","0","0","0","0","0","0","1","0","1","0","0","0","34","10","24","4","0","4","0","0","0","0","0","0","-2"
"222178","Abilene Christian University","2016","Not on tenure/no tenure system, no academic rank","10","3","7","0","0","0","0","0","0","2","0","2","0","0","0","0","0","0","8","3","5","0","0","0","0","0","0","0","0","0","-2"
"222983","Austin College","2016","Tenured total","64","45","19","1","1","0","1","0","1","1","0","1","5","2","3","0","0","0","55","41","14","0","0","0","0","0","0","1","1","0","-2"
"222983","Austin College","2016","Tenured, professors","24","18","6","1","1","0","0","0","0","1","0","1","1","0","1","0","0","0","21","17","4","0","0","0","0","0","0","0","0","0","-2"
"222983","Austin College","2016","Tenured, associate professors","40","27","13","0","0","0","1","0","1","0","0","0","4","2","2","0","0","0","34","24","10","0","0","0","0","0","0","1","1","0","-2"
"222983","Austin College","2016","On-Tenure track total","27","15","12","0","0","0","6","3","3","0","0","0","1","0","1","0","0","0","20","12","8","0","0","0","0","0","0","0","0","0","-2"
"222983","Austin College","2016","On-tenure track, assistant professors","27","15","12","0","0","0","6","3","3","0","0","0","1","0","1","0","0","0","20","12","8","0","0","0","0","0","0","0","0","0","-2"
"222983","Austin College","2016","Not on tenure track/No tenure system system total","10","3","7","0","0","0","0","0","0","2","1","1","1","1","0","0","0","0","7","1","6","0","0","0","0","0","0","0","0","0","-2"
"222983","Austin College","2016","Not on tenure/no tenure system, associate professors","1","0","1","0","0","0","0","0","0","0","0","0","0","0","0","0","0","0","1","0","1","0","0","0","0","0","0","0","0","0","-2"
"222983","Austin College","2016","Not on tenure/no tenure system, assistant professors","1","0","1","0","0","0","0","0","0","1","0","1","0","0","0","0","0","0","0","0","0","0","0","0","0","0","0","0","0","0","-2"
"222983","Austin College","2016","Not on tenure/no tenure system, instructors","8","3","5","0","0","0","0","0","0","1","1","0","1","1","0","0","0","0","6","1","5","0","0","0","0","0","0","0","0","0","-2"
"223232","Baylor University","2016","Tenured total","502","374","128","1","1","0","28","22","6","11","5","6","17","13","4","1","1","0","428","318","110","10","8","2","0","0","0","6","6","0","-2"
"223232","Baylor University","2016","Tenured, professors","277","227","50","1","1","0","6","5","1","6","4","2","7","6","1","1","1","0","245","201","44","9","7","2","0","0","0","2","2","0","-2"
"223232","Baylor University","2016","Tenured, associate professors","225","147","78","0","0","0","22","17","5","5","1","4","10","7","3","0","0","0","183","117","66","1","1","0","0","0","0","4","4","0","-2"
"223232","Baylor University","2016","On-Tenure track total","153","83","70","0","0","0","12","10","2","6","3","3","7","6","1","0","0","0","111","54","57","4","2","2","2","1","1","11","7","4","-2"
"223232","Baylor University","2016","On-tenure track, professors","3","0","3","0","0","0","0","0","0","0","0","0","0","0","0","0","0","0","3","0","3","0","0","0","0","0","0","0","0","0","-2"
"223232","Baylor University","2016","On-tenure track, associate professors","9","6","3","0","0","0","1","1","0","0","0","0","0","0","0","0","0","0","7","4","3","0","0","0","0","0","0","1","1","0","-2"
"223232","Baylor University","2016","On-tenure track, assistant professors","141","77","64","0","0","0","11","9","2","6","3","3","7","6","1","0","0","0","101","50","51","4","2","2","2","1","1","10","6","4","-2"
"223232","Baylor University","2016","Not on tenure track/No tenure system system total","376","150","226","1","1","0","8","2","6","4","0","4","13","3","10","0","0","0","334","137","197","4","1","3","0","0","0","12","6","6","-2"
"223232","Baylor University","2016","Not on tenure/no tenure system, professors","8","3","5","0","0","0","0","0","0","0","0","0","0","0","0","0","0","0","8","3","5","0","0","0","0","0","0","0","0","0","-2"
"223232","Baylor University","2016","Not on tenure/no tenure system, associate professors","12","5","7","1","1","0","0","0","0","0","0","0","0","0","0","0","0","0","11","4","7","0","0","0","0","0","0","0","0","0","-2"
"223232","Baylor University","2016","Not on tenure/no tenure system, assistant professors","37","10","27","0","0","0","2","0","2","0","0","0","0","0","0","0","0","0","34","9","25","0","0","0","0","0","0","1","1","0","-2"
"223232","Baylor University","2016","Not on tenure/no tenure system, instructors","1","0","1","0","0","0","0","0","0","0","0","0","0","0","0","0","0","0","1","0","1","0","0","0","0","0","0","0","0","0","-2"
"223232","Baylor University","2016","Not on tenure/no tenure system, lecturers","318","132","186","0","0","0","6","2","4","4","0","4","13","3","10","0","0","0","280","121","159","4","1","3","0","0","0","11","5","6","-2"
"224226","Dallas Baptist University","2016","Not on tenure track/No tenure system system total","120","74","46","0","0","0","8","7","1","3","2","1","6","4","2","0","0","0","103","61","42","0","0","0","0","0","0","0","0","0","-2"
"224226","Dallas Baptist University","2016","Not on tenure/no tenure system, professors","57","33","24","0","0","0","4","3","1","1","0","1","2","2","0","0","0","0","50","28","22","0","0","0","0","0","0","0","0","0","-2"
"224226","Dallas Baptist University","2016","Not on tenure/no tenure system, associate professors","11","9","2","0","0","0","0","0","0","1","1","0","0","0","0","0","0","0","10","8","2","0","0","0","0","0","0","0","0","0","-2"
"224226","Dallas Baptist University","2016","Not on tenure/no tenure system, assistant professors","52","32","20","0","0","0","4","4","0","1","1","0","4","2","2","0","0","0","43","25","18","0","0","0","0","0","0","0","0","0","-2"
"224244","Dallas Christian College","2016","Not on tenure track/No tenure system system total","9","5","4","0","0","0","0","0","0","1","0","1","0","0","0","0","0","0","8","5","3","0","0","0","0","0","0","0","0","0","-2"
"224244","Dallas Christian College","2016","Not on tenure/no tenure system, professors","9","5","4","0","0","0","0","0","0","1","0","1","0","0","0","0","0","0","8","5","3","0","0","0","0","0","0","0","0","0","-2"
"224323","University of Dallas","2016","Tenured total","84","62","22","1","0","1","1","1","0","0","0","0","3","2","1","0","0","0","75","57","18","2","1","1","0","0","0","2","1","1","-2"
"224323","University of Dallas","2016","Tenured, professors","23","18","5","0","0","0","1","1","0","0","0","0","0","0","0","0","0","0","22","17","5","0","0","0","0","0","0","0","0","0","-2"
"224323","University of Dallas","2016","Tenured, associate professors","54","38","16","1","0","1","0","0","0","0","0","0","3","2","1","0","0","0","48","35","13","1","1","0","0","0","0","1","0","1","-2"
"224323","University of Dallas","2016","Tenured, assistant professors","7","6","1","0","0","0","0","0","0","0","0","0","0","0","0","0","0","0","5","5","0","1","0","1","0","0","0","1","1","0","-2"
"224323","University of Dallas","2016","On-Tenure track total","28","11","17","0","0","0","1","0","1","1","1","0","1","0","1","0","0","0","25","10","15","0","0","0","0","0","0","0","0","0","-2"
"224323","University of Dallas","2016","On-tenure track, assistant professors","28","11","17","0","0","0","1","0","1","1","1","0","1","0","1","0","0","0","25","10","15","0","0","0","0","0","0","0","0","0","-2"
"224323","University of Dallas","2016","Not on tenure track/No tenure system system total","33","19","14","0","0","0","1","0","1","0","0","0","3","1","2","0","0","0","28","18","10","1","0","1","0","0","0","0","0","0","-2"
"224323","University of Dallas","2016","Not on tenure/no tenure system, instructors","33","19","14","0","0","0","1","0","1","0","0","0","3","1","2","0","0","0","28","18","10","1","0","1","0","0","0","0","0","0","-2"
"224545","Texas A&M University-Texarkana","2016","Tenured total","22","13","9","0","0","0","1","1","0","1","1","0","1","0","1","0","0","0","19","11","8","0","0","0","0","0","0","0","0","0","-2"
"224545","Texas A&M University-Texarkana","2016","Tenured, professors","16","9","7","0","0","0","1","1","0","1","1","0","1","0","1","0","0","0","13","7","6","0","0","0","0","0","0","0","0","0","-2"
"224545","Texas A&M University-Texarkana","2016","Tenured, associate professors","6","4","2","0","0","0","0","0","0","0","0","0","0","0","0","0","0","0","6","4","2","0","0","0","0","0","0","0","0","0","-2"
"224545","Texas A&M University-Texarkana","2016","On-Tenure track total","9","6","3","0","0","0","1","1","0","0","0","0","0","0","0","0","0","0","8","5","3","0","0","0","0","0","0","0","0","0","-2"
"224545","Texas A&M University-Texarkana","2016","On-tenure track, professors","1","1","0","0","0","0","0","0","0","0","0","0","0","0","0","0","0","0","1","1","0","0","0","0","0","0","0","0","0","0","-2"
"224545","Texas A&M University-Texarkana","2016","On-tenure track, associate professors","7","5","2","0","0","0","1","1","0","0","0","0","0","0","0","0","0","0","6","4","2","0","0","0","0","0","0","0","0","0","-2"
"224545","Texas A&M University-Texarkana","2016","On-tenure track, assistant professors","1","0","1","0","0","0","0","0","0","0","0","0","0","0","0","0","0","0","1","0","1","0","0","0","0","0","0","0","0","0","-2"
"224545","Texas A&M University-Texarkana","2016","Not on tenure track/No tenure system system total","53","26","27","0","0","0","4","3","1","2","2","0","2","1","1","0","0","0","35","15","20","1","0","1","6","2","4","3","3","0","-2"
"224545","Texas A&M University-Texarkana","2016","Not on tenure/no tenure system, professors","5","3","2","0","0","0","0","0","0","0","0","0","0","0","0","0","0","0","4","2","2","0","0","0","0","0","0","1","1","0","-2"
"224545","Texas A&M University-Texarkana","2016","Not on tenure/no tenure system, associate professors","17","11","6","0","0","0","4","3","1","0","0","0","1","0","1","0","0","0","11","7","4","0","0","0","1","1","0","0","0","0","-2"
"224545","Texas A&M University-Texarkana","2016","Not on tenure/no tenure system, assistant professors","21","10","11","0","0","0","0","0","0","2","2","0","1","1","0","0","0","0","13","5","8","1","0","1","3","1","2","1","1","0","-2"
"224545","Texas A&M University-Texarkana","2016","Not on tenure/no tenure system, instructors","9","1","8","0","0","0","0","0","0","0","0","0","0","0","0","0","0","0","7","1","6","0","0","0","2","0","2","0","0","0","-2"
"224545","Texas A&M University-Texarkana","2016","Not on tenure/no tenure system, lecturers","1","1","0","0","0","0","0","0","0","0","0","0","0","0","0","0","0","0","0","0","0","0","0","0","0","0","0","1","1","0","-2"
"224554","Texas A & M University-Commerce","2016","Tenured total","140","88","52","1","1","0","18","14","4","11","6","5","7","5","2","0","0","0","101","61","40","1","0","1","1","1","0","0","0","0","-2"
"224554","Texas A & M University-Commerce","2016","Tenured, professors","65","43","22","1","1","0","12","10","2","6","4","2","4","3","1","0","0","0","42","25","17","0","0","0","0","0","0","0","0","0","-2"
"224554","Texas A & M University-Commerce","2016","Tenured, associate professors","72","43","29","0","0","0","6","4","2","5","2","3","3","2","1","0","0","0","56","34","22","1","0","1","1","1","0","0","0","0","-2"
"224554","Texas A & M University-Commerce","2016","Tenured, assistant professors","2","2","0","0","0","0","0","0","0","0","0","0","0","0","0","0","0","0","2","2","0","0","0","0","0","0","0","0","0","0","-2"
"224554","Texas A & M University-Commerce","2016","Tenured, instructors","1","0","1","0","0","0","0","0","0","0","0","0","0","0","0","0","0","0","1","0","1","0","0","0","0","0","0","0","0","0","-2"
"224554","Texas A & M University-Commerce","2016","On-Tenure track total","119","64","55","0","0","0","30","19","11","14","7","7","10","3","7","1","0","1","61","33","28","1","0","1","2","2","0","0","0","0","-2"
"224554","Texas A & M University-Commerce","2016","On-tenure track, associate professors","3","2","1","0","0","0","1","1","0","2","1","1","0","0","0","0","0","0","0","0","0","0","0","0","0","0","0","0","0","0","-2"
"224554","Texas A & M University-Commerce","2016","On-tenure track, assistant professors","116","62","54","0","0","0","29","18","11","12","6","6","10","3","7","1","0","1","61","33","28","1","0","1","2","2","0","0","0","0","-2"
"224554","Texas A & M University-Commerce","2016","Not on tenure track/No tenure system system total","94","34","60","0","0","0","6","2","4","3","2","1","2","0","2","0","0","0","82","29","53","0","0","0","1","1","0","0","0","0","-2"
"224554","Texas A & M University-Commerce","2016","Not on tenure/no tenure system, assistant professors","13","5","8","0","0","0","1","1","0","0","0","0","0","0","0","0","0","0","12","4","8","0","0","0","0","0","0","0","0","0","-2"
"224554","Texas A & M University-Commerce","2016","Not on tenure/no tenure system, instructors","69","22","47","0","0","0","5","1","4","2","1","1","2","0","2","0","0","0","59","19","40","0","0","0","1","1","0","0","0","0","-2"
"224554","Texas A & M University-Commerce","2016","Not on tenure/no tenure system, lecturers","12","7","5","0","0","0","0","0","0","1","1","0","0","0","0","0","0","0","11","6","5","0","0","0","0","0","0","0","0","0","-2"
"225247","Hardin-Simmons University","2016","Tenured total","102","65","37","0","0","0","1","1","0","1","1","0","0","0","0","0","0","0","100","63","37","0","0","0","0","0","0","0","0","0","-2"
"225247","Hardin-Simmons University","2016","Tenured, professors","61","45","16","0","0","0","0","0","0","0","0","0","0","0","0","0","0","0","61","45","16","0","0","0","0","0","0","0","0","0","-2"
"225247","Hardin-Simmons University","2016","Tenured, associate professors","34","16","18","0","0","0","1","1","0","1","1","0","0","0","0","0","0","0","32","14","18","0","0","0","0","0","0","0","0","0","-2"
"225247","Hardin-Simmons University","2016","Tenured, assistant professors","7","4","3","0","0","0","0","0","0","0","0","0","0","0","0","0","0","0","7","4","3","0","0","0","0","0","0","0","0","0","-2"
"225247","Hardin-Simmons University","2016","On-Tenure track total","19","10","9","0","0","0","0","0","0","1","0","1","2","0","2","0","0","0","15","10","5","0","0","0","1","0","1","0","0","0","-2"
"225247","Hardin-Simmons University","2016","On-tenure track, associate professors","5","4","1","0","0","0","0","0","0","0","0","0","0","0","0","0","0","0","5","4","1","0","0","0","0","0","0","0","0","0","-2"
"225247","Hardin-Simmons University","2016","On-tenure track, assistant professors","10","3","7","0","0","0","0","0","0","1","0","1","2","0","2","0","0","0","6","3","3","0","0","0","1","0","1","0","0","0","-2"
"225247","Hardin-Simmons University","2016","On-tenure track, instructors","4","3","1","0","0","0","0","0","0","0","0","0","0","0","0","0","0","0","4","3","1","0","0","0","0","0","0","0","0","0","-2"
"225247","Hardin-Simmons University","2016","Not on tenure track/No tenure system system total","14","9","5","0","0","0","0","0","0","0","0","0","0","0","0","0","0","0","14","9","5","0","0","0","0","0","0","0","0","0","-2"
"225247","Hardin-Simmons University","2016","Not on tenure/no tenure system, professors","2","2","0","0","0","0","0","0","0","0","0","0","0","0","0","0","0","0","2","2","0","0","0","0","0","0","0","0","0","0","-2"
"225247","Hardin-Simmons University","2016","Not on tenure/no tenure system, associate professors","2","1","1","0","0","0","0","0","0","0","0","0","0","0","0","0","0","0","2","1","1","0","0","0","0","0","0","0","0","0","-2"
"225247","Hardin-Simmons University","2016","Not on tenure/no tenure system, assistant professors","5","2","3","0","0","0","0","0","0","0","0","0","0","0","0","0","0","0","5","2","3","0","0","0","0","0","0","0","0","0","-2"
"225247","Hardin-Simmons University","2016","Not on tenure/no tenure system, instructors","5","4","1","0","0","0","0","0","0","0","0","0","0","0","0","0","0","0","5","4","1","0","0","0","0","0","0","0","0","0","-2"
"226091","Lamar University","2016","Tenured total","211","133","78","0","0","0","48","34","14","7","2","5","6","4","2","0","0","0","150","93","57","0","0","0","0","0","0","0","0","0","-2"
"226091","Lamar University","2016","Tenured, professors","91","65","26","0","0","0","24","19","5","1","0","1","0","0","0","0","0","0","66","46","20","0","0","0","0","0","0","0","0","0","-2"
"226091","Lamar University","2016","Tenured, associate professors","110","62","48","0","0","0","22","13","9","6","2","4","5","3","2","0","0","0","77","44","33","0","0","0","0","0","0","0","0","0","-2"
"226091","Lamar University","2016","Tenured, assistant professors","10","6","4","0","0","0","2","2","0","0","0","0","1","1","0","0","0","0","7","3","4","0","0","0","0","0","0","0","0","0","-2"
"226091","Lamar University","2016","On-Tenure track total","112","63","49","2","0","2","29","18","11","10","5","5","7","5","2","0","0","0","61","33","28","0","0","0","0","0","0","3","2","1","-2"
"226091","Lamar University","2016","On-tenure track, associate professors","13","7","6","0","0","0","3","2","1","0","0","0","1","1","0","0","0","0","9","4","5","0","0","0","0","0","0","0","0","0","-2"
"226091","Lamar University","2016","On-tenure track, assistant professors","98","56","42","2","0","2","26","16","10","10","5","5","6","4","2","0","0","0","51","29","22","0","0","0","0","0","0","3","2","1","-2"
"226091","Lamar University","2016","On-tenure track, instructors","1","0","1","0","0","0","0","0","0","0","0","0","0","0","0","0","0","0","1","0","1","0","0","0","0","0","0","0","0","0","-2"
"226091","Lamar University","2016","Not on tenure track/No tenure system system total","158","61","97","0","0","0","12","10","2","8","2","6","10","4","6","0","0","0","127","44","83","0","0","0","0","0","0","1","1","0","-2"
"226091","Lamar University","2016","Not on tenure/no tenure system, professors","2","2","0","0","0","0","0","0","0","0","0","0","0","0","0","0","0","0","2","2","0","0","0","0","0","0","0","0","0","0","-2"
"226091","Lamar University","2016","Not on tenure/no tenure system, associate professors","1","1","0","0","0","0","0","0","0","0","0","0","0","0","0","0","0","0","1","1","0","0","0","0","0","0","0","0","0","0","-2"
"226091","Lamar University","2016","Not on tenure/no tenure system, assistant professors","29","13","16","0","0","0","4","4","0","1","0","1","2","1","1","0","0","0","22","8","14","0","0","0","0","0","0","0","0","0","-2"
"226091","Lamar University","2016","Not on tenure/no tenure system, instructors","126","45","81","0","0","0","8","6","2","7","2","5","8","3","5","0","0","0","102","33","69","0","0","0","0","0","0","1","1","0","-2"
"226383","Lubbock Christian University","2016","Tenured total","59","33","26","0","0","0","0","0","0","0","0","0","2","2","0","0","0","0","57","31","26","0","0","0","0","0","0","0","0","0","-2"
"226383","Lubbock Christian University","2016","Tenured, professors","30","18","12","0","0","0","0","0","0","0","0","0","2","2","0","0","0","0","28","16","12","0","0","0","0","0","0","0","0","0","-2"
"226383","Lubbock Christian University","2016","Tenured, associate professors","21","13","8","0","0","0","0","0","0","0","0","0","0","0","0","0","0","0","21","13","8","0","0","0","0","0","0","0","0","0","-2"
"226383","Lubbock Christian University","2016","Tenured, assistant professors","8","2","6","0","0","0","0","0","0","0","0","0","0","0","0","0","0","0","8","2","6","0","0","0","0","0","0","0","0","0","-2"
"226383","Lubbock Christian University","2016","On-Tenure track total","38","22","16","0","0","0","0","0","0","0","0","0","2","2","0","0","0","0","36","20","16","0","0","0","0","0","0","0","0","0","-2"
"226383","Lubbock Christian University","2016","On-tenure track, professors","1","1","0","0","0","0","0","0","0","0","0","0","0","0","0","0","0","0","1","1","0","0","0","0","0","0","0","0","0","0","-2"
"226383","Lubbock Christian University","2016","On-tenure track, associate professors","10","8","2","0","0","0","0","0","0","0","0","0","0","0","0","0","0","0","10","8","2","0","0","0","0","0","0","0","0","0","-2"
"226383","Lubbock Christian University","2016","On-tenure track, assistant professors","27","13","14","0","0","0","0","0","0","0","0","0","2","2","0","0","0","0","25","11","14","0","0","0","0","0","0","0","0","0","-2"
"226383","Lubbock Christian University","2016","Not on tenure track/No tenure system system total","4","2","2","0","0","0","0","0","0","0","0","0","0","0","0","0","0","0","4","2","2","0","0","0","0","0","0","0","0","0","-2"
"226383","Lubbock Christian University","2016","Not on tenure/no tenure system, lecturers","3","1","2","0","0","0","0","0","0","0","0","0","0","0","0","0","0","0","3","1","2","0","0","0","0","0","0","0","0","0","-2"
"226383","Lubbock Christian University","2016","Not on tenure/no tenure system, no academic rank","1","1","0","0","0","0","0","0","0","0","0","0","0","0","0","0","0","0","1","1","0","0","0","0","0","0","0","0","0","0","-2"
"226471","University of Mary Hardin-Baylor","2016","Tenured total","59","28","31","0","0","0","5","3","2","0","0","0","1","1","0","0","0","0","51","23","28","0","0","0","1","1","0","1","0","1","-2"
"226471","University of Mary Hardin-Baylor","2016","Tenured, professors","45","24","21","0","0","0","2","2","0","0","0","0","1","1","0","0","0","0","40","20","20","0","0","0","1","1","0","1","0","1","-2"
"226471","University of Mary Hardin-Baylor","2016","Tenured, associate professors","14","4","10","0","0","0","3","1","2","0","0","0","0","0","0","0","0","0","11","3","8","0","0","0","0","0","0","0","0","0","-2"
"226471","University of Mary Hardin-Baylor","2016","On-Tenure track total","62","33","29","0","0","0","3","3","0","5","1","4","3","0","3","0","0","0","47","27","20","1","1","0","2","0","2","1","1","0","-2"
"226471","University of Mary Hardin-Baylor","2016","On-tenure track, professors","2","1","1","0","0","0","0","0","0","0","0","0","0","0","0","0","0","0","2","1","1","0","0","0","0","0","0","0","0","0","-2"
"226471","University of Mary Hardin-Baylor","2016","On-tenure track, associate professors","21","8","13","0","0","0","1","1","0","3","0","3","2","0","2","0","0","0","13","7","6","0","0","0","2","0","2","0","0","0","-2"
"226471","University of Mary Hardin-Baylor","2016","On-tenure track, assistant professors","39","24","15","0","0","0","2","2","0","2","1","1","1","0","1","0","0","0","32","19","13","1","1","0","0","0","0","1","1","0","-2"
"226471","University of Mary Hardin-Baylor","2016","Not on tenure track/No tenure system system total","44","12","32","0","0","0","0","0","0","1","0","1","2","1","1","1","1","0","40","10","30","0","0","0","0","0","0","0","0","0","-2"
"226471","University of Mary Hardin-Baylor","2016","Not on tenure/no tenure system, professors","1","1","0","0","0","0","0","0","0","0","0","0","0","0","0","0","0","0","1","1","0","0","0","0","0","0","0","0","0","0","-2"
"226471","University of Mary Hardin-Baylor","2016","Not on tenure/no tenure system, associate professors","6","3","3","0","0","0","0","0","0","0","0","0","1","1","0","0","0","0","5","2","3","0","0","0","0","0","0","0","0","0","-2"
"226471","University of Mary Hardin-Baylor","2016","Not on tenure/no tenure system, assistant professors","25","7","18","0","0","0","0","0","0","1","0","1","1","0","1","1","1","0","22","6","16","0","0","0","0","0","0","0","0","0","-2"
"226471","University of Mary Hardin-Baylor","2016","Not on tenure/no tenure system, instructors","12","1","11","0","0","0","0","0","0","0","0","0","0","0","0","0","0","0","12","1","11","0","0","0","0","0","0","0","0","0","-2"
"226833","Midwestern State University","2016","Tenured total","110","68","42","1","0","1","8","6","2","1","0","1","3","2","1","0","0","0","89","56","33","1","1","0","1","0","1","6","3","3","-2"
"226833","Midwestern State University","2016","Tenured, professors","38","28","10","1","0","1","3","3","0","0","0","0","3","2","1","0","0","0","30","22","8","0","0","0","0","0","0","1","1","0","-2"
"226833","Midwestern State University","2016","Tenured, associate professors","62","34","28","0","0","0","4","2","2","1","0","1","0","0","0","0","0","0","50","29","21","1","1","0","1","0","1","5","2","3","-2"
"226833","Midwestern State University","2016","Tenured, assistant professors","10","6","4","0","0","0","1","1","0","0","0","0","0","0","0","0","0","0","9","5","4","0","0","0","0","0","0","0","0","0","-2"
"226833","Midwestern State University","2016","On-Tenure track total","65","34","31","0","0","0","1","0","1","2","1","1","3","2","1","0","0","0","45","20","25","0","0","0","0","0","0","14","11","3","-2"
"226833","Midwestern State University","2016","On-tenure track, professors","1","1","0","0","0","0","0","0","0","0","0","0","0","0","0","0","0","0","1","1","0","0","0","0","0","0","0","0","0","0","-2"
"226833","Midwestern State University","2016","On-tenure track, associate professors","8","6","2","0","0","0","0","0","0","0","0","0","0","0","0","0","0","0","5","3","2","0","0","0","0","0","0","3","3","0","-2"
"226833","Midwestern State University","2016","On-tenure track, assistant professors","56","27","29","0","0","0","1","0","1","2","1","1","3","2","1","0","0","0","39","16","23","0","0","0","0","0","0","11","8","3","-2"
"226833","Midwestern State University","2016","Not on tenure track/No tenure system system total","63","17","46","0","0","0","0","0","0","1","0","1","3","1","2","0","0","0","54","14","40","1","0","1","2","1","1","2","1","1","-2"
"226833","Midwestern State University","2016","Not on tenure/no tenure system, professors","1","1","0","0","0","0","0","0","0","0","0","0","0","0","0","0","0","0","1","1","0","0","0","0","0","0","0","0","0","0","-2"
"226833","Midwestern State University","2016","Not on tenure/no tenure system, assistant professors","34","6","28","0","0","0","0","0","0","1","0","1","2","1","1","0","0","0","29","5","24","1","0","1","1","0","1","0","0","0","-2"
"226833","Midwestern State University","2016","Not on tenure/no tenure system, instructors","23","7","16","0","0","0","0","0","0","0","0","0","1","0","1","0","0","0","20","6","14","0","0","0","0","0","0","2","1","1","-2"
"226833","Midwestern State University","2016","Not on tenure/no tenure system, lecturers","5","3","2","0","0","0","0","0","0","0","0","0","0","0","0","0","0","0","4","2","2","0","0","0","1","1","0","0","0","0","-2"
"227429","Paul Quinn College","2016","Not on tenure track/No tenure system system total","9","5","4","0","0","0","0","0","0","6","4","2","2","1","1","0","0","0","1","0","1","0","0","0","0","0","0","0","0","0","-2"
"227429","Paul Quinn College","2016","Not on tenure/no tenure system, associate professors","9","5","4","0","0","0","0","0","0","6","4","2","2","1","1","0","0","0","1","0","1","0","0","0","0","0","0","0","0","0","-2"
"227881","Sam Houston State University","2016","Tenured total","348","221","127","1","1","0","31","19","12","7","4","3","18","12","6","0","0","0","289","184","105","1","0","1","0","0","0","1","1","0","-2"
"227881","Sam Houston State University","2016","Tenured, professors","162","111","51","1","1","0","9","8","1","3","3","0","3","2","1","0","0","0","146","97","49","0","0","0","0","0","0","0","0","0","-2"
"227881","Sam Houston State University","2016","Tenured, associate professors","182","109","73","0","0","0","21","10","11","4","1","3","15","10","5","0","0","0","140","87","53","1","0","1","0","0","0","1","1","0","-2"
"227881","Sam Houston State University","2016","Tenured, assistant professors","3","1","2","0","0","0","1","1","0","0","0","0","0","0","0","0","0","0","2","0","2","0","0","0","0","0","0","0","0","0","-2"
"227881","Sam Houston State University","2016","Tenured, instructors","1","0","1","0","0","0","0","0","0","0","0","0","0","0","0","0","0","0","1","0","1","0","0","0","0","0","0","0","0","0","-2"
"227881","Sam Houston State University","2016","On-Tenure track total","191","98","93","1","0","1","16","7","9","13","5","8","14","7","7","0","0","0","130","65","65","0","0","0","0","0","0","17","14","3","-2"
"227881","Sam Houston State University","2016","On-tenure track, associate professors","16","11","5","0","0","0","2","1","1","1","1","0","0","0","0","0","0","0","13","9","4","0","0","0","0","0","0","0","0","0","-2"
"227881","Sam Houston State University","2016","On-tenure track, assistant professors","175","87","88","1","0","1","14","6","8","12","4","8","14","7","7","0","0","0","117","56","61","0","0","0","0","0","0","17","14","3","-2"
"227881","Sam Houston State University","2016","Not on tenure track/No tenure system system total","196","79","117","2","0","2","9","2","7","12","4","8","13","8","5","0","0","0","147","58","89","4","3","1","0","0","0","9","4","5","-2"
"227881","Sam Houston State University","2016","Not on tenure/no tenure system, associate professors","1","1","0","0","0","0","0","0","0","0","0","0","0","0","0","0","0","0","1","1","0","0","0","0","0","0","0","0","0","0","-2"
"227881","Sam Houston State University","2016","Not on tenure/no tenure system, lecturers","195","78","117","2","0","2","9","2","7","12","4","8","13","8","5","0","0","0","146","57","89","4","3","1","0","0","0","9","4","5","-2"
"228325","Southwestern Assemblies of God University","2016","Not on tenure track/No tenure system system total","79","51","28","0","0","0","4","0","4","3","1","2","3","3","0","0","0","0","68","47","21","0","0","0","0","0","0","1","0","1","-2"
"228325","Southwestern Assemblies of God University","2016","Not on tenure/no tenure system, professors","28","22","6","0","0","0","1","0","1","1","1","0","0","0","0","0","0","0","26","21","5","0","0","0","0","0","0","0","0","0","-2"
"228325","Southwestern Assemblies of God University","2016","Not on tenure/no tenure system, associate professors","11","5","6","0","0","0","1","0","1","1","0","1","1","1","0","0","0","0","8","4","4","0","0","0","0","0","0","0","0","0","-2"
"228325","Southwestern Assemblies of God University","2016","Not on tenure/no tenure system, assistant professors","23","15","8","0","0","0","1","0","1","1","0","1","0","0","0","0","0","0","20","15","5","0","0","0","0","0","0","1","0","1","-2"
"228325","Southwestern Assemblies of God University","2016","Not on tenure/no tenure system, instructors","17","9","8","0","0","0","1","0","1","0","0","0","2","2","0","0","0","0","14","7","7","0","0","0","0","0","0","0","0","0","-2"
"228343","Southwestern University","2016","Tenured total","79","42","37","1","1","0","2","1","1","2","1","1","8","4","4","0","0","0","65","34","31","0","0","0","1","1","0","0","0","0","-2"
"228343","Southwestern University","2016","Tenured, professors","41","20","21","0","0","0","1","1","0","0","0","0","2","0","2","0","0","0","37","18","19","0","0","0","1","1","0","0","0","0","-2"
"228343","Southwestern University","2016","Tenured, associate professors","38","22","16","1","1","0","1","0","1","2","1","1","6","4","2","0","0","0","28","16","12","0","0","0","0","0","0","0","0","0","-2"
"228343","Southwestern University","2016","On-Tenure track total","14","6","8","0","0","0","2","0","2","0","0","0","1","0","1","0","0","0","10","5","5","0","0","0","0","0","0","1","1","0","-2"
"228343","Southwestern University","2016","On-tenure track, assistant professors","14","6","8","0","0","0","2","0","2","0","0","0","1","0","1","0","0","0","10","5","5","0","0","0","0","0","0","1","1","0","-2"
"228343","Southwestern University","2016","Not on tenure track/No tenure system system total","21","10","11","0","0","0","0","0","0","0","0","0","4","1","3","0","0","0","17","9","8","0","0","0","0","0","0","0","0","0","-2"
"228343","Southwestern University","2016","Not on tenure/no tenure system, associate professors","2","2","0","0","0","0","0","0","0","0","0","0","0","0","0","0","0","0","2","2","0","0","0","0","0","0","0","0","0","0","-2"
"228343","Southwestern University","2016","Not on tenure/no tenure system, assistant professors","4","2","2","0","0","0","0","0","0","0","0","0","1","0","1","0","0","0","3","2","1","0","0","0","0","0","0","0","0","0","-2"
"228343","Southwestern University","2016","Not on tenure/no tenure system, instructors","15","6","9","0","0","0","0","0","0","0","0","0","3","1","2","0","0","0","12","5","7","0","0","0","0","0","0","0","0","0","-2"
"228431","Stephen F Austin State University","2016","Tenured total","272","173","99","1","0","1","1","1","0","8","7","1","13","7","6","0","0","0","240","154","86","8","3","5","1","1","0","0","0","0","-2"
"228431","Stephen F Austin State University","2016","Tenured, professors","118","93","25","0","0","0","0","0","0","6","6","0","4","1","3","0","0","0","104","83","21","3","2","1","1","1","0","0","0","0","-2"
"228431","Stephen F Austin State University","2016","Tenured, associate professors","130","72","58","0","0","0","1","1","0","1","1","0","7","5","2","0","0","0","117","65","52","4","0","4","0","0","0","0","0","0","-2"
"228431","Stephen F Austin State University","2016","Tenured, assistant professors","18","7","11","1","0","1","0","0","0","0","0","0","2","1","1","0","0","0","14","5","9","1","1","0","0","0","0","0","0","0","-2"
"228431","Stephen F Austin State University","2016","Tenured, instructors","6","1","5","0","0","0","0","0","0","1","0","1","0","0","0","0","0","0","5","1","4","0","0","0","0","0","0","0","0","0","-2"
"228431","Stephen F Austin State University","2016","On-Tenure track total","129","65","64","1","0","1","8","4","4","3","1","2","8","5","3","0","0","0","107","54","53","0","0","0","2","1","1","0","0","0","-2"
"228431","Stephen F Austin State University","2016","On-tenure track, professors","1","1","0","0","0","0","0","0","0","0","0","0","0","0","0","0","0","0","1","1","0","0","0","0","0","0","0","0","0","0","-2"
"228431","Stephen F Austin State University","2016","On-tenure track, associate professors","7","7","0","0","0","0","0","0","0","1","1","0","0","0","0","0","0","0","6","6","0","0","0","0","0","0","0","0","0","0","-2"
"228431","Stephen F Austin State University","2016","On-tenure track, assistant professors","112","56","56","1","0","1","8","4","4","2","0","2","8","5","3","0","0","0","91","46","45","0","0","0","2","1","1","0","0","0","-2"
"228431","Stephen F Austin State University","2016","On-tenure track, instructors","2","1","1","0","0","0","0","0","0","0","0","0","0","0","0","0","0","0","2","1","1","0","0","0","0","0","0","0","0","0","-2"
"228431","Stephen F Austin State University","2016","On-tenure track, lecturers","5","0","5","0","0","0","0","0","0","0","0","0","0","0","0","0","0","0","5","0","5","0","0","0","0","0","0","0","0","0","-2"
"228431","Stephen F Austin State University","2016","On-tenure track, no academic rank","2","0","2","0","0","0","0","0","0","0","0","0","0","0","0","0","0","0","2","0","2","0","0","0","0","0","0","0","0","0","-2"
"228431","Stephen F Austin State University","2016","Not on tenure track/No tenure system system total","143","49","94","2","1","1","1","1","0","3","0","3","2","1","1","0","0","0","126","43","83","7","3","4","2","0","2","0","0","0","-2"
"228431","Stephen F Austin State University","2016","Not on tenure/no tenure system, professors","13","1","12","0","0","0","1","1","0","0","0","0","0","0","0","0","0","0","11","0","11","1","0","1","0","0","0","0","0","0","-2"
"228431","Stephen F Austin State University","2016","Not on tenure/no tenure system, assistant professors","5","3","2","0","0","0","0","0","0","0","0","0","0","0","0","0","0","0","5","3","2","0","0","0","0","0","0","0","0","0","-2"
"228431","Stephen F Austin State University","2016","Not on tenure/no tenure system, instructors","34","5","29","0","0","0","0","0","0","1","0","1","0","0","0","0","0","0","31","5","26","0","0","0","2","0","2","0","0","0","-2"
"228431","Stephen F Austin State University","2016","Not on tenure/no tenure system, lecturers","44","20","24","2","1","1","0","0","0","0","0","0","1","0","1","0","0","0","37","17","20","4","2","2","0","0","0","0","0","0","-2"
"228431","Stephen F Austin State University","2016","Not on tenure/no tenure system, no academic rank","47","20","27","0","0","0","0","0","0","2","0","2","1","1","0","0","0","0","42","18","24","2","1","1","0","0","0","0","0","0","-2"
"228529","Tarleton State University","2016","Tenured total","130","91","39","2","2","0","7","5","2","1","0","1","6","5","1","0","0","0","112","77","35","1","1","0","1","1","0","0","0","0","-2"
"228529","Tarleton State University","2016","Tenured, professors","66","49","17","2","2","0","3","2","1","0","0","0","2","2","0","0","0","0","58","42","16","0","0","0","1","1","0","0","0","0","-2"
"228529","Tarleton State University","2016","Tenured, associate professors","63","42","21","0","0","0","4","3","1","1","0","1","4","3","1","0","0","0","53","35","18","1","1","0","0","0","0","0","0","0","-2"
"228529","Tarleton State University","2016","Tenured, assistant professors","1","0","1","0","0","0","0","0","0","0","0","0","0","0","0","0","0","0","1","0","1","0","0","0","0","0","0","0","0","0","-2"
"228529","Tarleton State University","2016","On-Tenure track total","168","81","87","2","1","1","9","3","6","9","4","5","9","6","3","0","0","0","126","57","69","1","1","0","3","2","1","9","7","2","-2"
"228529","Tarleton State University","2016","On-tenure track, associate professors","18","8","10","2","1","1","0","0","0","0","0","0","1","1","0","0","0","0","14","5","9","0","0","0","1","1","0","0","0","0","-2"
"228529","Tarleton State University","2016","On-tenure track, assistant professors","150","73","77","0","0","0","9","3","6","9","4","5","8","5","3","0","0","0","112","52","60","1","1","0","2","1","1","9","7","2","-2"
"228529","Tarleton State University","2016","Not on tenure track/No tenure system system total","123","48","75","2","2","0","4","2","2","1","1","0","4","0","4","0","0","0","106","40","66","2","1","1","1","0","1","3","2","1","-2"
"228529","Tarleton State University","2016","Not on tenure/no tenure system, professors","1","1","0","0","0","0","1","1","0","0","0","0","0","0","0","0","0","0","0","0","0","0","0","0","0","0","0","0","0","0","-2"
"228529","Tarleton State University","2016","Not on tenure/no tenure system, associate professors","3","0","3","0","0","0","0","0","0","0","0","0","0","0","0","0","0","0","3","0","3","0","0","0","0","0","0","0","0","0","-2"
"228529","Tarleton State University","2016","Not on tenure/no tenure system, assistant professors","40","16","24","0","0","0","1","0","1","1","1","0","2","0","2","0","0","0","32","12","20","1","1","0","1","0","1","2","2","0","-2"
"228529","Tarleton State University","2016","Not on tenure/no tenure system, instructors","79","31","48","2","2","0","2","1","1","0","0","0","2","0","2","0","0","0","71","28","43","1","0","1","0","0","0","1","0","1","-2"
"228653","The University of Texas Medical Branch at Galveston","2016","Tenured total","240","165","75","0","0","0","49","31","18","7","5","2","15","11","4","0","0","0","153","107","46","0","0","0","0","0","0","16","11","5","-2"
"228653","The University of Texas Medical Branch at Galveston","2016","Tenured, professors","189","139","50","0","0","0","42","28","14","5","4","1","14","11","3","0","0","0","125","93","32","0","0","0","0","0","0","3","3","0","-2"
"228653","The University of Texas Medical Branch at Galveston","2016","Tenured, associate professors","50","25","25","0","0","0","7","3","4","2","1","1","1","0","1","0","0","0","28","14","14","0","0","0","0","0","0","12","7","5","-2"
"228653","The University of Texas Medical Branch at Galveston","2016","Tenured, assistant professors","1","1","0","0","0","0","0","0","0","0","0","0","0","0","0","0","0","0","0","0","0","0","0","0","0","0","0","1","1","0","-2"
"228653","The University of Texas Medical Branch at Galveston","2016","On-Tenure track total","113","70","43","0","0","0","22","16","6","5","1","4","5","4","1","0","0","0","55","32","23","1","1","0","0","0","0","25","16","9","-2"
"228653","The University of Texas Medical Branch at Galveston","2016","On-tenure track, professors","3","3","0","0","0","0","0","0","0","0","0","0","0","0","0","0","0","0","3","3","0","0","0","0","0","0","0","0","0","0","-2"
"228653","The University of Texas Medical Branch at Galveston","2016","On-tenure track, associate professors","35","23","12","0","0","0","9","8","1","2","1","1","2","1","1","0","0","0","17","10","7","0","0","0","0","0","0","5","3","2","-2"
"228653","The University of Texas Medical Branch at Galveston","2016","On-tenure track, assistant professors","75","44","31","0","0","0","13","8","5","3","0","3","3","3","0","0","0","0","35","19","16","1","1","0","0","0","0","20","13","7","-2"
"228653","The University of Texas Medical Branch at Galveston","2016","Not on tenure track/No tenure system system total","113","47","66","0","0","0","13","6","7","5","1","4","11","5","6","1","1","0","74","29","45","2","1","1","0","0","0","7","4","3","-2"
"228653","The University of Texas Medical Branch at Galveston","2016","Not on tenure/no tenure system, professors","48","34","14","0","0","0","9","6","3","3","1","2","3","3","0","1","1","0","30","21","9","0","0","0","0","0","0","2","2","0","-2"
"228653","The University of Texas Medical Branch at Galveston","2016","Not on tenure/no tenure system, associate professors","24","5","19","0","0","0","3","0","3","1","0","1","3","2","1","0","0","0","15","2","13","0","0","0","0","0","0","2","1","1","-2"
"228653","The University of Texas Medical Branch at Galveston","2016","Not on tenure/no tenure system, assistant professors","38","6","32","0","0","0","1","0","1","1","0","1","5","0","5","0","0","0","28","5","23","2","1","1","0","0","0","1","0","1","-2"
"228653","The University of Texas Medical Branch at Galveston","2016","Not on tenure/no tenure system, instructors","2","1","1","0","0","0","0","0","0","0","0","0","0","0","0","0","0","0","0","0","0","0","0","0","0","0","0","2","1","1","-2"
"228653","The University of Texas Medical Branch at Galveston","2016","Not on tenure/no tenure system, lecturers","1","1","0","0","0","0","0","0","0","0","0","0","0","0","0","0","0","0","1","1","0","0","0","0","0","0","0","0","0","0","-2"
"228787","The University of Texas at Dallas","2016","Tenured total","373","301","72","0","0","0","99","82","17","6","3","3","10","10","0","1","1","0","232","184","48","5","5","0","2","2","0","18","14","4","-2"
"228787","The University of Texas at Dallas","2016","Tenured, professors","235","201","34","0","0","0","66","58","8","1","1","0","8","8","0","1","1","0","149","123","26","3","3","0","1","1","0","6","6","0","-2"
"228787","The University of Texas at Dallas","2016","Tenured, associate professors","138","100","38","0","0","0","33","24","9","5","2","3","2","2","0","0","0","0","83","61","22","2","2","0","1","1","0","12","8","4","-2"
"228787","The University of Texas at Dallas","2016","On-Tenure track total","151","113","38","0","0","0","36","30","6","6","4","2","7","5","2","0","0","0","61","43","18","2","2","0","7","4","3","32","25","7","-2"
"228787","The University of Texas at Dallas","2016","On-tenure track, associate professors","10","8","2","0","0","0","2","2","0","1","1","0","0","0","0","0","0","0","5","4","1","0","0","0","0","0","0","2","1","1","-2"
"228787","The University of Texas at Dallas","2016","On-tenure track, assistant professors","141","105","36","0","0","0","34","28","6","5","3","2","7","5","2","0","0","0","56","39","17","2","2","0","7","4","3","30","24","6","-2"
"228787","The University of Texas at Dallas","2016","Not on tenure track/No tenure system system total","321","169","152","0","0","0","52","23","29","7","3","4","11","8","3","0","0","0","226","116","110","3","3","0","9","6","3","13","10","3","-2"
"228787","The University of Texas at Dallas","2016","Not on tenure/no tenure system, lecturers","321","169","152","0","0","0","52","23","29","7","3","4","11","8","3","0","0","0","226","116","110","3","3","0","9","6","3","13","10","3","-2"
"228802","The University of Texas at Tyler","2016","Tenured total","119","76","43","1","1","0","14","11","3","7","4","3","3","3","0","0","0","0","94","57","37","0","0","0","0","0","0","0","0","0","-2"
"228802","The University of Texas at Tyler","2016","Tenured, professors","52","35","17","1","1","0","7","5","2","1","1","0","1","1","0","0","0","0","42","27","15","0","0","0","0","0","0","0","0","0","-2"
"228802","The University of Texas at Tyler","2016","Tenured, associate professors","65","40","25","0","0","0","5","5","0","6","3","3","2","2","0","0","0","0","52","30","22","0","0","0","0","0","0","0","0","0","-2"
"228802","The University of Texas at Tyler","2016","Tenured, assistant professors","2","1","1","0","0","0","2","1","1","0","0","0","0","0","0","0","0","0","0","0","0","0","0","0","0","0","0","0","0","0","-2"
"228802","The University of Texas at Tyler","2016","On-Tenure track total","101","43","58","0","0","0","13","7","6","5","1","4","4","3","1","0","0","0","74","28","46","0","0","0","1","1","0","4","3","1","-2"
"228802","The University of Texas at Tyler","2016","On-tenure track, professors","1","0","1","0","0","0","0","0","0","0","0","0","0","0","0","0","0","0","1","0","1","0","0","0","0","0","0","0","0","0","-2"
"228802","The University of Texas at Tyler","2016","On-tenure track, associate professors","5","1","4","0","0","0","0","0","0","0","0","0","0","0","0","0","0","0","4","0","4","0","0","0","1","1","0","0","0","0","-2"
"228802","The University of Texas at Tyler","2016","On-tenure track, assistant professors","95","42","53","0","0","0","13","7","6","5","1","4","4","3","1","0","0","0","69","28","41","0","0","0","0","0","0","4","3","1","-2"
"228802","The University of Texas at Tyler","2016","Not on tenure track/No tenure system system total","105","22","83","1","1","0","5","3","2","4","0","4","3","1","2","0","0","0","87","17","70","1","0","1","1","0","1","3","0","3","-2"
"228802","The University of Texas at Tyler","2016","Not on tenure/no tenure system, instructors","56","5","51","0","0","0","2","2","0","3","0","3","2","0","2","0","0","0","48","3","45","0","0","0","1","0","1","0","0","0","-2"
"228802","The University of Texas at Tyler","2016","Not on tenure/no tenure system, lecturers","49","17","32","1","1","0","3","1","2","1","0","1","1","1","0","0","0","0","39","14","25","1","0","1","0","0","0","3","0","3","-2"
"229267","Trinity University","2016","Tenured total","173","104","69","1","0","1","12","7","5","5","3","2","18","11","7","0","0","0","135","82","53","0","0","0","2","1","1","0","0","0","-2"
"229267","Trinity University","2016","Tenured, professors","84","52","32","0","0","0","4","3","1","0","0","0","3","2","1","0","0","0","76","46","30","0","0","0","1","1","0","0","0","0","-2"
"229267","Trinity University","2016","Tenured, associate professors","89","52","37","1","0","1","8","4","4","5","3","2","15","9","6","0","0","0","59","36","23","0","0","0","1","0","1","0","0","0","-2"
"229267","Trinity University","2016","On-Tenure track total","50","25","25","0","0","0","7","3","4","2","1","1","4","3","1","0","0","0","37","18","19","0","0","0","0","0","0","0","0","0","-2"
"229267","Trinity University","2016","On-tenure track, associate professors","1","0","1","0","0","0","0","0","0","0","0","0","0","0","0","0","0","0","1","0","1","0","0","0","0","0","0","0","0","0","-2"
"229267","Trinity University","2016","On-tenure track, assistant professors","49","25","24","0","0","0","7","3","4","2","1","1","4","3","1","0","0","0","36","18","18","0","0","0","0","0","0","0","0","0","-2"
"229267","Trinity University","2016","Not on tenure track/No tenure system system total","31","17","14","0","0","0","1","1","0","1","0","1","6","4","2","0","0","0","20","10","10","0","0","0","2","1","1","1","1","0","-2"
"229267","Trinity University","2016","Not on tenure/no tenure system, professors","3","3","0","0","0","0","1","1","0","0","0","0","0","0","0","0","0","0","2","2","0","0","0","0","0","0","0","0","0","0","-2"
"229267","Trinity University","2016","Not on tenure/no tenure system, associate professors","1","1","0","0","0","0","0","0","0","0","0","0","0","0","0","0","0","0","1","1","0","0","0","0","0","0","0","0","0","0","-2"
"229267","Trinity University","2016","Not on tenure/no tenure system, assistant professors","19","9","10","0","0","0","0","0","0","0","0","0","3","2","1","0","0","0","14","6","8","0","0","0","1","0","1","1","1","0","-2"
"229267","Trinity University","2016","Not on tenure/no tenure system, instructors","6","3","3","0","0","0","0","0","0","1","0","1","2","2","0","0","0","0","2","0","2","0","0","0","1","1","0","0","0","0","-2"
"229267","Trinity University","2016","Not on tenure/no tenure system, lecturers","1","0","1","0","0","0","0","0","0","0","0","0","1","0","1","0","0","0","0","0","0","0","0","0","0","0","0","0","0","0","-2"
"229267","Trinity University","2016","Not on tenure/no tenure system, no academic rank","1","1","0","0","0","0","0","0","0","0","0","0","0","0","0","0","0","0","1","1","0","0","0","0","0","0","0","0","0","0","-2"
"232706","Marymount University","2016","Tenured total","79","19","60","0","0","0","4","0","4","1","0","1","1","0","1","0","0","0","68","17","51","2","0","2","3","2","1","0","0","0","-2"
"232706","Marymount University","2016","Tenured, professors","42","8","34","0","0","0","2","0","2","1","0","1","1","0","1","0","0","0","35","6","29","1","0","1","2","2","0","0","0","0","-2"
"232706","Marymount University","2016","Tenured, associate professors","37","11","26","0","0","0","2","0","2","0","0","0","0","0","0","0","0","0","33","11","22","1","0","1","1","0","1","0","0","0","-2"
"232706","Marymount University","2016","On-Tenure track total","44","13","31","1","0","1","0","0","0","1","0","1","1","1","0","0","0","0","32","10","22","0","0","0","8","2","6","1","0","1","-2"
"232706","Marymount University","2016","On-tenure track, associate professors","4","1","3","0","0","0","0","0","0","0","0","0","0","0","0","0","0","0","1","0","1","0","0","0","3","1","2","0","0","0","-2"
"232706","Marymount University","2016","On-tenure track, assistant professors","40","12","28","1","0","1","0","0","0","1","0","1","1","1","0","0","0","0","31","10","21","0","0","0","5","1","4","1","0","1","-2"
"232706","Marymount University","2016","Not on tenure track/No tenure system system total","33","8","25","0","0","0","0","0","0","3","0","3","1","1","0","1","0","1","22","6","16","1","0","1","5","1","4","0","0","0","-2"
"232706","Marymount University","2016","Not on tenure/no tenure system, professors","2","2","0","0","0","0","0","0","0","0","0","0","0","0","0","0","0","0","2","2","0","0","0","0","0","0","0","0","0","0","-2"
"232706","Marymount University","2016","Not on tenure/no tenure system, associate professors","1","1","0","0","0","0","0","0","0","0","0","0","0","0","0","0","0","0","1","1","0","0","0","0","0","0","0","0","0","0","-2"
"232706","Marymount University","2016","Not on tenure/no tenure system, assistant professors","4","1","3","0","0","0","0","0","0","0","0","0","1","1","0","0","0","0","3","0","3","0","0","0","0","0","0","0","0","0","-2"
"232706","Marymount University","2016","Not on tenure/no tenure system, instructors","22","3","19","0","0","0","0","0","0","3","0","3","0","0","0","1","0","1","13","2","11","1","0","1","4","1","3","0","0","0","-2"
"232706","Marymount University","2016","Not on tenure/no tenure system, no academic rank","4","1","3","0","0","0","0","0","0","0","0","0","0","0","0","0","0","0","3","1","2","0","0","0","1","0","1","0","0","0","-2"
"234827","Central Washington University","2016","Tenured total","251","156","95","2","1","1","15","9","6","7","4","3","10","6","4","4","4","0","185","116","69","0","0","0","20","11","9","8","5","3","-2"
"234827","Central Washington University","2016","Tenured, professors","143","90","53","1","0","1","9","6","3","2","1","1","5","4","1","3","3","0","113","69","44","0","0","0","8","6","2","2","1","1","-2"
"234827","Central Washington University","2016","Tenured, associate professors","108","66","42","1","1","0","6","3","3","5","3","2","5","2","3","1","1","0","72","47","25","0","0","0","12","5","7","6","4","2","-2"
"234827","Central Washington University","2016","On-Tenure track total","95","43","52","0","0","0","4","1","3","1","0","1","4","0","4","0","0","0","48","15","33","0","0","0","35","25","10","3","2","1","-2"
"234827","Central Washington University","2016","On-tenure track, assistant professors","95","43","52","0","0","0","4","1","3","1","0","1","4","0","4","0","0","0","48","15","33","0","0","0","35","25","10","3","2","1","-2"
"234827","Central Washington University","2016","Not on tenure track/No tenure system system total","121","67","54","0","0","0","1","0","1","2","2","0","4","2","2","0","0","0","78","46","32","1","0","1","35","17","18","0","0","0","-2"
"234827","Central Washington University","2016","Not on tenure/no tenure system, lecturers","121","67","54","0","0","0","1","0","1","2","2","0","4","2","2","0","0","0","78","46","32","1","0","1","35","17","18","0","0","0","-2"
"235097","Eastern Washington University","2016","Tenured total","230","134","96","2","1","1","9","7","2","5","5","0","7","4","3","0","0","0","189","105","84","1","0","1","0","0","0","17","12","5","-2"
"235097","Eastern Washington University","2016","Tenured, professors","145","93","52","2","1","1","9","7","2","3","3","0","4","3","1","0","0","0","124","76","48","0","0","0","0","0","0","3","3","0","-2"
"235097","Eastern Washington University","2016","Tenured, associate professors","85","41","44","0","0","0","0","0","0","2","2","0","3","1","2","0","0","0","65","29","36","1","0","1","0","0","0","14","9","5","-2"
"235097","Eastern Washington University","2016","On-Tenure track total","100","50","50","2","0","2","2","0","2","2","2","0","5","1","4","0","0","0","67","36","31","2","1","1","0","0","0","20","10","10","-2"
"235097","Eastern Washington University","2016","On-tenure track, assistant professors","100","50","50","2","0","2","2","0","2","2","2","0","5","1","4","0","0","0","67","36","31","2","1","1","0","0","0","20","10","10","-2"
"235097","Eastern Washington University","2016","Not on tenure track/No tenure system system total","140","63","77","1","1","0","7","4","3","5","2","3","4","3","1","0","0","0","115","49","66","1","0","1","0","0","0","7","4","3","-2"
"235097","Eastern Washington University","2016","Not on tenure/no tenure system, lecturers","140","63","77","1","1","0","7","4","3","5","2","3","4","3","1","0","0","0","115","49","66","1","0","1","0","0","0","7","4","3","-2"
"235237","Pierce College District","2016","Tenured total","48","20","28","2","1","1","1","0","1","0","0","0","2","1","1","0","0","0","38","16","22","5","2","3","0","0","0","0","0","0","-2"
"235237","Pierce College District","2016","Tenured, no academic rank","48","20","28","2","1","1","1","0","1","0","0","0","2","1","1","0","0","0","38","16","22","5","2","3","0","0","0","0","0","0","-2"
"235237","Pierce College District","2016","On-Tenure track total","19","7","12","0","0","0","2","0","2","1","0","1","0","0","0","0","0","0","15","7","8","1","0","1","0","0","0","0","0","0","-2"
"235237","Pierce College District","2016","On-tenure track, no academic rank","19","7","12","0","0","0","2","0","2","1","0","1","0","0","0","0","0","0","15","7","8","1","0","1","0","0","0","0","0","0","-2"
"235237","Pierce College District","2016","Not on tenure track/No tenure system system total","9","2","7","0","0","0","0","0","0","0","0","0","0","0","0","0","0","0","9","2","7","0","0","0","0","0","0","0","0","0","-2"
"235237","Pierce College District","2016","Not on tenure/no tenure system, no academic rank","9","2","7","0","0","0","0","0","0","0","0","0","0","0","0","0","0","0","9","2","7","0","0","0","0","0","0","0","0","0","-2"
"236452","Saint Martin's University","2016","Tenured total","44","26","18","0","0","0","4","3","1","2","2","0","1","0","1","0","0","0","37","21","16","0","0","0","0","0","0","0","0","0","-2"
"236452","Saint Martin's University","2016","Tenured, professors","18","11","7","0","0","0","3","2","1","1","1","0","1","0","1","0","0","0","13","8","5","0","0","0","0","0","0","0","0","0","-2"
"236452","Saint Martin's University","2016","Tenured, associate professors","24","14","10","0","0","0","1","1","0","1","1","0","0","0","0","0","0","0","22","12","10","0","0","0","0","0","0","0","0","0","-2"
"236452","Saint Martin's University","2016","Tenured, assistant professors","2","1","1","0","0","0","0","0","0","0","0","0","0","0","0","0","0","0","2","1","1","0","0","0","0","0","0","0","0","0","-2"
"236452","Saint Martin's University","2016","On-Tenure track total","33","15","18","0","0","0","6","3","3","1","0","1","0","0","0","0","0","0","26","12","14","0","0","0","0","0","0","0","0","0","-2"
"236452","Saint Martin's University","2016","On-tenure track, professors","2","2","0","0","0","0","1","1","0","0","0","0","0","0","0","0","0","0","1","1","0","0","0","0","0","0","0","0","0","0","-2"
"236452","Saint Martin's University","2016","On-tenure track, associate professors","5","1","4","0","0","0","0","0","0","0","0","0","0","0","0","0","0","0","5","1","4","0","0","0","0","0","0","0","0","0","-2"
"236452","Saint Martin's University","2016","On-tenure track, assistant professors","26","12","14","0","0","0","5","2","3","1","0","1","0","0","0","0","0","0","20","10","10","0","0","0","0","0","0","0","0","0","-2"
"236452","Saint Martin's University","2016","Not on tenure track/No tenure system system total","6","4","2","1","1","0","0","0","0","0","0","0","0","0","0","0","0","0","5","3","2","0","0","0","0","0","0","0","0","0","-2"
"236452","Saint Martin's University","2016","Not on tenure/no tenure system, instructors","6","4","2","1","1","0","0","0","0","0","0","0","0","0","0","0","0","0","5","3","2","0","0","0","0","0","0","0","0","0","-2"
"236638","Skagit Valley College","2016","Tenured total","71","31","40","2","2","0","1","0","1","1","1","0","2","1","1","0","0","0","65","27","38","0","0","0","0","0","0","0","0","0","-2"
"236638","Skagit Valley College","2016","Tenured, no academic rank","71","31","40","2","2","0","1","0","1","1","1","0","2","1","1","0","0","0","65","27","38","0","0","0","0","0","0","0","0","0","-2"
"236638","Skagit Valley College","2016","On-Tenure track total","22","9","13","0","0","0","0","0","0","0","0","0","2","2","0","0","0","0","19","7","12","0","0","0","0","0","0","1","0","1","-2"
"236638","Skagit Valley College","2016","On-tenure track, no academic rank","22","9","13","0","0","0","0","0","0","0","0","0","2","2","0","0","0","0","19","7","12","0","0","0","0","0","0","1","0","1","-2"
"236638","Skagit Valley College","2016","Not on tenure track/No tenure system system total","10","4","6","0","0","0","1","0","1","0","0","0","1","0","1","0","0","0","8","4","4","0","0","0","0","0","0","0","0","0","-2"
"236638","Skagit Valley College","2016","Not on tenure/no tenure system, no academic rank","10","4","6","0","0","0","1","0","1","0","0","0","1","0","1","0","0","0","8","4","4","0","0","0","0","0","0","0","0","0","-2"
"236887","Walla Walla Community College","2016","Tenured total","65","34","31","4","3","1","1","0","1","1","0","1","1","1","0","0","0","0","57","30","27","1","0","1","0","0","0","0","0","0","-2"
"236887","Walla Walla Community College","2016","Tenured, no academic rank","65","34","31","4","3","1","1","0","1","1","0","1","1","1","0","0","0","0","57","30","27","1","0","1","0","0","0","0","0","0","-2"
"236887","Walla Walla Community College","2016","On-Tenure track total","12","4","8","0","0","0","0","0","0","0","0","0","0","0","0","0","0","0","12","4","8","0","0","0","0","0","0","0","0","0","-2"
"236887","Walla Walla Community College","2016","On-tenure track, no academic rank","12","4","8","0","0","0","0","0","0","0","0","0","0","0","0","0","0","0","12","4","8","0","0","0","0","0","0","0","0","0","-2"
"236887","Walla Walla Community College","2016","Not on tenure track/No tenure system system total","45","33","12","0","0","0","0","0","0","0","0","0","3","3","0","0","0","0","42","30","12","0","0","0","0","0","0","0","0","0","-2"
"236887","Walla Walla Community College","2016","Not on tenure/no tenure system, no academic rank","45","33","12","0","0","0","0","0","0","0","0","0","3","3","0","0","0","0","42","30","12","0","0","0","0","0","0","0","0","0","-2"
"236896","Walla Walla University","2016","Tenured total","58","39","19","0","0","0","1","1","0","1","1","0","0","0","0","0","0","0","13","7","6","0","0","0","43","30","13","0","0","0","-2"
"236896","Walla Walla University","2016","Tenured, professors","35","24","11","0","0","0","1","1","0","1","1","0","0","0","0","0","0","0","4","2","2","0","0","0","29","20","9","0","0","0","-2"
"236896","Walla Walla University","2016","Tenured, associate professors","16","10","6","0","0","0","0","0","0","0","0","0","0","0","0","0","0","0","7","4","3","0","0","0","9","6","3","0","0","0","-2"
"236896","Walla Walla University","2016","Tenured, assistant professors","7","5","2","0","0","0","0","0","0","0","0","0","0","0","0","0","0","0","2","1","1","0","0","0","5","4","1","0","0","0","-2"
"236896","Walla Walla University","2016","On-Tenure track total","29","13","16","0","0","0","0","0","0","0","0","0","0","0","0","0","0","0","17","8","9","0","0","0","12","5","7","0","0","0","-2"
"236896","Walla Walla University","2016","On-tenure track, professors","3","2","1","0","0","0","0","0","0","0","0","0","0","0","0","0","0","0","2","1","1","0","0","0","1","1","0","0","0","0","-2"
"236896","Walla Walla University","2016","On-tenure track, associate professors","5","0","5","0","0","0","0","0","0","0","0","0","0","0","0","0","0","0","2","0","2","0","0","0","3","0","3","0","0","0","-2"
"236896","Walla Walla University","2016","On-tenure track, assistant professors","19","10","9","0","0","0","0","0","0","0","0","0","0","0","0","0","0","0","12","6","6","0","0","0","7","4","3","0","0","0","-2"
"236896","Walla Walla University","2016","On-tenure track, instructors","2","1","1","0","0","0","0","0","0","0","0","0","0","0","0","0","0","0","1","1","0","0","0","0","1","0","1","0","0","0","-2"
"236896","Walla Walla University","2016","Not on tenure track/No tenure system system total","13","6","7","0","0","0","0","0","0","0","0","0","0","0","0","0","0","0","2","2","0","0","0","0","11","4","7","0","0","0","-2"
"236896","Walla Walla University","2016","Not on tenure/no tenure system, professors","4","3","1","0","0","0","0","0","0","0","0","0","0","0","0","0","0","0","0","0","0","0","0","0","4","3","1","0","0","0","-2"
"236896","Walla Walla University","2016","Not on tenure/no tenure system, associate professors","3","0","3","0","0","0","0","0","0","0","0","0","0","0","0","0","0","0","0","0","0","0","0","0","3","0","3","0","0","0","-2"
"236896","Walla Walla University","2016","Not on tenure/no tenure system, assistant professors","3","1","2","0","0","0","0","0","0","0","0","0","0","0","0","0","0","0","0","0","0","0","0","0","3","1","2","0","0","0","-2"
"236896","Walla Walla University","2016","Not on tenure/no tenure system, instructors","3","2","1","0","0","0","0","0","0","0","0","0","0","0","0","0","0","0","2","2","0","0","0","0","1","0","1","0","0","0","-2"
"238430","Cardinal Stritch University","2016","Tenured total","40","17","23","0","0","0","1","0","1","2","2","0","1","0","1","0","0","0","36","15","21","0","0","0","0","0","0","0","0","0","-2"
"238430","Cardinal Stritch University","2016","Tenured, professors","15","4","11","0","0","0","1","0","1","1","1","0","0","0","0","0","0","0","13","3","10","0","0","0","0","0","0","0","0","0","-2"
"238430","Cardinal Stritch University","2016","Tenured, associate professors","20","10","10","0","0","0","0","0","0","1","1","0","0","0","0","0","0","0","19","9","10","0","0","0","0","0","0","0","0","0","-2"
"238430","Cardinal Stritch University","2016","Tenured, no academic rank","5","3","2","0","0","0","0","0","0","0","0","0","1","0","1","0","0","0","4","3","1","0","0","0","0","0","0","0","0","0","-2"
"238430","Cardinal Stritch University","2016","On-Tenure track total","14","5","9","0","0","0","0","0","0","3","2","1","0","0","0","0","0","0","11","3","8","0","0","0","0","0","0","0","0","0","-2"
"238430","Cardinal Stritch University","2016","On-tenure track, associate professors","14","5","9","0","0","0","0","0","0","3","2","1","0","0","0","0","0","0","11","3","8","0","0","0","0","0","0","0","0","0","-2"
"238430","Cardinal Stritch University","2016","Not on tenure track/No tenure system system total","24","9","15","1","1","0","0","0","0","0","0","0","1","1","0","0","0","0","19","5","14","0","0","0","3","2","1","0","0","0","-2"
"238430","Cardinal Stritch University","2016","Not on tenure/no tenure system, professors","3","3","0","0","0","0","0","0","0","0","0","0","0","0","0","0","0","0","2","2","0","0","0","0","1","1","0","0","0","0","-2"
"238430","Cardinal Stritch University","2016","Not on tenure/no tenure system, associate professors","16","6","10","1","1","0","0","0","0","0","0","0","1","1","0","0","0","0","13","3","10","0","0","0","1","1","0","0","0","0","-2"
"238430","Cardinal Stritch University","2016","Not on tenure/no tenure system, assistant professors","5","0","5","0","0","0","0","0","0","0","0","0","0","0","0","0","0","0","4","0","4","0","0","0","1","0","1","0","0","0","-2"
"239309","Milwaukee Institute of Art & Design","2016","Not on tenure track/No tenure system system total","35","21","14","0","0","0","2","1","1","0","0","0","0","0","0","0","0","0","32","19","13","1","1","0","0","0","0","0","0","0","-2"
"239309","Milwaukee Institute of Art & Design","2016","Not on tenure/no tenure system, professors","24","15","9","0","0","0","2","1","1","0","0","0","0","0","0","0","0","0","22","14","8","0","0","0","0","0","0","0","0","0","-2"
"239309","Milwaukee Institute of Art & Design","2016","Not on tenure/no tenure system, associate professors","2","1","1","0","0","0","0","0","0","0","0","0","0","0","0","0","0","0","1","0","1","1","1","0","0","0","0","0","0","0","-2"
"239309","Milwaukee Institute of Art & Design","2016","Not on tenure/no tenure system, assistant professors","3","1","2","0","0","0","0","0","0","0","0","0","0","0","0","0","0","0","3","1","2","0","0","0","0","0","0","0","0","0","-2"
"239309","Milwaukee Institute of Art & Design","2016","Not on tenure/no tenure system, instructors","6","4","2","0","0","0","0","0","0","0","0","0","0","0","0","0","0","0","6","4","2","0","0","0","0","0","0","0","0","0","-2"
"240374","University of Wisconsin-Parkside","2016","Tenured total","76","40","36","0","0","0","20","10","10","4","4","0","5","2","3","0","0","0","46","23","23","0","0","0","0","0","0","1","1","0","-2"
"240374","University of Wisconsin-Parkside","2016","Tenured, professors","30","19","11","0","0","0","9","5","4","2","2","0","1","0","1","0","0","0","18","12","6","0","0","0","0","0","0","0","0","0","-2"
"240374","University of Wisconsin-Parkside","2016","Tenured, associate professors","46","21","25","0","0","0","11","5","6","2","2","0","4","2","2","0","0","0","28","11","17","0","0","0","0","0","0","1","1","0","-2"
"240374","University of Wisconsin-Parkside","2016","On-Tenure track total","36","21","15","0","0","0","1","1","0","1","1","0","1","1","0","0","0","0","30","17","13","0","0","0","1","1","0","2","0","2","-2"
"240374","University of Wisconsin-Parkside","2016","On-tenure track, associate professors","1","1","0","0","0","0","0","0","0","0","0","0","0","0","0","0","0","0","1","1","0","0","0","0","0","0","0","0","0","0","-2"
"240374","University of Wisconsin-Parkside","2016","On-tenure track, assistant professors","35","20","15","0","0","0","1","1","0","1","1","0","1","1","0","0","0","0","29","16","13","0","0","0","1","1","0","2","0","2","-2"
"240374","University of Wisconsin-Parkside","2016","Not on tenure track/No tenure system system total","49","21","28","1","1","0","2","1","1","2","1","1","3","1","2","0","0","0","41","17","24","0","0","0","0","0","0","0","0","0","-2"
"240374","University of Wisconsin-Parkside","2016","Not on tenure/no tenure system, assistant professors","2","2","0","0","0","0","0","0","0","0","0","0","1","1","0","0","0","0","1","1","0","0","0","0","0","0","0","0","0","0","-2"
"240374","University of Wisconsin-Parkside","2016","Not on tenure/no tenure system, lecturers","47","19","28","1","1","0","2","1","1","2","1","1","2","0","2","0","0","0","40","16","24","0","0","0","0","0","0","0","0","0","-2"
"243823","Parker University","2016","Not on tenure track/No tenure system system total","69","37","32","0","0","0","7","5","2","7","2","5","7","5","2","0","0","0","48","25","23","0","0","0","0","0","0","0","0","0","-2"
"243823","Parker University","2016","Not on tenure/no tenure system, professors","15","11","4","0","0","0","3","2","1","0","0","0","0","0","0","0","0","0","12","9","3","0","0","0","0","0","0","0","0","0","-2"
"243823","Parker University","2016","Not on tenure/no tenure system, associate professors","16","11","5","0","0","0","3","2","1","0","0","0","1","1","0","0","0","0","12","8","4","0","0","0","0","0","0","0","0","0","-2"
"243823","Parker University","2016","Not on tenure/no tenure system, assistant professors","16","7","9","0","0","0","1","1","0","2","2","0","3","1","2","0","0","0","10","3","7","0","0","0","0","0","0","0","0","0","-2"
"243823","Parker University","2016","Not on tenure/no tenure system, instructors","16","6","10","0","0","0","0","0","0","4","0","4","2","2","0","0","0","0","10","4","6","0","0","0","0","0","0","0","0","0","-2"
"243823","Parker University","2016","Not on tenure/no tenure system, lecturers","6","2","4","0","0","0","0","0","0","1","0","1","1","1","0","0","0","0","4","1","3","0","0","0","0","0","0","0","0","0","-2"
"244233","City College-Fort Lauderdale","2016","Not on tenure track/No tenure system system total","8","4","4","1","1","0","1","0","1","1","0","1","1","0","1","0","0","0","4","3","1","0","0","0","0","0","0","0","0","0","-2"
"244233","City College-Fort Lauderdale","2016","Not on tenure/no tenure system, instructors","8","4","4","1","1","0","1","0","1","1","0","1","1","0","1","0","0","0","4","3","1","0","0","0","0","0","0","0","0","0","-2"
"247834","Collin County Community College District","2016","Not on tenure track/No tenure system system total","398","170","228","4","2","2","26","6","20","20","9","11","24","9","15","0","0","0","320","141","179","4","3","1","0","0","0","0","0","0","-2"
"247834","Collin County Community College District","2016","Not on tenure/no tenure system, no academic rank","398","170","228","4","2","2","26","6","20","20","9","11","24","9","15","0","0","0","320","141","179","4","3","1","0","0","0","0","0","0","-2"
"262086","Brandman University","2016","Not on tenure track/No tenure system system total","76","27","49","0","0","0","5","3","2","5","3","2","4","2","2","0","0","0","44","13","31","1","0","1","17","6","11","0","0","0","-2"
"262086","Brandman University","2016","Not on tenure/no tenure system, professors","10","6","4","0","0","0","1","1","0","0","0","0","0","0","0","0","0","0","8","5","3","0","0","0","1","0","1","0","0","0","-2"
"262086","Brandman University","2016","Not on tenure/no tenure system, associate professors","18","9","9","0","0","0","2","2","0","2","2","0","0","0","0","0","0","0","10","3","7","0","0","0","4","2","2","0","0","0","-2"
"262086","Brandman University","2016","Not on tenure/no tenure system, assistant professors","48","12","36","0","0","0","2","0","2","3","1","2","4","2","2","0","0","0","26","5","21","1","0","1","12","4","8","0","0","0","-2"
"262129","New College of Florida","2016","Tenured total","52","24","28","0","0","0","1","1","0","1","0","1","3","1","2","0","0","0","46","22","24","0","0","0","0","0","0","1","0","1","-2"
"262129","New College of Florida","2016","Tenured, professors","30","17","13","0","0","0","0","0","0","0","0","0","1","1","0","0","0","0","29","16","13","0","0","0","0","0","0","0","0","0","-2"
"262129","New College of Florida","2016","Tenured, associate professors","22","7","15","0","0","0","1","1","0","1","0","1","2","0","2","0","0","0","17","6","11","0","0","0","0","0","0","1","0","1","-2"
"262129","New College of Florida","2016","On-Tenure track total","19","11","8","0","0","0","1","0","1","2","0","2","1","1","0","0","0","0","11","9","2","0","0","0","0","0","0","4","1","3","-2"
"262129","New College of Florida","2016","On-tenure track, assistant professors","19","11","8","0","0","0","1","0","1","2","0","2","1","1","0","0","0","0","11","9","2","0","0","0","0","0","0","4","1","3","-2"
"262129","New College of Florida","2016","Not on tenure track/No tenure system system total","7","2","5","0","0","0","0","0","0","0","0","0","0","0","0","0","0","0","6","2","4","0","0","0","0","0","0","1","0","1","-2"
"262129","New College of Florida","2016","Not on tenure/no tenure system, assistant professors","4","2","2","0","0","0","0","0","0","0","0","0","0","0","0","0","0","0","4","2","2","0","0","0","0","0","0","0","0","0","-2"
"262129","New College of Florida","2016","Not on tenure/no tenure system, instructors","1","0","1","0","0","0","0","0","0","0","0","0","0","0","0","0","0","0","1","0","1","0","0","0","0","0","0","0","0","0","-2"
"262129","New College of Florida","2016","Not on tenure/no tenure system, no academic rank","2","0","2","0","0","0","0","0","0","0","0","0","0","0","0","0","0","0","1","0","1","0","0","0","0","0","0","1","0","1","-2"
"377564","University of Washington-Tacoma Campus","2016","Tenured total","103","55","48","0","0","0","9","8","1","4","2","2","6","4","2","0","0","0","55","25","30","2","0","2","7","5","2","20","11","9","-2"
"377564","University of Washington-Tacoma Campus","2016","Tenured, professors","39","26","13","0","0","0","6","5","1","1","1","0","1","1","0","0","0","0","18","10","8","1","0","1","5","4","1","7","5","2","-2"
"377564","University of Washington-Tacoma Campus","2016","Tenured, associate professors","64","29","35","0","0","0","3","3","0","3","1","2","5","3","2","0","0","0","37","15","22","1","0","1","2","1","1","13","6","7","-2"
"377564","University of Washington-Tacoma Campus","2016","On-Tenure track total","58","26","32","1","0","1","2","0","2","1","0","1","4","2","2","0","0","0","28","14","14","2","0","2","1","1","0","19","9","10","-2"
"377564","University of Washington-Tacoma Campus","2016","On-tenure track, assistant professors","58","26","32","1","0","1","2","0","2","1","0","1","4","2","2","0","0","0","28","14","14","2","0","2","1","1","0","19","9","10","-2"
"377564","University of Washington-Tacoma Campus","2016","Not on tenure track/No tenure system system total","91","40","51","0","0","0","1","0","1","1","0","1","2","0","2","1","0","1","66","33","33","3","1","2","6","2","4","11","4","7","-2"
"377564","University of Washington-Tacoma Campus","2016","Not on tenure/no tenure system, professors","1","1","0","0","0","0","0","0","0","0","0","0","0","0","0","0","0","0","1","1","0","0","0","0","0","0","0","0","0","0","-2"
"377564","University of Washington-Tacoma Campus","2016","Not on tenure/no tenure system, lecturers","90","39","51","0","0","0","1","0","1","1","0","1","2","0","2","1","0","1","65","32","33","3","1","2","6","2","4","11","4","7","-2"
"385619","Everglades University","2016","Not on tenure track/No tenure system system total","78","52","26","0","0","0","2","1","1","8","4","4","6","5","1","1","1","0","58","41","17","3","0","3","0","0","0","0","0","0","-2"
"385619","Everglades University","2016","Not on tenure/no tenure system, instructors","78","52","26","0","0","0","2","1","1","8","4","4","6","5","1","1","1","0","58","41","17","3","0","3","0","0","0","0","0","0","-2"
"386472","Herzing University-Orlando","2016","Not on tenure track/No tenure system system total","26","4","22","0","0","0","0","0","0","5","1","4","3","0","3","0","0","0","14","3","11","3","0","3","1","0","1","0","0","0","-2"
"386472","Herzing University-Orlando","2016","Not on tenure/no tenure system, professors","2","1","1","0","0","0","0","0","0","0","0","0","0","0","0","0","0","0","2","1","1","0","0","0","0","0","0","0","0","0","-2"
"386472","Herzing University-Orlando","2016","Not on tenure/no tenure system, associate professors","7","0","7","0","0","0","0","0","0","3","0","3","1","0","1","0","0","0","2","0","2","0","0","0","1","0","1","0","0","0","-2"
"386472","Herzing University-Orlando","2016","Not on tenure/no tenure system, assistant professors","15","3","12","0","0","0","0","0","0","2","1","1","2","0","2","0","0","0","9","2","7","2","0","2","0","0","0","0","0","0","-2"
"386472","Herzing University-Orlando","2016","Not on tenure/no tenure system, instructors","2","0","2","0","0","0","0","0","0","0","0","0","0","0","0","0","0","0","1","0","1","1","0","1","0","0","0","0","0","0","-2"
"388520","College of Biblical Studies-Houston","2016","Not on tenure track/No tenure system system total","15","13","2","0","0","0","0","0","0","5","4","1","2","2","0","0","0","0","8","7","1","0","0","0","0","0","0","0","0","0","-2"
"388520","College of Biblical Studies-Houston","2016","Not on tenure/no tenure system, professors","12","10","2","0","0","0","0","0","0","4","3","1","1","1","0","0","0","0","7","6","1","0","0","0","0","0","0","0","0","0","-2"
"388520","College of Biblical Studies-Houston","2016","Not on tenure/no tenure system, associate professors","1","1","0","0","0","0","0","0","0","0","0","0","0","0","0","0","0","0","1","1","0","0","0","0","0","0","0","0","0","0","-2"
"388520","College of Biblical Studies-Houston","2016","Not on tenure/no tenure system, assistant professors","2","2","0","0","0","0","0","0","0","1","1","0","1","1","0","0","0","0","0","0","0","0","0","0","0","0","0","0","0","0","-2"
"418126","New York College of Health Professions","2016","Not on tenure track/No tenure system system total","13","8","5","0","0","0","8","5","3","0","0","0","0","0","0","0","0","0","5","3","2","0","0","0","0","0","0","0","0","0","-2"
"418126","New York College of Health Professions","2016","Not on tenure/no tenure system, no academic rank","13","8","5","0","0","0","8","5","3","0","0","0","0","0","0","0","0","0","5","3","2","0","0","0","0","0","0","0","0","0","-2"
"420574","Arizona State University-Polytechnic","2016","Tenured total","59","41","18","0","0","0","8","6","2","2","1","1","0","0","0","0","0","0","47","32","15","0","0","0","1","1","0","1","1","0","-2"
"420574","Arizona State University-Polytechnic","2016","Tenured, professors","24","20","4","0","0","0","2","2","0","1","1","0","0","0","0","0","0","0","21","17","4","0","0","0","0","0","0","0","0","0","-2"
"420574","Arizona State University-Polytechnic","2016","Tenured, associate professors","35","21","14","0","0","0","6","4","2","1","0","1","0","0","0","0","0","0","26","15","11","0","0","0","1","1","0","1","1","0","-2"
"420574","Arizona State University-Polytechnic","2016","On-Tenure track total","36","24","12","0","0","0","9","6","3","1","0","1","2","1","1","0","0","0","19","13","6","2","1","1","1","1","0","2","2","0","-2"
"420574","Arizona State University-Polytechnic","2016","On-tenure track, assistant professors","36","24","12","0","0","0","9","6","3","1","0","1","2","1","1","0","0","0","19","13","6","2","1","1","1","1","0","2","2","0","-2"
"420574","Arizona State University-Polytechnic","2016","Not on tenure track/No tenure system system total","103","49","54","1","1","0","7","3","4","4","2","2","6","3","3","0","0","0","79","37","42","3","1","2","1","1","0","2","1","1","-2"
"420574","Arizona State University-Polytechnic","2016","Not on tenure/no tenure system, professors","4","4","0","1","1","0","0","0","0","0","0","0","0","0","0","0","0","0","3","3","0","0","0","0","0","0","0","0","0","0","-2"
"420574","Arizona State University-Polytechnic","2016","Not on tenure/no tenure system, associate professors","5","1","4","0","0","0","0","0","0","1","0","1","1","0","1","0","0","0","2","0","2","1","1","0","0","0","0","0","0","0","-2"
"420574","Arizona State University-Polytechnic","2016","Not on tenure/no tenure system, assistant professors","4","0","4","0","0","0","0","0","0","0","0","0","1","0","1","0","0","0","3","0","3","0","0","0","0","0","0","0","0","0","-2"
"420574","Arizona State University-Polytechnic","2016","Not on tenure/no tenure system, instructors","36","12","24","0","0","0","2","0","2","2","1","1","1","0","1","0","0","0","28","10","18","2","0","2","1","1","0","0","0","0","-2"
"420574","Arizona State University-Polytechnic","2016","Not on tenure/no tenure system, lecturers","54","32","22","0","0","0","5","3","2","1","1","0","3","3","0","0","0","0","43","24","19","0","0","0","0","0","0","2","1","1","-2"
"426314","Embry-Riddle Aeronautical University-Worldwide","2016","Tenured total","6","3","3","0","0","0","0","0","0","0","0","0","0","0","0","0","0","0","6","3","3","0","0","0","0","0","0","0","0","0","-2"
"426314","Embry-Riddle Aeronautical University-Worldwide","2016","Tenured, professors","1","0","1","0","0","0","0","0","0","0","0","0","0","0","0","0","0","0","1","0","1","0","0","0","0","0","0","0","0","0","-2"
"426314","Embry-Riddle Aeronautical University-Worldwide","2016","Tenured, associate professors","4","2","2","0","0","0","0","0","0","0","0","0","0","0","0","0","0","0","4","2","2","0","0","0","0","0","0","0","0","0","-2"
"426314","Embry-Riddle Aeronautical University-Worldwide","2016","Tenured, assistant professors","1","1","0","0","0","0","0","0","0","0","0","0","0","0","0","0","0","0","1","1","0","0","0","0","0","0","0","0","0","0","-2"
"426314","Embry-Riddle Aeronautical University-Worldwide","2016","On-Tenure track total","28","13","15","0","0","0","1","1","0","3","0","3","0","0","0","0","0","0","23","11","12","0","0","0","0","0","0","1","1","0","-2"
"426314","Embry-Riddle Aeronautical University-Worldwide","2016","On-tenure track, associate professors","4","4","0","0","0","0","1","1","0","0","0","0","0","0","0","0","0","0","3","3","0","0","0","0","0","0","0","0","0","0","-2"
"426314","Embry-Riddle Aeronautical University-Worldwide","2016","On-tenure track, assistant professors","24","9","15","0","0","0","0","0","0","3","0","3","0","0","0","0","0","0","20","8","12","0","0","0","0","0","0","1","1","0","-2"
"426314","Embry-Riddle Aeronautical University-Worldwide","2016","Not on tenure track/No tenure system system total","55","39","16","0","0","0","0","0","0","5","4","1","1","1","0","0","0","0","46","32","14","1","0","1","2","2","0","0","0","0","-2"
"426314","Embry-Riddle Aeronautical University-Worldwide","2016","Not on tenure/no tenure system, professors","2","2","0","0","0","0","0","0","0","0","0","0","0","0","0","0","0","0","2","2","0","0","0","0","0","0","0","0","0","0","-2"
"426314","Embry-Riddle Aeronautical University-Worldwide","2016","Not on tenure/no tenure system, associate professors","9","8","1","0","0","0","0","0","0","0","0","0","0","0","0","0","0","0","9","8","1","0","0","0","0","0","0","0","0","0","-2"
"426314","Embry-Riddle Aeronautical University-Worldwide","2016","Not on tenure/no tenure system, assistant professors","37","26","11","0","0","0","0","0","0","5","4","1","1","1","0","0","0","0","29","20","9","1","0","1","1","1","0","0","0","0","-2"
"426314","Embry-Riddle Aeronautical University-Worldwide","2016","Not on tenure/no tenure system, instructors","7","3","4","0","0","0","0","0","0","0","0","0","0","0","0","0","0","0","6","2","4","0","0","0","1","1","0","0","0","0","-2"
"433660","Florida Gulf Coast University","2016","Tenured total","4","1","3","0","0","0","0","0","0","0","0","0","1","0","1","0","0","0","3","1","2","0","0","0","0","0","0","0","0","0","-2"
"433660","Florida Gulf Coast University","2016","Tenured, professors","3","1","2","0","0","0","0","0","0","0","0","0","1","0","1","0","0","0","2","1","1","0","0","0","0","0","0","0","0","0","-2"
"433660","Florida Gulf Coast University","2016","Tenured, associate professors","1","0","1","0","0","0","0","0","0","0","0","0","0","0","0","0","0","0","1","0","1","0","0","0","0","0","0","0","0","0","-2"
"433660","Florida Gulf Coast University","2016","Not on tenure track/No tenure system system total","459","250","209","2","2","0","32","24","8","16","9","7","27","11","16","0","0","0","363","193","170","3","3","0","0","0","0","16","8","8","-2"
"433660","Florida Gulf Coast University","2016","Not on tenure/no tenure system, professors","68","45","23","0","0","0","2","2","0","1","0","1","5","3","2","0","0","0","58","38","20","1","1","0","0","0","0","1","1","0","-2"
"433660","Florida Gulf Coast University","2016","Not on tenure/no tenure system, associate professors","119","77","42","0","0","0","15","11","4","7","5","2","5","2","3","0","0","0","90","58","32","0","0","0","0","0","0","2","1","1","-2"
"433660","Florida Gulf Coast University","2016","Not on tenure/no tenure system, assistant professors","154","84","70","2","2","0","14","10","4","5","2","3","9","5","4","0","0","0","111","59","52","1","1","0","0","0","0","12","5","7","-2"
"433660","Florida Gulf Coast University","2016","Not on tenure/no tenure system, instructors","117","43","74","0","0","0","1","1","0","3","2","1","8","1","7","0","0","0","103","37","66","1","1","0","0","0","0","1","1","0","-2"
"433660","Florida Gulf Coast University","2016","Not on tenure/no tenure system, lecturers","1","1","0","0","0","0","0","0","0","0","0","0","0","0","0","0","0","0","1","1","0","0","0","0","0","0","0","0","0","0","-2"
"439288","Johnson & Wales University-Denver","2016","Not on tenure track/No tenure system system total","52","27","25","0","0","0","0","0","0","0","0","0","2","1","1","0","0","0","50","26","24","0","0","0","0","0","0","0","0","0","-2"
"439288","Johnson & Wales University-Denver","2016","Not on tenure/no tenure system, professors","4","2","2","0","0","0","0","0","0","0","0","0","1","0","1","0","0","0","3","2","1","0","0","0","0","0","0","0","0","0","-2"
"439288","Johnson & Wales University-Denver","2016","Not on tenure/no tenure system, associate professors","23","13","10","0","0","0","0","0","0","0","0","0","1","1","0","0","0","0","22","12","10","0","0","0","0","0","0","0","0","0","-2"
"439288","Johnson & Wales University-Denver","2016","Not on tenure/no tenure system, assistant professors","14","7","7","0","0","0","0","0","0","0","0","0","0","0","0","0","0","0","14","7","7","0","0","0","0","0","0","0","0","0","-2"
"439288","Johnson & Wales University-Denver","2016","Not on tenure/no tenure system, instructors","8","4","4","0","0","0","0","0","0","0","0","0","0","0","0","0","0","0","8","4","4","0","0","0","0","0","0","0","0","0","-2"
"439288","Johnson & Wales University-Denver","2016","Not on tenure/no tenure system, lecturers","3","1","2","0","0","0","0","0","0","0","0","0","0","0","0","0","0","0","3","1","2","0","0","0","0","0","0","0","0","0","-2"
"446233","Ecclesia College","2016","Not on tenure track/No tenure system system total","20","16","4","0","0","0","0","0","0","0","0","0","1","0","1","0","0","0","17","14","3","0","0","0","2","2","0","0","0","0","-2"
"446233","Ecclesia College","2016","Not on tenure/no tenure system, no academic rank","20","16","4","0","0","0","0","0","0","0","0","0","1","0","1","0","0","0","17","14","3","0","0","0","2","2","0","0","0","0","-2"
"447689","Georgia Gwinnett College","2016","Not on tenure track/No tenure system system total","442","220","222","2","1","1","48","25","23","45","19","26","15","10","5","0","0","0","308","149","159","1","1","0","3","3","0","20","12","8","-2"
"447689","Georgia Gwinnett College","2016","Not on tenure/no tenure system, professors","39","23","16","0","0","0","7","5","2","5","3","2","0","0","0","0","0","0","27","15","12","0","0","0","0","0","0","0","0","0","-2"
"447689","Georgia Gwinnett College","2016","Not on tenure/no tenure system, associate professors","122","68","54","1","0","1","20","10","10","15","5","10","4","3","1","0","0","0","76","46","30","0","0","0","1","1","0","5","3","2","-2"
"447689","Georgia Gwinnett College","2016","Not on tenure/no tenure system, assistant professors","242","120","122","1","1","0","19","10","9","22","11","11","10","7","3","0","0","0","172","79","93","1","1","0","2","2","0","15","9","6","-2"
"447689","Georgia Gwinnett College","2016","Not on tenure/no tenure system, instructors","39","9","30","0","0","0","2","0","2","3","0","3","1","0","1","0","0","0","33","9","24","0","0","0","0","0","0","0","0","0","-2"
"448761","CollegeAmerica-Fort Collins","2016","Not on tenure track/No tenure system system total","3","2","1","0","0","0","0","0","0","0","0","0","1","0","1","0","0","0","2","2","0","0","0","0","0","0","0","0","0","0","-2"
"448761","CollegeAmerica-Fort Collins","2016","Not on tenure/no tenure system, no academic rank","3","2","1","0","0","0","0","0","0","0","0","0","1","0","1","0","0","0","2","2","0","0","0","0","0","0","0","0","0","0","-2"
"448840","University of South Florida-St Petersburg","2016","Tenured total","64","38","26","0","0","0","5","3","2","1","0","1","8","4","4","0","0","0","47","29","18","1","1","0","0","0","0","2","1","1","-2"
"448840","University of South Florida-St Petersburg","2016","Tenured, professors","30","21","9","0","0","0","4","2","2","0","0","0","2","2","0","0","0","0","24","17","7","0","0","0","0","0","0","0","0","0","-2"
"448840","University of South Florida-St Petersburg","2016","Tenured, associate professors","34","17","17","0","0","0","1","1","0","1","0","1","6","2","4","0","0","0","23","12","11","1","1","0","0","0","0","2","1","1","-2"
"448840","University of South Florida-St Petersburg","2016","On-Tenure track total","35","14","21","0","0","0","3","1","2","3","3","0","4","2","2","0","0","0","23","7","16","0","0","0","0","0","0","2","1","1","-2"
"448840","University of South Florida-St Petersburg","2016","On-tenure track, associate professors","4","2","2","0","0","0","1","0","1","0","0","0","0","0","0","0","0","0","3","2","1","0","0","0","0","0","0","0","0","0","-2"
"448840","University of South Florida-St Petersburg","2016","On-tenure track, assistant professors","29","12","17","0","0","0","2","1","1","3","3","0","4","2","2","0","0","0","18","5","13","0","0","0","0","0","0","2","1","1","-2"
"448840","University of South Florida-St Petersburg","2016","On-tenure track, instructors","2","0","2","0","0","0","0","0","0","0","0","0","0","0","0","0","0","0","2","0","2","0","0","0","0","0","0","0","0","0","-2"
"448840","University of South Florida-St Petersburg","2016","Not on tenure track/No tenure system system total","42","19","23","0","0","0","6","2","4","3","0","3","0","0","0","0","0","0","30","15","15","0","0","0","0","0","0","3","2","1","-2"
"448840","University of South Florida-St Petersburg","2016","Not on tenure/no tenure system, assistant professors","5","1","4","0","0","0","1","0","1","0","0","0","0","0","0","0","0","0","3","1","2","0","0","0","0","0","0","1","0","1","-2"
"448840","University of South Florida-St Petersburg","2016","Not on tenure/no tenure system, instructors","33","17","16","0","0","0","4","2","2","2","0","2","0","0","0","0","0","0","25","13","12","0","0","0","0","0","0","2","2","0","-2"
"448840","University of South Florida-St Petersburg","2016","Not on tenure/no tenure system, no academic rank","4","1","3","0","0","0","1","0","1","1","0","1","0","0","0","0","0","0","2","1","1","0","0","0","0","0","0","0","0","0","-2"
"451671","University of South Florida-Sarasota-Manatee","2016","Tenured total","24","11","13","0","0","0","4","2","2","2","1","1","0","0","0","0","0","0","17","7","10","0","0","0","0","0","0","1","1","0","-2"
"451671","University of South Florida-Sarasota-Manatee","2016","Tenured, professors","5","4","1","0","0","0","1","1","0","0","0","0","0","0","0","0","0","0","4","3","1","0","0","0","0","0","0","0","0","0","-2"
"451671","University of South Florida-Sarasota-Manatee","2016","Tenured, associate professors","19","7","12","0","0","0","3","1","2","2","1","1","0","0","0","0","0","0","13","4","9","0","0","0","0","0","0","1","1","0","-2"
"451671","University of South Florida-Sarasota-Manatee","2016","On-Tenure track total","21","12","9","0","0","0","1","0","1","2","1","1","2","2","0","0","0","0","13","7","6","0","0","0","0","0","0","3","2","1","-2"
"451671","University of South Florida-Sarasota-Manatee","2016","On-tenure track, associate professors","2","2","0","0","0","0","0","0","0","1","1","0","0","0","0","0","0","0","1","1","0","0","0","0","0","0","0","0","0","0","-2"
"451671","University of South Florida-Sarasota-Manatee","2016","On-tenure track, assistant professors","19","10","9","0","0","0","1","0","1","1","0","1","2","2","0","0","0","0","12","6","6","0","0","0","0","0","0","3","2","1","-2"
"451671","University of South Florida-Sarasota-Manatee","2016","Not on tenure track/No tenure system system total","39","20","19","0","0","0","3","1","2","1","0","1","3","1","2","0","0","0","28","14","14","0","0","0","0","0","0","4","4","0","-2"
"451671","University of South Florida-Sarasota-Manatee","2016","Not on tenure/no tenure system, assistant professors","1","0","1","0","0","0","0","0","0","0","0","0","0","0","0","0","0","0","1","0","1","0","0","0","0","0","0","0","0","0","-2"
"451671","University of South Florida-Sarasota-Manatee","2016","Not on tenure/no tenure system, instructors","36","19","17","0","0","0","3","1","2","1","0","1","2","1","1","0","0","0","26","13","13","0","0","0","0","0","0","4","4","0","-2"
"451671","University of South Florida-Sarasota-Manatee","2016","Not on tenure/no tenure system, no academic rank","2","1","1","0","0","0","0","0","0","0","0","0","1","0","1","0","0","0","1","1","0","0","0","0","0","0","0","0","0","0","-2"
"455664","The Chicago School of Professional Psychology at Los Angeles","2016","Not on tenure track/No tenure system system total","21","13","8","0","0","0","0","0","0","5","1","4","1","1","0","0","0","0","13","9","4","1","1","0","1","1","0","0","0","0","-2"
"455664","The Chicago School of Professional Psychology at Los Angeles","2016","Not on tenure/no tenure system, professors","4","3","1","0","0","0","0","0","0","2","1","1","0","0","0","0","0","0","1","1","0","0","0","0","1","1","0","0","0","0","-2"
"455664","The Chicago School of Professional Psychology at Los Angeles","2016","Not on tenure/no tenure system, associate professors","12","8","4","0","0","0","0","0","0","3","0","3","1","1","0","0","0","0","7","6","1","1","1","0","0","0","0","0","0","0","-2"
"455664","The Chicago School of Professional Psychology at Los Angeles","2016","Not on tenure/no tenure system, assistant professors","5","2","3","0","0","0","0","0","0","0","0","0","0","0","0","0","0","0","5","2","3","0","0","0","0","0","0","0","0","0","-2"
"459824","Touro University Nevada","2016","Not on tenure track/No tenure system system total","77","38","39","0","0","0","8","4","4","2","0","2","1","0","1","1","1","0","60","32","28","2","0","2","3","1","2","0","0","0","-2"
"459824","Touro University Nevada","2016","Not on tenure/no tenure system, professors","8","8","0","0","0","0","3","3","0","0","0","0","0","0","0","0","0","0","5","5","0","0","0","0","0","0","0","0","0","0","-2"
"459824","Touro University Nevada","2016","Not on tenure/no tenure system, associate professors","17","7","10","0","0","0","2","0","2","0","0","0","0","0","0","0","0","0","13","7","6","2","0","2","0","0","0","0","0","0","-2"
"459824","Touro University Nevada","2016","Not on tenure/no tenure system, assistant professors","50","22","28","0","0","0","3","1","2","2","0","2","1","0","1","0","0","0","41","20","21","0","0","0","3","1","2","0","0","0","-2"
"459824","Touro University Nevada","2016","Not on tenure/no tenure system, instructors","2","1","1","0","0","0","0","0","0","0","0","0","0","0","0","1","1","0","1","0","1","0","0","0","0","0","0","0","0","0","-2"
"459842","Herzing University-Kenosha","2016","Not on tenure track/No tenure system system total","16","2","14","0","0","0","1","0","1","0","0","0","1","0","1","0","0","0","12","2","10","0","0","0","2","0","2","0","0","0","-2"
"459842","Herzing University-Kenosha","2016","Not on tenure/no tenure system, professors","2","1","1","0","0","0","0","0","0","0","0","0","0","0","0","0","0","0","2","1","1","0","0","0","0","0","0","0","0","0","-2"
"459842","Herzing University-Kenosha","2016","Not on tenure/no tenure system, associate professors","4","0","4","0","0","0","0","0","0","0","0","0","0","0","0","0","0","0","4","0","4","0","0","0","0","0","0","0","0","0","-2"
"459842","Herzing University-Kenosha","2016","Not on tenure/no tenure system, assistant professors","10","1","9","0","0","0","1","0","1","0","0","0","1","0","1","0","0","0","6","1","5","0","0","0","2","0","2","0","0","0","-2"
"460899","Stevens-Henager College","2016","Not on tenure track/No tenure system system total","6","4","2","0","0","0","0","0","0","0","0","0","0","0","0","0","0","0","6","4","2","0","0","0","0","0","0","0","0","0","-2"
"460899","Stevens-Henager College","2016","Not on tenure/no tenure system, no academic rank","6","4","2","0","0","0","0","0","0","0","0","0","0","0","0","0","0","0","6","4","2","0","0","0","0","0","0","0","0","0","-2"
"461795","North American University","2016","Not on tenure track/No tenure system system total","15","8","7","0","0","0","0","0","0","1","0","1","0","0","0","0","0","0","11","7","4","0","0","0","0","0","0","3","1","2","-2"
"461795","North American University","2016","Not on tenure/no tenure system, associate professors","7","5","2","0","0","0","0","0","0","0","0","0","0","0","0","0","0","0","6","5","1","0","0","0","0","0","0","1","0","1","-2"
"461795","North American University","2016","Not on tenure/no tenure system, assistant professors","6","2","4","0","0","0","0","0","0","0","0","0","0","0","0","0","0","0","4","1","3","0","0","0","0","0","0","2","1","1","-2"
"461795","North American University","2016","Not on tenure/no tenure system, instructors","2","1","1","0","0","0","0","0","0","1","0","1","0","0","0","0","0","0","1","1","0","0","0","0","0","0","0","0","0","0","-2"
"482936","Florida Polytechnic University","2016","Not on tenure track/No tenure system system total","58","44","14","0","0","0","15","12","3","1","1","0","2","2","0","0","0","0","40","29","11","0","0","0","0","0","0","0","0","0","-2"
"482936","Florida Polytechnic University","2016","Not on tenure/no tenure system, professors","4","4","0","0","0","0","1","1","0","0","0","0","0","0","0","0","0","0","3","3","0","0","0","0","0","0","0","0","0","0","-2"
"482936","Florida Polytechnic University","2016","Not on tenure/no tenure system, associate professors","14","11","3","0","0","0","5","4","1","0","0","0","1","1","0","0","0","0","8","6","2","0","0","0","0","0","0","0","0","0","-2"
"482936","Florida Polytechnic University","2016","Not on tenure/no tenure system, assistant professors","40","29","11","0","0","0","9","7","2","1","1","0","1","1","0","0","0","0","29","20","9","0","0","0","0","0","0","0","0","0","-2"
"483124","Arizona State University Digital Immersion","2016","Tenured total","137","90","47","1","0","1","14","9","5","4","1","3","8","7","1","0","0","0","102","68","34","2","1","1","1","1","0","5","3","2","-2"
"483124","Arizona State University Digital Immersion","2016","Tenured, professors","61","51","10","0","0","0","7","6","1","0","0","0","5","4","1","0","0","0","47","39","8","1","1","0","0","0","0","1","1","0","-2"
"483124","Arizona State University Digital Immersion","2016","Tenured, associate professors","76","39","37","1","0","1","7","3","4","4","1","3","3","3","0","0","0","0","55","29","26","1","0","1","1","1","0","4","2","2","-2"
"483124","Arizona State University Digital Immersion","2016","On-Tenure track total","46","19","27","0","0","0","6","2","4","0","0","0","3","1","2","0","0","0","27","11","16","2","0","2","2","2","0","6","3","3","-2"
"483124","Arizona State University Digital Immersion","2016","On-tenure track, associate professors","2","2","0","0","0","0","0","0","0","0","0","0","0","0","0","0","0","0","2","2","0","0","0","0","0","0","0","0","0","0","-2"
"483124","Arizona State University Digital Immersion","2016","On-tenure track, assistant professors","44","17","27","0","0","0","6","2","4","0","0","0","3","1","2","0","0","0","25","9","16","2","0","2","2","2","0","6","3","3","-2"
"483124","Arizona State University Digital Immersion","2016","Not on tenure track/No tenure system system total","398","159","239","2","0","2","19","7","12","15","5","10","36","13","23","2","1","1","309","128","181","3","0","3","6","3","3","6","2","4","-2"
"483124","Arizona State University Digital Immersion","2016","Not on tenure/no tenure system, professors","12","10","2","0","0","0","0","0","0","0","0","0","1","0","1","0","0","0","10","9","1","0","0","0","1","1","0","0","0","0","-2"
"483124","Arizona State University Digital Immersion","2016","Not on tenure/no tenure system, associate professors","34","8","26","0","0","0","1","1","0","2","1","1","2","0","2","0","0","0","28","6","22","1","0","1","0","0","0","0","0","0","-2"
"483124","Arizona State University Digital Immersion","2016","Not on tenure/no tenure system, assistant professors","29","6","23","0","0","0","1","0","1","0","0","0","4","1","3","1","0","1","22","4","18","0","0","0","0","0","0","1","1","0","-2"
"483124","Arizona State University Digital Immersion","2016","Not on tenure/no tenure system, instructors","136","55","81","1","0","1","4","1","3","7","2","5","15","5","10","0","0","0","106","45","61","0","0","0","3","2","1","0","0","0","-2"
"483124","Arizona State University Digital Immersion","2016","Not on tenure/no tenure system, lecturers","187","80","107","1","0","1","13","5","8","6","2","4","14","7","7","1","1","0","143","64","79","2","0","2","2","0","2","5","1","4","-2"
"484473","University of Florida-Online","2016","Not on tenure track/No tenure system system total","1","0","1","0","0","0","0","0","0","0","0","0","0","0","0","0","0","0","1","0","1","0","0","0","0","0","0","0","0","0","-2"
"484473","University of Florida-Online","2016","Not on tenure/no tenure system, no academic rank","1","0","1","0","0","0","0","0","0","0","0","0","0","0","0","0","0","0","1","0","1","0","0","0","0","0","0","0","0","0","-2"
