"unitid","institution name","year","S2010_F.Tenure status and academic rank of full-time instruction/research/public service staff","S2010_F_RV.Grand total","S2010_F_RV.Grand total men","S2010_F_RV.Grand total women","S2010_F_RV.American Indian or Alaska Native total","S2010_F_RV.American Indian or Alaska Native men","S2010_F_RV.American Indian or Alaska Native women","S2010_F_RV.Asian total","S2010_F_RV.Asian men","S2010_F_RV.Asian women","S2010_F_RV.Black or African American total","S2010_F_RV.Black or African American men","S2010_F_RV.Black or African American women","S2010_F_RV.Hispanic or Latino total","S2010_F_RV.Hispanic or Latino men","S2010_F_RV.Hispanic or Latino women","S2010_F_RV.Native Hawaiian or Other Pacific Islander total","S2010_F_RV.Native Hawaiian or Other Pacific Islander men","S2010_F_RV.Native Hawaiian or Other Pacific Islander women","S2010_F_RV.White total","S2010_F_RV.White men","S2010_F_RV.White women","S2010_F_RV.Two or more races total","S2010_F_RV.Two or more races men","S2010_F_RV.Two or more races women","S2010_F_RV.Race/ethnicity unknown total","S2010_F_RV.Race/ethnicity unknown men","S2010_F_RV.Race/ethnicity unknown women","S2010_F_RV.Nonresident alien total","S2010_F_RV.Nonresident alien men","S2010_F_RV.Nonresident alien women","IDX_HR"
"109350","Antelope Valley College","2010","Total full-time Instruction/research/public service, Tenured, Professors","71","31","40","0","0","0","2","1","1","6","2","4","2","0","2","0","0","0","59","27","32","0","0","0","2","1","1","0","0","0","-2"
"109350","Antelope Valley College","2010","Total full-time Instruction/research/public service, Tenured, Associate professors","21","13","8","0","0","0","2","1","1","0","0","0","4","4","0","0","0","0","14","7","7","0","0","0","1","1","0","0","0","0","-2"
"109350","Antelope Valley College","2010","Total full-time Instruction/research/public service, Tenured, Assistant professors","8","0","8","0","0","0","0","0","0","0","0","0","1","0","1","0","0","0","7","0","7","0","0","0","0","0","0","0","0","0","-2"
"109350","Antelope Valley College","2010","Total full-time Instruction/research/public service, Tenured, Instructors","50","31","19","0","0","0","2","2","0","4","2","2","5","2","3","0","0","0","36","24","12","0","0","0","3","1","2","0","0","0","-2"
"109350","Antelope Valley College","2010","Total full-time Instruction/research/public service, Tenured total","150","75","75","0","0","0","6","4","2","10","4","6","12","6","6","0","0","0","116","58","58","0","0","0","6","3","3","0","0","0","-2"
"109350","Antelope Valley College","2010","Total full-time Instruction/research/public service, Non-tenured on tenure track, Professors","2","1","1","1","1","0","0","0","0","0","0","0","0","0","0","0","0","0","1","0","1","0","0","0","0","0","0","0","0","0","-2"
"109350","Antelope Valley College","2010","Total full-time Instruction/research/public service, Non-tenured on tenure track, Associate professors","3","3","0","0","0","0","0","0","0","0","0","0","0","0","0","0","0","0","3","3","0","0","0","0","0","0","0","0","0","0","-2"
"109350","Antelope Valley College","2010","Total full-time Instruction/research/public service, Non-tenured on tenure track, Assistant professors","1","0","1","0","0","0","0","0","0","0","0","0","0","0","0","0","0","0","1","0","1","0","0","0","0","0","0","0","0","0","-2"
"109350","Antelope Valley College","2010","Total full-time Instruction/research/public service, Non-tenured on tenure track, Instructors","25","13","12","0","0","0","2","2","0","2","1","1","2","2","0","0","0","0","19","8","11","0","0","0","0","0","0","0","0","0","-2"
"109350","Antelope Valley College","2010","Total full-time Instruction/research/public service, Non-tenured on tenure track total","31","17","14","1","1","0","2","2","0","2","1","1","2","2","0","0","0","0","24","11","13","0","0","0","0","0","0","0","0","0","-2"
"109350","Antelope Valley College","2010","Total full-time Instruction/research/public service, Non-tenured not on tenure track, Instructors","2","1","1","0","0","0","0","0","0","1","1","0","1","0","1","0","0","0","0","0","0","0","0","0","0","0","0","0","0","0","-2"
"109350","Antelope Valley College","2010","Total full-time Instruction/research/public service, Non-tenured not on tenure track total","2","1","1","0","0","0","0","0","0","1","1","0","1","0","1","0","0","0","0","0","0","0","0","0","0","0","0","0","0","0","-2"
"109785","Azusa Pacific University","2010","Total full-time Instruction/research/public service, Non-tenured not on tenure track, Professors","102","60","42","0","0","0","10","5","5","5","3","2","4","2","2","0","0","0","82","50","32","0","0","0","1","0","1","0","0","0","-2"
"109785","Azusa Pacific University","2010","Total full-time Instruction/research/public service, Non-tenured not on tenure track, Associate professors","110","68","42","1","0","1","16","12","4","7","5","2","6","4","2","0","0","0","79","47","32","0","0","0","1","0","1","0","0","0","-2"
"109785","Azusa Pacific University","2010","Total full-time Instruction/research/public servicey, Non-tenured not on tenure track, Assistant professors","115","41","74","0","0","0","12","4","8","11","2","9","12","5","7","0","0","0","76","29","47","0","0","0","4","1","3","0","0","0","-2"
"109785","Azusa Pacific University","2010","Total full-time Instruction/research/public service, Non-tenured not on tenure track, Instructors","16","3","13","0","0","0","3","1","2","1","0","1","0","0","0","0","0","0","12","2","10","0","0","0","0","0","0","0","0","0","-2"
"109785","Azusa Pacific University","2010","Total full-time Instruction/research/public service, Non-tenured not on tenure track total","343","172","171","1","0","1","41","22","19","24","10","14","22","11","11","0","0","0","249","128","121","0","0","0","6","1","5","0","0","0","-2"
"109819","Bakersfield College","2010","Total full-time Instruction/research/public service, Tenured, Instructors","202","104","98","1","0","1","6","2","4","12","6","6","21","9","12","1","1","0","150","82","68","0","0","0","11","4","7","0","0","0","-2"
"109819","Bakersfield College","2010","Total full-time Instruction/research/public service, Tenured total","202","104","98","1","0","1","6","2","4","12","6","6","21","9","12","1","1","0","150","82","68","0","0","0","11","4","7","0","0","0","-2"
"109819","Bakersfield College","2010","Total full-time Instruction/research/public service, Non-tenured on tenure track, Instructors","49","23","26","1","1","0","1","1","0","1","1","0","4","3","1","0","0","0","41","17","24","0","0","0","1","0","1","0","0","0","-2"
"109819","Bakersfield College","2010","Total full-time Instruction/research/public service, Non-tenured on tenure track total","49","23","26","1","1","0","1","1","0","1","1","0","4","3","1","0","0","0","41","17","24","0","0","0","1","0","1","0","0","0","-2"
"109819","Bakersfield College","2010","Total full-time Instruction/research/public service, Non-tenured not on tenure track, Instructors","6","3","3","0","0","0","0","0","0","0","0","0","1","1","0","0","0","0","4","2","2","0","0","0","1","0","1","0","0","0","-2"
"109819","Bakersfield College","2010","Total full-time Instruction/research/public service, Non-tenured not on tenure track total","6","3","3","0","0","0","0","0","0","0","0","0","1","1","0","0","0","0","4","2","2","0","0","0","1","0","1","0","0","0","-2"
"110413","California Lutheran University","2010","Total full-time Instruction/research/public service, Tenured, Professors","46","31","15","1","1","0","5","3","2","1","1","0","1","1","0","0","0","0","37","24","13","0","0","0","0","0","0","1","1","0","-2"
"110413","California Lutheran University","2010","Total full-time Instruction/research/public service, Tenured, Associate professors","25","10","15","0","0","0","2","0","2","2","1","1","2","1","1","0","0","0","18","8","10","0","0","0","0","0","0","1","0","1","-2"
"110413","California Lutheran University","2010","Total full-time Instruction/research/public service, Tenured, Assistant professors","2","1","1","0","0","0","0","0","0","0","0","0","1","1","0","0","0","0","1","0","1","0","0","0","0","0","0","0","0","0","-2"
"110413","California Lutheran University","2010","Total full-time Instruction/research/public service, Tenured total","73","42","31","1","1","0","7","3","4","3","2","1","4","3","1","0","0","0","56","32","24","0","0","0","0","0","0","2","1","1","-2"
"110413","California Lutheran University","2010","Total full-time Instruction/research/public service, Non-tenured on tenure track, Professors","1","1","0","0","0","0","0","0","0","0","0","0","0","0","0","0","0","0","1","1","0","0","0","0","0","0","0","0","0","0","-2"
"110413","California Lutheran University","2010","Total full-time Instruction/research/public service, Non-tenured on tenure track, Associate professors","1","0","1","0","0","0","0","0","0","1","0","1","0","0","0","0","0","0","0","0","0","0","0","0","0","0","0","0","0","0","-2"
"110413","California Lutheran University","2010","Total full-time Instruction/research/public service, Non-tenured on tenure track, Assistant professors","29","15","14","0","0","0","2","1","1","1","0","1","3","1","2","0","0","0","21","13","8","0","0","0","0","0","0","2","0","2","-2"
"110413","California Lutheran University","2010","Total full-time Instruction/research/public service, Non-tenured on tenure track, Instructors","1","1","0","0","0","0","0","0","0","0","0","0","0","0","0","0","0","0","1","1","0","0","0","0","0","0","0","0","0","0","-2"
"110413","California Lutheran University","2010","Total full-time Instruction/research/public service, Non-tenured on tenure track total","32","17","15","0","0","0","2","1","1","2","0","2","3","1","2","0","0","0","23","15","8","0","0","0","0","0","0","2","0","2","-2"
"110413","California Lutheran University","2010","Total full-time Instruction/research/public service, Non-tenured not on tenure track, Professors","5","3","2","0","0","0","0","0","0","0","0","0","0","0","0","0","0","0","5","3","2","0","0","0","0","0","0","0","0","0","-2"
"110413","California Lutheran University","2010","Total full-time Instruction/research/public service, Non-tenured not on tenure track, Associate professors","5","3","2","0","0","0","0","0","0","0","0","0","0","0","0","0","0","0","5","3","2","0","0","0","0","0","0","0","0","0","-2"
"110413","California Lutheran University","2010","Total full-time Instruction/research/public servicey, Non-tenured not on tenure track, Assistant professors","9","4","5","0","0","0","1","0","1","1","1","0","2","0","2","0","0","0","5","3","2","0","0","0","0","0","0","0","0","0","-2"
"110413","California Lutheran University","2010","Total full-time Instruction/research/public service, Non-tenured not on tenure track, Instructors","9","5","4","0","0","0","0","0","0","0","0","0","0","0","0","0","0","0","9","5","4","0","0","0","0","0","0","0","0","0","-2"
"110413","California Lutheran University","2010","Total full-time Instruction/research/public service, Non-tenured not on tenure track, Lecturers","23","12","11","0","0","0","1","0","1","0","0","0","0","0","0","0","0","0","21","11","10","1","1","0","0","0","0","0","0","0","-2"
"110413","California Lutheran University","2010","Total full-time Instruction/research/public service, Non-tenured not on tenure track total","51","27","24","0","0","0","2","0","2","1","1","0","2","0","2","0","0","0","45","25","20","1","1","0","0","0","0","0","0","0","-2"
"110486","California State University-Bakersfield","2010","Total full-time Instruction/research/public service, Tenured, Professors","83","56","27","0","0","0","9","7","2","7","4","3","9","7","2","1","1","0","55","35","20","0","0","0","1","1","0","1","1","0","-2"
"110486","California State University-Bakersfield","2010","Total full-time Instruction/research/public service, Tenured, Associate professors","58","35","23","0","0","0","6","5","1","2","1","1","5","2","3","1","0","1","38","23","15","1","0","1","1","1","0","4","3","1","-2"
"110486","California State University-Bakersfield","2010","Total full-time Instruction/research/public service, Tenured, Assistant professors","2","1","1","0","0","0","1","1","0","0","0","0","0","0","0","0","0","0","1","0","1","0","0","0","0","0","0","0","0","0","-2"
"110486","California State University-Bakersfield","2010","Total full-time Instruction/research/public service, Tenured total","143","92","51","0","0","0","16","13","3","9","5","4","14","9","5","2","1","1","94","58","36","1","0","1","2","2","0","5","4","1","-2"
"110486","California State University-Bakersfield","2010","Total full-time Instruction/research/public service, Non-tenured on tenure track, Associate professors","2","0","2","0","0","0","0","0","0","0","0","0","0","0","0","0","0","0","2","0","2","0","0","0","0","0","0","0","0","0","-2"
"110486","California State University-Bakersfield","2010","Total full-time Instruction/research/public service, Non-tenured on tenure track, Assistant professors","30","7","23","0","0","0","3","1","2","2","0","2","4","3","1","0","0","0","18","3","15","0","0","0","0","0","0","3","0","3","-2"
"110486","California State University-Bakersfield","2010","Total full-time Instruction/research/public service, Non-tenured on tenure track total","32","7","25","0","0","0","3","1","2","2","0","2","4","3","1","0","0","0","20","3","17","0","0","0","0","0","0","3","0","3","-2"
"110486","California State University-Bakersfield","2010","Total full-time Instruction/research/public service, Non-tenured not on tenure track, Lecturers","66","15","51","1","0","1","2","0","2","1","0","1","8","2","6","0","0","0","50","12","38","1","1","0","1","0","1","2","0","2","-2"
"110486","California State University-Bakersfield","2010","Total full-time Instruction/research/public service, Non-tenured not on tenure track total","66","15","51","1","0","1","2","0","2","1","0","1","8","2","6","0","0","0","50","12","38","1","1","0","1","0","1","2","0","2","-2"
"110495","California State University-Stanislaus","2010","Total full-time Instruction/research/public service, Tenured, Professors","107","64","43","0","0","0","11","4","7","1","1","0","5","3","2","0","0","0","84","52","32","0","0","0","6","4","2","0","0","0","-2"
"110495","California State University-Stanislaus","2010","Total full-time Instruction/research/public service, Tenured, Associate professors","60","31","29","1","0","1","8","3","5","2","2","0","7","2","5","0","0","0","35","17","18","0","0","0","6","6","0","1","1","0","-2"
"110495","California State University-Stanislaus","2010","Total full-time Instruction/research/public service, Tenured total","167","95","72","1","0","1","19","7","12","3","3","0","12","5","7","0","0","0","119","69","50","0","0","0","12","10","2","1","1","0","-2"
"110495","California State University-Stanislaus","2010","Total full-time Instruction/research/public service, Non-tenured on tenure track, Professors","1","1","0","0","0","0","0","0","0","0","0","0","0","0","0","0","0","0","1","1","0","0","0","0","0","0","0","0","0","0","-2"
"110495","California State University-Stanislaus","2010","Total full-time Instruction/research/public service, Non-tenured on tenure track, Associate professors","1","1","0","0","0","0","0","0","0","0","0","0","0","0","0","0","0","0","1","1","0","0","0","0","0","0","0","0","0","0","-2"
"110495","California State University-Stanislaus","2010","Total full-time Instruction/research/public service, Non-tenured on tenure track, Assistant professors","54","26","28","0","0","0","3","0","3","4","2","2","5","3","2","0","0","0","34","18","16","1","1","0","1","0","1","6","2","4","-2"
"110495","California State University-Stanislaus","2010","Total full-time Instruction/research/public service, Non-tenured on tenure track total","56","28","28","0","0","0","3","0","3","4","2","2","5","3","2","0","0","0","36","20","16","1","1","0","1","0","1","6","2","4","-2"
"110495","California State University-Stanislaus","2010","Total full-time Instruction/research/public service, Non-tenured not on tenure track, Lecturers","42","20","22","1","1","0","4","2","2","2","1","1","6","3","3","0","0","0","26","11","15","0","0","0","2","1","1","1","1","0","-2"
"110495","California State University-Stanislaus","2010","Total full-time Instruction/research/public service, Non-tenured not on tenure track total","42","20","22","1","1","0","4","2","2","2","1","1","6","3","3","0","0","0","26","11","15","0","0","0","2","1","1","1","1","0","-2"
"110510","California State University-San Bernardino","2010","Total full-time Instruction/research/public service, Tenured, Professors","202","132","70","2","1","1","29","18","11","10","3","7","18","11","7","0","0","0","140","96","44","1","1","0","2","2","0","0","0","0","-2"
"110510","California State University-San Bernardino","2010","Total full-time Instruction/research/public service, Tenured, Associate professors","74","39","35","0","0","0","8","5","3","2","0","2","5","2","3","0","0","0","55","30","25","0","0","0","2","0","2","2","2","0","-2"
"110510","California State University-San Bernardino","2010","Total full-time Instruction/research/public service, Tenured, Assistant professors","6","3","3","0","0","0","0","0","0","1","0","1","0","0","0","0","0","0","5","3","2","0","0","0","0","0","0","0","0","0","-2"
"110510","California State University-San Bernardino","2010","Total full-time Instruction/research/public service, Tenured, No academic rank","2","1","1","0","0","0","0","0","0","1","1","0","0","0","0","0","0","0","1","0","1","0","0","0","0","0","0","0","0","0","-2"
"110510","California State University-San Bernardino","2010","Total full-time Instruction/research/public service, Tenured total","284","175","109","2","1","1","37","23","14","14","4","10","23","13","10","0","0","0","201","129","72","1","1","0","4","2","2","2","2","0","-2"
"110510","California State University-San Bernardino","2010","Total full-time Instruction/research/public service, Non-tenured on tenure track, Professors","2","2","0","0","0","0","1","1","0","0","0","0","0","0","0","0","0","0","1","1","0","0","0","0","0","0","0","0","0","0","-2"
"110510","California State University-San Bernardino","2010","Total full-time Instruction/research/public service, Non-tenured on tenure track, Associate professors","2","1","1","0","0","0","0","0","0","0","0","0","1","1","0","0","0","0","1","0","1","0","0","0","0","0","0","0","0","0","-2"
"110510","California State University-San Bernardino","2010","Total full-time Instruction/research/public service, Non-tenured on tenure track, Assistant professors","71","26","45","0","0","0","13","4","9","4","2","2","6","3","3","0","0","0","36","13","23","1","1","0","1","0","1","10","3","7","-2"
"110510","California State University-San Bernardino","2010","Total full-time Instruction/research/public service, Non-tenured on tenure track total","75","29","46","0","0","0","14","5","9","4","2","2","7","4","3","0","0","0","38","14","24","1","1","0","1","0","1","10","3","7","-2"
"110510","California State University-San Bernardino","2010","Total full-time Instruction/research/public service, Non-tenured not on tenure track, Lecturers","74","25","49","0","0","0","1","1","0","3","1","2","10","4","6","0","0","0","58","17","41","0","0","0","2","2","0","0","0","0","-2"
"110510","California State University-San Bernardino","2010","Total full-time Instruction/research/public service, Non-tenured not on tenure track total","74","25","49","0","0","0","1","1","0","3","1","2","10","4","6","0","0","0","58","17","41","0","0","0","2","2","0","0","0","0","-2"
"110529","California State Polytechnic University-Pomona","2010","Total full-time Instruction/research/public service, Tenured, Professors","257","164","93","0","0","0","60","42","18","8","5","3","17","12","5","0","0","0","165","101","64","0","0","0","6","3","3","1","1","0","-2"
"110529","California State Polytechnic University-Pomona","2010","Total full-time Instruction/research/public service, Tenured, Associate professors","81","43","38","0","0","0","7","4","3","2","1","1","13","8","5","0","0","0","50","24","26","0","0","0","8","5","3","1","1","0","-2"
"110529","California State Polytechnic University-Pomona","2010","Total full-time Instruction/research/public service, Tenured total","338","207","131","0","0","0","67","46","21","10","6","4","30","20","10","0","0","0","215","125","90","0","0","0","14","8","6","2","2","0","-2"
"110529","California State Polytechnic University-Pomona","2010","Total full-time Instruction/research/public service, Non-tenured on tenure track, Professors","2","2","0","0","0","0","0","0","0","0","0","0","0","0","0","0","0","0","2","2","0","0","0","0","0","0","0","0","0","0","-2"
"110529","California State Polytechnic University-Pomona","2010","Total full-time Instruction/research/public service, Non-tenured on tenure track, Associate professors","18","14","4","0","0","0","4","4","0","1","1","0","2","0","2","1","1","0","8","7","1","0","0","0","0","0","0","2","1","1","-2"
"110529","California State Polytechnic University-Pomona","2010","Total full-time Instruction/research/public service, Non-tenured on tenure track, Assistant professors","98","47","51","1","0","1","19","9","10","7","4","3","4","3","1","0","0","0","43","22","21","1","0","1","5","2","3","18","7","11","-2"
"110529","California State Polytechnic University-Pomona","2010","Total full-time Instruction/research/public service, Non-tenured on tenure track total","118","63","55","1","0","1","23","13","10","8","5","3","6","3","3","1","1","0","53","31","22","1","0","1","5","2","3","20","8","12","-2"
"110529","California State Polytechnic University-Pomona","2010","Total full-time Instruction/research/public service, Non-tenured not on tenure track, Lecturers","48","27","21","0","0","0","7","4","3","4","1","3","4","3","1","0","0","0","31","18","13","1","0","1","0","0","0","1","1","0","-2"
"110529","California State Polytechnic University-Pomona","2010","Total full-time Instruction/research/public service, Non-tenured not on tenure track total","48","27","21","0","0","0","7","4","3","4","1","3","4","3","1","0","0","0","31","18","13","1","0","1","0","0","0","1","1","0","-2"
"110547","California State University-Dominguez Hills","2010","Total full-time Instruction/research/public service, Tenured, Professors","77","49","28","0","0","0","6","4","2","5","2","3","6","4","2","0","0","0","53","35","18","1","1","0","6","3","3","0","0","0","-2"
"110547","California State University-Dominguez Hills","2010","Total full-time Instruction/research/public service, Tenured, Associate professors","63","27","36","1","0","1","8","5","3","8","4","4","3","1","2","0","0","0","37","15","22","0","0","0","5","1","4","1","1","0","-2"
"110547","California State University-Dominguez Hills","2010","Total full-time Instruction/research/public service, Tenured, Assistant professors","4","1","3","0","0","0","1","0","1","0","0","0","1","1","0","0","0","0","1","0","1","1","0","1","0","0","0","0","0","0","-2"
"110547","California State University-Dominguez Hills","2010","Total full-time Instruction/research/public service, Tenured, Lecturers","4","2","2","0","0","0","0","0","0","0","0","0","0","0","0","0","0","0","4","2","2","0","0","0","0","0","0","0","0","0","-2"
"110547","California State University-Dominguez Hills","2010","Total full-time Instruction/research/public service, Tenured total","148","79","69","1","0","1","15","9","6","13","6","7","10","6","4","0","0","0","95","52","43","2","1","1","11","4","7","1","1","0","-2"
"110547","California State University-Dominguez Hills","2010","Total full-time Instruction/research/public service, Non-tenured on tenure track, Associate professors","9","5","4","0","0","0","1","1","0","0","0","0","2","2","0","0","0","0","6","2","4","0","0","0","0","0","0","0","0","0","-2"
"110547","California State University-Dominguez Hills","2010","Total full-time Instruction/research/public service, Non-tenured on tenure track, Assistant professors","47","18","29","0","0","0","8","3","5","4","3","1","6","3","3","0","0","0","24","8","16","0","0","0","4","1","3","1","0","1","-2"
"110547","California State University-Dominguez Hills","2010","Total full-time Instruction/research/public service, Non-tenured on tenure track, Lecturers","3","1","2","0","0","0","0","0","0","1","0","1","0","0","0","0","0","0","1","0","1","0","0","0","1","1","0","0","0","0","-2"
"110547","California State University-Dominguez Hills","2010","Total full-time Instruction/research/public service, Non-tenured on tenure track total","59","24","35","0","0","0","9","4","5","5","3","2","8","5","3","0","0","0","31","10","21","0","0","0","5","2","3","1","0","1","-2"
"110547","California State University-Dominguez Hills","2010","Total full-time Instruction/research/public service, Non-tenured not on tenure track, Lecturers","72","30","42","1","0","1","6","2","4","9","4","5","6","2","4","1","1","0","45","19","26","0","0","0","4","2","2","0","0","0","-2"
"110547","California State University-Dominguez Hills","2010","Total full-time Instruction/research/public service, Non-tenured not on tenure track total","72","30","42","1","0","1","6","2","4","9","4","5","6","2","4","1","1","0","45","19","26","0","0","0","4","2","2","0","0","0","-2"
"110556","California State University-Fresno","2010","Total full-time Instruction/research/public service, Tenured, Professors","225","155","70","1","1","0","26","24","2","13","8","5","19","16","3","0","0","0","163","105","58","0","0","0","3","1","2","0","0","0","-2"
"110556","California State University-Fresno","2010","Total full-time Instruction/research/public service, Tenured, Associate professors","121","73","48","1","0","1","14","10","4","1","1","0","11","7","4","0","0","0","88","52","36","1","1","0","2","1","1","3","1","2","-2"
"110556","California State University-Fresno","2010","Total full-time Instruction/research/public service, Tenured, Assistant professors","3","1","2","0","0","0","0","0","0","0","0","0","1","0","1","0","0","0","2","1","1","0","0","0","0","0","0","0","0","0","-2"
"110556","California State University-Fresno","2010","Total full-time Instruction/research/public service, Tenured, No academic rank","1","1","0","0","0","0","0","0","0","0","0","0","0","0","0","0","0","0","1","1","0","0","0","0","0","0","0","0","0","0","-2"
"110556","California State University-Fresno","2010","Total full-time Instruction/research/public service, Tenured total","350","230","120","2","1","1","40","34","6","14","9","5","31","23","8","0","0","0","254","159","95","1","1","0","5","2","3","3","1","2","-2"
"110556","California State University-Fresno","2010","Total full-time Instruction/research/public service, Non-tenured on tenure track, Associate professors","14","11","3","0","0","0","4","2","2","0","0","0","1","0","1","0","0","0","7","7","0","0","0","0","0","0","0","2","2","0","-2"
"110556","California State University-Fresno","2010","Total full-time Instruction/research/public service, Non-tenured on tenure track, Assistant professors","161","89","72","1","0","1","31","18","13","7","3","4","17","8","9","0","0","0","87","50","37","2","1","1","5","1","4","11","8","3","-2"
"110556","California State University-Fresno","2010","Total full-time Instruction/research/public service, Non-tenured on tenure track total","175","100","75","1","0","1","35","20","15","7","3","4","18","8","10","0","0","0","94","57","37","2","1","1","5","1","4","13","10","3","-2"
"110556","California State University-Fresno","2010","Total full-time Instruction/research/public service, Non-tenured not on tenure track, Lecturers","117","56","61","1","1","0","8","5","3","1","0","1","10","4","6","0","0","0","93","44","49","2","1","1","0","0","0","2","1","1","-2"
"110556","California State University-Fresno","2010","Total full-time Instruction/research/public service, Non-tenured not on tenure track total","117","56","61","1","1","0","8","5","3","1","0","1","10","4","6","0","0","0","93","44","49","2","1","1","0","0","0","2","1","1","-2"
"110565","California State University-Fullerton","2010","Total full-time Instruction/research/public service, Tenured, Professors","253","165","88","1","1","0","44","30","14","5","2","3","10","7","3","1","1","0","190","123","67","0","0","0","2","1","1","0","0","0","-2"
"110565","California State University-Fullerton","2010","Total full-time Instruction/research/public service, Tenured, Associate professors","159","80","79","0","0","0","26","12","14","6","3","3","14","6","8","1","1","0","110","56","54","0","0","0","0","0","0","2","2","0","-2"
"110565","California State University-Fullerton","2010","Total full-time Instruction/research/public service, Tenured, Assistant professors","3","2","1","0","0","0","0","0","0","0","0","0","0","0","0","0","0","0","3","2","1","0","0","0","0","0","0","0","0","0","-2"
"110565","California State University-Fullerton","2010","Total full-time Instruction/research/public service, Tenured total","415","247","168","1","1","0","70","42","28","11","5","6","24","13","11","2","2","0","303","181","122","0","0","0","2","1","1","2","2","0","-2"
"110565","California State University-Fullerton","2010","Total full-time Instruction/research/public service, Non-tenured on tenure track, Professors","9","6","3","0","0","0","3","1","2","1","1","0","0","0","0","0","0","0","5","4","1","0","0","0","0","0","0","0","0","0","-2"
"110565","California State University-Fullerton","2010","Total full-time Instruction/research/public service, Non-tenured on tenure track, Associate professors","34","18","16","0","0","0","6","3","3","0","0","0","0","0","0","0","0","0","22","11","11","0","0","0","0","0","0","6","4","2","-2"
"110565","California State University-Fullerton","2010","Total full-time Instruction/research/public service, Non-tenured on tenure track, Assistant professors","240","123","117","1","0","1","34","21","13","11","4","7","20","14","6","0","0","0","141","67","74","2","0","2","2","1","1","29","16","13","-2"
"110565","California State University-Fullerton","2010","Total full-time Instruction/research/public service, Non-tenured on tenure track, Lecturers","1","0","1","0","0","0","0","0","0","0","0","0","0","0","0","0","0","0","1","0","1","0","0","0","0","0","0","0","0","0","-2"
"110565","California State University-Fullerton","2010","Total full-time Instruction/research/public service, Non-tenured on tenure track total","284","147","137","1","0","1","43","25","18","12","5","7","20","14","6","0","0","0","169","82","87","2","0","2","2","1","1","35","20","15","-2"
"110565","California State University-Fullerton","2010","Total full-time Instruction/research/public service, Non-tenured not on tenure track, Lecturers","149","57","92","0","0","0","14","5","9","4","3","1","6","2","4","0","0","0","119","44","75","2","1","1","2","1","1","2","1","1","-2"
"110565","California State University-Fullerton","2010","Total full-time Instruction/research/public service, Non-tenured not on tenure track total","149","57","92","0","0","0","14","5","9","4","3","1","6","2","4","0","0","0","119","44","75","2","1","1","2","1","1","2","1","1","-2"
"110574","California State University-East Bay","2010","Total full-time Instruction/research/public service, Tenured, Professors","104","60","44","0","0","0","11","5","6","8","6","2","12","6","6","1","1","0","72","42","30","0","0","0","0","0","0","0","0","0","-2"
"110574","California State University-East Bay","2010","Total full-time Instruction/research/public service, Tenured, Associate professors","76","40","36","1","1","0","16","11","5","6","2","4","7","3","4","1","0","1","39","19","20","0","0","0","4","2","2","2","2","0","-2"
"110574","California State University-East Bay","2010","Total full-time Instruction/research/public service, Tenured, Assistant professors","4","2","2","0","0","0","0","0","0","0","0","0","1","0","1","0","0","0","3","2","1","0","0","0","0","0","0","0","0","0","-2"
"110574","California State University-East Bay","2010","Total full-time Instruction/research/public service, Tenured, Lecturers","8","5","3","0","0","0","2","1","1","0","0","0","1","1","0","0","0","0","5","3","2","0","0","0","0","0","0","0","0","0","-2"
"110574","California State University-East Bay","2010","Total full-time Instruction/research/public service, Tenured total","192","107","85","1","1","0","29","17","12","14","8","6","21","10","11","2","1","1","119","66","53","0","0","0","4","2","2","2","2","0","-2"
"110574","California State University-East Bay","2010","Total full-time Instruction/research/public service, Non-tenured on tenure track, Associate professors","11","6","5","0","0","0","1","1","0","0","0","0","0","0","0","0","0","0","10","5","5","0","0","0","0","0","0","0","0","0","-2"
"110574","California State University-East Bay","2010","Total full-time Instruction/research/public service, Non-tenured on tenure track, Assistant professors","78","38","40","1","1","0","14","5","9","5","2","3","7","5","2","0","0","0","32","15","17","0","0","0","7","4","3","12","6","6","-2"
"110574","California State University-East Bay","2010","Total full-time Instruction/research/public service, Non-tenured on tenure track, Lecturers","8","4","4","0","0","0","2","1","1","1","1","0","0","0","0","0","0","0","4","1","3","0","0","0","1","1","0","0","0","0","-2"
"110574","California State University-East Bay","2010","Total full-time Instruction/research/public service, Non-tenured on tenure track total","97","48","49","1","1","0","17","7","10","6","3","3","7","5","2","0","0","0","46","21","25","0","0","0","8","5","3","12","6","6","-2"
"110574","California State University-East Bay","2010","Total full-time Instruction/research/public service, Non-tenured not on tenure track, Lecturers","38","16","22","0","0","0","3","1","2","3","1","2","3","1","2","0","0","0","24","13","11","0","0","0","3","0","3","2","0","2","-2"
"110574","California State University-East Bay","2010","Total full-time Instruction/research/public service, Non-tenured not on tenure track total","38","16","22","0","0","0","3","1","2","3","1","2","3","1","2","0","0","0","24","13","11","0","0","0","3","0","3","2","0","2","-2"
"110583","California State University-Long Beach","2010","Total full-time Instruction/research/public service, Tenured, Professors","369","238","131","1","1","0","63","40","23","10","8","2","25","18","7","0","0","0","266","169","97","1","0","1","3","2","1","0","0","0","-2"
"110583","California State University-Long Beach","2010","Total full-time Instruction/research/public service, Tenured, Associate professors","181","88","93","1","1","0","31","15","16","5","4","1","14","5","9","0","0","0","124","60","64","1","0","1","5","3","2","0","0","0","-2"
"110583","California State University-Long Beach","2010","Total full-time Instruction/research/public service, Tenured, Assistant professors","4","2","2","0","0","0","1","1","0","0","0","0","0","0","0","0","0","0","3","1","2","0","0","0","0","0","0","0","0","0","-2"
"110583","California State University-Long Beach","2010","Total full-time Instruction/research/public service, Tenured, No academic rank","3","3","0","0","0","0","0","0","0","0","0","0","0","0","0","0","0","0","3","3","0","0","0","0","0","0","0","0","0","0","-2"
"110583","California State University-Long Beach","2010","Total full-time Instruction/research/public service, Tenured total","557","331","226","2","2","0","95","56","39","15","12","3","39","23","16","0","0","0","396","233","163","2","0","2","8","5","3","0","0","0","-2"
"110583","California State University-Long Beach","2010","Total full-time Instruction/research/public service, Non-tenured on tenure track, Associate professors","15","11","4","0","0","0","6","5","1","1","1","0","1","1","0","0","0","0","2","0","2","0","0","0","3","3","0","2","1","1","-2"
"110583","California State University-Long Beach","2010","Total full-time Instruction/research/public service, Non-tenured on tenure track, Assistant professors","203","87","116","1","0","1","27","5","22","11","6","5","22","10","12","0","0","0","101","48","53","5","3","2","8","5","3","28","10","18","-2"
"110583","California State University-Long Beach","2010","Total full-time Instruction/research/public service, Non-tenured on tenure track total","218","98","120","1","0","1","33","10","23","12","7","5","23","11","12","0","0","0","103","48","55","5","3","2","11","8","3","30","11","19","-2"
"110583","California State University-Long Beach","2010","Total full-time Instruction/research/public service, Non-tenured not on tenure track, Lecturers","178","87","91","1","0","1","16","8","8","8","2","6","8","3","5","0","0","0","140","71","69","2","0","2","3","3","0","0","0","0","-2"
"110583","California State University-Long Beach","2010","Total full-time Instruction/research/public service, Non-tenured not on tenure track total","178","87","91","1","0","1","16","8","8","8","2","6","8","3","5","0","0","0","140","71","69","2","0","2","3","3","0","0","0","0","-2"
"110592","California State University-Los Angeles","2010","Total full-time Instruction/research/public service, Tenured, Professors","267","160","107","1","0","1","65","42","23","11","5","6","32","22","10","0","0","0","152","87","65","2","0","2","4","4","0","0","0","0","-2"
"110592","California State University-Los Angeles","2010","Total full-time Instruction/research/public service, Tenured, Associate professors","121","60","61","0","0","0","30","16","14","9","5","4","14","8","6","0","0","0","65","29","36","0","0","0","1","0","1","2","2","0","-2"
"110592","California State University-Los Angeles","2010","Total full-time Instruction/research/public service, Tenured, Assistant professors","1","0","1","0","0","0","0","0","0","0","0","0","0","0","0","0","0","0","1","0","1","0","0","0","0","0","0","0","0","0","-2"
"110592","California State University-Los Angeles","2010","Total full-time Instruction/research/public service, Tenured, No academic rank","1","1","0","0","0","0","0","0","0","0","0","0","1","1","0","0","0","0","0","0","0","0","0","0","0","0","0","0","0","0","-2"
"110592","California State University-Los Angeles","2010","Total full-time Instruction/research/public service, Tenured total","390","221","169","1","0","1","95","58","37","20","10","10","47","31","16","0","0","0","218","116","102","2","0","2","5","4","1","2","2","0","-2"
"110592","California State University-Los Angeles","2010","Total full-time Instruction/research/public service, Non-tenured on tenure track, Associate professors","9","6","3","0","0","0","1","1","0","0","0","0","1","0","1","0","0","0","6","4","2","0","0","0","1","1","0","0","0","0","-2"
"110592","California State University-Los Angeles","2010","Total full-time Instruction/research/public service, Non-tenured on tenure track, Assistant professors","101","41","60","0","0","0","22","8","14","3","1","2","12","6","6","1","1","0","43","16","27","0","0","0","6","3","3","14","6","8","-2"
"110592","California State University-Los Angeles","2010","Total full-time Instruction/research/public service, Non-tenured on tenure track total","110","47","63","0","0","0","23","9","14","3","1","2","13","6","7","1","1","0","49","20","29","0","0","0","7","4","3","14","6","8","-2"
"110592","California State University-Los Angeles","2010","Total full-time Instruction/research/public service, Non-tenured not on tenure track, Lecturers","56","31","25","1","0","1","8","5","3","7","3","4","11","7","4","0","0","0","27","14","13","0","0","0","2","2","0","0","0","0","-2"
"110592","California State University-Los Angeles","2010","Total full-time Instruction/research/public service, Non-tenured not on tenure track total","56","31","25","1","0","1","8","5","3","7","3","4","11","7","4","0","0","0","27","14","13","0","0","0","2","2","0","0","0","0","-2"
"110608","California State University-Northridge","2010","Total full-time Instruction/research/public service, Tenured, Professors","332","203","129","1","0","1","39","27","12","16","9","7","34","18","16","0","0","0","239","146","93","3","3","0","0","0","0","0","0","0","-2"
"110608","California State University-Northridge","2010","Total full-time Instruction/research/public service, Tenured, Associate professors","189","100","89","2","1","1","27","15","12","9","5","4","25","11","14","0","0","0","121","66","55","2","0","2","1","0","1","2","2","0","-2"
"110608","California State University-Northridge","2010","Total full-time Instruction/research/public service, Tenured, Assistant professors","1","1","0","0","0","0","0","0","0","0","0","0","1","1","0","0","0","0","0","0","0","0","0","0","0","0","0","0","0","0","-2"
"110608","California State University-Northridge","2010","Total full-time Instruction/research/public service, Tenured, No academic rank","2","1","1","0","0","0","0","0","0","0","0","0","1","0","1","0","0","0","1","1","0","0","0","0","0","0","0","0","0","0","-2"
"110608","California State University-Northridge","2010","Total full-time Instruction/research/public service, Tenured total","524","305","219","3","1","2","66","42","24","25","14","11","61","30","31","0","0","0","361","213","148","5","3","2","1","0","1","2","2","0","-2"
"110608","California State University-Northridge","2010","Total full-time Instruction/research/public service, Non-tenured on tenure track, Professors","3","2","1","0","0","0","0","0","0","0","0","0","0","0","0","0","0","0","3","2","1","0","0","0","0","0","0","0","0","0","-2"
"110608","California State University-Northridge","2010","Total full-time Instruction/research/public service, Non-tenured on tenure track, Associate professors","21","14","7","0","0","0","3","2","1","1","0","1","0","0","0","0","0","0","14","9","5","0","0","0","0","0","0","3","3","0","-2"
"110608","California State University-Northridge","2010","Total full-time Instruction/research/public service, Non-tenured on tenure track, Assistant professors","132","66","66","1","1","0","15","7","8","12","3","9","15","8","7","0","0","0","69","38","31","0","0","0","5","5","0","15","4","11","-2"
"110608","California State University-Northridge","2010","Total full-time Instruction/research/public service, Non-tenured on tenure track total","156","82","74","1","1","0","18","9","9","13","3","10","15","8","7","0","0","0","86","49","37","0","0","0","5","5","0","18","7","11","-2"
"110608","California State University-Northridge","2010","Total full-time Instruction/research/public service, Non-tenured not on tenure track, Lecturers","109","39","70","1","0","1","10","3","7","9","5","4","16","7","9","0","0","0","67","21","46","0","0","0","3","1","2","3","2","1","-2"
"110608","California State University-Northridge","2010","Total full-time Instruction/research/public service, Non-tenured not on tenure track total","109","39","70","1","0","1","10","3","7","9","5","4","16","7","9","0","0","0","67","21","46","0","0","0","3","1","2","3","2","1","-2"
"110617","California State University-Sacramento","2010","Total full-time Instruction/research/public service, Tenured, Professors","282","168","114","2","1","1","32","19","13","16","6","10","24","16","8","2","2","0","205","123","82","0","0","0","1","1","0","0","0","0","-2"
"110617","California State University-Sacramento","2010","Total full-time Instruction/research/public service, Tenured, Associate professors","217","117","100","4","2","2","29","19","10","12","4","8","17","11","6","0","0","0","141","76","65","2","1","1","5","2","3","7","2","5","-2"
"110617","California State University-Sacramento","2010","Total full-time Instruction/research/public service, Tenured, Assistant professors","4","1","3","0","0","0","0","0","0","0","0","0","0","0","0","0","0","0","4","1","3","0","0","0","0","0","0","0","0","0","-2"
"110617","California State University-Sacramento","2010","Total full-time Instruction/research/public service, Tenured, No academic rank","2","2","0","0","0","0","0","0","0","0","0","0","0","0","0","0","0","0","2","2","0","0","0","0","0","0","0","0","0","0","-2"
"110617","California State University-Sacramento","2010","Total full-time Instruction/research/public service, Tenured total","505","288","217","6","3","3","61","38","23","28","10","18","41","27","14","2","2","0","352","202","150","2","1","1","6","3","3","7","2","5","-2"
"110617","California State University-Sacramento","2010","Total full-time Instruction/research/public service, Non-tenured on tenure track, Professors","1","1","0","0","0","0","0","0","0","0","0","0","1","1","0","0","0","0","0","0","0","0","0","0","0","0","0","0","0","0","-2"
"110617","California State University-Sacramento","2010","Total full-time Instruction/research/public service, Non-tenured on tenure track, Associate professors","3","0","3","0","0","0","0","0","0","0","0","0","1","0","1","0","0","0","2","0","2","0","0","0","0","0","0","0","0","0","-2"
"110617","California State University-Sacramento","2010","Total full-time Instruction/research/public service, Non-tenured on tenure track, Assistant professors","131","60","71","0","0","0","18","9","9","4","3","1","8","1","7","0","0","0","68","26","42","0","0","0","9","6","3","24","15","9","-2"
"110617","California State University-Sacramento","2010","Total full-time Instruction/research/public service, Non-tenured on tenure track total","135","61","74","0","0","0","18","9","9","4","3","1","10","2","8","0","0","0","70","26","44","0","0","0","9","6","3","24","15","9","-2"
"110617","California State University-Sacramento","2010","Total full-time Instruction/research/public service, Non-tenured not on tenure track, Lecturers","83","28","55","0","0","0","3","2","1","2","2","0","4","0","4","0","0","0","69","21","48","2","1","1","2","1","1","1","1","0","-2"
"110617","California State University-Sacramento","2010","Total full-time Instruction/research/public service, Non-tenured not on tenure track total","83","28","55","0","0","0","3","2","1","2","2","0","4","0","4","0","0","0","69","21","48","2","1","1","2","1","1","1","1","0","-2"
"110671","University of California-Riverside","2010","Total full-time Instruction/research/public service, Tenured, Professors","327","260","67","1","1","0","57","49","8","8","6","2","13","8","5","0","0","0","243","192","51","0","0","0","5","4","1","0","0","0","-2"
"110671","University of California-Riverside","2010","Total full-time Instruction/research/public service, Tenured, Associate professors","147","82","65","2","0","2","20","8","12","6","5","1","12","6","6","0","0","0","101","60","41","0","0","0","5","3","2","1","0","1","-2"
"110671","University of California-Riverside","2010","Total full-time Instruction/research/public service, Tenured, Lecturers","1","0","1","0","0","0","0","0","0","0","0","0","0","0","0","0","0","0","1","0","1","0","0","0","0","0","0","0","0","0","-2"
"110671","University of California-Riverside","2010","Total full-time Instruction/research/public service, Tenured total","475","342","133","3","1","2","77","57","20","14","11","3","25","14","11","0","0","0","345","252","93","0","0","0","10","7","3","1","0","1","-2"
"110671","University of California-Riverside","2010","Total full-time Instruction/research/public service, Non-tenured on tenure track, Assistant professors","147","78","69","1","1","0","43","24","19","9","3","6","10","4","6","0","0","0","73","41","32","0","0","0","9","3","6","2","2","0","-2"
"110671","University of California-Riverside","2010","Total full-time Instruction/research/public service, Non-tenured on tenure track, Lecturers","1","1","0","0","0","0","0","0","0","0","0","0","0","0","0","0","0","0","1","1","0","0","0","0","0","0","0","0","0","0","-2"
"110671","University of California-Riverside","2010","Total full-time Instruction/research/public service, Non-tenured on tenure track total","148","79","69","1","1","0","43","24","19","9","3","6","10","4","6","0","0","0","74","42","32","0","0","0","9","3","6","2","2","0","-2"
"110671","University of California-Riverside","2010","Total full-time Instruction/research/public service, Non-tenured not on tenure track, Professors","2","1","1","0","0","0","1","1","0","0","0","0","0","0","0","0","0","0","1","0","1","0","0","0","0","0","0","0","0","0","-2"
"110671","University of California-Riverside","2010","Total full-time Instruction/research/public servicey, Non-tenured not on tenure track, Assistant professors","23","14","9","0","0","0","7","5","2","2","1","1","1","0","1","0","0","0","9","6","3","0","0","0","4","2","2","0","0","0","-2"
"110671","University of California-Riverside","2010","Total full-time Instruction/research/public service, Non-tenured not on tenure track, Lecturers","73","32","41","1","1","0","9","4","5","0","0","0","5","1","4","0","0","0","56","26","30","0","0","0","2","0","2","0","0","0","-2"
"110671","University of California-Riverside","2010","Total full-time Instruction/research/public service, Non-tenured not on tenure track, No academic rank","1","0","1","0","0","0","0","0","0","0","0","0","0","0","0","0","0","0","1","0","1","0","0","0","0","0","0","0","0","0","-2"
"110671","University of California-Riverside","2010","Total full-time Instruction/research/public service, Non-tenured not on tenure track total","99","47","52","1","1","0","17","10","7","2","1","1","6","1","5","0","0","0","67","32","35","0","0","0","6","2","4","0","0","0","-2"
"110705","University of California-Santa Barbara","2010","Total full-time Instruction/research/public service, Tenured, Professors","503","376","127","4","1","3","47","36","11","7","4","3","21","18","3","0","0","0","423","316","107","0","0","0","0","0","0","1","1","0","-2"
"110705","University of California-Santa Barbara","2010","Total full-time Instruction/research/public service, Tenured, Associate professors","171","97","74","0","0","0","22","12","10","7","4","3","15","7","8","0","0","0","125","73","52","0","0","0","0","0","0","2","1","1","-2"
"110705","University of California-Santa Barbara","2010","Total full-time Instruction/research/public service, Tenured, Lecturers","17","9","8","0","0","0","0","0","0","1","1","0","2","1","1","0","0","0","14","7","7","0","0","0","0","0","0","0","0","0","-2"
"110705","University of California-Santa Barbara","2010","Total full-time Instruction/research/public service, Tenured total","691","482","209","4","1","3","69","48","21","15","9","6","38","26","12","0","0","0","562","396","166","0","0","0","0","0","0","3","2","1","-2"
"110705","University of California-Santa Barbara","2010","Total full-time Instruction/research/public service, Non-tenured on tenure track, Professors","1","1","0","0","0","0","0","0","0","0","0","0","0","0","0","0","0","0","0","0","0","0","0","0","0","0","0","1","1","0","-2"
"110705","University of California-Santa Barbara","2010","Total full-time Instruction/research/public service, Non-tenured on tenure track, Associate professors","1","1","0","0","0","0","0","0","0","0","0","0","0","0","0","0","0","0","1","1","0","0","0","0","0","0","0","0","0","0","-2"
"110705","University of California-Santa Barbara","2010","Total full-time Instruction/research/public service, Non-tenured on tenure track, Assistant professors","85","51","34","2","0","2","9","6","3","3","2","1","7","4","3","0","0","0","54","33","21","0","0","0","1","0","1","9","6","3","-2"
"110705","University of California-Santa Barbara","2010","Total full-time Instruction/research/public service, Non-tenured on tenure track, Lecturers","8","2","6","0","0","0","1","0","1","0","0","0","0","0","0","0","0","0","6","2","4","0","0","0","0","0","0","1","0","1","-2"
"110705","University of California-Santa Barbara","2010","Total full-time Instruction/research/public service, Non-tenured on tenure track total","95","55","40","2","0","2","10","6","4","3","2","1","7","4","3","0","0","0","61","36","25","0","0","0","1","0","1","11","7","4","-2"
"110705","University of California-Santa Barbara","2010","Total full-time Instruction/research/public service, Non-tenured not on tenure track, Professors","1","1","0","0","0","0","0","0","0","0","0","0","0","0","0","0","0","0","1","1","0","0","0","0","0","0","0","0","0","0","-2"
"110705","University of California-Santa Barbara","2010","Total full-time Instruction/research/public service, Non-tenured not on tenure track, Associate professors","1","0","1","0","0","0","0","0","0","0","0","0","0","0","0","0","0","0","1","0","1","0","0","0","0","0","0","0","0","0","-2"
"110705","University of California-Santa Barbara","2010","Total full-time Instruction/research/public servicey, Non-tenured not on tenure track, Assistant professors","4","3","1","0","0","0","0","0","0","0","0","0","3","2","1","0","0","0","0","0","0","0","0","0","0","0","0","1","1","0","-2"
"110705","University of California-Santa Barbara","2010","Total full-time Instruction/research/public service, Non-tenured not on tenure track, Lecturers","97","43","54","0","0","0","9","4","5","1","1","0","4","1","3","0","0","0","81","37","44","0","0","0","0","0","0","2","0","2","-2"
"110705","University of California-Santa Barbara","2010","Total full-time Instruction/research/public service, Non-tenured not on tenure track total","103","47","56","0","0","0","9","4","5","1","1","0","7","3","4","0","0","0","83","38","45","0","0","0","0","0","0","3","1","2","-2"
"110714","University of California-Santa Cruz","2010","Total full-time Instruction/research/public service, Tenured, Professors","286","196","90","3","1","2","37","25","12","3","3","0","16","7","9","0","0","0","218","152","66","0","0","0","9","8","1","0","0","0","-2"
"110714","University of California-Santa Cruz","2010","Total full-time Instruction/research/public service, Tenured, Associate professors","114","60","54","3","1","2","13","6","7","7","5","2","10","5","5","0","0","0","72","35","37","0","0","0","9","8","1","0","0","0","-2"
"110714","University of California-Santa Cruz","2010","Total full-time Instruction/research/public service, Tenured, Lecturers","6","4","2","0","0","0","0","0","0","0","0","0","1","0","1","0","0","0","4","3","1","0","0","0","1","1","0","0","0","0","-2"
"110714","University of California-Santa Cruz","2010","Total full-time Instruction/research/public service, Tenured total","406","260","146","6","2","4","50","31","19","10","8","2","27","12","15","0","0","0","294","190","104","0","0","0","19","17","2","0","0","0","-2"
"110714","University of California-Santa Cruz","2010","Total full-time Instruction/research/public service, Non-tenured on tenure track, Assistant professors","102","60","42","4","0","4","14","7","7","3","2","1","13","5","8","0","0","0","53","37","16","0","0","0","14","9","5","1","0","1","-2"
"110714","University of California-Santa Cruz","2010","Total full-time Instruction/research/public service, Non-tenured on tenure track, Lecturers","1","1","0","0","0","0","0","0","0","0","0","0","0","0","0","0","0","0","0","0","0","0","0","0","1","1","0","0","0","0","-2"
"110714","University of California-Santa Cruz","2010","Total full-time Instruction/research/public service, Non-tenured on tenure track total","103","61","42","4","0","4","14","7","7","3","2","1","13","5","8","0","0","0","53","37","16","0","0","0","15","10","5","1","0","1","-2"
"110714","University of California-Santa Cruz","2010","Total full-time Instruction/research/public service, Non-tenured not on tenure track, Professors","5","4","1","0","0","0","0","0","0","0","0","0","1","0","1","0","0","0","3","3","0","0","0","0","1","1","0","0","0","0","-2"
"110714","University of California-Santa Cruz","2010","Total full-time Instruction/research/public service, Non-tenured not on tenure track, Associate professors","3","3","0","0","0","0","0","0","0","0","0","0","0","0","0","0","0","0","3","3","0","0","0","0","0","0","0","0","0","0","-2"
"110714","University of California-Santa Cruz","2010","Total full-time Instruction/research/public servicey, Non-tenured not on tenure track, Assistant professors","5","3","2","0","0","0","2","2","0","0","0","0","1","0","1","0","0","0","1","0","1","0","0","0","1","1","0","0","0","0","-2"
"110714","University of California-Santa Cruz","2010","Total full-time Instruction/research/public service, Non-tenured not on tenure track, Lecturers","34","16","18","0","0","0","3","1","2","0","0","0","6","2","4","0","0","0","24","13","11","0","0","0","1","0","1","0","0","0","-2"
"110714","University of California-Santa Cruz","2010","Total full-time Instruction/research/public service, Non-tenured not on tenure track, No academic rank","2","1","1","0","0","0","0","0","0","0","0","0","1","0","1","0","0","0","1","1","0","0","0","0","0","0","0","0","0","0","-2"
"110714","University of California-Santa Cruz","2010","Total full-time Instruction/research/public service, Non-tenured not on tenure track total","49","27","22","0","0","0","5","3","2","0","0","0","9","2","7","0","0","0","32","20","12","0","0","0","3","2","1","0","0","0","-2"
"112075","Concordia University-Irvine","2010","Total full-time Instruction/research/public service, Non-tenured not on tenure track, Professors","22","18","4","0","0","0","0","0","0","2","1","1","2","2","0","0","0","0","18","15","3","0","0","0","0","0","0","0","0","0","-2"
"112075","Concordia University-Irvine","2010","Total full-time Instruction/research/public service, Non-tenured not on tenure track, Associate professors","16","6","10","0","0","0","0","0","0","0","0","0","0","0","0","0","0","0","16","6","10","0","0","0","0","0","0","0","0","0","-2"
"112075","Concordia University-Irvine","2010","Total full-time Instruction/research/public servicey, Non-tenured not on tenure track, Assistant professors","32","18","14","0","0","0","1","1","0","2","0","2","0","0","0","0","0","0","28","16","12","0","0","0","1","1","0","0","0","0","-2"
"112075","Concordia University-Irvine","2010","Total full-time Instruction/research/public service, Non-tenured not on tenure track, Instructors","6","1","5","0","0","0","0","0","0","0","0","0","0","0","0","0","0","0","6","1","5","0","0","0","0","0","0","0","0","0","-2"
"112075","Concordia University-Irvine","2010","Total full-time Instruction/research/public service, Non-tenured not on tenure track total","76","43","33","0","0","0","1","1","0","4","1","3","2","2","0","0","0","0","68","38","30","0","0","0","1","1","0","0","0","0","-2"
"113236","Cypress College","2010","Total full-time Instruction/research/public service, Tenured, Instructors","178","73","105","1","1","0","9","1","8","4","0","4","14","7","7","1","0","1","71","31","40","4","0","4","72","32","40","2","1","1","-2"
"113236","Cypress College","2010","Total full-time Instruction/research/public service, Tenured total","178","73","105","1","1","0","9","1","8","4","0","4","14","7","7","1","0","1","71","31","40","4","0","4","72","32","40","2","1","1","-2"
"113236","Cypress College","2010","Total full-time Instruction/research/public service, Non-tenured on tenure track, Instructors","30","14","16","0","0","0","1","0","1","0","0","0","2","1","1","0","0","0","14","6","8","2","1","1","10","6","4","1","0","1","-2"
"113236","Cypress College","2010","Total full-time Instruction/research/public service, Non-tenured on tenure track total","30","14","16","0","0","0","1","0","1","0","0","0","2","1","1","0","0","0","14","6","8","2","1","1","10","6","4","1","0","1","-2"
"113236","Cypress College","2010","Total full-time Instruction/research/public service, Non-tenured not on tenure track, Instructors","10","4","6","0","0","0","1","1","0","0","0","0","0","0","0","0","0","0","3","0","3","0","0","0","5","2","3","1","1","0","-2"
"113236","Cypress College","2010","Total full-time Instruction/research/public service, Non-tenured not on tenure track total","10","4","6","0","0","0","1","1","0","0","0","0","0","0","0","0","0","0","3","0","3","0","0","0","5","2","3","1","1","0","-2"
"114433","Feather River Community College District","2010","Total full-time Instruction/research/public service, Tenured, Instructors","15","9","6","0","0","0","0","0","0","0","0","0","0","0","0","0","0","0","15","9","6","0","0","0","0","0","0","0","0","0","-2"
"114433","Feather River Community College District","2010","Total full-time Instruction/research/public service, Tenured total","15","9","6","0","0","0","0","0","0","0","0","0","0","0","0","0","0","0","15","9","6","0","0","0","0","0","0","0","0","0","-2"
"114433","Feather River Community College District","2010","Total full-time Instruction/research/public service, Non-tenured on tenure track, Instructors","9","5","4","0","0","0","0","0","0","0","0","0","0","0","0","0","0","0","8","4","4","0","0","0","1","1","0","0","0","0","-2"
"114433","Feather River Community College District","2010","Total full-time Instruction/research/public service, Non-tenured on tenure track total","9","5","4","0","0","0","0","0","0","0","0","0","0","0","0","0","0","0","8","4","4","0","0","0","1","1","0","0","0","0","-2"
"114433","Feather River Community College District","2010","Total full-time Instruction/research/public service, Non-tenured not on tenure track, Instructors","1","0","1","0","0","0","0","0","0","0","0","0","0","0","0","0","0","0","1","0","1","0","0","0","0","0","0","0","0","0","-2"
"114433","Feather River Community College District","2010","Total full-time Instruction/research/public service, Non-tenured not on tenure track total","1","0","1","0","0","0","0","0","0","0","0","0","0","0","0","0","0","0","1","0","1","0","0","0","0","0","0","0","0","0","-2"
"114716","Foothill College","2010","Total full-time Instruction/research/public service, Tenured, Instructors","152","56","96","2","2","0","18","3","15","10","3","7","14","6","8","0","0","0","99","40","59","1","0","1","6","2","4","2","0","2","-2"
"114716","Foothill College","2010","Total full-time Instruction/research/public service, Tenured total","152","56","96","2","2","0","18","3","15","10","3","7","14","6","8","0","0","0","99","40","59","1","0","1","6","2","4","2","0","2","-2"
"114716","Foothill College","2010","Total full-time Instruction/research/public service, Non-tenured on tenure track, Instructors","49","25","24","0","0","0","12","4","8","1","1","0","7","3","4","0","0","0","26","15","11","0","0","0","3","2","1","0","0","0","-2"
"114716","Foothill College","2010","Total full-time Instruction/research/public service, Non-tenured on tenure track total","49","25","24","0","0","0","12","4","8","1","1","0","7","3","4","0","0","0","26","15","11","0","0","0","3","2","1","0","0","0","-2"
"118541","Marymount California University","2010","Total full-time Instruction/research/public service, Non-tenured not on tenure track, Professors","18","10","8","0","0","0","0","0","0","0","0","0","0","0","0","0","0","0","18","10","8","0","0","0","0","0","0","0","0","0","-2"
"118541","Marymount California University","2010","Total full-time Instruction/research/public service, Non-tenured not on tenure track, Associate professors","8","3","5","0","0","0","0","0","0","1","0","1","0","0","0","0","0","0","6","3","3","0","0","0","1","0","1","0","0","0","-2"
"118541","Marymount California University","2010","Total full-time Instruction/research/public servicey, Non-tenured not on tenure track, Assistant professors","6","3","3","0","0","0","0","0","0","1","1","0","1","1","0","0","0","0","4","1","3","0","0","0","0","0","0","0","0","0","-2"
"118541","Marymount California University","2010","Total full-time Instruction/research/public service, Non-tenured not on tenure track total","32","16","16","0","0","0","0","0","0","2","1","1","1","1","0","0","0","0","28","14","14","0","0","0","1","0","1","0","0","0","-2"
"118888","Mills College","2010","Total full-time Instruction/research/public service, Tenured, Professors","47","21","26","0","0","0","1","0","1","3","1","2","4","1","3","1","1","0","35","18","17","0","0","0","3","0","3","0","0","0","-2"
"118888","Mills College","2010","Total full-time Instruction/research/public service, Tenured, Associate professors","17","4","13","1","0","1","2","0","2","1","0","1","1","0","1","0","0","0","10","2","8","0","0","0","2","2","0","0","0","0","-2"
"118888","Mills College","2010","Total full-time Instruction/research/public service, Tenured total","64","25","39","1","0","1","3","0","3","4","1","3","5","1","4","1","1","0","45","20","25","0","0","0","5","2","3","0","0","0","-2"
"118888","Mills College","2010","Total full-time Instruction/research/public service, Non-tenured on tenure track, Associate professors","2","0","2","0","0","0","0","0","0","1","0","1","0","0","0","0","0","0","1","0","1","0","0","0","0","0","0","0","0","0","-2"
"118888","Mills College","2010","Total full-time Instruction/research/public service, Non-tenured on tenure track, Assistant professors","13","4","9","0","0","0","4","2","2","0","0","0","1","0","1","0","0","0","6","2","4","2","0","2","0","0","0","0","0","0","-2"
"118888","Mills College","2010","Total full-time Instruction/research/public service, Non-tenured on tenure track total","15","4","11","0","0","0","4","2","2","1","0","1","1","0","1","0","0","0","7","2","5","2","0","2","0","0","0","0","0","0","-2"
"118888","Mills College","2010","Total full-time Instruction/research/public service, Non-tenured not on tenure track, Professors","2","1","1","0","0","0","0","0","0","1","1","0","0","0","0","0","0","0","1","0","1","0","0","0","0","0","0","0","0","0","-2"
"118888","Mills College","2010","Total full-time Instruction/research/public service, Non-tenured not on tenure track, Associate professors","3","1","2","0","0","0","0","0","0","0","0","0","0","0","0","0","0","0","1","0","1","0","0","0","2","1","1","0","0","0","-2"
"118888","Mills College","2010","Total full-time Instruction/research/public servicey, Non-tenured not on tenure track, Assistant professors","13","3","10","0","0","0","0","0","0","0","0","0","0","0","0","0","0","0","8","2","6","0","0","0","5","1","4","0","0","0","-2"
"118888","Mills College","2010","Total full-time Instruction/research/public service, Non-tenured not on tenure track, Lecturers","5","0","5","0","0","0","0","0","0","0","0","0","0","0","0","0","0","0","3","0","3","0","0","0","2","0","2","0","0","0","-2"
"118888","Mills College","2010","Total full-time Instruction/research/public service, Non-tenured not on tenure track total","23","5","18","0","0","0","0","0","0","1","1","0","0","0","0","0","0","0","13","2","11","0","0","0","9","2","7","0","0","0","-2"
"118976","Modesto Junior College","2010","Total full-time Instruction/research/public service, Tenured, Instructors","152","65","87","2","1","1","5","1","4","5","2","3","15","7","8","0","0","0","107","48","59","0","0","0","17","6","11","1","0","1","-2"
"118976","Modesto Junior College","2010","Total full-time Instruction/research/public service, Tenured total","152","65","87","2","1","1","5","1","4","5","2","3","15","7","8","0","0","0","107","48","59","0","0","0","17","6","11","1","0","1","-2"
"118976","Modesto Junior College","2010","Total full-time Instruction/research/public service, Non-tenured on tenure track, Instructors","88","49","39","0","0","0","3","1","2","4","1","3","5","4","1","0","0","0","67","38","29","0","0","0","9","5","4","0","0","0","-2"
"118976","Modesto Junior College","2010","Total full-time Instruction/research/public service, Non-tenured on tenure track total","88","49","39","0","0","0","3","1","2","4","1","3","5","4","1","0","0","0","67","38","29","0","0","0","9","5","4","0","0","0","-2"
"118976","Modesto Junior College","2010","Total full-time Instruction/research/public service, Non-tenured not on tenure track, Instructors","3","0","3","0","0","0","0","0","0","0","0","0","0","0","0","0","0","0","3","0","3","0","0","0","0","0","0","0","0","0","-2"
"118976","Modesto Junior College","2010","Total full-time Instruction/research/public service, Non-tenured not on tenure track total","3","0","3","0","0","0","0","0","0","0","0","0","0","0","0","0","0","0","3","0","3","0","0","0","0","0","0","0","0","0","-2"
"120865","Pacific Union College","2010","Total full-time Instruction/research/public service, Tenured, Professors","34","28","6","0","0","0","3","2","1","1","1","0","1","1","0","0","0","0","26","21","5","1","1","0","2","2","0","0","0","0","-2"
"120865","Pacific Union College","2010","Total full-time Instruction/research/public service, Tenured total","34","28","6","0","0","0","3","2","1","1","1","0","1","1","0","0","0","0","26","21","5","1","1","0","2","2","0","0","0","0","-2"
"120865","Pacific Union College","2010","Total full-time Instruction/research/public service, Non-tenured on tenure track, Associate professors","22","10","12","0","0","0","0","0","0","0","0","0","1","0","1","0","0","0","20","10","10","1","0","1","0","0","0","0","0","0","-2"
"120865","Pacific Union College","2010","Total full-time Instruction/research/public service, Non-tenured on tenure track, Assistant professors","24","5","19","0","0","0","3","2","1","2","0","2","1","1","0","0","0","0","18","2","16","0","0","0","0","0","0","0","0","0","-2"
"120865","Pacific Union College","2010","Total full-time Instruction/research/public service, Non-tenured on tenure track total","46","15","31","0","0","0","3","2","1","2","0","2","2","1","1","0","0","0","38","12","26","1","0","1","0","0","0","0","0","0","-2"
"120865","Pacific Union College","2010","Total full-time Instruction/research/public service, Non-tenured not on tenure track, Instructors","5","2","3","0","0","0","0","0","0","0","0","0","0","0","0","0","0","0","5","2","3","0","0","0","0","0","0","0","0","0","-2"
"120865","Pacific Union College","2010","Total full-time Instruction/research/public service, Non-tenured not on tenure track total","5","2","3","0","0","0","0","0","0","0","0","0","0","0","0","0","0","0","5","2","3","0","0","0","0","0","0","0","0","0","-2"
"121619","Santa Ana College","2010","Total full-time Instruction/research/public service, Tenured, Instructors","173","77","96","4","2","2","14","7","7","6","3","3","35","14","21","0","0","0","111","49","62","0","0","0","1","0","1","2","2","0","-2"
"121619","Santa Ana College","2010","Total full-time Instruction/research/public service, Tenured total","173","77","96","4","2","2","14","7","7","6","3","3","35","14","21","0","0","0","111","49","62","0","0","0","1","0","1","2","2","0","-2"
"121619","Santa Ana College","2010","Total full-time Instruction/research/public service, Non-tenured on tenure track, Instructors","39","16","23","0","0","0","7","3","4","1","0","1","10","5","5","0","0","0","21","8","13","0","0","0","0","0","0","0","0","0","-2"
"121619","Santa Ana College","2010","Total full-time Instruction/research/public service, Non-tenured on tenure track total","39","16","23","0","0","0","7","3","4","1","0","1","10","5","5","0","0","0","21","8","13","0","0","0","0","0","0","0","0","0","-2"
"121619","Santa Ana College","2010","Total full-time Instruction/research/public service, Non-tenured not on tenure track, Instructors","9","2","7","0","0","0","1","0","1","0","0","0","4","0","4","0","0","0","3","1","2","0","0","0","0","0","0","1","1","0","-2"
"121619","Santa Ana College","2010","Total full-time Instruction/research/public service, Non-tenured not on tenure track total","9","2","7","0","0","0","1","0","1","0","0","0","4","0","4","0","0","0","3","1","2","0","0","0","0","0","0","1","1","0","-2"
"121886","Rio Hondo College","2010","Total full-time Instruction/research/public service, Tenured, Instructors","154","77","77","2","2","0","14","5","9","5","4","1","44","18","26","0","0","0","87","48","39","1","0","1","1","0","1","0","0","0","-2"
"121886","Rio Hondo College","2010","Total full-time Instruction/research/public service, Tenured total","154","77","77","2","2","0","14","5","9","5","4","1","44","18","26","0","0","0","87","48","39","1","0","1","1","0","1","0","0","0","-2"
"121886","Rio Hondo College","2010","Total full-time Instruction/research/public service, Non-tenured on tenure track, Instructors","32","13","19","0","0","0","2","1","1","2","0","2","10","3","7","0","0","0","17","8","9","0","0","0","0","0","0","1","1","0","-2"
"121886","Rio Hondo College","2010","Total full-time Instruction/research/public service, Non-tenured on tenure track total","32","13","19","0","0","0","2","1","1","2","0","2","10","3","7","0","0","0","17","8","9","0","0","0","0","0","0","1","1","0","-2"
"122375","San Diego Mesa College","2010","Total full-time Instruction/research/public service, Tenured, Instructors","197","101","96","2","1","1","16","5","11","17","12","5","23","9","14","0","0","0","123","65","58","0","0","0","16","9","7","0","0","0","-2"
"122375","San Diego Mesa College","2010","Total full-time Instruction/research/public service, Tenured total","197","101","96","2","1","1","16","5","11","17","12","5","23","9","14","0","0","0","123","65","58","0","0","0","16","9","7","0","0","0","-2"
"122375","San Diego Mesa College","2010","Total full-time Instruction/research/public service, Non-tenured on tenure track, Instructors","79","38","41","0","0","0","7","3","4","6","2","4","10","6","4","0","0","0","44","24","20","0","0","0","11","3","8","1","0","1","-2"
"122375","San Diego Mesa College","2010","Total full-time Instruction/research/public service, Non-tenured on tenure track total","79","38","41","0","0","0","7","3","4","6","2","4","10","6","4","0","0","0","44","24","20","0","0","0","11","3","8","1","0","1","-2"
"122375","San Diego Mesa College","2010","Total full-time Instruction/research/public service, Non-tenured not on tenure track, Instructors","5","2","3","0","0","0","0","0","0","2","0","2","0","0","0","0","0","0","3","2","1","0","0","0","0","0","0","0","0","0","-2"
"122375","San Diego Mesa College","2010","Total full-time Instruction/research/public service, Non-tenured not on tenure track total","5","2","3","0","0","0","0","0","0","2","0","2","0","0","0","0","0","0","3","2","1","0","0","0","0","0","0","0","0","0","-2"
"123509","Skyline College","2010","Total full-time Instruction/research/public service, Tenured, Instructors","98","54","44","0","0","0","20","9","11","7","6","1","17","7","10","0","0","0","53","32","21","0","0","0","0","0","0","1","0","1","-2"
"123509","Skyline College","2010","Total full-time Instruction/research/public service, Tenured total","98","54","44","0","0","0","20","9","11","7","6","1","17","7","10","0","0","0","53","32","21","0","0","0","0","0","0","1","0","1","-2"
"123509","Skyline College","2010","Total full-time Instruction/research/public service, Non-tenured on tenure track, Instructors","8","3","5","0","0","0","1","0","1","0","0","0","1","1","0","0","0","0","5","2","3","0","0","0","1","0","1","0","0","0","-2"
"123509","Skyline College","2010","Total full-time Instruction/research/public service, Non-tenured on tenure track total","8","3","5","0","0","0","1","0","1","0","0","0","1","1","0","0","0","0","5","2","3","0","0","0","1","0","1","0","0","0","-2"
"123509","Skyline College","2010","Total full-time Instruction/research/public service, Non-tenured not on tenure track, Instructors","7","4","3","0","0","0","1","1","0","1","1","0","0","0","0","1","0","1","4","2","2","0","0","0","0","0","0","0","0","0","-2"
"123509","Skyline College","2010","Total full-time Instruction/research/public service, Non-tenured not on tenure track total","7","4","3","0","0","0","1","1","0","1","1","0","0","0","0","1","0","1","4","2","2","0","0","0","0","0","0","0","0","0","-2"
"123554","Saint Mary's College of California","2010","Total full-time Instruction/research/public service, Tenured, Professors","86","50","36","0","0","0","5","5","0","0","0","0","6","4","2","0","0","0","74","40","34","0","0","0","1","1","0","0","0","0","-2"
"123554","Saint Mary's College of California","2010","Total full-time Instruction/research/public service, Tenured, Associate professors","48","22","26","0","0","0","9","4","5","3","1","2","1","0","1","1","0","1","33","17","16","0","0","0","1","0","1","0","0","0","-2"
"123554","Saint Mary's College of California","2010","Total full-time Instruction/research/public service, Tenured total","134","72","62","0","0","0","14","9","5","3","1","2","7","4","3","1","0","1","107","57","50","0","0","0","2","1","1","0","0","0","-2"
"123554","Saint Mary's College of California","2010","Total full-time Instruction/research/public service, Non-tenured on tenure track, Associate professors","5","2","3","0","0","0","2","0","2","0","0","0","1","1","0","0","0","0","1","0","1","0","0","0","0","0","0","1","1","0","-2"
"123554","Saint Mary's College of California","2010","Total full-time Instruction/research/public service, Non-tenured on tenure track, Assistant professors","27","11","16","0","0","0","2","0","2","0","0","0","0","0","0","0","0","0","16","8","8","0","0","0","5","2","3","4","1","3","-2"
"123554","Saint Mary's College of California","2010","Total full-time Instruction/research/public service, Non-tenured on tenure track total","32","13","19","0","0","0","4","0","4","0","0","0","1","1","0","0","0","0","17","8","9","0","0","0","5","2","3","5","2","3","-2"
"123554","Saint Mary's College of California","2010","Total full-time Instruction/research/public service, Non-tenured not on tenure track, Professors","2","0","2","0","0","0","0","0","0","0","0","0","0","0","0","0","0","0","2","0","2","0","0","0","0","0","0","0","0","0","-2"
"123554","Saint Mary's College of California","2010","Total full-time Instruction/research/public service, Non-tenured not on tenure track, Associate professors","16","4","12","0","0","0","1","0","1","0","0","0","0","0","0","0","0","0","14","3","11","0","0","0","1","1","0","0","0","0","-2"
"123554","Saint Mary's College of California","2010","Total full-time Instruction/research/public servicey, Non-tenured not on tenure track, Assistant professors","5","1","4","0","0","0","1","0","1","0","0","0","0","0","0","0","0","0","2","0","2","0","0","0","2","1","1","0","0","0","-2"
"123554","Saint Mary's College of California","2010","Total full-time Instruction/research/public service, Non-tenured not on tenure track total","23","5","18","0","0","0","2","0","2","0","0","0","0","0","0","0","0","0","18","3","15","0","0","0","3","2","1","0","0","0","-2"
"123563","Solano Community College","2010","Total full-time Instruction/research/public service, Tenured, Instructors","130","59","71","0","0","0","6","3","3","6","3","3","11","6","5","0","0","0","107","47","60","0","0","0","0","0","0","0","0","0","-2"
"123563","Solano Community College","2010","Total full-time Instruction/research/public service, Tenured total","130","59","71","0","0","0","6","3","3","6","3","3","11","6","5","0","0","0","107","47","60","0","0","0","0","0","0","0","0","0","-2"
"123563","Solano Community College","2010","Total full-time Instruction/research/public service, Non-tenured on tenure track, Instructors","25","7","18","0","0","0","0","0","0","5","1","4","4","0","4","0","0","0","16","6","10","0","0","0","0","0","0","0","0","0","-2"
"123563","Solano Community College","2010","Total full-time Instruction/research/public service, Non-tenured on tenure track total","25","7","18","0","0","0","0","0","0","5","1","4","4","0","4","0","0","0","16","6","10","0","0","0","0","0","0","0","0","0","-2"
"123563","Solano Community College","2010","Total full-time Instruction/research/public service, Non-tenured not on tenure track, Instructors","6","4","2","0","0","0","0","0","0","0","0","0","1","1","0","0","0","0","5","3","2","0","0","0","0","0","0","0","0","0","-2"
"123563","Solano Community College","2010","Total full-time Instruction/research/public service, Non-tenured not on tenure track total","6","4","2","0","0","0","0","0","0","0","0","0","1","1","0","0","0","0","5","3","2","0","0","0","0","0","0","0","0","0","-2"
"123572","Sonoma State University","2010","Total full-time Instruction/research/public service, Tenured, Professors","115","65","50","1","1","0","9","7","2","2","1","1","2","1","1","1","1","0","94","51","43","3","1","2","3","2","1","0","0","0","-2"
"123572","Sonoma State University","2010","Total full-time Instruction/research/public service, Tenured, Associate professors","59","27","32","0","0","0","5","3","2","2","1","1","7","2","5","0","0","0","43","20","23","0","0","0","2","1","1","0","0","0","-2"
"123572","Sonoma State University","2010","Total full-time Instruction/research/public service, Tenured, Assistant professors","2","2","0","0","0","0","0","0","0","0","0","0","1","1","0","0","0","0","1","1","0","0","0","0","0","0","0","0","0","0","-2"
"123572","Sonoma State University","2010","Total full-time Instruction/research/public service, Tenured total","176","94","82","1","1","0","14","10","4","4","2","2","10","4","6","1","1","0","138","72","66","3","1","2","5","3","2","0","0","0","-2"
"123572","Sonoma State University","2010","Total full-time Instruction/research/public service, Non-tenured on tenure track, Associate professors","1","1","0","0","0","0","0","0","0","0","0","0","0","0","0","0","0","0","1","1","0","0","0","0","0","0","0","0","0","0","-2"
"123572","Sonoma State University","2010","Total full-time Instruction/research/public service, Non-tenured on tenure track, Assistant professors","55","31","24","0","0","0","5","4","1","1","0","1","5","3","2","0","0","0","38","22","16","1","1","0","3","1","2","2","0","2","-2"
"123572","Sonoma State University","2010","Total full-time Instruction/research/public service, Non-tenured on tenure track total","56","32","24","0","0","0","5","4","1","1","0","1","5","3","2","0","0","0","39","23","16","1","1","0","3","1","2","2","0","2","-2"
"123572","Sonoma State University","2010","Total full-time Instruction/research/public service, Non-tenured not on tenure track, Lecturers","22","9","13","0","0","0","1","0","1","0","0","0","0","0","0","0","0","0","21","9","12","0","0","0","0","0","0","0","0","0","-2"
"123572","Sonoma State University","2010","Total full-time Instruction/research/public service, Non-tenured not on tenure track total","22","9","13","0","0","0","1","0","1","0","0","0","0","0","0","0","0","0","21","9","12","0","0","0","0","0","0","0","0","0","-2"
"125471","West Los Angeles College","2010","Total full-time Instruction/research/public service, Tenured, Instructors","72","31","41","0","0","0","9","3","6","18","4","14","7","1","6","0","0","0","38","23","15","0","0","0","0","0","0","0","0","0","-2"
"125471","West Los Angeles College","2010","Total full-time Instruction/research/public service, Tenured total","72","31","41","0","0","0","9","3","6","18","4","14","7","1","6","0","0","0","38","23","15","0","0","0","0","0","0","0","0","0","-2"
"125471","West Los Angeles College","2010","Total full-time Instruction/research/public service, Non-tenured on tenure track, Instructors","13","4","9","0","0","0","2","1","1","3","1","2","2","0","2","0","0","0","3","0","3","0","0","0","3","2","1","0","0","0","-2"
"125471","West Los Angeles College","2010","Total full-time Instruction/research/public service, Non-tenured on tenure track total","13","4","9","0","0","0","2","1","1","3","1","2","2","0","2","0","0","0","3","0","3","0","0","0","3","2","1","0","0","0","-2"
"125471","West Los Angeles College","2010","Total full-time Instruction/research/public service, Non-tenured not on tenure track, Instructors","17","10","7","1","0","1","1","0","1","1","1","0","3","2","1","0","0","0","8","5","3","0","0","0","3","2","1","0","0","0","-2"
"125471","West Los Angeles College","2010","Total full-time Instruction/research/public service, Non-tenured not on tenure track total","17","10","7","1","0","1","1","0","1","1","1","0","3","2","1","0","0","0","8","5","3","0","0","0","3","2","1","0","0","0","-2"
"126182","Adams State University","2010","Total full-time Instruction/research/public service, Tenured, Professors","33","22","11","0","0","0","0","0","0","0","0","0","2","1","1","0","0","0","31","21","10","0","0","0","0","0","0","0","0","0","-2"
"126182","Adams State University","2010","Total full-time Instruction/research/public service, Tenured, Associate professors","25","15","10","0","0","0","0","0","0","0","0","0","5","3","2","0","0","0","17","10","7","1","1","0","2","1","1","0","0","0","-2"
"126182","Adams State University","2010","Total full-time Instruction/research/public service, Tenured, Assistant professors","1","1","0","0","0","0","0","0","0","0","0","0","0","0","0","0","0","0","1","1","0","0","0","0","0","0","0","0","0","0","-2"
"126182","Adams State University","2010","Total full-time Instruction/research/public service, Tenured total","59","38","21","0","0","0","0","0","0","0","0","0","7","4","3","0","0","0","49","32","17","1","1","0","2","1","1","0","0","0","-2"
"126182","Adams State University","2010","Total full-time Instruction/research/public service, Non-tenured on tenure track, Associate professors","2","0","2","0","0","0","0","0","0","0","0","0","0","0","0","0","0","0","2","0","2","0","0","0","0","0","0","0","0","0","-2"
"126182","Adams State University","2010","Total full-time Instruction/research/public service, Non-tenured on tenure track, Assistant professors","30","8","22","0","0","0","2","1","1","0","0","0","4","1","3","0","0","0","23","6","17","0","0","0","1","0","1","0","0","0","-2"
"126182","Adams State University","2010","Total full-time Instruction/research/public service, Non-tenured on tenure track, No academic rank","1","0","1","0","0","0","0","0","0","0","0","0","1","0","1","0","0","0","0","0","0","0","0","0","0","0","0","0","0","0","-2"
"126182","Adams State University","2010","Total full-time Instruction/research/public service, Non-tenured on tenure track total","33","8","25","0","0","0","2","1","1","0","0","0","5","1","4","0","0","0","25","6","19","0","0","0","1","0","1","0","0","0","-2"
"126182","Adams State University","2010","Total full-time Instruction/research/public service, Non-tenured not on tenure track, Instructors","1","0","1","0","0","0","0","0","0","0","0","0","0","0","0","0","0","0","1","0","1","0","0","0","0","0","0","0","0","0","-2"
"126182","Adams State University","2010","Total full-time Instruction/research/public service, Non-tenured not on tenure track total","1","0","1","0","0","0","0","0","0","0","0","0","0","0","0","0","0","0","1","0","1","0","0","0","0","0","0","0","0","0","-2"
"126562","University of Colorado Denver/Anschutz Medical Campus","2010","Total full-time Instruction/research/public service, Tenured, Professors","356","270","86","2","1","1","20","14","6","3","3","0","8","6","2","0","0","0","313","239","74","0","0","0","10","7","3","0","0","0","-2"
"126562","University of Colorado Denver/Anschutz Medical Campus","2010","Total full-time Instruction/research/public service, Tenured, Associate professors","189","118","71","2","1","1","15","9","6","0","0","0","11","8","3","0","0","0","148","92","56","0","0","0","13","8","5","0","0","0","-2"
"126562","University of Colorado Denver/Anschutz Medical Campus","2010","Total full-time Instruction/research/public service, Tenured, Assistant professors","1","1","0","0","0","0","0","0","0","0","0","0","0","0","0","0","0","0","1","1","0","0","0","0","0","0","0","0","0","0","-2"
"126562","University of Colorado Denver/Anschutz Medical Campus","2010","Total full-time Instruction/research/public service, Tenured total","546","389","157","4","2","2","35","23","12","3","3","0","19","14","5","0","0","0","462","332","130","0","0","0","23","15","8","0","0","0","-2"
"126562","University of Colorado Denver/Anschutz Medical Campus","2010","Total full-time Instruction/research/public service, Non-tenured on tenure track, Professors","131","94","37","0","0","0","7","5","2","0","0","0","4","2","2","0","0","0","105","75","30","0","0","0","15","12","3","0","0","0","-2"
"126562","University of Colorado Denver/Anschutz Medical Campus","2010","Total full-time Instruction/research/public service, Non-tenured on tenure track, Associate professors","364","195","169","2","0","2","20","12","8","2","0","2","9","5","4","1","1","0","263","137","126","0","0","0","65","39","26","2","1","1","-2"
"126562","University of Colorado Denver/Anschutz Medical Campus","2010","Total full-time Instruction/research/public service, Non-tenured on tenure track, Assistant professors","626","317","309","2","1","1","60","28","32","13","4","9","20","7","13","0","0","0","407","200","207","0","0","0","94","53","41","30","24","6","-2"
"126562","University of Colorado Denver/Anschutz Medical Campus","2010","Total full-time Instruction/research/public service, Non-tenured on tenure track total","1121","606","515","4","1","3","87","45","42","15","4","11","33","14","19","1","1","0","775","412","363","0","0","0","174","104","70","32","25","7","-2"
"126562","University of Colorado Denver/Anschutz Medical Campus","2010","Total full-time Instruction/research/public service, Non-tenured not on tenure track, Professors","17","10","7","0","0","0","2","2","0","0","0","0","0","0","0","0","0","0","14","8","6","0","0","0","1","0","1","0","0","0","-2"
"126562","University of Colorado Denver/Anschutz Medical Campus","2010","Total full-time Instruction/research/public service, Non-tenured not on tenure track, Associate professors","60","34","26","1","1","0","8","6","2","0","0","0","1","1","0","0","0","0","45","24","21","0","0","0","4","2","2","1","0","1","-2"
"126562","University of Colorado Denver/Anschutz Medical Campus","2010","Total full-time Instruction/research/public servicey, Non-tenured not on tenure track, Assistant professors","126","58","68","1","1","0","15","7","8","3","2","1","6","2","4","0","0","0","75","35","40","0","0","0","9","2","7","17","9","8","-2"
"126562","University of Colorado Denver/Anschutz Medical Campus","2010","Total full-time Instruction/research/public service, Non-tenured not on tenure track, Instructors","940","303","637","10","3","7","48","25","23","13","5","8","32","11","21","1","0","1","641","200","441","0","0","0","172","46","126","23","13","10","-2"
"126562","University of Colorado Denver/Anschutz Medical Campus","2010","Total full-time Instruction/research/public service, Non-tenured not on tenure track, No academic rank","9","6","3","0","0","0","1","0","1","0","0","0","1","1","0","0","0","0","4","3","1","0","0","0","2","1","1","1","1","0","-2"
"126562","University of Colorado Denver/Anschutz Medical Campus","2010","Total full-time Instruction/research/public service, Non-tenured not on tenure track total","1152","411","741","12","5","7","74","40","34","16","7","9","40","15","25","1","0","1","779","270","509","0","0","0","188","51","137","42","23","19","-2"
"126711","Colorado Mountain College","2010","Total full-time Instruction/research/public service, Non-tenured not on tenure track, Professors","21","10","11","0","0","0","0","0","0","0","0","0","0","0","0","0","0","0","21","10","11","0","0","0","0","0","0","0","0","0","-2"
"126711","Colorado Mountain College","2010","Total full-time Instruction/research/public service, Non-tenured not on tenure track, Associate professors","50","24","26","0","0","0","2","1","1","0","0","0","1","1","0","0","0","0","45","21","24","0","0","0","2","1","1","0","0","0","-2"
"126711","Colorado Mountain College","2010","Total full-time Instruction/research/public servicey, Non-tenured not on tenure track, Assistant professors","22","13","9","1","1","0","0","0","0","0","0","0","0","0","0","0","0","0","19","11","8","0","0","0","2","1","1","0","0","0","-2"
"126711","Colorado Mountain College","2010","Total full-time Instruction/research/public service, Non-tenured not on tenure track, Instructors","4","2","2","0","0","0","0","0","0","0","0","0","1","0","1","0","0","0","3","2","1","0","0","0","0","0","0","0","0","0","-2"
"126711","Colorado Mountain College","2010","Total full-time Instruction/research/public service, Non-tenured not on tenure track total","97","49","48","1","1","0","2","1","1","0","0","0","2","1","1","0","0","0","88","44","44","0","0","0","4","2","2","0","0","0","-2"
"126942","Community College of Denver","2010","Total full-time Instruction/research/public service, Non-tenured not on tenure track, Professors","21","10","11","0","0","0","1","0","1","2","1","1","0","0","0","0","0","0","18","9","9","0","0","0","0","0","0","0","0","0","-2"
"126942","Community College of Denver","2010","Total full-time Instruction/research/public service, Non-tenured not on tenure track, Associate professors","24","8","16","0","0","0","1","1","0","2","0","2","4","2","2","0","0","0","17","5","12","0","0","0","0","0","0","0","0","0","-2"
"126942","Community College of Denver","2010","Total full-time Instruction/research/public servicey, Non-tenured not on tenure track, Assistant professors","3","1","2","0","0","0","0","0","0","0","0","0","1","0","1","0","0","0","2","1","1","0","0","0","0","0","0","0","0","0","-2"
"126942","Community College of Denver","2010","Total full-time Instruction/research/public service, Non-tenured not on tenure track, Instructors","66","29","37","1","0","1","3","1","2","2","1","1","4","1","3","0","0","0","55","26","29","1","0","1","0","0","0","0","0","0","-2"
"126942","Community College of Denver","2010","Total full-time Instruction/research/public service, Non-tenured not on tenure track total","114","48","66","1","0","1","5","2","3","6","2","4","9","3","6","0","0","0","92","41","51","1","0","1","0","0","0","0","0","0","-2"
"127617","Morgan Community College","2010","Total full-time Instruction/research/public service, Non-tenured not on tenure track, No academic rank","31","13","18","0","0","0","0","0","0","0","0","0","1","1","0","0","0","0","30","12","18","0","0","0","0","0","0","0","0","0","-2"
"127617","Morgan Community College","2010","Total full-time Instruction/research/public service, Non-tenured not on tenure track total","31","13","18","0","0","0","0","0","0","0","0","0","1","1","0","0","0","0","30","12","18","0","0","0","0","0","0","0","0","0","-2"
"128744","University of Bridgeport","2010","Total full-time Instruction/research/public service, Tenured, Professors","16","13","3","0","0","0","4","3","1","0","0","0","0","0","0","0","0","0","12","10","2","0","0","0","0","0","0","0","0","0","-2"
"128744","University of Bridgeport","2010","Total full-time Instruction/research/public service, Tenured, Associate professors","23","16","7","0","0","0","2","2","0","1","1","0","1","0","1","0","0","0","19","13","6","0","0","0","0","0","0","0","0","0","-2"
"128744","University of Bridgeport","2010","Total full-time Instruction/research/public service, Tenured, Assistant professors","1","0","1","0","0","0","0","0","0","0","0","0","0","0","0","0","0","0","1","0","1","0","0","0","0","0","0","0","0","0","-2"
"128744","University of Bridgeport","2010","Total full-time Instruction/research/public service, Tenured total","40","29","11","0","0","0","6","5","1","1","1","0","1","0","1","0","0","0","32","23","9","0","0","0","0","0","0","0","0","0","-2"
"128744","University of Bridgeport","2010","Total full-time Instruction/research/public service, Non-tenured on tenure track, Professors","1","1","0","0","0","0","0","0","0","0","0","0","0","0","0","0","0","0","1","1","0","0","0","0","0","0","0","0","0","0","-2"
"128744","University of Bridgeport","2010","Total full-time Instruction/research/public service, Non-tenured on tenure track, Associate professors","10","8","2","0","0","0","1","1","0","1","1","0","0","0","0","0","0","0","8","6","2","0","0","0","0","0","0","0","0","0","-2"
"128744","University of Bridgeport","2010","Total full-time Instruction/research/public service, Non-tenured on tenure track, Assistant professors","32","16","16","0","0","0","13","10","3","2","1","1","0","0","0","0","0","0","17","5","12","0","0","0","0","0","0","0","0","0","-2"
"128744","University of Bridgeport","2010","Total full-time Instruction/research/public service, Non-tenured on tenure track total","43","25","18","0","0","0","14","11","3","3","2","1","0","0","0","0","0","0","26","12","14","0","0","0","0","0","0","0","0","0","-2"
"128744","University of Bridgeport","2010","Total full-time Instruction/research/public service, Non-tenured not on tenure track, Associate professors","1","1","0","0","0","0","0","0","0","0","0","0","0","0","0","0","0","0","1","1","0","0","0","0","0","0","0","0","0","0","-2"
"128744","University of Bridgeport","2010","Total full-time Instruction/research/public servicey, Non-tenured not on tenure track, Assistant professors","18","8","10","0","0","0","0","0","0","1","0","1","1","0","1","0","0","0","16","8","8","0","0","0","0","0","0","0","0","0","-2"
"128744","University of Bridgeport","2010","Total full-time Instruction/research/public service, Non-tenured not on tenure track, Lecturers","18","12","6","0","0","0","2","1","1","0","0","0","0","0","0","0","0","0","16","11","5","0","0","0","0","0","0","0","0","0","-2"
"128744","University of Bridgeport","2010","Total full-time Instruction/research/public service, Non-tenured not on tenure track total","37","21","16","0","0","0","2","1","1","1","0","1","1","0","1","0","0","0","33","20","13","0","0","0","0","0","0","0","0","0","-2"
"131876","Trinity Washington University","2010","Total full-time Instruction/research/public service, Tenured, Professors","9","1","8","0","0","0","0","0","0","1","0","1","0","0","0","0","0","0","8","1","7","0","0","0","0","0","0","0","0","0","-2"
"131876","Trinity Washington University","2010","Total full-time Instruction/research/public service, Tenured, Associate professors","21","7","14","0","0","0","3","2","1","2","1","1","3","1","2","0","0","0","13","3","10","0","0","0","0","0","0","0","0","0","-2"
"131876","Trinity Washington University","2010","Total full-time Instruction/research/public service, Tenured total","30","8","22","0","0","0","3","2","1","3","1","2","3","1","2","0","0","0","21","4","17","0","0","0","0","0","0","0","0","0","-2"
"131876","Trinity Washington University","2010","Total full-time Instruction/research/public service, Non-tenured on tenure track, Assistant professors","13","4","9","0","0","0","0","0","0","4","2","2","1","0","1","0","0","0","8","2","6","0","0","0","0","0","0","0","0","0","-2"
"131876","Trinity Washington University","2010","Total full-time Instruction/research/public service, Non-tenured on tenure track total","13","4","9","0","0","0","0","0","0","4","2","2","1","0","1","0","0","0","8","2","6","0","0","0","0","0","0","0","0","0","-2"
"131876","Trinity Washington University","2010","Total full-time Instruction/research/public servicey, Non-tenured not on tenure track, Assistant professors","22","7","15","0","0","0","1","0","1","10","4","6","0","0","0","0","0","0","11","3","8","0","0","0","0","0","0","0","0","0","-2"
"131876","Trinity Washington University","2010","Total full-time Instruction/research/public service, Non-tenured not on tenure track, Instructors","2","1","1","0","0","0","0","0","0","1","0","1","0","0","0","0","0","0","1","1","0","0","0","0","0","0","0","0","0","0","-2"
"131876","Trinity Washington University","2010","Total full-time Instruction/research/public service, Non-tenured not on tenure track total","24","8","16","0","0","0","1","0","1","11","4","7","0","0","0","0","0","0","12","4","8","0","0","0","0","0","0","0","0","0","-2"
"132709","Broward College","2010","Total full-time Instruction/research/public service, Tenured, Professors","61","36","25","2","0","2","3","1","2","3","1","2","9","6","3","0","0","0","44","28","16","0","0","0","0","0","0","0","0","0","-2"
"132709","Broward College","2010","Total full-time Instruction/research/public service, Tenured, Associate professors","24","9","15","0","0","0","1","1","0","1","0","1","5","2","3","0","0","0","17","6","11","0","0","0","0","0","0","0","0","0","-2"
"132709","Broward College","2010","Total full-time Instruction/research/public service, Tenured, Assistant professors","164","81","83","1","0","1","6","5","1","28","10","18","28","14","14","0","0","0","101","52","49","0","0","0","0","0","0","0","0","0","-2"
"132709","Broward College","2010","Total full-time Instruction/research/public service, Tenured, Instructors","13","6","7","0","0","0","0","0","0","2","1","1","3","2","1","0","0","0","8","3","5","0","0","0","0","0","0","0","0","0","-2"
"132709","Broward College","2010","Total full-time Instruction/research/public service, Tenured total","262","132","130","3","0","3","10","7","3","34","12","22","45","24","21","0","0","0","170","89","81","0","0","0","0","0","0","0","0","0","-2"
"132709","Broward College","2010","Total full-time Instruction/research/public service, Non-tenured on tenure track, Assistant professors","74","31","43","2","0","2","2","2","0","13","5","8","13","6","7","0","0","0","35","14","21","0","0","0","8","3","5","1","1","0","-2"
"132709","Broward College","2010","Total full-time Instruction/research/public service, Non-tenured on tenure track, Instructors","8","4","4","0","0","0","0","0","0","1","1","0","0","0","0","0","0","0","6","2","4","0","0","0","1","1","0","0","0","0","-2"
"132709","Broward College","2010","Total full-time Instruction/research/public service, Non-tenured on tenure track total","82","35","47","2","0","2","2","2","0","14","6","8","13","6","7","0","0","0","41","16","25","0","0","0","9","4","5","1","1","0","-2"
"132709","Broward College","2010","Total full-time Instruction/research/public service, Non-tenured not on tenure track, Professors","1","1","0","0","0","0","0","0","0","0","0","0","0","0","0","0","0","0","1","1","0","0","0","0","0","0","0","0","0","0","-2"
"132709","Broward College","2010","Total full-time Instruction/research/public servicey, Non-tenured not on tenure track, Assistant professors","4","1","3","0","0","0","0","0","0","2","0","2","0","0","0","0","0","0","2","1","1","0","0","0","0","0","0","0","0","0","-2"
"132709","Broward College","2010","Total full-time Instruction/research/public service, Non-tenured not on tenure track, Instructors","2","1","1","0","0","0","0","0","0","0","0","0","0","0","0","0","0","0","2","1","1","0","0","0","0","0","0","0","0","0","-2"
"132709","Broward College","2010","Total full-time Instruction/research/public service, Non-tenured not on tenure track, Lecturers","31","14","17","0","0","0","2","1","1","5","3","2","5","2","3","0","0","0","15","6","9","0","0","0","4","2","2","0","0","0","-2"
"132709","Broward College","2010","Total full-time Instruction/research/public service, Non-tenured not on tenure track total","38","17","21","0","0","0","2","1","1","7","3","4","5","2","3","0","0","0","20","9","11","0","0","0","4","2","2","0","0","0","-2"
"132903","University of Central Florida","2010","Total full-time Instruction/research/public service, Tenured, Professors","241","194","47","0","0","0","47","40","7","5","3","2","7","7","0","0","0","0","182","144","38","0","0","0","0","0","0","0","0","0","-2"
"132903","University of Central Florida","2010","Total full-time Instruction/research/public service, Tenured, Associate professors","319","206","113","3","2","1","39","34","5","24","15","9","22","12","10","0","0","0","230","142","88","0","0","0","0","0","0","1","1","0","-2"
"132903","University of Central Florida","2010","Total full-time Instruction/research/public service, Tenured, Assistant professors","4","4","0","0","0","0","0","0","0","0","0","0","0","0","0","0","0","0","4","4","0","0","0","0","0","0","0","0","0","0","-2"
"132903","University of Central Florida","2010","Total full-time Instruction/research/public service, Tenured total","564","404","160","3","2","1","86","74","12","29","18","11","29","19","10","0","0","0","416","290","126","0","0","0","0","0","0","1","1","0","-2"
"132903","University of Central Florida","2010","Total full-time Instruction/research/public service, Non-tenured on tenure track, Professors","1","1","0","0","0","0","0","0","0","0","0","0","1","1","0","0","0","0","0","0","0","0","0","0","0","0","0","0","0","0","-2"
"132903","University of Central Florida","2010","Total full-time Instruction/research/public service, Non-tenured on tenure track, Associate professors","13","11","2","0","0","0","1","0","1","2","2","0","2","1","1","0","0","0","8","8","0","0","0","0","0","0","0","0","0","0","-2"
"132903","University of Central Florida","2010","Total full-time Instruction/research/public service, Non-tenured on tenure track, Assistant professors","170","105","65","2","1","1","29","22","7","8","5","3","12","7","5","0","0","0","97","58","39","1","0","1","0","0","0","21","12","9","-2"
"132903","University of Central Florida","2010","Total full-time Instruction/research/public service, Non-tenured on tenure track total","184","117","67","2","1","1","30","22","8","10","7","3","15","9","6","0","0","0","105","66","39","1","0","1","0","0","0","21","12","9","-2"
"132903","University of Central Florida","2010","Total full-time Instruction/research/public service, Non-tenured not on tenure track, Professors","16","13","3","0","0","0","2","2","0","0","0","0","1","0","1","0","0","0","13","11","2","0","0","0","0","0","0","0","0","0","-2"
"132903","University of Central Florida","2010","Total full-time Instruction/research/public service, Non-tenured not on tenure track, Associate professors","12","5","7","0","0","0","0","0","0","0","0","0","0","0","0","0","0","0","12","5","7","0","0","0","0","0","0","0","0","0","-2"
"132903","University of Central Florida","2010","Total full-time Instruction/research/public servicey, Non-tenured not on tenure track, Assistant professors","47","25","22","0","0","0","2","2","0","3","2","1","2","0","2","0","0","0","35","18","17","0","0","0","0","0","0","5","3","2","-2"
"132903","University of Central Florida","2010","Total full-time Instruction/research/public service, Non-tenured not on tenure track, Instructors","328","118","210","1","1","0","3","1","2","8","2","6","18","5","13","0","0","0","291","107","184","2","1","1","0","0","0","5","1","4","-2"
"132903","University of Central Florida","2010","Total full-time Instruction/research/public service, Non-tenured not on tenure track, Lecturers","65","47","18","0","0","0","6","5","1","3","2","1","4","4","0","0","0","0","50","34","16","1","1","0","0","0","0","1","1","0","-2"
"132903","University of Central Florida","2010","Total full-time Instruction/research/public service, Non-tenured not on tenure track, No academic rank","96","62","34","0","0","0","7","5","2","1","0","1","3","0","3","0","0","0","46","26","20","0","0","0","0","0","0","39","31","8","-2"
"132903","University of Central Florida","2010","Total full-time Instruction/research/public service, Non-tenured not on tenure track total","564","270","294","1","1","0","20","15","5","15","6","9","28","9","19","0","0","0","447","201","246","3","2","1","0","0","0","50","36","14","-2"
"133508","Florida SouthWestern State College","2010","Total full-time Instruction/research/public service, Tenured, No academic rank","75","37","38","0","0","0","2","1","1","4","2","2","2","2","0","0","0","0","66","31","35","0","0","0","1","1","0","0","0","0","-2"
"133508","Florida SouthWestern State College","2010","Total full-time Instruction/research/public service, Tenured total","75","37","38","0","0","0","2","1","1","4","2","2","2","2","0","0","0","0","66","31","35","0","0","0","1","1","0","0","0","0","-2"
"133508","Florida SouthWestern State College","2010","Total full-time Instruction/research/public service, Non-tenured on tenure track, No academic rank","50","16","34","1","0","1","0","0","0","2","0","2","1","0","1","0","0","0","45","16","29","0","0","0","0","0","0","1","0","1","-2"
"133508","Florida SouthWestern State College","2010","Total full-time Instruction/research/public service, Non-tenured on tenure track total","50","16","34","1","0","1","0","0","0","2","0","2","1","0","1","0","0","0","45","16","29","0","0","0","0","0","0","1","0","1","-2"
"133508","Florida SouthWestern State College","2010","Total full-time Instruction/research/public service, Non-tenured not on tenure track, No academic rank","15","8","7","0","0","0","0","0","0","0","0","0","0","0","0","0","0","0","15","8","7","0","0","0","0","0","0","0","0","0","-2"
"133508","Florida SouthWestern State College","2010","Total full-time Instruction/research/public service, Non-tenured not on tenure track total","15","8","7","0","0","0","0","0","0","0","0","0","0","0","0","0","0","0","15","8","7","0","0","0","0","0","0","0","0","0","-2"
"133669","Florida Atlantic University","2010","Total full-time Instruction/research/public service, Tenured, Professors","193","142","51","1","1","0","30","27","3","10","5","5","10","6","4","0","0","0","140","101","39","0","0","0","0","0","0","2","2","0","-2"
"133669","Florida Atlantic University","2010","Total full-time Instruction/research/public service, Tenured, Associate professors","220","132","88","0","0","0","33","23","10","14","4","10","16","7","9","0","0","0","152","93","59","0","0","0","0","0","0","5","5","0","-2"
"133669","Florida Atlantic University","2010","Total full-time Instruction/research/public service, Tenured, No academic rank","3","2","1","0","0","0","1","1","0","0","0","0","0","0","0","0","0","0","2","1","1","0","0","0","0","0","0","0","0","0","-2"
"133669","Florida Atlantic University","2010","Total full-time Instruction/research/public service, Tenured total","416","276","140","1","1","0","64","51","13","24","9","15","26","13","13","0","0","0","294","195","99","0","0","0","0","0","0","7","7","0","-2"
"133669","Florida Atlantic University","2010","Total full-time Instruction/research/public service, Non-tenured on tenure track, Associate professors","8","5","3","0","0","0","0","0","0","1","0","1","0","0","0","0","0","0","5","3","2","0","0","0","0","0","0","2","2","0","-2"
"133669","Florida Atlantic University","2010","Total full-time Instruction/research/public service, Non-tenured on tenure track, Assistant professors","140","77","63","0","0","0","8","7","1","7","2","5","11","6","5","0","0","0","86","45","41","4","2","2","0","0","0","24","15","9","-2"
"133669","Florida Atlantic University","2010","Total full-time Instruction/research/public service, Non-tenured on tenure track total","148","82","66","0","0","0","8","7","1","8","2","6","11","6","5","0","0","0","91","48","43","4","2","2","0","0","0","26","17","9","-2"
"133669","Florida Atlantic University","2010","Total full-time Instruction/research/public service, Non-tenured not on tenure track, Associate professors","2","1","1","0","0","0","0","0","0","0","0","0","0","0","0","0","0","0","2","1","1","0","0","0","0","0","0","0","0","0","-2"
"133669","Florida Atlantic University","2010","Total full-time Instruction/research/public servicey, Non-tenured not on tenure track, Assistant professors","26","10","16","0","0","0","2","1","1","2","0","2","4","2","2","0","0","0","16","6","10","0","0","0","0","0","0","2","1","1","-2"
"133669","Florida Atlantic University","2010","Total full-time Instruction/research/public service, Non-tenured not on tenure track, Instructors","182","75","107","0","0","0","4","0","4","11","6","5","14","4","10","0","0","0","142","60","82","2","0","2","0","0","0","9","5","4","-2"
"133669","Florida Atlantic University","2010","Total full-time Instruction/research/public service, Non-tenured not on tenure track, Lecturers","2","0","2","0","0","0","0","0","0","0","0","0","0","0","0","0","0","0","2","0","2","0","0","0","0","0","0","0","0","0","-2"
"133669","Florida Atlantic University","2010","Total full-time Instruction/research/public service, Non-tenured not on tenure track, No academic rank","63","30","33","0","0","0","5","3","2","2","1","1","4","0","4","0","0","0","43","22","21","1","0","1","0","0","0","8","4","4","-2"
"133669","Florida Atlantic University","2010","Total full-time Instruction/research/public service, Non-tenured not on tenure track total","275","116","159","0","0","0","11","4","7","15","7","8","22","6","16","0","0","0","205","89","116","3","0","3","0","0","0","19","10","9","-2"
"133960","The College of the Florida Keys","2010","Total full-time Instruction/research/public service, Tenured, Professors","6","3","3","1","1","0","0","0","0","0","0","0","1","1","0","0","0","0","2","1","1","0","0","0","2","0","2","0","0","0","-2"
"133960","The College of the Florida Keys","2010","Total full-time Instruction/research/public service, Tenured, Associate professors","1","1","0","0","0","0","0","0","0","0","0","0","0","0","0","0","0","0","1","1","0","0","0","0","0","0","0","0","0","0","-2"
"133960","The College of the Florida Keys","2010","Total full-time Instruction/research/public service, Tenured, Assistant professors","3","0","3","0","0","0","0","0","0","0","0","0","1","0","1","0","0","0","2","0","2","0","0","0","0","0","0","0","0","0","-2"
"133960","The College of the Florida Keys","2010","Total full-time Instruction/research/public service, Tenured total","10","4","6","1","1","0","0","0","0","0","0","0","2","1","1","0","0","0","5","2","3","0","0","0","2","0","2","0","0","0","-2"
"133960","The College of the Florida Keys","2010","Total full-time Instruction/research/public service, Non-tenured on tenure track, Instructors","2","1","1","0","0","0","0","0","0","0","0","0","0","0","0","0","0","0","2","1","1","0","0","0","0","0","0","0","0","0","-2"
"133960","The College of the Florida Keys","2010","Total full-time Instruction/research/public service, Non-tenured on tenure track total","2","1","1","0","0","0","0","0","0","0","0","0","0","0","0","0","0","0","2","1","1","0","0","0","0","0","0","0","0","0","-2"
"133960","The College of the Florida Keys","2010","Total full-time Instruction/research/public service, Non-tenured not on tenure track, Professors","3","2","1","0","0","0","0","0","0","0","0","0","0","0","0","0","0","0","3","2","1","0","0","0","0","0","0","0","0","0","-2"
"133960","The College of the Florida Keys","2010","Total full-time Instruction/research/public service, Non-tenured not on tenure track, Associate professors","5","2","3","0","0","0","0","0","0","0","0","0","0","0","0","0","0","0","4","2","2","1","0","1","0","0","0","0","0","0","-2"
"133960","The College of the Florida Keys","2010","Total full-time Instruction/research/public servicey, Non-tenured not on tenure track, Assistant professors","6","0","6","0","0","0","0","0","0","2","0","2","0","0","0","0","0","0","4","0","4","0","0","0","0","0","0","0","0","0","-2"
"133960","The College of the Florida Keys","2010","Total full-time Instruction/research/public service, Non-tenured not on tenure track, Instructors","2","1","1","0","0","0","0","0","0","0","0","0","0","0","0","0","0","0","2","1","1","0","0","0","0","0","0","0","0","0","-2"
"133960","The College of the Florida Keys","2010","Total full-time Instruction/research/public service, Non-tenured not on tenure track total","16","5","11","0","0","0","0","0","0","2","0","2","0","0","0","0","0","0","13","5","8","1","0","1","0","0","0","0","0","0","-2"
"134608","Indian River State College","2010","Total full-time Instruction/research/public service, Tenured, Professors","13","8","5","0","0","0","0","0","0","0","0","0","0","0","0","0","0","0","13","8","5","0","0","0","0","0","0","0","0","0","-2"
"134608","Indian River State College","2010","Total full-time Instruction/research/public service, Tenured, Associate professors","20","11","9","0","0","0","0","0","0","3","1","2","0","0","0","0","0","0","17","10","7","0","0","0","0","0","0","0","0","0","-2"
"134608","Indian River State College","2010","Total full-time Instruction/research/public service, Tenured, Assistant professors","55","24","31","0","0","0","3","1","2","6","1","5","1","1","0","0","0","0","43","19","24","0","0","0","1","1","0","1","1","0","-2"
"134608","Indian River State College","2010","Total full-time Instruction/research/public service, Tenured, Instructors","61","23","38","1","0","1","4","2","2","6","2","4","7","1","6","0","0","0","43","18","25","0","0","0","0","0","0","0","0","0","-2"
"134608","Indian River State College","2010","Total full-time Instruction/research/public service, Tenured, No academic rank","5","2","3","0","0","0","0","0","0","0","0","0","0","0","0","0","0","0","5","2","3","0","0","0","0","0","0","0","0","0","-2"
"134608","Indian River State College","2010","Total full-time Instruction/research/public service, Tenured total","154","68","86","1","0","1","7","3","4","15","4","11","8","2","6","0","0","0","121","57","64","0","0","0","1","1","0","1","1","0","-2"
"134608","Indian River State College","2010","Total full-time Instruction/research/public service, Non-tenured on tenure track, Assistant professors","18","9","9","0","0","0","0","0","0","1","1","0","1","0","1","0","0","0","15","7","8","0","0","0","0","0","0","1","1","0","-2"
"134608","Indian River State College","2010","Total full-time Instruction/research/public service, Non-tenured on tenure track, Instructors","11","2","9","0","0","0","0","0","0","1","1","0","0","0","0","0","0","0","10","1","9","0","0","0","0","0","0","0","0","0","-2"
"134608","Indian River State College","2010","Total full-time Instruction/research/public service, Non-tenured on tenure track, No academic rank","2","0","2","0","0","0","0","0","0","0","0","0","0","0","0","0","0","0","2","0","2","0","0","0","0","0","0","0","0","0","-2"
"134608","Indian River State College","2010","Total full-time Instruction/research/public service, Non-tenured on tenure track total","31","11","20","0","0","0","0","0","0","2","2","0","1","0","1","0","0","0","27","8","19","0","0","0","0","0","0","1","1","0","-2"
"135717","Miami Dade College","2010","Total full-time Instruction/research/public service, Tenured, Professors","176","86","90","1","1","0","4","1","3","21","6","15","58","26","32","0","0","0","89","50","39","3","2","1","0","0","0","0","0","0","-2"
"135717","Miami Dade College","2010","Total full-time Instruction/research/public service, Tenured, Associate professors","258","125","133","0","0","0","12","6","6","42","19","23","115","59","56","0","0","0","88","41","47","1","0","1","0","0","0","0","0","0","-2"
"135717","Miami Dade College","2010","Total full-time Instruction/research/public service, Tenured, Assistant professors","139","58","81","1","0","1","11","5","6","19","6","13","59","27","32","0","0","0","47","20","27","2","0","2","0","0","0","0","0","0","-2"
"135717","Miami Dade College","2010","Total full-time Instruction/research/public service, Tenured, Instructors","14","11","3","0","0","0","0","0","0","3","2","1","7","5","2","0","0","0","4","4","0","0","0","0","0","0","0","0","0","0","-2"
"135717","Miami Dade College","2010","Total full-time Instruction/research/public service, Tenured total","587","280","307","2","1","1","27","12","15","85","33","52","239","117","122","0","0","0","228","115","113","6","2","4","0","0","0","0","0","0","-2"
"135717","Miami Dade College","2010","Total full-time Instruction/research/public service, Non-tenured on tenure track, Associate professors","1","1","0","0","0","0","0","0","0","0","0","0","1","1","0","0","0","0","0","0","0","0","0","0","0","0","0","0","0","0","-2"
"135717","Miami Dade College","2010","Total full-time Instruction/research/public service, Non-tenured on tenure track, Assistant professors","20","9","11","0","0","0","1","0","1","3","1","2","12","4","8","0","0","0","4","4","0","0","0","0","0","0","0","0","0","0","-2"
"135717","Miami Dade College","2010","Total full-time Instruction/research/public service, Non-tenured on tenure track, Instructors","50","22","28","0","0","0","2","0","2","10","3","7","18","12","6","0","0","0","20","7","13","0","0","0","0","0","0","0","0","0","-2"
"135717","Miami Dade College","2010","Total full-time Instruction/research/public service, Non-tenured on tenure track total","71","32","39","0","0","0","3","0","3","13","4","9","31","17","14","0","0","0","24","11","13","0","0","0","0","0","0","0","0","0","-2"
"136358","Palm Beach State College","2010","Total full-time Instruction/research/public service, Tenured, Professors","23","16","7","0","0","0","2","2","0","2","2","0","2","1","1","0","0","0","13","7","6","0","0","0","4","4","0","0","0","0","-2"
"136358","Palm Beach State College","2010","Total full-time Instruction/research/public service, Tenured, Associate professors","12","6","6","0","0","0","1","1","0","3","2","1","1","0","1","0","0","0","7","3","4","0","0","0","0","0","0","0","0","0","-2"
"136358","Palm Beach State College","2010","Total full-time Instruction/research/public service, Tenured, Assistant professors","21","7","14","0","0","0","0","0","0","3","1","2","2","0","2","0","0","0","16","6","10","0","0","0","0","0","0","0","0","0","-2"
"136358","Palm Beach State College","2010","Total full-time Instruction/research/public service, Tenured, Instructors","141","54","87","0","0","0","3","2","1","16","8","8","15","3","12","0","0","0","97","38","59","0","0","0","10","3","7","0","0","0","-2"
"136358","Palm Beach State College","2010","Total full-time Instruction/research/public service, Tenured total","197","83","114","0","0","0","6","5","1","24","13","11","20","4","16","0","0","0","133","54","79","0","0","0","14","7","7","0","0","0","-2"
"136358","Palm Beach State College","2010","Total full-time Instruction/research/public service, Non-tenured on tenure track, Professors","7","6","1","0","0","0","1","1","0","0","0","0","2","1","1","0","0","0","4","4","0","0","0","0","0","0","0","0","0","0","-2"
"136358","Palm Beach State College","2010","Total full-time Instruction/research/public service, Non-tenured on tenure track, Associate professors","7","5","2","0","0","0","1","1","0","1","0","1","1","1","0","0","0","0","3","2","1","1","1","0","0","0","0","0","0","0","-2"
"136358","Palm Beach State College","2010","Total full-time Instruction/research/public service, Non-tenured on tenure track, Assistant professors","15","5","10","0","0","0","1","1","0","5","2","3","0","0","0","0","0","0","9","2","7","0","0","0","0","0","0","0","0","0","-2"
"136358","Palm Beach State College","2010","Total full-time Instruction/research/public service, Non-tenured on tenure track, Instructors","32","12","20","1","0","1","2","2","0","3","1","2","2","0","2","0","0","0","24","9","15","0","0","0","0","0","0","0","0","0","-2"
"136358","Palm Beach State College","2010","Total full-time Instruction/research/public service, Non-tenured on tenure track, No academic rank","1","0","1","0","0","0","0","0","0","0","0","0","0","0","0","0","0","0","1","0","1","0","0","0","0","0","0","0","0","0","-2"
"136358","Palm Beach State College","2010","Total full-time Instruction/research/public service, Non-tenured on tenure track total","62","28","34","1","0","1","5","5","0","9","3","6","5","2","3","0","0","0","41","17","24","1","1","0","0","0","0","0","0","0","-2"
"136358","Palm Beach State College","2010","Total full-time Instruction/research/public service, Non-tenured not on tenure track, No academic rank","24","9","15","0","0","0","0","0","0","1","0","1","3","1","2","0","0","0","17","6","11","1","1","0","2","1","1","0","0","0","-2"
"136358","Palm Beach State College","2010","Total full-time Instruction/research/public service, Non-tenured not on tenure track total","24","9","15","0","0","0","0","0","0","1","0","1","3","1","2","0","0","0","17","6","11","1","1","0","2","1","1","0","0","0","-2"
"136516","Polk State College","2010","Total full-time Instruction/research/public service, Tenured, No academic rank","86","36","50","2","1","1","0","0","0","4","2","2","3","1","2","0","0","0","74","31","43","0","0","0","2","0","2","1","1","0","-2"
"136516","Polk State College","2010","Total full-time Instruction/research/public service, Tenured total","86","36","50","2","1","1","0","0","0","4","2","2","3","1","2","0","0","0","74","31","43","0","0","0","2","0","2","1","1","0","-2"
"136516","Polk State College","2010","Total full-time Instruction/research/public service, Non-tenured on tenure track, No academic rank","27","9","18","0","0","0","1","1","0","3","0","3","3","1","2","0","0","0","17","5","12","0","0","0","2","1","1","1","1","0","-2"
"136516","Polk State College","2010","Total full-time Instruction/research/public service, Non-tenured on tenure track total","27","9","18","0","0","0","1","1","0","3","0","3","3","1","2","0","0","0","17","5","12","0","0","0","2","1","1","1","1","0","-2"
"136516","Polk State College","2010","Total full-time Instruction/research/public service, Non-tenured not on tenure track, No academic rank","12","4","8","0","0","0","1","1","0","2","1","1","2","0","2","0","0","0","6","2","4","0","0","0","1","0","1","0","0","0","-2"
"136516","Polk State College","2010","Total full-time Instruction/research/public service, Non-tenured not on tenure track total","12","4","8","0","0","0","1","1","0","2","1","1","2","0","2","0","0","0","6","2","4","0","0","0","1","0","1","0","0","0","-2"
"137209","Seminole State College of Florida","2010","Total full-time Instruction/research/public service, Tenured, No academic rank","147","57","90","0","0","0","3","2","1","11","4","7","8","3","5","1","1","0","123","46","77","1","1","0","0","0","0","0","0","0","-2"
"137209","Seminole State College of Florida","2010","Total full-time Instruction/research/public service, Tenured total","147","57","90","0","0","0","3","2","1","11","4","7","8","3","5","1","1","0","123","46","77","1","1","0","0","0","0","0","0","0","-2"
"137209","Seminole State College of Florida","2010","Total full-time Instruction/research/public service, Non-tenured on tenure track, No academic rank","46","17","29","0","0","0","2","1","1","3","1","2","6","4","2","0","0","0","34","11","23","1","0","1","0","0","0","0","0","0","-2"
"137209","Seminole State College of Florida","2010","Total full-time Instruction/research/public service, Non-tenured on tenure track total","46","17","29","0","0","0","2","1","1","3","1","2","6","4","2","0","0","0","34","11","23","1","0","1","0","0","0","0","0","0","-2"
"137209","Seminole State College of Florida","2010","Total full-time Instruction/research/public service, Non-tenured not on tenure track, No academic rank","3","3","0","0","0","0","0","0","0","0","0","0","0","0","0","0","0","0","3","3","0","0","0","0","0","0","0","0","0","0","-2"
"137209","Seminole State College of Florida","2010","Total full-time Instruction/research/public service, Non-tenured not on tenure track total","3","3","0","0","0","0","0","0","0","0","0","0","0","0","0","0","0","0","3","3","0","0","0","0","0","0","0","0","0","0","-2"
"137315","South Florida State College","2010","Total full-time Instruction/research/public service, Tenured, Instructors","43","23","20","0","0","0","1","0","1","1","0","1","1","1","0","0","0","0","40","22","18","0","0","0","0","0","0","0","0","0","-2"
"137315","South Florida State College","2010","Total full-time Instruction/research/public service, Tenured total","43","23","20","0","0","0","1","0","1","1","0","1","1","1","0","0","0","0","40","22","18","0","0","0","0","0","0","0","0","0","-2"
"137315","South Florida State College","2010","Total full-time Instruction/research/public service, Non-tenured on tenure track, Instructors","13","5","8","0","0","0","0","0","0","0","0","0","0","0","0","0","0","0","13","5","8","0","0","0","0","0","0","0","0","0","-2"
"137315","South Florida State College","2010","Total full-time Instruction/research/public service, Non-tenured on tenure track total","13","5","8","0","0","0","0","0","0","0","0","0","0","0","0","0","0","0","13","5","8","0","0","0","0","0","0","0","0","0","-2"
"137315","South Florida State College","2010","Total full-time Instruction/research/public service, Non-tenured not on tenure track, Instructors","8","1","7","0","0","0","0","0","0","0","0","0","0","0","0","0","0","0","8","1","7","0","0","0","0","0","0","0","0","0","-2"
"137315","South Florida State College","2010","Total full-time Instruction/research/public service, Non-tenured not on tenure track total","8","1","7","0","0","0","0","0","0","0","0","0","0","0","0","0","0","0","8","1","7","0","0","0","0","0","0","0","0","0","-2"
"138187","Valencia College","2010","Total full-time Instruction/research/public service, Tenured, No academic rank","259","117","142","3","1","2","10","5","5","18","8","10","22","7","15","0","0","0","205","95","110","0","0","0","1","1","0","0","0","0","-2"
"138187","Valencia College","2010","Total full-time Instruction/research/public service, Tenured total","259","117","142","3","1","2","10","5","5","18","8","10","22","7","15","0","0","0","205","95","110","0","0","0","1","1","0","0","0","0","-2"
"138187","Valencia College","2010","Total full-time Instruction/research/public service, Non-tenured on tenure track, No academic rank","75","19","56","0","0","0","2","0","2","8","2","6","5","2","3","0","0","0","59","15","44","0","0","0","1","0","1","0","0","0","-2"
"138187","Valencia College","2010","Total full-time Instruction/research/public service, Non-tenured on tenure track total","75","19","56","0","0","0","2","0","2","8","2","6","5","2","3","0","0","0","59","15","44","0","0","0","1","0","1","0","0","0","-2"
"138187","Valencia College","2010","Total full-time Instruction/research/public service, Non-tenured not on tenure track, No academic rank","26","15","11","0","0","0","1","1","0","5","4","1","5","1","4","0","0","0","15","9","6","0","0","0","0","0","0","0","0","0","-2"
"138187","Valencia College","2010","Total full-time Instruction/research/public service, Non-tenured not on tenure track total","26","15","11","0","0","0","1","1","0","5","4","1","5","1","4","0","0","0","15","9","6","0","0","0","0","0","0","0","0","0","-2"
"139463","Dalton State College","2010","Total full-time Instruction/research/public service, Tenured, Professors","17","12","5","0","0","0","0","0","0","0","0","0","1","0","1","0","0","0","16","12","4","0","0","0","0","0","0","0","0","0","-2"
"139463","Dalton State College","2010","Total full-time Instruction/research/public service, Tenured, Associate professors","38","18","20","0","0","0","1","1","0","1","0","1","0","0","0","0","0","0","36","17","19","0","0","0","0","0","0","0","0","0","-2"
"139463","Dalton State College","2010","Total full-time Instruction/research/public service, Tenured, Assistant professors","5","2","3","0","0","0","0","0","0","0","0","0","0","0","0","0","0","0","5","2","3","0","0","0","0","0","0","0","0","0","-2"
"139463","Dalton State College","2010","Total full-time Instruction/research/public service, Tenured total","60","32","28","0","0","0","1","1","0","1","0","1","1","0","1","0","0","0","57","31","26","0","0","0","0","0","0","0","0","0","-2"
"139463","Dalton State College","2010","Total full-time Instruction/research/public service, Non-tenured on tenure track, Associate professors","9","6","3","0","0","0","0","0","0","0","0","0","0","0","0","0","0","0","9","6","3","0","0","0","0","0","0","0","0","0","-2"
"139463","Dalton State College","2010","Total full-time Instruction/research/public service, Non-tenured on tenure track, Assistant professors","59","24","35","0","0","0","1","0","1","3","1","2","1","1","0","0","0","0","50","20","30","0","0","0","0","0","0","4","2","2","-2"
"139463","Dalton State College","2010","Total full-time Instruction/research/public service, Non-tenured on tenure track, Instructors","7","1","6","0","0","0","0","0","0","0","0","0","0","0","0","0","0","0","7","1","6","0","0","0","0","0","0","0","0","0","-2"
"139463","Dalton State College","2010","Total full-time Instruction/research/public service, Non-tenured on tenure track total","75","31","44","0","0","0","1","0","1","3","1","2","1","1","0","0","0","0","66","27","39","0","0","0","0","0","0","4","2","2","-2"
"139463","Dalton State College","2010","Total full-time Instruction/research/public servicey, Non-tenured not on tenure track, Assistant professors","1","0","1","0","0","0","0","0","0","0","0","0","0","0","0","0","0","0","0","0","0","0","0","0","0","0","0","1","0","1","-2"
"139463","Dalton State College","2010","Total full-time Instruction/research/public service, Non-tenured not on tenure track, Lecturers","5","2","3","0","0","0","0","0","0","0","0","0","0","0","0","0","0","0","4","2","2","0","0","0","0","0","0","1","0","1","-2"
"139463","Dalton State College","2010","Total full-time Instruction/research/public service, Non-tenured not on tenure track total","6","2","4","0","0","0","0","0","0","0","0","0","0","0","0","0","0","0","4","2","2","0","0","0","0","0","0","2","0","2","-2"
"142887","American Academy of Art","2010","Total full-time Instruction/research/public service, Non-tenured not on tenure track, Instructors","28","14","14","0","0","0","1","1","0","2","0","2","1","0","1","0","0","0","22","12","10","1","0","1","1","1","0","0","0","0","-2"
"142887","American Academy of Art","2010","Total full-time Instruction/research/public service, Non-tenured not on tenure track total","28","14","14","0","0","0","1","1","0","2","0","2","1","0","1","0","0","0","22","12","10","1","0","1","1","1","0","0","0","0","-2"
"143118","Aurora University","2010","Total full-time Instruction/research/public service, Tenured, Professors","13","8","5","0","0","0","0","0","0","1","1","0","0","0","0","0","0","0","12","7","5","0","0","0","0","0","0","0","0","0","-2"
"143118","Aurora University","2010","Total full-time Instruction/research/public service, Tenured, Associate professors","26","13","13","0","0","0","0","0","0","1","0","1","1","0","1","0","0","0","24","13","11","0","0","0","0","0","0","0","0","0","-2"
"143118","Aurora University","2010","Total full-time Instruction/research/public service, Tenured, Assistant professors","1","1","0","0","0","0","0","0","0","0","0","0","0","0","0","0","0","0","1","1","0","0","0","0","0","0","0","0","0","0","-2"
"143118","Aurora University","2010","Total full-time Instruction/research/public service, Tenured total","40","22","18","0","0","0","0","0","0","2","1","1","1","0","1","0","0","0","37","21","16","0","0","0","0","0","0","0","0","0","-2"
"143118","Aurora University","2010","Total full-time Instruction/research/public service, Non-tenured on tenure track, Associate professors","8","6","2","0","0","0","0","0","0","0","0","0","0","0","0","0","0","0","8","6","2","0","0","0","0","0","0","0","0","0","-2"
"143118","Aurora University","2010","Total full-time Instruction/research/public service, Non-tenured on tenure track, Assistant professors","38","18","20","0","0","0","0","0","0","1","0","1","4","2","2","0","0","0","32","16","16","0","0","0","0","0","0","1","0","1","-2"
"143118","Aurora University","2010","Total full-time Instruction/research/public service, Non-tenured on tenure track, Instructors","3","0","3","0","0","0","0","0","0","0","0","0","0","0","0","0","0","0","3","0","3","0","0","0","0","0","0","0","0","0","-2"
"143118","Aurora University","2010","Total full-time Instruction/research/public service, Non-tenured on tenure track total","49","24","25","0","0","0","0","0","0","1","0","1","4","2","2","0","0","0","43","22","21","0","0","0","0","0","0","1","0","1","-2"
"143118","Aurora University","2010","Total full-time Instruction/research/public service, Non-tenured not on tenure track, Associate professors","8","4","4","0","0","0","0","0","0","0","0","0","0","0","0","0","0","0","7","4","3","0","0","0","1","0","1","0","0","0","-2"
"143118","Aurora University","2010","Total full-time Instruction/research/public servicey, Non-tenured not on tenure track, Assistant professors","18","8","10","0","0","0","1","0","1","0","0","0","1","1","0","0","0","0","16","7","9","0","0","0","0","0","0","0","0","0","-2"
"143118","Aurora University","2010","Total full-time Instruction/research/public service, Non-tenured not on tenure track, Instructors","1","1","0","0","0","0","0","0","0","0","0","0","0","0","0","0","0","0","1","1","0","0","0","0","0","0","0","0","0","0","-2"
"143118","Aurora University","2010","Total full-time Instruction/research/public service, Non-tenured not on tenure track total","27","13","14","0","0","0","1","0","1","0","0","0","1","1","0","0","0","0","24","12","12","0","0","0","1","0","1","0","0","0","-2"
"143978","The Chicago School of Professional Psychology at Chicago","2010","Total full-time Instruction/research/public service, Non-tenured not on tenure track, Professors","7","4","3","1","0","1","0","0","0","0","0","0","0","0","0","0","0","0","5","3","2","0","0","0","1","1","0","0","0","0","-2"
"143978","The Chicago School of Professional Psychology at Chicago","2010","Total full-time Instruction/research/public service, Non-tenured not on tenure track, Associate professors","20","12","8","0","0","0","0","0","0","3","1","2","0","0","0","0","0","0","16","10","6","0","0","0","1","1","0","0","0","0","-2"
"143978","The Chicago School of Professional Psychology at Chicago","2010","Total full-time Instruction/research/public servicey, Non-tenured not on tenure track, Assistant professors","28","10","18","0","0","0","3","1","2","5","2","3","3","2","1","0","0","0","15","5","10","0","0","0","2","0","2","0","0","0","-2"
"143978","The Chicago School of Professional Psychology at Chicago","2010","Total full-time Instruction/research/public service, Non-tenured not on tenure track total","55","26","29","1","0","1","3","1","2","8","3","5","3","2","1","0","0","0","36","18","18","0","0","0","4","2","2","0","0","0","-2"
"144351","Concordia University-Chicago","2010","Total full-time Instruction/research/public service, Tenured, Professors","23","16","7","0","0","0","0","0","0","0","0","0","0","0","0","0","0","0","23","16","7","0","0","0","0","0","0","0","0","0","-2"
"144351","Concordia University-Chicago","2010","Total full-time Instruction/research/public service, Tenured, Associate professors","1","0","1","0","0","0","0","0","0","0","0","0","0","0","0","0","0","0","1","0","1","0","0","0","0","0","0","0","0","0","-2"
"144351","Concordia University-Chicago","2010","Total full-time Instruction/research/public service, Tenured total","24","16","8","0","0","0","0","0","0","0","0","0","0","0","0","0","0","0","24","16","8","0","0","0","0","0","0","0","0","0","-2"
"144351","Concordia University-Chicago","2010","Total full-time Instruction/research/public service, Non-tenured on tenure track, Professors","11","4","7","0","0","0","0","0","0","1","0","1","0","0","0","0","0","0","10","4","6","0","0","0","0","0","0","0","0","0","-2"
"144351","Concordia University-Chicago","2010","Total full-time Instruction/research/public service, Non-tenured on tenure track, Associate professors","43","11","32","0","0","0","1","0","1","1","0","1","1","0","1","0","0","0","38","11","27","0","0","0","1","0","1","1","0","1","-2"
"144351","Concordia University-Chicago","2010","Total full-time Instruction/research/public service, Non-tenured on tenure track, Assistant professors","42","20","22","0","0","0","0","0","0","1","0","1","1","0","1","0","0","0","38","19","19","0","0","0","1","1","0","1","0","1","-2"
"144351","Concordia University-Chicago","2010","Total full-time Instruction/research/public service, Non-tenured on tenure track, Instructors","1","0","1","0","0","0","0","0","0","0","0","0","0","0","0","0","0","0","0","0","0","0","0","0","1","0","1","0","0","0","-2"
"144351","Concordia University-Chicago","2010","Total full-time Instruction/research/public service, Non-tenured on tenure track total","97","35","62","0","0","0","1","0","1","3","0","3","2","0","2","0","0","0","86","34","52","0","0","0","3","1","2","2","0","2","-2"
"144351","Concordia University-Chicago","2010","Total full-time Instruction/research/public service, Non-tenured not on tenure track, Professors","1","1","0","0","0","0","0","0","0","0","0","0","0","0","0","0","0","0","1","1","0","0","0","0","0","0","0","0","0","0","-2"
"144351","Concordia University-Chicago","2010","Total full-time Instruction/research/public servicey, Non-tenured not on tenure track, Assistant professors","9","2","7","0","0","0","2","1","1","2","0","2","1","0","1","0","0","0","3","1","2","0","0","0","1","0","1","0","0","0","-2"
"144351","Concordia University-Chicago","2010","Total full-time Instruction/research/public service, Non-tenured not on tenure track total","10","3","7","0","0","0","2","1","1","2","0","2","1","0","1","0","0","0","4","2","2","0","0","0","1","0","1","0","0","0","-2"
"145600","University of Illinois Chicago","2010","Total full-time Instruction/research/public service, Tenured, Professors","447","328","119","0","0","0","66","51","15","4","2","2","14","9","5","0","0","0","358","262","96","0","0","0","1","1","0","4","3","1","-2"
"145600","University of Illinois Chicago","2010","Total full-time Instruction/research/public service, Tenured, Associate professors","360","221","139","0","0","0","52","39","13","21","10","11","29","15","14","0","0","0","251","153","98","2","1","1","1","1","0","4","2","2","-2"
"145600","University of Illinois Chicago","2010","Total full-time Instruction/research/public service, Tenured, Assistant professors","56","31","25","0","0","0","13","7","6","4","2","2","3","2","1","0","0","0","32","18","14","0","0","0","2","0","2","2","2","0","-2"
"145600","University of Illinois Chicago","2010","Total full-time Instruction/research/public service, Tenured, No academic rank","1","1","0","0","0","0","1","1","0","0","0","0","0","0","0","0","0","0","0","0","0","0","0","0","0","0","0","0","0","0","-2"
"145600","University of Illinois Chicago","2010","Total full-time Instruction/research/public service, Tenured total","864","581","283","0","0","0","132","98","34","29","14","15","46","26","20","0","0","0","641","433","208","2","1","1","4","2","2","10","7","3","-2"
"145600","University of Illinois Chicago","2010","Total full-time Instruction/research/public service, Non-tenured on tenure track, Professors","12","9","3","0","0","0","1","1","0","0","0","0","0","0","0","0","0","0","9","7","2","1","1","0","0","0","0","1","0","1","-2"
"145600","University of Illinois Chicago","2010","Total full-time Instruction/research/public service, Non-tenured on tenure track, Associate professors","42","24","18","0","0","0","10","6","4","2","1","1","0","0","0","0","0","0","27","14","13","1","1","0","1","1","0","1","1","0","-2"
"145600","University of Illinois Chicago","2010","Total full-time Instruction/research/public service, Non-tenured on tenure track, Assistant professors","329","161","168","2","0","2","55","34","21","22","7","15","28","11","17","0","0","0","156","78","78","3","1","2","6","2","4","57","28","29","-2"
"145600","University of Illinois Chicago","2010","Total full-time Instruction/research/public service, Non-tenured on tenure track total","383","194","189","2","0","2","66","41","25","24","8","16","28","11","17","0","0","0","192","99","93","5","3","2","7","3","4","59","29","30","-2"
"145600","University of Illinois Chicago","2010","Total full-time Instruction/research/public service, Non-tenured not on tenure track, Professors","21","20","1","0","0","0","3","3","0","0","0","0","2","2","0","0","0","0","15","14","1","0","0","0","1","1","0","0","0","0","-2"
"145600","University of Illinois Chicago","2010","Total full-time Instruction/research/public service, Non-tenured not on tenure track, Associate professors","75","39","36","0","0","0","13","7","6","5","3","2","0","0","0","0","0","0","55","27","28","0","0","0","1","1","0","1","1","0","-2"
"145600","University of Illinois Chicago","2010","Total full-time Instruction/research/public servicey, Non-tenured not on tenure track, Assistant professors","388","211","177","0","0","0","99","58","41","10","5","5","17","9","8","0","0","0","198","97","101","1","0","1","8","5","3","55","37","18","-2"
"145600","University of Illinois Chicago","2010","Total full-time Instruction/research/public service, Non-tenured not on tenure track, Instructors","45","8","37","0","0","0","1","0","1","2","0","2","2","1","1","0","0","0","32","6","26","2","0","2","3","1","2","3","0","3","-2"
"145600","University of Illinois Chicago","2010","Total full-time Instruction/research/public service, Non-tenured not on tenure track, Lecturers","127","62","65","0","0","0","10","2","8","3","0","3","9","4","5","0","0","0","88","49","39","3","2","1","9","4","5","5","1","4","-2"
"145600","University of Illinois Chicago","2010","Total full-time Instruction/research/public service, Non-tenured not on tenure track, No academic rank","15","5","10","0","0","0","2","2","0","0","0","0","0","0","0","0","0","0","10","2","8","0","0","0","1","0","1","2","1","1","-2"
"145600","University of Illinois Chicago","2010","Total full-time Instruction/research/public service, Non-tenured not on tenure track total","671","345","326","0","0","0","128","72","56","20","8","12","30","16","14","0","0","0","398","195","203","6","2","4","23","12","11","66","40","26","-2"
"147536","National Louis University","2010","Total full-time Instruction/research/public service, Tenured, Professors","36","16","20","0","0","0","1","0","1","0","0","0","0","0","0","0","0","0","35","16","19","0","0","0","0","0","0","0","0","0","-2"
"147536","National Louis University","2010","Total full-time Instruction/research/public service, Tenured, Associate professors","68","19","49","0","0","0","1","0","1","2","1","1","2","2","0","0","0","0","60","16","44","1","0","1","0","0","0","2","0","2","-2"
"147536","National Louis University","2010","Total full-time Instruction/research/public service, Tenured, Assistant professors","10","7","3","0","0","0","0","0","0","1","1","0","0","0","0","0","0","0","7","5","2","2","1","1","0","0","0","0","0","0","-2"
"147536","National Louis University","2010","Total full-time Instruction/research/public service, Tenured total","114","42","72","0","0","0","2","0","2","3","2","1","2","2","0","0","0","0","102","37","65","3","1","2","0","0","0","2","0","2","-2"
"147536","National Louis University","2010","Total full-time Instruction/research/public service, Non-tenured on tenure track, Professors","1","0","1","0","0","0","0","0","0","0","0","0","0","0","0","0","0","0","1","0","1","0","0","0","0","0","0","0","0","0","-2"
"147536","National Louis University","2010","Total full-time Instruction/research/public service, Non-tenured on tenure track, Associate professors","1","0","1","0","0","0","0","0","0","0","0","0","0","0","0","0","0","0","1","0","1","0","0","0","0","0","0","0","0","0","-2"
"147536","National Louis University","2010","Total full-time Instruction/research/public service, Non-tenured on tenure track, Assistant professors","53","18","35","0","0","0","2","1","1","5","2","3","3","2","1","0","0","0","40","13","27","0","0","0","0","0","0","3","0","3","-2"
"147536","National Louis University","2010","Total full-time Instruction/research/public service, Non-tenured on tenure track, Instructors","2","1","1","0","0","0","0","0","0","0","0","0","0","0","0","0","0","0","2","1","1","0","0","0","0","0","0","0","0","0","-2"
"147536","National Louis University","2010","Total full-time Instruction/research/public service, Non-tenured on tenure track total","57","19","38","0","0","0","2","1","1","5","2","3","3","2","1","0","0","0","44","14","30","0","0","0","0","0","0","3","0","3","-2"
"147536","National Louis University","2010","Total full-time Instruction/research/public service, Non-tenured not on tenure track, Associate professors","5","0","5","0","0","0","0","0","0","0","0","0","0","0","0","0","0","0","5","0","5","0","0","0","0","0","0","0","0","0","-2"
"147536","National Louis University","2010","Total full-time Instruction/research/public servicey, Non-tenured not on tenure track, Assistant professors","52","18","34","1","0","1","1","0","1","3","1","2","2","2","0","0","0","0","43","15","28","1","0","1","0","0","0","1","0","1","-2"
"147536","National Louis University","2010","Total full-time Instruction/research/public service, Non-tenured not on tenure track, Instructors","24","6","18","0","0","0","0","0","0","1","0","1","0","0","0","0","0","0","23","6","17","0","0","0","0","0","0","0","0","0","-2"
"147536","National Louis University","2010","Total full-time Instruction/research/public service, Non-tenured not on tenure track total","81","24","57","1","0","1","1","0","1","4","1","3","2","2","0","0","0","0","71","21","50","1","0","1","0","0","0","1","0","1","-2"
"147679","North Park University","2010","Total full-time Instruction/research/public service, Tenured, Professors","47","28","19","0","0","0","1","1","0","3","1","2","2","1","1","0","0","0","41","25","16","0","0","0","0","0","0","0","0","0","-2"
"147679","North Park University","2010","Total full-time Instruction/research/public service, Tenured, Associate professors","16","4","12","0","0","0","3","1","2","1","0","1","1","0","1","0","0","0","11","3","8","0","0","0","0","0","0","0","0","0","-2"
"147679","North Park University","2010","Total full-time Instruction/research/public service, Tenured, Assistant professors","3","1","2","0","0","0","0","0","0","0","0","0","0","0","0","0","0","0","3","1","2","0","0","0","0","0","0","0","0","0","-2"
"147679","North Park University","2010","Total full-time Instruction/research/public service, Tenured total","66","33","33","0","0","0","4","2","2","4","1","3","3","1","2","0","0","0","55","29","26","0","0","0","0","0","0","0","0","0","-2"
"147679","North Park University","2010","Total full-time Instruction/research/public service, Non-tenured on tenure track, Professors","3","3","0","0","0","0","0","0","0","0","0","0","0","0","0","0","0","0","3","3","0","0","0","0","0","0","0","0","0","0","-2"
"147679","North Park University","2010","Total full-time Instruction/research/public service, Non-tenured on tenure track, Associate professors","16","9","7","0","0","0","3","3","0","0","0","0","0","0","0","0","0","0","13","6","7","0","0","0","0","0","0","0","0","0","-2"
"147679","North Park University","2010","Total full-time Instruction/research/public service, Non-tenured on tenure track, Assistant professors","12","4","8","0","0","0","2","1","1","1","0","1","0","0","0","0","0","0","9","3","6","0","0","0","0","0","0","0","0","0","-2"
"147679","North Park University","2010","Total full-time Instruction/research/public service, Non-tenured on tenure track total","31","16","15","0","0","0","5","4","1","1","0","1","0","0","0","0","0","0","25","12","13","0","0","0","0","0","0","0","0","0","-2"
"147679","North Park University","2010","Total full-time Instruction/research/public service, Non-tenured not on tenure track, Professors","4","1","3","0","0","0","0","0","0","0","0","0","0","0","0","0","0","0","4","1","3","0","0","0","0","0","0","0","0","0","-2"
"147679","North Park University","2010","Total full-time Instruction/research/public service, Non-tenured not on tenure track, Associate professors","11","4","7","0","0","0","0","0","0","1","0","1","0","0","0","0","0","0","10","4","6","0","0","0","0","0","0","0","0","0","-2"
"147679","North Park University","2010","Total full-time Instruction/research/public servicey, Non-tenured not on tenure track, Assistant professors","14","4","10","0","0","0","0","0","0","0","0","0","0","0","0","0","0","0","14","4","10","0","0","0","0","0","0","0","0","0","-2"
"147679","North Park University","2010","Total full-time Instruction/research/public service, Non-tenured not on tenure track total","29","9","20","0","0","0","0","0","0","1","0","1","0","0","0","0","0","0","28","9","19","0","0","0","0","0","0","0","0","0","-2"
"147776","Northeastern Illinois University","2010","Total full-time Instruction/research/public service, Tenured, Professors","98","50","48","0","0","0","13","9","4","3","2","1","5","1","4","0","0","0","77","38","39","0","0","0","0","0","0","0","0","0","-2"
"147776","Northeastern Illinois University","2010","Total full-time Instruction/research/public service, Tenured, Associate professors","80","34","46","0","0","0","7","3","4","7","3","4","12","5","7","0","0","0","51","20","31","0","0","0","3","3","0","0","0","0","-2"
"147776","Northeastern Illinois University","2010","Total full-time Instruction/research/public service, Tenured, Assistant professors","8","7","1","0","0","0","1","1","0","2","2","0","1","1","0","0","0","0","4","3","1","0","0","0","0","0","0","0","0","0","-2"
"147776","Northeastern Illinois University","2010","Total full-time Instruction/research/public service, Tenured total","186","91","95","0","0","0","21","13","8","12","7","5","18","7","11","0","0","0","132","61","71","0","0","0","3","3","0","0","0","0","-2"
"147776","Northeastern Illinois University","2010","Total full-time Instruction/research/public service, Non-tenured on tenure track, Professors","4","1","3","0","0","0","1","0","1","0","0","0","1","0","1","0","0","0","2","1","1","0","0","0","0","0","0","0","0","0","-2"
"147776","Northeastern Illinois University","2010","Total full-time Instruction/research/public service, Non-tenured on tenure track, Associate professors","7","3","4","0","0","0","0","0","0","1","1","0","0","0","0","0","0","0","5","2","3","0","0","0","1","0","1","0","0","0","-2"
"147776","Northeastern Illinois University","2010","Total full-time Instruction/research/public service, Non-tenured on tenure track, Assistant professors","75","37","38","0","0","0","8","4","4","8","3","5","10","5","5","0","0","0","36","18","18","0","0","0","7","5","2","6","2","4","-2"
"147776","Northeastern Illinois University","2010","Total full-time Instruction/research/public service, Non-tenured on tenure track total","86","41","45","0","0","0","9","4","5","9","4","5","11","5","6","0","0","0","43","21","22","0","0","0","8","5","3","6","2","4","-2"
"147776","Northeastern Illinois University","2010","Total full-time Instruction/research/public service, Non-tenured not on tenure track, Instructors","144","72","72","0","0","0","7","5","2","9","3","6","13","8","5","0","0","0","103","48","55","0","0","0","11","7","4","1","1","0","-2"
"147776","Northeastern Illinois University","2010","Total full-time Instruction/research/public service, Non-tenured not on tenure track total","144","72","72","0","0","0","7","5","2","9","3","6","13","8","5","0","0","0","103","48","55","0","0","0","11","7","4","1","1","0","-2"
"148335","Robert Morris University Illinois","2010","Total full-time Instruction/research/public service, Non-tenured not on tenure track, No academic rank","129","62","67","1","0","1","12","8","4","13","4","9","4","3","1","0","0","0","99","47","52","0","0","0","0","0","0","0","0","0","-2"
"148335","Robert Morris University Illinois","2010","Total full-time Instruction/research/public service, Non-tenured not on tenure track total","129","62","67","1","0","1","12","8","4","13","4","9","4","3","1","0","0","0","99","47","52","0","0","0","0","0","0","0","0","0","-2"
"148487","Roosevelt University","2010","Total full-time Instruction/research/public service, Tenured, Professors","49","37","12","0","0","0","5","4","1","5","3","2","3","3","0","0","0","0","34","25","9","0","0","0","2","2","0","0","0","0","-2"
"148487","Roosevelt University","2010","Total full-time Instruction/research/public service, Tenured, Associate professors","87","48","39","1","1","0","2","2","0","3","1","2","3","3","0","0","0","0","70","34","36","0","0","0","8","7","1","0","0","0","-2"
"148487","Roosevelt University","2010","Total full-time Instruction/research/public service, Tenured, Assistant professors","5","4","1","0","0","0","0","0","0","0","0","0","0","0","0","0","0","0","5","4","1","0","0","0","0","0","0","0","0","0","-2"
"148487","Roosevelt University","2010","Total full-time Instruction/research/public service, Tenured total","141","89","52","1","1","0","7","6","1","8","4","4","6","6","0","0","0","0","109","63","46","0","0","0","10","9","1","0","0","0","-2"
"148487","Roosevelt University","2010","Total full-time Instruction/research/public service, Non-tenured on tenure track, Associate professors","2","2","0","0","0","0","0","0","0","0","0","0","0","0","0","0","0","0","1","1","0","1","1","0","0","0","0","0","0","0","-2"
"148487","Roosevelt University","2010","Total full-time Instruction/research/public service, Non-tenured on tenure track, Assistant professors","75","35","40","0","0","0","6","1","5","5","1","4","4","2","2","0","0","0","46","23","23","3","1","2","5","4","1","6","3","3","-2"
"148487","Roosevelt University","2010","Total full-time Instruction/research/public service, Non-tenured on tenure track total","77","37","40","0","0","0","6","1","5","5","1","4","4","2","2","0","0","0","47","24","23","4","2","2","5","4","1","6","3","3","-2"
"148487","Roosevelt University","2010","Total full-time Instruction/research/public servicey, Non-tenured not on tenure track, Assistant professors","1","0","1","0","0","0","0","0","0","0","0","0","0","0","0","0","0","0","1","0","1","0","0","0","0","0","0","0","0","0","-2"
"148487","Roosevelt University","2010","Total full-time Instruction/research/public service, Non-tenured not on tenure track, Lecturers","21","9","12","0","0","0","1","0","1","3","2","1","0","0","0","0","0","0","15","7","8","1","0","1","1","0","1","0","0","0","-2"
"148487","Roosevelt University","2010","Total full-time Instruction/research/public service, Non-tenured not on tenure track, No academic rank","2","1","1","0","0","0","0","0","0","0","0","0","0","0","0","0","0","0","2","1","1","0","0","0","0","0","0","0","0","0","-2"
"148487","Roosevelt University","2010","Total full-time Instruction/research/public service, Non-tenured not on tenure track total","24","10","14","0","0","0","1","0","1","3","2","1","0","0","0","0","0","0","18","8","10","1","0","1","1","0","1","0","0","0","-2"
"148496","Dominican University","2010","Total full-time Instruction/research/public service, Tenured, Professors","36","22","14","0","0","0","0","0","0","0","0","0","1","1","0","0","0","0","35","21","14","0","0","0","0","0","0","0","0","0","-2"
"148496","Dominican University","2010","Total full-time Instruction/research/public service, Tenured, Associate professors","23","9","14","0","0","0","1","1","0","0","0","0","0","0","0","0","0","0","22","8","14","0","0","0","0","0","0","0","0","0","-2"
"148496","Dominican University","2010","Total full-time Instruction/research/public service, Tenured, Assistant professors","8","1","7","0","0","0","0","0","0","0","0","0","0","0","0","0","0","0","8","1","7","0","0","0","0","0","0","0","0","0","-2"
"148496","Dominican University","2010","Total full-time Instruction/research/public service, Tenured total","67","32","35","0","0","0","1","1","0","0","0","0","1","1","0","0","0","0","65","30","35","0","0","0","0","0","0","0","0","0","-2"
"148496","Dominican University","2010","Total full-time Instruction/research/public service, Non-tenured on tenure track, Professors","1","1","0","0","0","0","1","1","0","0","0","0","0","0","0","0","0","0","0","0","0","0","0","0","0","0","0","0","0","0","-2"
"148496","Dominican University","2010","Total full-time Instruction/research/public service, Non-tenured on tenure track, Associate professors","9","2","7","0","0","0","0","0","0","1","0","1","0","0","0","1","0","1","7","2","5","0","0","0","0","0","0","0","0","0","-2"
"148496","Dominican University","2010","Total full-time Instruction/research/public service, Non-tenured on tenure track, Assistant professors","51","16","35","0","0","0","3","0","3","4","2","2","1","0","1","0","0","0","43","14","29","0","0","0","0","0","0","0","0","0","-2"
"148496","Dominican University","2010","Total full-time Instruction/research/public service, Non-tenured on tenure track, Instructors","4","2","2","0","0","0","0","0","0","1","1","0","1","0","1","0","0","0","2","1","1","0","0","0","0","0","0","0","0","0","-2"
"148496","Dominican University","2010","Total full-time Instruction/research/public service, Non-tenured on tenure track total","65","21","44","0","0","0","4","1","3","6","3","3","2","0","2","1","0","1","52","17","35","0","0","0","0","0","0","0","0","0","-2"
"148496","Dominican University","2010","Total full-time Instruction/research/public servicey, Non-tenured not on tenure track, Assistant professors","4","2","2","0","0","0","0","0","0","1","0","1","0","0","0","0","0","0","3","2","1","0","0","0","0","0","0","0","0","0","-2"
"148496","Dominican University","2010","Total full-time Instruction/research/public service, Non-tenured not on tenure track, Instructors","1","1","0","0","0","0","0","0","0","0","0","0","0","0","0","0","0","0","1","1","0","0","0","0","0","0","0","0","0","0","-2"
"148496","Dominican University","2010","Total full-time Instruction/research/public service, Non-tenured not on tenure track, Lecturers","19","7","12","0","0","0","0","0","0","1","0","1","0","0","0","0","0","0","18","7","11","0","0","0","0","0","0","0","0","0","-2"
"148496","Dominican University","2010","Total full-time Instruction/research/public service, Non-tenured not on tenure track total","24","10","14","0","0","0","0","0","0","2","0","2","0","0","0","0","0","0","22","10","12","0","0","0","0","0","0","0","0","0","-2"
"148511","Rush University","2010","Total full-time Instruction/research/public service, Tenured, Professors","71","53","18","0","0","0","10","6","4","0","0","0","1","1","0","0","0","0","60","46","14","0","0","0","0","0","0","0","0","0","-2"
"148511","Rush University","2010","Total full-time Instruction/research/public service, Tenured, Associate professors","83","50","33","1","1","0","11","5","6","2","1","1","6","5","1","1","1","0","61","36","25","1","1","0","0","0","0","0","0","0","-2"
"148511","Rush University","2010","Total full-time Instruction/research/public service, Tenured total","154","103","51","1","1","0","21","11","10","2","1","1","7","6","1","1","1","0","121","82","39","1","1","0","0","0","0","0","0","0","-2"
"148511","Rush University","2010","Total full-time Instruction/research/public service, Non-tenured on tenure track, Assistant professors","366","206","160","0","0","0","115","65","50","10","4","6","7","4","3","0","0","0","232","132","100","2","1","1","0","0","0","0","0","0","-2"
"148511","Rush University","2010","Total full-time Instruction/research/public service, Non-tenured on tenure track, Instructors","184","80","104","0","0","0","65","31","34","7","2","5","6","2","4","0","0","0","103","42","61","3","3","0","0","0","0","0","0","0","-2"
"148511","Rush University","2010","Total full-time Instruction/research/public service, Non-tenured on tenure track total","550","286","264","0","0","0","180","96","84","17","6","11","13","6","7","0","0","0","335","174","161","5","4","1","0","0","0","0","0","0","-2"
"148511","Rush University","2010","Total full-time Instruction/research/public service, Non-tenured not on tenure track, Professors","12","0","12","0","0","0","0","0","0","0","0","0","0","0","0","0","0","0","12","0","12","0","0","0","0","0","0","0","0","0","-2"
"148511","Rush University","2010","Total full-time Instruction/research/public service, Non-tenured not on tenure track, Associate professors","16","2","14","0","0","0","0","0","0","1","0","1","0","0","0","0","0","0","15","2","13","0","0","0","0","0","0","0","0","0","-2"
"148511","Rush University","2010","Total full-time Instruction/research/public servicey, Non-tenured not on tenure track, Assistant professors","27","1","26","0","0","0","0","0","0","1","1","0","1","0","1","0","0","0","25","0","25","0","0","0","0","0","0","0","0","0","-2"
"148511","Rush University","2010","Total full-time Instruction/research/public service, Non-tenured not on tenure track, Instructors","37","2","35","0","0","0","2","0","2","2","0","2","0","0","0","0","0","0","33","2","31","0","0","0","0","0","0","0","0","0","-2"
"148511","Rush University","2010","Total full-time Instruction/research/public service, Non-tenured not on tenure track total","92","5","87","0","0","0","2","0","2","4","1","3","1","0","1","0","0","0","85","4","81","0","0","0","0","0","0","0","0","0","-2"
"148627","Saint Xavier University","2010","Total full-time Instruction/research/public service, Tenured, Professors","30","19","11","0","0","0","1","1","0","1","1","0","0","0","0","0","0","0","28","17","11","0","0","0","0","0","0","0","0","0","-2"
"148627","Saint Xavier University","2010","Total full-time Instruction/research/public service, Tenured, Associate professors","70","34","36","0","0","0","3","2","1","4","2","2","2","0","2","0","0","0","61","30","31","0","0","0","0","0","0","0","0","0","-2"
"148627","Saint Xavier University","2010","Total full-time Instruction/research/public service, Tenured, Assistant professors","1","0","1","0","0","0","0","0","0","0","0","0","0","0","0","0","0","0","1","0","1","0","0","0","0","0","0","0","0","0","-2"
"148627","Saint Xavier University","2010","Total full-time Instruction/research/public service, Tenured total","101","53","48","0","0","0","4","3","1","5","3","2","2","0","2","0","0","0","90","47","43","0","0","0","0","0","0","0","0","0","-2"
"148627","Saint Xavier University","2010","Total full-time Instruction/research/public service, Non-tenured on tenure track, Associate professors","14","3","11","0","0","0","2","1","1","1","1","0","0","0","0","0","0","0","11","1","10","0","0","0","0","0","0","0","0","0","-2"
"148627","Saint Xavier University","2010","Total full-time Instruction/research/public service, Non-tenured on tenure track, Assistant professors","40","12","28","0","0","0","4","2","2","2","1","1","2","1","1","0","0","0","28","6","22","0","0","0","4","2","2","0","0","0","-2"
"148627","Saint Xavier University","2010","Total full-time Instruction/research/public service, Non-tenured on tenure track total","54","15","39","0","0","0","6","3","3","3","2","1","2","1","1","0","0","0","39","7","32","0","0","0","4","2","2","0","0","0","-2"
"148627","Saint Xavier University","2010","Total full-time Instruction/research/public servicey, Non-tenured not on tenure track, Assistant professors","22","9","13","0","0","0","0","0","0","2","0","2","0","0","0","1","1","0","15","6","9","1","1","0","3","1","2","0","0","0","-2"
"148627","Saint Xavier University","2010","Total full-time Instruction/research/public service, Non-tenured not on tenure track, Lecturers","2","1","1","0","0","0","0","0","0","0","0","0","0","0","0","0","0","0","2","1","1","0","0","0","0","0","0","0","0","0","-2"
"148627","Saint Xavier University","2010","Total full-time Instruction/research/public service, Non-tenured not on tenure track total","24","10","14","0","0","0","0","0","0","2","0","2","0","0","0","1","1","0","17","7","10","1","1","0","3","1","2","0","0","0","-2"
"148876","Saint Augustine College","2010","Total full-time Instruction/research/public service, Non-tenured not on tenure track, Associate professors","3","2","1","0","0","0","0","0","0","0","0","0","2","2","0","0","0","0","1","0","1","0","0","0","0","0","0","0","0","0","-2"
"148876","Saint Augustine College","2010","Total full-time Instruction/research/public servicey, Non-tenured not on tenure track, Assistant professors","18","7","11","0","0","0","1","0","1","3","1","2","9","5","4","0","0","0","5","1","4","0","0","0","0","0","0","0","0","0","-2"
"148876","Saint Augustine College","2010","Total full-time Instruction/research/public service, Non-tenured not on tenure track, Instructors","4","2","2","0","0","0","0","0","0","1","0","1","2","2","0","0","0","0","1","0","1","0","0","0","0","0","0","0","0","0","-2"
"148876","Saint Augustine College","2010","Total full-time Instruction/research/public service, Non-tenured not on tenure track total","25","11","14","0","0","0","1","0","1","4","1","3","13","9","4","0","0","0","7","1","6","0","0","0","0","0","0","0","0","0","-2"
"149639","VanderCook College of Music","2010","Total full-time Instruction/research/public service, Non-tenured not on tenure track, Professors","1","0","1","0","0","0","0","0","0","0","0","0","0","0","0","0","0","0","1","0","1","0","0","0","0","0","0","0","0","0","-2"
"149639","VanderCook College of Music","2010","Total full-time Instruction/research/public service, Non-tenured not on tenure track, Associate professors","5","3","2","0","0","0","0","0","0","1","1","0","0","0","0","0","0","0","4","2","2","0","0","0","0","0","0","0","0","0","-2"
"149639","VanderCook College of Music","2010","Total full-time Instruction/research/public servicey, Non-tenured not on tenure track, Assistant professors","6","1","5","0","0","0","2","0","2","0","0","0","0","0","0","0","0","0","4","1","3","0","0","0","0","0","0","0","0","0","-2"
"149639","VanderCook College of Music","2010","Total full-time Instruction/research/public service, Non-tenured not on tenure track total","12","4","8","0","0","0","2","0","2","1","1","0","0","0","0","0","0","0","9","3","6","0","0","0","0","0","0","0","0","0","-2"
"150172","Calumet College of Saint Joseph","2010","Total full-time Instruction/research/public service, Tenured, Professors","4","3","1","0","0","0","0","0","0","0","0","0","0","0","0","0","0","0","4","3","1","0","0","0","0","0","0","0","0","0","-2"
"150172","Calumet College of Saint Joseph","2010","Total full-time Instruction/research/public service, Tenured, Associate professors","10","8","2","0","0","0","0","0","0","1","0","1","0","0","0","0","0","0","9","8","1","0","0","0","0","0","0","0","0","0","-2"
"150172","Calumet College of Saint Joseph","2010","Total full-time Instruction/research/public service, Tenured, Assistant professors","2","2","0","0","0","0","0","0","0","0","0","0","0","0","0","0","0","0","2","2","0","0","0","0","0","0","0","0","0","0","-2"
"150172","Calumet College of Saint Joseph","2010","Total full-time Instruction/research/public service, Tenured total","16","13","3","0","0","0","0","0","0","1","0","1","0","0","0","0","0","0","15","13","2","0","0","0","0","0","0","0","0","0","-2"
"150172","Calumet College of Saint Joseph","2010","Total full-time Instruction/research/public service, Non-tenured on tenure track, Associate professors","1","0","1","0","0","0","0","0","0","0","0","0","0","0","0","0","0","0","1","0","1","0","0","0","0","0","0","0","0","0","-2"
"150172","Calumet College of Saint Joseph","2010","Total full-time Instruction/research/public service, Non-tenured on tenure track, Assistant professors","14","7","7","0","0","0","0","0","0","2","0","2","0","0","0","0","0","0","12","7","5","0","0","0","0","0","0","0","0","0","-2"
"150172","Calumet College of Saint Joseph","2010","Total full-time Instruction/research/public service, Non-tenured on tenure track total","15","7","8","0","0","0","0","0","0","2","0","2","0","0","0","0","0","0","13","7","6","0","0","0","0","0","0","0","0","0","-2"
"150172","Calumet College of Saint Joseph","2010","Total full-time Instruction/research/public service, Non-tenured not on tenure track, Instructors","5","4","1","0","0","0","0","0","0","1","1","0","1","1","0","0","0","0","3","2","1","0","0","0","0","0","0","0","0","0","-2"
"150172","Calumet College of Saint Joseph","2010","Total full-time Instruction/research/public service, Non-tenured not on tenure track total","5","4","1","0","0","0","0","0","0","1","1","0","1","1","0","0","0","0","3","2","1","0","0","0","0","0","0","0","0","0","-2"
"151360","Indiana University-Northwest","2010","Total full-time Instruction/research/public service, Tenured, Professors","33","24","9","0","0","0","4","4","0","3","1","2","1","0","1","0","0","0","25","19","6","0","0","0","0","0","0","0","0","0","-2"
"151360","Indiana University-Northwest","2010","Total full-time Instruction/research/public service, Tenured, Associate professors","43","26","17","0","0","0","4","1","3","3","3","0","4","3","1","0","0","0","32","19","13","0","0","0","0","0","0","0","0","0","-2"
"151360","Indiana University-Northwest","2010","Total full-time Instruction/research/public service, Tenured total","76","50","26","0","0","0","8","5","3","6","4","2","5","3","2","0","0","0","57","38","19","0","0","0","0","0","0","0","0","0","-2"
"151360","Indiana University-Northwest","2010","Total full-time Instruction/research/public service, Non-tenured on tenure track, Associate professors","3","1","2","0","0","0","1","1","0","0","0","0","0","0","0","0","0","0","2","0","2","0","0","0","0","0","0","0","0","0","-2"
"151360","Indiana University-Northwest","2010","Total full-time Instruction/research/public service, Non-tenured on tenure track, Assistant professors","39","20","19","0","0","0","6","4","2","5","2","3","1","1","0","0","0","0","26","13","13","1","0","1","0","0","0","0","0","0","-2"
"151360","Indiana University-Northwest","2010","Total full-time Instruction/research/public service, Non-tenured on tenure track total","42","21","21","0","0","0","7","5","2","5","2","3","1","1","0","0","0","0","28","13","15","1","0","1","0","0","0","0","0","0","-2"
"151360","Indiana University-Northwest","2010","Total full-time Instruction/research/public service, Non-tenured not on tenure track, Associate professors","3","0","3","0","0","0","1","0","1","0","0","0","0","0","0","0","0","0","2","0","2","0","0","0","0","0","0","0","0","0","-2"
"151360","Indiana University-Northwest","2010","Total full-time Instruction/research/public servicey, Non-tenured not on tenure track, Assistant professors","8","1","7","0","0","0","0","0","0","1","0","1","0","0","0","0","0","0","7","1","6","0","0","0","0","0","0","0","0","0","-2"
"151360","Indiana University-Northwest","2010","Total full-time Instruction/research/public service, Non-tenured not on tenure track, Instructors","2","1","1","0","0","0","0","0","0","0","0","0","0","0","0","0","0","0","2","1","1","0","0","0","0","0","0","0","0","0","-2"
"151360","Indiana University-Northwest","2010","Total full-time Instruction/research/public service, Non-tenured not on tenure track, Lecturers","43","11","32","1","0","1","2","0","2","2","0","2","1","0","1","0","0","0","37","11","26","0","0","0","0","0","0","0","0","0","-2"
"151360","Indiana University-Northwest","2010","Total full-time Instruction/research/public service, Non-tenured not on tenure track, No academic rank","4","2","2","0","0","0","3","1","2","0","0","0","0","0","0","0","0","0","1","1","0","0","0","0","0","0","0","0","0","0","-2"
"151360","Indiana University-Northwest","2010","Total full-time Instruction/research/public service, Non-tenured not on tenure track total","60","15","45","1","0","1","6","1","5","3","0","3","1","0","1","0","0","0","49","14","35","0","0","0","0","0","0","0","0","0","-2"
"165167","Cambridge College","2010","Total full-time Instruction/research/public service, Non-tenured not on tenure track, Professors","16","9","7","0","0","0","1","0","1","5","2","3","1","1","0","0","0","0","9","6","3","0","0","0","0","0","0","0","0","0","-2"
"165167","Cambridge College","2010","Total full-time Instruction/research/public service, Non-tenured not on tenure track, Associate professors","4","3","1","0","0","0","0","0","0","2","1","1","0","0","0","0","0","0","2","2","0","0","0","0","0","0","0","0","0","0","-2"
"165167","Cambridge College","2010","Total full-time Instruction/research/public servicey, Non-tenured not on tenure track, Assistant professors","6","2","4","0","0","0","0","0","0","0","0","0","0","0","0","0","0","0","6","2","4","0","0","0","0","0","0","0","0","0","-2"
"165167","Cambridge College","2010","Total full-time Instruction/research/public service, Non-tenured not on tenure track, Lecturers","3","1","2","0","0","0","0","0","0","0","0","0","0","0","0","0","0","0","3","1","2","0","0","0","0","0","0","0","0","0","-2"
"165167","Cambridge College","2010","Total full-time Instruction/research/public service, Non-tenured not on tenure track total","29","15","14","0","0","0","1","0","1","7","3","4","1","1","0","0","0","0","20","11","9","0","0","0","0","0","0","0","0","0","-2"
"182005","College of Southern Nevada","2010","Total full-time Instruction/research/public service, Tenured, Professors","341","195","146","3","1","2","22","11","11","20","9","11","19","7","12","0","0","0","274","164","110","3","3","0","0","0","0","0","0","0","-2"
"182005","College of Southern Nevada","2010","Total full-time Instruction/research/public service, Tenured total","341","195","146","3","1","2","22","11","11","20","9","11","19","7","12","0","0","0","274","164","110","3","3","0","0","0","0","0","0","0","-2"
"182005","College of Southern Nevada","2010","Total full-time Instruction/research/public service, Non-tenured on tenure track, Instructors","69","31","38","1","0","1","7","3","4","4","2","2","7","4","3","0","0","0","50","22","28","0","0","0","0","0","0","0","0","0","-2"
"182005","College of Southern Nevada","2010","Total full-time Instruction/research/public service, Non-tenured on tenure track total","69","31","38","1","0","1","7","3","4","4","2","2","7","4","3","0","0","0","50","22","28","0","0","0","0","0","0","0","0","0","-2"
"182005","College of Southern Nevada","2010","Total full-time Instruction/research/public service, Non-tenured not on tenure track, Instructors","91","42","49","1","1","0","8","2","6","5","1","4","6","4","2","0","0","0","70","34","36","1","0","1","0","0","0","0","0","0","-2"
"182005","College of Southern Nevada","2010","Total full-time Instruction/research/public service, Non-tenured not on tenure track total","91","42","49","1","1","0","8","2","6","5","1","4","6","4","2","0","0","0","70","34","36","1","0","1","0","0","0","0","0","0","-2"
"182500","Truckee Meadows Community College","2010","Total full-time Instruction/research/public service, Tenured, Professors","126","70","56","2","1","1","3","0","3","0","0","0","4","3","1","0","0","0","115","66","49","2","0","2","0","0","0","0","0","0","-2"
"182500","Truckee Meadows Community College","2010","Total full-time Instruction/research/public service, Tenured total","126","70","56","2","1","1","3","0","3","0","0","0","4","3","1","0","0","0","115","66","49","2","0","2","0","0","0","0","0","0","-2"
"182500","Truckee Meadows Community College","2010","Total full-time Instruction/research/public service, Non-tenured on tenure track, Instructors","12","3","9","0","0","0","1","0","1","0","0","0","0","0","0","0","0","0","10","3","7","0","0","0","1","0","1","0","0","0","-2"
"182500","Truckee Meadows Community College","2010","Total full-time Instruction/research/public service, Non-tenured on tenure track total","12","3","9","0","0","0","1","0","1","0","0","0","0","0","0","0","0","0","10","3","7","0","0","0","1","0","1","0","0","0","-2"
"182500","Truckee Meadows Community College","2010","Total full-time Instruction/research/public service, Non-tenured not on tenure track, Instructors","36","18","18","0","0","0","2","0","2","0","0","0","3","1","2","0","0","0","31","17","14","0","0","0","0","0","0","0","0","0","-2"
"182500","Truckee Meadows Community College","2010","Total full-time Instruction/research/public service, Non-tenured not on tenure track total","36","18","18","0","0","0","2","0","2","0","0","0","3","1","2","0","0","0","31","17","14","0","0","0","0","0","0","0","0","0","-2"
"183910","Caldwell University","2010","Total full-time Instruction/research/public service, Tenured, Professors","39","15","24","0","0","0","1","0","1","1","0","1","1","1","0","0","0","0","36","14","22","0","0","0","0","0","0","0","0","0","-2"
"183910","Caldwell University","2010","Total full-time Instruction/research/public service, Tenured, Associate professors","18","7","11","0","0","0","2","0","2","0","0","0","1","0","1","0","0","0","15","7","8","0","0","0","0","0","0","0","0","0","-2"
"183910","Caldwell University","2010","Total full-time Instruction/research/public service, Tenured, Assistant professors","1","0","1","0","0","0","0","0","0","0","0","0","0","0","0","0","0","0","1","0","1","0","0","0","0","0","0","0","0","0","-2"
"183910","Caldwell University","2010","Total full-time Instruction/research/public service, Tenured total","58","22","36","0","0","0","3","0","3","1","0","1","2","1","1","0","0","0","52","21","31","0","0","0","0","0","0","0","0","0","-2"
"183910","Caldwell University","2010","Total full-time Instruction/research/public service, Non-tenured on tenure track, Associate professors","3","1","2","0","0","0","0","0","0","0","0","0","0","0","0","0","0","0","3","1","2","0","0","0","0","0","0","0","0","0","-2"
"183910","Caldwell University","2010","Total full-time Instruction/research/public service, Non-tenured on tenure track, Assistant professors","13","4","9","0","0","0","1","1","0","0","0","0","0","0","0","0","0","0","11","3","8","0","0","0","1","0","1","0","0","0","-2"
"183910","Caldwell University","2010","Total full-time Instruction/research/public service, Non-tenured on tenure track total","16","5","11","0","0","0","1","1","0","0","0","0","0","0","0","0","0","0","14","4","10","0","0","0","1","0","1","0","0","0","-2"
"183910","Caldwell University","2010","Total full-time Instruction/research/public servicey, Non-tenured not on tenure track, Assistant professors","1","1","0","0","0","0","0","0","0","0","0","0","1","1","0","0","0","0","0","0","0","0","0","0","0","0","0","0","0","0","-2"
"183910","Caldwell University","2010","Total full-time Instruction/research/public service, Non-tenured not on tenure track, Instructors","1","0","1","0","0","0","0","0","0","0","0","0","0","0","0","0","0","0","1","0","1","0","0","0","0","0","0","0","0","0","-2"
"183910","Caldwell University","2010","Total full-time Instruction/research/public service, Non-tenured not on tenure track total","2","1","1","0","0","0","0","0","0","0","0","0","1","1","0","0","0","0","1","0","1","0","0","0","0","0","0","0","0","0","-2"
"184603","Fairleigh Dickinson University-Metropolitan Campus","2010","Total full-time Instruction/research/public service, Tenured, Professors","60","41","19","0","0","0","4","3","1","1","1","0","1","1","0","0","0","0","53","35","18","0","0","0","1","1","0","0","0","0","-2"
"184603","Fairleigh Dickinson University-Metropolitan Campus","2010","Total full-time Instruction/research/public service, Tenured, Associate professors","29","23","6","0","0","0","3","2","1","2","2","0","1","1","0","0","0","0","23","18","5","0","0","0","0","0","0","0","0","0","-2"
"184603","Fairleigh Dickinson University-Metropolitan Campus","2010","Total full-time Instruction/research/public service, Tenured, Assistant professors","7","1","6","0","0","0","1","0","1","0","0","0","0","0","0","0","0","0","6","1","5","0","0","0","0","0","0","0","0","0","-2"
"184603","Fairleigh Dickinson University-Metropolitan Campus","2010","Total full-time Instruction/research/public service, Tenured total","96","65","31","0","0","0","8","5","3","3","3","0","2","2","0","0","0","0","82","54","28","0","0","0","1","1","0","0","0","0","-2"
"184603","Fairleigh Dickinson University-Metropolitan Campus","2010","Total full-time Instruction/research/public service, Non-tenured on tenure track, Associate professors","11","0","11","0","0","0","3","0","3","1","0","1","0","0","0","0","0","0","7","0","7","0","0","0","0","0","0","0","0","0","-2"
"184603","Fairleigh Dickinson University-Metropolitan Campus","2010","Total full-time Instruction/research/public service, Non-tenured on tenure track, Assistant professors","29","13","16","0","0","0","6","2","4","4","2","2","1","1","0","0","0","0","18","8","10","0","0","0","0","0","0","0","0","0","-2"
"184603","Fairleigh Dickinson University-Metropolitan Campus","2010","Total full-time Instruction/research/public service, Non-tenured on tenure track, Instructors","2","0","2","0","0","0","0","0","0","0","0","0","1","0","1","0","0","0","1","0","1","0","0","0","0","0","0","0","0","0","-2"
"184603","Fairleigh Dickinson University-Metropolitan Campus","2010","Total full-time Instruction/research/public service, Non-tenured on tenure track, Lecturers","2","2","0","0","0","0","0","0","0","0","0","0","1","1","0","0","0","0","1","1","0","0","0","0","0","0","0","0","0","0","-2"
"184603","Fairleigh Dickinson University-Metropolitan Campus","2010","Total full-time Instruction/research/public service, Non-tenured on tenure track total","44","15","29","0","0","0","9","2","7","5","2","3","3","2","1","0","0","0","27","9","18","0","0","0","0","0","0","0","0","0","-2"
"184603","Fairleigh Dickinson University-Metropolitan Campus","2010","Total full-time Instruction/research/public service, Non-tenured not on tenure track, Associate professors","1","1","0","0","0","0","0","0","0","0","0","0","0","0","0","0","0","0","1","1","0","0","0","0","0","0","0","0","0","0","-2"
"184603","Fairleigh Dickinson University-Metropolitan Campus","2010","Total full-time Instruction/research/public servicey, Non-tenured not on tenure track, Assistant professors","3","0","3","0","0","0","1","0","1","0","0","0","0","0","0","0","0","0","2","0","2","0","0","0","0","0","0","0","0","0","-2"
"184603","Fairleigh Dickinson University-Metropolitan Campus","2010","Total full-time Instruction/research/public service, Non-tenured not on tenure track, Instructors","3","1","2","0","0","0","1","1","0","0","0","0","0","0","0","0","0","0","2","0","2","0","0","0","0","0","0","0","0","0","-2"
"184603","Fairleigh Dickinson University-Metropolitan Campus","2010","Total full-time Instruction/research/public service, Non-tenured not on tenure track, Lecturers","39","20","19","0","0","0","1","0","1","0","0","0","7","4","3","0","0","0","31","16","15","0","0","0","0","0","0","0","0","0","-2"
"184603","Fairleigh Dickinson University-Metropolitan Campus","2010","Total full-time Instruction/research/public service, Non-tenured not on tenure track total","46","22","24","0","0","0","3","1","2","0","0","0","7","4","3","0","0","0","36","17","19","0","0","0","0","0","0","0","0","0","-2"
"185129","New Jersey City University","2010","Total full-time Instruction/research/public service, Tenured, Professors","81","39","42","0","0","0","6","2","4","11","3","8","8","3","5","0","0","0","56","31","25","0","0","0","0","0","0","0","0","0","-2"
"185129","New Jersey City University","2010","Total full-time Instruction/research/public service, Tenured, Associate professors","81","45","36","0","0","0","12","7","5","13","6","7","7","4","3","0","0","0","49","28","21","0","0","0","0","0","0","0","0","0","-2"
"185129","New Jersey City University","2010","Total full-time Instruction/research/public service, Tenured, Assistant professors","42","17","25","0","0","0","2","0","2","11","4","7","4","0","4","0","0","0","25","13","12","0","0","0","0","0","0","0","0","0","-2"
"185129","New Jersey City University","2010","Total full-time Instruction/research/public service, Tenured total","204","101","103","0","0","0","20","9","11","35","13","22","19","7","12","0","0","0","130","72","58","0","0","0","0","0","0","0","0","0","-2"
"185129","New Jersey City University","2010","Total full-time Instruction/research/public service, Non-tenured on tenure track, Professors","2","1","1","0","0","0","0","0","0","1","0","1","0","0","0","0","0","0","1","1","0","0","0","0","0","0","0","0","0","0","-2"
"185129","New Jersey City University","2010","Total full-time Instruction/research/public service, Non-tenured on tenure track, Associate professors","5","1","4","0","0","0","0","0","0","0","0","0","0","0","0","0","0","0","5","1","4","0","0","0","0","0","0","0","0","0","-2"
"185129","New Jersey City University","2010","Total full-time Instruction/research/public service, Non-tenured on tenure track, Assistant professors","23","11","12","0","0","0","2","1","1","1","1","0","1","1","0","0","0","0","19","8","11","0","0","0","0","0","0","0","0","0","-2"
"185129","New Jersey City University","2010","Total full-time Instruction/research/public service, Non-tenured on tenure track total","30","13","17","0","0","0","2","1","1","2","1","1","1","1","0","0","0","0","25","10","15","0","0","0","0","0","0","0","0","0","-2"
"185129","New Jersey City University","2010","Total full-time Instruction/research/public servicey, Non-tenured not on tenure track, Assistant professors","8","3","5","0","0","0","0","0","0","2","1","1","0","0","0","0","0","0","6","2","4","0","0","0","0","0","0","0","0","0","-2"
"185129","New Jersey City University","2010","Total full-time Instruction/research/public service, Non-tenured not on tenure track total","8","3","5","0","0","0","0","0","0","2","1","1","0","0","0","0","0","0","6","2","4","0","0","0","0","0","0","0","0","0","-2"
"185590","Montclair State University","2010","Total full-time Instruction/research/public service, Tenured, Professors","168","101","67","0","0","0","21","18","3","11","6","5","9","5","4","0","0","0","126","71","55","1","1","0","0","0","0","0","0","0","-2"
"185590","Montclair State University","2010","Total full-time Instruction/research/public service, Tenured, Associate professors","172","96","76","0","0","0","20","10","10","13","6","7","13","7","6","0","0","0","120","68","52","4","4","0","1","0","1","1","1","0","-2"
"185590","Montclair State University","2010","Total full-time Instruction/research/public service, Tenured, Assistant professors","44","20","24","0","0","0","4","3","1","8","1","7","4","2","2","0","0","0","26","12","14","0","0","0","1","1","0","1","1","0","-2"
"185590","Montclair State University","2010","Total full-time Instruction/research/public service, Tenured, Instructors","1","1","0","0","0","0","0","0","0","0","0","0","0","0","0","0","0","0","1","1","0","0","0","0","0","0","0","0","0","0","-2"
"185590","Montclair State University","2010","Total full-time Instruction/research/public service, Tenured total","385","218","167","0","0","0","45","31","14","32","13","19","26","14","12","0","0","0","273","152","121","5","5","0","2","1","1","2","2","0","-2"
"185590","Montclair State University","2010","Total full-time Instruction/research/public service, Non-tenured on tenure track, Professors","10","6","4","0","0","0","2","2","0","0","0","0","0","0","0","0","0","0","7","3","4","0","0","0","1","1","0","0","0","0","-2"
"185590","Montclair State University","2010","Total full-time Instruction/research/public service, Non-tenured on tenure track, Associate professors","24","9","15","0","0","0","4","1","3","0","0","0","3","2","1","0","0","0","16","6","10","0","0","0","1","0","1","0","0","0","-2"
"185590","Montclair State University","2010","Total full-time Instruction/research/public service, Non-tenured on tenure track, Assistant professors","106","44","62","0","0","0","16","6","10","7","3","4","2","0","2","0","0","0","58","30","28","1","0","1","6","2","4","16","3","13","-2"
"185590","Montclair State University","2010","Total full-time Instruction/research/public service, Non-tenured on tenure track total","140","59","81","0","0","0","22","9","13","7","3","4","5","2","3","0","0","0","81","39","42","1","0","1","8","3","5","16","3","13","-2"
"185590","Montclair State University","2010","Total full-time Instruction/research/public service, Non-tenured not on tenure track, Professors","2","2","0","0","0","0","0","0","0","0","0","0","0","0","0","0","0","0","1","1","0","0","0","0","1","1","0","0","0","0","-2"
"185590","Montclair State University","2010","Total full-time Instruction/research/public service, Non-tenured not on tenure track, Associate professors","2","1","1","0","0","0","0","0","0","0","0","0","0","0","0","0","0","0","2","1","1","0","0","0","0","0","0","0","0","0","-2"
"185590","Montclair State University","2010","Total full-time Instruction/research/public servicey, Non-tenured not on tenure track, Assistant professors","24","11","13","0","0","0","1","1","0","0","0","0","3","0","3","0","0","0","17","10","7","1","0","1","1","0","1","1","0","1","-2"
"185590","Montclair State University","2010","Total full-time Instruction/research/public service, Non-tenured not on tenure track, Instructors","16","2","14","0","0","0","0","0","0","0","0","0","1","0","1","0","0","0","14","2","12","0","0","0","1","0","1","0","0","0","-2"
"185590","Montclair State University","2010","Total full-time Instruction/research/public service, Non-tenured not on tenure track total","44","16","28","0","0","0","1","1","0","0","0","0","4","0","4","0","0","0","34","14","20","1","0","1","3","1","2","1","0","1","-2"
"186399","Rutgers University-Newark","2010","Total full-time Instruction/research/public service, Tenured, Professors","163","120","43","0","0","0","16","14","2","7","6","1","4","3","1","0","0","0","131","93","38","0","0","0","0","0","0","5","4","1","-2"
"186399","Rutgers University-Newark","2010","Total full-time Instruction/research/public service, Tenured, Associate professors","98","56","42","0","0","0","8","4","4","11","5","6","3","3","0","0","0","0","69","39","30","0","0","0","0","0","0","7","5","2","-2"
"186399","Rutgers University-Newark","2010","Total full-time Instruction/research/public service, Tenured total","261","176","85","0","0","0","24","18","6","18","11","7","7","6","1","0","0","0","200","132","68","0","0","0","0","0","0","12","9","3","-2"
"186399","Rutgers University-Newark","2010","Total full-time Instruction/research/public service, Non-tenured on tenure track, Professors","8","5","3","0","0","0","0","0","0","2","2","0","0","0","0","0","0","0","4","2","2","0","0","0","2","1","1","0","0","0","-2"
"186399","Rutgers University-Newark","2010","Total full-time Instruction/research/public service, Non-tenured on tenure track, Associate professors","8","4","4","0","0","0","2","1","1","0","0","0","0","0","0","0","0","0","5","3","2","0","0","0","0","0","0","1","0","1","-2"
"186399","Rutgers University-Newark","2010","Total full-time Instruction/research/public service, Non-tenured on tenure track, Assistant professors","98","50","48","3","0","3","11","6","5","13","3","10","8","6","2","0","0","0","32","19","13","0","0","0","13","5","8","18","11","7","-2"
"186399","Rutgers University-Newark","2010","Total full-time Instruction/research/public service, Non-tenured on tenure track total","114","59","55","3","0","3","13","7","6","15","5","10","8","6","2","0","0","0","41","24","17","0","0","0","15","6","9","19","11","8","-2"
"186399","Rutgers University-Newark","2010","Total full-time Instruction/research/public service, Non-tenured not on tenure track, Professors","14","6","8","0","0","0","1","1","0","2","1","1","0","0","0","0","0","0","10","4","6","0","0","0","1","0","1","0","0","0","-2"
"186399","Rutgers University-Newark","2010","Total full-time Instruction/research/public service, Non-tenured not on tenure track, Associate professors","6","2","4","0","0","0","1","0","1","0","0","0","0","0","0","0","0","0","4","2","2","0","0","0","0","0","0","1","0","1","-2"
"186399","Rutgers University-Newark","2010","Total full-time Instruction/research/public servicey, Non-tenured not on tenure track, Assistant professors","22","14","8","0","0","0","1","1","0","0","0","0","0","0","0","0","0","0","12","6","6","0","0","0","2","2","0","7","5","2","-2"
"186399","Rutgers University-Newark","2010","Total full-time Instruction/research/public service, Non-tenured not on tenure track, Instructors","87","49","38","0","0","0","2","2","0","6","3","3","3","1","2","0","0","0","63","36","27","0","0","0","0","0","0","13","7","6","-2"
"186399","Rutgers University-Newark","2010","Total full-time Instruction/research/public service, Non-tenured not on tenure track, Lecturers","4","2","2","0","0","0","0","0","0","0","0","0","0","0","0","0","0","0","2","1","1","0","0","0","1","0","1","1","1","0","-2"
"186399","Rutgers University-Newark","2010","Total full-time Instruction/research/public service, Non-tenured not on tenure track, No academic rank","26","15","11","0","0","0","1","1","0","1","1","0","0","0","0","0","0","0","5","1","4","0","0","0","2","0","2","17","12","5","-2"
"186399","Rutgers University-Newark","2010","Total full-time Instruction/research/public service, Non-tenured not on tenure track total","159","88","71","0","0","0","6","5","1","9","5","4","3","1","2","0","0","0","96","50","46","0","0","0","6","2","4","39","25","14","-2"
"186432","Saint Peter's University","2010","Total full-time Instruction/research/public service, Tenured, Professors","29","18","11","0","0","0","0","0","0","0","0","0","1","0","1","0","0","0","28","18","10","0","0","0","0","0","0","0","0","0","-2"
"186432","Saint Peter's University","2010","Total full-time Instruction/research/public service, Tenured, Associate professors","38","20","18","0","0","0","1","1","0","1","0","1","2","1","1","0","0","0","34","18","16","0","0","0","0","0","0","0","0","0","-2"
"186432","Saint Peter's University","2010","Total full-time Instruction/research/public service, Tenured, Assistant professors","4","3","1","0","0","0","0","0","0","1","1","0","0","0","0","0","0","0","3","2","1","0","0","0","0","0","0","0","0","0","-2"
"186432","Saint Peter's University","2010","Total full-time Instruction/research/public service, Tenured, Lecturers","3","2","1","0","0","0","0","0","0","1","0","1","0","0","0","0","0","0","2","2","0","0","0","0","0","0","0","0","0","0","-2"
"186432","Saint Peter's University","2010","Total full-time Instruction/research/public service, Tenured total","74","43","31","0","0","0","1","1","0","3","1","2","3","1","2","0","0","0","67","40","27","0","0","0","0","0","0","0","0","0","-2"
"186432","Saint Peter's University","2010","Total full-time Instruction/research/public service, Non-tenured on tenure track, Associate professors","1","1","0","0","0","0","0","0","0","0","0","0","0","0","0","0","0","0","1","1","0","0","0","0","0","0","0","0","0","0","-2"
"186432","Saint Peter's University","2010","Total full-time Instruction/research/public service, Non-tenured on tenure track, Assistant professors","19","12","7","0","0","0","1","1","0","0","0","0","1","1","0","0","0","0","16","9","7","0","0","0","0","0","0","1","1","0","-2"
"186432","Saint Peter's University","2010","Total full-time Instruction/research/public service, Non-tenured on tenure track, Lecturers","2","1","1","0","0","0","1","0","1","0","0","0","0","0","0","0","0","0","1","1","0","0","0","0","0","0","0","0","0","0","-2"
"186432","Saint Peter's University","2010","Total full-time Instruction/research/public service, Non-tenured on tenure track total","22","14","8","0","0","0","2","1","1","0","0","0","1","1","0","0","0","0","18","11","7","0","0","0","0","0","0","1","1","0","-2"
"186432","Saint Peter's University","2010","Total full-time Instruction/research/public service, Non-tenured not on tenure track, Instructors","1","1","0","0","0","0","0","0","0","0","0","0","0","0","0","0","0","0","1","1","0","0","0","0","0","0","0","0","0","0","-2"
"186432","Saint Peter's University","2010","Total full-time Instruction/research/public service, Non-tenured not on tenure track, Lecturers","9","3","6","0","0","0","1","0","1","0","0","0","0","0","0","0","0","0","8","3","5","0","0","0","0","0","0","0","0","0","-2"
"186432","Saint Peter's University","2010","Total full-time Instruction/research/public service, Non-tenured not on tenure track, No academic rank","7","1","6","0","0","0","1","0","1","0","0","0","0","0","0","0","0","0","6","1","5","0","0","0","0","0","0","0","0","0","-2"
"186432","Saint Peter's University","2010","Total full-time Instruction/research/public service, Non-tenured not on tenure track total","17","5","12","0","0","0","2","0","2","0","0","0","0","0","0","0","0","0","15","5","10","0","0","0","0","0","0","0","0","0","-2"
"187444","William Paterson University of New Jersey","2010","Total full-time Instruction/research/public service, Tenured, Professors","148","88","60","1","0","1","30","23","7","9","5","4","11","5","6","0","0","0","96","54","42","1","1","0","0","0","0","0","0","0","-2"
"187444","William Paterson University of New Jersey","2010","Total full-time Instruction/research/public service, Tenured, Associate professors","96","50","46","0","0","0","10","5","5","12","9","3","6","2","4","0","0","0","63","33","30","4","0","4","0","0","0","1","1","0","-2"
"187444","William Paterson University of New Jersey","2010","Total full-time Instruction/research/public service, Tenured, Assistant professors","50","26","24","0","0","0","3","3","0","12","7","5","5","2","3","0","0","0","30","14","16","0","0","0","0","0","0","0","0","0","-2"
"187444","William Paterson University of New Jersey","2010","Total full-time Instruction/research/public service, Tenured total","294","164","130","1","0","1","43","31","12","33","21","12","22","9","13","0","0","0","189","101","88","5","1","4","0","0","0","1","1","0","-2"
"187444","William Paterson University of New Jersey","2010","Total full-time Instruction/research/public service, Non-tenured on tenure track, Associate professors","9","7","2","0","0","0","2","2","0","0","0","0","0","0","0","0","0","0","7","5","2","0","0","0","0","0","0","0","0","0","-2"
"187444","William Paterson University of New Jersey","2010","Total full-time Instruction/research/public service, Non-tenured on tenure track, Assistant professors","69","25","44","0","0","0","10","1","9","4","2","2","7","4","3","0","0","0","43","16","27","0","0","0","0","0","0","5","2","3","-2"
"187444","William Paterson University of New Jersey","2010","Total full-time Instruction/research/public service, Non-tenured on tenure track, Instructors","4","1","3","0","0","0","0","0","0","0","0","0","1","0","1","0","0","0","3","1","2","0","0","0","0","0","0","0","0","0","-2"
"187444","William Paterson University of New Jersey","2010","Total full-time Instruction/research/public service, Non-tenured on tenure track total","82","33","49","0","0","0","12","3","9","4","2","2","8","4","4","0","0","0","53","22","31","0","0","0","0","0","0","5","2","3","-2"
"187444","William Paterson University of New Jersey","2010","Total full-time Instruction/research/public service, Non-tenured not on tenure track, Instructors","4","0","4","0","0","0","1","0","1","0","0","0","0","0","0","0","0","0","3","0","3","0","0","0","0","0","0","0","0","0","-2"
"187444","William Paterson University of New Jersey","2010","Total full-time Instruction/research/public service, Non-tenured not on tenure track total","4","0","4","0","0","0","1","0","1","0","0","0","0","0","0","0","0","0","3","0","3","0","0","0","0","0","0","0","0","0","-2"
"187648","Eastern New Mexico University-Main Campus","2010","Total full-time Instruction/research/public service, Tenured, Professors","44","30","14","1","0","1","1","1","0","1","1","0","4","3","1","0","0","0","35","24","11","2","1","1","0","0","0","0","0","0","-2"
"187648","Eastern New Mexico University-Main Campus","2010","Total full-time Instruction/research/public service, Tenured, Associate professors","32","14","18","0","0","0","1","1","0","0","0","0","1","1","0","0","0","0","28","11","17","1","1","0","0","0","0","1","0","1","-2"
"187648","Eastern New Mexico University-Main Campus","2010","Total full-time Instruction/research/public service, Tenured, Assistant professors","1","0","1","0","0","0","0","0","0","0","0","0","0","0","0","0","0","0","1","0","1","0","0","0","0","0","0","0","0","0","-2"
"187648","Eastern New Mexico University-Main Campus","2010","Total full-time Instruction/research/public service, Tenured, Instructors","4","3","1","0","0","0","0","0","0","0","0","0","0","0","0","0","0","0","4","3","1","0","0","0","0","0","0","0","0","0","-2"
"187648","Eastern New Mexico University-Main Campus","2010","Total full-time Instruction/research/public service, Tenured total","81","47","34","1","0","1","2","2","0","1","1","0","5","4","1","0","0","0","68","38","30","3","2","1","0","0","0","1","0","1","-2"
"187648","Eastern New Mexico University-Main Campus","2010","Total full-time Instruction/research/public service, Non-tenured on tenure track, Associate professors","3","1","2","0","0","0","0","0","0","0","0","0","0","0","0","0","0","0","3","1","2","0","0","0","0","0","0","0","0","0","-2"
"187648","Eastern New Mexico University-Main Campus","2010","Total full-time Instruction/research/public service, Non-tenured on tenure track, Assistant professors","36","23","13","0","0","0","0","0","0","0","0","0","2","2","0","0","0","0","32","21","11","2","0","2","0","0","0","0","0","0","-2"
"187648","Eastern New Mexico University-Main Campus","2010","Total full-time Instruction/research/public service, Non-tenured on tenure track, Instructors","6","1","5","0","0","0","1","0","1","0","0","0","0","0","0","0","0","0","5","1","4","0","0","0","0","0","0","0","0","0","-2"
"187648","Eastern New Mexico University-Main Campus","2010","Total full-time Instruction/research/public service, Non-tenured on tenure track total","45","25","20","0","0","0","1","0","1","0","0","0","2","2","0","0","0","0","40","23","17","2","0","2","0","0","0","0","0","0","-2"
"187648","Eastern New Mexico University-Main Campus","2010","Total full-time Instruction/research/public servicey, Non-tenured not on tenure track, Assistant professors","3","2","1","0","0","0","0","0","0","0","0","0","0","0","0","0","0","0","2","1","1","0","0","0","0","0","0","1","1","0","-2"
"187648","Eastern New Mexico University-Main Campus","2010","Total full-time Instruction/research/public service, Non-tenured not on tenure track, Instructors","16","4","12","0","0","0","0","0","0","1","0","1","0","0","0","0","0","0","15","4","11","0","0","0","0","0","0","0","0","0","-2"
"187648","Eastern New Mexico University-Main Campus","2010","Total full-time Instruction/research/public service, Non-tenured not on tenure track total","19","6","13","0","0","0","0","0","0","1","0","1","0","0","0","0","0","0","17","5","12","0","0","0","0","0","0","1","1","0","-2"
"188030","New Mexico State University-Main Campus","2010","Total full-time Instruction/research/public service, Tenured, Professors","209","157","52","1","1","0","14","12","2","2","2","0","10","9","1","0","0","0","173","125","48","1","1","0","6","5","1","2","2","0","-2"
"188030","New Mexico State University-Main Campus","2010","Total full-time Instruction/research/public service, Tenured, Associate professors","203","123","80","5","4","1","12","7","5","4","2","2","26","13","13","0","0","0","134","81","53","2","1","1","3","3","0","17","12","5","-2"
"188030","New Mexico State University-Main Campus","2010","Total full-time Instruction/research/public service, Tenured, Assistant professors","10","6","4","0","0","0","0","0","0","0","0","0","1","1","0","0","0","0","8","4","4","0","0","0","1","1","0","0","0","0","-2"
"188030","New Mexico State University-Main Campus","2010","Total full-time Instruction/research/public service, Tenured total","422","286","136","6","5","1","26","19","7","6","4","2","37","23","14","0","0","0","315","210","105","3","2","1","10","9","1","19","14","5","-2"
"188030","New Mexico State University-Main Campus","2010","Total full-time Instruction/research/public service, Non-tenured on tenure track, Associate professors","11","8","3","0","0","0","0","0","0","0","0","0","1","1","0","0","0","0","4","4","0","1","0","1","4","2","2","1","1","0","-2"
"188030","New Mexico State University-Main Campus","2010","Total full-time Instruction/research/public service, Non-tenured on tenure track, Assistant professors","135","73","62","1","0","1","9","5","4","1","1","0","20","8","12","0","0","0","38","14","24","0","0","0","43","26","17","23","19","4","-2"
"188030","New Mexico State University-Main Campus","2010","Total full-time Instruction/research/public service, Non-tenured on tenure track total","146","81","65","1","0","1","9","5","4","1","1","0","21","9","12","0","0","0","42","18","24","1","0","1","47","28","19","24","20","4","-2"
"188030","New Mexico State University-Main Campus","2010","Total full-time Instruction/research/public service, Non-tenured not on tenure track, Professors","15","9","6","0","0","0","0","0","0","0","0","0","0","0","0","0","0","0","15","9","6","0","0","0","0","0","0","0","0","0","-2"
"188030","New Mexico State University-Main Campus","2010","Total full-time Instruction/research/public service, Non-tenured not on tenure track, Associate professors","30","11","19","1","1","0","0","0","0","0","0","0","5","2","3","0","0","0","19","6","13","0","0","0","1","1","0","4","1","3","-2"
"188030","New Mexico State University-Main Campus","2010","Total full-time Instruction/research/public servicey, Non-tenured not on tenure track, Assistant professors","61","26","35","1","1","0","2","0","2","1","0","1","6","1","5","0","0","0","33","13","20","0","0","0","7","5","2","11","6","5","-2"
"188030","New Mexico State University-Main Campus","2010","Total full-time Instruction/research/public service, Non-tenured not on tenure track, Instructors","21","7","14","0","0","0","0","0","0","0","0","0","2","0","2","0","0","0","12","2","10","0","0","0","6","4","2","1","1","0","-2"
"188030","New Mexico State University-Main Campus","2010","Total full-time Instruction/research/public service, Non-tenured not on tenure track total","127","53","74","2","2","0","2","0","2","1","0","1","13","3","10","0","0","0","79","30","49","0","0","0","14","10","4","16","8","8","-2"
"188058","Northern New Mexico College","2010","Total full-time Instruction/research/public service, Tenured, Professors","1","0","1","0","0","0","0","0","0","0","0","0","0","0","0","0","0","0","1","0","1","0","0","0","0","0","0","0","0","0","-2"
"188058","Northern New Mexico College","2010","Total full-time Instruction/research/public service, Tenured, Associate professors","1","1","0","0","0","0","0","0","0","0","0","0","1","1","0","0","0","0","0","0","0","0","0","0","0","0","0","0","0","0","-2"
"188058","Northern New Mexico College","2010","Total full-time Instruction/research/public service, Tenured, Instructors","13","8","5","0","0","0","1","1","0","0","0","0","6","4","2","0","0","0","6","3","3","0","0","0","0","0","0","0","0","0","-2"
"188058","Northern New Mexico College","2010","Total full-time Instruction/research/public service, Tenured total","15","9","6","0","0","0","1","1","0","0","0","0","7","5","2","0","0","0","7","3","4","0","0","0","0","0","0","0","0","0","-2"
"188058","Northern New Mexico College","2010","Total full-time Instruction/research/public service, Non-tenured on tenure track, Associate professors","1","0","1","0","0","0","0","0","0","0","0","0","0","0","0","0","0","0","1","0","1","0","0","0","0","0","0","0","0","0","-2"
"188058","Northern New Mexico College","2010","Total full-time Instruction/research/public service, Non-tenured on tenure track, Assistant professors","3","1","2","0","0","0","0","0","0","0","0","0","2","0","2","0","0","0","1","1","0","0","0","0","0","0","0","0","0","0","-2"
"188058","Northern New Mexico College","2010","Total full-time Instruction/research/public service, Non-tenured on tenure track, Instructors","16","7","9","0","0","0","1","1","0","0","0","0","9","5","4","0","0","0","6","1","5","0","0","0","0","0","0","0","0","0","-2"
"188058","Northern New Mexico College","2010","Total full-time Instruction/research/public service, Non-tenured on tenure track total","20","8","12","0","0","0","1","1","0","0","0","0","11","5","6","0","0","0","8","2","6","0","0","0","0","0","0","0","0","0","-2"
"188058","Northern New Mexico College","2010","Total full-time Instruction/research/public service, Non-tenured not on tenure track, Professors","1","0","1","0","0","0","0","0","0","0","0","0","1","0","1","0","0","0","0","0","0","0","0","0","0","0","0","0","0","0","-2"
"188058","Northern New Mexico College","2010","Total full-time Instruction/research/public service, Non-tenured not on tenure track, Associate professors","3","3","0","0","0","0","0","0","0","0","0","0","2","2","0","0","0","0","1","1","0","0","0","0","0","0","0","0","0","0","-2"
"188058","Northern New Mexico College","2010","Total full-time Instruction/research/public servicey, Non-tenured not on tenure track, Assistant professors","8","5","3","0","0","0","2","1","1","1","1","0","1","1","0","0","0","0","4","2","2","0","0","0","0","0","0","0","0","0","-2"
"188058","Northern New Mexico College","2010","Total full-time Instruction/research/public service, Non-tenured not on tenure track, Instructors","12","4","8","0","0","0","2","1","1","0","0","0","6","2","4","0","0","0","4","1","3","0","0","0","0","0","0","0","0","0","-2"
"188058","Northern New Mexico College","2010","Total full-time Instruction/research/public service, Non-tenured not on tenure track total","24","12","12","0","0","0","4","2","2","1","1","0","10","5","5","0","0","0","9","4","5","0","0","0","0","0","0","0","0","0","-2"
"188304","Western New Mexico University","2010","Total full-time Instruction/research/public service, Tenured, Professors","36","13","23","0","0","0","0","0","0","0","0","0","5","2","3","0","0","0","27","10","17","0","0","0","4","1","3","0","0","0","-2"
"188304","Western New Mexico University","2010","Total full-time Instruction/research/public service, Tenured, Associate professors","13","6","7","0","0","0","0","0","0","0","0","0","4","2","2","0","0","0","8","3","5","0","0","0","1","1","0","0","0","0","-2"
"188304","Western New Mexico University","2010","Total full-time Instruction/research/public service, Tenured total","49","19","30","0","0","0","0","0","0","0","0","0","9","4","5","0","0","0","35","13","22","0","0","0","5","2","3","0","0","0","-2"
"188304","Western New Mexico University","2010","Total full-time Instruction/research/public service, Non-tenured on tenure track, Associate professors","9","5","4","0","0","0","0","0","0","0","0","0","2","2","0","0","0","0","5","2","3","0","0","0","2","1","1","0","0","0","-2"
"188304","Western New Mexico University","2010","Total full-time Instruction/research/public service, Non-tenured on tenure track, Assistant professors","25","18","7","0","0","0","1","1","0","0","0","0","8","4","4","0","0","0","11","8","3","0","0","0","4","4","0","1","1","0","-2"
"188304","Western New Mexico University","2010","Total full-time Instruction/research/public service, Non-tenured on tenure track total","34","23","11","0","0","0","1","1","0","0","0","0","10","6","4","0","0","0","16","10","6","0","0","0","6","5","1","1","1","0","-2"
"188304","Western New Mexico University","2010","Total full-time Instruction/research/public service, Non-tenured not on tenure track, Professors","2","1","1","0","0","0","0","0","0","0","0","0","0","0","0","0","0","0","2","1","1","0","0","0","0","0","0","0","0","0","-2"
"188304","Western New Mexico University","2010","Total full-time Instruction/research/public servicey, Non-tenured not on tenure track, Assistant professors","7","3","4","0","0","0","0","0","0","0","0","0","3","0","3","0","0","0","3","2","1","0","0","0","1","1","0","0","0","0","-2"
"188304","Western New Mexico University","2010","Total full-time Instruction/research/public service, Non-tenured not on tenure track, Instructors","2","1","1","0","0","0","0","0","0","0","0","0","1","1","0","0","0","0","1","0","1","0","0","0","0","0","0","0","0","0","-2"
"188304","Western New Mexico University","2010","Total full-time Instruction/research/public service, Non-tenured not on tenure track total","11","5","6","0","0","0","0","0","0","0","0","0","4","1","3","0","0","0","6","3","3","0","0","0","1","1","0","0","0","0","-2"
"188340","Vaughn College of Aeronautics and Technology","2010","Total full-time Instruction/research/public service, Tenured, Professors","9","8","1","0","0","0","1","1","0","1","0","1","0","0","0","1","1","0","6","6","0","0","0","0","0","0","0","0","0","0","-2"
"188340","Vaughn College of Aeronautics and Technology","2010","Total full-time Instruction/research/public service, Tenured, Associate professors","10","8","2","0","0","0","0","0","0","0","0","0","0","0","0","1","1","0","9","7","2","0","0","0","0","0","0","0","0","0","-2"
"188340","Vaughn College of Aeronautics and Technology","2010","Total full-time Instruction/research/public service, Tenured total","19","16","3","0","0","0","1","1","0","1","0","1","0","0","0","2","2","0","15","13","2","0","0","0","0","0","0","0","0","0","-2"
"188340","Vaughn College of Aeronautics and Technology","2010","Total full-time Instruction/research/public service, Non-tenured on tenure track, Professors","3","2","1","0","0","0","0","0","0","0","0","0","0","0","0","0","0","0","3","2","1","0","0","0","0","0","0","0","0","0","-2"
"188340","Vaughn College of Aeronautics and Technology","2010","Total full-time Instruction/research/public service, Non-tenured on tenure track, Associate professors","1","1","0","0","0","0","0","0","0","1","1","0","0","0","0","0","0","0","0","0","0","0","0","0","0","0","0","0","0","0","-2"
"188340","Vaughn College of Aeronautics and Technology","2010","Total full-time Instruction/research/public service, Non-tenured on tenure track total","4","3","1","0","0","0","0","0","0","1","1","0","0","0","0","0","0","0","3","2","1","0","0","0","0","0","0","0","0","0","-2"
"188340","Vaughn College of Aeronautics and Technology","2010","Total full-time Instruction/research/public service, Non-tenured not on tenure track, Professors","1","1","0","0","0","0","0","0","0","1","1","0","0","0","0","0","0","0","0","0","0","0","0","0","0","0","0","0","0","0","-2"
"188340","Vaughn College of Aeronautics and Technology","2010","Total full-time Instruction/research/public service, Non-tenured not on tenure track, Associate professors","2","2","0","0","0","0","1","1","0","0","0","0","0","0","0","0","0","0","1","1","0","0","0","0","0","0","0","0","0","0","-2"
"188340","Vaughn College of Aeronautics and Technology","2010","Total full-time Instruction/research/public servicey, Non-tenured not on tenure track, Assistant professors","3","2","1","0","0","0","0","0","0","0","0","0","0","0","0","1","1","0","2","1","1","0","0","0","0","0","0","0","0","0","-2"
"188340","Vaughn College of Aeronautics and Technology","2010","Total full-time Instruction/research/public service, Non-tenured not on tenure track total","6","5","1","0","0","0","1","1","0","1","1","0","0","0","0","1","1","0","3","2","1","0","0","0","0","0","0","0","0","0","-2"
"189413","Boricua College","2010","Total full-time Instruction/research/public service, Non-tenured not on tenure track, Professors","10","5","5","0","0","0","1","1","0","1","1","0","7","3","4","0","0","0","1","0","1","0","0","0","0","0","0","0","0","0","-2"
"189413","Boricua College","2010","Total full-time Instruction/research/public service, Non-tenured not on tenure track, Associate professors","12","7","5","0","0","0","0","0","0","0","0","0","11","7","4","0","0","0","1","0","1","0","0","0","0","0","0","0","0","0","-2"
"189413","Boricua College","2010","Total full-time Instruction/research/public servicey, Non-tenured not on tenure track, Assistant professors","16","9","7","0","0","0","0","0","0","1","1","0","15","8","7","0","0","0","0","0","0","0","0","0","0","0","0","0","0","0","-2"
"189413","Boricua College","2010","Total full-time Instruction/research/public service, Non-tenured not on tenure track, Instructors","30","16","14","0","0","0","0","0","0","1","0","1","28","16","12","0","0","0","1","0","1","0","0","0","0","0","0","0","0","0","-2"
"189413","Boricua College","2010","Total full-time Instruction/research/public service, Non-tenured not on tenure track total","68","37","31","0","0","0","1","1","0","3","2","1","61","34","27","0","0","0","3","0","3","0","0","0","0","0","0","0","0","0","-2"
"190558","College of Staten Island CUNY","2010","Total full-time Instruction/research/public service, Tenured, Professors","88","56","32","0","0","0","11","8","3","2","1","1","4","4","0","0","0","0","71","43","28","0","0","0","0","0","0","0","0","0","-2"
"190558","College of Staten Island CUNY","2010","Total full-time Instruction/research/public service, Tenured, Associate professors","112","65","47","1","1","0","13","10","3","2","1","1","3","1","2","0","0","0","93","52","41","0","0","0","0","0","0","0","0","0","-2"
"190558","College of Staten Island CUNY","2010","Total full-time Instruction/research/public service, Tenured, Assistant professors","41","19","22","0","0","0","7","2","5","2","1","1","2","1","1","0","0","0","28","15","13","0","0","0","0","0","0","2","0","2","-2"
"190558","College of Staten Island CUNY","2010","Total full-time Instruction/research/public service, Tenured, Lecturers","3","2","1","0","0","0","0","0","0","0","0","0","0","0","0","0","0","0","3","2","1","0","0","0","0","0","0","0","0","0","-2"
"190558","College of Staten Island CUNY","2010","Total full-time Instruction/research/public service, Tenured total","244","142","102","1","1","0","31","20","11","6","3","3","9","6","3","0","0","0","195","112","83","0","0","0","0","0","0","2","0","2","-2"
"190558","College of Staten Island CUNY","2010","Total full-time Instruction/research/public service, Non-tenured on tenure track, Professors","1","1","0","0","0","0","0","0","0","0","0","0","0","0","0","0","0","0","1","1","0","0","0","0","0","0","0","0","0","0","-2"
"190558","College of Staten Island CUNY","2010","Total full-time Instruction/research/public service, Non-tenured on tenure track, Associate professors","5","3","2","0","0","0","2","1","1","1","1","0","2","1","1","0","0","0","0","0","0","0","0","0","0","0","0","0","0","0","-2"
"190558","College of Staten Island CUNY","2010","Total full-time Instruction/research/public service, Non-tenured on tenure track, Assistant professors","91","50","41","0","0","0","5","3","2","6","3","3","4","2","2","0","0","0","64","32","32","0","0","0","0","0","0","12","10","2","-2"
"190558","College of Staten Island CUNY","2010","Total full-time Instruction/research/public service, Non-tenured on tenure track, Lecturers","21","6","15","0","0","0","1","0","1","0","0","0","2","0","2","0","0","0","18","6","12","0","0","0","0","0","0","0","0","0","-2"
"190558","College of Staten Island CUNY","2010","Total full-time Instruction/research/public service, Non-tenured on tenure track total","118","60","58","0","0","0","8","4","4","7","4","3","8","3","5","0","0","0","83","39","44","0","0","0","0","0","0","12","10","2","-2"
"190558","College of Staten Island CUNY","2010","Total full-time Instruction/research/public service, Non-tenured not on tenure track, Professors","1","0","1","0","0","0","0","0","0","0","0","0","0","0","0","0","0","0","1","0","1","0","0","0","0","0","0","0","0","0","-2"
"190558","College of Staten Island CUNY","2010","Total full-time Instruction/research/public service, Non-tenured not on tenure track, Instructors","3","1","2","0","0","0","0","0","0","0","0","0","0","0","0","0","0","0","3","1","2","0","0","0","0","0","0","0","0","0","-2"
"190558","College of Staten Island CUNY","2010","Total full-time Instruction/research/public service, Non-tenured not on tenure track total","4","1","3","0","0","0","0","0","0","0","0","0","0","0","0","0","0","0","4","1","3","0","0","0","0","0","0","0","0","0","-2"
"190594","CUNY Hunter College","2010","Total full-time Instruction/research/public service, Tenured, Professors","234","131","103","0","0","0","9","6","3","16","10","6","20","11","9","0","0","0","188","104","84","0","0","0","0","0","0","1","0","1","-2"
"190594","CUNY Hunter College","2010","Total full-time Instruction/research/public service, Tenured, Associate professors","215","101","114","0","0","0","28","12","16","22","9","13","28","8","20","0","0","0","136","71","65","0","0","0","0","0","0","1","1","0","-2"
"190594","CUNY Hunter College","2010","Total full-time Instruction/research/public service, Tenured, Assistant professors","23","12","11","0","0","0","4","1","3","5","2","3","2","2","0","0","0","0","12","7","5","0","0","0","0","0","0","0","0","0","-2"
"190594","CUNY Hunter College","2010","Total full-time Instruction/research/public service, Tenured, Lecturers","14","7","7","0","0","0","1","0","1","5","2","3","1","0","1","0","0","0","7","5","2","0","0","0","0","0","0","0","0","0","-2"
"190594","CUNY Hunter College","2010","Total full-time Instruction/research/public service, Tenured total","486","251","235","0","0","0","42","19","23","48","23","25","51","21","30","0","0","0","343","187","156","0","0","0","0","0","0","2","1","1","-2"
"190594","CUNY Hunter College","2010","Total full-time Instruction/research/public service, Non-tenured on tenure track, Professors","8","5","3","0","0","0","1","1","0","0","0","0","0","0","0","0","0","0","7","4","3","0","0","0","0","0","0","0","0","0","-2"
"190594","CUNY Hunter College","2010","Total full-time Instruction/research/public service, Non-tenured on tenure track, Associate professors","23","12","11","0","0","0","3","2","1","1","1","0","3","2","1","0","0","0","15","6","9","0","0","0","0","0","0","1","1","0","-2"
"190594","CUNY Hunter College","2010","Total full-time Instruction/research/public service, Non-tenured on tenure track, Assistant professors","109","48","61","0","0","0","10","4","6","9","5","4","12","7","5","0","0","0","69","26","43","0","0","0","0","0","0","9","6","3","-2"
"190594","CUNY Hunter College","2010","Total full-time Instruction/research/public service, Non-tenured on tenure track, Lecturers","24","10","14","0","0","0","1","0","1","0","0","0","4","1","3","0","0","0","15","9","6","0","0","0","0","0","0","4","0","4","-2"
"190594","CUNY Hunter College","2010","Total full-time Instruction/research/public service, Non-tenured on tenure track total","164","75","89","0","0","0","15","7","8","10","6","4","19","10","9","0","0","0","106","45","61","0","0","0","0","0","0","14","7","7","-2"
"190594","CUNY Hunter College","2010","Total full-time Instruction/research/public service, Non-tenured not on tenure track, Professors","24","12","12","0","0","0","1","0","1","1","0","1","1","0","1","0","0","0","21","12","9","0","0","0","0","0","0","0","0","0","-2"
"190594","CUNY Hunter College","2010","Total full-time Instruction/research/public service, Non-tenured not on tenure track, Associate professors","5","2","3","0","0","0","0","0","0","0","0","0","1","1","0","0","0","0","3","1","2","0","0","0","0","0","0","1","0","1","-2"
"190594","CUNY Hunter College","2010","Total full-time Instruction/research/public servicey, Non-tenured not on tenure track, Assistant professors","10","7","3","0","0","0","0","0","0","0","0","0","2","2","0","0","0","0","8","5","3","0","0","0","0","0","0","0","0","0","-2"
"190594","CUNY Hunter College","2010","Total full-time Instruction/research/public service, Non-tenured not on tenure track, Instructors","7","2","5","0","0","0","0","0","0","0","0","0","0","0","0","0","0","0","7","2","5","0","0","0","0","0","0","0","0","0","-2"
"190594","CUNY Hunter College","2010","Total full-time Instruction/research/public service, Non-tenured not on tenure track, Lecturers","9","3","6","0","0","0","1","1","0","1","1","0","1","0","1","0","0","0","6","1","5","0","0","0","0","0","0","0","0","0","-2"
"190594","CUNY Hunter College","2010","Total full-time Instruction/research/public service, Non-tenured not on tenure track total","55","26","29","0","0","0","2","1","1","2","1","1","5","3","2","0","0","0","45","21","24","0","0","0","0","0","0","1","0","1","-2"
"190600","CUNY John Jay College of Criminal Justice","2010","Total full-time Instruction/research/public service, Tenured, Professors","82","54","28","0","0","0","2","1","1","9","5","4","4","3","1","0","0","0","67","45","22","0","0","0","0","0","0","0","0","0","-2"
"190600","CUNY John Jay College of Criminal Justice","2010","Total full-time Instruction/research/public service, Tenured, Associate professors","95","52","43","0","0","0","5","2","3","10","5","5","10","5","5","0","0","0","68","39","29","0","0","0","0","0","0","2","1","1","-2"
"190600","CUNY John Jay College of Criminal Justice","2010","Total full-time Instruction/research/public service, Tenured, Assistant professors","26","9","17","0","0","0","4","1","3","6","2","4","3","2","1","0","0","0","13","4","9","0","0","0","0","0","0","0","0","0","-2"
"190600","CUNY John Jay College of Criminal Justice","2010","Total full-time Instruction/research/public service, Tenured, Lecturers","8","6","2","0","0","0","0","0","0","3","3","0","3","1","2","0","0","0","1","1","0","0","0","0","0","0","0","1","1","0","-2"
"190600","CUNY John Jay College of Criminal Justice","2010","Total full-time Instruction/research/public service, Tenured total","211","121","90","0","0","0","11","4","7","28","15","13","20","11","9","0","0","0","149","89","60","0","0","0","0","0","0","3","2","1","-2"
"190600","CUNY John Jay College of Criminal Justice","2010","Total full-time Instruction/research/public service, Non-tenured on tenure track, Professors","2","1","1","0","0","0","0","0","0","0","0","0","1","0","1","0","0","0","1","1","0","0","0","0","0","0","0","0","0","0","-2"
"190600","CUNY John Jay College of Criminal Justice","2010","Total full-time Instruction/research/public service, Non-tenured on tenure track, Associate professors","20","11","9","0","0","0","4","2","2","2","1","1","2","1","1","0","0","0","12","7","5","0","0","0","0","0","0","0","0","0","-2"
"190600","CUNY John Jay College of Criminal Justice","2010","Total full-time Instruction/research/public service, Non-tenured on tenure track, Assistant professors","119","59","60","0","0","0","10","3","7","13","8","5","15","6","9","2","1","1","69","39","30","0","0","0","0","0","0","10","2","8","-2"
"190600","CUNY John Jay College of Criminal Justice","2010","Total full-time Instruction/research/public service, Non-tenured on tenure track, Lecturers","21","12","9","0","0","0","2","0","2","4","3","1","1","1","0","1","0","1","13","8","5","0","0","0","0","0","0","0","0","0","-2"
"190600","CUNY John Jay College of Criminal Justice","2010","Total full-time Instruction/research/public service, Non-tenured on tenure track total","162","83","79","0","0","0","16","5","11","19","12","7","19","8","11","3","1","2","95","55","40","0","0","0","0","0","0","10","2","8","-2"
"190600","CUNY John Jay College of Criminal Justice","2010","Total full-time Instruction/research/public service, Non-tenured not on tenure track, Professors","2","2","0","0","0","0","0","0","0","0","0","0","0","0","0","0","0","0","2","2","0","0","0","0","0","0","0","0","0","0","-2"
"190600","CUNY John Jay College of Criminal Justice","2010","Total full-time Instruction/research/public service, Non-tenured not on tenure track, Associate professors","2","1","1","0","0","0","0","0","0","0","0","0","0","0","0","0","0","0","2","1","1","0","0","0","0","0","0","0","0","0","-2"
"190600","CUNY John Jay College of Criminal Justice","2010","Total full-time Instruction/research/public servicey, Non-tenured not on tenure track, Assistant professors","1","1","0","0","0","0","0","0","0","0","0","0","1","1","0","0","0","0","0","0","0","0","0","0","0","0","0","0","0","0","-2"
"190600","CUNY John Jay College of Criminal Justice","2010","Total full-time Instruction/research/public service, Non-tenured not on tenure track, Instructors","4","3","1","0","0","0","0","0","0","1","1","0","0","0","0","0","0","0","3","2","1","0","0","0","0","0","0","0","0","0","-2"
"190600","CUNY John Jay College of Criminal Justice","2010","Total full-time Instruction/research/public service, Non-tenured not on tenure track, Lecturers","4","3","1","0","0","0","0","0","0","1","1","0","0","0","0","0","0","0","3","2","1","0","0","0","0","0","0","0","0","0","-2"
"190600","CUNY John Jay College of Criminal Justice","2010","Total full-time Instruction/research/public service, Non-tenured not on tenure track total","13","10","3","0","0","0","0","0","0","2","2","0","1","1","0","0","0","0","10","7","3","0","0","0","0","0","0","0","0","0","-2"
"190637","CUNY Lehman College","2010","Total full-time Instruction/research/public service, Tenured, Professors","99","69","30","0","0","0","1","0","1","1","0","1","11","9","2","0","0","0","86","60","26","0","0","0","0","0","0","0","0","0","-2"
"190637","CUNY Lehman College","2010","Total full-time Instruction/research/public service, Tenured, Associate professors","77","34","43","1","0","1","6","5","1","3","3","0","10","2","8","0","0","0","55","23","32","0","0","0","0","0","0","2","1","1","-2"
"190637","CUNY Lehman College","2010","Total full-time Instruction/research/public service, Tenured, Assistant professors","37","12","25","0","0","0","4","3","1","6","2","4","6","2","4","0","0","0","21","5","16","0","0","0","0","0","0","0","0","0","-2"
"190637","CUNY Lehman College","2010","Total full-time Instruction/research/public service, Tenured, Lecturers","22","10","12","0","0","0","1","0","1","3","1","2","5","4","1","0","0","0","13","5","8","0","0","0","0","0","0","0","0","0","-2"
"190637","CUNY Lehman College","2010","Total full-time Instruction/research/public service, Tenured total","235","125","110","1","0","1","12","8","4","13","6","7","32","17","15","0","0","0","175","93","82","0","0","0","0","0","0","2","1","1","-2"
"190637","CUNY Lehman College","2010","Total full-time Instruction/research/public service, Non-tenured on tenure track, Associate professors","10","4","6","0","0","0","0","0","0","1","1","0","2","1","1","0","0","0","7","2","5","0","0","0","0","0","0","0","0","0","-2"
"190637","CUNY Lehman College","2010","Total full-time Instruction/research/public service, Non-tenured on tenure track, Assistant professors","77","31","46","1","0","1","6","2","4","12","3","9","9","5","4","0","0","0","48","20","28","0","0","0","0","0","0","1","1","0","-2"
"190637","CUNY Lehman College","2010","Total full-time Instruction/research/public service, Non-tenured on tenure track, Lecturers","26","10","16","0","0","0","0","0","0","3","1","2","4","3","1","0","0","0","19","6","13","0","0","0","0","0","0","0","0","0","-2"
"190637","CUNY Lehman College","2010","Total full-time Instruction/research/public service, Non-tenured on tenure track total","113","45","68","1","0","1","6","2","4","16","5","11","15","9","6","0","0","0","74","28","46","0","0","0","0","0","0","1","1","0","-2"
"190637","CUNY Lehman College","2010","Total full-time Instruction/research/public service, Non-tenured not on tenure track, Professors","6","3","3","0","0","0","0","0","0","0","0","0","1","1","0","0","0","0","5","2","3","0","0","0","0","0","0","0","0","0","-2"
"190637","CUNY Lehman College","2010","Total full-time Instruction/research/public servicey, Non-tenured not on tenure track, Assistant professors","7","2","5","0","0","0","1","1","0","1","0","1","0","0","0","0","0","0","5","1","4","0","0","0","0","0","0","0","0","0","-2"
"190637","CUNY Lehman College","2010","Total full-time Instruction/research/public service, Non-tenured not on tenure track, Instructors","7","3","4","0","0","0","1","1","0","0","0","0","0","0","0","0","0","0","4","1","3","0","0","0","0","0","0","2","1","1","-2"
"190637","CUNY Lehman College","2010","Total full-time Instruction/research/public service, Non-tenured not on tenure track, Lecturers","16","6","10","0","0","0","0","0","0","4","1","3","3","2","1","0","0","0","8","3","5","0","0","0","0","0","0","1","0","1","-2"
"190637","CUNY Lehman College","2010","Total full-time Instruction/research/public service, Non-tenured not on tenure track total","36","14","22","0","0","0","2","2","0","5","1","4","4","3","1","0","0","0","22","7","15","0","0","0","0","0","0","3","1","2","-2"
"190655","CUNY New York City College of Technology","2010","Total full-time Instruction/research/public service, Tenured, Professors","56","35","21","0","0","0","3","0","3","5","3","2","3","1","2","0","0","0","45","31","14","0","0","0","0","0","0","0","0","0","-2"
"190655","CUNY New York City College of Technology","2010","Total full-time Instruction/research/public service, Tenured, Associate professors","86","46","40","0","0","0","11","4","7","11","7","4","5","2","3","0","0","0","58","32","26","0","0","0","0","0","0","1","1","0","-2"
"190655","CUNY New York City College of Technology","2010","Total full-time Instruction/research/public service, Tenured, Assistant professors","68","41","27","1","1","0","14","8","6","9","6","3","4","2","2","0","0","0","40","24","16","0","0","0","0","0","0","0","0","0","-2"
"190655","CUNY New York City College of Technology","2010","Total full-time Instruction/research/public service, Tenured, Lecturers","31","14","17","0","0","0","1","1","0","18","6","12","1","1","0","0","0","0","11","6","5","0","0","0","0","0","0","0","0","0","-2"
"190655","CUNY New York City College of Technology","2010","Total full-time Instruction/research/public service, Tenured total","241","136","105","1","1","0","29","13","16","43","22","21","13","6","7","0","0","0","154","93","61","0","0","0","0","0","0","1","1","0","-2"
"190655","CUNY New York City College of Technology","2010","Total full-time Instruction/research/public service, Non-tenured on tenure track, Professors","1","1","0","0","0","0","0","0","0","0","0","0","0","0","0","0","0","0","1","1","0","0","0","0","0","0","0","0","0","0","-2"
"190655","CUNY New York City College of Technology","2010","Total full-time Instruction/research/public service, Non-tenured on tenure track, Associate professors","2","0","2","0","0","0","0","0","0","0","0","0","0","0","0","0","0","0","2","0","2","0","0","0","0","0","0","0","0","0","-2"
"190655","CUNY New York City College of Technology","2010","Total full-time Instruction/research/public service, Non-tenured on tenure track, Assistant professors","139","63","76","1","0","1","19","9","10","14","6","8","11","4","7","1","1","0","80","36","44","0","0","0","0","0","0","13","7","6","-2"
"190655","CUNY New York City College of Technology","2010","Total full-time Instruction/research/public service, Non-tenured on tenure track, Lecturers","19","11","8","0","0","0","1","1","0","4","2","2","0","0","0","0","0","0","14","8","6","0","0","0","0","0","0","0","0","0","-2"
"190655","CUNY New York City College of Technology","2010","Total full-time Instruction/research/public service, Non-tenured on tenure track total","161","75","86","1","0","1","20","10","10","18","8","10","11","4","7","1","1","0","97","45","52","0","0","0","0","0","0","13","7","6","-2"
"190655","CUNY New York City College of Technology","2010","Total full-time Instruction/research/public service, Non-tenured not on tenure track, Professors","2","1","1","0","0","0","0","0","0","0","0","0","0","0","0","0","0","0","2","1","1","0","0","0","0","0","0","0","0","0","-2"
"190655","CUNY New York City College of Technology","2010","Total full-time Instruction/research/public servicey, Non-tenured not on tenure track, Assistant professors","9","4","5","0","0","0","1","1","0","1","0","1","0","0","0","0","0","0","6","3","3","0","0","0","0","0","0","1","0","1","-2"
"190655","CUNY New York City College of Technology","2010","Total full-time Instruction/research/public service, Non-tenured not on tenure track, Instructors","5","2","3","0","0","0","1","0","1","0","0","0","2","1","1","0","0","0","0","0","0","0","0","0","0","0","0","2","1","1","-2"
"190655","CUNY New York City College of Technology","2010","Total full-time Instruction/research/public service, Non-tenured not on tenure track, Lecturers","4","2","2","0","0","0","1","1","0","2","0","2","0","0","0","0","0","0","1","1","0","0","0","0","0","0","0","0","0","0","-2"
"190655","CUNY New York City College of Technology","2010","Total full-time Instruction/research/public service, Non-tenured not on tenure track total","20","9","11","0","0","0","3","2","1","3","0","3","2","1","1","0","0","0","9","5","4","0","0","0","0","0","0","3","1","2","-2"
"190664","CUNY Queens College","2010","Total full-time Instruction/research/public service, Tenured, Professors","204","143","61","0","0","0","15","7","8","8","3","5","9","6","3","0","0","0","172","127","45","0","0","0","0","0","0","0","0","0","-2"
"190664","CUNY Queens College","2010","Total full-time Instruction/research/public service, Tenured, Associate professors","143","74","69","0","0","0","21","12","9","9","7","2","12","3","9","0","0","0","100","52","48","0","0","0","0","0","0","1","0","1","-2"
"190664","CUNY Queens College","2010","Total full-time Instruction/research/public service, Tenured, Assistant professors","41","17","24","1","0","1","4","2","2","4","2","2","2","2","0","0","0","0","29","11","18","0","0","0","0","0","0","1","0","1","-2"
"190664","CUNY Queens College","2010","Total full-time Instruction/research/public service, Tenured, Lecturers","31","15","16","0","0","0","1","0","1","3","3","0","3","2","1","0","0","0","24","10","14","0","0","0","0","0","0","0","0","0","-2"
"190664","CUNY Queens College","2010","Total full-time Instruction/research/public service, Tenured total","419","249","170","1","0","1","41","21","20","24","15","9","26","13","13","0","0","0","325","200","125","0","0","0","0","0","0","2","0","2","-2"
"190664","CUNY Queens College","2010","Total full-time Instruction/research/public service, Non-tenured on tenure track, Professors","1","1","0","0","0","0","0","0","0","0","0","0","0","0","0","0","0","0","1","1","0","0","0","0","0","0","0","0","0","0","-2"
"190664","CUNY Queens College","2010","Total full-time Instruction/research/public service, Non-tenured on tenure track, Associate professors","2","1","1","0","0","0","0","0","0","0","0","0","0","0","0","0","0","0","2","1","1","0","0","0","0","0","0","0","0","0","-2"
"190664","CUNY Queens College","2010","Total full-time Instruction/research/public service, Non-tenured on tenure track, Assistant professors","144","64","80","0","0","0","19","7","12","9","2","7","6","2","4","0","0","0","81","42","39","0","0","0","0","0","0","29","11","18","-2"
"190664","CUNY Queens College","2010","Total full-time Instruction/research/public service, Non-tenured on tenure track, Lecturers","36","15","21","0","0","0","1","0","1","1","1","0","1","1","0","0","0","0","31","13","18","0","0","0","0","0","0","2","0","2","-2"
"190664","CUNY Queens College","2010","Total full-time Instruction/research/public service, Non-tenured on tenure track total","183","81","102","0","0","0","20","7","13","10","3","7","7","3","4","0","0","0","115","57","58","0","0","0","0","0","0","31","11","20","-2"
"190664","CUNY Queens College","2010","Total full-time Instruction/research/public service, Non-tenured not on tenure track, Professors","11","6","5","0","0","0","3","2","1","2","0","2","0","0","0","0","0","0","6","4","2","0","0","0","0","0","0","0","0","0","-2"
"190664","CUNY Queens College","2010","Total full-time Instruction/research/public service, Non-tenured not on tenure track, Associate professors","1","1","0","0","0","0","0","0","0","0","0","0","0","0","0","0","0","0","1","1","0","0","0","0","0","0","0","0","0","0","-2"
"190664","CUNY Queens College","2010","Total full-time Instruction/research/public servicey, Non-tenured not on tenure track, Assistant professors","11","4","7","0","0","0","0","0","0","0","0","0","1","0","1","0","0","0","10","4","6","0","0","0","0","0","0","0","0","0","-2"
"190664","CUNY Queens College","2010","Total full-time Instruction/research/public service, Non-tenured not on tenure track, Instructors","10","3","7","0","0","0","1","0","1","0","0","0","0","0","0","0","0","0","9","3","6","0","0","0","0","0","0","0","0","0","-2"
"190664","CUNY Queens College","2010","Total full-time Instruction/research/public service, Non-tenured not on tenure track, Lecturers","6","4","2","0","0","0","1","1","0","0","0","0","1","1","0","0","0","0","2","2","0","0","0","0","0","0","0","2","0","2","-2"
"190664","CUNY Queens College","2010","Total full-time Instruction/research/public service, Non-tenured not on tenure track total","39","18","21","0","0","0","5","3","2","2","0","2","2","1","1","0","0","0","28","14","14","0","0","0","0","0","0","2","0","2","-2"
"190691","CUNY York College","2010","Total full-time Instruction/research/public service, Tenured, Professors","39","25","14","0","0","0","4","4","0","1","0","1","3","1","2","0","0","0","31","20","11","0","0","0","0","0","0","0","0","0","-2"
"190691","CUNY York College","2010","Total full-time Instruction/research/public service, Tenured, Associate professors","51","29","22","0","0","0","6","6","0","14","8","6","5","2","3","0","0","0","26","13","13","0","0","0","0","0","0","0","0","0","-2"
"190691","CUNY York College","2010","Total full-time Instruction/research/public service, Tenured, Assistant professors","13","9","4","0","0","0","3","3","0","4","2","2","1","0","1","0","0","0","5","4","1","0","0","0","0","0","0","0","0","0","-2"
"190691","CUNY York College","2010","Total full-time Instruction/research/public service, Tenured, Lecturers","9","7","2","1","1","0","1","1","0","1","1","0","1","1","0","0","0","0","5","3","2","0","0","0","0","0","0","0","0","0","-2"
"190691","CUNY York College","2010","Total full-time Instruction/research/public service, Tenured total","112","70","42","1","1","0","14","14","0","20","11","9","10","4","6","0","0","0","67","40","27","0","0","0","0","0","0","0","0","0","-2"
"190691","CUNY York College","2010","Total full-time Instruction/research/public service, Non-tenured on tenure track, Professors","1","1","0","0","0","0","1","1","0","0","0","0","0","0","0","0","0","0","0","0","0","0","0","0","0","0","0","0","0","0","-2"
"190691","CUNY York College","2010","Total full-time Instruction/research/public service, Non-tenured on tenure track, Associate professors","13","5","8","0","0","0","0","0","0","1","1","0","3","2","1","0","0","0","8","2","6","0","0","0","0","0","0","1","0","1","-2"
"190691","CUNY York College","2010","Total full-time Instruction/research/public service, Non-tenured on tenure track, Assistant professors","64","30","34","0","0","0","10","3","7","12","5","7","5","2","3","0","0","0","34","19","15","0","0","0","0","0","0","3","1","2","-2"
"190691","CUNY York College","2010","Total full-time Instruction/research/public service, Non-tenured on tenure track, Lecturers","26","10","16","1","0","1","2","1","1","11","4","7","1","0","1","0","0","0","11","5","6","0","0","0","0","0","0","0","0","0","-2"
"190691","CUNY York College","2010","Total full-time Instruction/research/public service, Non-tenured on tenure track total","104","46","58","1","0","1","13","5","8","24","10","14","9","4","5","0","0","0","53","26","27","0","0","0","0","0","0","4","1","3","-2"
"190691","CUNY York College","2010","Total full-time Instruction/research/public service, Non-tenured not on tenure track, Professors","2","2","0","0","0","0","0","0","0","1","1","0","1","1","0","0","0","0","0","0","0","0","0","0","0","0","0","0","0","0","-2"
"190691","CUNY York College","2010","Total full-time Instruction/research/public servicey, Non-tenured not on tenure track, Assistant professors","3","2","1","0","0","0","1","1","0","0","0","0","0","0","0","0","0","0","2","1","1","0","0","0","0","0","0","0","0","0","-2"
"190691","CUNY York College","2010","Total full-time Instruction/research/public service, Non-tenured not on tenure track, Instructors","5","1","4","0","0","0","0","0","0","0","0","0","0","0","0","0","0","0","4","1","3","0","0","0","0","0","0","1","0","1","-2"
"190691","CUNY York College","2010","Total full-time Instruction/research/public service, Non-tenured not on tenure track, Lecturers","7","3","4","0","0","0","0","0","0","2","0","2","0","0","0","0","0","0","5","3","2","0","0","0","0","0","0","0","0","0","-2"
"190691","CUNY York College","2010","Total full-time Instruction/research/public service, Non-tenured not on tenure track total","17","8","9","0","0","0","1","1","0","3","1","2","1","1","0","0","0","0","11","5","6","0","0","0","0","0","0","1","0","1","-2"
"190761","Dominican College of Blauvelt","2010","Total full-time Instruction/research/public service, Tenured, Professors","3","0","3","0","0","0","0","0","0","0","0","0","0","0","0","0","0","0","3","0","3","0","0","0","0","0","0","0","0","0","-2"
"190761","Dominican College of Blauvelt","2010","Total full-time Instruction/research/public service, Tenured, Associate professors","12","3","9","0","0","0","1","1","0","1","0","1","0","0","0","0","0","0","10","2","8","0","0","0","0","0","0","0","0","0","-2"
"190761","Dominican College of Blauvelt","2010","Total full-time Instruction/research/public service, Tenured, Assistant professors","9","5","4","0","0","0","0","0","0","0","0","0","0","0","0","0","0","0","9","5","4","0","0","0","0","0","0","0","0","0","-2"
"190761","Dominican College of Blauvelt","2010","Total full-time Instruction/research/public service, Tenured total","24","8","16","0","0","0","1","1","0","1","0","1","0","0","0","0","0","0","22","7","15","0","0","0","0","0","0","0","0","0","-2"
"190761","Dominican College of Blauvelt","2010","Total full-time Instruction/research/public service, Non-tenured on tenure track, Assistant professors","20","4","16","0","0","0","0","0","0","0","0","0","1","0","1","0","0","0","19","4","15","0","0","0","0","0","0","0","0","0","-2"
"190761","Dominican College of Blauvelt","2010","Total full-time Instruction/research/public service, Non-tenured on tenure track, Instructors","4","1","3","0","0","0","0","0","0","0","0","0","0","0","0","0","0","0","4","1","3","0","0","0","0","0","0","0","0","0","-2"
"190761","Dominican College of Blauvelt","2010","Total full-time Instruction/research/public service, Non-tenured on tenure track total","24","5","19","0","0","0","0","0","0","0","0","0","1","0","1","0","0","0","23","5","18","0","0","0","0","0","0","0","0","0","-2"
"190761","Dominican College of Blauvelt","2010","Total full-time Instruction/research/public servicey, Non-tenured not on tenure track, Assistant professors","19","5","14","0","0","0","0","0","0","0","0","0","1","0","1","0","0","0","18","5","13","0","0","0","0","0","0","0","0","0","-2"
"190761","Dominican College of Blauvelt","2010","Total full-time Instruction/research/public service, Non-tenured not on tenure track, Instructors","6","0","6","0","0","0","0","0","0","0","0","0","0","0","0","0","0","0","6","0","6","0","0","0","0","0","0","0","0","0","-2"
"190761","Dominican College of Blauvelt","2010","Total full-time Instruction/research/public service, Non-tenured not on tenure track total","25","5","20","0","0","0","0","0","0","0","0","0","1","0","1","0","0","0","24","5","19","0","0","0","0","0","0","0","0","0","-2"
"193016","Mercy College","2010","Total full-time Instruction/research/public service, Tenured, Professors","33","18","15","0","0","0","2","2","0","0","0","0","2","1","1","0","0","0","29","15","14","0","0","0","0","0","0","0","0","0","-2"
"193016","Mercy College","2010","Total full-time Instruction/research/public service, Tenured, Associate professors","20","13","7","0","0","0","1","0","1","3","3","0","0","0","0","0","0","0","14","9","5","0","0","0","2","1","1","0","0","0","-2"
"193016","Mercy College","2010","Total full-time Instruction/research/public service, Tenured, Assistant professors","4","3","1","0","0","0","1","1","0","0","0","0","0","0","0","0","0","0","3","2","1","0","0","0","0","0","0","0","0","0","-2"
"193016","Mercy College","2010","Total full-time Instruction/research/public service, Tenured total","57","34","23","0","0","0","4","3","1","3","3","0","2","1","1","0","0","0","46","26","20","0","0","0","2","1","1","0","0","0","-2"
"193016","Mercy College","2010","Total full-time Instruction/research/public service, Non-tenured on tenure track, Professors","1","0","1","0","0","0","0","0","0","0","0","0","0","0","0","0","0","0","1","0","1","0","0","0","0","0","0","0","0","0","-2"
"193016","Mercy College","2010","Total full-time Instruction/research/public service, Non-tenured on tenure track, Associate professors","14","3","11","0","0","0","2","0","2","1","0","1","2","0","2","0","0","0","9","3","6","0","0","0","0","0","0","0","0","0","-2"
"193016","Mercy College","2010","Total full-time Instruction/research/public service, Non-tenured on tenure track, Assistant professors","20","3","17","0","0","0","6","1","5","1","0","1","1","1","0","0","0","0","12","1","11","0","0","0","0","0","0","0","0","0","-2"
"193016","Mercy College","2010","Total full-time Instruction/research/public service, Non-tenured on tenure track, Instructors","1","0","1","0","0","0","0","0","0","0","0","0","0","0","0","0","0","0","1","0","1","0","0","0","0","0","0","0","0","0","-2"
"193016","Mercy College","2010","Total full-time Instruction/research/public service, Non-tenured on tenure track total","36","6","30","0","0","0","8","1","7","2","0","2","3","1","2","0","0","0","23","4","19","0","0","0","0","0","0","0","0","0","-2"
"193016","Mercy College","2010","Total full-time Instruction/research/public service, Non-tenured not on tenure track, Professors","5","2","3","0","0","0","0","0","0","0","0","0","0","0","0","0","0","0","5","2","3","0","0","0","0","0","0","0","0","0","-2"
"193016","Mercy College","2010","Total full-time Instruction/research/public service, Non-tenured not on tenure track, Associate professors","33","14","19","0","0","0","1","0","1","0","0","0","3","1","2","0","0","0","29","13","16","0","0","0","0","0","0","0","0","0","-2"
"193016","Mercy College","2010","Total full-time Instruction/research/public servicey, Non-tenured not on tenure track, Assistant professors","60","26","34","0","0","0","3","1","2","7","1","6","4","3","1","0","0","0","46","21","25","0","0","0","0","0","0","0","0","0","-2"
"193016","Mercy College","2010","Total full-time Instruction/research/public service, Non-tenured not on tenure track, Instructors","8","5","3","0","0","0","1","1","0","1","1","0","1","0","1","0","0","0","5","3","2","0","0","0","0","0","0","0","0","0","-2"
"193016","Mercy College","2010","Total full-time Instruction/research/public service, Non-tenured not on tenure track total","106","47","59","0","0","0","5","2","3","8","2","6","8","4","4","0","0","0","85","39","46","0","0","0","0","0","0","0","0","0","-2"
"193399","College of Mount Saint Vincent","2010","Total full-time Instruction/research/public service, Tenured, Professors","12","4","8","0","0","0","0","0","0","0","0","0","0","0","0","0","0","0","12","4","8","0","0","0","0","0","0","0","0","0","-2"
"193399","College of Mount Saint Vincent","2010","Total full-time Instruction/research/public service, Tenured, Associate professors","20","10","10","0","0","0","2","1","1","0","0","0","0","0","0","0","0","0","18","9","9","0","0","0","0","0","0","0","0","0","-2"
"193399","College of Mount Saint Vincent","2010","Total full-time Instruction/research/public service, Tenured, Assistant professors","9","4","5","0","0","0","0","0","0","0","0","0","0","0","0","0","0","0","9","4","5","0","0","0","0","0","0","0","0","0","-2"
"193399","College of Mount Saint Vincent","2010","Total full-time Instruction/research/public service, Tenured total","41","18","23","0","0","0","2","1","1","0","0","0","0","0","0","0","0","0","39","17","22","0","0","0","0","0","0","0","0","0","-2"
"193399","College of Mount Saint Vincent","2010","Total full-time Instruction/research/public service, Non-tenured on tenure track, Assistant professors","21","7","14","0","0","0","2","1","1","0","0","0","1","0","1","0","0","0","18","6","12","0","0","0","0","0","0","0","0","0","-2"
"193399","College of Mount Saint Vincent","2010","Total full-time Instruction/research/public service, Non-tenured on tenure track, Instructors","8","3","5","0","0","0","0","0","0","0","0","0","0","0","0","0","0","0","8","3","5","0","0","0","0","0","0","0","0","0","-2"
"193399","College of Mount Saint Vincent","2010","Total full-time Instruction/research/public service, Non-tenured on tenure track total","29","10","19","0","0","0","2","1","1","0","0","0","1","0","1","0","0","0","26","9","17","0","0","0","0","0","0","0","0","0","-2"
"193399","College of Mount Saint Vincent","2010","Total full-time Instruction/research/public service, Non-tenured not on tenure track, Instructors","3","2","1","0","0","0","0","0","0","0","0","0","1","1","0","0","0","0","2","1","1","0","0","0","0","0","0","0","0","0","-2"
"193399","College of Mount Saint Vincent","2010","Total full-time Instruction/research/public service, Non-tenured not on tenure track total","3","2","1","0","0","0","0","0","0","0","0","0","1","1","0","0","0","0","2","1","1","0","0","0","0","0","0","0","0","0","-2"
"196219","SUNY at Purchase College","2010","Total full-time Instruction/research/public service, Tenured, Professors","45","27","18","0","0","0","2","1","1","1","1","0","0","0","0","0","0","0","42","25","17","0","0","0","0","0","0","0","0","0","-2"
"196219","SUNY at Purchase College","2010","Total full-time Instruction/research/public service, Tenured, Associate professors","55","23","32","0","0","0","4","1","3","3","2","1","1","1","0","0","0","0","47","19","28","0","0","0","0","0","0","0","0","0","-2"
"196219","SUNY at Purchase College","2010","Total full-time Instruction/research/public service, Tenured total","100","50","50","0","0","0","6","2","4","4","3","1","1","1","0","0","0","0","89","44","45","0","0","0","0","0","0","0","0","0","-2"
"196219","SUNY at Purchase College","2010","Total full-time Instruction/research/public service, Non-tenured on tenure track, Associate professors","3","1","2","0","0","0","0","0","0","0","0","0","0","0","0","0","0","0","3","1","2","0","0","0","0","0","0","0","0","0","-2"
"196219","SUNY at Purchase College","2010","Total full-time Instruction/research/public service, Non-tenured on tenure track, Assistant professors","38","17","21","0","0","0","2","0","2","4","2","2","0","0","0","0","0","0","28","13","15","0","0","0","0","0","0","4","2","2","-2"
"196219","SUNY at Purchase College","2010","Total full-time Instruction/research/public service, Non-tenured on tenure track total","41","18","23","0","0","0","2","0","2","4","2","2","0","0","0","0","0","0","31","14","17","0","0","0","0","0","0","4","2","2","-2"
"196219","SUNY at Purchase College","2010","Total full-time Instruction/research/public servicey, Non-tenured not on tenure track, Assistant professors","9","5","4","0","0","0","1","0","1","0","0","0","0","0","0","0","0","0","7","5","2","0","0","0","0","0","0","1","0","1","-2"
"196219","SUNY at Purchase College","2010","Total full-time Instruction/research/public service, Non-tenured not on tenure track, Lecturers","7","2","5","0","0","0","0","0","0","0","0","0","1","0","1","0","0","0","6","2","4","0","0","0","0","0","0","0","0","0","-2"
"196219","SUNY at Purchase College","2010","Total full-time Instruction/research/public service, Non-tenured not on tenure track total","16","7","9","0","0","0","1","0","1","0","0","0","1","0","1","0","0","0","13","7","6","0","0","0","0","0","0","1","0","1","-2"
"196237","SUNY College at Old Westbury","2010","Total full-time Instruction/research/public service, Tenured, Professors","29","15","14","0","0","0","8","6","2","4","3","1","3","2","1","0","0","0","14","4","10","0","0","0","0","0","0","0","0","0","-2"
"196237","SUNY College at Old Westbury","2010","Total full-time Instruction/research/public service, Tenured, Associate professors","44","20","24","0","0","0","3","0","3","4","2","2","5","4","1","0","0","0","32","14","18","0","0","0","0","0","0","0","0","0","-2"
"196237","SUNY College at Old Westbury","2010","Total full-time Instruction/research/public service, Tenured, Instructors","1","1","0","0","0","0","0","0","0","0","0","0","0","0","0","0","0","0","1","1","0","0","0","0","0","0","0","0","0","0","-2"
"196237","SUNY College at Old Westbury","2010","Total full-time Instruction/research/public service, Tenured total","74","36","38","0","0","0","11","6","5","8","5","3","8","6","2","0","0","0","47","19","28","0","0","0","0","0","0","0","0","0","-2"
"196237","SUNY College at Old Westbury","2010","Total full-time Instruction/research/public service, Non-tenured on tenure track, Associate professors","2","2","0","0","0","0","0","0","0","1","1","0","0","0","0","0","0","0","1","1","0","0","0","0","0","0","0","0","0","0","-2"
"196237","SUNY College at Old Westbury","2010","Total full-time Instruction/research/public service, Non-tenured on tenure track, Assistant professors","35","18","17","0","0","0","6","4","2","6","4","2","2","1","1","0","0","0","18","8","10","0","0","0","0","0","0","3","1","2","-2"
"196237","SUNY College at Old Westbury","2010","Total full-time Instruction/research/public service, Non-tenured on tenure track, Instructors","2","2","0","0","0","0","0","0","0","0","0","0","0","0","0","0","0","0","2","2","0","0","0","0","0","0","0","0","0","0","-2"
"196237","SUNY College at Old Westbury","2010","Total full-time Instruction/research/public service, Non-tenured on tenure track total","39","22","17","0","0","0","6","4","2","7","5","2","2","1","1","0","0","0","21","11","10","0","0","0","0","0","0","3","1","2","-2"
"196237","SUNY College at Old Westbury","2010","Total full-time Instruction/research/public service, Non-tenured not on tenure track, Professors","1","1","0","0","0","0","0","0","0","0","0","0","0","0","0","0","0","0","1","1","0","0","0","0","0","0","0","0","0","0","-2"
"196237","SUNY College at Old Westbury","2010","Total full-time Instruction/research/public service, Non-tenured not on tenure track, Associate professors","3","2","1","0","0","0","0","0","0","1","1","0","0","0","0","0","0","0","2","1","1","0","0","0","0","0","0","0","0","0","-2"
"196237","SUNY College at Old Westbury","2010","Total full-time Instruction/research/public servicey, Non-tenured not on tenure track, Assistant professors","1","1","0","0","0","0","0","0","0","0","0","0","0","0","0","0","0","0","1","1","0","0","0","0","0","0","0","0","0","0","-2"
"196237","SUNY College at Old Westbury","2010","Total full-time Instruction/research/public service, Non-tenured not on tenure track, Instructors","11","3","8","0","0","0","0","0","0","0","0","0","0","0","0","0","0","0","11","3","8","0","0","0","0","0","0","0","0","0","-2"
"196237","SUNY College at Old Westbury","2010","Total full-time Instruction/research/public service, Non-tenured not on tenure track, Lecturers","5","3","2","0","0","0","0","0","0","0","0","0","0","0","0","0","0","0","5","3","2","0","0","0","0","0","0","0","0","0","-2"
"196237","SUNY College at Old Westbury","2010","Total full-time Instruction/research/public service, Non-tenured not on tenure track total","21","10","11","0","0","0","0","0","0","1","1","0","0","0","0","0","0","0","20","9","11","0","0","0","0","0","0","0","0","0","-2"
"210304","Warner Pacific University","2010","Total full-time Instruction/research/public service, Non-tenured not on tenure track, Professors","6","4","2","0","0","0","0","0","0","0","0","0","1","1","0","0","0","0","5","3","2","0","0","0","0","0","0","0","0","0","-2"
"210304","Warner Pacific University","2010","Total full-time Instruction/research/public service, Non-tenured not on tenure track, Associate professors","10","7","3","0","0","0","0","0","0","0","0","0","0","0","0","0","0","0","10","7","3","0","0","0","0","0","0","0","0","0","-2"
"210304","Warner Pacific University","2010","Total full-time Instruction/research/public servicey, Non-tenured not on tenure track, Assistant professors","9","5","4","0","0","0","0","0","0","0","0","0","1","0","1","0","0","0","8","5","3","0","0","0","0","0","0","0","0","0","-2"
"210304","Warner Pacific University","2010","Total full-time Instruction/research/public service, Non-tenured not on tenure track total","25","16","9","0","0","0","0","0","0","0","0","0","2","1","1","0","0","0","23","15","8","0","0","0","0","0","0","0","0","0","-2"
"222831","Angelo State University","2010","Total full-time Instruction/research/public service, Tenured, Professors","52","39","13","3","3","0","2","1","1","0","0","0","1","1","0","0","0","0","46","34","12","0","0","0","0","0","0","0","0","0","-2"
"222831","Angelo State University","2010","Total full-time Instruction/research/public service, Tenured, Associate professors","59","38","21","1","0","1","1","1","0","1","1","0","3","2","1","0","0","0","52","33","19","0","0","0","0","0","0","1","1","0","-2"
"222831","Angelo State University","2010","Total full-time Instruction/research/public service, Tenured, Assistant professors","6","4","2","0","0","0","0","0","0","0","0","0","1","0","1","0","0","0","5","4","1","0","0","0","0","0","0","0","0","0","-2"
"222831","Angelo State University","2010","Total full-time Instruction/research/public service, Tenured total","117","81","36","4","3","1","3","2","1","1","1","0","5","3","2","0","0","0","103","71","32","0","0","0","0","0","0","1","1","0","-2"
"222831","Angelo State University","2010","Total full-time Instruction/research/public service, Non-tenured on tenure track, Professors","1","1","0","0","0","0","0","0","0","0","0","0","0","0","0","0","0","0","1","1","0","0","0","0","0","0","0","0","0","0","-2"
"222831","Angelo State University","2010","Total full-time Instruction/research/public service, Non-tenured on tenure track, Associate professors","8","5","3","0","0","0","1","1","0","0","0","0","0","0","0","0","0","0","7","4","3","0","0","0","0","0","0","0","0","0","-2"
"222831","Angelo State University","2010","Total full-time Instruction/research/public service, Non-tenured on tenure track, Assistant professors","64","33","31","2","0","2","2","2","0","5","3","2","7","3","4","0","0","0","43","21","22","0","0","0","0","0","0","5","4","1","-2"
"222831","Angelo State University","2010","Total full-time Instruction/research/public service, Non-tenured on tenure track total","73","39","34","2","0","2","3","3","0","5","3","2","7","3","4","0","0","0","51","26","25","0","0","0","0","0","0","5","4","1","-2"
"222831","Angelo State University","2010","Total full-time Instruction/research/public service, Non-tenured not on tenure track, Professors","1","1","0","0","0","0","0","0","0","0","0","0","0","0","0","0","0","0","1","1","0","0","0","0","0","0","0","0","0","0","-2"
"222831","Angelo State University","2010","Total full-time Instruction/research/public servicey, Non-tenured not on tenure track, Assistant professors","3","3","0","0","0","0","0","0","0","0","0","0","0","0","0","0","0","0","3","3","0","0","0","0","0","0","0","0","0","0","-2"
"222831","Angelo State University","2010","Total full-time Instruction/research/public service, Non-tenured not on tenure track, Instructors","16","7","9","0","0","0","0","0","0","0","0","0","1","1","0","0","0","0","15","6","9","0","0","0","0","0","0","0","0","0","-2"
"222831","Angelo State University","2010","Total full-time Instruction/research/public service, Non-tenured not on tenure track, Lecturers","27","11","16","0","0","0","0","0","0","0","0","0","3","2","1","0","0","0","24","9","15","0","0","0","0","0","0","0","0","0","-2"
"222831","Angelo State University","2010","Total full-time Instruction/research/public service, Non-tenured not on tenure track, No academic rank","23","4","19","0","0","0","1","0","1","1","0","1","4","1","3","0","0","0","17","3","14","0","0","0","0","0","0","0","0","0","-2"
"222831","Angelo State University","2010","Total full-time Instruction/research/public service, Non-tenured not on tenure track total","70","26","44","0","0","0","1","0","1","1","0","1","8","4","4","0","0","0","60","22","38","0","0","0","0","0","0","0","0","0","-2"
"222992","Austin Community College District","2010","Total full-time Instruction/research/public service, Non-tenured not on tenure track, Professors","347","172","175","1","0","1","11","3","8","25","11","14","40","25","15","0","0","0","267","132","135","3","1","2","0","0","0","0","0","0","-2"
"222992","Austin Community College District","2010","Total full-time Instruction/research/public service, Non-tenured not on tenure track, Associate professors","172","61","111","2","0","2","10","3","7","16","8","8","23","10","13","0","0","0","121","40","81","0","0","0","0","0","0","0","0","0","-2"
"222992","Austin Community College District","2010","Total full-time Instruction/research/public servicey, Non-tenured not on tenure track, Assistant professors","70","24","46","0","0","0","4","1","3","6","1","5","16","7","9","1","1","0","42","14","28","1","0","1","0","0","0","0","0","0","-2"
"222992","Austin Community College District","2010","Total full-time Instruction/research/public service, Non-tenured not on tenure track total","589","257","332","3","0","3","25","7","18","47","20","27","79","42","37","1","1","0","430","186","244","4","1","3","0","0","0","0","0","0","-2"
"224961","Galveston College","2010","Total full-time Instruction/research/public service, Tenured, Professors","6","3","3","0","0","0","0","0","0","1","0","1","0","0","0","0","0","0","5","3","2","0","0","0","0","0","0","0","0","0","-2"
"224961","Galveston College","2010","Total full-time Instruction/research/public service, Tenured, Associate professors","4","3","1","0","0","0","0","0","0","1","1","0","1","1","0","0","0","0","2","1","1","0","0","0","0","0","0","0","0","0","-2"
"224961","Galveston College","2010","Total full-time Instruction/research/public service, Tenured, Assistant professors","6","4","2","0","0","0","1","1","0","1","0","1","0","0","0","0","0","0","4","3","1","0","0","0","0","0","0","0","0","0","-2"
"224961","Galveston College","2010","Total full-time Instruction/research/public service, Tenured, Instructors","13","6","7","0","0","0","0","0","0","1","0","1","3","1","2","0","0","0","9","5","4","0","0","0","0","0","0","0","0","0","-2"
"224961","Galveston College","2010","Total full-time Instruction/research/public service, Tenured total","29","16","13","0","0","0","1","1","0","4","1","3","4","2","2","0","0","0","20","12","8","0","0","0","0","0","0","0","0","0","-2"
"224961","Galveston College","2010","Total full-time Instruction/research/public service, Non-tenured on tenure track, Instructors","24","13","11","0","0","0","0","0","0","2","0","2","3","1","2","0","0","0","19","12","7","0","0","0","0","0","0","0","0","0","-2"
"224961","Galveston College","2010","Total full-time Instruction/research/public service, Non-tenured on tenure track total","24","13","11","0","0","0","0","0","0","2","0","2","3","1","2","0","0","0","19","12","7","0","0","0","0","0","0","0","0","0","-2"
"225201","Hallmark University","2010","Total full-time Instruction/research/public service, Non-tenured not on tenure track, No academic rank","31","22","9","0","0","0","1","1","0","4","2","2","6","6","0","0","0","0","17","12","5","2","1","1","1","0","1","0","0","0","-2"
"225201","Hallmark University","2010","Total full-time Instruction/research/public service, Non-tenured not on tenure track total","31","22","9","0","0","0","1","1","0","4","2","2","6","6","0","0","0","0","17","12","5","2","1","1","1","0","1","0","0","0","-2"
"225432","University of Houston-Downtown","2010","Total full-time Instruction/research/public service, Tenured, Professors","49","35","14","0","0","0","8","7","1","5","2","3","6","5","1","0","0","0","30","21","9","0","0","0","0","0","0","0","0","0","-2"
"225432","University of Houston-Downtown","2010","Total full-time Instruction/research/public service, Tenured, Associate professors","91","42","49","0","0","0","21","13","8","4","0","4","8","5","3","0","0","0","58","24","34","0","0","0","0","0","0","0","0","0","-2"
"225432","University of Houston-Downtown","2010","Total full-time Instruction/research/public service, Tenured total","140","77","63","0","0","0","29","20","9","9","2","7","14","10","4","0","0","0","88","45","43","0","0","0","0","0","0","0","0","0","-2"
"225432","University of Houston-Downtown","2010","Total full-time Instruction/research/public service, Non-tenured on tenure track, Associate professors","3","3","0","0","0","0","2","2","0","0","0","0","1","1","0","0","0","0","0","0","0","0","0","0","0","0","0","0","0","0","-2"
"225432","University of Houston-Downtown","2010","Total full-time Instruction/research/public service, Non-tenured on tenure track, Assistant professors","97","54","43","1","0","1","11","6","5","5","1","4","10","7","3","0","0","0","64","36","28","0","0","0","0","0","0","6","4","2","-2"
"225432","University of Houston-Downtown","2010","Total full-time Instruction/research/public service, Non-tenured on tenure track, Instructors","7","3","4","0","0","0","0","0","0","1","0","1","1","0","1","0","0","0","4","2","2","0","0","0","0","0","0","1","1","0","-2"
"225432","University of Houston-Downtown","2010","Total full-time Instruction/research/public service, Non-tenured on tenure track total","107","60","47","1","0","1","13","8","5","6","1","5","12","8","4","0","0","0","68","38","30","0","0","0","0","0","0","7","5","2","-2"
"225432","University of Houston-Downtown","2010","Total full-time Instruction/research/public service, Non-tenured not on tenure track, Lecturers","54","26","28","0","0","0","8","5","3","7","4","3","2","1","1","1","0","1","34","15","19","0","0","0","0","0","0","2","1","1","-2"
"225432","University of Houston-Downtown","2010","Total full-time Instruction/research/public service, Non-tenured not on tenure track, No academic rank","26","9","17","0","0","0","1","0","1","4","1","3","3","2","1","0","0","0","17","6","11","1","0","1","0","0","0","0","0","0","-2"
"225432","University of Houston-Downtown","2010","Total full-time Instruction/research/public service, Non-tenured not on tenure track total","80","35","45","0","0","0","9","5","4","11","5","6","5","3","2","1","0","1","51","21","30","1","0","1","0","0","0","2","1","1","-2"
"225548","Howard Payne University","2010","Total full-time Instruction/research/public service, Tenured, Professors","6","4","2","0","0","0","0","0","0","0","0","0","0","0","0","0","0","0","6","4","2","0","0","0","0","0","0","0","0","0","-2"
"225548","Howard Payne University","2010","Total full-time Instruction/research/public service, Tenured total","6","4","2","0","0","0","0","0","0","0","0","0","0","0","0","0","0","0","6","4","2","0","0","0","0","0","0","0","0","0","-2"
"225548","Howard Payne University","2010","Total full-time Instruction/research/public service, Non-tenured not on tenure track, Professors","20","14","6","0","0","0","0","0","0","0","0","0","0","0","0","0","0","0","20","14","6","0","0","0","0","0","0","0","0","0","-2"
"225548","Howard Payne University","2010","Total full-time Instruction/research/public service, Non-tenured not on tenure track, Associate professors","24","15","9","0","0","0","0","0","0","0","0","0","1","1","0","0","0","0","23","14","9","0","0","0","0","0","0","0","0","0","-2"
"225548","Howard Payne University","2010","Total full-time Instruction/research/public servicey, Non-tenured not on tenure track, Assistant professors","26","16","10","0","0","0","0","0","0","0","0","0","0","0","0","0","0","0","26","16","10","0","0","0","0","0","0","0","0","0","-2"
"225548","Howard Payne University","2010","Total full-time Instruction/research/public service, Non-tenured not on tenure track, Instructors","5","3","2","0","0","0","0","0","0","0","0","0","0","0","0","0","0","0","5","3","2","0","0","0","0","0","0","0","0","0","-2"
"225548","Howard Payne University","2010","Total full-time Instruction/research/public service, Non-tenured not on tenure track total","75","48","27","0","0","0","0","0","0","0","0","0","1","1","0","0","0","0","74","47","27","0","0","0","0","0","0","0","0","0","-2"
"225575","Huston-Tillotson University","2010","Total full-time Instruction/research/public service, Tenured, Professors","6","1","5","0","0","0","0","0","0","4","1","3","0","0","0","0","0","0","2","0","2","0","0","0","0","0","0","0","0","0","-2"
"225575","Huston-Tillotson University","2010","Total full-time Instruction/research/public service, Tenured total","6","1","5","0","0","0","0","0","0","4","1","3","0","0","0","0","0","0","2","0","2","0","0","0","0","0","0","0","0","0","-2"
"225575","Huston-Tillotson University","2010","Total full-time Instruction/research/public service, Non-tenured on tenure track, Associate professors","2","0","2","0","0","0","0","0","0","2","0","2","0","0","0","0","0","0","0","0","0","0","0","0","0","0","0","0","0","0","-2"
"225575","Huston-Tillotson University","2010","Total full-time Instruction/research/public service, Non-tenured on tenure track, Assistant professors","1","0","1","0","0","0","0","0","0","0","0","0","0","0","0","0","0","0","1","0","1","0","0","0","0","0","0","0","0","0","-2"
"225575","Huston-Tillotson University","2010","Total full-time Instruction/research/public service, Non-tenured on tenure track total","3","0","3","0","0","0","0","0","0","2","0","2","0","0","0","0","0","0","1","0","1","0","0","0","0","0","0","0","0","0","-2"
"225575","Huston-Tillotson University","2010","Total full-time Instruction/research/public service, Non-tenured not on tenure track, Professors","7","6","1","0","0","0","0","0","0","3","2","1","1","1","0","0","0","0","3","3","0","0","0","0","0","0","0","0","0","0","-2"
"225575","Huston-Tillotson University","2010","Total full-time Instruction/research/public service, Non-tenured not on tenure track, Associate professors","6","3","3","0","0","0","0","0","0","2","1","1","0","0","0","0","0","0","4","2","2","0","0","0","0","0","0","0","0","0","-2"
"225575","Huston-Tillotson University","2010","Total full-time Instruction/research/public servicey, Non-tenured not on tenure track, Assistant professors","15","8","7","0","0","0","0","0","0","7","2","5","1","1","0","0","0","0","7","5","2","0","0","0","0","0","0","0","0","0","-2"
"225575","Huston-Tillotson University","2010","Total full-time Instruction/research/public service, Non-tenured not on tenure track, Instructors","9","4","5","1","0","1","2","1","1","2","1","1","2","2","0","0","0","0","2","0","2","0","0","0","0","0","0","0","0","0","-2"
"225575","Huston-Tillotson University","2010","Total full-time Instruction/research/public service, Non-tenured not on tenure track total","37","21","16","1","0","1","2","1","1","14","6","8","4","4","0","0","0","0","16","10","6","0","0","0","0","0","0","0","0","0","-2"
"226134","Laredo College","2010","Total full-time Instruction/research/public service, Tenured, Instructors","135","82","53","1","0","1","5","2","3","1","1","0","99","60","39","0","0","0","27","17","10","0","0","0","2","2","0","0","0","0","-2"
"226134","Laredo College","2010","Total full-time Instruction/research/public service, Tenured total","135","82","53","1","0","1","5","2","3","1","1","0","99","60","39","0","0","0","27","17","10","0","0","0","2","2","0","0","0","0","-2"
"226134","Laredo College","2010","Total full-time Instruction/research/public service, Non-tenured on tenure track, Instructors","53","29","24","2","1","1","1","0","1","1","0","1","36","19","17","0","0","0","13","9","4","0","0","0","0","0","0","0","0","0","-2"
"226134","Laredo College","2010","Total full-time Instruction/research/public service, Non-tenured on tenure track total","53","29","24","2","1","1","1","0","1","1","0","1","36","19","17","0","0","0","13","9","4","0","0","0","0","0","0","0","0","0","-2"
"226134","Laredo College","2010","Total full-time Instruction/research/public service, Non-tenured not on tenure track, Instructors","9","6","3","0","0","0","0","0","0","0","0","0","9","6","3","0","0","0","0","0","0","0","0","0","0","0","0","0","0","0","-2"
"226134","Laredo College","2010","Total full-time Instruction/research/public service, Non-tenured not on tenure track total","9","6","3","0","0","0","0","0","0","0","0","0","9","6","3","0","0","0","0","0","0","0","0","0","0","0","0","0","0","0","-2"
"226587","McMurry University","2010","Total full-time Instruction/research/public service, Tenured, Professors","18","11","7","1","1","0","0","0","0","0","0","0","0","0","0","0","0","0","17","10","7","0","0","0","0","0","0","0","0","0","-2"
"226587","McMurry University","2010","Total full-time Instruction/research/public service, Tenured, Associate professors","17","11","6","0","0","0","0","0","0","0","0","0","2","0","2","0","0","0","14","11","3","0","0","0","0","0","0","1","0","1","-2"
"226587","McMurry University","2010","Total full-time Instruction/research/public service, Tenured, Assistant professors","1","0","1","0","0","0","0","0","0","0","0","0","0","0","0","0","0","0","1","0","1","0","0","0","0","0","0","0","0","0","-2"
"226587","McMurry University","2010","Total full-time Instruction/research/public service, Tenured total","36","22","14","1","1","0","0","0","0","0","0","0","2","0","2","0","0","0","32","21","11","0","0","0","0","0","0","1","0","1","-2"
"226587","McMurry University","2010","Total full-time Instruction/research/public service, Non-tenured on tenure track, Professors","1","1","0","0","0","0","0","0","0","0","0","0","0","0","0","0","0","0","1","1","0","0","0","0","0","0","0","0","0","0","-2"
"226587","McMurry University","2010","Total full-time Instruction/research/public service, Non-tenured on tenure track, Associate professors","1","1","0","0","0","0","0","0","0","0","0","0","0","0","0","0","0","0","1","1","0","0","0","0","0","0","0","0","0","0","-2"
"226587","McMurry University","2010","Total full-time Instruction/research/public service, Non-tenured on tenure track, Assistant professors","24","17","7","0","0","0","1","0","1","0","0","0","4","3","1","0","0","0","19","14","5","0","0","0","0","0","0","0","0","0","-2"
"226587","McMurry University","2010","Total full-time Instruction/research/public service, Non-tenured on tenure track total","26","19","7","0","0","0","1","0","1","0","0","0","4","3","1","0","0","0","21","16","5","0","0","0","0","0","0","0","0","0","-2"
"226587","McMurry University","2010","Total full-time Instruction/research/public servicey, Non-tenured not on tenure track, Assistant professors","1","1","0","0","0","0","0","0","0","0","0","0","0","0","0","0","0","0","1","1","0","0","0","0","0","0","0","0","0","0","-2"
"226587","McMurry University","2010","Total full-time Instruction/research/public service, Non-tenured not on tenure track, Instructors","16","8","8","0","0","0","1","1","0","0","0","0","1","0","1","0","0","0","14","7","7","0","0","0","0","0","0","0","0","0","-2"
"226587","McMurry University","2010","Total full-time Instruction/research/public service, Non-tenured not on tenure track total","17","9","8","0","0","0","1","1","0","0","0","0","1","0","1","0","0","0","15","8","7","0","0","0","0","0","0","0","0","0","-2"
"227368","The University of Texas Rio Grande Valley","2010","Total full-time Instruction/research/public service, Tenured, Professors","119","92","27","0","0","0","18","15","3","1","1","0","30","18","12","0","0","0","56","47","9","6","4","2","8","7","1","0","0","0","-2"
"227368","The University of Texas Rio Grande Valley","2010","Total full-time Instruction/research/public service, Tenured, Associate professors","149","104","45","0","0","0","20","17","3","7","6","1","36","20","16","0","0","0","73","52","21","5","5","0","8","4","4","0","0","0","-2"
"227368","The University of Texas Rio Grande Valley","2010","Total full-time Instruction/research/public service, Tenured, Assistant professors","4","3","1","0","0","0","0","0","0","0","0","0","2","1","1","0","0","0","1","1","0","1","1","0","0","0","0","0","0","0","-2"
"227368","The University of Texas Rio Grande Valley","2010","Total full-time Instruction/research/public service, Tenured, No academic rank","3","1","2","0","0","0","1","1","0","0","0","0","1","0","1","0","0","0","1","0","1","0","0","0","0","0","0","0","0","0","-2"
"227368","The University of Texas Rio Grande Valley","2010","Total full-time Instruction/research/public service, Tenured total","275","200","75","0","0","0","39","33","6","8","7","1","69","39","30","0","0","0","131","100","31","12","10","2","16","11","5","0","0","0","-2"
"227368","The University of Texas Rio Grande Valley","2010","Total full-time Instruction/research/public service, Non-tenured on tenure track, Professors","1","1","0","0","0","0","0","0","0","0","0","0","0","0","0","0","0","0","0","0","0","1","1","0","0","0","0","0","0","0","-2"
"227368","The University of Texas Rio Grande Valley","2010","Total full-time Instruction/research/public service, Non-tenured on tenure track, Associate professors","9","5","4","0","0","0","1","1","0","0","0","0","2","0","2","0","0","0","5","3","2","0","0","0","1","1","0","0","0","0","-2"
"227368","The University of Texas Rio Grande Valley","2010","Total full-time Instruction/research/public service, Non-tenured on tenure track, Assistant professors","193","109","84","0","0","0","41","25","16","8","5","3","43","18","25","0","0","0","88","53","35","6","5","1","7","3","4","0","0","0","-2"
"227368","The University of Texas Rio Grande Valley","2010","Total full-time Instruction/research/public service, Non-tenured on tenure track total","203","115","88","0","0","0","42","26","16","8","5","3","45","18","27","0","0","0","93","56","37","7","6","1","8","4","4","0","0","0","-2"
"227368","The University of Texas Rio Grande Valley","2010","Total full-time Instruction/research/public servicey, Non-tenured not on tenure track, Assistant professors","3","2","1","0","0","0","0","0","0","0","0","0","2","1","1","0","0","0","0","0","0","1","1","0","0","0","0","0","0","0","-2"
"227368","The University of Texas Rio Grande Valley","2010","Total full-time Instruction/research/public service, Non-tenured not on tenure track, Lecturers","146","75","71","0","0","0","16","8","8","2","0","2","66","34","32","0","0","0","56","32","24","3","1","2","3","0","3","0","0","0","-2"
"227368","The University of Texas Rio Grande Valley","2010","Total full-time Instruction/research/public service, Non-tenured not on tenure track, No academic rank","30","13","17","0","0","0","3","3","0","1","0","1","15","5","10","0","0","0","10","5","5","1","0","1","0","0","0","0","0","0","-2"
"227368","The University of Texas Rio Grande Valley","2010","Total full-time Instruction/research/public service, Non-tenured not on tenure track total","179","90","89","0","0","0","19","11","8","3","0","3","83","40","43","0","0","0","66","37","29","5","2","3","3","0","3","0","0","0","-2"
"227845","Saint Edward's University","2010","Total full-time Instruction/research/public service, Tenured, Professors","41","26","15","0","0","0","0","0","0","0","0","0","0","0","0","0","0","0","41","26","15","0","0","0","0","0","0","0","0","0","-2"
"227845","Saint Edward's University","2010","Total full-time Instruction/research/public service, Tenured, Associate professors","16","10","6","0","0","0","0","0","0","0","0","0","0","0","0","0","0","0","16","10","6","0","0","0","0","0","0","0","0","0","-2"
"227845","Saint Edward's University","2010","Total full-time Instruction/research/public service, Tenured total","57","36","21","0","0","0","0","0","0","0","0","0","0","0","0","0","0","0","57","36","21","0","0","0","0","0","0","0","0","0","-2"
"227845","Saint Edward's University","2010","Total full-time Instruction/research/public service, Non-tenured on tenure track, Professors","1","1","0","1","1","0","0","0","0","0","0","0","0","0","0","0","0","0","0","0","0","0","0","0","0","0","0","0","0","0","-2"
"227845","Saint Edward's University","2010","Total full-time Instruction/research/public service, Non-tenured on tenure track, Associate professors","46","21","25","0","0","0","2","1","1","1","0","1","6","2","4","0","0","0","36","17","19","1","1","0","0","0","0","0","0","0","-2"
"227845","Saint Edward's University","2010","Total full-time Instruction/research/public service, Non-tenured on tenure track, Assistant professors","71","41","30","0","0","0","3","2","1","2","0","2","3","2","1","0","0","0","62","37","25","0","0","0","0","0","0","1","0","1","-2"
"227845","Saint Edward's University","2010","Total full-time Instruction/research/public service, Non-tenured on tenure track total","118","63","55","1","1","0","5","3","2","3","0","3","9","4","5","0","0","0","98","54","44","1","1","0","0","0","0","1","0","1","-2"
"227845","Saint Edward's University","2010","Total full-time Instruction/research/public servicey, Non-tenured not on tenure track, Assistant professors","15","8","7","0","0","0","0","0","0","0","0","0","3","2","1","0","0","0","11","6","5","0","0","0","1","0","1","0","0","0","-2"
"227845","Saint Edward's University","2010","Total full-time Instruction/research/public service, Non-tenured not on tenure track, Instructors","6","3","3","0","0","0","0","0","0","0","0","0","0","0","0","0","0","0","5","2","3","1","1","0","0","0","0","0","0","0","-2"
"227845","Saint Edward's University","2010","Total full-time Instruction/research/public service, Non-tenured not on tenure track, No academic rank","2","1","1","0","0","0","0","0","0","0","0","0","0","0","0","0","0","0","2","1","1","0","0","0","0","0","0","0","0","0","-2"
"227845","Saint Edward's University","2010","Total full-time Instruction/research/public service, Non-tenured not on tenure track total","23","12","11","0","0","0","0","0","0","0","0","0","3","2","1","0","0","0","18","9","9","1","1","0","1","0","1","0","0","0","-2"
"227863","University of St Thomas","2010","Total full-time Instruction/research/public service, Tenured, Professors","38","24","14","0","0","0","2","1","1","0","0","0","1","0","1","0","0","0","34","22","12","0","0","0","1","1","0","0","0","0","-2"
"227863","University of St Thomas","2010","Total full-time Instruction/research/public service, Tenured, Associate professors","37","27","10","0","0","0","1","0","1","1","1","0","2","1","1","0","0","0","30","24","6","0","0","0","3","1","2","0","0","0","-2"
"227863","University of St Thomas","2010","Total full-time Instruction/research/public service, Tenured, Assistant professors","1","1","0","0","0","0","0","0","0","0","0","0","1","1","0","0","0","0","0","0","0","0","0","0","0","0","0","0","0","0","-2"
"227863","University of St Thomas","2010","Total full-time Instruction/research/public service, Tenured total","76","52","24","0","0","0","3","1","2","1","1","0","4","2","2","0","0","0","64","46","18","0","0","0","4","2","2","0","0","0","-2"
"227863","University of St Thomas","2010","Total full-time Instruction/research/public service, Non-tenured on tenure track, Professors","1","1","0","0","0","0","0","0","0","0","0","0","0","0","0","0","0","0","0","0","0","0","0","0","1","1","0","0","0","0","-2"
"227863","University of St Thomas","2010","Total full-time Instruction/research/public service, Non-tenured on tenure track, Associate professors","3","3","0","0","0","0","0","0","0","0","0","0","0","0","0","0","0","0","0","0","0","0","0","0","3","3","0","0","0","0","-2"
"227863","University of St Thomas","2010","Total full-time Instruction/research/public service, Non-tenured on tenure track, Assistant professors","26","12","14","0","0","0","2","1","1","1","1","0","6","2","4","0","0","0","11","4","7","1","1","0","3","2","1","2","1","1","-2"
"227863","University of St Thomas","2010","Total full-time Instruction/research/public service, Non-tenured on tenure track total","30","16","14","0","0","0","2","1","1","1","1","0","6","2","4","0","0","0","11","4","7","1","1","0","7","6","1","2","1","1","-2"
"227863","University of St Thomas","2010","Total full-time Instruction/research/public service, Non-tenured not on tenure track, Professors","4","3","1","0","0","0","0","0","0","0","0","0","0","0","0","0","0","0","3","2","1","0","0","0","1","1","0","0","0","0","-2"
"227863","University of St Thomas","2010","Total full-time Instruction/research/public service, Non-tenured not on tenure track, Associate professors","1","1","0","0","0","0","0","0","0","0","0","0","0","0","0","0","0","0","1","1","0","0","0","0","0","0","0","0","0","0","-2"
"227863","University of St Thomas","2010","Total full-time Instruction/research/public servicey, Non-tenured not on tenure track, Assistant professors","21","12","9","0","0","0","2","0","2","0","0","0","2","1","1","0","0","0","16","11","5","0","0","0","0","0","0","1","0","1","-2"
"227863","University of St Thomas","2010","Total full-time Instruction/research/public service, Non-tenured not on tenure track, Instructors","3","2","1","0","0","0","1","0","1","0","0","0","0","0","0","0","0","0","2","2","0","0","0","0","0","0","0","0","0","0","-2"
"227863","University of St Thomas","2010","Total full-time Instruction/research/public service, Non-tenured not on tenure track total","29","18","11","0","0","0","3","0","3","0","0","0","2","1","1","0","0","0","22","16","6","0","0","0","1","1","0","1","0","1","-2"
"228042","Schreiner University","2010","Total full-time Instruction/research/public service, Tenured, Professors","13","11","2","0","0","0","0","0","0","0","0","0","0","0","0","0","0","0","13","11","2","0","0","0","0","0","0","0","0","0","-2"
"228042","Schreiner University","2010","Total full-time Instruction/research/public service, Tenured, Associate professors","8","4","4","0","0","0","0","0","0","0","0","0","0","0","0","0","0","0","8","4","4","0","0","0","0","0","0","0","0","0","-2"
"228042","Schreiner University","2010","Total full-time Instruction/research/public service, Tenured total","21","15","6","0","0","0","0","0","0","0","0","0","0","0","0","0","0","0","21","15","6","0","0","0","0","0","0","0","0","0","-2"
"228042","Schreiner University","2010","Total full-time Instruction/research/public service, Non-tenured on tenure track, Associate professors","4","3","1","0","0","0","0","0","0","0","0","0","0","0","0","0","0","0","4","3","1","0","0","0","0","0","0","0","0","0","-2"
"228042","Schreiner University","2010","Total full-time Instruction/research/public service, Non-tenured on tenure track, Assistant professors","13","9","4","0","0","0","0","0","0","0","0","0","1","0","1","0","0","0","12","9","3","0","0","0","0","0","0","0","0","0","-2"
"228042","Schreiner University","2010","Total full-time Instruction/research/public service, Non-tenured on tenure track total","17","12","5","0","0","0","0","0","0","0","0","0","1","0","1","0","0","0","16","12","4","0","0","0","0","0","0","0","0","0","-2"
"228042","Schreiner University","2010","Total full-time Instruction/research/public servicey, Non-tenured not on tenure track, Assistant professors","4","3","1","0","0","0","0","0","0","0","0","0","1","1","0","0","0","0","3","2","1","0","0","0","0","0","0","0","0","0","-2"
"228042","Schreiner University","2010","Total full-time Instruction/research/public service, Non-tenured not on tenure track, Instructors","17","1","16","0","0","0","0","0","0","1","0","1","1","0","1","0","0","0","15","1","14","0","0","0","0","0","0","0","0","0","-2"
"228042","Schreiner University","2010","Total full-time Instruction/research/public service, Non-tenured not on tenure track total","21","4","17","0","0","0","0","0","0","1","0","1","2","1","1","0","0","0","18","3","15","0","0","0","0","0","0","0","0","0","-2"
"228468","Southwestern Adventist University","2010","Total full-time Instruction/research/public service, Tenured, Professors","19","15","4","0","0","0","1","1","0","1","1","0","0","0","0","0","0","0","17","13","4","0","0","0","0","0","0","0","0","0","-2"
"228468","Southwestern Adventist University","2010","Total full-time Instruction/research/public service, Tenured, Associate professors","2","1","1","0","0","0","0","0","0","0","0","0","0","0","0","0","0","0","2","1","1","0","0","0","0","0","0","0","0","0","-2"
"228468","Southwestern Adventist University","2010","Total full-time Instruction/research/public service, Tenured total","21","16","5","0","0","0","1","1","0","1","1","0","0","0","0","0","0","0","19","14","5","0","0","0","0","0","0","0","0","0","-2"
"228468","Southwestern Adventist University","2010","Total full-time Instruction/research/public service, Non-tenured on tenure track, Professors","2","2","0","0","0","0","0","0","0","1","1","0","1","1","0","0","0","0","0","0","0","0","0","0","0","0","0","0","0","0","-2"
"228468","Southwestern Adventist University","2010","Total full-time Instruction/research/public service, Non-tenured on tenure track, Associate professors","15","7","8","0","0","0","1","0","1","1","1","0","2","1","1","0","0","0","10","4","6","0","0","0","0","0","0","1","1","0","-2"
"228468","Southwestern Adventist University","2010","Total full-time Instruction/research/public service, Non-tenured on tenure track, Assistant professors","12","8","4","1","1","0","1","1","0","0","0","0","2","2","0","1","0","1","7","4","3","0","0","0","0","0","0","0","0","0","-2"
"228468","Southwestern Adventist University","2010","Total full-time Instruction/research/public service, Non-tenured on tenure track, Instructors","3","2","1","0","0","0","0","0","0","0","0","0","0","0","0","0","0","0","3","2","1","0","0","0","0","0","0","0","0","0","-2"
"228468","Southwestern Adventist University","2010","Total full-time Instruction/research/public service, Non-tenured on tenure track total","32","19","13","1","1","0","2","1","1","2","2","0","5","4","1","1","0","1","20","10","10","0","0","0","0","0","0","1","1","0","-2"
"228501","Sul Ross State University","2010","Total full-time Instruction/research/public service, Tenured, Professors","40","35","5","0","0","0","3","3","0","1","1","0","2","2","0","0","0","0","34","29","5","0","0","0","0","0","0","0","0","0","-2"
"228501","Sul Ross State University","2010","Total full-time Instruction/research/public service, Tenured, Associate professors","30","14","16","0","0","0","0","0","0","0","0","0","4","2","2","0","0","0","24","11","13","2","1","1","0","0","0","0","0","0","-2"
"228501","Sul Ross State University","2010","Total full-time Instruction/research/public service, Tenured, Assistant professors","2","1","1","1","1","0","0","0","0","0","0","0","0","0","0","0","0","0","1","0","1","0","0","0","0","0","0","0","0","0","-2"
"228501","Sul Ross State University","2010","Total full-time Instruction/research/public service, Tenured total","72","50","22","1","1","0","3","3","0","1","1","0","6","4","2","0","0","0","59","40","19","2","1","1","0","0","0","0","0","0","-2"
"228501","Sul Ross State University","2010","Total full-time Instruction/research/public service, Non-tenured on tenure track, Associate professors","6","6","0","0","0","0","0","0","0","0","0","0","2","2","0","0","0","0","4","4","0","0","0","0","0","0","0","0","0","0","-2"
"228501","Sul Ross State University","2010","Total full-time Instruction/research/public service, Non-tenured on tenure track, Assistant professors","22","14","8","0","0","0","1","1","0","1","1","0","4","3","1","0","0","0","16","9","7","0","0","0","0","0","0","0","0","0","-2"
"228501","Sul Ross State University","2010","Total full-time Instruction/research/public service, Non-tenured on tenure track, Instructors","1","1","0","0","0","0","0","0","0","0","0","0","1","1","0","0","0","0","0","0","0","0","0","0","0","0","0","0","0","0","-2"
"228501","Sul Ross State University","2010","Total full-time Instruction/research/public service, Non-tenured on tenure track total","29","21","8","0","0","0","1","1","0","1","1","0","7","6","1","0","0","0","20","13","7","0","0","0","0","0","0","0","0","0","-2"
"228501","Sul Ross State University","2010","Total full-time Instruction/research/public service, Non-tenured not on tenure track, Professors","1","1","0","0","0","0","0","0","0","0","0","0","1","1","0","0","0","0","0","0","0","0","0","0","0","0","0","0","0","0","-2"
"228501","Sul Ross State University","2010","Total full-time Instruction/research/public servicey, Non-tenured not on tenure track, Assistant professors","1","1","0","0","0","0","0","0","0","0","0","0","0","0","0","0","0","0","1","1","0","0","0","0","0","0","0","0","0","0","-2"
"228501","Sul Ross State University","2010","Total full-time Instruction/research/public service, Non-tenured not on tenure track, Instructors","1","0","1","0","0","0","0","0","0","0","0","0","0","0","0","0","0","0","1","0","1","0","0","0","0","0","0","0","0","0","-2"
"228501","Sul Ross State University","2010","Total full-time Instruction/research/public service, Non-tenured not on tenure track, Lecturers","23","10","13","0","0","0","0","0","0","0","0","0","5","3","2","1","1","0","17","6","11","0","0","0","0","0","0","0","0","0","-2"
"228501","Sul Ross State University","2010","Total full-time Instruction/research/public service, Non-tenured not on tenure track total","26","12","14","0","0","0","0","0","0","0","0","0","6","4","2","1","1","0","19","7","12","0","0","0","0","0","0","0","0","0","-2"
"228705","Texas A & M University-Kingsville","2010","Total full-time Instruction/research/public service, Tenured, Professors","85","64","21","1","1","0","9","9","0","2","2","0","7","3","4","0","0","0","66","49","17","0","0","0","0","0","0","0","0","0","-2"
"228705","Texas A & M University-Kingsville","2010","Total full-time Instruction/research/public service, Tenured, Associate professors","69","53","16","0","0","0","10","8","2","1","1","0","15","14","1","0","0","0","41","28","13","0","0","0","0","0","0","2","2","0","-2"
"228705","Texas A & M University-Kingsville","2010","Total full-time Instruction/research/public service, Tenured, Assistant professors","3","1","2","0","0","0","0","0","0","0","0","0","0","0","0","0","0","0","3","1","2","0","0","0","0","0","0","0","0","0","-2"
"228705","Texas A & M University-Kingsville","2010","Total full-time Instruction/research/public service, Tenured total","157","118","39","1","1","0","19","17","2","3","3","0","22","17","5","0","0","0","110","78","32","0","0","0","0","0","0","2","2","0","-2"
"228705","Texas A & M University-Kingsville","2010","Total full-time Instruction/research/public service, Non-tenured on tenure track, Professors","1","1","0","0","0","0","0","0","0","0","0","0","0","0","0","0","0","0","0","0","0","0","0","0","0","0","0","1","1","0","-2"
"228705","Texas A & M University-Kingsville","2010","Total full-time Instruction/research/public service, Non-tenured on tenure track, Associate professors","8","6","2","0","0","0","2","2","0","0","0","0","1","1","0","0","0","0","5","3","2","0","0","0","0","0","0","0","0","0","-2"
"228705","Texas A & M University-Kingsville","2010","Total full-time Instruction/research/public service, Non-tenured on tenure track, Assistant professors","124","65","59","1","1","0","6","5","1","3","2","1","19","7","12","0","0","0","75","34","41","0","0","0","0","0","0","20","16","4","-2"
"228705","Texas A & M University-Kingsville","2010","Total full-time Instruction/research/public service, Non-tenured on tenure track total","133","72","61","1","1","0","8","7","1","3","2","1","20","8","12","0","0","0","80","37","43","0","0","0","0","0","0","21","17","4","-2"
"228705","Texas A & M University-Kingsville","2010","Total full-time Instruction/research/public service, Non-tenured not on tenure track, Associate professors","1","1","0","0","0","0","0","0","0","1","1","0","0","0","0","0","0","0","0","0","0","0","0","0","0","0","0","0","0","0","-2"
"228705","Texas A & M University-Kingsville","2010","Total full-time Instruction/research/public servicey, Non-tenured not on tenure track, Assistant professors","4","2","2","1","1","0","0","0","0","0","0","0","2","1","1","0","0","0","1","0","1","0","0","0","0","0","0","0","0","0","-2"
"228705","Texas A & M University-Kingsville","2010","Total full-time Instruction/research/public service, Non-tenured not on tenure track, Instructors","3","1","2","0","0","0","0","0","0","0","0","0","1","0","1","0","0","0","2","1","1","0","0","0","0","0","0","0","0","0","-2"
"228705","Texas A & M University-Kingsville","2010","Total full-time Instruction/research/public service, Non-tenured not on tenure track, Lecturers","56","25","31","2","0","2","1","1","0","2","1","1","19","9","10","0","0","0","31","14","17","0","0","0","0","0","0","1","0","1","-2"
"228705","Texas A & M University-Kingsville","2010","Total full-time Instruction/research/public service, Non-tenured not on tenure track, No academic rank","6","3","3","0","0","0","0","0","0","0","0","0","2","1","1","0","0","0","4","2","2","0","0","0","0","0","0","0","0","0","-2"
"228705","Texas A & M University-Kingsville","2010","Total full-time Instruction/research/public service, Non-tenured not on tenure track total","70","32","38","3","1","2","1","1","0","3","2","1","24","11","13","0","0","0","38","17","21","0","0","0","0","0","0","1","0","1","-2"
"228981","Texas Lutheran University","2010","Total full-time Instruction/research/public service, Tenured, Professors","18","13","5","0","0","0","0","0","0","0","0","0","0","0","0","0","0","0","18","13","5","0","0","0","0","0","0","0","0","0","-2"
"228981","Texas Lutheran University","2010","Total full-time Instruction/research/public service, Tenured, Associate professors","20","9","11","0","0","0","0","0","0","0","0","0","2","1","1","0","0","0","17","7","10","0","0","0","1","1","0","0","0","0","-2"
"228981","Texas Lutheran University","2010","Total full-time Instruction/research/public service, Tenured, Assistant professors","1","1","0","0","0","0","0","0","0","0","0","0","0","0","0","0","0","0","1","1","0","0","0","0","0","0","0","0","0","0","-2"
"228981","Texas Lutheran University","2010","Total full-time Instruction/research/public service, Tenured total","39","23","16","0","0","0","0","0","0","0","0","0","2","1","1","0","0","0","36","21","15","0","0","0","1","1","0","0","0","0","-2"
"228981","Texas Lutheran University","2010","Total full-time Instruction/research/public service, Non-tenured on tenure track, Associate professors","4","3","1","0","0","0","0","0","0","0","0","0","0","0","0","0","0","0","4","3","1","0","0","0","0","0","0","0","0","0","-2"
"228981","Texas Lutheran University","2010","Total full-time Instruction/research/public service, Non-tenured on tenure track, Assistant professors","21","13","8","0","0","0","1","0","1","1","1","0","1","1","0","0","0","0","18","11","7","0","0","0","0","0","0","0","0","0","-2"
"228981","Texas Lutheran University","2010","Total full-time Instruction/research/public service, Non-tenured on tenure track, Instructors","2","1","1","0","0","0","0","0","0","1","1","0","0","0","0","0","0","0","1","0","1","0","0","0","0","0","0","0","0","0","-2"
"228981","Texas Lutheran University","2010","Total full-time Instruction/research/public service, Non-tenured on tenure track total","27","17","10","0","0","0","1","0","1","2","2","0","1","1","0","0","0","0","23","14","9","0","0","0","0","0","0","0","0","0","-2"
"228981","Texas Lutheran University","2010","Total full-time Instruction/research/public servicey, Non-tenured not on tenure track, Assistant professors","2","1","1","0","0","0","0","0","0","0","0","0","0","0","0","0","0","0","2","1","1","0","0","0","0","0","0","0","0","0","-2"
"228981","Texas Lutheran University","2010","Total full-time Instruction/research/public service, Non-tenured not on tenure track, Lecturers","4","1","3","0","0","0","0","0","0","0","0","0","0","0","0","0","0","0","4","1","3","0","0","0","0","0","0","0","0","0","-2"
"228981","Texas Lutheran University","2010","Total full-time Instruction/research/public service, Non-tenured not on tenure track total","6","2","4","0","0","0","0","0","0","0","0","0","0","0","0","0","0","0","6","2","4","0","0","0","0","0","0","0","0","0","-2"
"229018","The University of Texas Permian Basin","2010","Total full-time Instruction/research/public service, Tenured, Professors","19","13","6","0","0","0","0","0","0","0","0","0","2","0","2","0","0","0","17","13","4","0","0","0","0","0","0","0","0","0","-2"
"229018","The University of Texas Permian Basin","2010","Total full-time Instruction/research/public service, Tenured, Associate professors","36","20","16","1","0","1","4","2","2","0","0","0","3","1","2","0","0","0","27","16","11","0","0","0","0","0","0","1","1","0","-2"
"229018","The University of Texas Permian Basin","2010","Total full-time Instruction/research/public service, Tenured total","55","33","22","1","0","1","4","2","2","0","0","0","5","1","4","0","0","0","44","29","15","0","0","0","0","0","0","1","1","0","-2"
"229018","The University of Texas Permian Basin","2010","Total full-time Instruction/research/public service, Non-tenured on tenure track, Associate professors","3","3","0","0","0","0","1","1","0","0","0","0","0","0","0","0","0","0","2","2","0","0","0","0","0","0","0","0","0","0","-2"
"229018","The University of Texas Permian Basin","2010","Total full-time Instruction/research/public service, Non-tenured on tenure track, Assistant professors","30","14","16","0","0","0","2","2","0","1","0","1","3","1","2","0","0","0","19","9","10","0","0","0","0","0","0","5","2","3","-2"
"229018","The University of Texas Permian Basin","2010","Total full-time Instruction/research/public service, Non-tenured on tenure track total","33","17","16","0","0","0","3","3","0","1","0","1","3","1","2","0","0","0","21","11","10","0","0","0","0","0","0","5","2","3","-2"
"229018","The University of Texas Permian Basin","2010","Total full-time Instruction/research/public service, Non-tenured not on tenure track, Professors","3","1","2","0","0","0","0","0","0","0","0","0","0","0","0","0","0","0","3","1","2","0","0","0","0","0","0","0","0","0","-2"
"229018","The University of Texas Permian Basin","2010","Total full-time Instruction/research/public servicey, Non-tenured not on tenure track, Assistant professors","7","5","2","0","0","0","0","0","0","0","0","0","0","0","0","0","0","0","7","5","2","0","0","0","0","0","0","0","0","0","-2"
"229018","The University of Texas Permian Basin","2010","Total full-time Instruction/research/public service, Non-tenured not on tenure track, Lecturers","39","14","25","0","0","0","1","0","1","0","0","0","3","0","3","0","0","0","32","12","20","0","0","0","0","0","0","3","2","1","-2"
"229018","The University of Texas Permian Basin","2010","Total full-time Instruction/research/public service, Non-tenured not on tenure track total","49","20","29","0","0","0","1","0","1","0","0","0","3","0","3","0","0","0","42","18","24","0","0","0","0","0","0","3","2","1","-2"
"229027","The University of Texas at San Antonio","2010","Total full-time Instruction/research/public service, Tenured, Professors","201","152","49","3","3","0","36","32","4","6","2","4","26","19","7","0","0","0","129","96","33","0","0","0","1","0","1","0","0","0","-2"
"229027","The University of Texas at San Antonio","2010","Total full-time Instruction/research/public service, Tenured, Associate professors","201","133","68","2","1","1","35","27","8","8","6","2","34","18","16","0","0","0","120","79","41","0","0","0","2","2","0","0","0","0","-2"
"229027","The University of Texas at San Antonio","2010","Total full-time Instruction/research/public service, Tenured total","402","285","117","5","4","1","71","59","12","14","8","6","60","37","23","0","0","0","249","175","74","0","0","0","3","2","1","0","0","0","-2"
"229027","The University of Texas at San Antonio","2010","Total full-time Instruction/research/public service, Non-tenured on tenure track, Associate professors","7","4","3","0","0","0","1","1","0","0","0","0","1","0","1","0","0","0","5","3","2","0","0","0","0","0","0","0","0","0","-2"
"229027","The University of Texas at San Antonio","2010","Total full-time Instruction/research/public service, Non-tenured on tenure track, Assistant professors","187","104","83","0","0","0","40","29","11","10","4","6","37","16","21","1","1","0","95","53","42","0","0","0","4","1","3","0","0","0","-2"
"229027","The University of Texas at San Antonio","2010","Total full-time Instruction/research/public service, Non-tenured on tenure track, Instructors","1","0","1","0","0","0","1","0","1","0","0","0","0","0","0","0","0","0","0","0","0","0","0","0","0","0","0","0","0","0","-2"
"229027","The University of Texas at San Antonio","2010","Total full-time Instruction/research/public service, Non-tenured on tenure track total","195","108","87","0","0","0","42","30","12","10","4","6","38","16","22","1","1","0","100","56","44","0","0","0","4","1","3","0","0","0","-2"
"229027","The University of Texas at San Antonio","2010","Total full-time Instruction/research/public service, Non-tenured not on tenure track, Lecturers","328","155","173","3","2","1","23","11","12","10","4","6","59","25","34","0","0","0","225","110","115","1","0","1","6","2","4","1","1","0","-2"
"229027","The University of Texas at San Antonio","2010","Total full-time Instruction/research/public service, Non-tenured not on tenure track total","328","155","173","3","2","1","23","11","12","10","4","6","59","25","34","0","0","0","225","110","115","1","0","1","6","2","4","1","1","0","-2"
"229160","Texas Wesleyan University","2010","Total full-time Instruction/research/public service, Tenured, Professors","64","40","24","0","0","0","2","1","1","3","3","0","4","3","1","0","0","0","54","32","22","0","0","0","1","1","0","0","0","0","-2"
"229160","Texas Wesleyan University","2010","Total full-time Instruction/research/public service, Tenured, Associate professors","31","13","18","0","0","0","4","2","2","1","1","0","1","0","1","0","0","0","25","10","15","0","0","0","0","0","0","0","0","0","-2"
"229160","Texas Wesleyan University","2010","Total full-time Instruction/research/public service, Tenured, Assistant professors","3","0","3","0","0","0","0","0","0","0","0","0","0","0","0","0","0","0","3","0","3","0","0","0","0","0","0","0","0","0","-2"
"229160","Texas Wesleyan University","2010","Total full-time Instruction/research/public service, Tenured total","98","53","45","0","0","0","6","3","3","4","4","0","5","3","2","0","0","0","82","42","40","0","0","0","1","1","0","0","0","0","-2"
"229160","Texas Wesleyan University","2010","Total full-time Instruction/research/public service, Non-tenured on tenure track, Associate professors","11","5","6","0","0","0","0","0","0","1","0","1","1","0","1","0","0","0","9","5","4","0","0","0","0","0","0","0","0","0","-2"
"229160","Texas Wesleyan University","2010","Total full-time Instruction/research/public service, Non-tenured on tenure track, Assistant professors","34","16","18","0","0","0","0","0","0","0","0","0","1","0","1","0","0","0","31","15","16","0","0","0","2","1","1","0","0","0","-2"
"229160","Texas Wesleyan University","2010","Total full-time Instruction/research/public service, Non-tenured on tenure track total","45","21","24","0","0","0","0","0","0","1","0","1","2","0","2","0","0","0","40","20","20","0","0","0","2","1","1","0","0","0","-2"
"229160","Texas Wesleyan University","2010","Total full-time Instruction/research/public service, Non-tenured not on tenure track, Associate professors","1","1","0","0","0","0","0","0","0","0","0","0","0","0","0","0","0","0","1","1","0","0","0","0","0","0","0","0","0","0","-2"
"229160","Texas Wesleyan University","2010","Total full-time Instruction/research/public servicey, Non-tenured not on tenure track, Assistant professors","6","0","6","0","0","0","0","0","0","0","0","0","0","0","0","0","0","0","6","0","6","0","0","0","0","0","0","0","0","0","-2"
"229160","Texas Wesleyan University","2010","Total full-time Instruction/research/public service, Non-tenured not on tenure track, Instructors","18","7","11","0","0","0","1","0","1","0","0","0","0","0","0","0","0","0","17","7","10","0","0","0","0","0","0","0","0","0","-2"
"229160","Texas Wesleyan University","2010","Total full-time Instruction/research/public service, Non-tenured not on tenure track total","25","8","17","0","0","0","1","0","1","0","0","0","0","0","0","0","0","0","24","8","16","0","0","0","0","0","0","0","0","0","-2"
"229337","Texas Tech University Health Sciences Center","2010","Total full-time Instruction/research/public service, Tenured, Professors","112","89","23","0","0","0","13","11","2","2","1","1","10","9","1","0","0","0","87","68","19","0","0","0","0","0","0","0","0","0","-2"
"229337","Texas Tech University Health Sciences Center","2010","Total full-time Instruction/research/public service, Tenured, Associate professors","50","35","15","0","0","0","8","6","2","0","0","0","3","2","1","0","0","0","39","27","12","0","0","0","0","0","0","0","0","0","-2"
"229337","Texas Tech University Health Sciences Center","2010","Total full-time Instruction/research/public service, Tenured total","162","124","38","0","0","0","21","17","4","2","1","1","13","11","2","0","0","0","126","95","31","0","0","0","0","0","0","0","0","0","-2"
"229337","Texas Tech University Health Sciences Center","2010","Total full-time Instruction/research/public service, Non-tenured on tenure track, Professors","9","9","0","0","0","0","0","0","0","0","0","0","0","0","0","0","0","0","9","9","0","0","0","0","0","0","0","0","0","0","-2"
"229337","Texas Tech University Health Sciences Center","2010","Total full-time Instruction/research/public service, Non-tenured on tenure track, Associate professors","29","18","11","0","0","0","7","5","2","0","0","0","0","0","0","0","0","0","21","12","9","0","0","0","1","1","0","0","0","0","-2"
"229337","Texas Tech University Health Sciences Center","2010","Total full-time Instruction/research/public service, Non-tenured on tenure track, Assistant professors","49","24","25","0","0","0","11","3","8","0","0","0","4","3","1","0","0","0","34","18","16","0","0","0","0","0","0","0","0","0","-2"
"229337","Texas Tech University Health Sciences Center","2010","Total full-time Instruction/research/public service, Non-tenured on tenure track, No academic rank","1","1","0","0","0","0","0","0","0","0","0","0","0","0","0","0","0","0","1","1","0","0","0","0","0","0","0","0","0","0","-2"
"229337","Texas Tech University Health Sciences Center","2010","Total full-time Instruction/research/public service, Non-tenured on tenure track total","88","52","36","0","0","0","18","8","10","0","0","0","4","3","1","0","0","0","65","40","25","0","0","0","1","1","0","0","0","0","-2"
"229337","Texas Tech University Health Sciences Center","2010","Total full-time Instruction/research/public service, Non-tenured not on tenure track, Professors","51","37","14","2","2","0","2","2","0","1","1","0","5","5","0","0","0","0","41","27","14","0","0","0","0","0","0","0","0","0","-2"
"229337","Texas Tech University Health Sciences Center","2010","Total full-time Instruction/research/public service, Non-tenured not on tenure track, Associate professors","150","93","57","0","0","0","20","13","7","4","1","3","15","12","3","0","0","0","109","66","43","0","0","0","1","1","0","1","0","1","-2"
"229337","Texas Tech University Health Sciences Center","2010","Total full-time Instruction/research/public servicey, Non-tenured not on tenure track, Assistant professors","295","142","153","2","1","1","43","24","19","17","4","13","56","29","27","0","0","0","169","78","91","0","0","0","3","2","1","5","4","1","-2"
"229337","Texas Tech University Health Sciences Center","2010","Total full-time Instruction/research/public service, Non-tenured not on tenure track, Instructors","50","11","39","0","0","0","2","1","1","2","0","2","12","5","7","0","0","0","32","3","29","0","0","0","0","0","0","2","2","0","-2"
"229337","Texas Tech University Health Sciences Center","2010","Total full-time Instruction/research/public service, Non-tenured not on tenure track, No academic rank","76","18","58","0","0","0","6","1","5","1","0","1","22","5","17","0","0","0","44","11","33","0","0","0","3","1","2","0","0","0","-2"
"229337","Texas Tech University Health Sciences Center","2010","Total full-time Instruction/research/public service, Non-tenured not on tenure track total","622","301","321","4","3","1","73","41","32","25","6","19","110","56","54","0","0","0","395","185","210","0","0","0","7","4","3","8","6","2","-2"
"229355","Tyler Junior College","2010","Total full-time Instruction/research/public service, Non-tenured not on tenure track, Instructors","274","117","157","6","3","3","0","0","0","13","6","7","7","3","4","0","0","0","248","105","143","0","0","0","0","0","0","0","0","0","-2"
"229355","Tyler Junior College","2010","Total full-time Instruction/research/public service, Non-tenured not on tenure track total","274","117","157","6","3","3","0","0","0","13","6","7","7","3","4","0","0","0","248","105","143","0","0","0","0","0","0","0","0","0","-2"
"234979","Columbia Basin College","2010","Total full-time Instruction/research/public service, Tenured, No academic rank","96","49","47","0","0","0","8","3","5","2","1","1","3","1","2","0","0","0","83","44","39","0","0","0","0","0","0","0","0","0","-2"
"234979","Columbia Basin College","2010","Total full-time Instruction/research/public service, Tenured total","96","49","47","0","0","0","8","3","5","2","1","1","3","1","2","0","0","0","83","44","39","0","0","0","0","0","0","0","0","0","-2"
"234979","Columbia Basin College","2010","Total full-time Instruction/research/public service, Non-tenured on tenure track, No academic rank","14","6","8","1","1","0","0","0","0","1","1","0","2","0","2","0","0","0","10","4","6","0","0","0","0","0","0","0","0","0","-2"
"234979","Columbia Basin College","2010","Total full-time Instruction/research/public service, Non-tenured on tenure track total","14","6","8","1","1","0","0","0","0","1","1","0","2","0","2","0","0","0","10","4","6","0","0","0","0","0","0","0","0","0","-2"
"234979","Columbia Basin College","2010","Total full-time Instruction/research/public service, Non-tenured not on tenure track, No academic rank","13","5","8","0","0","0","0","0","0","0","0","0","1","1","0","0","0","0","12","4","8","0","0","0","0","0","0","0","0","0","-2"
"234979","Columbia Basin College","2010","Total full-time Instruction/research/public service, Non-tenured not on tenure track total","13","5","8","0","0","0","0","0","0","0","0","0","1","1","0","0","0","0","12","4","8","0","0","0","0","0","0","0","0","0","-2"
"235422","Heritage University","2010","Total full-time Instruction/research/public service, Non-tenured not on tenure track, Professors","6","4","2","1","1","0","1","1","0","0","0","0","0","0","0","0","0","0","4","2","2","0","0","0","0","0","0","0","0","0","-2"
"235422","Heritage University","2010","Total full-time Instruction/research/public service, Non-tenured not on tenure track, Associate professors","8","1","7","2","0","2","0","0","0","0","0","0","2","0","2","0","0","0","4","1","3","0","0","0","0","0","0","0","0","0","-2"
"235422","Heritage University","2010","Total full-time Instruction/research/public servicey, Non-tenured not on tenure track, Assistant professors","25","10","15","1","0","1","1","1","0","1","1","0","2","0","2","0","0","0","20","8","12","0","0","0","0","0","0","0","0","0","-2"
"235422","Heritage University","2010","Total full-time Instruction/research/public service, Non-tenured not on tenure track, Instructors","9","5","4","2","0","2","0","0","0","0","0","0","0","0","0","0","0","0","7","5","2","0","0","0","0","0","0","0","0","0","-2"
"235422","Heritage University","2010","Total full-time Instruction/research/public service, Non-tenured not on tenure track total","48","20","28","6","1","5","2","2","0","1","1","0","4","0","4","0","0","0","35","16","19","0","0","0","0","0","0","0","0","0","-2"
"236975","Wenatchee Valley College","2010","Total full-time Instruction/research/public service, Tenured, No academic rank","49","27","22","0","0","0","0","0","0","0","0","0","3","3","0","0","0","0","44","23","21","2","1","1","0","0","0","0","0","0","-2"
"236975","Wenatchee Valley College","2010","Total full-time Instruction/research/public service, Tenured total","49","27","22","0","0","0","0","0","0","0","0","0","3","3","0","0","0","0","44","23","21","2","1","1","0","0","0","0","0","0","-2"
"236975","Wenatchee Valley College","2010","Total full-time Instruction/research/public service, Non-tenured on tenure track, No academic rank","13","6","7","0","0","0","0","0","0","0","0","0","0","0","0","0","0","0","13","6","7","0","0","0","0","0","0","0","0","0","-2"
"236975","Wenatchee Valley College","2010","Total full-time Instruction/research/public service, Non-tenured on tenure track total","13","6","7","0","0","0","0","0","0","0","0","0","0","0","0","0","0","0","13","6","7","0","0","0","0","0","0","0","0","0","-2"
"236975","Wenatchee Valley College","2010","Total full-time Instruction/research/public service, Non-tenured not on tenure track, No academic rank","6","3","3","0","0","0","0","0","0","0","0","0","0","0","0","0","0","0","6","3","3","0","0","0","0","0","0","0","0","0","-2"
"236975","Wenatchee Valley College","2010","Total full-time Instruction/research/public service, Non-tenured not on tenure track total","6","3","3","0","0","0","0","0","0","0","0","0","0","0","0","0","0","0","6","3","3","0","0","0","0","0","0","0","0","0","-2"
"237109","Yakima Valley College","2010","Total full-time Instruction/research/public service, Tenured, Instructors","71","30","41","2","1","1","1","1","0","0","0","0","3","2","1","0","0","0","65","26","39","0","0","0","0","0","0","0","0","0","-2"
"237109","Yakima Valley College","2010","Total full-time Instruction/research/public service, Tenured total","71","30","41","2","1","1","1","1","0","0","0","0","3","2","1","0","0","0","65","26","39","0","0","0","0","0","0","0","0","0","-2"
"237109","Yakima Valley College","2010","Total full-time Instruction/research/public service, Non-tenured on tenure track, Instructors","10","3","7","0","0","0","1","0","1","0","0","0","0","0","0","0","0","0","9","3","6","0","0","0","0","0","0","0","0","0","-2"
"237109","Yakima Valley College","2010","Total full-time Instruction/research/public service, Non-tenured on tenure track total","10","3","7","0","0","0","1","0","1","0","0","0","0","0","0","0","0","0","9","3","6","0","0","0","0","0","0","0","0","0","-2"
"237109","Yakima Valley College","2010","Total full-time Instruction/research/public service, Non-tenured not on tenure track, Instructors","27","15","12","1","0","1","0","0","0","0","0","0","3","1","2","0","0","0","23","14","9","0","0","0","0","0","0","0","0","0","-2"
"237109","Yakima Valley College","2010","Total full-time Instruction/research/public service, Non-tenured not on tenure track total","27","15","12","1","0","1","0","0","0","0","0","0","3","1","2","0","0","0","23","14","9","0","0","0","0","0","0","0","0","0","-2"
"238193","Alverno College","2010","Total full-time Instruction/research/public service, Tenured, Professors","38","12","26","0","0","0","1","0","1","1","1","0","0","0","0","0","0","0","36","11","25","0","0","0","0","0","0","0","0","0","-2"
"238193","Alverno College","2010","Total full-time Instruction/research/public service, Tenured, Associate professors","29","4","25","0","0","0","0","0","0","1","0","1","0","0","0","0","0","0","28","4","24","0","0","0","0","0","0","0","0","0","-2"
"238193","Alverno College","2010","Total full-time Instruction/research/public service, Tenured, Assistant professors","10","3","7","0","0","0","0","0","0","1","0","1","0","0","0","0","0","0","9","3","6","0","0","0","0","0","0","0","0","0","-2"
"238193","Alverno College","2010","Total full-time Instruction/research/public service, Tenured total","77","19","58","0","0","0","1","0","1","3","1","2","0","0","0","0","0","0","73","18","55","0","0","0","0","0","0","0","0","0","-2"
"238193","Alverno College","2010","Total full-time Instruction/research/public service, Non-tenured on tenure track, Associate professors","1","0","1","0","0","0","0","0","0","0","0","0","0","0","0","0","0","0","1","0","1","0","0","0","0","0","0","0","0","0","-2"
"238193","Alverno College","2010","Total full-time Instruction/research/public service, Non-tenured on tenure track, Assistant professors","37","7","30","0","0","0","1","0","1","3","0","3","2","0","2","0","0","0","30","6","24","0","0","0","1","1","0","0","0","0","-2"
"238193","Alverno College","2010","Total full-time Instruction/research/public service, Non-tenured on tenure track total","38","7","31","0","0","0","1","0","1","3","0","3","2","0","2","0","0","0","31","6","25","0","0","0","1","1","0","0","0","0","-2"
"238193","Alverno College","2010","Total full-time Instruction/research/public servicey, Non-tenured not on tenure track, Assistant professors","4","1","3","0","0","0","0","0","0","0","0","0","0","0","0","0","0","0","4","1","3","0","0","0","0","0","0","0","0","0","-2"
"238193","Alverno College","2010","Total full-time Instruction/research/public service, Non-tenured not on tenure track total","4","1","3","0","0","0","0","0","0","0","0","0","0","0","0","0","0","0","4","1","3","0","0","0","0","0","0","0","0","0","-2"
"241191","Universidad Adventista de las Antillas","2010","Total full-time Instruction/research/public service, Tenured, Professors","7","2","5","0","0","0","0","0","0","0","0","0","7","2","5","0","0","0","0","0","0","0","0","0","0","0","0","0","0","0","-2"
"241191","Universidad Adventista de las Antillas","2010","Total full-time Instruction/research/public service, Tenured, Associate professors","17","10","7","0","0","0","0","0","0","0","0","0","17","10","7","0","0","0","0","0","0","0","0","0","0","0","0","0","0","0","-2"
"241191","Universidad Adventista de las Antillas","2010","Total full-time Instruction/research/public service, Tenured, Assistant professors","9","6","3","0","0","0","0","0","0","0","0","0","9","6","3","0","0","0","0","0","0","0","0","0","0","0","0","0","0","0","-2"
"241191","Universidad Adventista de las Antillas","2010","Total full-time Instruction/research/public service, Tenured, Instructors","4","3","1","0","0","0","0","0","0","0","0","0","4","3","1","0","0","0","0","0","0","0","0","0","0","0","0","0","0","0","-2"
"241191","Universidad Adventista de las Antillas","2010","Total full-time Instruction/research/public service, Tenured total","37","21","16","0","0","0","0","0","0","0","0","0","37","21","16","0","0","0","0","0","0","0","0","0","0","0","0","0","0","0","-2"
"241191","Universidad Adventista de las Antillas","2010","Total full-time Instruction/research/public service, Non-tenured on tenure track, No academic rank","2","0","2","0","0","0","0","0","0","0","0","0","2","0","2","0","0","0","0","0","0","0","0","0","0","0","0","0","0","0","-2"
"241191","Universidad Adventista de las Antillas","2010","Total full-time Instruction/research/public service, Non-tenured on tenure track total","2","0","2","0","0","0","0","0","0","0","0","0","2","0","2","0","0","0","0","0","0","0","0","0","0","0","0","0","0","0","-2"
"241191","Universidad Adventista de las Antillas","2010","Total full-time Instruction/research/public service, Non-tenured not on tenure track, No academic rank","3","2","1","0","0","0","0","0","0","0","0","0","2","1","1","0","0","0","1","1","0","0","0","0","0","0","0","0","0","0","-2"
"241191","Universidad Adventista de las Antillas","2010","Total full-time Instruction/research/public service, Non-tenured not on tenure track total","3","2","1","0","0","0","0","0","0","0","0","0","2","1","1","0","0","0","1","1","0","0","0","0","0","0","0","0","0","0","-2"
"241225","Universidad Central de Bayamon","2010","Total full-time Instruction/research/public service, Non-tenured on tenure track, Professors","2","1","1","0","0","0","0","0","0","0","0","0","0","0","0","0","0","0","2","1","1","0","0","0","0","0","0","0","0","0","-2"
"241225","Universidad Central de Bayamon","2010","Total full-time Instruction/research/public service, Non-tenured on tenure track, Associate professors","6","3","3","0","0","0","0","0","0","0","0","0","6","3","3","0","0","0","0","0","0","0","0","0","0","0","0","0","0","0","-2"
"241225","Universidad Central de Bayamon","2010","Total full-time Instruction/research/public service, Non-tenured on tenure track, Assistant professors","25","6","19","0","0","0","0","0","0","0","0","0","25","6","19","0","0","0","0","0","0","0","0","0","0","0","0","0","0","0","-2"
"241225","Universidad Central de Bayamon","2010","Total full-time Instruction/research/public service, Non-tenured on tenure track, Instructors","4","1","3","0","0","0","0","0","0","0","0","0","4","1","3","0","0","0","0","0","0","0","0","0","0","0","0","0","0","0","-2"
"241225","Universidad Central de Bayamon","2010","Total full-time Instruction/research/public service, Non-tenured on tenure track total","37","11","26","0","0","0","0","0","0","0","0","0","35","10","25","0","0","0","2","1","1","0","0","0","0","0","0","0","0","0","-2"
"241225","Universidad Central de Bayamon","2010","Total full-time Instruction/research/public service, Non-tenured not on tenure track, Lecturers","6","2","4","0","0","0","0","0","0","0","0","0","6","2","4","0","0","0","0","0","0","0","0","0","0","0","0","0","0","0","-2"
"241225","Universidad Central de Bayamon","2010","Total full-time Instruction/research/public service, Non-tenured not on tenure track total","6","2","4","0","0","0","0","0","0","0","0","0","6","2","4","0","0","0","0","0","0","0","0","0","0","0","0","0","0","0","-2"
"241395","Pontifical Catholic University of Puerto Rico-Arecibo","2010","Total full-time Instruction/research/public service, Tenured, Professors","2","1","1","0","0","0","0","0","0","0","0","0","2","1","1","0","0","0","0","0","0","0","0","0","0","0","0","0","0","0","-2"
"241395","Pontifical Catholic University of Puerto Rico-Arecibo","2010","Total full-time Instruction/research/public service, Tenured total","2","1","1","0","0","0","0","0","0","0","0","0","2","1","1","0","0","0","0","0","0","0","0","0","0","0","0","0","0","0","-2"
"241614","Universidad Teologica del Caribe","2010","Total full-time Instruction/research/public service, Non-tenured not on tenure track, No academic rank","7","4","3","0","0","0","0","0","0","0","0","0","7","4","3","0","0","0","0","0","0","0","0","0","0","0","0","0","0","0","-2"
"241614","Universidad Teologica del Caribe","2010","Total full-time Instruction/research/public service, Non-tenured not on tenure track total","7","4","3","0","0","0","0","0","0","0","0","0","7","4","3","0","0","0","0","0","0","0","0","0","0","0","0","0","0","0","-2"
"241766","Conservatory of Music of Puerto Rico","2010","Total full-time Instruction/research/public service, Tenured, Professors","5","2","3","0","0","0","0","0","0","0","0","0","5","2","3","0","0","0","0","0","0","0","0","0","0","0","0","0","0","0","-2"
"241766","Conservatory of Music of Puerto Rico","2010","Total full-time Instruction/research/public service, Tenured, Associate professors","9","7","2","0","0","0","0","0","0","0","0","0","9","7","2","0","0","0","0","0","0","0","0","0","0","0","0","0","0","0","-2"
"241766","Conservatory of Music of Puerto Rico","2010","Total full-time Instruction/research/public service, Tenured, Assistant professors","10","9","1","0","0","0","0","0","0","0","0","0","10","9","1","0","0","0","0","0","0","0","0","0","0","0","0","0","0","0","-2"
"241766","Conservatory of Music of Puerto Rico","2010","Total full-time Instruction/research/public service, Tenured total","24","18","6","0","0","0","0","0","0","0","0","0","24","18","6","0","0","0","0","0","0","0","0","0","0","0","0","0","0","0","-2"
"241766","Conservatory of Music of Puerto Rico","2010","Total full-time Instruction/research/public service, Non-tenured on tenure track, Assistant professors","1","1","0","0","0","0","0","0","0","0","0","0","0","0","0","0","0","0","1","1","0","0","0","0","0","0","0","0","0","0","-2"
"241766","Conservatory of Music of Puerto Rico","2010","Total full-time Instruction/research/public service, Non-tenured on tenure track, Instructors","16","13","3","0","0","0","0","0","0","0","0","0","16","13","3","0","0","0","0","0","0","0","0","0","0","0","0","0","0","0","-2"
"241766","Conservatory of Music of Puerto Rico","2010","Total full-time Instruction/research/public service, Non-tenured on tenure track total","17","14","3","0","0","0","0","0","0","0","0","0","16","13","3","0","0","0","1","1","0","0","0","0","0","0","0","0","0","0","-2"
"241766","Conservatory of Music of Puerto Rico","2010","Total full-time Instruction/research/public service, Non-tenured not on tenure track, No academic rank","11","8","3","0","0","0","0","0","0","0","0","0","9","7","2","0","0","0","2","1","1","0","0","0","0","0","0","0","0","0","-2"
"241766","Conservatory of Music of Puerto Rico","2010","Total full-time Instruction/research/public service, Non-tenured not on tenure track total","11","8","3","0","0","0","0","0","0","0","0","0","9","7","2","0","0","0","2","1","1","0","0","0","0","0","0","0","0","0","-2"
"241836","EDP University of Puerto Rico Inc-San Sebastian","2010","Total full-time Instruction/research/public service, Non-tenured not on tenure track, Instructors","19","7","12","0","0","0","0","0","0","0","0","0","19","7","12","0","0","0","0","0","0","0","0","0","0","0","0","0","0","0","-2"
"241836","EDP University of Puerto Rico Inc-San Sebastian","2010","Total full-time Instruction/research/public service, Non-tenured not on tenure track total","19","7","12","0","0","0","0","0","0","0","0","0","19","7","12","0","0","0","0","0","0","0","0","0","0","0","0","0","0","0","-2"
"241951","Escuela de Artes Plasticas y Diseno de Puerto Rico","2010","Total full-time Instruction/research/public service, Tenured, Professors","1","0","1","0","0","0","0","0","0","0","0","0","1","0","1","0","0","0","0","0","0","0","0","0","0","0","0","0","0","0","-2"
"241951","Escuela de Artes Plasticas y Diseno de Puerto Rico","2010","Total full-time Instruction/research/public service, Tenured, Associate professors","5","3","2","0","0","0","0","0","0","0","0","0","5","3","2","0","0","0","0","0","0","0","0","0","0","0","0","0","0","0","-2"
"241951","Escuela de Artes Plasticas y Diseno de Puerto Rico","2010","Total full-time Instruction/research/public service, Tenured, Assistant professors","3","1","2","0","0","0","0","0","0","0","0","0","3","1","2","0","0","0","0","0","0","0","0","0","0","0","0","0","0","0","-2"
"241951","Escuela de Artes Plasticas y Diseno de Puerto Rico","2010","Total full-time Instruction/research/public service, Tenured, Instructors","6","5","1","0","0","0","0","0","0","0","0","0","6","5","1","0","0","0","0","0","0","0","0","0","0","0","0","0","0","0","-2"
"241951","Escuela de Artes Plasticas y Diseno de Puerto Rico","2010","Total full-time Instruction/research/public service, Tenured total","15","9","6","0","0","0","0","0","0","0","0","0","15","9","6","0","0","0","0","0","0","0","0","0","0","0","0","0","0","0","-2"
"241951","Escuela de Artes Plasticas y Diseno de Puerto Rico","2010","Total full-time Instruction/research/public service, Non-tenured on tenure track, Assistant professors","1","0","1","0","0","0","0","0","0","0","0","0","1","0","1","0","0","0","0","0","0","0","0","0","0","0","0","0","0","0","-2"
"241951","Escuela de Artes Plasticas y Diseno de Puerto Rico","2010","Total full-time Instruction/research/public service, Non-tenured on tenure track, Instructors","2","0","2","0","0","0","0","0","0","0","0","0","2","0","2","0","0","0","0","0","0","0","0","0","0","0","0","0","0","0","-2"
"241951","Escuela de Artes Plasticas y Diseno de Puerto Rico","2010","Total full-time Instruction/research/public service, Non-tenured on tenure track total","3","0","3","0","0","0","0","0","0","0","0","0","3","0","3","0","0","0","0","0","0","0","0","0","0","0","0","0","0","0","-2"
"243106","University of Puerto Rico-Aguadilla","2010","Total full-time Instruction/research/public service, Tenured, Professors","30","11","19","0","0","0","0","0","0","0","0","0","30","11","19","0","0","0","0","0","0","0","0","0","0","0","0","0","0","0","-2"
"243106","University of Puerto Rico-Aguadilla","2010","Total full-time Instruction/research/public service, Tenured, Associate professors","28","16","12","0","0","0","0","0","0","0","0","0","28","16","12","0","0","0","0","0","0","0","0","0","0","0","0","0","0","0","-2"
"243106","University of Puerto Rico-Aguadilla","2010","Total full-time Instruction/research/public service, Tenured, Assistant professors","32","18","14","0","0","0","0","0","0","0","0","0","31","18","13","0","0","0","1","0","1","0","0","0","0","0","0","0","0","0","-2"
"243106","University of Puerto Rico-Aguadilla","2010","Total full-time Instruction/research/public service, Tenured, Instructors","3","1","2","0","0","0","0","0","0","0","0","0","3","1","2","0","0","0","0","0","0","0","0","0","0","0","0","0","0","0","-2"
"243106","University of Puerto Rico-Aguadilla","2010","Total full-time Instruction/research/public service, Tenured total","93","46","47","0","0","0","0","0","0","0","0","0","92","46","46","0","0","0","1","0","1","0","0","0","0","0","0","0","0","0","-2"
"243106","University of Puerto Rico-Aguadilla","2010","Total full-time Instruction/research/public service, Non-tenured on tenure track, Assistant professors","6","3","3","0","0","0","0","0","0","0","0","0","6","3","3","0","0","0","0","0","0","0","0","0","0","0","0","0","0","0","-2"
"243106","University of Puerto Rico-Aguadilla","2010","Total full-time Instruction/research/public service, Non-tenured on tenure track, Instructors","1","0","1","0","0","0","0","0","0","0","0","0","1","0","1","0","0","0","0","0","0","0","0","0","0","0","0","0","0","0","-2"
"243106","University of Puerto Rico-Aguadilla","2010","Total full-time Instruction/research/public service, Non-tenured on tenure track total","7","3","4","0","0","0","0","0","0","0","0","0","7","3","4","0","0","0","0","0","0","0","0","0","0","0","0","0","0","0","-2"
"243106","University of Puerto Rico-Aguadilla","2010","Total full-time Instruction/research/public servicey, Non-tenured not on tenure track, Assistant professors","4","2","2","0","0","0","0","0","0","0","0","0","4","2","2","0","0","0","0","0","0","0","0","0","0","0","0","0","0","0","-2"
"243106","University of Puerto Rico-Aguadilla","2010","Total full-time Instruction/research/public service, Non-tenured not on tenure track, Instructors","12","0","12","0","0","0","0","0","0","0","0","0","12","0","12","0","0","0","0","0","0","0","0","0","0","0","0","0","0","0","-2"
"243106","University of Puerto Rico-Aguadilla","2010","Total full-time Instruction/research/public service, Non-tenured not on tenure track total","16","2","14","0","0","0","0","0","0","0","0","0","16","2","14","0","0","0","0","0","0","0","0","0","0","0","0","0","0","0","-2"
"243188","University of Puerto Rico-Utuado","2010","Total full-time Instruction/research/public service, Tenured, Professors","14","8","6","0","0","0","0","0","0","0","0","0","13","7","6","0","0","0","0","0","0","0","0","0","1","1","0","0","0","0","-2"
"243188","University of Puerto Rico-Utuado","2010","Total full-time Instruction/research/public service, Tenured, Associate professors","13","6","7","0","0","0","0","0","0","0","0","0","13","6","7","0","0","0","0","0","0","0","0","0","0","0","0","0","0","0","-2"
"243188","University of Puerto Rico-Utuado","2010","Total full-time Instruction/research/public service, Tenured, Assistant professors","14","9","5","0","0","0","0","0","0","0","0","0","11","7","4","0","0","0","0","0","0","0","0","0","3","2","1","0","0","0","-2"
"243188","University of Puerto Rico-Utuado","2010","Total full-time Instruction/research/public service, Tenured, Instructors","2","2","0","0","0","0","0","0","0","0","0","0","2","2","0","0","0","0","0","0","0","0","0","0","0","0","0","0","0","0","-2"
"243188","University of Puerto Rico-Utuado","2010","Total full-time Instruction/research/public service, Tenured total","43","25","18","0","0","0","0","0","0","0","0","0","39","22","17","0","0","0","0","0","0","0","0","0","4","3","1","0","0","0","-2"
"243188","University of Puerto Rico-Utuado","2010","Total full-time Instruction/research/public service, Non-tenured on tenure track, Assistant professors","15","9","6","0","0","0","0","0","0","0","0","0","14","8","6","0","0","0","0","0","0","0","0","0","1","1","0","0","0","0","-2"
"243188","University of Puerto Rico-Utuado","2010","Total full-time Instruction/research/public service, Non-tenured on tenure track, Instructors","1","0","1","0","0","0","0","0","0","0","0","0","1","0","1","0","0","0","0","0","0","0","0","0","0","0","0","0","0","0","-2"
"243188","University of Puerto Rico-Utuado","2010","Total full-time Instruction/research/public service, Non-tenured on tenure track total","16","9","7","0","0","0","0","0","0","0","0","0","15","8","7","0","0","0","0","0","0","0","0","0","1","1","0","0","0","0","-2"
"243188","University of Puerto Rico-Utuado","2010","Total full-time Instruction/research/public service, Non-tenured not on tenure track, Instructors","1","1","0","0","0","0","0","0","0","0","0","0","1","1","0","0","0","0","0","0","0","0","0","0","0","0","0","0","0","0","-2"
"243188","University of Puerto Rico-Utuado","2010","Total full-time Instruction/research/public service, Non-tenured not on tenure track total","1","1","0","0","0","0","0","0","0","0","0","0","1","1","0","0","0","0","0","0","0","0","0","0","0","0","0","0","0","0","-2"
"243203","University of Puerto Rico-Medical Sciences","2010","Total full-time Instruction/research/public service, Tenured, Professors","235","114","121","0","0","0","0","0","0","0","0","0","102","45","57","0","0","0","4","3","1","0","0","0","129","66","63","0","0","0","-2"
"243203","University of Puerto Rico-Medical Sciences","2010","Total full-time Instruction/research/public service, Tenured, Associate professors","94","30","64","0","0","0","0","0","0","0","0","0","52","17","35","0","0","0","0","0","0","0","0","0","42","13","29","0","0","0","-2"
"243203","University of Puerto Rico-Medical Sciences","2010","Total full-time Instruction/research/public service, Tenured, Assistant professors","35","11","24","0","0","0","0","0","0","0","0","0","18","6","12","0","0","0","0","0","0","0","0","0","17","5","12","0","0","0","-2"
"243203","University of Puerto Rico-Medical Sciences","2010","Total full-time Instruction/research/public service, Tenured, Instructors","3","1","2","0","0","0","0","0","0","0","0","0","1","1","0","0","0","0","0","0","0","0","0","0","2","0","2","0","0","0","-2"
"243203","University of Puerto Rico-Medical Sciences","2010","Total full-time Instruction/research/public service, Tenured, No academic rank","5","2","3","0","0","0","0","0","0","0","0","0","1","0","1","0","0","0","1","1","0","0","0","0","3","1","2","0","0","0","-2"
"243203","University of Puerto Rico-Medical Sciences","2010","Total full-time Instruction/research/public service, Tenured total","372","158","214","0","0","0","0","0","0","0","0","0","174","69","105","0","0","0","5","4","1","0","0","0","193","85","108","0","0","0","-2"
"243203","University of Puerto Rico-Medical Sciences","2010","Total full-time Instruction/research/public service, Non-tenured on tenure track, Professors","25","13","12","0","0","0","1","0","1","0","0","0","10","5","5","0","0","0","0","0","0","0","0","0","14","8","6","0","0","0","-2"
"243203","University of Puerto Rico-Medical Sciences","2010","Total full-time Instruction/research/public service, Non-tenured on tenure track, Associate professors","30","18","12","0","0","0","0","0","0","0","0","0","14","7","7","0","0","0","0","0","0","0","0","0","16","11","5","0","0","0","-2"
"243203","University of Puerto Rico-Medical Sciences","2010","Total full-time Instruction/research/public service, Non-tenured on tenure track, Assistant professors","45","18","27","0","0","0","0","0","0","0","0","0","23","11","12","0","0","0","0","0","0","0","0","0","22","7","15","0","0","0","-2"
"243203","University of Puerto Rico-Medical Sciences","2010","Total full-time Instruction/research/public service, Non-tenured on tenure track, Instructors","8","1","7","0","0","0","0","0","0","0","0","0","6","1","5","0","0","0","0","0","0","0","0","0","2","0","2","0","0","0","-2"
"243203","University of Puerto Rico-Medical Sciences","2010","Total full-time Instruction/research/public service, Non-tenured on tenure track, No academic rank","4","3","1","0","0","0","0","0","0","0","0","0","1","1","0","0","0","0","2","2","0","0","0","0","1","0","1","0","0","0","-2"
"243203","University of Puerto Rico-Medical Sciences","2010","Total full-time Instruction/research/public service, Non-tenured on tenure track total","112","53","59","0","0","0","1","0","1","0","0","0","54","25","29","0","0","0","2","2","0","0","0","0","55","26","29","0","0","0","-2"
"243203","University of Puerto Rico-Medical Sciences","2010","Total full-time Instruction/research/public service, Non-tenured not on tenure track, Associate professors","17","10","7","0","0","0","0","0","0","0","0","0","7","6","1","0","0","0","0","0","0","0","0","0","10","4","6","0","0","0","-2"
"243203","University of Puerto Rico-Medical Sciences","2010","Total full-time Instruction/research/public servicey, Non-tenured not on tenure track, Assistant professors","60","28","32","0","0","0","1","0","1","0","0","0","18","8","10","0","0","0","0","0","0","0","0","0","41","20","21","0","0","0","-2"
"243203","University of Puerto Rico-Medical Sciences","2010","Total full-time Instruction/research/public service, Non-tenured not on tenure track, Instructors","10","1","9","0","0","0","0","0","0","0","0","0","10","1","9","0","0","0","0","0","0","0","0","0","0","0","0","0","0","0","-2"
"243203","University of Puerto Rico-Medical Sciences","2010","Total full-time Instruction/research/public service, Non-tenured not on tenure track, No academic rank","61","17","44","0","0","0","1","1","0","0","0","0","27","8","19","0","0","0","1","0","1","0","0","0","32","8","24","0","0","0","-2"
"243203","University of Puerto Rico-Medical Sciences","2010","Total full-time Instruction/research/public service, Non-tenured not on tenure track total","148","56","92","0","0","0","2","1","1","0","0","0","62","23","39","0","0","0","1","0","1","0","0","0","83","32","51","0","0","0","-2"
"243212","University of Puerto Rico-Ponce","2010","Total full-time Instruction/research/public service, Tenured, Professors","35","14","21","0","0","0","0","0","0","0","0","0","35","14","21","0","0","0","0","0","0","0","0","0","0","0","0","0","0","0","-2"
"243212","University of Puerto Rico-Ponce","2010","Total full-time Instruction/research/public service, Tenured, Associate professors","26","10","16","0","0","0","0","0","0","0","0","0","26","10","16","0","0","0","0","0","0","0","0","0","0","0","0","0","0","0","-2"
"243212","University of Puerto Rico-Ponce","2010","Total full-time Instruction/research/public service, Tenured, Assistant professors","26","8","18","0","0","0","0","0","0","0","0","0","26","8","18","0","0","0","0","0","0","0","0","0","0","0","0","0","0","0","-2"
"243212","University of Puerto Rico-Ponce","2010","Total full-time Instruction/research/public service, Tenured, Instructors","9","7","2","0","0","0","0","0","0","0","0","0","8","6","2","0","0","0","1","1","0","0","0","0","0","0","0","0","0","0","-2"
"243212","University of Puerto Rico-Ponce","2010","Total full-time Instruction/research/public service, Tenured total","96","39","57","0","0","0","0","0","0","0","0","0","95","38","57","0","0","0","1","1","0","0","0","0","0","0","0","0","0","0","-2"
"243212","University of Puerto Rico-Ponce","2010","Total full-time Instruction/research/public service, Non-tenured on tenure track, Associate professors","1","0","1","0","0","0","0","0","0","0","0","0","1","0","1","0","0","0","0","0","0","0","0","0","0","0","0","0","0","0","-2"
"243212","University of Puerto Rico-Ponce","2010","Total full-time Instruction/research/public service, Non-tenured on tenure track, Assistant professors","6","2","4","0","0","0","0","0","0","0","0","0","6","2","4","0","0","0","0","0","0","0","0","0","0","0","0","0","0","0","-2"
"243212","University of Puerto Rico-Ponce","2010","Total full-time Instruction/research/public service, Non-tenured on tenure track, Instructors","1","0","1","0","0","0","0","0","0","0","0","0","1","0","1","0","0","0","0","0","0","0","0","0","0","0","0","0","0","0","-2"
"243212","University of Puerto Rico-Ponce","2010","Total full-time Instruction/research/public service, Non-tenured on tenure track total","8","2","6","0","0","0","0","0","0","0","0","0","8","2","6","0","0","0","0","0","0","0","0","0","0","0","0","0","0","0","-2"
"243212","University of Puerto Rico-Ponce","2010","Total full-time Instruction/research/public service, Non-tenured not on tenure track, Instructors","4","1","3","0","0","0","0","0","0","0","0","0","4","1","3","0","0","0","0","0","0","0","0","0","0","0","0","0","0","0","-2"
"243212","University of Puerto Rico-Ponce","2010","Total full-time Instruction/research/public service, Non-tenured not on tenure track total","4","1","3","0","0","0","0","0","0","0","0","0","4","1","3","0","0","0","0","0","0","0","0","0","0","0","0","0","0","0","-2"
"243221","University of Puerto Rico-Rio Piedras","2010","Total full-time Instruction/research/public service, Tenured, Professors","471","248","223","1","0","1","3","3","0","0","0","0","210","96","114","0","0","0","11","9","2","1","1","0","231","127","104","14","12","2","-2"
"243221","University of Puerto Rico-Rio Piedras","2010","Total full-time Instruction/research/public service, Tenured, Associate professors","185","96","89","0","0","0","0","0","0","0","0","0","88","41","47","0","0","0","10","5","5","1","0","1","74","41","33","12","9","3","-2"
"243221","University of Puerto Rico-Rio Piedras","2010","Total full-time Instruction/research/public service, Tenured, Assistant professors","65","29","36","0","0","0","1","0","1","0","0","0","33","15","18","0","0","0","1","1","0","0","0","0","27","11","16","3","2","1","-2"
"243221","University of Puerto Rico-Rio Piedras","2010","Total full-time Instruction/research/public service, Tenured, Instructors","6","5","1","0","0","0","0","0","0","0","0","0","4","3","1","0","0","0","0","0","0","0","0","0","2","2","0","0","0","0","-2"
"243221","University of Puerto Rico-Rio Piedras","2010","Total full-time Instruction/research/public service, Tenured total","727","378","349","1","0","1","4","3","1","0","0","0","335","155","180","0","0","0","22","15","7","2","1","1","334","181","153","29","23","6","-2"
"243221","University of Puerto Rico-Rio Piedras","2010","Total full-time Instruction/research/public service, Non-tenured on tenure track, Professors","5","0","5","0","0","0","0","0","0","0","0","0","4","0","4","0","0","0","0","0","0","0","0","0","1","0","1","0","0","0","-2"
"243221","University of Puerto Rico-Rio Piedras","2010","Total full-time Instruction/research/public service, Non-tenured on tenure track, Associate professors","9","4","5","0","0","0","0","0","0","0","0","0","2","0","2","0","0","0","0","0","0","0","0","0","4","2","2","3","2","1","-2"
"243221","University of Puerto Rico-Rio Piedras","2010","Total full-time Instruction/research/public service, Non-tenured on tenure track, Assistant professors","91","53","38","0","0","0","0","0","0","1","0","1","41","17","24","0","0","0","5","4","1","1","1","0","27","17","10","16","14","2","-2"
"243221","University of Puerto Rico-Rio Piedras","2010","Total full-time Instruction/research/public service, Non-tenured on tenure track, Instructors","10","4","6","0","0","0","0","0","0","0","0","0","7","3","4","0","0","0","0","0","0","0","0","0","2","1","1","1","0","1","-2"
"243221","University of Puerto Rico-Rio Piedras","2010","Total full-time Instruction/research/public service, Non-tenured on tenure track total","115","61","54","0","0","0","0","0","0","1","0","1","54","20","34","0","0","0","5","4","1","1","1","0","34","20","14","20","16","4","-2"
"243221","University of Puerto Rico-Rio Piedras","2010","Total full-time Instruction/research/public service, Non-tenured not on tenure track, Professors","3","0","3","0","0","0","0","0","0","0","0","0","2","0","2","0","0","0","0","0","0","0","0","0","0","0","0","1","0","1","-2"
"243221","University of Puerto Rico-Rio Piedras","2010","Total full-time Instruction/research/public service, Non-tenured not on tenure track, Associate professors","2","2","0","0","0","0","0","0","0","0","0","0","0","0","0","0","0","0","0","0","0","0","0","0","2","2","0","0","0","0","-2"
"243221","University of Puerto Rico-Rio Piedras","2010","Total full-time Instruction/research/public servicey, Non-tenured not on tenure track, Assistant professors","55","15","40","0","0","0","1","1","0","0","0","0","21","4","17","0","0","0","0","0","0","0","0","0","23","6","17","10","4","6","-2"
"243221","University of Puerto Rico-Rio Piedras","2010","Total full-time Instruction/research/public service, Non-tenured not on tenure track, Instructors","48","27","21","0","0","0","0","0","0","0","0","0","24","11","13","0","0","0","0","0","0","0","0","0","21","13","8","3","3","0","-2"
"243221","University of Puerto Rico-Rio Piedras","2010","Total full-time Instruction/research/public service, Non-tenured not on tenure track, No academic rank","7","3","4","0","0","0","0","0","0","0","0","0","3","0","3","0","0","0","0","0","0","0","0","0","2","2","0","2","1","1","-2"
"243221","University of Puerto Rico-Rio Piedras","2010","Total full-time Instruction/research/public service, Non-tenured not on tenure track total","115","47","68","0","0","0","1","1","0","0","0","0","50","15","35","0","0","0","0","0","0","0","0","0","48","23","25","16","8","8","-2"
"243443","Universidad del Sagrado Corazon","2010","Total full-time Instruction/research/public service, Tenured, Professors","69","21","48","0","0","0","1","1","0","0","0","0","66","20","46","0","0","0","2","0","2","0","0","0","0","0","0","0","0","0","-2"
"243443","Universidad del Sagrado Corazon","2010","Total full-time Instruction/research/public service, Tenured, Associate professors","10","7","3","0","0","0","0","0","0","0","0","0","10","7","3","0","0","0","0","0","0","0","0","0","0","0","0","0","0","0","-2"
"243443","Universidad del Sagrado Corazon","2010","Total full-time Instruction/research/public service, Tenured, Assistant professors","12","4","8","0","0","0","0","0","0","0","0","0","12","4","8","0","0","0","0","0","0","0","0","0","0","0","0","0","0","0","-2"
"243443","Universidad del Sagrado Corazon","2010","Total full-time Instruction/research/public service, Tenured, Instructors","3","2","1","0","0","0","0","0","0","0","0","0","3","2","1","0","0","0","0","0","0","0","0","0","0","0","0","0","0","0","-2"
"243443","Universidad del Sagrado Corazon","2010","Total full-time Instruction/research/public service, Tenured total","94","34","60","0","0","0","1","1","0","0","0","0","91","33","58","0","0","0","2","0","2","0","0","0","0","0","0","0","0","0","-2"
"243443","Universidad del Sagrado Corazon","2010","Total full-time Instruction/research/public service, Non-tenured on tenure track, Assistant professors","2","0","2","0","0","0","0","0","0","0","0","0","2","0","2","0","0","0","0","0","0","0","0","0","0","0","0","0","0","0","-2"
"243443","Universidad del Sagrado Corazon","2010","Total full-time Instruction/research/public service, Non-tenured on tenure track, Instructors","4","1","3","0","0","0","0","0","0","0","0","0","4","1","3","0","0","0","0","0","0","0","0","0","0","0","0","0","0","0","-2"
"243443","Universidad del Sagrado Corazon","2010","Total full-time Instruction/research/public service, Non-tenured on tenure track total","6","1","5","0","0","0","0","0","0","0","0","0","6","1","5","0","0","0","0","0","0","0","0","0","0","0","0","0","0","0","-2"
"243577","Universidad Politecnica de Puerto Rico","2010","Total full-time Instruction/research/public service, Tenured, Professors","19","14","5","0","0","0","1","1","0","0","0","0","18","13","5","0","0","0","0","0","0","0","0","0","0","0","0","0","0","0","-2"
"243577","Universidad Politecnica de Puerto Rico","2010","Total full-time Instruction/research/public service, Tenured, Associate professors","10","4","6","0","0","0","0","0","0","0","0","0","10","4","6","0","0","0","0","0","0","0","0","0","0","0","0","0","0","0","-2"
"243577","Universidad Politecnica de Puerto Rico","2010","Total full-time Instruction/research/public service, Tenured total","29","18","11","0","0","0","1","1","0","0","0","0","28","17","11","0","0","0","0","0","0","0","0","0","0","0","0","0","0","0","-2"
"243577","Universidad Politecnica de Puerto Rico","2010","Total full-time Instruction/research/public service, Non-tenured not on tenure track, Professors","18","14","4","0","0","0","0","0","0","0","0","0","16","12","4","0","0","0","0","0","0","2","2","0","0","0","0","0","0","0","-2"
"243577","Universidad Politecnica de Puerto Rico","2010","Total full-time Instruction/research/public service, Non-tenured not on tenure track, Associate professors","70","46","24","0","0","0","0","0","0","0","0","0","69","45","24","0","0","0","0","0","0","1","1","0","0","0","0","0","0","0","-2"
"243577","Universidad Politecnica de Puerto Rico","2010","Total full-time Instruction/research/public servicey, Non-tenured not on tenure track, Assistant professors","24","14","10","0","0","0","0","0","0","0","0","0","24","14","10","0","0","0","0","0","0","0","0","0","0","0","0","0","0","0","-2"
"243577","Universidad Politecnica de Puerto Rico","2010","Total full-time Instruction/research/public service, Non-tenured not on tenure track, Instructors","16","9","7","0","0","0","0","0","0","0","0","0","16","9","7","0","0","0","0","0","0","0","0","0","0","0","0","0","0","0","-2"
"243577","Universidad Politecnica de Puerto Rico","2010","Total full-time Instruction/research/public service, Non-tenured not on tenure track total","128","83","45","0","0","0","0","0","0","0","0","0","125","80","45","0","0","0","0","0","0","3","3","0","0","0","0","0","0","0","-2"
"245953","Mid-America Christian University","2010","Total full-time Instruction/research/public service, Non-tenured not on tenure track, Professors","3","3","0","0","0","0","0","0","0","0","0","0","0","0","0","0","0","0","2","2","0","1","1","0","0","0","0","0","0","0","-2"
"245953","Mid-America Christian University","2010","Total full-time Instruction/research/public service, Non-tenured not on tenure track, Associate professors","6","4","2","0","0","0","0","0","0","0","0","0","0","0","0","0","0","0","5","3","2","1","1","0","0","0","0","0","0","0","-2"
"245953","Mid-America Christian University","2010","Total full-time Instruction/research/public servicey, Non-tenured not on tenure track, Assistant professors","10","4","6","0","0","0","0","0","0","0","0","0","0","0","0","0","0","0","9","3","6","1","1","0","0","0","0","0","0","0","-2"
"245953","Mid-America Christian University","2010","Total full-time Instruction/research/public service, Non-tenured not on tenure track total","19","11","8","0","0","0","0","0","0","0","0","0","0","0","0","0","0","0","16","8","8","3","3","0","0","0","0","0","0","0","-2"
"366711","California State University-San Marcos","2010","Total full-time Instruction/research/public service, Tenured, Professors","86","42","44","0","0","0","12","8","4","2","1","1","10","8","2","0","0","0","61","25","36","1","0","1","0","0","0","0","0","0","-2"
"366711","California State University-San Marcos","2010","Total full-time Instruction/research/public service, Tenured, Associate professors","75","41","34","1","0","1","12","10","2","4","3","1","12","3","9","1","1","0","37","20","17","1","0","1","6","4","2","1","0","1","-2"
"366711","California State University-San Marcos","2010","Total full-time Instruction/research/public service, Tenured, Assistant professors","1","0","1","0","0","0","0","0","0","0","0","0","0","0","0","0","0","0","1","0","1","0","0","0","0","0","0","0","0","0","-2"
"366711","California State University-San Marcos","2010","Total full-time Instruction/research/public service, Tenured total","162","83","79","1","0","1","24","18","6","6","4","2","22","11","11","1","1","0","99","45","54","2","0","2","6","4","2","1","0","1","-2"
"366711","California State University-San Marcos","2010","Total full-time Instruction/research/public service, Non-tenured on tenure track, Professors","1","0","1","0","0","0","0","0","0","0","0","0","0","0","0","0","0","0","1","0","1","0","0","0","0","0","0","0","0","0","-2"
"366711","California State University-San Marcos","2010","Total full-time Instruction/research/public service, Non-tenured on tenure track, Associate professors","3","2","1","0","0","0","0","0","0","0","0","0","0","0","0","0","0","0","3","2","1","0","0","0","0","0","0","0","0","0","-2"
"366711","California State University-San Marcos","2010","Total full-time Instruction/research/public service, Non-tenured on tenure track, Assistant professors","40","17","23","0","0","0","5","3","2","1","1","0","7","2","5","0","0","0","26","10","16","0","0","0","1","1","0","0","0","0","-2"
"366711","California State University-San Marcos","2010","Total full-time Instruction/research/public service, Non-tenured on tenure track total","44","19","25","0","0","0","5","3","2","1","1","0","7","2","5","0","0","0","30","12","18","0","0","0","1","1","0","0","0","0","-2"
"366711","California State University-San Marcos","2010","Total full-time Instruction/research/public service, Non-tenured not on tenure track, Lecturers","37","10","27","0","0","0","2","1","1","0","0","0","5","2","3","0","0","0","29","7","22","0","0","0","1","0","1","0","0","0","-2"
"366711","California State University-San Marcos","2010","Total full-time Instruction/research/public service, Non-tenured not on tenure track total","37","10","27","0","0","0","2","1","1","0","0","0","5","2","3","0","0","0","29","7","22","0","0","0","1","0","1","0","0","0","-2"
"409698","California State University-Monterey Bay","2010","Total full-time Instruction/research/public service, Tenured, Professors","44","29","15","1","1","0","12","7","5","2","1","1","9","6","3","0","0","0","20","14","6","0","0","0","0","0","0","0","0","0","-2"
"409698","California State University-Monterey Bay","2010","Total full-time Instruction/research/public service, Tenured, Associate professors","28","13","15","0","0","0","3","1","2","3","2","1","5","2","3","0","0","0","15","6","9","0","0","0","2","2","0","0","0","0","-2"
"409698","California State University-Monterey Bay","2010","Total full-time Instruction/research/public service, Tenured, No academic rank","2","1","1","0","0","0","0","0","0","0","0","0","0","0","0","0","0","0","2","1","1","0","0","0","0","0","0","0","0","0","-2"
"409698","California State University-Monterey Bay","2010","Total full-time Instruction/research/public service, Tenured total","74","43","31","1","1","0","15","8","7","5","3","2","14","8","6","0","0","0","37","21","16","0","0","0","2","2","0","0","0","0","-2"
"409698","California State University-Monterey Bay","2010","Total full-time Instruction/research/public service, Non-tenured on tenure track, Associate professors","3","1","2","0","0","0","0","0","0","1","1","0","0","0","0","1","0","1","1","0","1","0","0","0","0","0","0","0","0","0","-2"
"409698","California State University-Monterey Bay","2010","Total full-time Instruction/research/public service, Non-tenured on tenure track, Assistant professors","35","16","19","0","0","0","6","1","5","2","2","0","8","4","4","0","0","0","14","6","8","0","0","0","5","3","2","0","0","0","-2"
"409698","California State University-Monterey Bay","2010","Total full-time Instruction/research/public service, Non-tenured on tenure track, No academic rank","1","1","0","0","0","0","0","0","0","0","0","0","0","0","0","0","0","0","1","1","0","0","0","0","0","0","0","0","0","0","-2"
"409698","California State University-Monterey Bay","2010","Total full-time Instruction/research/public service, Non-tenured on tenure track total","39","18","21","0","0","0","6","1","5","3","3","0","8","4","4","1","0","1","16","7","9","0","0","0","5","3","2","0","0","0","-2"
"409698","California State University-Monterey Bay","2010","Total full-time Instruction/research/public service, Non-tenured not on tenure track, Lecturers","45","16","29","0","0","0","5","3","2","2","0","2","6","1","5","0","0","0","30","11","19","0","0","0","2","1","1","0","0","0","-2"
"409698","California State University-Monterey Bay","2010","Total full-time Instruction/research/public service, Non-tenured not on tenure track total","45","16","29","0","0","0","5","3","2","2","0","2","6","1","5","0","0","0","30","11","19","0","0","0","2","1","1","0","0","0","-2"
"416801","The University of Texas MD Anderson Cancer Center","2010","Total full-time Instruction/research/public service, Tenured, Professors","325","255","70","0","0","0","71","57","14","3","2","1","19","13","6","0","0","0","232","183","49","0","0","0","0","0","0","0","0","0","-2"
"416801","The University of Texas MD Anderson Cancer Center","2010","Total full-time Instruction/research/public service, Tenured, Associate professors","134","81","53","0","0","0","45","28","17","2","1","1","8","4","4","0","0","0","79","48","31","0","0","0","0","0","0","0","0","0","-2"
"416801","The University of Texas MD Anderson Cancer Center","2010","Total full-time Instruction/research/public service, Tenured, Lecturers","1","1","0","0","0","0","0","0","0","0","0","0","0","0","0","0","0","0","1","1","0","0","0","0","0","0","0","0","0","0","-2"
"416801","The University of Texas MD Anderson Cancer Center","2010","Total full-time Instruction/research/public service, Tenured total","460","337","123","0","0","0","116","85","31","5","3","2","27","17","10","0","0","0","312","232","80","0","0","0","0","0","0","0","0","0","-2"
"416801","The University of Texas MD Anderson Cancer Center","2010","Total full-time Instruction/research/public service, Non-tenured on tenure track, Professors","4","2","2","0","0","0","1","1","0","0","0","0","0","0","0","0","0","0","3","1","2","0","0","0","0","0","0","0","0","0","-2"
"416801","The University of Texas MD Anderson Cancer Center","2010","Total full-time Instruction/research/public service, Non-tenured on tenure track, Associate professors","20","15","5","0","0","0","7","4","3","2","1","1","1","1","0","0","0","0","10","9","1","0","0","0","0","0","0","0","0","0","-2"
"416801","The University of Texas MD Anderson Cancer Center","2010","Total full-time Instruction/research/public service, Non-tenured on tenure track, Assistant professors","130","85","45","0","0","0","49","35","14","1","0","1","8","6","2","0","0","0","72","44","28","0","0","0","0","0","0","0","0","0","-2"
"416801","The University of Texas MD Anderson Cancer Center","2010","Total full-time Instruction/research/public service, Non-tenured on tenure track, Lecturers","1","1","0","0","0","0","0","0","0","0","0","0","0","0","0","0","0","0","1","1","0","0","0","0","0","0","0","0","0","0","-2"
"416801","The University of Texas MD Anderson Cancer Center","2010","Total full-time Instruction/research/public service, Non-tenured on tenure track total","155","103","52","0","0","0","57","40","17","3","1","2","9","7","2","0","0","0","86","55","31","0","0","0","0","0","0","0","0","0","-2"
"416801","The University of Texas MD Anderson Cancer Center","2010","Total full-time Instruction/research/public service, Non-tenured not on tenure track, Lecturers","874","514","360","2","0","2","396","249","147","26","12","14","53","30","23","0","0","0","396","223","173","0","0","0","0","0","0","1","0","1","-2"
"416801","The University of Texas MD Anderson Cancer Center","2010","Total full-time Instruction/research/public service, Non-tenured not on tenure track total","874","514","360","2","0","2","396","249","147","26","12","14","53","30","23","0","0","0","396","223","173","0","0","0","0","0","0","1","0","1","-2"
"430670","San Juan Bautista School of Medicine","2010","Total full-time Instruction/research/public service, Tenured, Professors","4","3","1","0","0","0","0","0","0","0","0","0","4","3","1","0","0","0","0","0","0","0","0","0","0","0","0","0","0","0","-2"
"430670","San Juan Bautista School of Medicine","2010","Total full-time Instruction/research/public service, Tenured, Associate professors","2","2","0","0","0","0","0","0","0","0","0","0","2","2","0","0","0","0","0","0","0","0","0","0","0","0","0","0","0","0","-2"
"430670","San Juan Bautista School of Medicine","2010","Total full-time Instruction/research/public service, Tenured, Assistant professors","5","1","4","0","0","0","0","0","0","0","0","0","5","1","4","0","0","0","0","0","0","0","0","0","0","0","0","0","0","0","-2"
"430670","San Juan Bautista School of Medicine","2010","Total full-time Instruction/research/public service, Tenured total","11","6","5","0","0","0","0","0","0","0","0","0","11","6","5","0","0","0","0","0","0","0","0","0","0","0","0","0","0","0","-2"
"430670","San Juan Bautista School of Medicine","2010","Total full-time Instruction/research/public service, Non-tenured on tenure track, Associate professors","2","1","1","0","0","0","0","0","0","0","0","0","2","1","1","0","0","0","0","0","0","0","0","0","0","0","0","0","0","0","-2"
"430670","San Juan Bautista School of Medicine","2010","Total full-time Instruction/research/public service, Non-tenured on tenure track, Assistant professors","6","4","2","0","0","0","0","0","0","0","0","0","6","4","2","0","0","0","0","0","0","0","0","0","0","0","0","0","0","0","-2"
"430670","San Juan Bautista School of Medicine","2010","Total full-time Instruction/research/public service, Non-tenured on tenure track, Instructors","1","0","1","0","0","0","0","0","0","0","0","0","1","0","1","0","0","0","0","0","0","0","0","0","0","0","0","0","0","0","-2"
"430670","San Juan Bautista School of Medicine","2010","Total full-time Instruction/research/public service, Non-tenured on tenure track total","9","5","4","0","0","0","0","0","0","0","0","0","9","5","4","0","0","0","0","0","0","0","0","0","0","0","0","0","0","0","-2"
"430670","San Juan Bautista School of Medicine","2010","Total full-time Instruction/research/public service, Non-tenured not on tenure track, Professors","1","1","0","0","0","0","0","0","0","0","0","0","1","1","0","0","0","0","0","0","0","0","0","0","0","0","0","0","0","0","-2"
"430670","San Juan Bautista School of Medicine","2010","Total full-time Instruction/research/public service, Non-tenured not on tenure track, Associate professors","2","1","1","0","0","0","0","0","0","0","0","0","2","1","1","0","0","0","0","0","0","0","0","0","0","0","0","0","0","0","-2"
"430670","San Juan Bautista School of Medicine","2010","Total full-time Instruction/research/public servicey, Non-tenured not on tenure track, Assistant professors","8","5","3","0","0","0","0","0","0","0","0","0","8","5","3","0","0","0","0","0","0","0","0","0","0","0","0","0","0","0","-2"
"430670","San Juan Bautista School of Medicine","2010","Total full-time Instruction/research/public service, Non-tenured not on tenure track, Instructors","3","2","1","0","0","0","0","0","0","0","0","0","3","2","1","0","0","0","0","0","0","0","0","0","0","0","0","0","0","0","-2"
"430670","San Juan Bautista School of Medicine","2010","Total full-time Instruction/research/public service, Non-tenured not on tenure track total","14","9","5","0","0","0","0","0","0","0","0","0","14","9","5","0","0","0","0","0","0","0","0","0","0","0","0","0","0","0","-2"
"440794","Pillar College","2010","Total full-time Instruction/research/public service, Non-tenured not on tenure track, Professors","3","3","0","0","0","0","1","1","0","0","0","0","0","0","0","0","0","0","2","2","0","0","0","0","0","0","0","0","0","0","-2"
"440794","Pillar College","2010","Total full-time Instruction/research/public service, Non-tenured not on tenure track, Associate professors","1","1","0","0","0","0","0","0","0","0","0","0","0","0","0","0","0","0","1","1","0","0","0","0","0","0","0","0","0","0","-2"
"440794","Pillar College","2010","Total full-time Instruction/research/public servicey, Non-tenured not on tenure track, Assistant professors","2","1","1","0","0","0","0","0","0","1","0","1","0","0","0","0","0","0","1","1","0","0","0","0","0","0","0","0","0","0","-2"
"440794","Pillar College","2010","Total full-time Instruction/research/public service, Non-tenured not on tenure track total","6","5","1","0","0","0","1","1","0","1","0","1","0","0","0","0","0","0","4","4","0","0","0","0","0","0","0","0","0","0","-2"
"441937","California State University-Channel Islands","2010","Total full-time Instruction/research/public service, Tenured, Professors","21","12","9","0","0","0","1","0","1","0","0","0","2","0","2","0","0","0","17","12","5","1","0","1","0","0","0","0","0","0","-2"
"441937","California State University-Channel Islands","2010","Total full-time Instruction/research/public service, Tenured, Associate professors","29","16","13","0","0","0","1","1","0","1","1","0","8","5","3","0","0","0","17","7","10","0","0","0","1","1","0","1","1","0","-2"
"441937","California State University-Channel Islands","2010","Total full-time Instruction/research/public service, Tenured, Lecturers","1","0","1","0","0","0","0","0","0","0","0","0","0","0","0","0","0","0","1","0","1","0","0","0","0","0","0","0","0","0","-2"
"441937","California State University-Channel Islands","2010","Total full-time Instruction/research/public service, Tenured total","51","28","23","0","0","0","2","1","1","1","1","0","10","5","5","0","0","0","35","19","16","1","0","1","1","1","0","1","1","0","-2"
"441937","California State University-Channel Islands","2010","Total full-time Instruction/research/public service, Non-tenured on tenure track, Professors","1","1","0","0","0","0","1","1","0","0","0","0","0","0","0","0","0","0","0","0","0","0","0","0","0","0","0","0","0","0","-2"
"441937","California State University-Channel Islands","2010","Total full-time Instruction/research/public service, Non-tenured on tenure track, Associate professors","9","4","5","0","0","0","1","0","1","1","0","1","1","1","0","0","0","0","5","2","3","0","0","0","0","0","0","1","1","0","-2"
"441937","California State University-Channel Islands","2010","Total full-time Instruction/research/public service, Non-tenured on tenure track, Assistant professors","16","7","9","0","0","0","2","0","2","0","0","0","2","1","1","0","0","0","9","3","6","0","0","0","3","3","0","0","0","0","-2"
"441937","California State University-Channel Islands","2010","Total full-time Instruction/research/public service, Non-tenured on tenure track total","26","12","14","0","0","0","4","1","3","1","0","1","3","2","1","0","0","0","14","5","9","0","0","0","3","3","0","1","1","0","-2"
"441937","California State University-Channel Islands","2010","Total full-time Instruction/research/public service, Non-tenured not on tenure track, Lecturers","56","28","28","0","0","0","8","4","4","0","0","0","7","5","2","0","0","0","36","16","20","3","2","1","1","0","1","1","1","0","-2"
"441937","California State University-Channel Islands","2010","Total full-time Instruction/research/public service, Non-tenured not on tenure track total","56","28","28","0","0","0","8","4","4","0","0","0","7","5","2","0","0","0","36","16","20","3","2","1","1","0","1","1","1","0","-2"
"455770","Providence Christian College","2010","Total full-time Instruction/research/public service, Non-tenured not on tenure track, Associate professors","2","2","0","0","0","0","0","0","0","0","0","0","0","0","0","0","0","0","2","2","0","0","0","0","0","0","0","0","0","0","-2"
"455770","Providence Christian College","2010","Total full-time Instruction/research/public servicey, Non-tenured not on tenure track, Assistant professors","3","3","0","0","0","0","0","0","0","0","0","0","0","0","0","0","0","0","3","3","0","0","0","0","0","0","0","0","0","0","-2"
"455770","Providence Christian College","2010","Total full-time Instruction/research/public service, Non-tenured not on tenure track total","5","5","0","0","0","0","0","0","0","0","0","0","0","0","0","0","0","0","5","5","0","0","0","0","0","0","0","0","0","0","-2"
