"unitid","institution name","year","S2020_IS.Instructional staff category","S2020_IS.Grand total","S2020_IS.Grand total men","S2020_IS.Grand total women","S2020_IS.American Indian or Alaska Native total","S2020_IS.American Indian or Alaska Native men","S2020_IS.American Indian or Alaska Native women","S2020_IS.Asian total","S2020_IS.Asian men","S2020_IS.Asian women","S2020_IS.Black or African American total","S2020_IS.Black or African American men","S2020_IS.Black or African American women","S2020_IS.Hispanic or Latino total","S2020_IS.Hispanic or Latino men","S2020_IS.Hispanic or Latino women","S2020_IS.Native Hawaiian or Other Pacific Islander total","S2020_IS.Native Hawaiian or Other Pacific Islander men","S2020_IS.Native Hawaiian or Other Pacific Islander women","S2020_IS.White total","S2020_IS.White men","S2020_IS.White women","S2020_IS.Two or more races total","S2020_IS.Two or more races men","S2020_IS.Two or more races women","S2020_IS.Race/ethnicity unknown total","S2020_IS.Race/ethnicity unknown men","S2020_IS.Race/ethnicity unknown women","S2020_IS.Nonresident alien total","S2020_IS.Nonresident alien men","S2020_IS.Nonresident alien women","IDX_HR"
"109350","Antelope Valley College","2020","Tenured total","122","70","52","1","1","0","10","7","3","12","5","7","14","9","5","1","0","1","78","44","34","5","3","2","1","1","0","0","0","0","-2"
"109350","Antelope Valley College","2020","Tenured, professors","45","22","23","1","1","0","2","0","2","4","0","4","7","5","2","0","0","0","29","15","14","2","1","1","0","0","0","0","0","0","-2"
"109350","Antelope Valley College","2020","Tenured, associate professors","67","43","24","0","0","0","8","7","1","6","5","1","4","3","1","1","0","1","46","27","19","1","0","1","1","1","0","0","0","0","-2"
"109350","Antelope Valley College","2020","Tenured, instructors","7","3","4","0","0","0","0","0","0","2","0","2","1","0","1","0","0","0","3","2","1","1","1","0","0","0","0","0","0","0","-2"
"109350","Antelope Valley College","2020","Tenured, no academic rank","3","2","1","0","0","0","0","0","0","0","0","0","2","1","1","0","0","0","0","0","0","1","1","0","0","0","0","0","0","0","-2"
"109350","Antelope Valley College","2020","On-Tenure track total","36","20","16","0","0","0","2","0","2","3","1","2","3","1","2","2","0","2","21","17","4","3","1","2","2","0","2","0","0","0","-2"
"109350","Antelope Valley College","2020","On-tenure track, professors","1","0","1","0","0","0","0","0","0","0","0","0","0","0","0","1","0","1","0","0","0","0","0","0","0","0","0","0","0","0","-2"
"109350","Antelope Valley College","2020","On-tenure track, instructors","11","6","5","0","0","0","2","0","2","1","0","1","1","1","0","0","0","0","5","5","0","1","0","1","1","0","1","0","0","0","-2"
"109350","Antelope Valley College","2020","On-tenure track, no academic rank","24","14","10","0","0","0","0","0","0","2","1","1","2","0","2","1","0","1","16","12","4","2","1","1","1","0","1","0","0","0","-2"
"109785","Azusa Pacific University","2020","Not on tenure track/No tenure system system total","447","189","258","2","1","1","61","23","38","30","8","22","35","14","21","3","2","1","283","124","159","8","3","5","25","14","11","0","0","0","-2"
"109785","Azusa Pacific University","2020","Not on tenure/no tenure system, professors","141","83","58","1","1","0","18","10","8","8","4","4","8","4","4","1","0","1","95","56","39","0","0","0","10","8","2","0","0","0","-2"
"109785","Azusa Pacific University","2020","Not on tenure/no tenure system, associate professors","120","54","66","1","0","1","20","10","10","11","2","9","8","3","5","0","0","0","73","36","37","0","0","0","7","3","4","0","0","0","-2"
"109785","Azusa Pacific University","2020","Not on tenure/no tenure system, assistant professors","166","49","117","0","0","0","19","2","17","11","2","9","18","7","11","2","2","0","102","30","72","7","3","4","7","3","4","0","0","0","-2"
"109785","Azusa Pacific University","2020","Not on tenure/no tenure system, instructors","20","3","17","0","0","0","4","1","3","0","0","0","1","0","1","0","0","0","13","2","11","1","0","1","1","0","1","0","0","0","-2"
"109819","Bakersfield College","2020","Tenured total","196","103","93","2","1","1","7","4","3","6","4","2","33","11","22","0","0","0","131","75","56","8","5","3","4","2","2","5","1","4","-2"
"109819","Bakersfield College","2020","Tenured, instructors","196","103","93","2","1","1","7","4","3","6","4","2","33","11","22","0","0","0","131","75","56","8","5","3","4","2","2","5","1","4","-2"
"109819","Bakersfield College","2020","On-Tenure track total","114","61","53","1","1","0","2","1","1","7","6","1","29","15","14","0","0","0","69","34","35","4","3","1","0","0","0","2","1","1","-2"
"109819","Bakersfield College","2020","On-tenure track, instructors","114","61","53","1","1","0","2","1","1","7","6","1","29","15","14","0","0","0","69","34","35","4","3","1","0","0","0","2","1","1","-2"
"109819","Bakersfield College","2020","Not on tenure track/No tenure system system total","40","19","21","1","1","0","1","0","1","4","3","1","10","2","8","0","0","0","20","11","9","4","2","2","0","0","0","0","0","0","-2"
"109819","Bakersfield College","2020","Not on tenure/no tenure system, instructors","40","19","21","1","1","0","1","0","1","4","3","1","10","2","8","0","0","0","20","11","9","4","2","2","0","0","0","0","0","0","-2"
"110361","California Baptist University","2020","Tenured total","153","86","67","0","0","0","26","17","9","1","0","1","8","3","5","1","0","1","112","64","48","3","1","2","2","1","1","0","0","0","-2"
"110361","California Baptist University","2020","Tenured, professors","95","62","33","0","0","0","18","13","5","1","0","1","4","1","3","0","0","0","69","47","22","3","1","2","0","0","0","0","0","0","-2"
"110361","California Baptist University","2020","Tenured, associate professors","58","24","34","0","0","0","8","4","4","0","0","0","4","2","2","1","0","1","43","17","26","0","0","0","2","1","1","0","0","0","-2"
"110361","California Baptist University","2020","On-Tenure track total","166","83","83","1","0","1","26","12","14","22","10","12","20","8","12","1","0","1","87","51","36","5","2","3","4","0","4","0","0","0","-2"
"110361","California Baptist University","2020","On-tenure track, professors","16","12","4","0","0","0","4","3","1","2","1","1","1","1","0","0","0","0","9","7","2","0","0","0","0","0","0","0","0","0","-2"
"110361","California Baptist University","2020","On-tenure track, associate professors","46","25","21","1","0","1","11","6","5","3","1","2","4","1","3","0","0","0","25","16","9","1","1","0","1","0","1","0","0","0","-2"
"110361","California Baptist University","2020","On-tenure track, assistant professors","104","46","58","0","0","0","11","3","8","17","8","9","15","6","9","1","0","1","53","28","25","4","1","3","3","0","3","0","0","0","-2"
"110361","California Baptist University","2020","Not on tenure track/No tenure system system total","28","15","13","0","0","0","2","1","1","0","0","0","4","2","2","0","0","0","22","12","10","0","0","0","0","0","0","0","0","0","-2"
"110361","California Baptist University","2020","Not on tenure/no tenure system, instructors","1","1","0","0","0","0","0","0","0","0","0","0","0","0","0","0","0","0","1","1","0","0","0","0","0","0","0","0","0","0","-2"
"110361","California Baptist University","2020","Not on tenure/no tenure system, lecturers","18","10","8","0","0","0","1","1","0","0","0","0","3","1","2","0","0","0","14","8","6","0","0","0","0","0","0","0","0","0","-2"
"110361","California Baptist University","2020","Not on tenure/no tenure system, no academic rank","9","4","5","0","0","0","1","0","1","0","0","0","1","1","0","0","0","0","7","3","4","0","0","0","0","0","0","0","0","0","-2"
"110413","California Lutheran University","2020","Tenured total","105","51","54","0","0","0","10","5","5","5","2","3","8","2","6","0","0","0","80","41","39","1","1","0","1","0","1","0","0","0","-2"
"110413","California Lutheran University","2020","Tenured, professors","57","28","29","0","0","0","7","3","4","4","2","2","2","1","1","0","0","0","44","22","22","0","0","0","0","0","0","0","0","0","-2"
"110413","California Lutheran University","2020","Tenured, associate professors","45","20","25","0","0","0","3","2","1","1","0","1","5","0","5","0","0","0","34","17","17","1","1","0","1","0","1","0","0","0","-2"
"110413","California Lutheran University","2020","Tenured, assistant professors","3","3","0","0","0","0","0","0","0","0","0","0","1","1","0","0","0","0","2","2","0","0","0","0","0","0","0","0","0","0","-2"
"110413","California Lutheran University","2020","On-Tenure track total","36","17","19","0","0","0","7","5","2","3","1","2","9","3","6","0","0","0","11","4","7","2","1","1","0","0","0","4","3","1","-2"
"110413","California Lutheran University","2020","On-tenure track, associate professors","5","2","3","0","0","0","1","0","1","0","0","0","2","1","1","0","0","0","2","1","1","0","0","0","0","0","0","0","0","0","-2"
"110413","California Lutheran University","2020","On-tenure track, assistant professors","29","15","14","0","0","0","6","5","1","3","1","2","7","2","5","0","0","0","8","3","5","2","1","1","0","0","0","3","3","0","-2"
"110413","California Lutheran University","2020","On-tenure track, instructors","2","0","2","0","0","0","0","0","0","0","0","0","0","0","0","0","0","0","1","0","1","0","0","0","0","0","0","1","0","1","-2"
"110413","California Lutheran University","2020","Not on tenure track/No tenure system system total","38","19","19","0","0","0","3","1","2","1","0","1","2","1","1","0","0","0","32","17","15","0","0","0","0","0","0","0","0","0","-2"
"110413","California Lutheran University","2020","Not on tenure/no tenure system, professors","4","3","1","0","0","0","0","0","0","0","0","0","0","0","0","0","0","0","4","3","1","0","0","0","0","0","0","0","0","0","-2"
"110413","California Lutheran University","2020","Not on tenure/no tenure system, assistant professors","8","4","4","0","0","0","1","0","1","0","0","0","2","1","1","0","0","0","5","3","2","0","0","0","0","0","0","0","0","0","-2"
"110413","California Lutheran University","2020","Not on tenure/no tenure system, instructors","1","1","0","0","0","0","0","0","0","0","0","0","0","0","0","0","0","0","1","1","0","0","0","0","0","0","0","0","0","0","-2"
"110413","California Lutheran University","2020","Not on tenure/no tenure system, lecturers","25","11","14","0","0","0","2","1","1","1","0","1","0","0","0","0","0","0","22","10","12","0","0","0","0","0","0","0","0","0","-2"
"110486","California State University-Bakersfield","2020","Tenured total","129","79","50","0","0","0","20","15","5","7","4","3","19","12","7","1","1","0","72","41","31","0","0","0","6","4","2","4","2","2","-2"
"110486","California State University-Bakersfield","2020","Tenured, professors","76","45","31","0","0","0","14","12","2","3","2","1","9","5","4","1","1","0","45","23","22","0","0","0","3","2","1","1","0","1","-2"
"110486","California State University-Bakersfield","2020","Tenured, associate professors","53","34","19","0","0","0","6","3","3","4","2","2","10","7","3","0","0","0","27","18","9","0","0","0","3","2","1","3","2","1","-2"
"110486","California State University-Bakersfield","2020","On-Tenure track total","109","57","52","1","1","0","25","15","10","6","1","5","11","6","5","0","0","0","45","23","22","0","0","0","1","1","0","20","10","10","-2"
"110486","California State University-Bakersfield","2020","On-tenure track, associate professors","1","0","1","0","0","0","0","0","0","0","0","0","0","0","0","0","0","0","1","0","1","0","0","0","0","0","0","0","0","0","-2"
"110486","California State University-Bakersfield","2020","On-tenure track, assistant professors","108","57","51","1","1","0","25","15","10","6","1","5","11","6","5","0","0","0","44","23","21","0","0","0","1","1","0","20","10","10","-2"
"110486","California State University-Bakersfield","2020","Not on tenure track/No tenure system system total","109","46","63","1","1","0","7","3","4","3","2","1","23","11","12","0","0","0","67","23","44","3","2","1","2","1","1","3","3","0","-2"
"110486","California State University-Bakersfield","2020","Not on tenure/no tenure system, lecturers","109","46","63","1","1","0","7","3","4","3","2","1","23","11","12","0","0","0","67","23","44","3","2","1","2","1","1","3","3","0","-2"
"110495","California State University-Stanislaus","2020","Tenured total","191","113","78","1","0","1","34","18","16","9","6","3","21","13","8","0","0","0","118","72","46","1","1","0","7","3","4","0","0","0","-2"
"110495","California State University-Stanislaus","2020","Tenured, professors","130","76","54","1","0","1","20","7","13","5","4","1","12","9","3","0","0","0","87","53","34","0","0","0","5","3","2","0","0","0","-2"
"110495","California State University-Stanislaus","2020","Tenured, associate professors","61","37","24","0","0","0","14","11","3","4","2","2","9","4","5","0","0","0","31","19","12","1","1","0","2","0","2","0","0","0","-2"
"110495","California State University-Stanislaus","2020","On-Tenure track total","81","35","46","1","0","1","11","8","3","7","4","3","7","3","4","0","0","0","41","15","26","0","0","0","9","2","7","5","3","2","-2"
"110495","California State University-Stanislaus","2020","On-tenure track, associate professors","4","2","2","0","0","0","1","1","0","1","1","0","0","0","0","0","0","0","2","0","2","0","0","0","0","0","0","0","0","0","-2"
"110495","California State University-Stanislaus","2020","On-tenure track, assistant professors","77","33","44","1","0","1","10","7","3","6","3","3","7","3","4","0","0","0","39","15","24","0","0","0","9","2","7","5","3","2","-2"
"110495","California State University-Stanislaus","2020","Not on tenure track/No tenure system system total","87","38","49","0","0","0","6","3","3","2","0","2","14","1","13","1","0","1","59","32","27","2","0","2","3","2","1","0","0","0","-2"
"110495","California State University-Stanislaus","2020","Not on tenure/no tenure system, lecturers","87","38","49","0","0","0","6","3","3","2","0","2","14","1","13","1","0","1","59","32","27","2","0","2","3","2","1","0","0","0","-2"
"110510","California State University-San Bernardino","2020","Tenured total","267","151","116","1","1","0","55","30","25","12","4","8","24","10","14","0","0","0","154","94","60","1","1","0","14","9","5","6","2","4","-2"
"110510","California State University-San Bernardino","2020","Tenured, professors","184","105","79","1","1","0","39","21","18","9","4","5","13","6","7","0","0","0","111","67","44","1","1","0","9","5","4","1","0","1","-2"
"110510","California State University-San Bernardino","2020","Tenured, associate professors","80","44","36","0","0","0","15","8","7","3","0","3","11","4","7","0","0","0","42","26","16","0","0","0","5","4","1","4","2","2","-2"
"110510","California State University-San Bernardino","2020","Tenured, assistant professors","3","2","1","0","0","0","1","1","0","0","0","0","0","0","0","0","0","0","1","1","0","0","0","0","0","0","0","1","0","1","-2"
"110510","California State University-San Bernardino","2020","On-Tenure track total","140","59","81","3","0","3","23","11","12","11","5","6","25","15","10","0","0","0","57","22","35","2","1","1","8","1","7","11","4","7","-2"
"110510","California State University-San Bernardino","2020","On-tenure track, professors","1","0","1","0","0","0","0","0","0","0","0","0","0","0","0","0","0","0","1","0","1","0","0","0","0","0","0","0","0","0","-2"
"110510","California State University-San Bernardino","2020","On-tenure track, associate professors","6","1","5","0","0","0","1","0","1","1","0","1","1","1","0","0","0","0","3","0","3","0","0","0","0","0","0","0","0","0","-2"
"110510","California State University-San Bernardino","2020","On-tenure track, assistant professors","133","58","75","3","0","3","22","11","11","10","5","5","24","14","10","0","0","0","53","22","31","2","1","1","8","1","7","11","4","7","-2"
"110510","California State University-San Bernardino","2020","Not on tenure track/No tenure system system total","91","29","62","0","0","0","8","3","5","5","2","3","15","5","10","0","0","0","53","16","37","4","0","4","6","3","3","0","0","0","-2"
"110510","California State University-San Bernardino","2020","Not on tenure/no tenure system, lecturers","91","29","62","0","0","0","8","3","5","5","2","3","15","5","10","0","0","0","53","16","37","4","0","4","6","3","3","0","0","0","-2"
"110529","California State Polytechnic University-Pomona","2020","Tenured total","362","214","148","2","1","1","111","63","48","9","6","3","34","18","16","1","1","0","183","113","70","1","1","0","17","10","7","4","1","3","-2"
"110529","California State Polytechnic University-Pomona","2020","Tenured, professors","244","150","94","1","0","1","76","45","31","7","6","1","24","13","11","1","1","0","127","80","47","0","0","0","8","5","3","0","0","0","-2"
"110529","California State Polytechnic University-Pomona","2020","Tenured, associate professors","116","62","54","1","1","0","34","17","17","2","0","2","10","5","5","0","0","0","55","32","23","1","1","0","9","5","4","4","1","3","-2"
"110529","California State Polytechnic University-Pomona","2020","Tenured, assistant professors","2","2","0","0","0","0","1","1","0","0","0","0","0","0","0","0","0","0","1","1","0","0","0","0","0","0","0","0","0","0","-2"
"110529","California State Polytechnic University-Pomona","2020","On-Tenure track total","188","98","90","0","0","0","23","9","14","6","3","3","19","11","8","0","0","0","82","40","42","2","1","1","18","8","10","38","26","12","-2"
"110529","California State Polytechnic University-Pomona","2020","On-tenure track, associate professors","13","7","6","0","0","0","2","0","2","1","1","0","1","0","1","0","0","0","7","4","3","0","0","0","2","2","0","0","0","0","-2"
"110529","California State Polytechnic University-Pomona","2020","On-tenure track, assistant professors","175","91","84","0","0","0","21","9","12","5","2","3","18","11","7","0","0","0","75","36","39","2","1","1","16","6","10","38","26","12","-2"
"110529","California State Polytechnic University-Pomona","2020","Not on tenure track/No tenure system system total","119","65","54","1","1","0","22","11","11","3","2","1","16","11","5","0","0","0","75","39","36","0","0","0","2","1","1","0","0","0","-2"
"110529","California State Polytechnic University-Pomona","2020","Not on tenure/no tenure system, lecturers","119","65","54","1","1","0","22","11","11","3","2","1","16","11","5","0","0","0","75","39","36","0","0","0","2","1","1","0","0","0","-2"
"110547","California State University-Dominguez Hills","2020","Tenured total","168","82","86","2","1","1","39","18","21","13","7","6","17","10","7","0","0","0","83","40","43","5","3","2","9","3","6","0","0","0","-2"
"110547","California State University-Dominguez Hills","2020","Tenured, professors","107","59","48","0","0","0","26","13","13","9","5","4","11","6","5","0","0","0","55","30","25","2","2","0","4","3","1","0","0","0","-2"
"110547","California State University-Dominguez Hills","2020","Tenured, associate professors","61","23","38","2","1","1","13","5","8","4","2","2","6","4","2","0","0","0","28","10","18","3","1","2","5","0","5","0","0","0","-2"
"110547","California State University-Dominguez Hills","2020","On-Tenure track total","123","51","72","0","0","0","19","9","10","11","4","7","21","6","15","0","0","0","45","16","29","3","1","2","8","5","3","16","10","6","-2"
"110547","California State University-Dominguez Hills","2020","On-tenure track, professors","4","4","0","0","0","0","0","0","0","0","0","0","0","0","0","0","0","0","3","3","0","0","0","0","1","1","0","0","0","0","-2"
"110547","California State University-Dominguez Hills","2020","On-tenure track, associate professors","8","4","4","0","0","0","2","1","1","1","1","0","1","0","1","0","0","0","4","2","2","0","0","0","0","0","0","0","0","0","-2"
"110547","California State University-Dominguez Hills","2020","On-tenure track, assistant professors","111","43","68","0","0","0","17","8","9","10","3","7","20","6","14","0","0","0","38","11","27","3","1","2","7","4","3","16","10","6","-2"
"110547","California State University-Dominguez Hills","2020","Not on tenure track/No tenure system system total","128","55","73","2","1","1","10","3","7","19","6","13","27","12","15","0","0","0","59","29","30","2","0","2","8","4","4","1","0","1","-2"
"110547","California State University-Dominguez Hills","2020","Not on tenure/no tenure system, lecturers","128","55","73","2","1","1","10","3","7","19","6","13","27","12","15","0","0","0","59","29","30","2","0","2","8","4","4","1","0","1","-2"
"110556","California State University-Fresno","2020","Tenured total","365","218","147","0","0","0","68","50","18","10","5","5","35","19","16","0","0","0","231","133","98","5","4","1","6","2","4","10","5","5","-2"
"110556","California State University-Fresno","2020","Tenured, professors","224","150","74","0","0","0","45","34","11","6","3","3","22","15","7","0","0","0","142","92","50","3","2","1","4","2","2","2","2","0","-2"
"110556","California State University-Fresno","2020","Tenured, associate professors","138","65","73","0","0","0","23","16","7","4","2","2","13","4","9","0","0","0","87","39","48","1","1","0","2","0","2","8","3","5","-2"
"110556","California State University-Fresno","2020","Tenured, no academic rank","3","3","0","0","0","0","0","0","0","0","0","0","0","0","0","0","0","0","2","2","0","1","1","0","0","0","0","0","0","0","-2"
"110556","California State University-Fresno","2020","On-Tenure track total","207","100","107","3","1","2","32","15","17","12","6","6","37","17","20","0","0","0","84","36","48","3","2","1","13","8","5","23","15","8","-2"
"110556","California State University-Fresno","2020","On-tenure track, associate professors","7","4","3","0","0","0","3","1","2","0","0","0","3","2","1","0","0","0","1","1","0","0","0","0","0","0","0","0","0","0","-2"
"110556","California State University-Fresno","2020","On-tenure track, assistant professors","198","95","103","3","1","2","29","14","15","12","6","6","33","15","18","0","0","0","82","34","48","3","2","1","13","8","5","23","15","8","-2"
"110556","California State University-Fresno","2020","On-tenure track, no academic rank","2","1","1","0","0","0","0","0","0","0","0","0","1","0","1","0","0","0","1","1","0","0","0","0","0","0","0","0","0","0","-2"
"110556","California State University-Fresno","2020","Not on tenure track/No tenure system system total","224","93","131","3","0","3","21","10","11","5","1","4","32","13","19","1","1","0","137","57","80","5","1","4","15","7","8","5","3","2","-2"
"110556","California State University-Fresno","2020","Not on tenure/no tenure system, lecturers","224","93","131","3","0","3","21","10","11","5","1","4","32","13","19","1","1","0","137","57","80","5","1","4","15","7","8","5","3","2","-2"
"110565","California State University-Fullerton","2020","Tenured total","571","310","261","1","1","0","129","66","63","17","8","9","53","30","23","1","1","0","360","196","164","0","0","0","5","4","1","5","4","1","-2"
"110565","California State University-Fullerton","2020","Tenured, professors","364","208","156","1","1","0","82","45","37","4","2","2","27","17","10","1","1","0","248","141","107","0","0","0","1","1","0","0","0","0","-2"
"110565","California State University-Fullerton","2020","Tenured, associate professors","207","102","105","0","0","0","47","21","26","13","6","7","26","13","13","0","0","0","112","55","57","0","0","0","4","3","1","5","4","1","-2"
"110565","California State University-Fullerton","2020","On-Tenure track total","222","92","130","2","1","1","53","22","31","17","5","12","33","12","21","0","0","0","85","41","44","2","0","2","6","1","5","24","10","14","-2"
"110565","California State University-Fullerton","2020","On-tenure track, associate professors","10","6","4","0","0","0","3","2","1","1","1","0","1","0","1","0","0","0","5","3","2","0","0","0","0","0","0","0","0","0","-2"
"110565","California State University-Fullerton","2020","On-tenure track, assistant professors","212","86","126","2","1","1","50","20","30","16","4","12","32","12","20","0","0","0","80","38","42","2","0","2","6","1","5","24","10","14","-2"
"110565","California State University-Fullerton","2020","Not on tenure track/No tenure system system total","225","95","130","0","0","0","35","15","20","4","1","3","22","7","15","0","0","0","142","62","80","3","2","1","18","7","11","1","1","0","-2"
"110565","California State University-Fullerton","2020","Not on tenure/no tenure system, lecturers","225","95","130","0","0","0","35","15","20","4","1","3","22","7","15","0","0","0","142","62","80","3","2","1","18","7","11","1","1","0","-2"
"110574","California State University-East Bay","2020","Tenured total","189","95","94","0","0","0","45","18","27","11","5","6","15","8","7","1","0","1","106","57","49","1","0","1","7","5","2","3","2","1","-2"
"110574","California State University-East Bay","2020","Tenured, professors","116","60","56","0","0","0","30","12","18","6","4","2","7","2","5","1","0","1","66","38","28","1","0","1","4","3","1","1","1","0","-2"
"110574","California State University-East Bay","2020","Tenured, associate professors","69","34","35","0","0","0","15","6","9","4","1","3","8","6","2","0","0","0","37","18","19","0","0","0","3","2","1","2","1","1","-2"
"110574","California State University-East Bay","2020","Tenured, assistant professors","4","1","3","0","0","0","0","0","0","1","0","1","0","0","0","0","0","0","3","1","2","0","0","0","0","0","0","0","0","0","-2"
"110574","California State University-East Bay","2020","On-Tenure track total","136","64","72","0","0","0","29","16","13","4","1","3","14","9","5","0","0","0","57","20","37","2","1","1","15","7","8","15","10","5","-2"
"110574","California State University-East Bay","2020","On-tenure track, professors","2","2","0","0","0","0","0","0","0","0","0","0","0","0","0","0","0","0","2","2","0","0","0","0","0","0","0","0","0","0","-2"
"110574","California State University-East Bay","2020","On-tenure track, associate professors","11","6","5","0","0","0","4","3","1","0","0","0","0","0","0","0","0","0","4","0","4","0","0","0","2","2","0","1","1","0","-2"
"110574","California State University-East Bay","2020","On-tenure track, assistant professors","123","56","67","0","0","0","25","13","12","4","1","3","14","9","5","0","0","0","51","18","33","2","1","1","13","5","8","14","9","5","-2"
"110574","California State University-East Bay","2020","Not on tenure track/No tenure system system total","54","19","35","0","0","0","2","0","2","7","1","6","1","1","0","2","0","2","37","15","22","1","1","0","3","1","2","1","0","1","-2"
"110574","California State University-East Bay","2020","Not on tenure/no tenure system, lecturers","54","19","35","0","0","0","2","0","2","7","1","6","1","1","0","2","0","2","37","15","22","1","1","0","3","1","2","1","0","1","-2"
"110583","California State University-Long Beach","2020","Tenured total","552","288","264","3","1","2","128","55","73","18","11","7","52","27","25","0","0","0","320","176","144","4","1","3","25","16","9","2","1","1","-2"
"110583","California State University-Long Beach","2020","Tenured, professors","360","195","165","1","1","0","84","38","46","10","7","3","28","17","11","0","0","0","221","121","100","3","1","2","13","10","3","0","0","0","-2"
"110583","California State University-Long Beach","2020","Tenured, associate professors","189","93","96","2","0","2","44","17","27","8","4","4","23","10","13","0","0","0","97","55","42","1","0","1","12","6","6","2","1","1","-2"
"110583","California State University-Long Beach","2020","Tenured, assistant professors","1","0","1","0","0","0","0","0","0","0","0","0","0","0","0","0","0","0","1","0","1","0","0","0","0","0","0","0","0","0","-2"
"110583","California State University-Long Beach","2020","Tenured, no academic rank","2","0","2","0","0","0","0","0","0","0","0","0","1","0","1","0","0","0","1","0","1","0","0","0","0","0","0","0","0","0","-2"
"110583","California State University-Long Beach","2020","On-Tenure track total","237","95","142","1","0","1","46","17","29","13","6","7","29","11","18","0","0","0","108","42","66","5","1","4","9","6","3","26","12","14","-2"
"110583","California State University-Long Beach","2020","On-tenure track, professors","2","2","0","0","0","0","0","0","0","0","0","0","0","0","0","0","0","0","2","2","0","0","0","0","0","0","0","0","0","0","-2"
"110583","California State University-Long Beach","2020","On-tenure track, associate professors","5","2","3","0","0","0","1","1","0","1","0","1","1","0","1","0","0","0","2","1","1","0","0","0","0","0","0","0","0","0","-2"
"110583","California State University-Long Beach","2020","On-tenure track, assistant professors","230","91","139","1","0","1","45","16","29","12","6","6","28","11","17","0","0","0","104","39","65","5","1","4","9","6","3","26","12","14","-2"
"110583","California State University-Long Beach","2020","Not on tenure track/No tenure system system total","298","137","161","2","0","2","35","19","16","17","8","9","37","15","22","0","0","0","188","87","101","9","2","7","10","6","4","0","0","0","-2"
"110583","California State University-Long Beach","2020","Not on tenure/no tenure system, lecturers","298","137","161","2","0","2","35","19","16","17","8","9","37","15","22","0","0","0","188","87","101","9","2","7","10","6","4","0","0","0","-2"
"110592","California State University-Los Angeles","2020","Tenured total","336","171","165","2","0","2","90","47","43","15","8","7","53","31","22","1","1","0","158","77","81","2","0","2","13","6","7","2","1","1","-2"
"110592","California State University-Los Angeles","2020","Tenured, professors","259","135","124","0","0","0","73","39","34","10","6","4","38","21","17","1","1","0","127","63","64","1","0","1","9","5","4","0","0","0","-2"
"110592","California State University-Los Angeles","2020","Tenured, associate professors","77","36","41","2","0","2","17","8","9","5","2","3","15","10","5","0","0","0","31","14","17","1","0","1","4","1","3","2","1","1","-2"
"110592","California State University-Los Angeles","2020","On-Tenure track total","198","84","114","1","0","1","43","18","25","17","11","6","38","15","23","0","0","0","53","23","30","7","0","7","9","7","2","30","10","20","-2"
"110592","California State University-Los Angeles","2020","On-tenure track, associate professors","1","1","0","0","0","0","1","1","0","0","0","0","0","0","0","0","0","0","0","0","0","0","0","0","0","0","0","0","0","0","-2"
"110592","California State University-Los Angeles","2020","On-tenure track, assistant professors","197","83","114","1","0","1","42","17","25","17","11","6","38","15","23","0","0","0","53","23","30","7","0","7","9","7","2","30","10","20","-2"
"110592","California State University-Los Angeles","2020","Not on tenure track/No tenure system system total","162","66","96","2","0","2","30","16","14","10","4","6","33","12","21","0","0","0","79","31","48","2","2","0","6","1","5","0","0","0","-2"
"110592","California State University-Los Angeles","2020","Not on tenure/no tenure system, lecturers","162","66","96","2","0","2","30","16","14","10","4","6","33","12","21","0","0","0","79","31","48","2","2","0","6","1","5","0","0","0","-2"
"110608","California State University-Northridge","2020","Tenured total","556","288","268","3","1","2","112","60","52","32","10","22","60","31","29","0","0","0","325","171","154","7","3","4","17","12","5","0","0","0","-2"
"110608","California State University-Northridge","2020","Tenured, professors","384","209","175","3","1","2","73","40","33","23","7","16","52","26","26","0","0","0","223","128","95","5","3","2","5","4","1","0","0","0","-2"
"110608","California State University-Northridge","2020","Tenured, associate professors","163","76","87","0","0","0","36","18","18","8","3","5","7","5","2","0","0","0","98","42","56","2","0","2","12","8","4","0","0","0","-2"
"110608","California State University-Northridge","2020","Tenured, assistant professors","1","0","1","0","0","0","0","0","0","1","0","1","0","0","0","0","0","0","0","0","0","0","0","0","0","0","0","0","0","0","-2"
"110608","California State University-Northridge","2020","Tenured, no academic rank","8","3","5","0","0","0","3","2","1","0","0","0","1","0","1","0","0","0","4","1","3","0","0","0","0","0","0","0","0","0","-2"
"110608","California State University-Northridge","2020","On-Tenure track total","195","96","99","2","0","2","32","10","22","11","4","7","23","14","9","0","0","0","90","49","41","9","4","5","9","5","4","19","10","9","-2"
"110608","California State University-Northridge","2020","On-tenure track, associate professors","22","13","9","0","0","0","2","0","2","2","1","1","5","3","2","0","0","0","12","8","4","0","0","0","1","1","0","0","0","0","-2"
"110608","California State University-Northridge","2020","On-tenure track, assistant professors","172","82","90","2","0","2","30","10","20","9","3","6","18","11","7","0","0","0","77","40","37","9","4","5","8","4","4","19","10","9","-2"
"110608","California State University-Northridge","2020","On-tenure track, no academic rank","1","1","0","0","0","0","0","0","0","0","0","0","0","0","0","0","0","0","1","1","0","0","0","0","0","0","0","0","0","0","-2"
"110608","California State University-Northridge","2020","Not on tenure track/No tenure system system total","155","66","89","4","2","2","15","6","9","8","3","5","25","12","13","0","0","0","92","39","53","2","1","1","9","3","6","0","0","0","-2"
"110608","California State University-Northridge","2020","Not on tenure/no tenure system, lecturers","155","66","89","4","2","2","15","6","9","8","3","5","25","12","13","0","0","0","92","39","53","2","1","1","9","3","6","0","0","0","-2"
"110617","California State University-Sacramento","2020","Tenured total","444","239","205","5","3","2","71","43","28","20","8","12","35","18","17","0","0","0","283","150","133","3","2","1","14","8","6","13","7","6","-2"
"110617","California State University-Sacramento","2020","Tenured, professors","326","175","151","3","1","2","58","33","25","13","5","8","30","15","15","0","0","0","205","111","94","1","1","0","6","3","3","10","6","4","-2"
"110617","California State University-Sacramento","2020","Tenured, associate professors","113","60","53","2","2","0","12","9","3","6","2","4","5","3","2","0","0","0","75","37","38","2","1","1","8","5","3","3","1","2","-2"
"110617","California State University-Sacramento","2020","Tenured, no academic rank","5","4","1","0","0","0","1","1","0","1","1","0","0","0","0","0","0","0","3","2","1","0","0","0","0","0","0","0","0","0","-2"
"110617","California State University-Sacramento","2020","On-Tenure track total","231","93","138","2","1","1","29","12","17","15","3","12","14","6","8","1","0","1","99","39","60","3","1","2","61","26","35","7","5","2","-2"
"110617","California State University-Sacramento","2020","On-tenure track, associate professors","4","1","3","0","0","0","0","0","0","0","0","0","0","0","0","0","0","0","3","0","3","0","0","0","1","1","0","0","0","0","-2"
"110617","California State University-Sacramento","2020","On-tenure track, assistant professors","226","91","135","2","1","1","29","12","17","15","3","12","14","6","8","1","0","1","96","39","57","3","1","2","59","24","35","7","5","2","-2"
"110617","California State University-Sacramento","2020","On-tenure track, no academic rank","1","1","0","0","0","0","0","0","0","0","0","0","0","0","0","0","0","0","0","0","0","0","0","0","1","1","0","0","0","0","-2"
"110617","California State University-Sacramento","2020","Not on tenure track/No tenure system system total","146","63","83","0","0","0","7","3","4","5","3","2","9","6","3","0","0","0","111","44","67","5","3","2","8","3","5","1","1","0","-2"
"110617","California State University-Sacramento","2020","Not on tenure/no tenure system, lecturers","146","63","83","0","0","0","7","3","4","5","3","2","9","6","3","0","0","0","111","44","67","5","3","2","8","3","5","1","1","0","-2"
"110671","University of California-Riverside","2020","Tenured total","607","411","196","5","3","2","133","86","47","17","10","7","38","26","12","0","0","0","326","229","97","6","2","4","21","13","8","61","42","19","-2"
"110671","University of California-Riverside","2020","Tenured, professors","361","271","90","1","1","0","78","61","17","9","6","3","14","10","4","0","0","0","216","163","53","1","1","0","12","7","5","30","22","8","-2"
"110671","University of California-Riverside","2020","Tenured, associate professors","231","128","103","3","1","2","53","23","30","8","4","4","22","15","7","0","0","0","100","58","42","5","1","4","9","6","3","31","20","11","-2"
"110671","University of California-Riverside","2020","Tenured, lecturers","15","12","3","1","1","0","2","2","0","0","0","0","2","1","1","0","0","0","10","8","2","0","0","0","0","0","0","0","0","0","-2"
"110671","University of California-Riverside","2020","On-Tenure track total","262","147","115","4","2","2","50","29","21","16","4","12","22","12","10","0","0","0","94","56","38","6","4","2","12","6","6","58","34","24","-2"
"110671","University of California-Riverside","2020","On-tenure track, assistant professors","238","135","103","4","2","2","46","26","20","15","3","12","19","12","7","0","0","0","84","52","32","5","3","2","9","5","4","56","32","24","-2"
"110671","University of California-Riverside","2020","On-tenure track, lecturers","24","12","12","0","0","0","4","3","1","1","1","0","3","0","3","0","0","0","10","4","6","1","1","0","3","1","2","2","2","0","-2"
"110671","University of California-Riverside","2020","Not on tenure track/No tenure system system total","180","93","87","0","0","0","21","11","10","8","2","6","18","7","11","0","0","0","95","53","42","4","2","2","16","11","5","18","7","11","-2"
"110671","University of California-Riverside","2020","Not on tenure/no tenure system, professors","13","9","4","0","0","0","4","3","1","1","0","1","1","1","0","0","0","0","7","5","2","0","0","0","0","0","0","0","0","0","-2"
"110671","University of California-Riverside","2020","Not on tenure/no tenure system, associate professors","13","9","4","0","0","0","1","1","0","2","1","1","0","0","0","0","0","0","6","4","2","1","1","0","2","1","1","1","1","0","-2"
"110671","University of California-Riverside","2020","Not on tenure/no tenure system, assistant professors","51","29","22","0","0","0","7","4","3","3","1","2","4","3","1","0","0","0","21","13","8","1","1","0","4","2","2","11","5","6","-2"
"110671","University of California-Riverside","2020","Not on tenure/no tenure system, instructors","3","3","0","0","0","0","0","0","0","0","0","0","0","0","0","0","0","0","0","0","0","0","0","0","3","3","0","0","0","0","-2"
"110671","University of California-Riverside","2020","Not on tenure/no tenure system, lecturers","93","41","52","0","0","0","9","3","6","1","0","1","12","3","9","0","0","0","56","29","27","2","0","2","7","5","2","6","1","5","-2"
"110671","University of California-Riverside","2020","Not on tenure/no tenure system, no academic rank","7","2","5","0","0","0","0","0","0","1","0","1","1","0","1","0","0","0","5","2","3","0","0","0","0","0","0","0","0","0","-2"
"110705","University of California-Santa Barbara","2020","Tenured total","701","448","253","6","1","5","72","47","25","17","7","10","50","27","23","0","0","0","487","322","165","7","3","4","29","19","10","33","22","11","-2"
"110705","University of California-Santa Barbara","2020","Tenured, professors","505","341","164","1","0","1","56","38","18","5","2","3","32","19","13","0","0","0","368","255","113","5","2","3","15","9","6","23","16","7","-2"
"110705","University of California-Santa Barbara","2020","Tenured, associate professors","161","87","74","5","1","4","14","8","6","11","4","7","14","7","7","0","0","0","93","51","42","2","1","1","14","10","4","8","5","3","-2"
"110705","University of California-Santa Barbara","2020","Tenured, lecturers","35","20","15","0","0","0","2","1","1","1","1","0","4","1","3","0","0","0","26","16","10","0","0","0","0","0","0","2","1","1","-2"
"110705","University of California-Santa Barbara","2020","On-Tenure track total","223","120","103","0","0","0","26","13","13","3","2","1","14","3","11","0","0","0","88","41","47","5","2","3","23","11","12","64","48","16","-2"
"110705","University of California-Santa Barbara","2020","On-tenure track, assistant professors","200","110","90","0","0","0","26","13","13","2","2","0","13","3","10","0","0","0","77","37","40","3","0","3","19","10","9","60","45","15","-2"
"110705","University of California-Santa Barbara","2020","On-tenure track, lecturers","23","10","13","0","0","0","0","0","0","1","0","1","1","0","1","0","0","0","11","4","7","2","2","0","4","1","3","4","3","1","-2"
"110705","University of California-Santa Barbara","2020","Not on tenure track/No tenure system system total","173","73","100","1","1","0","10","1","9","4","1","3","1","0","1","1","0","1","112","45","67","1","1","0","20","10","10","23","14","9","-2"
"110705","University of California-Santa Barbara","2020","Not on tenure/no tenure system, associate professors","1","1","0","0","0","0","0","0","0","0","0","0","0","0","0","0","0","0","1","1","0","0","0","0","0","0","0","0","0","0","-2"
"110705","University of California-Santa Barbara","2020","Not on tenure/no tenure system, assistant professors","15","11","4","0","0","0","0","0","0","1","0","1","0","0","0","0","0","0","1","1","0","1","1","0","2","1","1","10","8","2","-2"
"110705","University of California-Santa Barbara","2020","Not on tenure/no tenure system, lecturers","157","61","96","1","1","0","10","1","9","3","1","2","1","0","1","1","0","1","110","43","67","0","0","0","18","9","9","13","6","7","-2"
"110714","University of California-Santa Cruz","2020","Tenured total","434","263","171","8","1","7","75","45","30","11","8","3","41","20","21","0","0","0","281","178","103","1","1","0","12","6","6","5","4","1","-2"
"110714","University of California-Santa Cruz","2020","Tenured, professors","301","195","106","6","1","5","48","31","17","5","4","1","21","12","9","0","0","0","210","139","71","1","1","0","7","4","3","3","3","0","-2"
"110714","University of California-Santa Cruz","2020","Tenured, associate professors","121","63","58","2","0","2","26","13","13","6","4","2","18","8","10","0","0","0","63","36","27","0","0","0","4","1","3","2","1","1","-2"
"110714","University of California-Santa Cruz","2020","Tenured, lecturers","12","5","7","0","0","0","1","1","0","0","0","0","2","0","2","0","0","0","8","3","5","0","0","0","1","1","0","0","0","0","-2"
"110714","University of California-Santa Cruz","2020","On-Tenure track total","145","68","77","1","1","0","12","5","7","7","2","5","21","10","11","0","0","0","56","31","25","6","1","5","9","4","5","33","14","19","-2"
"110714","University of California-Santa Cruz","2020","On-tenure track, assistant professors","131","62","69","1","1","0","12","5","7","6","1","5","19","9","10","0","0","0","51","30","21","6","1","5","6","3","3","30","12","18","-2"
"110714","University of California-Santa Cruz","2020","On-tenure track, lecturers","14","6","8","0","0","0","0","0","0","1","1","0","2","1","1","0","0","0","5","1","4","0","0","0","3","1","2","3","2","1","-2"
"110714","University of California-Santa Cruz","2020","Not on tenure track/No tenure system system total","108","43","65","1","0","1","8","2","6","2","0","2","10","2","8","0","0","0","66","28","38","2","1","1","9","4","5","10","6","4","-2"
"110714","University of California-Santa Cruz","2020","Not on tenure/no tenure system, professors","1","1","0","0","0","0","0","0","0","0","0","0","0","0","0","0","0","0","1","1","0","0","0","0","0","0","0","0","0","0","-2"
"110714","University of California-Santa Cruz","2020","Not on tenure/no tenure system, assistant professors","11","5","6","0","0","0","0","0","0","0","0","0","1","0","1","0","0","0","4","2","2","0","0","0","1","1","0","5","2","3","-2"
"110714","University of California-Santa Cruz","2020","Not on tenure/no tenure system, lecturers","92","35","57","1","0","1","8","2","6","2","0","2","8","2","6","0","0","0","58","23","35","2","1","1","8","3","5","5","4","1","-2"
"110714","University of California-Santa Cruz","2020","Not on tenure/no tenure system, no academic rank","4","2","2","0","0","0","0","0","0","0","0","0","1","0","1","0","0","0","3","2","1","0","0","0","0","0","0","0","0","0","-2"
"112075","Concordia University-Irvine","2020","Not on tenure track/No tenure system system total","94","52","42","1","1","0","6","4","2","3","0","3","3","1","2","0","0","0","81","46","35","0","0","0","0","0","0","0","0","0","-2"
"112075","Concordia University-Irvine","2020","Not on tenure/no tenure system, professors","31","21","10","0","0","0","1","1","0","0","0","0","2","1","1","0","0","0","28","19","9","0","0","0","0","0","0","0","0","0","-2"
"112075","Concordia University-Irvine","2020","Not on tenure/no tenure system, associate professors","23","11","12","1","1","0","2","2","0","1","0","1","1","0","1","0","0","0","18","8","10","0","0","0","0","0","0","0","0","0","-2"
"112075","Concordia University-Irvine","2020","Not on tenure/no tenure system, assistant professors","40","20","20","0","0","0","3","1","2","2","0","2","0","0","0","0","0","0","35","19","16","0","0","0","0","0","0","0","0","0","-2"
"113236","Cypress College","2020","Tenured total","153","84","69","0","0","0","19","12","7","5","2","3","31","13","18","0","0","0","93","54","39","5","3","2","0","0","0","0","0","0","-2"
"113236","Cypress College","2020","Tenured, instructors","153","84","69","0","0","0","19","12","7","5","2","3","31","13","18","0","0","0","93","54","39","5","3","2","0","0","0","0","0","0","-2"
"113236","Cypress College","2020","On-Tenure track total","69","29","40","0","0","0","14","5","9","7","3","4","14","7","7","1","0","1","24","12","12","5","0","5","4","2","2","0","0","0","-2"
"113236","Cypress College","2020","On-tenure track, instructors","69","29","40","0","0","0","14","5","9","7","3","4","14","7","7","1","0","1","24","12","12","5","0","5","4","2","2","0","0","0","-2"
"113236","Cypress College","2020","Not on tenure track/No tenure system system total","2","0","2","0","0","0","1","0","1","0","0","0","0","0","0","0","0","0","1","0","1","0","0","0","0","0","0","0","0","0","-2"
"113236","Cypress College","2020","Not on tenure/no tenure system, instructors","2","0","2","0","0","0","1","0","1","0","0","0","0","0","0","0","0","0","1","0","1","0","0","0","0","0","0","0","0","0","-2"
"113698","Dominican University of California","2020","Tenured total","35","13","22","0","0","0","3","1","2","2","1","1","0","0","0","0","0","0","30","11","19","0","0","0","0","0","0","0","0","0","-2"
"113698","Dominican University of California","2020","Tenured, professors","26","10","16","0","0","0","1","0","1","2","1","1","0","0","0","0","0","0","23","9","14","0","0","0","0","0","0","0","0","0","-2"
"113698","Dominican University of California","2020","Tenured, associate professors","9","3","6","0","0","0","2","1","1","0","0","0","0","0","0","0","0","0","7","2","5","0","0","0","0","0","0","0","0","0","-2"
"113698","Dominican University of California","2020","On-Tenure track total","35","18","17","0","0","0","4","1","3","1","0","1","5","5","0","0","0","0","17","7","10","1","1","0","5","2","3","2","2","0","-2"
"113698","Dominican University of California","2020","On-tenure track, associate professors","8","4","4","0","0","0","1","1","0","0","0","0","0","0","0","0","0","0","7","3","4","0","0","0","0","0","0","0","0","0","-2"
"113698","Dominican University of California","2020","On-tenure track, assistant professors","27","14","13","0","0","0","3","0","3","1","0","1","5","5","0","0","0","0","10","4","6","1","1","0","5","2","3","2","2","0","-2"
"113698","Dominican University of California","2020","Not on tenure track/No tenure system system total","29","11","18","0","0","0","1","0","1","3","2","1","1","1","0","0","0","0","21","6","15","1","0","1","2","2","0","0","0","0","-2"
"113698","Dominican University of California","2020","Not on tenure/no tenure system, associate professors","1","1","0","0","0","0","0","0","0","0","0","0","0","0","0","0","0","0","1","1","0","0","0","0","0","0","0","0","0","0","-2"
"113698","Dominican University of California","2020","Not on tenure/no tenure system, assistant professors","28","10","18","0","0","0","1","0","1","3","2","1","1","1","0","0","0","0","20","5","15","1","0","1","2","2","0","0","0","0","-2"
"114433","Feather River Community College District","2020","Tenured total","16","10","6","0","0","0","0","0","0","0","0","0","0","0","0","0","0","0","15","10","5","0","0","0","0","0","0","1","0","1","-2"
"114433","Feather River Community College District","2020","Tenured, instructors","16","10","6","0","0","0","0","0","0","0","0","0","0","0","0","0","0","0","15","10","5","0","0","0","0","0","0","1","0","1","-2"
"114433","Feather River Community College District","2020","On-Tenure track total","5","3","2","0","0","0","0","0","0","0","0","0","0","0","0","1","1","0","4","2","2","0","0","0","0","0","0","0","0","0","-2"
"114433","Feather River Community College District","2020","On-tenure track, instructors","5","3","2","0","0","0","0","0","0","0","0","0","0","0","0","1","1","0","4","2","2","0","0","0","0","0","0","0","0","0","-2"
"114716","Foothill College","2020","Tenured total","137","59","78","0","0","0","21","7","14","7","2","5","22","9","13","0","0","0","81","37","44","5","4","1","1","0","1","0","0","0","-2"
"114716","Foothill College","2020","Tenured, instructors","137","59","78","0","0","0","21","7","14","7","2","5","22","9","13","0","0","0","81","37","44","5","4","1","1","0","1","0","0","0","-2"
"114716","Foothill College","2020","On-Tenure track total","30","12","18","0","0","0","4","2","2","4","2","2","8","3","5","0","0","0","13","5","8","1","0","1","0","0","0","0","0","0","-2"
"114716","Foothill College","2020","On-tenure track, instructors","30","12","18","0","0","0","4","2","2","4","2","2","8","3","5","0","0","0","13","5","8","1","0","1","0","0","0","0","0","0","-2"
"114716","Foothill College","2020","Not on tenure track/No tenure system system total","4","0","4","0","0","0","0","0","0","0","0","0","2","0","2","0","0","0","1","0","1","0","0","0","0","0","0","1","0","1","-2"
"114716","Foothill College","2020","Not on tenure/no tenure system, instructors","4","0","4","0","0","0","0","0","0","0","0","0","2","0","2","0","0","0","1","0","1","0","0","0","0","0","0","1","0","1","-2"
"114813","Fresno Pacific University","2020","Tenured total","52","33","19","0","0","0","4","2","2","0","0","0","1","0","1","0","0","0","45","30","15","2","1","1","0","0","0","0","0","0","-2"
"114813","Fresno Pacific University","2020","Tenured, professors","14","10","4","0","0","0","0","0","0","0","0","0","1","0","1","0","0","0","12","9","3","1","1","0","0","0","0","0","0","0","-2"
"114813","Fresno Pacific University","2020","Tenured, associate professors","37","23","14","0","0","0","4","2","2","0","0","0","0","0","0","0","0","0","32","21","11","1","0","1","0","0","0","0","0","0","-2"
"114813","Fresno Pacific University","2020","Tenured, assistant professors","1","0","1","0","0","0","0","0","0","0","0","0","0","0","0","0","0","0","1","0","1","0","0","0","0","0","0","0","0","0","-2"
"114813","Fresno Pacific University","2020","On-Tenure track total","25","8","17","1","0","1","0","0","0","0","0","0","5","0","5","0","0","0","19","8","11","0","0","0","0","0","0","0","0","0","-2"
"114813","Fresno Pacific University","2020","On-tenure track, professors","1","1","0","0","0","0","0","0","0","0","0","0","0","0","0","0","0","0","1","1","0","0","0","0","0","0","0","0","0","0","-2"
"114813","Fresno Pacific University","2020","On-tenure track, associate professors","2","1","1","0","0","0","0","0","0","0","0","0","0","0","0","0","0","0","2","1","1","0","0","0","0","0","0","0","0","0","-2"
"114813","Fresno Pacific University","2020","On-tenure track, assistant professors","21","5","16","1","0","1","0","0","0","0","0","0","5","0","5","0","0","0","15","5","10","0","0","0","0","0","0","0","0","0","-2"
"114813","Fresno Pacific University","2020","On-tenure track, instructors","1","1","0","0","0","0","0","0","0","0","0","0","0","0","0","0","0","0","1","1","0","0","0","0","0","0","0","0","0","0","-2"
"114813","Fresno Pacific University","2020","Not on tenure track/No tenure system system total","26","7","19","0","0","0","1","0","1","0","0","0","6","0","6","0","0","0","19","7","12","0","0","0","0","0","0","0","0","0","-2"
"114813","Fresno Pacific University","2020","Not on tenure/no tenure system, professors","3","2","1","0","0","0","0","0","0","0","0","0","0","0","0","0","0","0","3","2","1","0","0","0","0","0","0","0","0","0","-2"
"114813","Fresno Pacific University","2020","Not on tenure/no tenure system, associate professors","2","1","1","0","0","0","0","0","0","0","0","0","0","0","0","0","0","0","2","1","1","0","0","0","0","0","0","0","0","0","-2"
"114813","Fresno Pacific University","2020","Not on tenure/no tenure system, assistant professors","18","3","15","0","0","0","1","0","1","0","0","0","5","0","5","0","0","0","12","3","9","0","0","0","0","0","0","0","0","0","-2"
"114813","Fresno Pacific University","2020","Not on tenure/no tenure system, instructors","3","1","2","0","0","0","0","0","0","0","0","0","1","0","1","0","0","0","2","1","1","0","0","0","0","0","0","0","0","0","-2"
"117140","University of La Verne","2020","Tenured total","135","70","65","0","0","0","20","6","14","4","1","3","14","9","5","0","0","0","79","48","31","0","0","0","18","6","12","0","0","0","-2"
"117140","University of La Verne","2020","Tenured, professors","65","41","24","0","0","0","8","3","5","1","1","0","4","3","1","0","0","0","49","34","15","0","0","0","3","0","3","0","0","0","-2"
"117140","University of La Verne","2020","Tenured, associate professors","50","19","31","0","0","0","6","1","5","3","0","3","9","5","4","0","0","0","23","11","12","0","0","0","9","2","7","0","0","0","-2"
"117140","University of La Verne","2020","Tenured, assistant professors","20","10","10","0","0","0","6","2","4","0","0","0","1","1","0","0","0","0","7","3","4","0","0","0","6","4","2","0","0","0","-2"
"117140","University of La Verne","2020","On-Tenure track total","43","19","24","0","0","0","3","0","3","6","5","1","5","3","2","0","0","0","7","4","3","0","0","0","22","7","15","0","0","0","-2"
"117140","University of La Verne","2020","On-tenure track, professors","6","2","4","0","0","0","1","0","1","1","1","0","0","0","0","0","0","0","1","1","0","0","0","0","3","0","3","0","0","0","-2"
"117140","University of La Verne","2020","On-tenure track, associate professors","7","3","4","0","0","0","0","0","0","0","0","0","1","1","0","0","0","0","1","1","0","0","0","0","5","1","4","0","0","0","-2"
"117140","University of La Verne","2020","On-tenure track, assistant professors","30","14","16","0","0","0","2","0","2","5","4","1","4","2","2","0","0","0","5","2","3","0","0","0","14","6","8","0","0","0","-2"
"117140","University of La Verne","2020","Not on tenure track/No tenure system system total","51","18","33","0","0","0","3","2","1","3","0","3","10","3","7","0","0","0","25","8","17","0","0","0","10","5","5","0","0","0","-2"
"117140","University of La Verne","2020","Not on tenure/no tenure system, professors","5","2","3","0","0","0","1","1","0","1","0","1","1","0","1","0","0","0","2","1","1","0","0","0","0","0","0","0","0","0","-2"
"117140","University of La Verne","2020","Not on tenure/no tenure system, associate professors","3","0","3","0","0","0","0","0","0","0","0","0","0","0","0","0","0","0","3","0","3","0","0","0","0","0","0","0","0","0","-2"
"117140","University of La Verne","2020","Not on tenure/no tenure system, assistant professors","22","8","14","0","0","0","1","1","0","1","0","1","6","1","5","0","0","0","9","3","6","0","0","0","5","3","2","0","0","0","-2"
"117140","University of La Verne","2020","Not on tenure/no tenure system, instructors","21","8","13","0","0","0","1","0","1","1","0","1","3","2","1","0","0","0","11","4","7","0","0","0","5","2","3","0","0","0","-2"
"117627","La Sierra University","2020","Tenured total","41","29","12","1","1","0","2","2","0","2","2","0","4","3","1","5","3","2","26","18","8","0","0","0","1","0","1","0","0","0","-2"
"117627","La Sierra University","2020","Tenured, professors","19","15","4","1","1","0","1","1","0","0","0","0","2","2","0","2","1","1","13","10","3","0","0","0","0","0","0","0","0","0","-2"
"117627","La Sierra University","2020","Tenured, associate professors","22","14","8","0","0","0","1","1","0","2","2","0","2","1","1","3","2","1","13","8","5","0","0","0","1","0","1","0","0","0","-2"
"117627","La Sierra University","2020","On-Tenure track total","17","10","7","0","0","0","0","0","0","1","0","1","4","3","1","4","3","1","8","4","4","0","0","0","0","0","0","0","0","0","-2"
"117627","La Sierra University","2020","On-tenure track, professors","3","2","1","0","0","0","0","0","0","0","0","0","0","0","0","0","0","0","3","2","1","0","0","0","0","0","0","0","0","0","-2"
"117627","La Sierra University","2020","On-tenure track, associate professors","7","6","1","0","0","0","0","0","0","0","0","0","3","3","0","2","2","0","2","1","1","0","0","0","0","0","0","0","0","0","-2"
"117627","La Sierra University","2020","On-tenure track, assistant professors","4","1","3","0","0","0","0","0","0","0","0","0","1","0","1","2","1","1","1","0","1","0","0","0","0","0","0","0","0","0","-2"
"117627","La Sierra University","2020","On-tenure track, lecturers","3","1","2","0","0","0","0","0","0","1","0","1","0","0","0","0","0","0","2","1","1","0","0","0","0","0","0","0","0","0","-2"
"117627","La Sierra University","2020","Not on tenure track/No tenure system system total","35","16","19","0","0","0","1","1","0","1","0","1","5","2","3","8","4","4","20","9","11","0","0","0","0","0","0","0","0","0","-2"
"117627","La Sierra University","2020","Not on tenure/no tenure system, professors","4","2","2","0","0","0","0","0","0","0","0","0","0","0","0","2","1","1","2","1","1","0","0","0","0","0","0","0","0","0","-2"
"117627","La Sierra University","2020","Not on tenure/no tenure system, associate professors","6","2","4","0","0","0","0","0","0","0","0","0","0","0","0","2","1","1","4","1","3","0","0","0","0","0","0","0","0","0","-2"
"117627","La Sierra University","2020","Not on tenure/no tenure system, assistant professors","19","10","9","0","0","0","0","0","0","1","0","1","5","2","3","3","2","1","10","6","4","0","0","0","0","0","0","0","0","0","-2"
"117627","La Sierra University","2020","Not on tenure/no tenure system, instructors","2","1","1","0","0","0","0","0","0","0","0","0","0","0","0","1","0","1","1","1","0","0","0","0","0","0","0","0","0","0","-2"
"117627","La Sierra University","2020","Not on tenure/no tenure system, lecturers","4","1","3","0","0","0","1","1","0","0","0","0","0","0","0","0","0","0","3","0","3","0","0","0","0","0","0","0","0","0","-2"
"117636","Loma Linda University","2020","Tenured total","16","10","6","0","0","0","2","0","2","2","1","1","1","1","0","0","0","0","11","8","3","0","0","0","0","0","0","0","0","0","-2"
"117636","Loma Linda University","2020","Tenured, professors","10","7","3","0","0","0","1","0","1","1","1","0","1","1","0","0","0","0","7","5","2","0","0","0","0","0","0","0","0","0","-2"
"117636","Loma Linda University","2020","Tenured, associate professors","2","2","0","0","0","0","0","0","0","0","0","0","0","0","0","0","0","0","2","2","0","0","0","0","0","0","0","0","0","0","-2"
"117636","Loma Linda University","2020","Tenured, assistant professors","4","1","3","0","0","0","1","0","1","1","0","1","0","0","0","0","0","0","2","1","1","0","0","0","0","0","0","0","0","0","-2"
"117636","Loma Linda University","2020","On-Tenure track total","51","25","26","0","0","0","7","3","4","4","2","2","4","3","1","1","1","0","32","14","18","2","2","0","0","0","0","1","0","1","-2"
"117636","Loma Linda University","2020","On-tenure track, professors","13","8","5","0","0","0","3","2","1","0","0","0","1","1","0","0","0","0","8","4","4","1","1","0","0","0","0","0","0","0","-2"
"117636","Loma Linda University","2020","On-tenure track, associate professors","14","6","8","0","0","0","2","0","2","2","1","1","0","0","0","0","0","0","9","4","5","1","1","0","0","0","0","0","0","0","-2"
"117636","Loma Linda University","2020","On-tenure track, assistant professors","23","11","12","0","0","0","2","1","1","2","1","1","3","2","1","1","1","0","14","6","8","0","0","0","0","0","0","1","0","1","-2"
"117636","Loma Linda University","2020","On-tenure track, instructors","1","0","1","0","0","0","0","0","0","0","0","0","0","0","0","0","0","0","1","0","1","0","0","0","0","0","0","0","0","0","-2"
"117636","Loma Linda University","2020","Not on tenure track/No tenure system system total","324","127","197","0","0","0","64","19","45","25","9","16","27","14","13","0","0","0","186","72","114","9","4","5","0","0","0","13","9","4","-2"
"117636","Loma Linda University","2020","Not on tenure/no tenure system, professors","32","21","11","0","0","0","4","3","1","3","1","2","3","2","1","0","0","0","22","15","7","0","0","0","0","0","0","0","0","0","-2"
"117636","Loma Linda University","2020","Not on tenure/no tenure system, associate professors","58","20","38","0","0","0","13","1","12","5","4","1","3","3","0","0","0","0","36","12","24","1","0","1","0","0","0","0","0","0","-2"
"117636","Loma Linda University","2020","Not on tenure/no tenure system, assistant professors","188","74","114","0","0","0","37","12","25","16","4","12","14","7","7","0","0","0","103","40","63","6","3","3","0","0","0","12","8","4","-2"
"117636","Loma Linda University","2020","Not on tenure/no tenure system, instructors","46","12","34","0","0","0","10","3","7","1","0","1","7","2","5","0","0","0","25","5","20","2","1","1","0","0","0","1","1","0","-2"
"118888","Mills College","2020","Tenured total","42","9","33","1","0","1","4","2","2","4","0","4","4","1","3","0","0","0","24","5","19","3","1","2","1","0","1","1","0","1","-2"
"118888","Mills College","2020","Tenured, professors","19","5","14","0","0","0","3","1","2","4","0","4","1","0","1","0","0","0","10","4","6","0","0","0","1","0","1","0","0","0","-2"
"118888","Mills College","2020","Tenured, associate professors","12","3","9","1","0","1","0","0","0","0","0","0","2","1","1","0","0","0","6","1","5","3","1","2","0","0","0","0","0","0","-2"
"118888","Mills College","2020","Tenured, assistant professors","11","1","10","0","0","0","1","1","0","0","0","0","1","0","1","0","0","0","8","0","8","0","0","0","0","0","0","1","0","1","-2"
"118888","Mills College","2020","On-Tenure track total","12","3","9","1","0","1","2","1","1","2","0","2","2","0","2","0","0","0","4","1","3","0","0","0","1","1","0","0","0","0","-2"
"118888","Mills College","2020","On-tenure track, associate professors","3","1","2","0","0","0","1","1","0","1","0","1","0","0","0","0","0","0","1","0","1","0","0","0","0","0","0","0","0","0","-2"
"118888","Mills College","2020","On-tenure track, assistant professors","9","2","7","1","0","1","1","0","1","1","0","1","2","0","2","0","0","0","3","1","2","0","0","0","1","1","0","0","0","0","-2"
"118888","Mills College","2020","Not on tenure track/No tenure system system total","26","8","18","0","0","0","3","0","3","5","2","3","1","0","1","0","0","0","16","6","10","1","0","1","0","0","0","0","0","0","-2"
"118888","Mills College","2020","Not on tenure/no tenure system, professors","6","2","4","0","0","0","0","0","0","0","0","0","0","0","0","0","0","0","6","2","4","0","0","0","0","0","0","0","0","0","-2"
"118888","Mills College","2020","Not on tenure/no tenure system, associate professors","2","1","1","0","0","0","1","0","1","1","1","0","0","0","0","0","0","0","0","0","0","0","0","0","0","0","0","0","0","0","-2"
"118888","Mills College","2020","Not on tenure/no tenure system, assistant professors","14","4","10","0","0","0","1","0","1","3","0","3","1","0","1","0","0","0","8","4","4","1","0","1","0","0","0","0","0","0","-2"
"118888","Mills College","2020","Not on tenure/no tenure system, no academic rank","4","1","3","0","0","0","1","0","1","1","1","0","0","0","0","0","0","0","2","0","2","0","0","0","0","0","0","0","0","0","-2"
"118912","MiraCosta College","2020","Tenured total","146","71","75","0","0","0","3","1","2","8","6","2","26","10","16","1","1","0","90","44","46","0","0","0","17","9","8","1","0","1","-2"
"118912","MiraCosta College","2020","Tenured, instructors","146","71","75","0","0","0","3","1","2","8","6","2","26","10","16","1","1","0","90","44","46","0","0","0","17","9","8","1","0","1","-2"
"118912","MiraCosta College","2020","On-Tenure track total","33","13","20","1","0","1","2","0","2","1","1","0","7","4","3","0","0","0","19","7","12","0","0","0","3","1","2","0","0","0","-2"
"118912","MiraCosta College","2020","On-tenure track, instructors","33","13","20","1","0","1","2","0","2","1","1","0","7","4","3","0","0","0","19","7","12","0","0","0","3","1","2","0","0","0","-2"
"118912","MiraCosta College","2020","Not on tenure track/No tenure system system total","1","0","1","0","0","0","0","0","0","0","0","0","0","0","0","0","0","0","0","0","0","0","0","0","1","0","1","0","0","0","-2"
"118912","MiraCosta College","2020","Not on tenure/no tenure system, instructors","1","0","1","0","0","0","0","0","0","0","0","0","0","0","0","0","0","0","0","0","0","0","0","0","1","0","1","0","0","0","-2"
"118976","Modesto Junior College","2020","Tenured total","94","44","50","2","1","1","4","1","3","7","3","4","11","5","6","0","0","0","62","31","31","0","0","0","8","3","5","0","0","0","-2"
"118976","Modesto Junior College","2020","Tenured, instructors","94","44","50","2","1","1","4","1","3","7","3","4","11","5","6","0","0","0","62","31","31","0","0","0","8","3","5","0","0","0","-2"
"118976","Modesto Junior College","2020","On-Tenure track total","47","33","14","0","0","0","3","1","2","1","1","0","5","3","2","0","0","0","37","27","10","0","0","0","1","1","0","0","0","0","-2"
"118976","Modesto Junior College","2020","On-tenure track, instructors","47","33","14","0","0","0","3","1","2","1","1","0","5","3","2","0","0","0","37","27","10","0","0","0","1","1","0","0","0","0","-2"
"118976","Modesto Junior College","2020","Not on tenure track/No tenure system system total","114","40","74","0","0","0","4","0","4","6","2","4","19","6","13","0","0","0","80","32","48","1","0","1","3","0","3","1","0","1","-2"
"118976","Modesto Junior College","2020","Not on tenure/no tenure system, instructors","114","40","74","0","0","0","4","0","4","6","2","4","19","6","13","0","0","0","80","32","48","1","0","1","3","0","3","1","0","1","-2"
"119173","Mount Saint Mary's University","2020","Tenured total","60","16","44","0","0","0","6","2","4","4","0","4","4","1","3","0","0","0","45","13","32","1","0","1","0","0","0","0","0","0","-2"
"119173","Mount Saint Mary's University","2020","Tenured, professors","32","10","22","0","0","0","2","1","1","1","0","1","2","1","1","0","0","0","26","8","18","1","0","1","0","0","0","0","0","0","-2"
"119173","Mount Saint Mary's University","2020","Tenured, associate professors","24","5","19","0","0","0","4","1","3","3","0","3","2","0","2","0","0","0","15","4","11","0","0","0","0","0","0","0","0","0","-2"
"119173","Mount Saint Mary's University","2020","Tenured, assistant professors","4","1","3","0","0","0","0","0","0","0","0","0","0","0","0","0","0","0","4","1","3","0","0","0","0","0","0","0","0","0","-2"
"119173","Mount Saint Mary's University","2020","On-Tenure track total","18","6","12","0","0","0","2","2","0","2","0","2","3","0","3","0","0","0","8","3","5","1","0","1","2","1","1","0","0","0","-2"
"119173","Mount Saint Mary's University","2020","On-tenure track, professors","1","1","0","0","0","0","0","0","0","0","0","0","0","0","0","0","0","0","1","1","0","0","0","0","0","0","0","0","0","0","-2"
"119173","Mount Saint Mary's University","2020","On-tenure track, associate professors","6","3","3","0","0","0","1","1","0","1","0","1","0","0","0","0","0","0","2","1","1","1","0","1","1","1","0","0","0","0","-2"
"119173","Mount Saint Mary's University","2020","On-tenure track, assistant professors","11","2","9","0","0","0","1","1","0","1","0","1","3","0","3","0","0","0","5","1","4","0","0","0","1","0","1","0","0","0","-2"
"119173","Mount Saint Mary's University","2020","Not on tenure track/No tenure system system total","49","13","36","0","0","0","5","1","4","3","2","1","9","4","5","0","0","0","26","6","20","2","0","2","4","0","4","0","0","0","-2"
"119173","Mount Saint Mary's University","2020","Not on tenure/no tenure system, professors","2","1","1","0","0","0","0","0","0","0","0","0","1","1","0","0","0","0","1","0","1","0","0","0","0","0","0","0","0","0","-2"
"119173","Mount Saint Mary's University","2020","Not on tenure/no tenure system, associate professors","7","2","5","0","0","0","0","0","0","1","1","0","0","0","0","0","0","0","6","1","5","0","0","0","0","0","0","0","0","0","-2"
"119173","Mount Saint Mary's University","2020","Not on tenure/no tenure system, assistant professors","28","5","23","0","0","0","5","1","4","2","1","1","4","1","3","0","0","0","13","2","11","2","0","2","2","0","2","0","0","0","-2"
"119173","Mount Saint Mary's University","2020","Not on tenure/no tenure system, instructors","12","5","7","0","0","0","0","0","0","0","0","0","4","2","2","0","0","0","6","3","3","0","0","0","2","0","2","0","0","0","-2"
"119605","National University","2020","Not on tenure track/No tenure system system total","211","99","112","0","0","0","22","11","11","15","5","10","13","6","7","0","0","0","131","65","66","13","6","7","17","6","11","0","0","0","-2"
"119605","National University","2020","Not on tenure/no tenure system, professors","95","50","45","0","0","0","12","6","6","4","2","2","3","1","2","0","0","0","62","36","26","6","1","5","8","4","4","0","0","0","-2"
"119605","National University","2020","Not on tenure/no tenure system, associate professors","56","26","30","0","0","0","5","2","3","5","2","3","6","4","2","0","0","0","32","14","18","4","2","2","4","2","2","0","0","0","-2"
"119605","National University","2020","Not on tenure/no tenure system, assistant professors","47","15","32","0","0","0","3","2","1","6","1","5","4","1","3","0","0","0","27","9","18","2","2","0","5","0","5","0","0","0","-2"
"119605","National University","2020","Not on tenure/no tenure system, instructors","13","8","5","0","0","0","2","1","1","0","0","0","0","0","0","0","0","0","10","6","4","1","1","0","0","0","0","0","0","0","-2"
"120865","Pacific Union College","2020","Tenured total","24","12","12","0","0","0","0","0","0","0","0","0","0","0","0","0","0","0","16","9","7","7","2","5","1","1","0","0","0","0","-2"
"120865","Pacific Union College","2020","Tenured, professors","18","9","9","0","0","0","0","0","0","0","0","0","0","0","0","0","0","0","11","7","4","6","1","5","1","1","0","0","0","0","-2"
"120865","Pacific Union College","2020","Tenured, associate professors","6","3","3","0","0","0","0","0","0","0","0","0","0","0","0","0","0","0","5","2","3","1","1","0","0","0","0","0","0","0","-2"
"120865","Pacific Union College","2020","On-Tenure track total","23","13","10","0","0","0","3","2","1","0","0","0","3","1","2","0","0","0","5","3","2","8","7","1","4","0","4","0","0","0","-2"
"120865","Pacific Union College","2020","On-tenure track, professors","8","5","3","0","0","0","1","1","0","0","0","0","0","0","0","0","0","0","2","1","1","3","3","0","2","0","2","0","0","0","-2"
"120865","Pacific Union College","2020","On-tenure track, associate professors","3","2","1","0","0","0","1","1","0","0","0","0","1","0","1","0","0","0","1","1","0","0","0","0","0","0","0","0","0","0","-2"
"120865","Pacific Union College","2020","On-tenure track, assistant professors","10","4","6","0","0","0","1","0","1","0","0","0","1","0","1","0","0","0","2","1","1","4","3","1","2","0","2","0","0","0","-2"
"120865","Pacific Union College","2020","On-tenure track, instructors","2","2","0","0","0","0","0","0","0","0","0","0","1","1","0","0","0","0","0","0","0","1","1","0","0","0","0","0","0","0","-2"
"120865","Pacific Union College","2020","Not on tenure track/No tenure system system total","18","6","12","0","0","0","1","1","0","1","1","0","1","0","1","0","0","0","7","1","6","8","3","5","0","0","0","0","0","0","-2"
"120865","Pacific Union College","2020","Not on tenure/no tenure system, professors","2","1","1","0","0","0","0","0","0","0","0","0","0","0","0","0","0","0","1","0","1","1","1","0","0","0","0","0","0","0","-2"
"120865","Pacific Union College","2020","Not on tenure/no tenure system, associate professors","2","0","2","0","0","0","0","0","0","0","0","0","0","0","0","0","0","0","1","0","1","1","0","1","0","0","0","0","0","0","-2"
"120865","Pacific Union College","2020","Not on tenure/no tenure system, assistant professors","13","5","8","0","0","0","1","1","0","1","1","0","1","0","1","0","0","0","5","1","4","5","2","3","0","0","0","0","0","0","-2"
"120865","Pacific Union College","2020","Not on tenure/no tenure system, instructors","1","0","1","0","0","0","0","0","0","0","0","0","0","0","0","0","0","0","0","0","0","1","0","1","0","0","0","0","0","0","-2"
"121619","Santa Ana College","2020","Tenured total","77","34","43","2","1","1","9","3","6","1","0","1","19","7","12","0","0","0","44","22","22","0","0","0","1","0","1","1","1","0","-2"
"121619","Santa Ana College","2020","Tenured, instructors","77","34","43","2","1","1","9","3","6","1","0","1","19","7","12","0","0","0","44","22","22","0","0","0","1","0","1","1","1","0","-2"
"121619","Santa Ana College","2020","On-Tenure track total","158","73","85","0","0","0","30","14","16","5","2","3","42","19","23","0","0","0","71","32","39","0","0","0","8","6","2","2","0","2","-2"
"121619","Santa Ana College","2020","On-tenure track, instructors","158","73","85","0","0","0","30","14","16","5","2","3","42","19","23","0","0","0","71","32","39","0","0","0","8","6","2","2","0","2","-2"
"121619","Santa Ana College","2020","Not on tenure track/No tenure system system total","5","3","2","0","0","0","1","1","0","0","0","0","2","1","1","0","0","0","2","1","1","0","0","0","0","0","0","0","0","0","-2"
"121619","Santa Ana College","2020","Not on tenure/no tenure system, instructors","5","3","2","0","0","0","1","1","0","0","0","0","2","1","1","0","0","0","2","1","1","0","0","0","0","0","0","0","0","0","-2"
"121691","University of Redlands","2020","Tenured total","146","73","73","1","1","0","20","10","10","5","2","3","7","4","3","0","0","0","110","54","56","0","0","0","3","2","1","0","0","0","-2"
"121691","University of Redlands","2020","Tenured, professors","119","56","63","0","0","0","16","7","9","3","2","1","6","3","3","0","0","0","92","43","49","0","0","0","2","1","1","0","0","0","-2"
"121691","University of Redlands","2020","Tenured, associate professors","27","17","10","1","1","0","4","3","1","2","0","2","1","1","0","0","0","0","18","11","7","0","0","0","1","1","0","0","0","0","-2"
"121691","University of Redlands","2020","On-Tenure track total","26","13","13","0","0","0","3","2","1","2","1","1","2","1","1","0","0","0","10","6","4","1","0","1","8","3","5","0","0","0","-2"
"121691","University of Redlands","2020","On-tenure track, associate professors","3","2","1","0","0","0","1","1","0","0","0","0","0","0","0","0","0","0","2","1","1","0","0","0","0","0","0","0","0","0","-2"
"121691","University of Redlands","2020","On-tenure track, assistant professors","22","10","12","0","0","0","2","1","1","2","1","1","2","1","1","0","0","0","8","5","3","1","0","1","7","2","5","0","0","0","-2"
"121691","University of Redlands","2020","On-tenure track, instructors","1","1","0","0","0","0","0","0","0","0","0","0","0","0","0","0","0","0","0","0","0","0","0","0","1","1","0","0","0","0","-2"
"121691","University of Redlands","2020","Not on tenure track/No tenure system system total","42","19","23","0","0","0","5","2","3","1","1","0","3","1","2","0","0","0","29","11","18","0","0","0","4","4","0","0","0","0","-2"
"121691","University of Redlands","2020","Not on tenure/no tenure system, professors","2","2","0","0","0","0","1","1","0","0","0","0","0","0","0","0","0","0","1","1","0","0","0","0","0","0","0","0","0","0","-2"
"121691","University of Redlands","2020","Not on tenure/no tenure system, lecturers","11","4","7","0","0","0","0","0","0","1","1","0","1","1","0","0","0","0","9","2","7","0","0","0","0","0","0","0","0","0","-2"
"121691","University of Redlands","2020","Not on tenure/no tenure system, no academic rank","29","13","16","0","0","0","4","1","3","0","0","0","2","0","2","0","0","0","19","8","11","0","0","0","4","4","0","0","0","0","-2"
"121886","Rio Hondo College","2020","Tenured total","159","81","78","1","1","0","20","8","12","5","3","2","54","21","33","0","0","0","74","46","28","2","2","0","2","0","2","1","0","1","-2"
"121886","Rio Hondo College","2020","Tenured, instructors","159","81","78","1","1","0","20","8","12","5","3","2","54","21","33","0","0","0","74","46","28","2","2","0","2","0","2","1","0","1","-2"
"121886","Rio Hondo College","2020","On-Tenure track total","37","14","23","0","0","0","3","1","2","1","1","0","15","7","8","1","0","1","11","4","7","1","0","1","1","0","1","4","1","3","-2"
"121886","Rio Hondo College","2020","On-tenure track, instructors","37","14","23","0","0","0","3","1","2","1","1","0","15","7","8","1","0","1","11","4","7","1","0","1","1","0","1","4","1","3","-2"
"121886","Rio Hondo College","2020","Not on tenure track/No tenure system system total","2","1","1","0","0","0","0","0","0","0","0","0","0","0","0","0","0","0","2","1","1","0","0","0","0","0","0","0","0","0","-2"
"121886","Rio Hondo College","2020","Not on tenure/no tenure system, instructors","2","1","1","0","0","0","0","0","0","0","0","0","0","0","0","0","0","0","2","1","1","0","0","0","0","0","0","0","0","0","-2"
"122375","San Diego Mesa College","2020","Tenured total","19","10","9","0","0","0","4","0","4","0","0","0","1","1","0","0","0","0","14","9","5","0","0","0","0","0","0","0","0","0","-2"
"122375","San Diego Mesa College","2020","Tenured, instructors","19","10","9","0","0","0","4","0","4","0","0","0","1","1","0","0","0","0","14","9","5","0","0","0","0","0","0","0","0","0","-2"
"122375","San Diego Mesa College","2020","On-Tenure track total","237","101","136","3","2","1","24","6","18","19","7","12","34","18","16","1","1","0","124","50","74","0","0","0","32","17","15","0","0","0","-2"
"122375","San Diego Mesa College","2020","On-tenure track, instructors","237","101","136","3","2","1","24","6","18","19","7","12","34","18","16","1","1","0","124","50","74","0","0","0","32","17","15","0","0","0","-2"
"122375","San Diego Mesa College","2020","Not on tenure track/No tenure system system total","3","0","3","0","0","0","2","0","2","1","0","1","0","0","0","0","0","0","0","0","0","0","0","0","0","0","0","0","0","0","-2"
"122375","San Diego Mesa College","2020","Not on tenure/no tenure system, instructors","3","0","3","0","0","0","2","0","2","1","0","1","0","0","0","0","0","0","0","0","0","0","0","0","0","0","0","0","0","0","-2"
"123509","Skyline College","2020","Tenured total","97","44","53","0","0","0","17","8","9","13","7","6","16","8","8","0","0","0","39","17","22","0","0","0","11","4","7","1","0","1","-2"
"123509","Skyline College","2020","Tenured, instructors","97","44","53","0","0","0","17","8","9","13","7","6","16","8","8","0","0","0","39","17","22","0","0","0","11","4","7","1","0","1","-2"
"123509","Skyline College","2020","On-Tenure track total","33","11","22","1","1","0","8","2","6","3","2","1","9","3","6","0","0","0","11","2","9","0","0","0","1","1","0","0","0","0","-2"
"123509","Skyline College","2020","On-tenure track, instructors","33","11","22","1","1","0","8","2","6","3","2","1","9","3","6","0","0","0","11","2","9","0","0","0","1","1","0","0","0","0","-2"
"123509","Skyline College","2020","Not on tenure track/No tenure system system total","18","8","10","0","0","0","1","0","1","1","0","1","1","0","1","0","0","0","15","8","7","0","0","0","0","0","0","0","0","0","-2"
"123509","Skyline College","2020","Not on tenure/no tenure system, instructors","18","8","10","0","0","0","1","0","1","1","0","1","1","0","1","0","0","0","15","8","7","0","0","0","0","0","0","0","0","0","-2"
"123554","Saint Mary's College of California","2020","Tenured total","121","59","62","1","0","1","17","6","11","4","1","3","12","4","8","0","0","0","69","39","30","0","0","0","14","8","6","4","1","3","-2"
"123554","Saint Mary's College of California","2020","Tenured, professors","67","36","31","1","0","1","10","4","6","1","0","1","5","2","3","0","0","0","46","28","18","0","0","0","3","2","1","1","0","1","-2"
"123554","Saint Mary's College of California","2020","Tenured, associate professors","54","23","31","0","0","0","7","2","5","3","1","2","7","2","5","0","0","0","23","11","12","0","0","0","11","6","5","3","1","2","-2"
"123554","Saint Mary's College of California","2020","On-Tenure track total","57","19","38","0","0","0","3","0","3","6","1","5","7","2","5","0","0","0","14","7","7","0","0","0","23","8","15","4","1","3","-2"
"123554","Saint Mary's College of California","2020","On-tenure track, associate professors","17","6","11","0","0","0","1","0","1","2","1","1","4","2","2","0","0","0","6","2","4","0","0","0","4","1","3","0","0","0","-2"
"123554","Saint Mary's College of California","2020","On-tenure track, assistant professors","40","13","27","0","0","0","2","0","2","4","0","4","3","0","3","0","0","0","8","5","3","0","0","0","19","7","12","4","1","3","-2"
"123554","Saint Mary's College of California","2020","Not on tenure track/No tenure system system total","25","9","16","0","0","0","4","2","2","1","0","1","0","0","0","0","0","0","13","4","9","0","0","0","6","3","3","1","0","1","-2"
"123554","Saint Mary's College of California","2020","Not on tenure/no tenure system, associate professors","12","4","8","0","0","0","3","1","2","0","0","0","0","0","0","0","0","0","7","2","5","0","0","0","2","1","1","0","0","0","-2"
"123554","Saint Mary's College of California","2020","Not on tenure/no tenure system, assistant professors","13","5","8","0","0","0","1","1","0","1","0","1","0","0","0","0","0","0","6","2","4","0","0","0","4","2","2","1","0","1","-2"
"123563","Solano Community College","2020","Tenured total","118","50","68","0","0","0","7","2","5","13","5","8","13","6","7","0","0","0","85","37","48","0","0","0","0","0","0","0","0","0","-2"
"123563","Solano Community College","2020","Tenured, instructors","118","50","68","0","0","0","7","2","5","13","5","8","13","6","7","0","0","0","85","37","48","0","0","0","0","0","0","0","0","0","-2"
"123563","Solano Community College","2020","On-Tenure track total","15","7","8","0","0","0","1","0","1","2","1","1","2","2","0","0","0","0","10","4","6","0","0","0","0","0","0","0","0","0","-2"
"123563","Solano Community College","2020","On-tenure track, instructors","15","7","8","0","0","0","1","0","1","2","1","1","2","2","0","0","0","0","10","4","6","0","0","0","0","0","0","0","0","0","-2"
"123563","Solano Community College","2020","Not on tenure track/No tenure system system total","2","1","1","0","0","0","1","1","0","0","0","0","0","0","0","0","0","0","1","0","1","0","0","0","0","0","0","0","0","0","-2"
"123563","Solano Community College","2020","Not on tenure/no tenure system, instructors","2","1","1","0","0","0","1","1","0","0","0","0","0","0","0","0","0","0","1","0","1","0","0","0","0","0","0","0","0","0","-2"
"123572","Sonoma State University","2020","Tenured total","164","86","78","1","0","1","16","11","5","1","0","1","13","6","7","0","0","0","123","63","60","3","2","1","6","3","3","1","1","0","-2"
"123572","Sonoma State University","2020","Tenured, professors","124","69","55","0","0","0","13","9","4","1","0","1","7","3","4","0","0","0","99","53","46","2","2","0","1","1","0","1","1","0","-2"
"123572","Sonoma State University","2020","Tenured, associate professors","40","17","23","1","0","1","3","2","1","0","0","0","6","3","3","0","0","0","24","10","14","1","0","1","5","2","3","0","0","0","-2"
"123572","Sonoma State University","2020","On-Tenure track total","72","26","46","0","0","0","12","6","6","1","1","0","9","4","5","0","0","0","30","10","20","2","0","2","7","1","6","11","4","7","-2"
"123572","Sonoma State University","2020","On-tenure track, associate professors","4","2","2","0","0","0","0","0","0","0","0","0","0","0","0","0","0","0","2","1","1","0","0","0","0","0","0","2","1","1","-2"
"123572","Sonoma State University","2020","On-tenure track, assistant professors","68","24","44","0","0","0","12","6","6","1","1","0","9","4","5","0","0","0","28","9","19","2","0","2","7","1","6","9","3","6","-2"
"123572","Sonoma State University","2020","Not on tenure track/No tenure system system total","25","9","16","0","0","0","1","0","1","0","0","0","2","1","1","0","0","0","16","6","10","1","0","1","4","1","3","1","1","0","-2"
"123572","Sonoma State University","2020","Not on tenure/no tenure system, lecturers","25","9","16","0","0","0","1","0","1","0","0","0","2","1","1","0","0","0","16","6","10","1","0","1","4","1","3","1","1","0","-2"
"123651","Vanguard University of Southern California","2020","Tenured total","38","18","20","0","0","0","1","0","1","1","1","0","0","0","0","0","0","0","35","17","18","1","0","1","0","0","0","0","0","0","-2"
"123651","Vanguard University of Southern California","2020","Tenured, professors","26","16","10","0","0","0","0","0","0","0","0","0","0","0","0","0","0","0","25","16","9","1","0","1","0","0","0","0","0","0","-2"
"123651","Vanguard University of Southern California","2020","Tenured, associate professors","10","2","8","0","0","0","1","0","1","1","1","0","0","0","0","0","0","0","8","1","7","0","0","0","0","0","0","0","0","0","-2"
"123651","Vanguard University of Southern California","2020","Tenured, assistant professors","1","0","1","0","0","0","0","0","0","0","0","0","0","0","0","0","0","0","1","0","1","0","0","0","0","0","0","0","0","0","-2"
"123651","Vanguard University of Southern California","2020","Tenured, no academic rank","1","0","1","0","0","0","0","0","0","0","0","0","0","0","0","0","0","0","1","0","1","0","0","0","0","0","0","0","0","0","-2"
"123651","Vanguard University of Southern California","2020","On-Tenure track total","24","11","13","0","0","0","8","4","4","2","2","0","2","1","1","0","0","0","11","4","7","1","0","1","0","0","0","0","0","0","-2"
"123651","Vanguard University of Southern California","2020","On-tenure track, professors","2","1","1","0","0","0","0","0","0","0","0","0","0","0","0","0","0","0","2","1","1","0","0","0","0","0","0","0","0","0","-2"
"123651","Vanguard University of Southern California","2020","On-tenure track, associate professors","5","3","2","0","0","0","2","1","1","1","1","0","0","0","0","0","0","0","2","1","1","0","0","0","0","0","0","0","0","0","-2"
"123651","Vanguard University of Southern California","2020","On-tenure track, assistant professors","17","7","10","0","0","0","6","3","3","1","1","0","2","1","1","0","0","0","7","2","5","1","0","1","0","0","0","0","0","0","-2"
"123651","Vanguard University of Southern California","2020","Not on tenure track/No tenure system system total","21","11","10","0","0","0","3","2","1","1","0","1","2","1","1","1","0","1","13","7","6","1","1","0","0","0","0","0","0","0","-2"
"123651","Vanguard University of Southern California","2020","Not on tenure/no tenure system, professors","1","1","0","0","0","0","0","0","0","0","0","0","0","0","0","0","0","0","0","0","0","1","1","0","0","0","0","0","0","0","-2"
"123651","Vanguard University of Southern California","2020","Not on tenure/no tenure system, associate professors","3","1","2","0","0","0","1","0","1","0","0","0","0","0","0","1","0","1","1","1","0","0","0","0","0","0","0","0","0","0","-2"
"123651","Vanguard University of Southern California","2020","Not on tenure/no tenure system, assistant professors","15","7","8","0","0","0","1","1","0","1","0","1","2","1","1","0","0","0","11","5","6","0","0","0","0","0","0","0","0","0","-2"
"123651","Vanguard University of Southern California","2020","Not on tenure/no tenure system, instructors","2","2","0","0","0","0","1","1","0","0","0","0","0","0","0","0","0","0","1","1","0","0","0","0","0","0","0","0","0","0","-2"
"125471","West Los Angeles College","2020","Tenured total","102","43","59","0","0","0","12","8","4","15","9","6","17","6","11","1","0","1","38","14","24","0","0","0","18","6","12","1","0","1","-2"
"125471","West Los Angeles College","2020","Tenured, instructors","102","43","59","0","0","0","12","8","4","15","9","6","17","6","11","1","0","1","38","14","24","0","0","0","18","6","12","1","0","1","-2"
"125471","West Los Angeles College","2020","On-Tenure track total","17","6","11","0","0","0","0","0","0","2","1","1","2","0","2","0","0","0","3","2","1","0","0","0","10","3","7","0","0","0","-2"
"125471","West Los Angeles College","2020","On-tenure track, instructors","17","6","11","0","0","0","0","0","0","2","1","1","2","0","2","0","0","0","3","2","1","0","0","0","10","3","7","0","0","0","-2"
"125471","West Los Angeles College","2020","Not on tenure track/No tenure system system total","7","3","4","0","0","0","1","0","1","0","0","0","1","0","1","0","0","0","2","0","2","0","0","0","3","3","0","0","0","0","-2"
"125471","West Los Angeles College","2020","Not on tenure/no tenure system, instructors","7","3","4","0","0","0","1","0","1","0","0","0","1","0","1","0","0","0","2","0","2","0","0","0","3","3","0","0","0","0","-2"
"125763","Whittier College","2020","Tenured total","70","37","33","0","0","0","3","1","2","2","0","2","11","7","4","0","0","0","47","24","23","1","1","0","0","0","0","6","4","2","-2"
"125763","Whittier College","2020","Tenured, professors","35","21","14","0","0","0","2","1","1","1","0","1","4","2","2","0","0","0","25","16","9","0","0","0","0","0","0","3","2","1","-2"
"125763","Whittier College","2020","Tenured, associate professors","35","16","19","0","0","0","1","0","1","1","0","1","7","5","2","0","0","0","22","8","14","1","1","0","0","0","0","3","2","1","-2"
"125763","Whittier College","2020","On-Tenure track total","20","7","13","1","0","1","2","0","2","1","0","1","3","0","3","4","0","4","7","6","1","1","1","0","0","0","0","1","0","1","-2"
"125763","Whittier College","2020","On-tenure track, associate professors","6","2","4","0","0","0","0","0","0","0","0","0","2","0","2","0","0","0","3","2","1","0","0","0","0","0","0","1","0","1","-2"
"125763","Whittier College","2020","On-tenure track, assistant professors","14","5","9","1","0","1","2","0","2","1","0","1","1","0","1","4","0","4","4","4","0","1","1","0","0","0","0","0","0","0","-2"
"125763","Whittier College","2020","Not on tenure track/No tenure system system total","24","13","11","0","0","0","4","2","2","2","1","1","6","4","2","0","0","0","11","6","5","0","0","0","1","0","1","0","0","0","-2"
"125763","Whittier College","2020","Not on tenure/no tenure system, professors","2","1","1","0","0","0","0","0","0","0","0","0","0","0","0","0","0","0","2","1","1","0","0","0","0","0","0","0","0","0","-2"
"125763","Whittier College","2020","Not on tenure/no tenure system, associate professors","2","1","1","0","0","0","0","0","0","0","0","0","1","1","0","0","0","0","1","0","1","0","0","0","0","0","0","0","0","0","-2"
"125763","Whittier College","2020","Not on tenure/no tenure system, assistant professors","13","7","6","0","0","0","2","0","2","1","0","1","3","3","0","0","0","0","7","4","3","0","0","0","0","0","0","0","0","0","-2"
"125763","Whittier College","2020","Not on tenure/no tenure system, instructors","2","1","1","0","0","0","0","0","0","1","1","0","0","0","0","0","0","0","0","0","0","0","0","0","1","0","1","0","0","0","-2"
"125763","Whittier College","2020","Not on tenure/no tenure system, lecturers","5","3","2","0","0","0","2","2","0","0","0","0","2","0","2","0","0","0","1","1","0","0","0","0","0","0","0","0","0","0","-2"
"126182","Adams State University","2020","Tenured total","31","17","14","0","0","0","1","1","0","0","0","0","5","2","3","0","0","0","24","14","10","0","0","0","1","0","1","0","0","0","-2"
"126182","Adams State University","2020","Tenured, professors","18","10","8","0","0","0","0","0","0","0","0","0","2","1","1","0","0","0","15","9","6","0","0","0","1","0","1","0","0","0","-2"
"126182","Adams State University","2020","Tenured, associate professors","9","4","5","0","0","0","0","0","0","0","0","0","1","0","1","0","0","0","8","4","4","0","0","0","0","0","0","0","0","0","-2"
"126182","Adams State University","2020","Tenured, assistant professors","4","3","1","0","0","0","1","1","0","0","0","0","2","1","1","0","0","0","1","1","0","0","0","0","0","0","0","0","0","0","-2"
"126182","Adams State University","2020","On-Tenure track total","15","7","8","0","0","0","0","0","0","0","0","0","3","1","2","1","1","0","11","5","6","0","0","0","0","0","0","0","0","0","-2"
"126182","Adams State University","2020","On-tenure track, associate professors","1","0","1","0","0","0","0","0","0","0","0","0","1","0","1","0","0","0","0","0","0","0","0","0","0","0","0","0","0","0","-2"
"126182","Adams State University","2020","On-tenure track, assistant professors","11","4","7","0","0","0","0","0","0","0","0","0","1","0","1","0","0","0","10","4","6","0","0","0","0","0","0","0","0","0","-2"
"126182","Adams State University","2020","On-tenure track, no academic rank","3","3","0","0","0","0","0","0","0","0","0","0","1","1","0","1","1","0","1","1","0","0","0","0","0","0","0","0","0","0","-2"
"126182","Adams State University","2020","Not on tenure track/No tenure system system total","49","19","30","2","1","1","0","0","0","1","0","1","7","2","5","0","0","0","35","13","22","0","0","0","4","3","1","0","0","0","-2"
"126182","Adams State University","2020","Not on tenure/no tenure system, assistant professors","1","1","0","0","0","0","0","0","0","0","0","0","0","0","0","0","0","0","1","1","0","0","0","0","0","0","0","0","0","0","-2"
"126182","Adams State University","2020","Not on tenure/no tenure system, no academic rank","48","18","30","2","1","1","0","0","0","1","0","1","7","2","5","0","0","0","34","12","22","0","0","0","4","3","1","0","0","0","-2"
"126562","University of Colorado Denver/Anschutz Medical Campus","2020","Tenured total","588","386","202","4","2","2","57","40","17","6","4","2","34","22","12","0","0","0","466","306","160","1","0","1","20","12","8","0","0","0","-2"
"126562","University of Colorado Denver/Anschutz Medical Campus","2020","Tenured, professors","384","256","128","2","1","1","34","24","10","3","3","0","16","11","5","0","0","0","317","211","106","1","0","1","11","6","5","0","0","0","-2"
"126562","University of Colorado Denver/Anschutz Medical Campus","2020","Tenured, associate professors","204","130","74","2","1","1","23","16","7","3","1","2","18","11","7","0","0","0","149","95","54","0","0","0","9","6","3","0","0","0","-2"
"126562","University of Colorado Denver/Anschutz Medical Campus","2020","On-Tenure track total","2084","986","1098","7","4","3","190","87","103","23","10","13","105","49","56","2","1","1","1363","631","732","16","7","9","343","176","167","35","21","14","-2"
"126562","University of Colorado Denver/Anschutz Medical Campus","2020","On-tenure track, professors","290","189","101","2","2","0","22","17","5","1","0","1","14","8","6","0","0","0","217","137","80","3","0","3","30","24","6","1","1","0","-2"
"126562","University of Colorado Denver/Anschutz Medical Campus","2020","On-tenure track, associate professors","677","326","351","2","1","1","65","29","36","7","4","3","39","19","20","2","1","1","479","229","250","5","4","1","76","37","39","2","2","0","-2"
"126562","University of Colorado Denver/Anschutz Medical Campus","2020","On-tenure track, assistant professors","1117","471","646","3","1","2","103","41","62","15","6","9","52","22","30","0","0","0","667","265","402","8","3","5","237","115","122","32","18","14","-2"
"126562","University of Colorado Denver/Anschutz Medical Campus","2020","Not on tenure track/No tenure system system total","1938","529","1409","2","1","1","83","29","54","25","6","19","89","31","58","2","1","1","1310","330","980","15","4","11","400","121","279","12","6","6","-2"
"126562","University of Colorado Denver/Anschutz Medical Campus","2020","Not on tenure/no tenure system, professors","15","5","10","0","0","0","0","0","0","0","0","0","0","0","0","0","0","0","14","4","10","0","0","0","1","1","0","0","0","0","-2"
"126562","University of Colorado Denver/Anschutz Medical Campus","2020","Not on tenure/no tenure system, associate professors","70","35","35","0","0","0","8","2","6","1","1","0","6","5","1","0","0","0","51","23","28","1","1","0","3","3","0","0","0","0","-2"
"126562","University of Colorado Denver/Anschutz Medical Campus","2020","Not on tenure/no tenure system, assistant professors","114","34","80","0","0","0","8","3","5","3","0","3","5","3","2","0","0","0","84","22","62","1","0","1","10","4","6","3","2","1","-2"
"126562","University of Colorado Denver/Anschutz Medical Campus","2020","Not on tenure/no tenure system, instructors","1739","455","1284","2","1","1","67","24","43","21","5","16","78","23","55","2","1","1","1161","281","880","13","3","10","386","113","273","9","4","5","-2"
"128106","Colorado State University Pueblo","2020","Tenured total","84","52","32","0","0","0","6","3","3","4","3","1","10","5","5","0","0","0","58","38","20","1","0","1","5","3","2","0","0","0","-2"
"128106","Colorado State University Pueblo","2020","Tenured, professors","42","29","13","0","0","0","5","3","2","3","3","0","4","3","1","0","0","0","28","19","9","0","0","0","2","1","1","0","0","0","-2"
"128106","Colorado State University Pueblo","2020","Tenured, associate professors","37","20","17","0","0","0","1","0","1","0","0","0","5","1","4","0","0","0","27","17","10","1","0","1","3","2","1","0","0","0","-2"
"128106","Colorado State University Pueblo","2020","Tenured, assistant professors","5","3","2","0","0","0","0","0","0","1","0","1","1","1","0","0","0","0","3","2","1","0","0","0","0","0","0","0","0","0","-2"
"128106","Colorado State University Pueblo","2020","On-Tenure track total","33","16","17","0","0","0","2","2","0","0","0","0","2","0","2","0","0","0","25","10","15","0","0","0","0","0","0","4","4","0","-2"
"128106","Colorado State University Pueblo","2020","On-tenure track, assistant professors","33","16","17","0","0","0","2","2","0","0","0","0","2","0","2","0","0","0","25","10","15","0","0","0","0","0","0","4","4","0","-2"
"128106","Colorado State University Pueblo","2020","Not on tenure track/No tenure system system total","54","22","32","0","0","0","4","2","2","2","1","1","5","2","3","0","0","0","42","17","25","0","0","0","1","0","1","0","0","0","-2"
"128106","Colorado State University Pueblo","2020","Not on tenure/no tenure system, assistant professors","21","8","13","0","0","0","2","1","1","1","0","1","2","1","1","0","0","0","16","6","10","0","0","0","0","0","0","0","0","0","-2"
"128106","Colorado State University Pueblo","2020","Not on tenure/no tenure system, lecturers","28","11","17","0","0","0","1","0","1","1","1","0","3","1","2","0","0","0","22","9","13","0","0","0","1","0","1","0","0","0","-2"
"128106","Colorado State University Pueblo","2020","Not on tenure/no tenure system, no academic rank","5","3","2","0","0","0","1","1","0","0","0","0","0","0","0","0","0","0","4","2","2","0","0","0","0","0","0","0","0","0","-2"
"131876","Trinity Washington University","2020","Tenured total","25","6","19","0","0","0","5","2","3","6","1","5","0","0","0","0","0","0","14","3","11","0","0","0","0","0","0","0","0","0","-2"
"131876","Trinity Washington University","2020","Tenured, professors","3","0","3","0","0","0","0","0","0","0","0","0","0","0","0","0","0","0","3","0","3","0","0","0","0","0","0","0","0","0","-2"
"131876","Trinity Washington University","2020","Tenured, associate professors","22","6","16","0","0","0","5","2","3","6","1","5","0","0","0","0","0","0","11","3","8","0","0","0","0","0","0","0","0","0","-2"
"131876","Trinity Washington University","2020","On-Tenure track total","13","3","10","0","0","0","0","0","0","8","2","6","1","0","1","0","0","0","4","1","3","0","0","0","0","0","0","0","0","0","-2"
"131876","Trinity Washington University","2020","On-tenure track, associate professors","1","1","0","0","0","0","0","0","0","1","1","0","0","0","0","0","0","0","0","0","0","0","0","0","0","0","0","0","0","0","-2"
"131876","Trinity Washington University","2020","On-tenure track, assistant professors","12","2","10","0","0","0","0","0","0","7","1","6","1","0","1","0","0","0","4","1","3","0","0","0","0","0","0","0","0","0","-2"
"131876","Trinity Washington University","2020","Not on tenure track/No tenure system system total","24","6","18","0","0","0","0","0","0","11","3","8","0","0","0","0","0","0","11","3","8","2","0","2","0","0","0","0","0","0","-2"
"131876","Trinity Washington University","2020","Not on tenure/no tenure system, associate professors","1","0","1","0","0","0","0","0","0","0","0","0","0","0","0","0","0","0","1","0","1","0","0","0","0","0","0","0","0","0","-2"
"131876","Trinity Washington University","2020","Not on tenure/no tenure system, assistant professors","21","6","15","0","0","0","0","0","0","10","3","7","0","0","0","0","0","0","9","3","6","2","0","2","0","0","0","0","0","0","-2"
"131876","Trinity Washington University","2020","Not on tenure/no tenure system, instructors","2","0","2","0","0","0","0","0","0","1","0","1","0","0","0","0","0","0","1","0","1","0","0","0","0","0","0","0","0","0","-2"
"132471","Barry University","2020","Tenured total","14","6","8","1","0","1","1","0","1","2","1","1","0","0","0","0","0","0","10","5","5","0","0","0","0","0","0","0","0","0","-2"
"132471","Barry University","2020","Tenured, professors","9","5","4","1","0","1","0","0","0","1","1","0","0","0","0","0","0","0","7","4","3","0","0","0","0","0","0","0","0","0","-2"
"132471","Barry University","2020","Tenured, associate professors","5","1","4","0","0","0","1","0","1","1","0","1","0","0","0","0","0","0","3","1","2","0","0","0","0","0","0","0","0","0","-2"
"132471","Barry University","2020","On-Tenure track total","16","8","8","0","0","0","2","1","1","3","1","2","1","0","1","0","0","0","7","4","3","0","0","0","3","2","1","0","0","0","-2"
"132471","Barry University","2020","On-tenure track, associate professors","6","3","3","0","0","0","1","0","1","0","0","0","0","0","0","0","0","0","4","2","2","0","0","0","1","1","0","0","0","0","-2"
"132471","Barry University","2020","On-tenure track, assistant professors","10","5","5","0","0","0","1","1","0","3","1","2","1","0","1","0","0","0","3","2","1","0","0","0","2","1","1","0","0","0","-2"
"132471","Barry University","2020","Not on tenure track/No tenure system system total","245","111","134","1","0","1","14","9","5","23","7","16","50","24","26","0","0","0","138","65","73","1","0","1","14","3","11","4","3","1","-2"
"132471","Barry University","2020","Not on tenure/no tenure system, professors","62","34","28","0","0","0","4","4","0","1","1","0","13","6","7","0","0","0","43","23","20","0","0","0","1","0","1","0","0","0","-2"
"132471","Barry University","2020","Not on tenure/no tenure system, associate professors","79","31","48","1","0","1","7","4","3","6","0","6","9","4","5","0","0","0","47","19","28","0","0","0","7","3","4","2","1","1","-2"
"132471","Barry University","2020","Not on tenure/no tenure system, assistant professors","84","37","47","0","0","0","3","1","2","14","5","9","17","9","8","0","0","0","42","20","22","1","0","1","5","0","5","2","2","0","-2"
"132471","Barry University","2020","Not on tenure/no tenure system, instructors","20","9","11","0","0","0","0","0","0","2","1","1","11","5","6","0","0","0","6","3","3","0","0","0","1","0","1","0","0","0","-2"
"132903","University of Central Florida","2020","Tenured total","712","478","234","4","4","0","142","110","32","31","14","17","43","25","18","0","0","0","480","320","160","4","1","3","0","0","0","8","4","4","-2"
"132903","University of Central Florida","2020","Tenured, professors","347","261","86","1","1","0","73","61","12","12","7","5","21","15","6","0","0","0","238","177","61","1","0","1","0","0","0","1","0","1","-2"
"132903","University of Central Florida","2020","Tenured, associate professors","363","215","148","3","3","0","69","49","20","19","7","12","22","10","12","0","0","0","240","141","99","3","1","2","0","0","0","7","4","3","-2"
"132903","University of Central Florida","2020","Tenured, assistant professors","2","2","0","0","0","0","0","0","0","0","0","0","0","0","0","0","0","0","2","2","0","0","0","0","0","0","0","0","0","0","-2"
"132903","University of Central Florida","2020","On-Tenure track total","319","188","131","0","0","0","60","38","22","16","9","7","25","16","9","0","0","0","176","93","83","3","3","0","0","0","0","39","29","10","-2"
"132903","University of Central Florida","2020","On-tenure track, professors","1","1","0","0","0","0","0","0","0","0","0","0","0","0","0","0","0","0","1","1","0","0","0","0","0","0","0","0","0","0","-2"
"132903","University of Central Florida","2020","On-tenure track, associate professors","7","5","2","0","0","0","1","1","0","0","0","0","0","0","0","0","0","0","6","4","2","0","0","0","0","0","0","0","0","0","-2"
"132903","University of Central Florida","2020","On-tenure track, assistant professors","311","182","129","0","0","0","59","37","22","16","9","7","25","16","9","0","0","0","169","88","81","3","3","0","0","0","0","39","29","10","-2"
"132903","University of Central Florida","2020","Not on tenure track/No tenure system system total","546","232","314","0","0","0","34","14","20","21","5","16","55","14","41","0","0","0","419","190","229","6","2","4","0","0","0","11","7","4","-2"
"132903","University of Central Florida","2020","Not on tenure/no tenure system, professors","11","6","5","0","0","0","2","2","0","0","0","0","3","0","3","0","0","0","6","4","2","0","0","0","0","0","0","0","0","0","-2"
"132903","University of Central Florida","2020","Not on tenure/no tenure system, associate professors","20","8","12","0","0","0","1","0","1","1","0","1","3","0","3","0","0","0","14","8","6","0","0","0","0","0","0","1","0","1","-2"
"132903","University of Central Florida","2020","Not on tenure/no tenure system, assistant professors","37","12","25","0","0","0","8","3","5","0","0","0","1","0","1","0","0","0","27","9","18","0","0","0","0","0","0","1","0","1","-2"
"132903","University of Central Florida","2020","Not on tenure/no tenure system, instructors","200","76","124","0","0","0","6","2","4","5","2","3","22","5","17","0","0","0","165","67","98","2","0","2","0","0","0","0","0","0","-2"
"132903","University of Central Florida","2020","Not on tenure/no tenure system, lecturers","278","130","148","0","0","0","17","7","10","15","3","12","26","9","17","0","0","0","207","102","105","4","2","2","0","0","0","9","7","2","-2"
"133669","Florida Atlantic University","2020","Tenured total","454","285","169","0","0","0","79","65","14","23","8","15","34","21","13","0","0","0","314","189","125","0","0","0","0","0","0","4","2","2","-2"
"133669","Florida Atlantic University","2020","Tenured, professors","239","169","70","0","0","0","42","36","6","10","5","5","17","10","7","0","0","0","169","117","52","0","0","0","0","0","0","1","1","0","-2"
"133669","Florida Atlantic University","2020","Tenured, associate professors","215","116","99","0","0","0","37","29","8","13","3","10","17","11","6","0","0","0","145","72","73","0","0","0","0","0","0","3","1","2","-2"
"133669","Florida Atlantic University","2020","On-Tenure track total","149","81","68","0","0","0","17","14","3","15","6","9","12","6","6","0","0","0","82","39","43","1","0","1","0","0","0","22","16","6","-2"
"133669","Florida Atlantic University","2020","On-tenure track, professors","1","1","0","0","0","0","0","0","0","0","0","0","0","0","0","0","0","0","1","1","0","0","0","0","0","0","0","0","0","0","-2"
"133669","Florida Atlantic University","2020","On-tenure track, associate professors","5","2","3","0","0","0","1","1","0","2","1","1","0","0","0","0","0","0","2","0","2","0","0","0","0","0","0","0","0","0","-2"
"133669","Florida Atlantic University","2020","On-tenure track, assistant professors","143","78","65","0","0","0","16","13","3","13","5","8","12","6","6","0","0","0","79","38","41","1","0","1","0","0","0","22","16","6","-2"
"133669","Florida Atlantic University","2020","Not on tenure track/No tenure system system total","274","113","161","1","1","0","15","4","11","35","10","25","33","10","23","0","0","0","186","86","100","0","0","0","0","0","0","4","2","2","-2"
"133669","Florida Atlantic University","2020","Not on tenure/no tenure system, professors","7","4","3","0","0","0","1","1","0","0","0","0","0","0","0","0","0","0","6","3","3","0","0","0","0","0","0","0","0","0","-2"
"133669","Florida Atlantic University","2020","Not on tenure/no tenure system, associate professors","15","7","8","0","0","0","0","0","0","0","0","0","3","1","2","0","0","0","12","6","6","0","0","0","0","0","0","0","0","0","-2"
"133669","Florida Atlantic University","2020","Not on tenure/no tenure system, assistant professors","34","16","18","0","0","0","3","1","2","7","2","5","6","3","3","0","0","0","17","10","7","0","0","0","0","0","0","1","0","1","-2"
"133669","Florida Atlantic University","2020","Not on tenure/no tenure system, instructors","214","85","129","1","1","0","11","2","9","28","8","20","24","6","18","0","0","0","147","66","81","0","0","0","0","0","0","3","2","1","-2"
"133669","Florida Atlantic University","2020","Not on tenure/no tenure system, lecturers","1","0","1","0","0","0","0","0","0","0","0","0","0","0","0","0","0","0","1","0","1","0","0","0","0","0","0","0","0","0","-2"
"133669","Florida Atlantic University","2020","Not on tenure/no tenure system, no academic rank","3","1","2","0","0","0","0","0","0","0","0","0","0","0","0","0","0","0","3","1","2","0","0","0","0","0","0","0","0","0","-2"
"136215","Nova Southeastern University","2020","Tenured total","27","14","13","0","0","0","1","1","0","4","2","2","2","1","1","0","0","0","20","10","10","0","0","0","0","0","0","0","0","0","-2"
"136215","Nova Southeastern University","2020","Tenured, professors","26","13","13","0","0","0","1","1","0","3","1","2","2","1","1","0","0","0","20","10","10","0","0","0","0","0","0","0","0","0","-2"
"136215","Nova Southeastern University","2020","Tenured, associate professors","1","1","0","0","0","0","0","0","0","1","1","0","0","0","0","0","0","0","0","0","0","0","0","0","0","0","0","0","0","0","-2"
"136215","Nova Southeastern University","2020","Not on tenure track/No tenure system system total","805","361","444","1","0","1","72","40","32","62","16","46","137","53","84","3","2","1","499","236","263","6","1","5","3","0","3","22","13","9","-2"
"136215","Nova Southeastern University","2020","Not on tenure/no tenure system, professors","175","102","73","0","0","0","25","19","6","7","5","2","21","9","12","2","1","1","118","68","50","1","0","1","1","0","1","0","0","0","-2"
"136215","Nova Southeastern University","2020","Not on tenure/no tenure system, associate professors","250","113","137","0","0","0","18","9","9","21","5","16","38","14","24","1","1","0","167","81","86","1","0","1","0","0","0","4","3","1","-2"
"136215","Nova Southeastern University","2020","Not on tenure/no tenure system, assistant professors","332","129","203","1","0","1","25","10","15","30","6","24","67","24","43","0","0","0","191","82","109","2","0","2","1","0","1","15","7","8","-2"
"136215","Nova Southeastern University","2020","Not on tenure/no tenure system, instructors","40","14","26","0","0","0","4","2","2","3","0","3","9","5","4","0","0","0","19","4","15","2","1","1","1","0","1","2","2","0","-2"
"136215","Nova Southeastern University","2020","Not on tenure/no tenure system, lecturers","3","0","3","0","0","0","0","0","0","0","0","0","1","0","1","0","0","0","2","0","2","0","0","0","0","0","0","0","0","0","-2"
"136215","Nova Southeastern University","2020","Not on tenure/no tenure system, no academic rank","5","3","2","0","0","0","0","0","0","1","0","1","1","1","0","0","0","0","2","1","1","0","0","0","0","0","0","1","1","0","-2"
"137476","St. Thomas University","2020","Tenured total","17","12","5","0","0","0","0","0","0","2","2","0","1","1","0","0","0","0","14","9","5","0","0","0","0","0","0","0","0","0","-2"
"137476","St. Thomas University","2020","Tenured, professors","17","12","5","0","0","0","0","0","0","2","2","0","1","1","0","0","0","0","14","9","5","0","0","0","0","0","0","0","0","0","-2"
"137476","St. Thomas University","2020","On-Tenure track total","1","1","0","0","0","0","0","0","0","0","0","0","0","0","0","0","0","0","1","1","0","0","0","0","0","0","0","0","0","0","-2"
"137476","St. Thomas University","2020","On-tenure track, assistant professors","1","1","0","0","0","0","0","0","0","0","0","0","0","0","0","0","0","0","1","1","0","0","0","0","0","0","0","0","0","0","-2"
"137476","St. Thomas University","2020","Not on tenure track/No tenure system system total","60","28","32","0","0","0","4","2","2","11","3","8","12","6","6","0","0","0","31","16","15","0","0","0","1","1","0","1","0","1","-2"
"137476","St. Thomas University","2020","Not on tenure/no tenure system, professors","13","11","2","0","0","0","1","1","0","1","1","0","3","2","1","0","0","0","8","7","1","0","0","0","0","0","0","0","0","0","-2"
"137476","St. Thomas University","2020","Not on tenure/no tenure system, associate professors","19","7","12","0","0","0","1","0","1","4","0","4","3","2","1","0","0","0","11","5","6","0","0","0","0","0","0","0","0","0","-2"
"137476","St. Thomas University","2020","Not on tenure/no tenure system, assistant professors","21","8","13","0","0","0","2","1","1","3","2","1","5","1","4","0","0","0","10","3","7","0","0","0","1","1","0","0","0","0","-2"
"137476","St. Thomas University","2020","Not on tenure/no tenure system, instructors","5","1","4","0","0","0","0","0","0","3","0","3","0","0","0","0","0","0","2","1","1","0","0","0","0","0","0","0","0","0","-2"
"137476","St. Thomas University","2020","Not on tenure/no tenure system, lecturers","2","1","1","0","0","0","0","0","0","0","0","0","1","1","0","0","0","0","0","0","0","0","0","0","0","0","0","1","0","1","-2"
"139463","Dalton State College","2020","Tenured total","93","43","50","0","0","0","3","2","1","3","2","1","0","0","0","0","0","0","83","36","47","0","0","0","2","2","0","2","1","1","-2"
"139463","Dalton State College","2020","Tenured, professors","29","16","13","0","0","0","1","1","0","1","1","0","0","0","0","0","0","0","26","13","13","0","0","0","1","1","0","0","0","0","-2"
"139463","Dalton State College","2020","Tenured, associate professors","59","27","32","0","0","0","2","1","1","2","1","1","0","0","0","0","0","0","52","23","29","0","0","0","1","1","0","2","1","1","-2"
"139463","Dalton State College","2020","Tenured, assistant professors","5","0","5","0","0","0","0","0","0","0","0","0","0","0","0","0","0","0","5","0","5","0","0","0","0","0","0","0","0","0","-2"
"139463","Dalton State College","2020","On-Tenure track total","47","22","25","0","0","0","3","2","1","5","1","4","2","1","1","0","0","0","32","15","17","0","0","0","3","1","2","2","2","0","-2"
"139463","Dalton State College","2020","On-tenure track, associate professors","2","0","2","0","0","0","0","0","0","0","0","0","0","0","0","0","0","0","2","0","2","0","0","0","0","0","0","0","0","0","-2"
"139463","Dalton State College","2020","On-tenure track, assistant professors","44","21","23","0","0","0","2","1","1","5","1","4","2","1","1","0","0","0","30","15","15","0","0","0","3","1","2","2","2","0","-2"
"139463","Dalton State College","2020","On-tenure track, lecturers","1","1","0","0","0","0","1","1","0","0","0","0","0","0","0","0","0","0","0","0","0","0","0","0","0","0","0","0","0","0","-2"
"139463","Dalton State College","2020","Not on tenure track/No tenure system system total","19","6","13","0","0","0","2","1","1","0","0","0","1","0","1","0","0","0","16","5","11","0","0","0","0","0","0","0","0","0","-2"
"139463","Dalton State College","2020","Not on tenure/no tenure system, assistant professors","2","1","1","0","0","0","0","0","0","0","0","0","0","0","0","0","0","0","2","1","1","0","0","0","0","0","0","0","0","0","-2"
"139463","Dalton State College","2020","Not on tenure/no tenure system, instructors","3","0","3","0","0","0","0","0","0","0","0","0","1","0","1","0","0","0","2","0","2","0","0","0","0","0","0","0","0","0","-2"
"139463","Dalton State College","2020","Not on tenure/no tenure system, lecturers","14","5","9","0","0","0","2","1","1","0","0","0","0","0","0","0","0","0","12","4","8","0","0","0","0","0","0","0","0","0","-2"
"143118","Aurora University","2020","Tenured total","53","23","30","0","0","0","2","1","1","0","0","0","2","0","2","0","0","0","49","22","27","0","0","0","0","0","0","0","0","0","-2"
"143118","Aurora University","2020","Tenured, professors","19","9","10","0","0","0","1","0","1","0","0","0","0","0","0","0","0","0","18","9","9","0","0","0","0","0","0","0","0","0","-2"
"143118","Aurora University","2020","Tenured, associate professors","34","14","20","0","0","0","1","1","0","0","0","0","2","0","2","0","0","0","31","13","18","0","0","0","0","0","0","0","0","0","-2"
"143118","Aurora University","2020","On-Tenure track total","28","18","10","0","0","0","1","1","0","1","1","0","1","1","0","0","0","0","22","14","8","1","0","1","2","1","1","0","0","0","-2"
"143118","Aurora University","2020","On-tenure track, professors","1","0","1","0","0","0","0","0","0","0","0","0","0","0","0","0","0","0","1","0","1","0","0","0","0","0","0","0","0","0","-2"
"143118","Aurora University","2020","On-tenure track, associate professors","1","1","0","0","0","0","0","0","0","0","0","0","0","0","0","0","0","0","1","1","0","0","0","0","0","0","0","0","0","0","-2"
"143118","Aurora University","2020","On-tenure track, assistant professors","26","17","9","0","0","0","1","1","0","1","1","0","1","1","0","0","0","0","20","13","7","1","0","1","2","1","1","0","0","0","-2"
"143118","Aurora University","2020","Not on tenure track/No tenure system system total","51","18","33","0","0","0","0","0","0","3","3","0","0","0","0","0","0","0","48","15","33","0","0","0","0","0","0","0","0","0","-2"
"143118","Aurora University","2020","Not on tenure/no tenure system, professors","3","2","1","0","0","0","0","0","0","0","0","0","0","0","0","0","0","0","3","2","1","0","0","0","0","0","0","0","0","0","-2"
"143118","Aurora University","2020","Not on tenure/no tenure system, associate professors","8","5","3","0","0","0","0","0","0","0","0","0","0","0","0","0","0","0","8","5","3","0","0","0","0","0","0","0","0","0","-2"
"143118","Aurora University","2020","Not on tenure/no tenure system, assistant professors","38","10","28","0","0","0","0","0","0","3","3","0","0","0","0","0","0","0","35","7","28","0","0","0","0","0","0","0","0","0","-2"
"143118","Aurora University","2020","Not on tenure/no tenure system, lecturers","2","1","1","0","0","0","0","0","0","0","0","0","0","0","0","0","0","0","2","1","1","0","0","0","0","0","0","0","0","0","-2"
"144351","Concordia University-Chicago","2020","Tenured total","53","25","28","0","0","0","2","1","1","0","0","0","0","0","0","0","0","0","51","24","27","0","0","0","0","0","0","0","0","0","-2"
"144351","Concordia University-Chicago","2020","Tenured, professors","42","19","23","0","0","0","1","0","1","0","0","0","0","0","0","0","0","0","41","19","22","0","0","0","0","0","0","0","0","0","-2"
"144351","Concordia University-Chicago","2020","Tenured, associate professors","11","6","5","0","0","0","1","1","0","0","0","0","0","0","0","0","0","0","10","5","5","0","0","0","0","0","0","0","0","0","-2"
"144351","Concordia University-Chicago","2020","On-Tenure track total","77","32","45","0","0","0","2","2","0","3","1","2","4","3","1","0","0","0","67","25","42","0","0","0","0","0","0","1","1","0","-2"
"144351","Concordia University-Chicago","2020","On-tenure track, professors","8","4","4","0","0","0","0","0","0","0","0","0","0","0","0","0","0","0","8","4","4","0","0","0","0","0","0","0","0","0","-2"
"144351","Concordia University-Chicago","2020","On-tenure track, associate professors","39","15","24","0","0","0","2","2","0","2","1","1","3","2","1","0","0","0","31","9","22","0","0","0","0","0","0","1","1","0","-2"
"144351","Concordia University-Chicago","2020","On-tenure track, assistant professors","30","13","17","0","0","0","0","0","0","1","0","1","1","1","0","0","0","0","28","12","16","0","0","0","0","0","0","0","0","0","-2"
"144351","Concordia University-Chicago","2020","Not on tenure track/No tenure system system total","142","66","76","0","0","0","2","1","1","13","5","8","5","3","2","1","0","1","110","52","58","0","0","0","10","5","5","1","0","1","-2"
"144351","Concordia University-Chicago","2020","Not on tenure/no tenure system, professors","1","1","0","0","0","0","0","0","0","0","0","0","0","0","0","0","0","0","1","1","0","0","0","0","0","0","0","0","0","0","-2"
"144351","Concordia University-Chicago","2020","Not on tenure/no tenure system, associate professors","8","2","6","0","0","0","0","0","0","0","0","0","1","0","1","0","0","0","6","2","4","0","0","0","0","0","0","1","0","1","-2"
"144351","Concordia University-Chicago","2020","Not on tenure/no tenure system, assistant professors","12","3","9","0","0","0","0","0","0","0","0","0","0","0","0","0","0","0","12","3","9","0","0","0","0","0","0","0","0","0","-2"
"144351","Concordia University-Chicago","2020","Not on tenure/no tenure system, instructors","121","60","61","0","0","0","2","1","1","13","5","8","4","3","1","1","0","1","91","46","45","0","0","0","10","5","5","0","0","0","-2"
"145600","University of Illinois Chicago","2020","Tenured total","940","573","367","1","0","1","195","127","68","45","25","20","69","36","33","1","0","1","588","363","225","7","3","4","32","17","15","2","2","0","-2"
"145600","University of Illinois Chicago","2020","Tenured, professors","505","346","159","1","0","1","86","65","21","17","10","7","32","22","10","0","0","0","348","235","113","2","2","0","19","12","7","0","0","0","-2"
"145600","University of Illinois Chicago","2020","Tenured, associate professors","433","225","208","0","0","0","108","61","47","28","15","13","37","14","23","1","0","1","239","127","112","5","1","4","13","5","8","2","2","0","-2"
"145600","University of Illinois Chicago","2020","Tenured, assistant professors","1","1","0","0","0","0","0","0","0","0","0","0","0","0","0","0","0","0","1","1","0","0","0","0","0","0","0","0","0","0","-2"
"145600","University of Illinois Chicago","2020","Tenured, no academic rank","1","1","0","0","0","0","1","1","0","0","0","0","0","0","0","0","0","0","0","0","0","0","0","0","0","0","0","0","0","0","-2"
"145600","University of Illinois Chicago","2020","On-Tenure track total","392","215","177","0","0","0","79","49","30","28","13","15","39","16","23","0","0","0","180","98","82","9","2","7","7","3","4","50","34","16","-2"
"145600","University of Illinois Chicago","2020","On-tenure track, professors","14","10","4","0","0","0","5","2","3","0","0","0","0","0","0","0","0","0","9","8","1","0","0","0","0","0","0","0","0","0","-2"
"145600","University of Illinois Chicago","2020","On-tenure track, associate professors","45","23","22","0","0","0","11","7","4","4","2","2","7","3","4","0","0","0","20","10","10","2","0","2","1","1","0","0","0","0","-2"
"145600","University of Illinois Chicago","2020","On-tenure track, assistant professors","333","182","151","0","0","0","63","40","23","24","11","13","32","13","19","0","0","0","151","80","71","7","2","5","6","2","4","50","34","16","-2"
"145600","University of Illinois Chicago","2020","Not on tenure track/No tenure system system total","918","383","535","0","0","0","166","67","99","47","16","31","55","24","31","1","0","1","586","248","338","11","3","8","15","8","7","37","17","20","-2"
"145600","University of Illinois Chicago","2020","Not on tenure/no tenure system, professors","54","25","29","0","0","0","8","6","2","1","0","1","1","1","0","0","0","0","40","18","22","1","0","1","2","0","2","1","0","1","-2"
"145600","University of Illinois Chicago","2020","Not on tenure/no tenure system, associate professors","131","60","71","0","0","0","24","10","14","7","3","4","8","3","5","0","0","0","86","42","44","0","0","0","5","2","3","1","0","1","-2"
"145600","University of Illinois Chicago","2020","Not on tenure/no tenure system, assistant professors","414","170","244","0","0","0","78","30","48","26","10","16","26","11","15","0","0","0","247","102","145","6","2","4","5","3","2","26","12","14","-2"
"145600","University of Illinois Chicago","2020","Not on tenure/no tenure system, instructors","138","47","91","0","0","0","43","17","26","7","2","5","5","2","3","0","0","0","74","20","54","1","0","1","1","1","0","7","5","2","-2"
"145600","University of Illinois Chicago","2020","Not on tenure/no tenure system, lecturers","169","80","89","0","0","0","12","4","8","6","1","5","15","7","8","1","0","1","128","65","63","3","1","2","2","2","0","2","0","2","-2"
"145600","University of Illinois Chicago","2020","Not on tenure/no tenure system, no academic rank","12","1","11","0","0","0","1","0","1","0","0","0","0","0","0","0","0","0","11","1","10","0","0","0","0","0","0","0","0","0","-2"
"147679","North Park University","2020","Tenured total","63","33","30","0","0","0","7","4","3","3","2","1","0","0","0","0","0","0","52","27","25","0","0","0","1","0","1","0","0","0","-2"
"147679","North Park University","2020","Tenured, professors","51","27","24","0","0","0","5","3","2","3","2","1","0","0","0","0","0","0","42","22","20","0","0","0","1","0","1","0","0","0","-2"
"147679","North Park University","2020","Tenured, associate professors","12","6","6","0","0","0","2","1","1","0","0","0","0","0","0","0","0","0","10","5","5","0","0","0","0","0","0","0","0","0","-2"
"147679","North Park University","2020","On-Tenure track total","23","11","12","0","0","0","3","3","0","7","2","5","0","0","0","0","0","0","13","6","7","0","0","0","0","0","0","0","0","0","-2"
"147679","North Park University","2020","On-tenure track, professors","5","4","1","0","0","0","1","1","0","1","1","0","0","0","0","0","0","0","3","2","1","0","0","0","0","0","0","0","0","0","-2"
"147679","North Park University","2020","On-tenure track, associate professors","9","3","6","0","0","0","1","1","0","3","1","2","0","0","0","0","0","0","5","1","4","0","0","0","0","0","0","0","0","0","-2"
"147679","North Park University","2020","On-tenure track, assistant professors","9","4","5","0","0","0","1","1","0","3","0","3","0","0","0","0","0","0","5","3","2","0","0","0","0","0","0","0","0","0","-2"
"147679","North Park University","2020","Not on tenure track/No tenure system system total","39","14","25","0","0","0","0","0","0","1","0","1","1","0","1","0","0","0","35","14","21","0","0","0","2","0","2","0","0","0","-2"
"147679","North Park University","2020","Not on tenure/no tenure system, professors","3","2","1","0","0","0","0","0","0","0","0","0","0","0","0","0","0","0","3","2","1","0","0","0","0","0","0","0","0","0","-2"
"147679","North Park University","2020","Not on tenure/no tenure system, associate professors","18","7","11","0","0","0","0","0","0","0","0","0","0","0","0","0","0","0","18","7","11","0","0","0","0","0","0","0","0","0","-2"
"147679","North Park University","2020","Not on tenure/no tenure system, assistant professors","15","3","12","0","0","0","0","0","0","1","0","1","0","0","0","0","0","0","12","3","9","0","0","0","2","0","2","0","0","0","-2"
"147679","North Park University","2020","Not on tenure/no tenure system, instructors","1","1","0","0","0","0","0","0","0","0","0","0","0","0","0","0","0","0","1","1","0","0","0","0","0","0","0","0","0","0","-2"
"147679","North Park University","2020","Not on tenure/no tenure system, no academic rank","2","1","1","0","0","0","0","0","0","0","0","0","1","0","1","0","0","0","1","1","0","0","0","0","0","0","0","0","0","0","-2"
"147776","Northeastern Illinois University","2020","Tenured total","137","66","71","0","0","0","22","9","13","13","7","6","15","7","8","0","0","0","74","35","39","0","0","0","11","8","3","2","0","2","-2"
"147776","Northeastern Illinois University","2020","Tenured, professors","55","28","27","0","0","0","11","4","7","6","3","3","5","4","1","0","0","0","30","15","15","0","0","0","2","2","0","1","0","1","-2"
"147776","Northeastern Illinois University","2020","Tenured, associate professors","81","37","44","0","0","0","11","5","6","7","4","3","10","3","7","0","0","0","43","19","24","0","0","0","9","6","3","1","0","1","-2"
"147776","Northeastern Illinois University","2020","Tenured, assistant professors","1","1","0","0","0","0","0","0","0","0","0","0","0","0","0","0","0","0","1","1","0","0","0","0","0","0","0","0","0","0","-2"
"147776","Northeastern Illinois University","2020","On-Tenure track total","66","28","38","1","1","0","8","4","4","4","1","3","8","4","4","0","0","0","32","11","21","0","0","0","9","5","4","4","2","2","-2"
"147776","Northeastern Illinois University","2020","On-tenure track, professors","1","0","1","0","0","0","0","0","0","0","0","0","0","0","0","0","0","0","1","0","1","0","0","0","0","0","0","0","0","0","-2"
"147776","Northeastern Illinois University","2020","On-tenure track, associate professors","16","7","9","1","1","0","2","1","1","2","1","1","1","0","1","0","0","0","9","3","6","0","0","0","1","1","0","0","0","0","-2"
"147776","Northeastern Illinois University","2020","On-tenure track, assistant professors","49","21","28","0","0","0","6","3","3","2","0","2","7","4","3","0","0","0","22","8","14","0","0","0","8","4","4","4","2","2","-2"
"147776","Northeastern Illinois University","2020","Not on tenure track/No tenure system system total","68","27","41","0","0","0","4","2","2","1","1","0","4","2","2","0","0","0","53","20","33","0","0","0","6","2","4","0","0","0","-2"
"147776","Northeastern Illinois University","2020","Not on tenure/no tenure system, instructors","68","27","41","0","0","0","4","2","2","1","1","0","4","2","2","0","0","0","53","20","33","0","0","0","6","2","4","0","0","0","-2"
"148487","Roosevelt University","2020","Tenured total","118","65","53","1","1","0","2","1","1","7","3","4","4","3","1","0","0","0","79","39","40","4","2","2","5","5","0","16","11","5","-2"
"148487","Roosevelt University","2020","Tenured, professors","38","26","12","0","0","0","1","1","0","3","2","1","3","2","1","0","0","0","24","14","10","1","1","0","3","3","0","3","3","0","-2"
"148487","Roosevelt University","2020","Tenured, associate professors","76","37","39","1","1","0","1","0","1","4","1","3","1","1","0","0","0","0","51","23","28","3","1","2","2","2","0","13","8","5","-2"
"148487","Roosevelt University","2020","Tenured, assistant professors","2","1","1","0","0","0","0","0","0","0","0","0","0","0","0","0","0","0","2","1","1","0","0","0","0","0","0","0","0","0","-2"
"148487","Roosevelt University","2020","Tenured, no academic rank","2","1","1","0","0","0","0","0","0","0","0","0","0","0","0","0","0","0","2","1","1","0","0","0","0","0","0","0","0","0","-2"
"148487","Roosevelt University","2020","On-Tenure track total","19","13","6","0","0","0","0","0","0","0","0","0","0","0","0","0","0","0","8","5","3","0","0","0","3","2","1","8","6","2","-2"
"148487","Roosevelt University","2020","On-tenure track, assistant professors","19","13","6","0","0","0","0","0","0","0","0","0","0","0","0","0","0","0","8","5","3","0","0","0","3","2","1","8","6","2","-2"
"148487","Roosevelt University","2020","Not on tenure track/No tenure system system total","79","42","37","0","0","0","0","0","0","4","1","3","0","0","0","0","0","0","25","14","11","1","0","1","17","5","12","32","22","10","-2"
"148487","Roosevelt University","2020","Not on tenure/no tenure system, professors","4","3","1","0","0","0","0","0","0","2","1","1","0","0","0","0","0","0","2","2","0","0","0","0","0","0","0","0","0","0","-2"
"148487","Roosevelt University","2020","Not on tenure/no tenure system, associate professors","2","1","1","0","0","0","0","0","0","0","0","0","0","0","0","0","0","0","0","0","0","0","0","0","1","0","1","1","1","0","-2"
"148487","Roosevelt University","2020","Not on tenure/no tenure system, assistant professors","48","27","21","0","0","0","0","0","0","1","0","1","0","0","0","0","0","0","11","6","5","0","0","0","13","4","9","23","17","6","-2"
"148487","Roosevelt University","2020","Not on tenure/no tenure system, instructors","1","0","1","0","0","0","0","0","0","0","0","0","0","0","0","0","0","0","1","0","1","0","0","0","0","0","0","0","0","0","-2"
"148487","Roosevelt University","2020","Not on tenure/no tenure system, lecturers","11","4","7","0","0","0","0","0","0","1","0","1","0","0","0","0","0","0","8","4","4","1","0","1","0","0","0","1","0","1","-2"
"148487","Roosevelt University","2020","Not on tenure/no tenure system, no academic rank","13","7","6","0","0","0","0","0","0","0","0","0","0","0","0","0","0","0","3","2","1","0","0","0","3","1","2","7","4","3","-2"
"148496","Dominican University","2020","Tenured total","91","42","49","0","0","0","8","4","4","6","3","3","6","2","4","0","0","0","69","31","38","1","1","0","1","1","0","0","0","0","-2"
"148496","Dominican University","2020","Tenured, professors","49","21","28","0","0","0","4","2","2","2","1","1","3","1","2","0","0","0","40","17","23","0","0","0","0","0","0","0","0","0","-2"
"148496","Dominican University","2020","Tenured, associate professors","35","17","18","0","0","0","4","2","2","3","2","1","3","1","2","0","0","0","23","10","13","1","1","0","1","1","0","0","0","0","-2"
"148496","Dominican University","2020","Tenured, assistant professors","7","4","3","0","0","0","0","0","0","1","0","1","0","0","0","0","0","0","6","4","2","0","0","0","0","0","0","0","0","0","-2"
"148496","Dominican University","2020","On-Tenure track total","25","9","16","0","0","0","5","2","3","2","2","0","6","1","5","0","0","0","10","4","6","0","0","0","1","0","1","1","0","1","-2"
"148496","Dominican University","2020","On-tenure track, assistant professors","25","9","16","0","0","0","5","2","3","2","2","0","6","1","5","0","0","0","10","4","6","0","0","0","1","0","1","1","0","1","-2"
"148496","Dominican University","2020","Not on tenure track/No tenure system system total","26","7","19","0","0","0","1","1","0","2","1","1","1","0","1","0","0","0","21","5","16","1","0","1","0","0","0","0","0","0","-2"
"148496","Dominican University","2020","Not on tenure/no tenure system, professors","2","1","1","0","0","0","0","0","0","0","0","0","0","0","0","0","0","0","2","1","1","0","0","0","0","0","0","0","0","0","-2"
"148496","Dominican University","2020","Not on tenure/no tenure system, assistant professors","6","1","5","0","0","0","1","1","0","0","0","0","0","0","0","0","0","0","4","0","4","1","0","1","0","0","0","0","0","0","-2"
"148496","Dominican University","2020","Not on tenure/no tenure system, lecturers","18","5","13","0","0","0","0","0","0","2","1","1","1","0","1","0","0","0","15","4","11","0","0","0","0","0","0","0","0","0","-2"
"148627","Saint Xavier University","2020","Tenured total","65","30","35","0","0","0","7","4","3","1","0","1","1","0","1","0","0","0","55","25","30","0","0","0","1","1","0","0","0","0","-2"
"148627","Saint Xavier University","2020","Tenured, professors","27","13","14","0","0","0","1","1","0","0","0","0","0","0","0","0","0","0","25","11","14","0","0","0","1","1","0","0","0","0","-2"
"148627","Saint Xavier University","2020","Tenured, associate professors","38","17","21","0","0","0","6","3","3","1","0","1","1","0","1","0","0","0","30","14","16","0","0","0","0","0","0","0","0","0","-2"
"148627","Saint Xavier University","2020","On-Tenure track total","25","12","13","0","0","0","0","0","0","2","1","1","1","0","1","0","0","0","16","8","8","0","0","0","6","3","3","0","0","0","-2"
"148627","Saint Xavier University","2020","On-tenure track, associate professors","1","0","1","0","0","0","0","0","0","1","0","1","0","0","0","0","0","0","0","0","0","0","0","0","0","0","0","0","0","0","-2"
"148627","Saint Xavier University","2020","On-tenure track, assistant professors","24","12","12","0","0","0","0","0","0","1","1","0","1","0","1","0","0","0","16","8","8","0","0","0","6","3","3","0","0","0","-2"
"148627","Saint Xavier University","2020","Not on tenure track/No tenure system system total","40","14","26","0","0","0","2","1","1","5","2","3","2","1","1","0","0","0","26","7","19","2","1","1","3","2","1","0","0","0","-2"
"148627","Saint Xavier University","2020","Not on tenure/no tenure system, instructors","4","0","4","0","0","0","0","0","0","1","0","1","0","0","0","0","0","0","3","0","3","0","0","0","0","0","0","0","0","0","-2"
"148627","Saint Xavier University","2020","Not on tenure/no tenure system, lecturers","29","12","17","0","0","0","2","1","1","4","2","2","2","1","1","0","0","0","16","5","11","2","1","1","3","2","1","0","0","0","-2"
"148627","Saint Xavier University","2020","Not on tenure/no tenure system, no academic rank","7","2","5","0","0","0","0","0","0","0","0","0","0","0","0","0","0","0","7","2","5","0","0","0","0","0","0","0","0","0","-2"
"151360","Indiana University-Northwest","2020","Tenured total","60","37","23","0","0","0","10","6","4","6","4","2","2","0","2","0","0","0","38","23","15","1","1","0","0","0","0","3","3","0","-2"
"151360","Indiana University-Northwest","2020","Tenured, professors","25","16","9","0","0","0","5","3","2","2","2","0","2","0","2","0","0","0","15","10","5","1","1","0","0","0","0","0","0","0","-2"
"151360","Indiana University-Northwest","2020","Tenured, associate professors","35","21","14","0","0","0","5","3","2","4","2","2","0","0","0","0","0","0","23","13","10","0","0","0","0","0","0","3","3","0","-2"
"151360","Indiana University-Northwest","2020","On-Tenure track total","23","9","14","0","0","0","4","3","1","2","0","2","0","0","0","0","0","0","16","6","10","0","0","0","0","0","0","1","0","1","-2"
"151360","Indiana University-Northwest","2020","On-tenure track, associate professors","5","2","3","0","0","0","2","1","1","0","0","0","0","0","0","0","0","0","3","1","2","0","0","0","0","0","0","0","0","0","-2"
"151360","Indiana University-Northwest","2020","On-tenure track, assistant professors","18","7","11","0","0","0","2","2","0","2","0","2","0","0","0","0","0","0","13","5","8","0","0","0","0","0","0","1","0","1","-2"
"151360","Indiana University-Northwest","2020","Not on tenure track/No tenure system system total","55","14","41","0","0","0","1","0","1","7","0","7","4","2","2","0","0","0","41","12","29","2","0","2","0","0","0","0","0","0","-2"
"151360","Indiana University-Northwest","2020","Not on tenure/no tenure system, professors","1","1","0","0","0","0","0","0","0","0","0","0","0","0","0","0","0","0","1","1","0","0","0","0","0","0","0","0","0","0","-2"
"151360","Indiana University-Northwest","2020","Not on tenure/no tenure system, associate professors","4","1","3","0","0","0","0","0","0","0","0","0","0","0","0","0","0","0","4","1","3","0","0","0","0","0","0","0","0","0","-2"
"151360","Indiana University-Northwest","2020","Not on tenure/no tenure system, assistant professors","32","7","25","0","0","0","1","0","1","7","0","7","2","2","0","0","0","0","21","5","16","1","0","1","0","0","0","0","0","0","-2"
"151360","Indiana University-Northwest","2020","Not on tenure/no tenure system, lecturers","18","5","13","0","0","0","0","0","0","0","0","0","2","0","2","0","0","0","15","5","10","1","0","1","0","0","0","0","0","0","-2"
"182005","College of Southern Nevada","2020","Tenured total","381","204","177","4","2","2","33","18","15","21","8","13","24","11","13","0","0","0","293","160","133","4","3","1","0","0","0","2","2","0","-2"
"182005","College of Southern Nevada","2020","Tenured, professors","379","203","176","4","2","2","32","17","15","21","8","13","24","11","13","0","0","0","292","160","132","4","3","1","0","0","0","2","2","0","-2"
"182005","College of Southern Nevada","2020","Tenured, no academic rank","2","1","1","0","0","0","1","1","0","0","0","0","0","0","0","0","0","0","1","0","1","0","0","0","0","0","0","0","0","0","-2"
"182005","College of Southern Nevada","2020","On-Tenure track total","89","40","49","0","0","0","8","4","4","6","1","5","2","0","2","0","0","0","61","31","30","4","1","3","7","2","5","1","1","0","-2"
"182005","College of Southern Nevada","2020","On-tenure track, instructors","51","26","25","0","0","0","7","3","4","4","1","3","0","0","0","0","0","0","33","18","15","2","1","1","4","2","2","1","1","0","-2"
"182005","College of Southern Nevada","2020","On-tenure track, no academic rank","38","14","24","0","0","0","1","1","0","2","0","2","2","0","2","0","0","0","28","13","15","2","0","2","3","0","3","0","0","0","-2"
"182005","College of Southern Nevada","2020","Not on tenure track/No tenure system system total","43","26","17","0","0","0","1","1","0","1","0","1","6","6","0","0","0","0","33","18","15","2","1","1","0","0","0","0","0","0","-2"
"182005","College of Southern Nevada","2020","Not on tenure/no tenure system, instructors","29","17","12","0","0","0","1","1","0","1","0","1","4","4","0","0","0","0","23","12","11","0","0","0","0","0","0","0","0","0","-2"
"182005","College of Southern Nevada","2020","Not on tenure/no tenure system, no academic rank","14","9","5","0","0","0","0","0","0","0","0","0","2","2","0","0","0","0","10","6","4","2","1","1","0","0","0","0","0","0","-2"
"182500","Truckee Meadows Community College","2020","Tenured total","102","52","50","0","0","0","6","2","4","1","0","1","5","2","3","0","0","0","89","48","41","1","0","1","0","0","0","0","0","0","-2"
"182500","Truckee Meadows Community College","2020","Tenured, professors","102","52","50","0","0","0","6","2","4","1","0","1","5","2","3","0","0","0","89","48","41","1","0","1","0","0","0","0","0","0","-2"
"182500","Truckee Meadows Community College","2020","On-Tenure track total","39","17","22","0","0","0","4","4","0","4","3","1","2","0","2","0","0","0","26","8","18","1","0","1","0","0","0","2","2","0","-2"
"182500","Truckee Meadows Community College","2020","On-tenure track, instructors","39","17","22","0","0","0","4","4","0","4","3","1","2","0","2","0","0","0","26","8","18","1","0","1","0","0","0","2","2","0","-2"
"182500","Truckee Meadows Community College","2020","Not on tenure track/No tenure system system total","15","7","8","0","0","0","1","1","0","0","0","0","1","1","0","0","0","0","12","5","7","0","0","0","1","0","1","0","0","0","-2"
"182500","Truckee Meadows Community College","2020","Not on tenure/no tenure system, instructors","15","7","8","0","0","0","1","1","0","0","0","0","1","1","0","0","0","0","12","5","7","0","0","0","1","0","1","0","0","0","-2"
"183822","Bloomfield College","2020","Tenured total","41","17","24","0","0","0","1","1","0","5","0","5","2","1","1","0","0","0","33","15","18","0","0","0","0","0","0","0","0","0","-2"
"183822","Bloomfield College","2020","Tenured, professors","29","12","17","0","0","0","0","0","0","4","0","4","1","0","1","0","0","0","24","12","12","0","0","0","0","0","0","0","0","0","-2"
"183822","Bloomfield College","2020","Tenured, associate professors","12","5","7","0","0","0","1","1","0","1","0","1","1","1","0","0","0","0","9","3","6","0","0","0","0","0","0","0","0","0","-2"
"183822","Bloomfield College","2020","On-Tenure track total","17","4","13","0","0","0","1","0","1","2","1","1","3","2","1","0","0","0","11","1","10","0","0","0","0","0","0","0","0","0","-2"
"183822","Bloomfield College","2020","On-tenure track, associate professors","5","2","3","0","0","0","0","0","0","1","1","0","2","1","1","0","0","0","2","0","2","0","0","0","0","0","0","0","0","0","-2"
"183822","Bloomfield College","2020","On-tenure track, assistant professors","12","2","10","0","0","0","1","0","1","1","0","1","1","1","0","0","0","0","9","1","8","0","0","0","0","0","0","0","0","0","-2"
"183822","Bloomfield College","2020","Not on tenure track/No tenure system system total","2","2","0","0","0","0","0","0","0","0","0","0","0","0","0","0","0","0","2","2","0","0","0","0","0","0","0","0","0","0","-2"
"183822","Bloomfield College","2020","Not on tenure/no tenure system, associate professors","1","1","0","0","0","0","0","0","0","0","0","0","0","0","0","0","0","0","1","1","0","0","0","0","0","0","0","0","0","0","-2"
"183822","Bloomfield College","2020","Not on tenure/no tenure system, instructors","1","1","0","0","0","0","0","0","0","0","0","0","0","0","0","0","0","0","1","1","0","0","0","0","0","0","0","0","0","0","-2"
"183910","Caldwell University","2020","Tenured total","43","20","23","0","0","0","1","0","1","0","0","0","1","1","0","0","0","0","40","19","21","0","0","0","1","0","1","0","0","0","-2"
"183910","Caldwell University","2020","Tenured, professors","34","16","18","0","0","0","1","0","1","0","0","0","1","1","0","0","0","0","31","15","16","0","0","0","1","0","1","0","0","0","-2"
"183910","Caldwell University","2020","Tenured, associate professors","8","4","4","0","0","0","0","0","0","0","0","0","0","0","0","0","0","0","8","4","4","0","0","0","0","0","0","0","0","0","-2"
"183910","Caldwell University","2020","Tenured, assistant professors","1","0","1","0","0","0","0","0","0","0","0","0","0","0","0","0","0","0","1","0","1","0","0","0","0","0","0","0","0","0","-2"
"183910","Caldwell University","2020","On-Tenure track total","33","10","23","0","0","0","3","1","2","2","1","1","2","0","2","0","0","0","25","8","17","1","0","1","0","0","0","0","0","0","-2"
"183910","Caldwell University","2020","On-tenure track, associate professors","9","0","9","0","0","0","0","0","0","0","0","0","2","0","2","0","0","0","7","0","7","0","0","0","0","0","0","0","0","0","-2"
"183910","Caldwell University","2020","On-tenure track, assistant professors","22","10","12","0","0","0","3","1","2","2","1","1","0","0","0","0","0","0","16","8","8","1","0","1","0","0","0","0","0","0","-2"
"183910","Caldwell University","2020","On-tenure track, instructors","2","0","2","0","0","0","0","0","0","0","0","0","0","0","0","0","0","0","2","0","2","0","0","0","0","0","0","0","0","0","-2"
"183910","Caldwell University","2020","Not on tenure track/No tenure system system total","3","0","3","0","0","0","0","0","0","0","0","0","0","0","0","0","0","0","0","0","0","3","0","3","0","0","0","0","0","0","-2"
"183910","Caldwell University","2020","Not on tenure/no tenure system, instructors","3","0","3","0","0","0","0","0","0","0","0","0","0","0","0","0","0","0","0","0","0","3","0","3","0","0","0","0","0","0","-2"
"184603","Fairleigh Dickinson University-Metropolitan Campus","2020","Tenured total","73","46","27","0","0","0","16","10","6","4","4","0","0","0","0","0","0","0","52","31","21","1","1","0","0","0","0","0","0","0","-2"
"184603","Fairleigh Dickinson University-Metropolitan Campus","2020","Tenured, professors","47","32","15","0","0","0","9","5","4","2","2","0","0","0","0","0","0","0","35","24","11","1","1","0","0","0","0","0","0","0","-2"
"184603","Fairleigh Dickinson University-Metropolitan Campus","2020","Tenured, associate professors","21","10","11","0","0","0","6","4","2","2","2","0","0","0","0","0","0","0","13","4","9","0","0","0","0","0","0","0","0","0","-2"
"184603","Fairleigh Dickinson University-Metropolitan Campus","2020","Tenured, assistant professors","5","4","1","0","0","0","1","1","0","0","0","0","0","0","0","0","0","0","4","3","1","0","0","0","0","0","0","0","0","0","-2"
"184603","Fairleigh Dickinson University-Metropolitan Campus","2020","On-Tenure track total","38","22","16","0","0","0","11","7","4","3","1","2","0","0","0","0","0","0","21","12","9","2","1","1","1","1","0","0","0","0","-2"
"184603","Fairleigh Dickinson University-Metropolitan Campus","2020","On-tenure track, associate professors","7","5","2","0","0","0","2","1","1","0","0","0","0","0","0","0","0","0","5","4","1","0","0","0","0","0","0","0","0","0","-2"
"184603","Fairleigh Dickinson University-Metropolitan Campus","2020","On-tenure track, assistant professors","31","17","14","0","0","0","9","6","3","3","1","2","0","0","0","0","0","0","16","8","8","2","1","1","1","1","0","0","0","0","-2"
"184603","Fairleigh Dickinson University-Metropolitan Campus","2020","Not on tenure track/No tenure system system total","39","14","25","0","0","0","5","1","4","3","0","3","0","0","0","0","0","0","26","11","15","5","2","3","0","0","0","0","0","0","-2"
"184603","Fairleigh Dickinson University-Metropolitan Campus","2020","Not on tenure/no tenure system, associate professors","1","0","1","0","0","0","0","0","0","0","0","0","0","0","0","0","0","0","0","0","0","1","0","1","0","0","0","0","0","0","-2"
"184603","Fairleigh Dickinson University-Metropolitan Campus","2020","Not on tenure/no tenure system, assistant professors","6","0","6","0","0","0","3","0","3","1","0","1","0","0","0","0","0","0","2","0","2","0","0","0","0","0","0","0","0","0","-2"
"184603","Fairleigh Dickinson University-Metropolitan Campus","2020","Not on tenure/no tenure system, instructors","4","0","4","0","0","0","0","0","0","1","0","1","0","0","0","0","0","0","3","0","3","0","0","0","0","0","0","0","0","0","-2"
"184603","Fairleigh Dickinson University-Metropolitan Campus","2020","Not on tenure/no tenure system, lecturers","28","14","14","0","0","0","2","1","1","1","0","1","0","0","0","0","0","0","21","11","10","4","2","2","0","0","0","0","0","0","-2"
"185129","New Jersey City University","2020","Tenured total","167","83","84","0","0","0","27","13","14","21","7","14","13","5","8","0","0","0","106","58","48","0","0","0","0","0","0","0","0","0","-2"
"185129","New Jersey City University","2020","Tenured, professors","77","37","40","0","0","0","14","6","8","12","4","8","6","3","3","0","0","0","45","24","21","0","0","0","0","0","0","0","0","0","-2"
"185129","New Jersey City University","2020","Tenured, associate professors","73","42","31","0","0","0","10","6","4","8","3","5","5","2","3","0","0","0","50","31","19","0","0","0","0","0","0","0","0","0","-2"
"185129","New Jersey City University","2020","Tenured, assistant professors","17","4","13","0","0","0","3","1","2","1","0","1","2","0","2","0","0","0","11","3","8","0","0","0","0","0","0","0","0","0","-2"
"185129","New Jersey City University","2020","On-Tenure track total","68","38","30","0","0","0","20","12","8","5","3","2","8","6","2","0","0","0","23","10","13","3","2","1","9","5","4","0","0","0","-2"
"185129","New Jersey City University","2020","On-tenure track, professors","2","2","0","0","0","0","1","1","0","0","0","0","1","1","0","0","0","0","0","0","0","0","0","0","0","0","0","0","0","0","-2"
"185129","New Jersey City University","2020","On-tenure track, associate professors","13","5","8","0","0","0","6","3","3","0","0","0","1","0","1","0","0","0","5","1","4","1","1","0","0","0","0","0","0","0","-2"
"185129","New Jersey City University","2020","On-tenure track, assistant professors","53","31","22","0","0","0","13","8","5","5","3","2","6","5","1","0","0","0","18","9","9","2","1","1","9","5","4","0","0","0","-2"
"185129","New Jersey City University","2020","Not on tenure track/No tenure system system total","5","5","0","0","0","0","0","0","0","1","1","0","0","0","0","0","0","0","4","4","0","0","0","0","0","0","0","0","0","0","-2"
"185129","New Jersey City University","2020","Not on tenure/no tenure system, associate professors","1","1","0","0","0","0","0","0","0","0","0","0","0","0","0","0","0","0","1","1","0","0","0","0","0","0","0","0","0","0","-2"
"185129","New Jersey City University","2020","Not on tenure/no tenure system, assistant professors","4","4","0","0","0","0","0","0","0","1","1","0","0","0","0","0","0","0","3","3","0","0","0","0","0","0","0","0","0","0","-2"
"185590","Montclair State University","2020","Tenured total","420","220","200","1","1","0","69","33","36","31","18","13","32","18","14","0","0","0","267","140","127","0","0","0","16","8","8","4","2","2","-2"
"185590","Montclair State University","2020","Tenured, professors","200","102","98","0","0","0","35","18","17","12","7","5","18","11","7","0","0","0","131","64","67","0","0","0","4","2","2","0","0","0","-2"
"185590","Montclair State University","2020","Tenured, associate professors","205","111","94","1","1","0","33","14","19","17","11","6","12","6","6","0","0","0","129","72","57","0","0","0","11","6","5","2","1","1","-2"
"185590","Montclair State University","2020","Tenured, assistant professors","15","7","8","0","0","0","1","1","0","2","0","2","2","1","1","0","0","0","7","4","3","0","0","0","1","0","1","2","1","1","-2"
"185590","Montclair State University","2020","On-Tenure track total","120","58","62","0","0","0","12","4","8","5","1","4","6","3","3","0","0","0","37","18","19","0","0","0","37","17","20","23","15","8","-2"
"185590","Montclair State University","2020","On-tenure track, professors","2","1","1","0","0","0","0","0","0","0","0","0","0","0","0","0","0","0","0","0","0","0","0","0","2","1","1","0","0","0","-2"
"185590","Montclair State University","2020","On-tenure track, associate professors","9","5","4","0","0","0","0","0","0","0","0","0","0","0","0","0","0","0","6","5","1","0","0","0","3","0","3","0","0","0","-2"
"185590","Montclair State University","2020","On-tenure track, assistant professors","109","52","57","0","0","0","12","4","8","5","1","4","6","3","3","0","0","0","31","13","18","0","0","0","32","16","16","23","15","8","-2"
"185590","Montclair State University","2020","Not on tenure track/No tenure system system total","79","35","44","0","0","0","4","3","1","5","2","3","5","1","4","0","0","0","48","20","28","0","0","0","16","8","8","1","1","0","-2"
"185590","Montclair State University","2020","Not on tenure/no tenure system, assistant professors","6","5","1","0","0","0","0","0","0","1","1","0","0","0","0","0","0","0","2","2","0","0","0","0","3","2","1","0","0","0","-2"
"185590","Montclair State University","2020","Not on tenure/no tenure system, no academic rank","73","30","43","0","0","0","4","3","1","4","1","3","5","1","4","0","0","0","46","18","28","0","0","0","13","6","7","1","1","0","-2"
"186399","Rutgers University-Newark","2020","Tenured total","304","201","103","1","0","1","42","31","11","21","13","8","11","9","2","0","0","0","164","112","52","3","1","2","30","15","15","32","20","12","-2"
"186399","Rutgers University-Newark","2020","Tenured, professors","186","131","55","0","0","0","27","20","7","10","8","2","7","6","1","0","0","0","118","86","32","0","0","0","14","5","9","10","6","4","-2"
"186399","Rutgers University-Newark","2020","Tenured, associate professors","118","70","48","1","0","1","15","11","4","11","5","6","4","3","1","0","0","0","46","26","20","3","1","2","16","10","6","22","14","8","-2"
"186399","Rutgers University-Newark","2020","On-Tenure track total","105","56","49","0","0","0","6","3","3","5","2","3","7","3","4","0","0","0","17","12","5","1","0","1","46","19","27","23","17","6","-2"
"186399","Rutgers University-Newark","2020","On-tenure track, professors","4","1","3","0","0","0","0","0","0","0","0","0","0","0","0","0","0","0","0","0","0","0","0","0","4","1","3","0","0","0","-2"
"186399","Rutgers University-Newark","2020","On-tenure track, associate professors","5","3","2","0","0","0","0","0","0","0","0","0","0","0","0","0","0","0","0","0","0","1","0","1","4","3","1","0","0","0","-2"
"186399","Rutgers University-Newark","2020","On-tenure track, assistant professors","96","52","44","0","0","0","6","3","3","5","2","3","7","3","4","0","0","0","17","12","5","0","0","0","38","15","23","23","17","6","-2"
"186399","Rutgers University-Newark","2020","Not on tenure track/No tenure system system total","178","96","82","0","0","0","12","3","9","20","13","7","4","3","1","0","0","0","69","41","28","0","0","0","61","29","32","12","7","5","-2"
"186399","Rutgers University-Newark","2020","Not on tenure/no tenure system, professors","19","9","10","0","0","0","0","0","0","2","1","1","1","1","0","0","0","0","12","5","7","0","0","0","4","2","2","0","0","0","-2"
"186399","Rutgers University-Newark","2020","Not on tenure/no tenure system, associate professors","28","17","11","0","0","0","1","0","1","1","1","0","0","0","0","0","0","0","14","11","3","0","0","0","10","3","7","2","2","0","-2"
"186399","Rutgers University-Newark","2020","Not on tenure/no tenure system, assistant professors","98","60","38","0","0","0","8","3","5","13","9","4","2","2","0","0","0","0","35","24","11","0","0","0","32","17","15","8","5","3","-2"
"186399","Rutgers University-Newark","2020","Not on tenure/no tenure system, instructors","29","9","20","0","0","0","3","0","3","4","2","2","1","0","1","0","0","0","5","1","4","0","0","0","14","6","8","2","0","2","-2"
"186399","Rutgers University-Newark","2020","Not on tenure/no tenure system, lecturers","4","1","3","0","0","0","0","0","0","0","0","0","0","0","0","0","0","0","3","0","3","0","0","0","1","1","0","0","0","0","-2"
"186432","Saint Peter's University","2020","Tenured total","66","35","31","0","0","0","2","1","1","3","2","1","5","2","3","0","0","0","56","30","26","0","0","0","0","0","0","0","0","0","-2"
"186432","Saint Peter's University","2020","Tenured, professors","28","16","12","0","0","0","0","0","0","0","0","0","3","1","2","0","0","0","25","15","10","0","0","0","0","0","0","0","0","0","-2"
"186432","Saint Peter's University","2020","Tenured, associate professors","32","15","17","0","0","0","1","1","0","1","0","1","2","1","1","0","0","0","28","13","15","0","0","0","0","0","0","0","0","0","-2"
"186432","Saint Peter's University","2020","Tenured, assistant professors","5","4","1","0","0","0","0","0","0","2","2","0","0","0","0","0","0","0","3","2","1","0","0","0","0","0","0","0","0","0","-2"
"186432","Saint Peter's University","2020","Tenured, lecturers","1","0","1","0","0","0","1","0","1","0","0","0","0","0","0","0","0","0","0","0","0","0","0","0","0","0","0","0","0","0","-2"
"186432","Saint Peter's University","2020","On-Tenure track total","25","10","15","0","0","0","4","3","1","3","1","2","4","1","3","0","0","0","13","5","8","1","0","1","0","0","0","0","0","0","-2"
"186432","Saint Peter's University","2020","On-tenure track, associate professors","2","2","0","0","0","0","0","0","0","0","0","0","0","0","0","0","0","0","2","2","0","0","0","0","0","0","0","0","0","0","-2"
"186432","Saint Peter's University","2020","On-tenure track, assistant professors","22","8","14","0","0","0","4","3","1","3","1","2","4","1","3","0","0","0","11","3","8","0","0","0","0","0","0","0","0","0","-2"
"186432","Saint Peter's University","2020","On-tenure track, instructors","1","0","1","0","0","0","0","0","0","0","0","0","0","0","0","0","0","0","0","0","0","1","0","1","0","0","0","0","0","0","-2"
"186432","Saint Peter's University","2020","Not on tenure track/No tenure system system total","18","7","11","0","0","0","3","1","2","1","1","0","0","0","0","0","0","0","14","5","9","0","0","0","0","0","0","0","0","0","-2"
"186432","Saint Peter's University","2020","Not on tenure/no tenure system, assistant professors","5","1","4","0","0","0","2","0","2","1","1","0","0","0","0","0","0","0","2","0","2","0","0","0","0","0","0","0","0","0","-2"
"186432","Saint Peter's University","2020","Not on tenure/no tenure system, instructors","6","3","3","0","0","0","1","1","0","0","0","0","0","0","0","0","0","0","5","2","3","0","0","0","0","0","0","0","0","0","-2"
"186432","Saint Peter's University","2020","Not on tenure/no tenure system, lecturers","5","3","2","0","0","0","0","0","0","0","0","0","0","0","0","0","0","0","5","3","2","0","0","0","0","0","0","0","0","0","-2"
"186432","Saint Peter's University","2020","Not on tenure/no tenure system, no academic rank","2","0","2","0","0","0","0","0","0","0","0","0","0","0","0","0","0","0","2","0","2","0","0","0","0","0","0","0","0","0","-2"
"187444","William Paterson University of New Jersey","2020","Tenured total","294","142","152","0","0","0","59","32","27","25","17","8","23","10","13","0","0","0","179","80","99","4","1","3","3","1","2","1","1","0","-2"
"187444","William Paterson University of New Jersey","2020","Tenured, professors","202","109","93","0","0","0","44","27","17","15","12","3","13","8","5","0","0","0","125","60","65","3","1","2","2","1","1","0","0","0","-2"
"187444","William Paterson University of New Jersey","2020","Tenured, associate professors","86","31","55","0","0","0","15","5","10","8","4","4","9","2","7","0","0","0","52","20","32","1","0","1","1","0","1","0","0","0","-2"
"187444","William Paterson University of New Jersey","2020","Tenured, assistant professors","6","2","4","0","0","0","0","0","0","2","1","1","1","0","1","0","0","0","2","0","2","0","0","0","0","0","0","1","1","0","-2"
"187444","William Paterson University of New Jersey","2020","On-Tenure track total","70","31","39","0","0","0","13","6","7","7","3","4","3","1","2","0","0","0","41","19","22","0","0","0","0","0","0","6","2","4","-2"
"187444","William Paterson University of New Jersey","2020","On-tenure track, professors","1","1","0","0","0","0","0","0","0","0","0","0","0","0","0","0","0","0","1","1","0","0","0","0","0","0","0","0","0","0","-2"
"187444","William Paterson University of New Jersey","2020","On-tenure track, associate professors","4","2","2","0","0","0","1","1","0","0","0","0","0","0","0","0","0","0","3","1","2","0","0","0","0","0","0","0","0","0","-2"
"187444","William Paterson University of New Jersey","2020","On-tenure track, assistant professors","65","28","37","0","0","0","12","5","7","7","3","4","3","1","2","0","0","0","37","17","20","0","0","0","0","0","0","6","2","4","-2"
"187444","William Paterson University of New Jersey","2020","Not on tenure track/No tenure system system total","13","7","6","0","0","0","0","0","0","0","0","0","1","0","1","0","0","0","12","7","5","0","0","0","0","0","0","0","0","0","-2"
"187444","William Paterson University of New Jersey","2020","Not on tenure/no tenure system, assistant professors","6","3","3","0","0","0","0","0","0","0","0","0","1","0","1","0","0","0","5","3","2","0","0","0","0","0","0","0","0","0","-2"
"187444","William Paterson University of New Jersey","2020","Not on tenure/no tenure system, instructors","7","4","3","0","0","0","0","0","0","0","0","0","0","0","0","0","0","0","7","4","3","0","0","0","0","0","0","0","0","0","-2"
"187648","Eastern New Mexico University-Main Campus","2020","Tenured total","55","33","22","0","0","0","3","3","0","0","0","0","2","1","1","0","0","0","43","23","20","0","0","0","2","2","0","5","4","1","-2"
"187648","Eastern New Mexico University-Main Campus","2020","Tenured, professors","30","19","11","0","0","0","3","3","0","0","0","0","2","1","1","0","0","0","23","13","10","0","0","0","0","0","0","2","2","0","-2"
"187648","Eastern New Mexico University-Main Campus","2020","Tenured, associate professors","22","12","10","0","0","0","0","0","0","0","0","0","0","0","0","0","0","0","17","8","9","0","0","0","2","2","0","3","2","1","-2"
"187648","Eastern New Mexico University-Main Campus","2020","Tenured, instructors","3","2","1","0","0","0","0","0","0","0","0","0","0","0","0","0","0","0","3","2","1","0","0","0","0","0","0","0","0","0","-2"
"187648","Eastern New Mexico University-Main Campus","2020","On-Tenure track total","67","40","27","0","0","0","0","0","0","3","2","1","5","2","3","0","0","0","41","23","18","0","0","0","3","2","1","15","11","4","-2"
"187648","Eastern New Mexico University-Main Campus","2020","On-tenure track, associate professors","1","0","1","0","0","0","0","0","0","1","0","1","0","0","0","0","0","0","0","0","0","0","0","0","0","0","0","0","0","0","-2"
"187648","Eastern New Mexico University-Main Campus","2020","On-tenure track, assistant professors","65","40","25","0","0","0","0","0","0","2","2","0","5","2","3","0","0","0","40","23","17","0","0","0","3","2","1","15","11","4","-2"
"187648","Eastern New Mexico University-Main Campus","2020","On-tenure track, instructors","1","0","1","0","0","0","0","0","0","0","0","0","0","0","0","0","0","0","1","0","1","0","0","0","0","0","0","0","0","0","-2"
"187648","Eastern New Mexico University-Main Campus","2020","Not on tenure track/No tenure system system total","42","14","28","0","0","0","0","0","0","1","1","0","5","2","3","0","0","0","33","10","23","1","0","1","2","1","1","0","0","0","-2"
"187648","Eastern New Mexico University-Main Campus","2020","Not on tenure/no tenure system, professors","1","1","0","0","0","0","0","0","0","1","1","0","0","0","0","0","0","0","0","0","0","0","0","0","0","0","0","0","0","0","-2"
"187648","Eastern New Mexico University-Main Campus","2020","Not on tenure/no tenure system, assistant professors","1","0","1","0","0","0","0","0","0","0","0","0","0","0","0","0","0","0","1","0","1","0","0","0","0","0","0","0","0","0","-2"
"187648","Eastern New Mexico University-Main Campus","2020","Not on tenure/no tenure system, instructors","40","13","27","0","0","0","0","0","0","0","0","0","5","2","3","0","0","0","32","10","22","1","0","1","2","1","1","0","0","0","-2"
"187897","New Mexico Highlands University","2020","Tenured total","50","26","24","0","0","0","3","2","1","2","1","1","10","7","3","0","0","0","30","14","16","1","0","1","2","1","1","2","1","1","-2"
"187897","New Mexico Highlands University","2020","Tenured, professors","25","13","12","0","0","0","0","0","0","0","0","0","6","5","1","0","0","0","16","8","8","1","0","1","1","0","1","1","0","1","-2"
"187897","New Mexico Highlands University","2020","Tenured, associate professors","24","12","12","0","0","0","3","2","1","2","1","1","3","1","2","0","0","0","14","6","8","0","0","0","1","1","0","1","1","0","-2"
"187897","New Mexico Highlands University","2020","Tenured, assistant professors","1","1","0","0","0","0","0","0","0","0","0","0","1","1","0","0","0","0","0","0","0","0","0","0","0","0","0","0","0","0","-2"
"187897","New Mexico Highlands University","2020","On-Tenure track total","40","20","20","0","0","0","2","1","1","1","1","0","13","4","9","0","0","0","18","12","6","0","0","0","1","0","1","5","2","3","-2"
"187897","New Mexico Highlands University","2020","On-tenure track, associate professors","5","4","1","0","0","0","1","1","0","0","0","0","1","0","1","0","0","0","3","3","0","0","0","0","0","0","0","0","0","0","-2"
"187897","New Mexico Highlands University","2020","On-tenure track, assistant professors","35","16","19","0","0","0","1","0","1","1","1","0","12","4","8","0","0","0","15","9","6","0","0","0","1","0","1","5","2","3","-2"
"187897","New Mexico Highlands University","2020","Not on tenure track/No tenure system system total","36","17","19","1","0","1","1","0","1","0","0","0","11","4","7","0","0","0","21","11","10","1","1","0","0","0","0","1","1","0","-2"
"187897","New Mexico Highlands University","2020","Not on tenure/no tenure system, assistant professors","12","7","5","0","0","0","0","0","0","0","0","0","4","2","2","0","0","0","6","3","3","1","1","0","0","0","0","1","1","0","-2"
"187897","New Mexico Highlands University","2020","Not on tenure/no tenure system, instructors","24","10","14","1","0","1","1","0","1","0","0","0","7","2","5","0","0","0","15","8","7","0","0","0","0","0","0","0","0","0","-2"
"187985","University of New Mexico-Main Campus","2020","Tenured total","652","372","280","18","8","10","80","54","26","12","5","7","83","38","45","0","0","0","406","238","168","2","1","1","40","19","21","11","9","2","-2"
"187985","University of New Mexico-Main Campus","2020","Tenured, professors","343","211","132","9","3","6","46","33","13","5","1","4","35","16","19","0","0","0","237","152","85","1","0","1","9","5","4","1","1","0","-2"
"187985","University of New Mexico-Main Campus","2020","Tenured, associate professors","308","160","148","9","5","4","34","21","13","7","4","3","47","21","26","0","0","0","169","86","83","1","1","0","31","14","17","10","8","2","-2"
"187985","University of New Mexico-Main Campus","2020","Tenured, assistant professors","1","1","0","0","0","0","0","0","0","0","0","0","1","1","0","0","0","0","0","0","0","0","0","0","0","0","0","0","0","0","-2"
"187985","University of New Mexico-Main Campus","2020","On-Tenure track total","268","132","136","7","1","6","24","14","10","3","1","2","45","20","25","0","0","0","124","61","63","6","3","3","16","8","8","43","24","19","-2"
"187985","University of New Mexico-Main Campus","2020","On-tenure track, professors","6","5","1","0","0","0","2","2","0","0","0","0","1","1","0","0","0","0","3","2","1","0","0","0","0","0","0","0","0","0","-2"
"187985","University of New Mexico-Main Campus","2020","On-tenure track, associate professors","16","8","8","0","0","0","2","2","0","0","0","0","2","1","1","0","0","0","9","4","5","0","0","0","3","1","2","0","0","0","-2"
"187985","University of New Mexico-Main Campus","2020","On-tenure track, assistant professors","245","118","127","7","1","6","20","10","10","3","1","2","42","18","24","0","0","0","112","55","57","6","3","3","12","6","6","43","24","19","-2"
"187985","University of New Mexico-Main Campus","2020","On-tenure track, no academic rank","1","1","0","0","0","0","0","0","0","0","0","0","0","0","0","0","0","0","0","0","0","0","0","0","1","1","0","0","0","0","-2"
"187985","University of New Mexico-Main Campus","2020","Not on tenure track/No tenure system system total","1015","454","561","12","4","8","81","40","41","14","2","12","175","58","117","0","0","0","624","292","332","16","7","9","28","13","15","65","38","27","-2"
"187985","University of New Mexico-Main Campus","2020","Not on tenure/no tenure system, professors","132","74","58","1","1","0","9","3","6","1","0","1","9","4","5","0","0","0","103","59","44","1","1","0","6","4","2","2","2","0","-2"
"187985","University of New Mexico-Main Campus","2020","Not on tenure/no tenure system, associate professors","210","96","114","1","0","1","32","20","12","2","0","2","36","13","23","0","0","0","130","60","70","3","1","2","4","1","3","2","1","1","-2"
"187985","University of New Mexico-Main Campus","2020","Not on tenure/no tenure system, assistant professors","395","183","212","4","1","3","33","14","19","5","1","4","72","24","48","0","0","0","213","107","106","11","5","6","6","3","3","51","28","23","-2"
"187985","University of New Mexico-Main Campus","2020","Not on tenure/no tenure system, instructors","48","17","31","1","1","0","2","1","1","3","1","2","7","2","5","0","0","0","33","11","22","0","0","0","1","1","0","1","0","1","-2"
"187985","University of New Mexico-Main Campus","2020","Not on tenure/no tenure system, lecturers","209","72","137","5","1","4","4","2","2","3","0","3","46","12","34","0","0","0","134","49","85","1","0","1","11","4","7","5","4","1","-2"
"187985","University of New Mexico-Main Campus","2020","Not on tenure/no tenure system, no academic rank","21","12","9","0","0","0","1","0","1","0","0","0","5","3","2","0","0","0","11","6","5","0","0","0","0","0","0","4","3","1","-2"
"188030","New Mexico State University-Main Campus","2020","Tenured total","332","215","117","2","2","0","39","30","9","5","4","1","53","29","24","0","0","0","225","143","82","1","1","0","1","1","0","6","5","1","-2"
"188030","New Mexico State University-Main Campus","2020","Tenured, professors","182","129","53","2","2","0","22","18","4","3","3","0","14","9","5","0","0","0","135","92","43","1","1","0","1","1","0","4","3","1","-2"
"188030","New Mexico State University-Main Campus","2020","Tenured, associate professors","147","85","62","0","0","0","17","12","5","2","1","1","39","20","19","0","0","0","87","50","37","0","0","0","0","0","0","2","2","0","-2"
"188030","New Mexico State University-Main Campus","2020","Tenured, assistant professors","3","1","2","0","0","0","0","0","0","0","0","0","0","0","0","0","0","0","3","1","2","0","0","0","0","0","0","0","0","0","-2"
"188030","New Mexico State University-Main Campus","2020","On-Tenure track total","168","90","78","2","1","1","12","7","5","6","3","3","19","9","10","0","0","0","85","41","44","5","2","3","5","2","3","34","25","9","-2"
"188030","New Mexico State University-Main Campus","2020","On-tenure track, associate professors","4","2","2","0","0","0","1","1","0","0","0","0","0","0","0","0","0","0","1","0","1","0","0","0","2","1","1","0","0","0","-2"
"188030","New Mexico State University-Main Campus","2020","On-tenure track, assistant professors","164","88","76","2","1","1","11","6","5","6","3","3","19","9","10","0","0","0","84","41","43","5","2","3","3","1","2","34","25","9","-2"
"188030","New Mexico State University-Main Campus","2020","Not on tenure track/No tenure system system total","137","49","88","2","2","0","8","3","5","0","0","0","38","6","32","0","0","0","82","33","49","3","2","1","1","1","0","3","2","1","-2"
"188030","New Mexico State University-Main Campus","2020","Not on tenure/no tenure system, professors","24","12","12","1","1","0","0","0","0","0","0","0","1","1","0","0","0","0","21","9","12","1","1","0","0","0","0","0","0","0","-2"
"188030","New Mexico State University-Main Campus","2020","Not on tenure/no tenure system, associate professors","29","5","24","0","0","0","1","0","1","0","0","0","9","0","9","0","0","0","18","4","14","1","1","0","0","0","0","0","0","0","-2"
"188030","New Mexico State University-Main Campus","2020","Not on tenure/no tenure system, assistant professors","59","20","39","0","0","0","3","0","3","0","0","0","21","3","18","0","0","0","32","14","18","0","0","0","1","1","0","2","2","0","-2"
"188030","New Mexico State University-Main Campus","2020","Not on tenure/no tenure system, instructors","4","2","2","0","0","0","1","1","0","0","0","0","1","0","1","0","0","0","1","1","0","1","0","1","0","0","0","0","0","0","-2"
"188030","New Mexico State University-Main Campus","2020","Not on tenure/no tenure system, no academic rank","21","10","11","1","1","0","3","2","1","0","0","0","6","2","4","0","0","0","10","5","5","0","0","0","0","0","0","1","0","1","-2"
"188058","Northern New Mexico College","2020","Tenured total","19","7","12","0","0","0","2","2","0","0","0","0","9","3","6","0","0","0","5","2","3","0","0","0","3","0","3","0","0","0","-2"
"188058","Northern New Mexico College","2020","Tenured, associate professors","19","7","12","0","0","0","2","2","0","0","0","0","9","3","6","0","0","0","5","2","3","0","0","0","3","0","3","0","0","0","-2"
"188058","Northern New Mexico College","2020","On-Tenure track total","17","6","11","0","0","0","1","0","1","0","0","0","1","0","1","0","0","0","7","3","4","0","0","0","8","3","5","0","0","0","-2"
"188058","Northern New Mexico College","2020","On-tenure track, assistant professors","17","6","11","0","0","0","1","0","1","0","0","0","1","0","1","0","0","0","7","3","4","0","0","0","8","3","5","0","0","0","-2"
"188058","Northern New Mexico College","2020","Not on tenure track/No tenure system system total","11","4","7","0","0","0","0","0","0","0","0","0","4","1","3","0","0","0","7","3","4","0","0","0","0","0","0","0","0","0","-2"
"188058","Northern New Mexico College","2020","Not on tenure/no tenure system, instructors","11","4","7","0","0","0","0","0","0","0","0","0","4","1","3","0","0","0","7","3","4","0","0","0","0","0","0","0","0","0","-2"
"188304","Western New Mexico University","2020","Tenured total","44","23","21","0","0","0","3","2","1","1","1","0","11","7","4","0","0","0","23","10","13","0","0","0","6","3","3","0","0","0","-2"
"188304","Western New Mexico University","2020","Tenured, professors","21","11","10","0","0","0","0","0","0","0","0","0","5","2","3","0","0","0","10","6","4","0","0","0","6","3","3","0","0","0","-2"
"188304","Western New Mexico University","2020","Tenured, associate professors","23","12","11","0","0","0","3","2","1","1","1","0","6","5","1","0","0","0","13","4","9","0","0","0","0","0","0","0","0","0","-2"
"188304","Western New Mexico University","2020","On-Tenure track total","47","21","26","0","0","0","3","2","1","1","0","1","6","2","4","0","0","0","30","14","16","0","0","0","7","3","4","0","0","0","-2"
"188304","Western New Mexico University","2020","On-tenure track, associate professors","9","3","6","0","0","0","1","1","0","0","0","0","1","0","1","0","0","0","6","2","4","0","0","0","1","0","1","0","0","0","-2"
"188304","Western New Mexico University","2020","On-tenure track, assistant professors","35","17","18","0","0","0","2","1","1","1","0","1","4","1","3","0","0","0","23","12","11","0","0","0","5","3","2","0","0","0","-2"
"188304","Western New Mexico University","2020","On-tenure track, instructors","3","1","2","0","0","0","0","0","0","0","0","0","1","1","0","0","0","0","1","0","1","0","0","0","1","0","1","0","0","0","-2"
"188304","Western New Mexico University","2020","Not on tenure track/No tenure system system total","4","0","4","0","0","0","0","0","0","0","0","0","0","0","0","0","0","0","2","0","2","0","0","0","2","0","2","0","0","0","-2"
"188304","Western New Mexico University","2020","Not on tenure/no tenure system, assistant professors","4","0","4","0","0","0","0","0","0","0","0","0","0","0","0","0","0","0","2","0","2","0","0","0","2","0","2","0","0","0","-2"
"190558","College of Staten Island CUNY","2020","Tenured total","263","145","118","0","0","0","43","23","20","10","4","6","19","12","7","0","0","0","188","104","84","1","1","0","0","0","0","2","1","1","-2"
"190558","College of Staten Island CUNY","2020","Tenured, professors","131","83","48","0","0","0","22","15","7","4","3","1","11","7","4","0","0","0","94","58","36","0","0","0","0","0","0","0","0","0","-2"
"190558","College of Staten Island CUNY","2020","Tenured, associate professors","103","50","53","0","0","0","19","8","11","5","0","5","5","4","1","0","0","0","71","36","35","1","1","0","0","0","0","2","1","1","-2"
"190558","College of Staten Island CUNY","2020","Tenured, assistant professors","10","6","4","0","0","0","0","0","0","1","1","0","1","1","0","0","0","0","8","4","4","0","0","0","0","0","0","0","0","0","-2"
"190558","College of Staten Island CUNY","2020","Tenured, lecturers","19","6","13","0","0","0","2","0","2","0","0","0","2","0","2","0","0","0","15","6","9","0","0","0","0","0","0","0","0","0","-2"
"190558","College of Staten Island CUNY","2020","On-Tenure track total","61","29","32","0","0","0","15","7","8","1","1","0","1","1","0","0","0","0","35","17","18","2","0","2","0","0","0","7","3","4","-2"
"190558","College of Staten Island CUNY","2020","On-tenure track, professors","1","1","0","0","0","0","1","1","0","0","0","0","0","0","0","0","0","0","0","0","0","0","0","0","0","0","0","0","0","0","-2"
"190558","College of Staten Island CUNY","2020","On-tenure track, associate professors","2","0","2","0","0","0","1","0","1","0","0","0","0","0","0","0","0","0","1","0","1","0","0","0","0","0","0","0","0","0","-2"
"190558","College of Staten Island CUNY","2020","On-tenure track, assistant professors","48","24","24","0","0","0","12","5","7","1","1","0","1","1","0","0","0","0","26","14","12","2","0","2","0","0","0","6","3","3","-2"
"190558","College of Staten Island CUNY","2020","On-tenure track, lecturers","10","4","6","0","0","0","1","1","0","0","0","0","0","0","0","0","0","0","8","3","5","0","0","0","0","0","0","1","0","1","-2"
"190558","College of Staten Island CUNY","2020","Not on tenure track/No tenure system system total","9","3","6","0","0","0","1","1","0","1","0","1","1","0","1","0","0","0","4","0","4","1","1","0","0","0","0","1","1","0","-2"
"190558","College of Staten Island CUNY","2020","Not on tenure/no tenure system, professors","2","0","2","0","0","0","0","0","0","0","0","0","1","0","1","0","0","0","1","0","1","0","0","0","0","0","0","0","0","0","-2"
"190558","College of Staten Island CUNY","2020","Not on tenure/no tenure system, lecturers","7","3","4","0","0","0","1","1","0","1","0","1","0","0","0","0","0","0","3","0","3","1","1","0","0","0","0","1","1","0","-2"
"190594","CUNY Hunter College","2020","Tenured total","464","236","228","0","0","0","55","25","30","45","25","20","53","18","35","0","0","0","304","164","140","4","3","1","0","0","0","3","1","2","-2"
"190594","CUNY Hunter College","2020","Tenured, professors","239","128","111","0","0","0","21","13","8","16","10","6","26","11","15","0","0","0","174","92","82","2","2","0","0","0","0","0","0","0","-2"
"190594","CUNY Hunter College","2020","Tenured, associate professors","176","88","88","0","0","0","28","11","17","23","14","9","23","6","17","0","0","0","99","56","43","1","0","1","0","0","0","2","1","1","-2"
"190594","CUNY Hunter College","2020","Tenured, assistant professors","11","4","7","0","0","0","1","0","1","2","1","1","0","0","0","0","0","0","8","3","5","0","0","0","0","0","0","0","0","0","-2"
"190594","CUNY Hunter College","2020","Tenured, lecturers","38","16","22","0","0","0","5","1","4","4","0","4","4","1","3","0","0","0","23","13","10","1","1","0","0","0","0","1","0","1","-2"
"190594","CUNY Hunter College","2020","On-Tenure track total","113","37","76","2","0","2","13","4","9","11","4","7","8","2","6","0","0","0","64","21","43","3","1","2","0","0","0","12","5","7","-2"
"190594","CUNY Hunter College","2020","On-tenure track, professors","2","1","1","0","0","0","0","0","0","0","0","0","0","0","0","0","0","0","2","1","1","0","0","0","0","0","0","0","0","0","-2"
"190594","CUNY Hunter College","2020","On-tenure track, associate professors","8","4","4","0","0","0","1","0","1","2","2","0","1","0","1","0","0","0","4","2","2","0","0","0","0","0","0","0","0","0","-2"
"190594","CUNY Hunter College","2020","On-tenure track, assistant professors","74","24","50","2","0","2","9","3","6","7","2","5","3","2","1","0","0","0","43","12","31","1","1","0","0","0","0","9","4","5","-2"
"190594","CUNY Hunter College","2020","On-tenure track, lecturers","29","8","21","0","0","0","3","1","2","2","0","2","4","0","4","0","0","0","15","6","9","2","0","2","0","0","0","3","1","2","-2"
"190594","CUNY Hunter College","2020","Not on tenure track/No tenure system system total","35","8","27","0","0","0","2","0","2","3","0","3","2","2","0","0","0","0","26","5","21","2","1","1","0","0","0","0","0","0","-2"
"190594","CUNY Hunter College","2020","Not on tenure/no tenure system, professors","34","7","27","0","0","0","2","0","2","3","0","3","2","2","0","0","0","0","26","5","21","1","0","1","0","0","0","0","0","0","-2"
"190594","CUNY Hunter College","2020","Not on tenure/no tenure system, lecturers","1","1","0","0","0","0","0","0","0","0","0","0","0","0","0","0","0","0","0","0","0","1","1","0","0","0","0","0","0","0","-2"
"190637","CUNY Lehman College","2020","Tenured total","247","114","133","2","0","2","19","12","7","27","8","19","28","17","11","0","0","0","165","75","90","1","0","1","0","0","0","5","2","3","-2"
"190637","CUNY Lehman College","2020","Tenured, professors","91","53","38","1","0","1","7","4","3","3","2","1","8","6","2","0","0","0","71","40","31","0","0","0","0","0","0","1","1","0","-2"
"190637","CUNY Lehman College","2020","Tenured, associate professors","108","43","65","1","0","1","8","5","3","14","5","9","13","6","7","0","0","0","70","26","44","0","0","0","0","0","0","2","1","1","-2"
"190637","CUNY Lehman College","2020","Tenured, assistant professors","8","5","3","0","0","0","2","2","0","2","0","2","1","1","0","0","0","0","3","2","1","0","0","0","0","0","0","0","0","0","-2"
"190637","CUNY Lehman College","2020","Tenured, lecturers","40","13","27","0","0","0","2","1","1","8","1","7","6","4","2","0","0","0","21","7","14","1","0","1","0","0","0","2","0","2","-2"
"190637","CUNY Lehman College","2020","On-Tenure track total","110","45","65","0","0","0","8","2","6","20","6","14","20","8","12","0","0","0","51","23","28","1","0","1","0","0","0","10","6","4","-2"
"190637","CUNY Lehman College","2020","On-tenure track, associate professors","6","2","4","0","0","0","1","1","0","1","0","1","2","0","2","0","0","0","2","1","1","0","0","0","0","0","0","0","0","0","-2"
"190637","CUNY Lehman College","2020","On-tenure track, assistant professors","85","38","47","0","0","0","6","1","5","13","5","8","16","7","9","0","0","0","41","21","20","1","0","1","0","0","0","8","4","4","-2"
"190637","CUNY Lehman College","2020","On-tenure track, lecturers","19","5","14","0","0","0","1","0","1","6","1","5","2","1","1","0","0","0","8","1","7","0","0","0","0","0","0","2","2","0","-2"
"190637","CUNY Lehman College","2020","Not on tenure track/No tenure system system total","15","4","11","0","0","0","2","1","1","2","1","1","5","1","4","0","0","0","6","1","5","0","0","0","0","0","0","0","0","0","-2"
"190637","CUNY Lehman College","2020","Not on tenure/no tenure system, professors","4","1","3","0","0","0","0","0","0","1","1","0","1","0","1","0","0","0","2","0","2","0","0","0","0","0","0","0","0","0","-2"
"190637","CUNY Lehman College","2020","Not on tenure/no tenure system, assistant professors","3","1","2","0","0","0","0","0","0","1","0","1","1","0","1","0","0","0","1","1","0","0","0","0","0","0","0","0","0","0","-2"
"190637","CUNY Lehman College","2020","Not on tenure/no tenure system, instructors","1","1","0","0","0","0","0","0","0","0","0","0","1","1","0","0","0","0","0","0","0","0","0","0","0","0","0","0","0","0","-2"
"190637","CUNY Lehman College","2020","Not on tenure/no tenure system, lecturers","7","1","6","0","0","0","2","1","1","0","0","0","2","0","2","0","0","0","3","0","3","0","0","0","0","0","0","0","0","0","-2"
"190655","CUNY New York City College of Technology","2020","Tenured total","285","152","133","2","1","1","44","24","20","35","17","18","25","15","10","0","0","0","161","82","79","0","0","0","0","0","0","18","13","5","-2"
"190655","CUNY New York City College of Technology","2020","Tenured, professors","87","45","42","0","0","0","14","5","9","14","8","6","6","3","3","0","0","0","48","24","24","0","0","0","0","0","0","5","5","0","-2"
"190655","CUNY New York City College of Technology","2020","Tenured, associate professors","127","67","60","1","0","1","19","12","7","10","4","6","13","8","5","0","0","0","74","38","36","0","0","0","0","0","0","10","5","5","-2"
"190655","CUNY New York City College of Technology","2020","Tenured, assistant professors","54","32","22","1","1","0","11","7","4","5","2","3","5","4","1","0","0","0","29","15","14","0","0","0","0","0","0","3","3","0","-2"
"190655","CUNY New York City College of Technology","2020","Tenured, lecturers","17","8","9","0","0","0","0","0","0","6","3","3","1","0","1","0","0","0","10","5","5","0","0","0","0","0","0","0","0","0","-2"
"190655","CUNY New York City College of Technology","2020","On-Tenure track total","81","35","46","0","0","0","21","14","7","12","3","9","5","2","3","0","0","0","41","16","25","0","0","0","0","0","0","2","0","2","-2"
"190655","CUNY New York City College of Technology","2020","On-tenure track, associate professors","16","8","8","0","0","0","6","5","1","1","0","1","0","0","0","0","0","0","9","3","6","0","0","0","0","0","0","0","0","0","-2"
"190655","CUNY New York City College of Technology","2020","On-tenure track, assistant professors","63","25","38","0","0","0","14","8","6","10","2","8","5","2","3","0","0","0","32","13","19","0","0","0","0","0","0","2","0","2","-2"
"190655","CUNY New York City College of Technology","2020","On-tenure track, lecturers","2","2","0","0","0","0","1","1","0","1","1","0","0","0","0","0","0","0","0","0","0","0","0","0","0","0","0","0","0","0","-2"
"190655","CUNY New York City College of Technology","2020","Not on tenure track/No tenure system system total","1","1","0","0","0","0","0","0","0","0","0","0","0","0","0","0","0","0","1","1","0","0","0","0","0","0","0","0","0","0","-2"
"190655","CUNY New York City College of Technology","2020","Not on tenure/no tenure system, professors","1","1","0","0","0","0","0","0","0","0","0","0","0","0","0","0","0","0","1","1","0","0","0","0","0","0","0","0","0","0","-2"
"190664","CUNY Queens College","2020","Tenured total","416","218","198","0","0","0","49","20","29","18","12","6","32","13","19","0","0","0","290","164","126","4","2","2","0","0","0","23","7","16","-2"
"190664","CUNY Queens College","2020","Tenured, professors","191","126","65","0","0","0","25","14","11","10","8","2","13","5","8","0","0","0","137","94","43","3","2","1","0","0","0","3","3","0","-2"
"190664","CUNY Queens College","2020","Tenured, associate professors","153","64","89","0","0","0","19","5","14","6","3","3","18","8","10","0","0","0","93","44","49","0","0","0","0","0","0","17","4","13","-2"
"190664","CUNY Queens College","2020","Tenured, assistant professors","11","5","6","0","0","0","1","1","0","1","0","1","0","0","0","0","0","0","7","4","3","1","0","1","0","0","0","1","0","1","-2"
"190664","CUNY Queens College","2020","Tenured, lecturers","61","23","38","0","0","0","4","0","4","1","1","0","1","0","1","0","0","0","53","22","31","0","0","0","0","0","0","2","0","2","-2"
"190664","CUNY Queens College","2020","On-Tenure track total","118","63","55","0","0","0","17","12","5","14","5","9","10","6","4","0","0","0","57","29","28","4","2","2","0","0","0","16","9","7","-2"
"190664","CUNY Queens College","2020","On-tenure track, professors","2","0","2","0","0","0","0","0","0","0","0","0","0","0","0","0","0","0","2","0","2","0","0","0","0","0","0","0","0","0","-2"
"190664","CUNY Queens College","2020","On-tenure track, associate professors","7","5","2","0","0","0","1","1","0","1","0","1","1","1","0","0","0","0","3","2","1","0","0","0","0","0","0","1","1","0","-2"
"190664","CUNY Queens College","2020","On-tenure track, assistant professors","82","45","37","0","0","0","12","9","3","8","3","5","8","4","4","0","0","0","35","19","16","4","2","2","0","0","0","15","8","7","-2"
"190664","CUNY Queens College","2020","On-tenure track, lecturers","27","13","14","0","0","0","4","2","2","5","2","3","1","1","0","0","0","0","17","8","9","0","0","0","0","0","0","0","0","0","-2"
"190664","CUNY Queens College","2020","Not on tenure track/No tenure system system total","19","10","9","0","0","0","1","1","0","3","0","3","1","0","1","0","0","0","14","9","5","0","0","0","0","0","0","0","0","0","-2"
"190664","CUNY Queens College","2020","Not on tenure/no tenure system, professors","8","5","3","0","0","0","0","0","0","2","0","2","0","0","0","0","0","0","6","5","1","0","0","0","0","0","0","0","0","0","-2"
"190664","CUNY Queens College","2020","Not on tenure/no tenure system, assistant professors","3","1","2","0","0","0","0","0","0","1","0","1","0","0","0","0","0","0","2","1","1","0","0","0","0","0","0","0","0","0","-2"
"190664","CUNY Queens College","2020","Not on tenure/no tenure system, lecturers","8","4","4","0","0","0","1","1","0","0","0","0","1","0","1","0","0","0","6","3","3","0","0","0","0","0","0","0","0","0","-2"
"190691","CUNY York College","2020","Tenured total","125","68","57","0","0","0","18","11","7","20","8","12","10","5","5","0","0","0","74","43","31","0","0","0","0","0","0","3","1","2","-2"
"190691","CUNY York College","2020","Tenured, professors","46","26","20","0","0","0","7","7","0","4","2","2","3","1","2","0","0","0","30","15","15","0","0","0","0","0","0","2","1","1","-2"
"190691","CUNY York College","2020","Tenured, associate professors","55","28","27","0","0","0","10","4","6","10","3","7","7","4","3","0","0","0","27","17","10","0","0","0","0","0","0","1","0","1","-2"
"190691","CUNY York College","2020","Tenured, assistant professors","9","6","3","0","0","0","0","0","0","3","1","2","0","0","0","0","0","0","6","5","1","0","0","0","0","0","0","0","0","0","-2"
"190691","CUNY York College","2020","Tenured, lecturers","15","8","7","0","0","0","1","0","1","3","2","1","0","0","0","0","0","0","11","6","5","0","0","0","0","0","0","0","0","0","-2"
"190691","CUNY York College","2020","On-Tenure track total","48","18","30","0","0","0","8","4","4","12","2","10","7","2","5","0","0","0","20","9","11","0","0","0","0","0","0","1","1","0","-2"
"190691","CUNY York College","2020","On-tenure track, associate professors","4","1","3","0","0","0","2","1","1","1","0","1","1","0","1","0","0","0","0","0","0","0","0","0","0","0","0","0","0","0","-2"
"190691","CUNY York College","2020","On-tenure track, assistant professors","39","14","25","0","0","0","5","2","3","9","1","8","5","2","3","0","0","0","19","8","11","0","0","0","0","0","0","1","1","0","-2"
"190691","CUNY York College","2020","On-tenure track, lecturers","5","3","2","0","0","0","1","1","0","2","1","1","1","0","1","0","0","0","1","1","0","0","0","0","0","0","0","0","0","0","-2"
"190691","CUNY York College","2020","Not on tenure track/No tenure system system total","11","4","7","0","0","0","1","0","1","6","2","4","1","1","0","0","0","0","3","1","2","0","0","0","0","0","0","0","0","0","-2"
"190691","CUNY York College","2020","Not on tenure/no tenure system, professors","6","1","5","0","0","0","1","0","1","3","0","3","0","0","0","0","0","0","2","1","1","0","0","0","0","0","0","0","0","0","-2"
"190691","CUNY York College","2020","Not on tenure/no tenure system, assistant professors","2","1","1","0","0","0","0","0","0","1","1","0","0","0","0","0","0","0","1","0","1","0","0","0","0","0","0","0","0","0","-2"
"190691","CUNY York College","2020","Not on tenure/no tenure system, lecturers","3","2","1","0","0","0","0","0","0","2","1","1","1","1","0","0","0","0","0","0","0","0","0","0","0","0","0","0","0","0","-2"
"192749","Manhattanville College","2020","Tenured total","72","35","37","1","1","0","6","1","5","3","2","1","0","0","0","0","0","0","59","30","29","0","0","0","3","1","2","0","0","0","-2"
"192749","Manhattanville College","2020","Tenured, professors","45","28","17","1","1","0","4","1","3","2","2","0","0","0","0","0","0","0","38","24","14","0","0","0","0","0","0","0","0","0","-2"
"192749","Manhattanville College","2020","Tenured, associate professors","26","7","19","0","0","0","2","0","2","0","0","0","0","0","0","0","0","0","21","6","15","0","0","0","3","1","2","0","0","0","-2"
"192749","Manhattanville College","2020","Tenured, assistant professors","1","0","1","0","0","0","0","0","0","1","0","1","0","0","0","0","0","0","0","0","0","0","0","0","0","0","0","0","0","0","-2"
"192749","Manhattanville College","2020","On-Tenure track total","17","8","9","0","0","0","1","0","1","2","1","1","0","0","0","0","0","0","14","7","7","0","0","0","0","0","0","0","0","0","-2"
"192749","Manhattanville College","2020","On-tenure track, associate professors","6","4","2","0","0","0","0","0","0","2","1","1","0","0","0","0","0","0","4","3","1","0","0","0","0","0","0","0","0","0","-2"
"192749","Manhattanville College","2020","On-tenure track, assistant professors","10","3","7","0","0","0","1","0","1","0","0","0","0","0","0","0","0","0","9","3","6","0","0","0","0","0","0","0","0","0","-2"
"192749","Manhattanville College","2020","On-tenure track, instructors","1","1","0","0","0","0","0","0","0","0","0","0","0","0","0","0","0","0","1","1","0","0","0","0","0","0","0","0","0","0","-2"
"192749","Manhattanville College","2020","Not on tenure track/No tenure system system total","23","10","13","0","0","0","1","0","1","0","0","0","2","1","1","0","0","0","16","7","9","1","0","1","3","2","1","0","0","0","-2"
"192749","Manhattanville College","2020","Not on tenure/no tenure system, professors","2","1","1","0","0","0","0","0","0","0","0","0","0","0","0","0","0","0","0","0","0","1","0","1","1","1","0","0","0","0","-2"
"192749","Manhattanville College","2020","Not on tenure/no tenure system, associate professors","3","2","1","0","0","0","0","0","0","0","0","0","0","0","0","0","0","0","3","2","1","0","0","0","0","0","0","0","0","0","-2"
"192749","Manhattanville College","2020","Not on tenure/no tenure system, assistant professors","3","0","3","0","0","0","0","0","0","0","0","0","0","0","0","0","0","0","2","0","2","0","0","0","1","0","1","0","0","0","-2"
"192749","Manhattanville College","2020","Not on tenure/no tenure system, lecturers","15","7","8","0","0","0","1","0","1","0","0","0","2","1","1","0","0","0","11","5","6","0","0","0","1","1","0","0","0","0","-2"
"193399","College of Mount Saint Vincent","2020","Tenured total","42","22","20","0","0","0","4","1","3","0","0","0","2","0","2","0","0","0","33","19","14","3","2","1","0","0","0","0","0","0","-2"
"193399","College of Mount Saint Vincent","2020","Tenured, professors","13","8","5","0","0","0","0","0","0","0","0","0","0","0","0","0","0","0","11","6","5","2","2","0","0","0","0","0","0","0","-2"
"193399","College of Mount Saint Vincent","2020","Tenured, associate professors","27","13","14","0","0","0","4","1","3","0","0","0","2","0","2","0","0","0","20","12","8","1","0","1","0","0","0","0","0","0","-2"
"193399","College of Mount Saint Vincent","2020","Tenured, assistant professors","2","1","1","0","0","0","0","0","0","0","0","0","0","0","0","0","0","0","2","1","1","0","0","0","0","0","0","0","0","0","-2"
"193399","College of Mount Saint Vincent","2020","On-Tenure track total","24","9","15","0","0","0","3","0","3","0","0","0","1","0","1","0","0","0","18","8","10","2","1","1","0","0","0","0","0","0","-2"
"193399","College of Mount Saint Vincent","2020","On-tenure track, associate professors","5","0","5","0","0","0","1","0","1","0","0","0","0","0","0","0","0","0","4","0","4","0","0","0","0","0","0","0","0","0","-2"
"193399","College of Mount Saint Vincent","2020","On-tenure track, assistant professors","18","9","9","0","0","0","2","0","2","0","0","0","1","0","1","0","0","0","13","8","5","2","1","1","0","0","0","0","0","0","-2"
"193399","College of Mount Saint Vincent","2020","On-tenure track, instructors","1","0","1","0","0","0","0","0","0","0","0","0","0","0","0","0","0","0","1","0","1","0","0","0","0","0","0","0","0","0","-2"
"193399","College of Mount Saint Vincent","2020","Not on tenure track/No tenure system system total","10","3","7","0","0","0","1","1","0","3","0","3","2","0","2","0","0","0","4","2","2","0","0","0","0","0","0","0","0","0","-2"
"193399","College of Mount Saint Vincent","2020","Not on tenure/no tenure system, assistant professors","4","2","2","0","0","0","1","1","0","0","0","0","1","0","1","0","0","0","2","1","1","0","0","0","0","0","0","0","0","0","-2"
"193399","College of Mount Saint Vincent","2020","Not on tenure/no tenure system, instructors","6","1","5","0","0","0","0","0","0","3","0","3","1","0","1","0","0","0","2","1","1","0","0","0","0","0","0","0","0","0","-2"
"195173","St Francis College","2020","Tenured total","45","22","23","0","0","0","2","1","1","3","0","3","2","1","1","0","0","0","37","20","17","1","0","1","0","0","0","0","0","0","-2"
"195173","St Francis College","2020","Tenured, professors","24","13","11","0","0","0","0","0","0","1","0","1","1","0","1","0","0","0","22","13","9","0","0","0","0","0","0","0","0","0","-2"
"195173","St Francis College","2020","Tenured, associate professors","20","9","11","0","0","0","2","1","1","2","0","2","1","1","0","0","0","0","14","7","7","1","0","1","0","0","0","0","0","0","-2"
"195173","St Francis College","2020","Tenured, assistant professors","1","0","1","0","0","0","0","0","0","0","0","0","0","0","0","0","0","0","1","0","1","0","0","0","0","0","0","0","0","0","-2"
"195173","St Francis College","2020","On-Tenure track total","36","12","24","0","0","0","1","0","1","4","2","2","1","0","1","0","0","0","28","10","18","2","0","2","0","0","0","0","0","0","-2"
"195173","St Francis College","2020","On-tenure track, assistant professors","36","12","24","0","0","0","1","0","1","4","2","2","1","0","1","0","0","0","28","10","18","2","0","2","0","0","0","0","0","0","-2"
"195173","St Francis College","2020","Not on tenure track/No tenure system system total","16","10","6","0","0","0","2","2","0","1","0","1","0","0","0","0","0","0","12","7","5","0","0","0","0","0","0","1","1","0","-2"
"195173","St Francis College","2020","Not on tenure/no tenure system, lecturers","16","10","6","0","0","0","2","2","0","1","0","1","0","0","0","0","0","0","12","7","5","0","0","0","0","0","0","1","1","0","-2"
"196219","SUNY at Purchase College","2020","Tenured total","91","45","46","0","0","0","5","2","3","4","2","2","4","2","2","0","0","0","75","38","37","3","1","2","0","0","0","0","0","0","-2"
"196219","SUNY at Purchase College","2020","Tenured, professors","32","16","16","0","0","0","1","1","0","1","1","0","0","0","0","0","0","0","28","13","15","2","1","1","0","0","0","0","0","0","-2"
"196219","SUNY at Purchase College","2020","Tenured, associate professors","59","29","30","0","0","0","4","1","3","3","1","2","4","2","2","0","0","0","47","25","22","1","0","1","0","0","0","0","0","0","-2"
"196219","SUNY at Purchase College","2020","On-Tenure track total","54","28","26","0","0","0","5","1","4","4","3","1","5","4","1","0","0","0","38","18","20","1","1","0","0","0","0","1","1","0","-2"
"196219","SUNY at Purchase College","2020","On-tenure track, associate professors","4","3","1","0","0","0","1","1","0","0","0","0","0","0","0","0","0","0","3","2","1","0","0","0","0","0","0","0","0","0","-2"
"196219","SUNY at Purchase College","2020","On-tenure track, assistant professors","50","25","25","0","0","0","4","0","4","4","3","1","5","4","1","0","0","0","35","16","19","1","1","0","0","0","0","1","1","0","-2"
"196219","SUNY at Purchase College","2020","Not on tenure track/No tenure system system total","35","12","23","0","0","0","2","0","2","2","1","1","1","0","1","0","0","0","30","11","19","0","0","0","0","0","0","0","0","0","-2"
"196219","SUNY at Purchase College","2020","Not on tenure/no tenure system, associate professors","3","1","2","0","0","0","0","0","0","0","0","0","0","0","0","0","0","0","3","1","2","0","0","0","0","0","0","0","0","0","-2"
"196219","SUNY at Purchase College","2020","Not on tenure/no tenure system, assistant professors","28","9","19","0","0","0","2","0","2","2","1","1","1","0","1","0","0","0","23","8","15","0","0","0","0","0","0","0","0","0","-2"
"196219","SUNY at Purchase College","2020","Not on tenure/no tenure system, lecturers","4","2","2","0","0","0","0","0","0","0","0","0","0","0","0","0","0","0","4","2","2","0","0","0","0","0","0","0","0","0","-2"
"196237","SUNY College at Old Westbury","2020","Tenured total","91","46","45","0","0","0","18","6","12","12","8","4","9","8","1","0","0","0","51","24","27","1","0","1","0","0","0","0","0","0","-2"
"196237","SUNY College at Old Westbury","2020","Tenured, professors","25","11","14","0","0","0","5","2","3","2","2","0","4","4","0","0","0","0","14","3","11","0","0","0","0","0","0","0","0","0","-2"
"196237","SUNY College at Old Westbury","2020","Tenured, associate professors","65","34","31","0","0","0","13","4","9","10","6","4","5","4","1","0","0","0","36","20","16","1","0","1","0","0","0","0","0","0","-2"
"196237","SUNY College at Old Westbury","2020","Tenured, instructors","1","1","0","0","0","0","0","0","0","0","0","0","0","0","0","0","0","0","1","1","0","0","0","0","0","0","0","0","0","0","-2"
"196237","SUNY College at Old Westbury","2020","On-Tenure track total","55","24","31","1","1","0","9","3","6","5","3","2","6","1","5","0","0","0","33","15","18","0","0","0","0","0","0","1","1","0","-2"
"196237","SUNY College at Old Westbury","2020","On-tenure track, assistant professors","55","24","31","1","1","0","9","3","6","5","3","2","6","1","5","0","0","0","33","15","18","0","0","0","0","0","0","1","1","0","-2"
"196237","SUNY College at Old Westbury","2020","Not on tenure track/No tenure system system total","26","11","15","0","0","0","3","0","3","6","2","4","0","0","0","0","0","0","17","9","8","0","0","0","0","0","0","0","0","0","-2"
"196237","SUNY College at Old Westbury","2020","Not on tenure/no tenure system, lecturers","26","11","15","0","0","0","3","0","3","6","2","4","0","0","0","0","0","0","17","9","8","0","0","0","0","0","0","0","0","0","-2"
"207351","Oklahoma Panhandle State University","2020","Tenured total","9","6","3","0","0","0","1","0","1","0","0","0","0","0","0","0","0","0","7","6","1","1","0","1","0","0","0","0","0","0","-2"
"207351","Oklahoma Panhandle State University","2020","Tenured, professors","6","5","1","0","0","0","0","0","0","0","0","0","0","0","0","0","0","0","6","5","1","0","0","0","0","0","0","0","0","0","-2"
"207351","Oklahoma Panhandle State University","2020","Tenured, associate professors","3","1","2","0","0","0","1","0","1","0","0","0","0","0","0","0","0","0","1","1","0","1","0","1","0","0","0","0","0","0","-2"
"207351","Oklahoma Panhandle State University","2020","On-Tenure track total","19","11","8","1","1","0","0","0","0","0","0","0","0","0","0","0","0","0","17","9","8","1","1","0","0","0","0","0","0","0","-2"
"207351","Oklahoma Panhandle State University","2020","On-tenure track, associate professors","2","2","0","1","1","0","0","0","0","0","0","0","0","0","0","0","0","0","1","1","0","0","0","0","0","0","0","0","0","0","-2"
"207351","Oklahoma Panhandle State University","2020","On-tenure track, assistant professors","17","9","8","0","0","0","0","0","0","0","0","0","0","0","0","0","0","0","16","8","8","1","1","0","0","0","0","0","0","0","-2"
"207351","Oklahoma Panhandle State University","2020","Not on tenure track/No tenure system system total","15","8","7","0","0","0","0","0","0","0","0","0","2","2","0","0","0","0","12","5","7","1","1","0","0","0","0","0","0","0","-2"
"207351","Oklahoma Panhandle State University","2020","Not on tenure/no tenure system, instructors","14","7","7","0","0","0","0","0","0","0","0","0","2","2","0","0","0","0","11","4","7","1","1","0","0","0","0","0","0","0","-2"
"207351","Oklahoma Panhandle State University","2020","Not on tenure/no tenure system, lecturers","1","1","0","0","0","0","0","0","0","0","0","0","0","0","0","0","0","0","1","1","0","0","0","0","0","0","0","0","0","0","-2"
"210304","Warner Pacific University","2020","Not on tenure track/No tenure system system total","24","11","13","0","0","0","1","1","0","2","1","1","4","3","1","0","0","0","17","6","11","0","0","0","0","0","0","0","0","0","-2"
"210304","Warner Pacific University","2020","Not on tenure/no tenure system, professors","4","3","1","0","0","0","0","0","0","0","0","0","1","1","0","0","0","0","3","2","1","0","0","0","0","0","0","0","0","0","-2"
"210304","Warner Pacific University","2020","Not on tenure/no tenure system, associate professors","11","4","7","0","0","0","1","1","0","0","0","0","1","1","0","0","0","0","9","2","7","0","0","0","0","0","0","0","0","0","-2"
"210304","Warner Pacific University","2020","Not on tenure/no tenure system, assistant professors","7","3","4","0","0","0","0","0","0","1","1","0","2","1","1","0","0","0","4","1","3","0","0","0","0","0","0","0","0","0","-2"
"210304","Warner Pacific University","2020","Not on tenure/no tenure system, instructors","2","1","1","0","0","0","0","0","0","1","0","1","0","0","0","0","0","0","1","1","0","0","0","0","0","0","0","0","0","0","-2"
"222831","Angelo State University","2020","Tenured total","138","85","53","3","1","2","11","8","3","5","1","4","8","2","6","0","0","0","110","72","38","0","0","0","1","1","0","0","0","0","-2"
"222831","Angelo State University","2020","Tenured, professors","78","48","30","2","0","2","4","3","1","2","1","1","5","2","3","0","0","0","65","42","23","0","0","0","0","0","0","0","0","0","-2"
"222831","Angelo State University","2020","Tenured, associate professors","58","36","22","1","1","0","7","5","2","3","0","3","2","0","2","0","0","0","44","29","15","0","0","0","1","1","0","0","0","0","-2"
"222831","Angelo State University","2020","Tenured, assistant professors","2","1","1","0","0","0","0","0","0","0","0","0","1","0","1","0","0","0","1","1","0","0","0","0","0","0","0","0","0","0","-2"
"222831","Angelo State University","2020","On-Tenure track total","65","37","28","1","1","0","7","7","0","3","2","1","5","3","2","0","0","0","48","23","25","0","0","0","1","1","0","0","0","0","-2"
"222831","Angelo State University","2020","On-tenure track, assistant professors","65","37","28","1","1","0","7","7","0","3","2","1","5","3","2","0","0","0","48","23","25","0","0","0","1","1","0","0","0","0","-2"
"222831","Angelo State University","2020","Not on tenure track/No tenure system system total","106","43","63","3","0","3","1","0","1","1","0","1","16","9","7","0","0","0","83","32","51","0","0","0","2","2","0","0","0","0","-2"
"222831","Angelo State University","2020","Not on tenure/no tenure system, instructors","73","35","38","0","0","0","0","0","0","0","0","0","10","8","2","0","0","0","62","26","36","0","0","0","1","1","0","0","0","0","-2"
"222831","Angelo State University","2020","Not on tenure/no tenure system, lecturers","1","0","1","0","0","0","0","0","0","0","0","0","1","0","1","0","0","0","0","0","0","0","0","0","0","0","0","0","0","0","-2"
"222831","Angelo State University","2020","Not on tenure/no tenure system, no academic rank","32","8","24","3","0","3","1","0","1","1","0","1","5","1","4","0","0","0","21","6","15","0","0","0","1","1","0","0","0","0","-2"
"222992","Austin Community College District","2020","Not on tenure track/No tenure system system total","618","275","343","2","0","2","31","12","19","51","25","26","102","54","48","2","2","0","422","178","244","8","4","4","0","0","0","0","0","0","-2"
"222992","Austin Community College District","2020","Not on tenure/no tenure system, professors","329","160","169","2","0","2","17","7","10","29","18","11","53","28","25","1","1","0","224","105","119","3","1","2","0","0","0","0","0","0","-2"
"222992","Austin Community College District","2020","Not on tenure/no tenure system, associate professors","147","49","98","0","0","0","9","3","6","9","2","7","26","11","15","0","0","0","102","32","70","1","1","0","0","0","0","0","0","0","-2"
"222992","Austin Community College District","2020","Not on tenure/no tenure system, assistant professors","47","23","24","0","0","0","2","1","1","4","3","1","8","4","4","1","1","0","29","13","16","3","1","2","0","0","0","0","0","0","-2"
"222992","Austin Community College District","2020","Not on tenure/no tenure system, instructors","4","2","2","0","0","0","0","0","0","0","0","0","1","1","0","0","0","0","3","1","2","0","0","0","0","0","0","0","0","0","-2"
"222992","Austin Community College District","2020","Not on tenure/no tenure system, no academic rank","91","41","50","0","0","0","3","1","2","9","2","7","14","10","4","0","0","0","64","27","37","1","1","0","0","0","0","0","0","0","-2"
"224004","Concordia University Texas","2020","Not on tenure track/No tenure system system total","55","26","29","2","0","2","1","1","0","7","4","3","3","1","2","0","0","0","42","20","22","0","0","0","0","0","0","0","0","0","-2"
"224004","Concordia University Texas","2020","Not on tenure/no tenure system, professors","10","8","2","0","0","0","0","0","0","0","0","0","0","0","0","0","0","0","10","8","2","0","0","0","0","0","0","0","0","0","-2"
"224004","Concordia University Texas","2020","Not on tenure/no tenure system, associate professors","23","11","12","1","0","1","1","1","0","1","0","1","1","0","1","0","0","0","19","10","9","0","0","0","0","0","0","0","0","0","-2"
"224004","Concordia University Texas","2020","Not on tenure/no tenure system, assistant professors","18","6","12","1","0","1","0","0","0","5","3","2","2","1","1","0","0","0","10","2","8","0","0","0","0","0","0","0","0","0","-2"
"224004","Concordia University Texas","2020","Not on tenure/no tenure system, instructors","4","1","3","0","0","0","0","0","0","1","1","0","0","0","0","0","0","0","3","0","3","0","0","0","0","0","0","0","0","0","-2"
"225399","Houston Baptist University","2020","Not on tenure track/No tenure system system total","131","74","57","2","1","1","4","3","1","10","2","8","8","7","1","0","0","0","97","57","40","3","2","1","4","0","4","3","2","1","-2"
"225399","Houston Baptist University","2020","Not on tenure/no tenure system, professors","35","24","11","0","0","0","0","0","0","2","0","2","0","0","0","0","0","0","31","23","8","1","1","0","1","0","1","0","0","0","-2"
"225399","Houston Baptist University","2020","Not on tenure/no tenure system, associate professors","37","21","16","0","0","0","3","3","0","2","1","1","6","5","1","0","0","0","22","11","11","1","0","1","1","0","1","2","1","1","-2"
"225399","Houston Baptist University","2020","Not on tenure/no tenure system, assistant professors","58","29","29","2","1","1","0","0","0","6","1","5","2","2","0","0","0","0","44","23","21","1","1","0","2","0","2","1","1","0","-2"
"225399","Houston Baptist University","2020","Not on tenure/no tenure system, instructors","1","0","1","0","0","0","1","0","1","0","0","0","0","0","0","0","0","0","0","0","0","0","0","0","0","0","0","0","0","0","-2"
"225414","University of Houston-Clear Lake","2020","Tenured total","165","97","68","0","0","0","28","19","9","6","3","3","8","2","6","1","0","1","118","70","48","1","1","0","0","0","0","3","2","1","-2"
"225414","University of Houston-Clear Lake","2020","Tenured, professors","61","37","24","0","0","0","14","9","5","3","1","2","3","0","3","0","0","0","41","27","14","0","0","0","0","0","0","0","0","0","-2"
"225414","University of Houston-Clear Lake","2020","Tenured, associate professors","104","60","44","0","0","0","14","10","4","3","2","1","5","2","3","1","0","1","77","43","34","1","1","0","0","0","0","3","2","1","-2"
"225414","University of Houston-Clear Lake","2020","On-Tenure track total","59","30","29","0","0","0","16","11","5","5","1","4","8","1","7","0","0","0","20","11","9","1","0","1","1","1","0","8","5","3","-2"
"225414","University of Houston-Clear Lake","2020","On-tenure track, assistant professors","59","30","29","0","0","0","16","11","5","5","1","4","8","1","7","0","0","0","20","11","9","1","0","1","1","1","0","8","5","3","-2"
"225414","University of Houston-Clear Lake","2020","Not on tenure track/No tenure system system total","45","14","31","0","0","0","3","0","3","3","0","3","6","0","6","0","0","0","32","14","18","1","0","1","0","0","0","0","0","0","-2"
"225414","University of Houston-Clear Lake","2020","Not on tenure/no tenure system, lecturers","30","10","20","0","0","0","2","0","2","2","0","2","3","0","3","0","0","0","22","10","12","1","0","1","0","0","0","0","0","0","-2"
"225414","University of Houston-Clear Lake","2020","Not on tenure/no tenure system, no academic rank","15","4","11","0","0","0","1","0","1","1","0","1","3","0","3","0","0","0","10","4","6","0","0","0","0","0","0","0","0","0","-2"
"225432","University of Houston-Downtown","2020","Tenured total","168","98","70","1","0","1","36","25","11","12","5","7","13","8","5","0","0","0","100","56","44","4","2","2","0","0","0","2","2","0","-2"
"225432","University of Houston-Downtown","2020","Tenured, professors","63","43","20","0","0","0","15","11","4","5","2","3","4","4","0","0","0","0","38","25","13","1","1","0","0","0","0","0","0","0","-2"
"225432","University of Houston-Downtown","2020","Tenured, associate professors","105","55","50","1","0","1","21","14","7","7","3","4","9","4","5","0","0","0","62","31","31","3","1","2","0","0","0","2","2","0","-2"
"225432","University of Houston-Downtown","2020","On-Tenure track total","76","40","36","0","0","0","11","7","4","12","5","7","16","7","9","0","0","0","26","15","11","0","0","0","2","1","1","9","5","4","-2"
"225432","University of Houston-Downtown","2020","On-tenure track, professors","1","1","0","0","0","0","0","0","0","0","0","0","0","0","0","0","0","0","1","1","0","0","0","0","0","0","0","0","0","0","-2"
"225432","University of Houston-Downtown","2020","On-tenure track, associate professors","3","2","1","0","0","0","1","1","0","0","0","0","1","0","1","0","0","0","1","1","0","0","0","0","0","0","0","0","0","0","-2"
"225432","University of Houston-Downtown","2020","On-tenure track, assistant professors","71","37","34","0","0","0","10","6","4","12","5","7","15","7","8","0","0","0","23","13","10","0","0","0","2","1","1","9","5","4","-2"
"225432","University of Houston-Downtown","2020","On-tenure track, instructors","1","0","1","0","0","0","0","0","0","0","0","0","0","0","0","0","0","0","1","0","1","0","0","0","0","0","0","0","0","0","-2"
"225432","University of Houston-Downtown","2020","Not on tenure track/No tenure system system total","100","44","56","0","0","0","23","10","13","6","3","3","10","5","5","0","0","0","55","22","33","4","3","1","1","0","1","1","1","0","-2"
"225432","University of Houston-Downtown","2020","Not on tenure/no tenure system, lecturers","93","39","54","0","0","0","21","9","12","6","3","3","8","4","4","0","0","0","52","19","33","4","3","1","1","0","1","1","1","0","-2"
"225432","University of Houston-Downtown","2020","Not on tenure/no tenure system, no academic rank","7","5","2","0","0","0","2","1","1","0","0","0","2","1","1","0","0","0","3","3","0","0","0","0","0","0","0","0","0","0","-2"
"225548","Howard Payne University","2020","Tenured total","1","1","0","0","0","0","0","0","0","0","0","0","0","0","0","0","0","0","1","1","0","0","0","0","0","0","0","0","0","0","-2"
"225548","Howard Payne University","2020","Tenured, professors","1","1","0","0","0","0","0","0","0","0","0","0","0","0","0","0","0","0","1","1","0","0","0","0","0","0","0","0","0","0","-2"
"225548","Howard Payne University","2020","Not on tenure track/No tenure system system total","57","36","21","0","0","0","1","1","0","1","1","0","2","2","0","0","0","0","53","32","21","0","0","0","0","0","0","0","0","0","-2"
"225548","Howard Payne University","2020","Not on tenure/no tenure system, professors","19","15","4","0","0","0","1","1","0","0","0","0","1","1","0","0","0","0","17","13","4","0","0","0","0","0","0","0","0","0","-2"
"225548","Howard Payne University","2020","Not on tenure/no tenure system, associate professors","14","10","4","0","0","0","0","0","0","1","1","0","1","1","0","0","0","0","12","8","4","0","0","0","0","0","0","0","0","0","-2"
"225548","Howard Payne University","2020","Not on tenure/no tenure system, assistant professors","17","8","9","0","0","0","0","0","0","0","0","0","0","0","0","0","0","0","17","8","9","0","0","0","0","0","0","0","0","0","-2"
"225548","Howard Payne University","2020","Not on tenure/no tenure system, instructors","7","3","4","0","0","0","0","0","0","0","0","0","0","0","0","0","0","0","7","3","4","0","0","0","0","0","0","0","0","0","-2"
"225575","Huston-Tillotson University","2020","Tenured total","15","7","8","0","0","0","0","0","0","7","2","5","2","2","0","0","0","0","6","3","3","0","0","0","0","0","0","0","0","0","-2"
"225575","Huston-Tillotson University","2020","Tenured, professors","9","3","6","0","0","0","0","0","0","5","1","4","0","0","0","0","0","0","4","2","2","0","0","0","0","0","0","0","0","0","-2"
"225575","Huston-Tillotson University","2020","Tenured, associate professors","6","4","2","0","0","0","0","0","0","2","1","1","2","2","0","0","0","0","2","1","1","0","0","0","0","0","0","0","0","0","-2"
"225575","Huston-Tillotson University","2020","On-Tenure track total","22","11","11","0","0","0","3","1","2","10","4","6","6","4","2","0","0","0","3","2","1","0","0","0","0","0","0","0","0","0","-2"
"225575","Huston-Tillotson University","2020","On-tenure track, associate professors","7","1","6","0","0","0","2","0","2","5","1","4","0","0","0","0","0","0","0","0","0","0","0","0","0","0","0","0","0","0","-2"
"225575","Huston-Tillotson University","2020","On-tenure track, assistant professors","15","10","5","0","0","0","1","1","0","5","3","2","6","4","2","0","0","0","3","2","1","0","0","0","0","0","0","0","0","0","-2"
"225575","Huston-Tillotson University","2020","Not on tenure track/No tenure system system total","7","3","4","0","0","0","0","0","0","4","2","2","1","1","0","0","0","0","2","0","2","0","0","0","0","0","0","0","0","0","-2"
"225575","Huston-Tillotson University","2020","Not on tenure/no tenure system, professors","1","1","0","0","0","0","0","0","0","1","1","0","0","0","0","0","0","0","0","0","0","0","0","0","0","0","0","0","0","0","-2"
"225575","Huston-Tillotson University","2020","Not on tenure/no tenure system, instructors","3","0","3","0","0","0","0","0","0","1","0","1","0","0","0","0","0","0","2","0","2","0","0","0","0","0","0","0","0","0","-2"
"225575","Huston-Tillotson University","2020","Not on tenure/no tenure system, lecturers","3","2","1","0","0","0","0","0","0","2","1","1","1","1","0","0","0","0","0","0","0","0","0","0","0","0","0","0","0","0","-2"
"226152","Texas A & M International University","2020","Tenured total","65","46","19","0","0","0","16","11","5","1","1","0","20","14","6","0","0","0","27","19","8","1","1","0","0","0","0","0","0","0","-2"
"226152","Texas A & M International University","2020","Tenured, professors","27","22","5","0","0","0","8","7","1","1","1","0","9","9","0","0","0","0","9","5","4","0","0","0","0","0","0","0","0","0","-2"
"226152","Texas A & M International University","2020","Tenured, associate professors","37","23","14","0","0","0","8","4","4","0","0","0","11","5","6","0","0","0","17","13","4","1","1","0","0","0","0","0","0","0","-2"
"226152","Texas A & M International University","2020","Tenured, assistant professors","1","1","0","0","0","0","0","0","0","0","0","0","0","0","0","0","0","0","1","1","0","0","0","0","0","0","0","0","0","0","-2"
"226152","Texas A & M International University","2020","On-Tenure track total","86","50","36","0","0","0","15","6","9","2","2","0","15","8","7","0","0","0","36","22","14","0","0","0","3","2","1","15","10","5","-2"
"226152","Texas A & M International University","2020","On-tenure track, professors","1","1","0","0","0","0","0","0","0","0","0","0","0","0","0","0","0","0","1","1","0","0","0","0","0","0","0","0","0","0","-2"
"226152","Texas A & M International University","2020","On-tenure track, associate professors","18","8","10","0","0","0","5","1","4","1","1","0","4","1","3","0","0","0","7","4","3","0","0","0","0","0","0","1","1","0","-2"
"226152","Texas A & M International University","2020","On-tenure track, assistant professors","67","41","26","0","0","0","10","5","5","1","1","0","11","7","4","0","0","0","28","17","11","0","0","0","3","2","1","14","9","5","-2"
"226152","Texas A & M International University","2020","Not on tenure track/No tenure system system total","81","26","55","0","0","0","3","0","3","2","1","1","52","17","35","0","0","0","20","5","15","0","0","0","0","0","0","4","3","1","-2"
"226152","Texas A & M International University","2020","Not on tenure/no tenure system, professors","1","1","0","0","0","0","0","0","0","0","0","0","0","0","0","0","0","0","0","0","0","0","0","0","0","0","0","1","1","0","-2"
"226152","Texas A & M International University","2020","Not on tenure/no tenure system, associate professors","7","3","4","0","0","0","1","0","1","1","1","0","2","1","1","0","0","0","3","1","2","0","0","0","0","0","0","0","0","0","-2"
"226152","Texas A & M International University","2020","Not on tenure/no tenure system, assistant professors","40","8","32","0","0","0","2","0","2","0","0","0","28","6","22","0","0","0","9","2","7","0","0","0","0","0","0","1","0","1","-2"
"226152","Texas A & M International University","2020","Not on tenure/no tenure system, instructors","21","8","13","0","0","0","0","0","0","0","0","0","15","6","9","0","0","0","4","0","4","0","0","0","0","0","0","2","2","0","-2"
"226152","Texas A & M International University","2020","Not on tenure/no tenure system, lecturers","12","6","6","0","0","0","0","0","0","1","0","1","7","4","3","0","0","0","4","2","2","0","0","0","0","0","0","0","0","0","-2"
"226587","McMurry University","2020","Tenured total","42","29","13","0","0","0","1","0","1","0","0","0","3","1","2","0","0","0","38","28","10","0","0","0","0","0","0","0","0","0","-2"
"226587","McMurry University","2020","Tenured, professors","26","19","7","0","0","0","1","0","1","0","0","0","0","0","0","0","0","0","25","19","6","0","0","0","0","0","0","0","0","0","-2"
"226587","McMurry University","2020","Tenured, associate professors","16","10","6","0","0","0","0","0","0","0","0","0","3","1","2","0","0","0","13","9","4","0","0","0","0","0","0","0","0","0","-2"
"226587","McMurry University","2020","On-Tenure track total","12","9","3","0","0","0","0","0","0","1","1","0","1","1","0","0","0","0","10","7","3","0","0","0","0","0","0","0","0","0","-2"
"226587","McMurry University","2020","On-tenure track, assistant professors","11","9","2","0","0","0","0","0","0","1","1","0","1","1","0","0","0","0","9","7","2","0","0","0","0","0","0","0","0","0","-2"
"226587","McMurry University","2020","On-tenure track, instructors","1","0","1","0","0","0","0","0","0","0","0","0","0","0","0","0","0","0","1","0","1","0","0","0","0","0","0","0","0","0","-2"
"226587","McMurry University","2020","Not on tenure track/No tenure system system total","25","8","17","0","0","0","0","0","0","1","1","0","0","0","0","0","0","0","23","7","16","0","0","0","0","0","0","1","0","1","-2"
"226587","McMurry University","2020","Not on tenure/no tenure system, assistant professors","7","3","4","0","0","0","0","0","0","1","1","0","0","0","0","0","0","0","5","2","3","0","0","0","0","0","0","1","0","1","-2"
"226587","McMurry University","2020","Not on tenure/no tenure system, instructors","18","5","13","0","0","0","0","0","0","0","0","0","0","0","0","0","0","0","18","5","13","0","0","0","0","0","0","0","0","0","-2"
"226806","Midland College","2020","Not on tenure track/No tenure system system total","128","61","67","0","0","0","2","1","1","6","1","5","18","9","9","0","0","0","100","48","52","0","0","0","2","2","0","0","0","0","-2"
"226806","Midland College","2020","Not on tenure/no tenure system, professors","35","18","17","0","0","0","2","1","1","0","0","0","6","3","3","0","0","0","27","14","13","0","0","0","0","0","0","0","0","0","-2"
"226806","Midland College","2020","Not on tenure/no tenure system, associate professors","53","26","27","0","0","0","0","0","0","3","1","2","7","4","3","0","0","0","42","20","22","0","0","0","1","1","0","0","0","0","-2"
"226806","Midland College","2020","Not on tenure/no tenure system, assistant professors","13","7","6","0","0","0","0","0","0","1","0","1","2","1","1","0","0","0","9","5","4","0","0","0","1","1","0","0","0","0","-2"
"226806","Midland College","2020","Not on tenure/no tenure system, instructors","27","10","17","0","0","0","0","0","0","2","0","2","3","1","2","0","0","0","22","9","13","0","0","0","0","0","0","0","0","0","-2"
"227216","University of North Texas","2020","Tenured total","567","368","199","1","1","0","113","75","38","17","8","9","40","22","18","0","0","0","362","242","120","4","1","3","18","13","5","12","6","6","-2"
"227216","University of North Texas","2020","Tenured, professors","327","228","99","1","1","0","53","41","12","9","5","4","19","11","8","0","0","0","225","156","69","3","1","2","10","9","1","7","4","3","-2"
"227216","University of North Texas","2020","Tenured, associate professors","239","139","100","0","0","0","60","34","26","8","3","5","21","11","10","0","0","0","136","85","51","1","0","1","8","4","4","5","2","3","-2"
"227216","University of North Texas","2020","Tenured, assistant professors","1","1","0","0","0","0","0","0","0","0","0","0","0","0","0","0","0","0","1","1","0","0","0","0","0","0","0","0","0","0","-2"
"227216","University of North Texas","2020","On-Tenure track total","220","113","107","0","0","0","51","27","24","18","4","14","15","8","7","0","0","0","120","70","50","3","1","2","9","2","7","4","1","3","-2"
"227216","University of North Texas","2020","On-tenure track, associate professors","7","4","3","0","0","0","1","1","0","0","0","0","0","0","0","0","0","0","5","3","2","0","0","0","0","0","0","1","0","1","-2"
"227216","University of North Texas","2020","On-tenure track, assistant professors","213","109","104","0","0","0","50","26","24","18","4","14","15","8","7","0","0","0","115","67","48","3","1","2","9","2","7","3","1","2","-2"
"227216","University of North Texas","2020","Not on tenure track/No tenure system system total","340","141","199","0","0","0","34","12","22","23","11","12","24","9","15","1","0","1","237","100","137","8","2","6","5","2","3","8","5","3","-2"
"227216","University of North Texas","2020","Not on tenure/no tenure system, associate professors","1","1","0","0","0","0","0","0","0","0","0","0","0","0","0","0","0","0","1","1","0","0","0","0","0","0","0","0","0","0","-2"
"227216","University of North Texas","2020","Not on tenure/no tenure system, instructors","43","18","25","0","0","0","0","0","0","3","2","1","8","5","3","0","0","0","28","10","18","2","0","2","0","0","0","2","1","1","-2"
"227216","University of North Texas","2020","Not on tenure/no tenure system, lecturers","291","120","171","0","0","0","34","12","22","20","9","11","16","4","12","1","0","1","203","87","116","6","2","4","5","2","3","6","4","2","-2"
"227216","University of North Texas","2020","Not on tenure/no tenure system, no academic rank","5","2","3","0","0","0","0","0","0","0","0","0","0","0","0","0","0","0","5","2","3","0","0","0","0","0","0","0","0","0","-2"
"227331","Our Lady of the Lake University","2020","Tenured total","44","11","33","0","0","0","3","1","2","2","1","1","14","4","10","0","0","0","25","5","20","0","0","0","0","0","0","0","0","0","-2"
"227331","Our Lady of the Lake University","2020","Tenured, professors","27","7","20","0","0","0","1","1","0","1","0","1","6","2","4","0","0","0","19","4","15","0","0","0","0","0","0","0","0","0","-2"
"227331","Our Lady of the Lake University","2020","Tenured, associate professors","17","4","13","0","0","0","2","0","2","1","1","0","8","2","6","0","0","0","6","1","5","0","0","0","0","0","0","0","0","0","-2"
"227331","Our Lady of the Lake University","2020","On-Tenure track total","29","13","16","0","0","0","1","0","1","2","1","1","8","4","4","0","0","0","16","6","10","0","0","0","0","0","0","2","2","0","-2"
"227331","Our Lady of the Lake University","2020","On-tenure track, assistant professors","28","13","15","0","0","0","1","0","1","2","1","1","8","4","4","0","0","0","15","6","9","0","0","0","0","0","0","2","2","0","-2"
"227331","Our Lady of the Lake University","2020","On-tenure track, instructors","1","0","1","0","0","0","0","0","0","0","0","0","0","0","0","0","0","0","1","0","1","0","0","0","0","0","0","0","0","0","-2"
"227331","Our Lady of the Lake University","2020","Not on tenure track/No tenure system system total","32","16","16","0","0","0","1","1","0","1","1","0","10","3","7","0","0","0","20","11","9","0","0","0","0","0","0","0","0","0","-2"
"227331","Our Lady of the Lake University","2020","Not on tenure/no tenure system, professors","3","0","3","0","0","0","0","0","0","0","0","0","1","0","1","0","0","0","2","0","2","0","0","0","0","0","0","0","0","0","-2"
"227331","Our Lady of the Lake University","2020","Not on tenure/no tenure system, associate professors","10","5","5","0","0","0","0","0","0","0","0","0","4","1","3","0","0","0","6","4","2","0","0","0","0","0","0","0","0","0","-2"
"227331","Our Lady of the Lake University","2020","Not on tenure/no tenure system, assistant professors","19","11","8","0","0","0","1","1","0","1","1","0","5","2","3","0","0","0","12","7","5","0","0","0","0","0","0","0","0","0","-2"
"227368","The University of Texas Rio Grande Valley","2020","Tenured total","516","350","166","1","0","1","102","74","28","18","13","5","130","68","62","0","0","0","234","172","62","0","0","0","25","19","6","6","4","2","-2"
"227368","The University of Texas Rio Grande Valley","2020","Tenured, professors","264","192","72","1","0","1","54","43","11","7","6","1","55","29","26","0","0","0","129","100","29","0","0","0","17","13","4","1","1","0","-2"
"227368","The University of Texas Rio Grande Valley","2020","Tenured, associate professors","252","158","94","0","0","0","48","31","17","11","7","4","75","39","36","0","0","0","105","72","33","0","0","0","8","6","2","5","3","2","-2"
"227368","The University of Texas Rio Grande Valley","2020","On-Tenure track total","178","97","81","0","0","0","29","17","12","4","4","0","44","22","22","0","0","0","60","28","32","2","1","1","3","2","1","36","23","13","-2"
"227368","The University of Texas Rio Grande Valley","2020","On-tenure track, assistant professors","178","97","81","0","0","0","29","17","12","4","4","0","44","22","22","0","0","0","60","28","32","2","1","1","3","2","1","36","23","13","-2"
"227368","The University of Texas Rio Grande Valley","2020","Not on tenure track/No tenure system system total","641","295","346","3","1","2","54","22","32","21","8","13","328","143","185","0","0","0","175","82","93","2","0","2","17","9","8","41","30","11","-2"
"227368","The University of Texas Rio Grande Valley","2020","Not on tenure/no tenure system, professors","5","4","1","0","0","0","1","1","0","0","0","0","0","0","0","0","0","0","4","3","1","0","0","0","0","0","0","0","0","0","-2"
"227368","The University of Texas Rio Grande Valley","2020","Not on tenure/no tenure system, associate professors","18","13","5","0","0","0","5","4","1","1","1","0","2","2","0","0","0","0","8","4","4","0","0","0","0","0","0","2","2","0","-2"
"227368","The University of Texas Rio Grande Valley","2020","Not on tenure/no tenure system, assistant professors","83","45","38","0","0","0","5","4","1","3","1","2","35","17","18","0","0","0","22","12","10","1","0","1","5","3","2","12","8","4","-2"
"227368","The University of Texas Rio Grande Valley","2020","Not on tenure/no tenure system, instructors","1","0","1","0","0","0","0","0","0","1","0","1","0","0","0","0","0","0","0","0","0","0","0","0","0","0","0","0","0","0","-2"
"227368","The University of Texas Rio Grande Valley","2020","Not on tenure/no tenure system, lecturers","534","233","301","3","1","2","43","13","30","16","6","10","291","124","167","0","0","0","141","63","78","1","0","1","12","6","6","27","20","7","-2"
"227845","Saint Edward's University","2020","Tenured total","84","35","49","0","0","0","3","1","2","2","0","2","9","2","7","0","0","0","69","32","37","1","0","1","0","0","0","0","0","0","-2"
"227845","Saint Edward's University","2020","Tenured, professors","41","20","21","0","0","0","1","1","0","1","0","1","3","0","3","0","0","0","36","19","17","0","0","0","0","0","0","0","0","0","-2"
"227845","Saint Edward's University","2020","Tenured, associate professors","43","15","28","0","0","0","2","0","2","1","0","1","6","2","4","0","0","0","33","13","20","1","0","1","0","0","0","0","0","0","-2"
"227845","Saint Edward's University","2020","On-Tenure track total","65","33","32","0","0","0","9","7","2","2","1","1","2","0","2","0","0","0","51","25","26","1","0","1","0","0","0","0","0","0","-2"
"227845","Saint Edward's University","2020","On-tenure track, professors","1","0","1","0","0","0","0","0","0","0","0","0","0","0","0","0","0","0","1","0","1","0","0","0","0","0","0","0","0","0","-2"
"227845","Saint Edward's University","2020","On-tenure track, associate professors","19","8","11","0","0","0","3","2","1","1","0","1","0","0","0","0","0","0","15","6","9","0","0","0","0","0","0","0","0","0","-2"
"227845","Saint Edward's University","2020","On-tenure track, assistant professors","45","25","20","0","0","0","6","5","1","1","1","0","2","0","2","0","0","0","35","19","16","1","0","1","0","0","0","0","0","0","-2"
"227845","Saint Edward's University","2020","Not on tenure track/No tenure system system total","13","6","7","0","0","0","2","1","1","0","0","0","1","1","0","0","0","0","10","4","6","0","0","0","0","0","0","0","0","0","-2"
"227845","Saint Edward's University","2020","Not on tenure/no tenure system, assistant professors","6","4","2","0","0","0","1","1","0","0","0","0","1","1","0","0","0","0","4","2","2","0","0","0","0","0","0","0","0","0","-2"
"227845","Saint Edward's University","2020","Not on tenure/no tenure system, instructors","4","2","2","0","0","0","1","0","1","0","0","0","0","0","0","0","0","0","3","2","1","0","0","0","0","0","0","0","0","0","-2"
"227845","Saint Edward's University","2020","Not on tenure/no tenure system, lecturers","3","0","3","0","0","0","0","0","0","0","0","0","0","0","0","0","0","0","3","0","3","0","0","0","0","0","0","0","0","0","-2"
"227863","University of St Thomas","2020","Tenured total","71","43","28","0","0","0","5","3","2","2","2","0","12","6","6","0","0","0","48","29","19","3","3","0","1","0","1","0","0","0","-2"
"227863","University of St Thomas","2020","Tenured, professors","24","15","9","0","0","0","3","1","2","0","0","0","2","1","1","0","0","0","19","13","6","0","0","0","0","0","0","0","0","0","-2"
"227863","University of St Thomas","2020","Tenured, associate professors","44","27","17","0","0","0","2","2","0","2","2","0","8","4","4","0","0","0","28","16","12","3","3","0","1","0","1","0","0","0","-2"
"227863","University of St Thomas","2020","Tenured, assistant professors","3","1","2","0","0","0","0","0","0","0","0","0","2","1","1","0","0","0","1","0","1","0","0","0","0","0","0","0","0","0","-2"
"227863","University of St Thomas","2020","On-Tenure track total","13","9","4","0","0","0","5","2","3","1","1","0","2","2","0","0","0","0","4","4","0","0","0","0","1","0","1","0","0","0","-2"
"227863","University of St Thomas","2020","On-tenure track, assistant professors","13","9","4","0","0","0","5","2","3","1","1","0","2","2","0","0","0","0","4","4","0","0","0","0","1","0","1","0","0","0","-2"
"227863","University of St Thomas","2020","Not on tenure track/No tenure system system total","45","18","27","0","0","0","3","0","3","9","1","8","6","2","4","0","0","0","27","15","12","0","0","0","0","0","0","0","0","0","-2"
"227863","University of St Thomas","2020","Not on tenure/no tenure system, professors","3","0","3","0","0","0","0","0","0","2","0","2","0","0","0","0","0","0","1","0","1","0","0","0","0","0","0","0","0","0","-2"
"227863","University of St Thomas","2020","Not on tenure/no tenure system, associate professors","2","2","0","0","0","0","0","0","0","0","0","0","0","0","0","0","0","0","2","2","0","0","0","0","0","0","0","0","0","0","-2"
"227863","University of St Thomas","2020","Not on tenure/no tenure system, assistant professors","27","11","16","0","0","0","2","0","2","3","0","3","4","1","3","0","0","0","18","10","8","0","0","0","0","0","0","0","0","0","-2"
"227863","University of St Thomas","2020","Not on tenure/no tenure system, instructors","12","5","7","0","0","0","1","0","1","4","1","3","2","1","1","0","0","0","5","3","2","0","0","0","0","0","0","0","0","0","-2"
"227863","University of St Thomas","2020","Not on tenure/no tenure system, no academic rank","1","0","1","0","0","0","0","0","0","0","0","0","0","0","0","0","0","0","1","0","1","0","0","0","0","0","0","0","0","0","-2"
"228042","Schreiner University","2020","Tenured total","15","8","7","0","0","0","0","0","0","0","0","0","0","0","0","0","0","0","15","8","7","0","0","0","0","0","0","0","0","0","-2"
"228042","Schreiner University","2020","Tenured, professors","9","5","4","0","0","0","0","0","0","0","0","0","0","0","0","0","0","0","9","5","4","0","0","0","0","0","0","0","0","0","-2"
"228042","Schreiner University","2020","Tenured, associate professors","6","3","3","0","0","0","0","0","0","0","0","0","0","0","0","0","0","0","6","3","3","0","0","0","0","0","0","0","0","0","-2"
"228042","Schreiner University","2020","On-Tenure track total","24","17","7","0","0","0","0","0","0","0","0","0","4","4","0","0","0","0","19","12","7","0","0","0","1","1","0","0","0","0","-2"
"228042","Schreiner University","2020","On-tenure track, associate professors","9","4","5","0","0","0","0","0","0","0","0","0","1","1","0","0","0","0","8","3","5","0","0","0","0","0","0","0","0","0","-2"
"228042","Schreiner University","2020","On-tenure track, assistant professors","15","13","2","0","0","0","0","0","0","0","0","0","3","3","0","0","0","0","11","9","2","0","0","0","1","1","0","0","0","0","-2"
"228042","Schreiner University","2020","Not on tenure track/No tenure system system total","22","8","14","0","0","0","0","0","0","1","0","1","4","3","1","0","0","0","15","5","10","0","0","0","2","0","2","0","0","0","-2"
"228042","Schreiner University","2020","Not on tenure/no tenure system, professors","1","0","1","0","0","0","0","0","0","0","0","0","0","0","0","0","0","0","1","0","1","0","0","0","0","0","0","0","0","0","-2"
"228042","Schreiner University","2020","Not on tenure/no tenure system, assistant professors","8","5","3","0","0","0","0","0","0","0","0","0","2","2","0","0","0","0","6","3","3","0","0","0","0","0","0","0","0","0","-2"
"228042","Schreiner University","2020","Not on tenure/no tenure system, instructors","13","3","10","0","0","0","0","0","0","1","0","1","2","1","1","0","0","0","8","2","6","0","0","0","2","0","2","0","0","0","-2"
"228149","St. Mary's University","2020","Tenured total","136","95","41","2","2","0","12","11","1","5","4","1","17","13","4","1","1","0","97","62","35","0","0","0","1","1","0","1","1","0","-2"
"228149","St. Mary's University","2020","Tenured, professors","83","61","22","0","0","0","9","9","0","3","3","0","8","5","3","1","1","0","61","42","19","0","0","0","1","1","0","0","0","0","-2"
"228149","St. Mary's University","2020","Tenured, associate professors","51","32","19","2","2","0","3","2","1","2","1","1","9","8","1","0","0","0","34","18","16","0","0","0","0","0","0","1","1","0","-2"
"228149","St. Mary's University","2020","Tenured, assistant professors","2","2","0","0","0","0","0","0","0","0","0","0","0","0","0","0","0","0","2","2","0","0","0","0","0","0","0","0","0","0","-2"
"228149","St. Mary's University","2020","On-Tenure track total","29","12","17","0","0","0","2","0","2","3","1","2","3","2","1","0","0","0","15","6","9","0","0","0","0","0","0","6","3","3","-2"
"228149","St. Mary's University","2020","On-tenure track, associate professors","2","1","1","0","0","0","0","0","0","0","0","0","0","0","0","0","0","0","2","1","1","0","0","0","0","0","0","0","0","0","-2"
"228149","St. Mary's University","2020","On-tenure track, assistant professors","27","11","16","0","0","0","2","0","2","3","1","2","3","2","1","0","0","0","13","5","8","0","0","0","0","0","0","6","3","3","-2"
"228149","St. Mary's University","2020","Not on tenure track/No tenure system system total","44","18","26","0","0","0","0","0","0","2","2","0","11","5","6","0","0","0","30","11","19","0","0","0","1","0","1","0","0","0","-2"
"228149","St. Mary's University","2020","Not on tenure/no tenure system, professors","10","3","7","0","0","0","0","0","0","0","0","0","3","2","1","0","0","0","7","1","6","0","0","0","0","0","0","0","0","0","-2"
"228149","St. Mary's University","2020","Not on tenure/no tenure system, associate professors","1","1","0","0","0","0","0","0","0","0","0","0","0","0","0","0","0","0","1","1","0","0","0","0","0","0","0","0","0","0","-2"
"228149","St. Mary's University","2020","Not on tenure/no tenure system, assistant professors","8","4","4","0","0","0","0","0","0","0","0","0","1","1","0","0","0","0","6","3","3","0","0","0","1","0","1","0","0","0","-2"
"228149","St. Mary's University","2020","Not on tenure/no tenure system, instructors","21","10","11","0","0","0","0","0","0","2","2","0","5","2","3","0","0","0","14","6","8","0","0","0","0","0","0","0","0","0","-2"
"228149","St. Mary's University","2020","Not on tenure/no tenure system, lecturers","4","0","4","0","0","0","0","0","0","0","0","0","2","0","2","0","0","0","2","0","2","0","0","0","0","0","0","0","0","0","-2"
"228468","Southwestern Adventist University","2020","Not on tenure track/No tenure system system total","44","27","17","0","0","0","4","3","1","5","4","1","7","4","3","0","0","0","28","16","12","0","0","0","0","0","0","0","0","0","-2"
"228468","Southwestern Adventist University","2020","Not on tenure/no tenure system, professors","12","11","1","0","0","0","1","1","0","2","2","0","1","1","0","0","0","0","8","7","1","0","0","0","0","0","0","0","0","0","-2"
"228468","Southwestern Adventist University","2020","Not on tenure/no tenure system, associate professors","13","8","5","0","0","0","3","2","1","1","1","0","3","2","1","0","0","0","6","3","3","0","0","0","0","0","0","0","0","0","-2"
"228468","Southwestern Adventist University","2020","Not on tenure/no tenure system, assistant professors","19","8","11","0","0","0","0","0","0","2","1","1","3","1","2","0","0","0","14","6","8","0","0","0","0","0","0","0","0","0","-2"
"228501","Sul Ross State University","2020","Tenured total","37","23","14","0","0","0","1","1","0","0","0","0","8","5","3","0","0","0","26","16","10","0","0","0","0","0","0","2","1","1","-2"
"228501","Sul Ross State University","2020","Tenured, professors","27","17","10","0","0","0","1","1","0","0","0","0","5","2","3","0","0","0","20","14","6","0","0","0","0","0","0","1","0","1","-2"
"228501","Sul Ross State University","2020","Tenured, associate professors","10","6","4","0","0","0","0","0","0","0","0","0","3","3","0","0","0","0","6","2","4","0","0","0","0","0","0","1","1","0","-2"
"228501","Sul Ross State University","2020","On-Tenure track total","47","29","18","0","0","0","2","2","0","3","3","0","12","5","7","0","0","0","22","11","11","0","0","0","2","2","0","6","6","0","-2"
"228501","Sul Ross State University","2020","On-tenure track, associate professors","7","5","2","0","0","0","0","0","0","1","1","0","1","1","0","0","0","0","3","1","2","0","0","0","1","1","0","1","1","0","-2"
"228501","Sul Ross State University","2020","On-tenure track, assistant professors","34","22","12","0","0","0","2","2","0","2","2","0","10","4","6","0","0","0","14","8","6","0","0","0","1","1","0","5","5","0","-2"
"228501","Sul Ross State University","2020","On-tenure track, instructors","4","1","3","0","0","0","0","0","0","0","0","0","1","0","1","0","0","0","3","1","2","0","0","0","0","0","0","0","0","0","-2"
"228501","Sul Ross State University","2020","On-tenure track, lecturers","1","1","0","0","0","0","0","0","0","0","0","0","0","0","0","0","0","0","1","1","0","0","0","0","0","0","0","0","0","0","-2"
"228501","Sul Ross State University","2020","On-tenure track, no academic rank","1","0","1","0","0","0","0","0","0","0","0","0","0","0","0","0","0","0","1","0","1","0","0","0","0","0","0","0","0","0","-2"
"228501","Sul Ross State University","2020","Not on tenure track/No tenure system system total","24","8","16","0","0","0","0","0","0","1","0","1","8","2","6","0","0","0","14","6","8","0","0","0","0","0","0","1","0","1","-2"
"228501","Sul Ross State University","2020","Not on tenure/no tenure system, assistant professors","4","1","3","0","0","0","0","0","0","1","0","1","1","0","1","0","0","0","2","1","1","0","0","0","0","0","0","0","0","0","-2"
"228501","Sul Ross State University","2020","Not on tenure/no tenure system, lecturers","17","6","11","0","0","0","0","0","0","0","0","0","6","2","4","0","0","0","10","4","6","0","0","0","0","0","0","1","0","1","-2"
"228501","Sul Ross State University","2020","Not on tenure/no tenure system, no academic rank","3","1","2","0","0","0","0","0","0","0","0","0","1","0","1","0","0","0","2","1","1","0","0","0","0","0","0","0","0","0","-2"
"228644","The University of Texas Health Science Center at San Antonio","2020","Tenured total","195","131","64","0","0","0","46","28","18","6","6","0","19","8","11","0","0","0","122","87","35","0","0","0","2","2","0","0","0","0","-2"
"228644","The University of Texas Health Science Center at San Antonio","2020","Tenured, professors","133","99","34","0","0","0","30","24","6","3","3","0","14","8","6","0","0","0","84","62","22","0","0","0","2","2","0","0","0","0","-2"
"228644","The University of Texas Health Science Center at San Antonio","2020","Tenured, associate professors","62","32","30","0","0","0","16","4","12","3","3","0","5","0","5","0","0","0","38","25","13","0","0","0","0","0","0","0","0","0","-2"
"228644","The University of Texas Health Science Center at San Antonio","2020","On-Tenure track total","64","31","33","0","0","0","25","16","9","1","0","1","9","3","6","0","0","0","25","11","14","0","0","0","4","1","3","0","0","0","-2"
"228644","The University of Texas Health Science Center at San Antonio","2020","On-tenure track, professors","2","1","1","0","0","0","0","0","0","0","0","0","0","0","0","0","0","0","2","1","1","0","0","0","0","0","0","0","0","0","-2"
"228644","The University of Texas Health Science Center at San Antonio","2020","On-tenure track, associate professors","13","9","4","0","0","0","5","5","0","0","0","0","0","0","0","0","0","0","7","4","3","0","0","0","1","0","1","0","0","0","-2"
"228644","The University of Texas Health Science Center at San Antonio","2020","On-tenure track, assistant professors","49","21","28","0","0","0","20","11","9","1","0","1","9","3","6","0","0","0","16","6","10","0","0","0","3","1","2","0","0","0","-2"
"228644","The University of Texas Health Science Center at San Antonio","2020","Not on tenure track/No tenure system system total","517","236","281","1","0","1","87","40","47","17","3","14","109","42","67","2","0","2","277","139","138","0","0","0","24","12","12","0","0","0","-2"
"228644","The University of Texas Health Science Center at San Antonio","2020","Not on tenure/no tenure system, professors","60","43","17","0","0","0","9","9","0","2","1","1","4","2","2","0","0","0","45","31","14","0","0","0","0","0","0","0","0","0","-2"
"228644","The University of Texas Health Science Center at San Antonio","2020","Not on tenure/no tenure system, associate professors","132","72","60","0","0","0","25","11","14","3","0","3","24","12","12","1","0","1","77","49","28","0","0","0","2","0","2","0","0","0","-2"
"228644","The University of Texas Health Science Center at San Antonio","2020","Not on tenure/no tenure system, assistant professors","278","105","173","1","0","1","48","19","29","10","1","9","69","25","44","1","0","1","129","49","80","0","0","0","20","11","9","0","0","0","-2"
"228644","The University of Texas Health Science Center at San Antonio","2020","Not on tenure/no tenure system, instructors","14","7","7","0","0","0","0","0","0","0","0","0","3","1","2","0","0","0","11","6","5","0","0","0","0","0","0","0","0","0","-2"
"228644","The University of Texas Health Science Center at San Antonio","2020","Not on tenure/no tenure system, lecturers","1","0","1","0","0","0","0","0","0","0","0","0","0","0","0","0","0","0","1","0","1","0","0","0","0","0","0","0","0","0","-2"
"228644","The University of Texas Health Science Center at San Antonio","2020","Not on tenure/no tenure system, no academic rank","32","9","23","0","0","0","5","1","4","2","1","1","9","2","7","0","0","0","14","4","10","0","0","0","2","1","1","0","0","0","-2"
"228705","Texas A & M University-Kingsville","2020","Tenured total","187","131","56","3","3","0","31","24","7","5","5","0","30","19","11","0","0","0","109","77","32","1","0","1","2","1","1","6","2","4","-2"
"228705","Texas A & M University-Kingsville","2020","Tenured, professors","98","75","23","1","1","0","19","16","3","3","3","0","15","10","5","0","0","0","58","45","13","1","0","1","0","0","0","1","0","1","-2"
"228705","Texas A & M University-Kingsville","2020","Tenured, associate professors","88","56","32","2","2","0","12","8","4","2","2","0","15","9","6","0","0","0","50","32","18","0","0","0","2","1","1","5","2","3","-2"
"228705","Texas A & M University-Kingsville","2020","Tenured, assistant professors","1","0","1","0","0","0","0","0","0","0","0","0","0","0","0","0","0","0","1","0","1","0","0","0","0","0","0","0","0","0","-2"
"228705","Texas A & M University-Kingsville","2020","On-Tenure track total","76","52","24","0","0","0","23","15","8","2","1","1","10","4","6","0","0","0","26","17","9","1","1","0","4","4","0","10","10","0","-2"
"228705","Texas A & M University-Kingsville","2020","On-tenure track, associate professors","6","5","1","0","0","0","1","1","0","0","0","0","2","2","0","0","0","0","2","1","1","0","0","0","1","1","0","0","0","0","-2"
"228705","Texas A & M University-Kingsville","2020","On-tenure track, assistant professors","70","47","23","0","0","0","22","14","8","2","1","1","8","2","6","0","0","0","24","16","8","1","1","0","3","3","0","10","10","0","-2"
"228705","Texas A & M University-Kingsville","2020","Not on tenure track/No tenure system system total","78","36","42","1","1","0","8","6","2","1","1","0","20","8","12","0","0","0","34","10","24","1","1","0","6","4","2","7","5","2","-2"
"228705","Texas A & M University-Kingsville","2020","Not on tenure/no tenure system, professors","3","3","0","0","0","0","1","1","0","0","0","0","2","2","0","0","0","0","0","0","0","0","0","0","0","0","0","0","0","0","-2"
"228705","Texas A & M University-Kingsville","2020","Not on tenure/no tenure system, associate professors","1","0","1","0","0","0","0","0","0","0","0","0","0","0","0","0","0","0","1","0","1","0","0","0","0","0","0","0","0","0","-2"
"228705","Texas A & M University-Kingsville","2020","Not on tenure/no tenure system, assistant professors","26","14","12","0","0","0","2","2","0","0","0","0","5","2","3","0","0","0","13","5","8","0","0","0","2","2","0","4","3","1","-2"
"228705","Texas A & M University-Kingsville","2020","Not on tenure/no tenure system, instructors","3","0","3","0","0","0","1","0","1","0","0","0","0","0","0","0","0","0","0","0","0","0","0","0","2","0","2","0","0","0","-2"
"228705","Texas A & M University-Kingsville","2020","Not on tenure/no tenure system, lecturers","35","15","20","1","1","0","4","3","1","0","0","0","9","3","6","0","0","0","16","4","12","0","0","0","2","2","0","3","2","1","-2"
"228705","Texas A & M University-Kingsville","2020","Not on tenure/no tenure system, no academic rank","10","4","6","0","0","0","0","0","0","1","1","0","4","1","3","0","0","0","4","1","3","1","1","0","0","0","0","0","0","0","-2"
"228981","Texas Lutheran University","2020","Tenured total","52","28","24","0","0","0","1","0","1","0","0","0","2","1","1","0","0","0","48","27","21","0","0","0","1","0","1","0","0","0","-2"
"228981","Texas Lutheran University","2020","Tenured, professors","24","14","10","0","0","0","0","0","0","0","0","0","0","0","0","0","0","0","24","14","10","0","0","0","0","0","0","0","0","0","-2"
"228981","Texas Lutheran University","2020","Tenured, associate professors","27","13","14","0","0","0","1","0","1","0","0","0","2","1","1","0","0","0","23","12","11","0","0","0","1","0","1","0","0","0","-2"
"228981","Texas Lutheran University","2020","Tenured, assistant professors","1","1","0","0","0","0","0","0","0","0","0","0","0","0","0","0","0","0","1","1","0","0","0","0","0","0","0","0","0","0","-2"
"228981","Texas Lutheran University","2020","On-Tenure track total","19","4","15","0","0","0","1","0","1","0","0","0","3","0","3","0","0","0","14","3","11","0","0","0","0","0","0","1","1","0","-2"
"228981","Texas Lutheran University","2020","On-tenure track, associate professors","1","0","1","0","0","0","0","0","0","0","0","0","0","0","0","0","0","0","1","0","1","0","0","0","0","0","0","0","0","0","-2"
"228981","Texas Lutheran University","2020","On-tenure track, assistant professors","15","4","11","0","0","0","1","0","1","0","0","0","2","0","2","0","0","0","11","3","8","0","0","0","0","0","0","1","1","0","-2"
"228981","Texas Lutheran University","2020","On-tenure track, instructors","3","0","3","0","0","0","0","0","0","0","0","0","1","0","1","0","0","0","2","0","2","0","0","0","0","0","0","0","0","0","-2"
"228981","Texas Lutheran University","2020","Not on tenure track/No tenure system system total","13","5","8","0","0","0","0","0","0","0","0","0","4","1","3","0","0","0","7","2","5","0","0","0","1","1","0","1","1","0","-2"
"228981","Texas Lutheran University","2020","Not on tenure/no tenure system, assistant professors","5","4","1","0","0","0","0","0","0","0","0","0","1","1","0","0","0","0","2","1","1","0","0","0","1","1","0","1","1","0","-2"
"228981","Texas Lutheran University","2020","Not on tenure/no tenure system, lecturers","5","1","4","0","0","0","0","0","0","0","0","0","1","0","1","0","0","0","4","1","3","0","0","0","0","0","0","0","0","0","-2"
"228981","Texas Lutheran University","2020","Not on tenure/no tenure system, no academic rank","3","0","3","0","0","0","0","0","0","0","0","0","2","0","2","0","0","0","1","0","1","0","0","0","0","0","0","0","0","0","-2"
"229018","The University of Texas Permian Basin","2020","Tenured total","62","44","18","0","0","0","8","6","2","1","0","1","7","2","5","0","0","0","45","35","10","0","0","0","0","0","0","1","1","0","-2"
"229018","The University of Texas Permian Basin","2020","Tenured, professors","27","20","7","0","0","0","5","3","2","1","0","1","1","1","0","0","0","0","20","16","4","0","0","0","0","0","0","0","0","0","-2"
"229018","The University of Texas Permian Basin","2020","Tenured, associate professors","35","24","11","0","0","0","3","3","0","0","0","0","6","1","5","0","0","0","25","19","6","0","0","0","0","0","0","1","1","0","-2"
"229018","The University of Texas Permian Basin","2020","On-Tenure track total","58","38","20","0","0","0","11","8","3","3","1","2","4","3","1","0","0","0","26","16","10","0","0","0","0","0","0","14","10","4","-2"
"229018","The University of Texas Permian Basin","2020","On-tenure track, professors","2","2","0","0","0","0","1","1","0","0","0","0","0","0","0","0","0","0","1","1","0","0","0","0","0","0","0","0","0","0","-2"
"229018","The University of Texas Permian Basin","2020","On-tenure track, associate professors","4","4","0","0","0","0","1","1","0","1","1","0","0","0","0","0","0","0","2","2","0","0","0","0","0","0","0","0","0","0","-2"
"229018","The University of Texas Permian Basin","2020","On-tenure track, assistant professors","52","32","20","0","0","0","9","6","3","2","0","2","4","3","1","0","0","0","23","13","10","0","0","0","0","0","0","14","10","4","-2"
"229018","The University of Texas Permian Basin","2020","Not on tenure track/No tenure system system total","46","16","30","0","0","0","2","0","2","2","1","1","5","1","4","0","0","0","33","12","21","0","0","0","0","0","0","4","2","2","-2"
"229018","The University of Texas Permian Basin","2020","Not on tenure/no tenure system, assistant professors","1","0","1","0","0","0","0","0","0","0","0","0","0","0","0","0","0","0","0","0","0","0","0","0","0","0","0","1","0","1","-2"
"229018","The University of Texas Permian Basin","2020","Not on tenure/no tenure system, lecturers","45","16","29","0","0","0","2","0","2","2","1","1","5","1","4","0","0","0","33","12","21","0","0","0","0","0","0","3","2","1","-2"
"229027","The University of Texas at San Antonio","2020","Tenured total","456","313","143","2","2","0","98","78","20","16","11","5","71","41","30","0","0","0","252","170","82","1","1","0","12","7","5","4","3","1","-2"
"229027","The University of Texas at San Antonio","2020","Tenured, professors","253","189","64","1","1","0","64","55","9","10","6","4","40","25","15","0","0","0","133","98","35","0","0","0","5","4","1","0","0","0","-2"
"229027","The University of Texas at San Antonio","2020","Tenured, associate professors","203","124","79","1","1","0","34","23","11","6","5","1","31","16","15","0","0","0","119","72","47","1","1","0","7","3","4","4","3","1","-2"
"229027","The University of Texas at San Antonio","2020","On-Tenure track total","189","102","87","0","0","0","31","18","13","4","2","2","39","19","20","0","0","0","75","42","33","2","0","2","17","7","10","21","14","7","-2"
"229027","The University of Texas at San Antonio","2020","On-tenure track, associate professors","8","7","1","0","0","0","0","0","0","1","1","0","0","0","0","0","0","0","6","6","0","0","0","0","0","0","0","1","0","1","-2"
"229027","The University of Texas at San Antonio","2020","On-tenure track, assistant professors","181","95","86","0","0","0","31","18","13","3","1","2","39","19","20","0","0","0","69","36","33","2","0","2","17","7","10","20","14","6","-2"
"229027","The University of Texas at San Antonio","2020","Not on tenure track/No tenure system system total","313","153","160","0","0","0","29","13","16","10","5","5","70","38","32","0","0","0","172","80","92","6","1","5","17","8","9","9","8","1","-2"
"229027","The University of Texas at San Antonio","2020","Not on tenure/no tenure system, professors","6","3","3","0","0","0","0","0","0","0","0","0","1","0","1","0","0","0","5","3","2","0","0","0","0","0","0","0","0","0","-2"
"229027","The University of Texas at San Antonio","2020","Not on tenure/no tenure system, associate professors","16","12","4","0","0","0","4","2","2","0","0","0","3","2","1","0","0","0","9","8","1","0","0","0","0","0","0","0","0","0","-2"
"229027","The University of Texas at San Antonio","2020","Not on tenure/no tenure system, assistant professors","51","29","22","0","0","0","7","3","4","2","0","2","10","3","7","0","0","0","22","13","9","1","1","0","3","3","0","6","6","0","-2"
"229027","The University of Texas at San Antonio","2020","Not on tenure/no tenure system, lecturers","236","108","128","0","0","0","17","8","9","8","5","3","54","32","22","0","0","0","135","56","79","5","0","5","14","5","9","3","2","1","-2"
"229027","The University of Texas at San Antonio","2020","Not on tenure/no tenure system, no academic rank","4","1","3","0","0","0","1","0","1","0","0","0","2","1","1","0","0","0","1","0","1","0","0","0","0","0","0","0","0","0","-2"
"229160","Texas Wesleyan University","2020","Tenured total","75","40","35","0","0","0","6","3","3","1","1","0","5","3","2","0","0","0","62","32","30","0","0","0","1","1","0","0","0","0","-2"
"229160","Texas Wesleyan University","2020","Tenured, professors","29","17","12","0","0","0","2","2","0","1","1","0","3","2","1","0","0","0","23","12","11","0","0","0","0","0","0","0","0","0","-2"
"229160","Texas Wesleyan University","2020","Tenured, associate professors","42","20","22","0","0","0","4","1","3","0","0","0","2","1","1","0","0","0","35","17","18","0","0","0","1","1","0","0","0","0","-2"
"229160","Texas Wesleyan University","2020","Tenured, assistant professors","4","3","1","0","0","0","0","0","0","0","0","0","0","0","0","0","0","0","4","3","1","0","0","0","0","0","0","0","0","0","-2"
"229160","Texas Wesleyan University","2020","On-Tenure track total","31","13","18","0","0","0","4","3","1","2","0","2","2","2","0","0","0","0","22","8","14","1","0","1","0","0","0","0","0","0","-2"
"229160","Texas Wesleyan University","2020","On-tenure track, professors","1","1","0","0","0","0","0","0","0","0","0","0","0","0","0","0","0","0","1","1","0","0","0","0","0","0","0","0","0","0","-2"
"229160","Texas Wesleyan University","2020","On-tenure track, associate professors","4","0","4","0","0","0","0","0","0","0","0","0","0","0","0","0","0","0","4","0","4","0","0","0","0","0","0","0","0","0","-2"
"229160","Texas Wesleyan University","2020","On-tenure track, assistant professors","24","11","13","0","0","0","4","3","1","2","0","2","2","2","0","0","0","0","15","6","9","1","0","1","0","0","0","0","0","0","-2"
"229160","Texas Wesleyan University","2020","On-tenure track, instructors","2","1","1","0","0","0","0","0","0","0","0","0","0","0","0","0","0","0","2","1","1","0","0","0","0","0","0","0","0","0","-2"
"229160","Texas Wesleyan University","2020","Not on tenure track/No tenure system system total","7","4","3","0","0","0","0","0","0","0","0","0","1","1","0","0","0","0","6","3","3","0","0","0","0","0","0","0","0","0","-2"
"229160","Texas Wesleyan University","2020","Not on tenure/no tenure system, assistant professors","3","3","0","0","0","0","0","0","0","0","0","0","1","1","0","0","0","0","2","2","0","0","0","0","0","0","0","0","0","0","-2"
"229160","Texas Wesleyan University","2020","Not on tenure/no tenure system, instructors","4","1","3","0","0","0","0","0","0","0","0","0","0","0","0","0","0","0","4","1","3","0","0","0","0","0","0","0","0","0","-2"
"229179","Texas Woman's University","2020","Tenured total","209","61","148","2","0","2","27","8","19","12","3","9","10","2","8","2","1","1","155","46","109","0","0","0","1","1","0","0","0","0","-2"
"229179","Texas Woman's University","2020","Tenured, professors","111","32","79","1","0","1","14","5","9","4","0","4","5","1","4","2","1","1","84","24","60","0","0","0","1","1","0","0","0","0","-2"
"229179","Texas Woman's University","2020","Tenured, associate professors","97","29","68","1","0","1","13","3","10","8","3","5","5","1","4","0","0","0","70","22","48","0","0","0","0","0","0","0","0","0","-2"
"229179","Texas Woman's University","2020","Tenured, assistant professors","1","0","1","0","0","0","0","0","0","0","0","0","0","0","0","0","0","0","1","0","1","0","0","0","0","0","0","0","0","0","-2"
"229179","Texas Woman's University","2020","On-Tenure track total","119","34","85","2","0","2","15","3","12","10","2","8","13","4","9","0","0","0","75","25","50","0","0","0","4","0","4","0","0","0","-2"
"229179","Texas Woman's University","2020","On-tenure track, professors","3","0","3","0","0","0","0","0","0","0","0","0","0","0","0","0","0","0","3","0","3","0","0","0","0","0","0","0","0","0","-2"
"229179","Texas Woman's University","2020","On-tenure track, associate professors","11","2","9","0","0","0","1","0","1","1","0","1","1","1","0","0","0","0","8","1","7","0","0","0","0","0","0","0","0","0","-2"
"229179","Texas Woman's University","2020","On-tenure track, assistant professors","105","32","73","2","0","2","14","3","11","9","2","7","12","3","9","0","0","0","64","24","40","0","0","0","4","0","4","0","0","0","-2"
"229179","Texas Woman's University","2020","Not on tenure track/No tenure system system total","124","15","109","1","0","1","8","1","7","9","0","9","6","0","6","1","0","1","96","13","83","0","0","0","3","1","2","0","0","0","-2"
"229179","Texas Woman's University","2020","Not on tenure/no tenure system, professors","8","1","7","1","0","1","2","0","2","0","0","0","0","0","0","0","0","0","5","1","4","0","0","0","0","0","0","0","0","0","-2"
"229179","Texas Woman's University","2020","Not on tenure/no tenure system, associate professors","36","3","33","0","0","0","1","1","0","2","0","2","1","0","1","0","0","0","32","2","30","0","0","0","0","0","0","0","0","0","-2"
"229179","Texas Woman's University","2020","Not on tenure/no tenure system, assistant professors","53","5","48","0","0","0","3","0","3","6","0","6","4","0","4","0","0","0","38","5","33","0","0","0","2","0","2","0","0","0","-2"
"229179","Texas Woman's University","2020","Not on tenure/no tenure system, instructors","6","1","5","0","0","0","0","0","0","0","0","0","0","0","0","1","0","1","5","1","4","0","0","0","0","0","0","0","0","0","-2"
"229179","Texas Woman's University","2020","Not on tenure/no tenure system, lecturers","21","5","16","0","0","0","2","0","2","1","0","1","1","0","1","0","0","0","16","4","12","0","0","0","1","1","0","0","0","0","-2"
"229355","Tyler Junior College","2020","Not on tenure track/No tenure system system total","319","139","180","2","0","2","0","0","0","16","4","12","8","3","5","0","0","0","288","129","159","0","0","0","5","3","2","0","0","0","-2"
"229355","Tyler Junior College","2020","Not on tenure/no tenure system, professors","319","139","180","2","0","2","0","0","0","16","4","12","8","3","5","0","0","0","288","129","159","0","0","0","5","3","2","0","0","0","-2"
"229780","Wayland Baptist University","2020","Not on tenure track/No tenure system system total","127","81","46","3","1","2","4","2","2","8","6","2","7","4","3","0","0","0","99","66","33","4","2","2","2","0","2","0","0","0","-2"
"229780","Wayland Baptist University","2020","Not on tenure/no tenure system, professors","64","48","16","1","1","0","4","2","2","2","2","0","1","1","0","0","0","0","55","42","13","1","0","1","0","0","0","0","0","0","-2"
"229780","Wayland Baptist University","2020","Not on tenure/no tenure system, associate professors","29","18","11","1","0","1","0","0","0","3","1","2","4","2","2","0","0","0","17","13","4","3","2","1","1","0","1","0","0","0","-2"
"229780","Wayland Baptist University","2020","Not on tenure/no tenure system, assistant professors","27","9","18","1","0","1","0","0","0","2","2","0","2","1","1","0","0","0","21","6","15","0","0","0","1","0","1","0","0","0","-2"
"229780","Wayland Baptist University","2020","Not on tenure/no tenure system, instructors","5","5","0","0","0","0","0","0","0","1","1","0","0","0","0","0","0","0","4","4","0","0","0","0","0","0","0","0","0","0","-2"
"229780","Wayland Baptist University","2020","Not on tenure/no tenure system, lecturers","2","1","1","0","0","0","0","0","0","0","0","0","0","0","0","0","0","0","2","1","1","0","0","0","0","0","0","0","0","0","-2"
"229814","West Texas A & M University","2020","Tenured total","136","85","51","0","0","0","11","7","4","1","1","0","5","1","4","0","0","0","117","75","42","0","0","0","1","0","1","1","1","0","-2"
"229814","West Texas A & M University","2020","Tenured, professors","69","47","22","0","0","0","9","6","3","0","0","0","0","0","0","0","0","0","60","41","19","0","0","0","0","0","0","0","0","0","-2"
"229814","West Texas A & M University","2020","Tenured, associate professors","67","38","29","0","0","0","2","1","1","1","1","0","5","1","4","0","0","0","57","34","23","0","0","0","1","0","1","1","1","0","-2"
"229814","West Texas A & M University","2020","On-Tenure track total","87","53","34","0","0","0","6","3","3","0","0","0","7","4","3","0","0","0","51","33","18","0","0","0","4","2","2","19","11","8","-2"
"229814","West Texas A & M University","2020","On-tenure track, associate professors","1","1","0","0","0","0","0","0","0","0","0","0","1","1","0","0","0","0","0","0","0","0","0","0","0","0","0","0","0","0","-2"
"229814","West Texas A & M University","2020","On-tenure track, assistant professors","86","52","34","0","0","0","6","3","3","0","0","0","6","3","3","0","0","0","51","33","18","0","0","0","4","2","2","19","11","8","-2"
"229814","West Texas A & M University","2020","Not on tenure track/No tenure system system total","124","43","81","2","2","0","3","2","1","1","1","0","7","2","5","0","0","0","101","30","71","1","0","1","1","0","1","8","6","2","-2"
"229814","West Texas A & M University","2020","Not on tenure/no tenure system, professors","2","1","1","0","0","0","0","0","0","0","0","0","0","0","0","0","0","0","2","1","1","0","0","0","0","0","0","0","0","0","-2"
"229814","West Texas A & M University","2020","Not on tenure/no tenure system, associate professors","5","2","3","1","1","0","0","0","0","0","0","0","0","0","0","0","0","0","4","1","3","0","0","0","0","0","0","0","0","0","-2"
"229814","West Texas A & M University","2020","Not on tenure/no tenure system, assistant professors","20","8","12","1","1","0","1","0","1","0","0","0","1","1","0","0","0","0","13","5","8","0","0","0","1","0","1","3","1","2","-2"
"229814","West Texas A & M University","2020","Not on tenure/no tenure system, instructors","91","29","62","0","0","0","2","2","0","1","1","0","6","1","5","0","0","0","76","20","56","1","0","1","0","0","0","5","5","0","-2"
"229814","West Texas A & M University","2020","Not on tenure/no tenure system, lecturers","6","3","3","0","0","0","0","0","0","0","0","0","0","0","0","0","0","0","6","3","3","0","0","0","0","0","0","0","0","0","-2"
"234979","Columbia Basin College","2020","Tenured total","86","42","44","0","0","0","8","3","5","2","2","0","5","2","3","0","0","0","70","34","36","1","1","0","0","0","0","0","0","0","-2"
"234979","Columbia Basin College","2020","Tenured, no academic rank","86","42","44","0","0","0","8","3","5","2","2","0","5","2","3","0","0","0","70","34","36","1","1","0","0","0","0","0","0","0","-2"
"234979","Columbia Basin College","2020","On-Tenure track total","39","15","24","0","0","0","3","3","0","2","0","2","2","1","1","1","0","1","29","10","19","1","1","0","1","0","1","0","0","0","-2"
"234979","Columbia Basin College","2020","On-tenure track, no academic rank","39","15","24","0","0","0","3","3","0","2","0","2","2","1","1","1","0","1","29","10","19","1","1","0","1","0","1","0","0","0","-2"
"234979","Columbia Basin College","2020","Not on tenure track/No tenure system system total","13","6","7","0","0","0","0","0","0","0","0","0","1","1","0","0","0","0","11","4","7","1","1","0","0","0","0","0","0","0","-2"
"234979","Columbia Basin College","2020","Not on tenure/no tenure system, no academic rank","13","6","7","0","0","0","0","0","0","0","0","0","1","1","0","0","0","0","11","4","7","1","1","0","0","0","0","0","0","0","-2"
"235422","Heritage University","2020","Not on tenure track/No tenure system system total","57","27","30","4","2","2","2","1","1","3","2","1","6","1","5","0","0","0","38","19","19","3","2","1","1","0","1","0","0","0","-2"
"235422","Heritage University","2020","Not on tenure/no tenure system, professors","6","4","2","0","0","0","0","0","0","0","0","0","0","0","0","0","0","0","5","3","2","1","1","0","0","0","0","0","0","0","-2"
"235422","Heritage University","2020","Not on tenure/no tenure system, associate professors","27","17","10","3","1","2","2","1","1","2","2","0","3","1","2","0","0","0","16","11","5","1","1","0","0","0","0","0","0","0","-2"
"235422","Heritage University","2020","Not on tenure/no tenure system, assistant professors","19","5","14","1","1","0","0","0","0","1","0","1","2","0","2","0","0","0","15","4","11","0","0","0","0","0","0","0","0","0","-2"
"235422","Heritage University","2020","Not on tenure/no tenure system, instructors","5","1","4","0","0","0","0","0","0","0","0","0","1","0","1","0","0","0","2","1","1","1","0","1","1","0","1","0","0","0","-2"
"236975","Wenatchee Valley College","2020","Tenured total","62","34","28","0","0","0","2","0","2","1","0","1","4","4","0","0","0","0","50","26","24","5","4","1","0","0","0","0","0","0","-2"
"236975","Wenatchee Valley College","2020","Tenured, no academic rank","62","34","28","0","0","0","2","0","2","1","0","1","4","4","0","0","0","0","50","26","24","5","4","1","0","0","0","0","0","0","-2"
"236975","Wenatchee Valley College","2020","On-Tenure track total","16","2","14","0","0","0","1","0","1","0","0","0","0","0","0","0","0","0","15","2","13","0","0","0","0","0","0","0","0","0","-2"
"236975","Wenatchee Valley College","2020","On-tenure track, no academic rank","16","2","14","0","0","0","1","0","1","0","0","0","0","0","0","0","0","0","15","2","13","0","0","0","0","0","0","0","0","0","-2"
"236975","Wenatchee Valley College","2020","Not on tenure track/No tenure system system total","7","2","5","0","0","0","0","0","0","0","0","0","0","0","0","0","0","0","7","2","5","0","0","0","0","0","0","0","0","0","-2"
"236975","Wenatchee Valley College","2020","Not on tenure/no tenure system, no academic rank","7","2","5","0","0","0","0","0","0","0","0","0","0","0","0","0","0","0","7","2","5","0","0","0","0","0","0","0","0","0","-2"
"237109","Yakima Valley College","2020","Tenured total","69","34","35","0","0","0","2","1","1","0","0","0","7","2","5","0","0","0","60","31","29","0","0","0","0","0","0","0","0","0","-2"
"237109","Yakima Valley College","2020","Tenured, instructors","69","34","35","0","0","0","2","1","1","0","0","0","7","2","5","0","0","0","60","31","29","0","0","0","0","0","0","0","0","0","-2"
"237109","Yakima Valley College","2020","On-Tenure track total","9","4","5","0","0","0","0","0","0","0","0","0","0","0","0","0","0","0","9","4","5","0","0","0","0","0","0","0","0","0","-2"
"237109","Yakima Valley College","2020","On-tenure track, instructors","7","4","3","0","0","0","0","0","0","0","0","0","0","0","0","0","0","0","7","4","3","0","0","0","0","0","0","0","0","0","-2"
"237109","Yakima Valley College","2020","On-tenure track, no academic rank","2","0","2","0","0","0","0","0","0","0","0","0","0","0","0","0","0","0","2","0","2","0","0","0","0","0","0","0","0","0","-2"
"237109","Yakima Valley College","2020","Not on tenure track/No tenure system system total","58","28","30","2","2","0","0","0","0","1","1","0","10","7","3","0","0","0","45","18","27","0","0","0","0","0","0","0","0","0","-2"
"237109","Yakima Valley College","2020","Not on tenure/no tenure system, instructors","58","28","30","2","2","0","0","0","0","1","1","0","10","7","3","0","0","0","45","18","27","0","0","0","0","0","0","0","0","0","-2"
"238193","Alverno College","2020","Tenured total","36","11","25","0","0","0","1","0","1","1","0","1","0","0","0","0","0","0","34","11","23","0","0","0","0","0","0","0","0","0","-2"
"238193","Alverno College","2020","Tenured, professors","25","8","17","0","0","0","1","0","1","0","0","0","0","0","0","0","0","0","24","8","16","0","0","0","0","0","0","0","0","0","-2"
"238193","Alverno College","2020","Tenured, associate professors","10","2","8","0","0","0","0","0","0","1","0","1","0","0","0","0","0","0","9","2","7","0","0","0","0","0","0","0","0","0","-2"
"238193","Alverno College","2020","Tenured, assistant professors","1","1","0","0","0","0","0","0","0","0","0","0","0","0","0","0","0","0","1","1","0","0","0","0","0","0","0","0","0","0","-2"
"238193","Alverno College","2020","On-Tenure track total","40","6","34","0","0","0","0","0","0","2","0","2","3","1","2","0","0","0","33","5","28","1","0","1","1","0","1","0","0","0","-2"
"238193","Alverno College","2020","On-tenure track, professors","1","0","1","0","0","0","0","0","0","0","0","0","0","0","0","0","0","0","1","0","1","0","0","0","0","0","0","0","0","0","-2"
"238193","Alverno College","2020","On-tenure track, associate professors","11","1","10","0","0","0","0","0","0","0","0","0","0","0","0","0","0","0","11","1","10","0","0","0","0","0","0","0","0","0","-2"
"238193","Alverno College","2020","On-tenure track, assistant professors","28","5","23","0","0","0","0","0","0","2","0","2","3","1","2","0","0","0","21","4","17","1","0","1","1","0","1","0","0","0","-2"
"238193","Alverno College","2020","Not on tenure track/No tenure system system total","16","0","16","0","0","0","0","0","0","1","0","1","0","0","0","0","0","0","11","0","11","0","0","0","4","0","4","0","0","0","-2"
"238193","Alverno College","2020","Not on tenure/no tenure system, associate professors","3","0","3","0","0","0","0","0","0","0","0","0","0","0","0","0","0","0","1","0","1","0","0","0","2","0","2","0","0","0","-2"
"238193","Alverno College","2020","Not on tenure/no tenure system, assistant professors","13","0","13","0","0","0","0","0","0","1","0","1","0","0","0","0","0","0","10","0","10","0","0","0","2","0","2","0","0","0","-2"
"239390","Mount Mary University","2020","Tenured total","29","5","24","0","0","0","0","0","0","1","0","1","1","1","0","0","0","0","27","4","23","0","0","0","0","0","0","0","0","0","-2"
"239390","Mount Mary University","2020","Tenured, professors","8","2","6","0","0","0","0","0","0","1","0","1","0","0","0","0","0","0","7","2","5","0","0","0","0","0","0","0","0","0","-2"
"239390","Mount Mary University","2020","Tenured, associate professors","16","1","15","0","0","0","0","0","0","0","0","0","0","0","0","0","0","0","16","1","15","0","0","0","0","0","0","0","0","0","-2"
"239390","Mount Mary University","2020","Tenured, assistant professors","5","2","3","0","0","0","0","0","0","0","0","0","1","1","0","0","0","0","4","1","3","0","0","0","0","0","0","0","0","0","-2"
"239390","Mount Mary University","2020","On-Tenure track total","18","1","17","0","0","0","1","0","1","1","0","1","0","0","0","0","0","0","15","1","14","0","0","0","1","0","1","0","0","0","-2"
"239390","Mount Mary University","2020","On-tenure track, professors","1","0","1","0","0","0","0","0","0","0","0","0","0","0","0","0","0","0","1","0","1","0","0","0","0","0","0","0","0","0","-2"
"239390","Mount Mary University","2020","On-tenure track, associate professors","2","0","2","0","0","0","0","0","0","0","0","0","0","0","0","0","0","0","2","0","2","0","0","0","0","0","0","0","0","0","-2"
"239390","Mount Mary University","2020","On-tenure track, assistant professors","15","1","14","0","0","0","1","0","1","1","0","1","0","0","0","0","0","0","12","1","11","0","0","0","1","0","1","0","0","0","-2"
"239390","Mount Mary University","2020","Not on tenure track/No tenure system system total","16","1","15","0","0","0","0","0","0","0","0","0","1","0","1","0","0","0","13","1","12","0","0","0","2","0","2","0","0","0","-2"
"239390","Mount Mary University","2020","Not on tenure/no tenure system, assistant professors","10","0","10","0","0","0","0","0","0","0","0","0","1","0","1","0","0","0","7","0","7","0","0","0","2","0","2","0","0","0","-2"
"239390","Mount Mary University","2020","Not on tenure/no tenure system, instructors","5","1","4","0","0","0","0","0","0","0","0","0","0","0","0","0","0","0","5","1","4","0","0","0","0","0","0","0","0","0","-2"
"239390","Mount Mary University","2020","Not on tenure/no tenure system, no academic rank","1","0","1","0","0","0","0","0","0","0","0","0","0","0","0","0","0","0","1","0","1","0","0","0","0","0","0","0","0","0","-2"
"241225","Universidad Central de Bayamon","2020","Not on tenure track/No tenure system system total","19","6","13","0","0","0","0","0","0","0","0","0","18","6","12","0","0","0","0","0","0","0","0","0","0","0","0","1","0","1","-2"
"241225","Universidad Central de Bayamon","2020","Not on tenure/no tenure system, professors","1","1","0","0","0","0","0","0","0","0","0","0","1","1","0","0","0","0","0","0","0","0","0","0","0","0","0","0","0","0","-2"
"241225","Universidad Central de Bayamon","2020","Not on tenure/no tenure system, associate professors","10","3","7","0","0","0","0","0","0","0","0","0","9","3","6","0","0","0","0","0","0","0","0","0","0","0","0","1","0","1","-2"
"241225","Universidad Central de Bayamon","2020","Not on tenure/no tenure system, assistant professors","4","2","2","0","0","0","0","0","0","0","0","0","4","2","2","0","0","0","0","0","0","0","0","0","0","0","0","0","0","0","-2"
"241225","Universidad Central de Bayamon","2020","Not on tenure/no tenure system, instructors","4","0","4","0","0","0","0","0","0","0","0","0","4","0","4","0","0","0","0","0","0","0","0","0","0","0","0","0","0","0","-2"
"241395","Pontifical Catholic University of Puerto Rico-Arecibo","2020","Not on tenure track/No tenure system system total","23","9","14","0","0","0","0","0","0","0","0","0","23","9","14","0","0","0","0","0","0","0","0","0","0","0","0","0","0","0","-2"
"241395","Pontifical Catholic University of Puerto Rico-Arecibo","2020","Not on tenure/no tenure system, professors","2","1","1","0","0","0","0","0","0","0","0","0","2","1","1","0","0","0","0","0","0","0","0","0","0","0","0","0","0","0","-2"
"241395","Pontifical Catholic University of Puerto Rico-Arecibo","2020","Not on tenure/no tenure system, associate professors","6","2","4","0","0","0","0","0","0","0","0","0","6","2","4","0","0","0","0","0","0","0","0","0","0","0","0","0","0","0","-2"
"241395","Pontifical Catholic University of Puerto Rico-Arecibo","2020","Not on tenure/no tenure system, assistant professors","4","2","2","0","0","0","0","0","0","0","0","0","4","2","2","0","0","0","0","0","0","0","0","0","0","0","0","0","0","0","-2"
"241395","Pontifical Catholic University of Puerto Rico-Arecibo","2020","Not on tenure/no tenure system, instructors","3","1","2","0","0","0","0","0","0","0","0","0","3","1","2","0","0","0","0","0","0","0","0","0","0","0","0","0","0","0","-2"
"241395","Pontifical Catholic University of Puerto Rico-Arecibo","2020","Not on tenure/no tenure system, no academic rank","8","3","5","0","0","0","0","0","0","0","0","0","8","3","5","0","0","0","0","0","0","0","0","0","0","0","0","0","0","0","-2"
"241410","Pontifical Catholic University of Puerto Rico-Ponce","2020","Not on tenure track/No tenure system system total","222","96","126","0","0","0","0","0","0","0","0","0","214","92","122","0","0","0","8","4","4","0","0","0","0","0","0","0","0","0","-2"
"241410","Pontifical Catholic University of Puerto Rico-Ponce","2020","Not on tenure/no tenure system, professors","43","23","20","0","0","0","0","0","0","0","0","0","40","21","19","0","0","0","3","2","1","0","0","0","0","0","0","0","0","0","-2"
"241410","Pontifical Catholic University of Puerto Rico-Ponce","2020","Not on tenure/no tenure system, associate professors","64","27","37","0","0","0","0","0","0","0","0","0","62","26","36","0","0","0","2","1","1","0","0","0","0","0","0","0","0","0","-2"
"241410","Pontifical Catholic University of Puerto Rico-Ponce","2020","Not on tenure/no tenure system, assistant professors","70","33","37","0","0","0","0","0","0","0","0","0","67","32","35","0","0","0","3","1","2","0","0","0","0","0","0","0","0","0","-2"
"241410","Pontifical Catholic University of Puerto Rico-Ponce","2020","Not on tenure/no tenure system, instructors","24","7","17","0","0","0","0","0","0","0","0","0","24","7","17","0","0","0","0","0","0","0","0","0","0","0","0","0","0","0","-2"
"241410","Pontifical Catholic University of Puerto Rico-Ponce","2020","Not on tenure/no tenure system, no academic rank","21","6","15","0","0","0","0","0","0","0","0","0","21","6","15","0","0","0","0","0","0","0","0","0","0","0","0","0","0","0","-2"
"241739","Universidad Ana G. Mendez-Cupey Campus","2020","Tenured total","7","1","6","0","0","0","0","0","0","0","0","0","7","1","6","0","0","0","0","0","0","0","0","0","0","0","0","0","0","0","-2"
"241739","Universidad Ana G. Mendez-Cupey Campus","2020","Tenured, professors","4","0","4","0","0","0","0","0","0","0","0","0","4","0","4","0","0","0","0","0","0","0","0","0","0","0","0","0","0","0","-2"
"241739","Universidad Ana G. Mendez-Cupey Campus","2020","Tenured, associate professors","3","1","2","0","0","0","0","0","0","0","0","0","3","1","2","0","0","0","0","0","0","0","0","0","0","0","0","0","0","0","-2"
"241739","Universidad Ana G. Mendez-Cupey Campus","2020","Not on tenure track/No tenure system system total","128","43","85","0","0","0","0","0","0","0","0","0","125","40","85","0","0","0","2","2","0","0","0","0","1","1","0","0","0","0","-2"
"241739","Universidad Ana G. Mendez-Cupey Campus","2020","Not on tenure/no tenure system, professors","8","4","4","0","0","0","0","0","0","0","0","0","7","3","4","0","0","0","1","1","0","0","0","0","0","0","0","0","0","0","-2"
"241739","Universidad Ana G. Mendez-Cupey Campus","2020","Not on tenure/no tenure system, associate professors","15","5","10","0","0","0","0","0","0","0","0","0","13","3","10","0","0","0","1","1","0","0","0","0","1","1","0","0","0","0","-2"
"241739","Universidad Ana G. Mendez-Cupey Campus","2020","Not on tenure/no tenure system, assistant professors","45","15","30","0","0","0","0","0","0","0","0","0","45","15","30","0","0","0","0","0","0","0","0","0","0","0","0","0","0","0","-2"
"241739","Universidad Ana G. Mendez-Cupey Campus","2020","Not on tenure/no tenure system, instructors","60","19","41","0","0","0","0","0","0","0","0","0","60","19","41","0","0","0","0","0","0","0","0","0","0","0","0","0","0","0","-2"
"242617","Inter American University of Puerto Rico-San German","2020","Tenured total","68","30","38","0","0","0","0","0","0","0","0","0","66","29","37","0","0","0","2","1","1","0","0","0","0","0","0","0","0","0","-2"
"242617","Inter American University of Puerto Rico-San German","2020","Tenured, professors","21","12","9","0","0","0","0","0","0","0","0","0","19","11","8","0","0","0","2","1","1","0","0","0","0","0","0","0","0","0","-2"
"242617","Inter American University of Puerto Rico-San German","2020","Tenured, associate professors","33","15","18","0","0","0","0","0","0","0","0","0","33","15","18","0","0","0","0","0","0","0","0","0","0","0","0","0","0","0","-2"
"242617","Inter American University of Puerto Rico-San German","2020","Tenured, assistant professors","14","3","11","0","0","0","0","0","0","0","0","0","14","3","11","0","0","0","0","0","0","0","0","0","0","0","0","0","0","0","-2"
"242617","Inter American University of Puerto Rico-San German","2020","On-Tenure track total","12","5","7","0","0","0","0","0","0","0","0","0","12","5","7","0","0","0","0","0","0","0","0","0","0","0","0","0","0","0","-2"
"242617","Inter American University of Puerto Rico-San German","2020","On-tenure track, associate professors","3","1","2","0","0","0","0","0","0","0","0","0","3","1","2","0","0","0","0","0","0","0","0","0","0","0","0","0","0","0","-2"
"242617","Inter American University of Puerto Rico-San German","2020","On-tenure track, assistant professors","9","4","5","0","0","0","0","0","0","0","0","0","9","4","5","0","0","0","0","0","0","0","0","0","0","0","0","0","0","0","-2"
"242617","Inter American University of Puerto Rico-San German","2020","Not on tenure track/No tenure system system total","6","2","4","0","0","0","0","0","0","0","0","0","6","2","4","0","0","0","0","0","0","0","0","0","0","0","0","0","0","0","-2"
"242617","Inter American University of Puerto Rico-San German","2020","Not on tenure/no tenure system, associate professors","1","1","0","0","0","0","0","0","0","0","0","0","1","1","0","0","0","0","0","0","0","0","0","0","0","0","0","0","0","0","-2"
"242617","Inter American University of Puerto Rico-San German","2020","Not on tenure/no tenure system, assistant professors","3","1","2","0","0","0","0","0","0","0","0","0","3","1","2","0","0","0","0","0","0","0","0","0","0","0","0","0","0","0","-2"
"242617","Inter American University of Puerto Rico-San German","2020","Not on tenure/no tenure system, instructors","2","0","2","0","0","0","0","0","0","0","0","0","2","0","2","0","0","0","0","0","0","0","0","0","0","0","0","0","0","0","-2"
"242635","Inter American University of Puerto Rico-Arecibo","2020","Tenured total","45","22","23","0","0","0","0","0","0","0","0","0","45","22","23","0","0","0","0","0","0","0","0","0","0","0","0","0","0","0","-2"
"242635","Inter American University of Puerto Rico-Arecibo","2020","Tenured, professors","19","10","9","0","0","0","0","0","0","0","0","0","19","10","9","0","0","0","0","0","0","0","0","0","0","0","0","0","0","0","-2"
"242635","Inter American University of Puerto Rico-Arecibo","2020","Tenured, associate professors","10","5","5","0","0","0","0","0","0","0","0","0","10","5","5","0","0","0","0","0","0","0","0","0","0","0","0","0","0","0","-2"
"242635","Inter American University of Puerto Rico-Arecibo","2020","Tenured, assistant professors","16","7","9","0","0","0","0","0","0","0","0","0","16","7","9","0","0","0","0","0","0","0","0","0","0","0","0","0","0","0","-2"
"242635","Inter American University of Puerto Rico-Arecibo","2020","On-Tenure track total","15","3","12","0","0","0","0","0","0","0","0","0","15","3","12","0","0","0","0","0","0","0","0","0","0","0","0","0","0","0","-2"
"242635","Inter American University of Puerto Rico-Arecibo","2020","On-tenure track, associate professors","1","0","1","0","0","0","0","0","0","0","0","0","1","0","1","0","0","0","0","0","0","0","0","0","0","0","0","0","0","0","-2"
"242635","Inter American University of Puerto Rico-Arecibo","2020","On-tenure track, assistant professors","8","1","7","0","0","0","0","0","0","0","0","0","8","1","7","0","0","0","0","0","0","0","0","0","0","0","0","0","0","0","-2"
"242635","Inter American University of Puerto Rico-Arecibo","2020","On-tenure track, instructors","6","2","4","0","0","0","0","0","0","0","0","0","6","2","4","0","0","0","0","0","0","0","0","0","0","0","0","0","0","0","-2"
"242635","Inter American University of Puerto Rico-Arecibo","2020","Not on tenure track/No tenure system system total","9","6","3","0","0","0","0","0","0","0","0","0","9","6","3","0","0","0","0","0","0","0","0","0","0","0","0","0","0","0","-2"
"242635","Inter American University of Puerto Rico-Arecibo","2020","Not on tenure/no tenure system, assistant professors","5","4","1","0","0","0","0","0","0","0","0","0","5","4","1","0","0","0","0","0","0","0","0","0","0","0","0","0","0","0","-2"
"242635","Inter American University of Puerto Rico-Arecibo","2020","Not on tenure/no tenure system, instructors","4","2","2","0","0","0","0","0","0","0","0","0","4","2","2","0","0","0","0","0","0","0","0","0","0","0","0","0","0","0","-2"
"242653","Inter American University of Puerto Rico-Metro","2020","Tenured total","111","59","52","0","0","0","0","0","0","0","0","0","108","57","51","0","0","0","3","2","1","0","0","0","0","0","0","0","0","0","-2"
"242653","Inter American University of Puerto Rico-Metro","2020","Tenured, professors","47","28","19","0","0","0","0","0","0","0","0","0","44","26","18","0","0","0","3","2","1","0","0","0","0","0","0","0","0","0","-2"
"242653","Inter American University of Puerto Rico-Metro","2020","Tenured, associate professors","51","25","26","0","0","0","0","0","0","0","0","0","51","25","26","0","0","0","0","0","0","0","0","0","0","0","0","0","0","0","-2"
"242653","Inter American University of Puerto Rico-Metro","2020","Tenured, assistant professors","13","6","7","0","0","0","0","0","0","0","0","0","13","6","7","0","0","0","0","0","0","0","0","0","0","0","0","0","0","0","-2"
"242653","Inter American University of Puerto Rico-Metro","2020","On-Tenure track total","30","9","21","0","0","0","0","0","0","0","0","0","28","8","20","0","0","0","2","1","1","0","0","0","0","0","0","0","0","0","-2"
"242653","Inter American University of Puerto Rico-Metro","2020","On-tenure track, professors","2","0","2","0","0","0","0","0","0","0","0","0","2","0","2","0","0","0","0","0","0","0","0","0","0","0","0","0","0","0","-2"
"242653","Inter American University of Puerto Rico-Metro","2020","On-tenure track, associate professors","5","2","3","0","0","0","0","0","0","0","0","0","5","2","3","0","0","0","0","0","0","0","0","0","0","0","0","0","0","0","-2"
"242653","Inter American University of Puerto Rico-Metro","2020","On-tenure track, assistant professors","21","7","14","0","0","0","0","0","0","0","0","0","19","6","13","0","0","0","2","1","1","0","0","0","0","0","0","0","0","0","-2"
"242653","Inter American University of Puerto Rico-Metro","2020","On-tenure track, instructors","2","0","2","0","0","0","0","0","0","0","0","0","2","0","2","0","0","0","0","0","0","0","0","0","0","0","0","0","0","0","-2"
"242653","Inter American University of Puerto Rico-Metro","2020","Not on tenure track/No tenure system system total","27","14","13","0","0","0","0","0","0","0","0","0","27","14","13","0","0","0","0","0","0","0","0","0","0","0","0","0","0","0","-2"
"242653","Inter American University of Puerto Rico-Metro","2020","Not on tenure/no tenure system, professors","2","1","1","0","0","0","0","0","0","0","0","0","2","1","1","0","0","0","0","0","0","0","0","0","0","0","0","0","0","0","-2"
"242653","Inter American University of Puerto Rico-Metro","2020","Not on tenure/no tenure system, associate professors","1","1","0","0","0","0","0","0","0","0","0","0","1","1","0","0","0","0","0","0","0","0","0","0","0","0","0","0","0","0","-2"
"242653","Inter American University of Puerto Rico-Metro","2020","Not on tenure/no tenure system, assistant professors","13","7","6","0","0","0","0","0","0","0","0","0","13","7","6","0","0","0","0","0","0","0","0","0","0","0","0","0","0","0","-2"
"242653","Inter American University of Puerto Rico-Metro","2020","Not on tenure/no tenure system, instructors","11","5","6","0","0","0","0","0","0","0","0","0","11","5","6","0","0","0","0","0","0","0","0","0","0","0","0","0","0","0","-2"
"242699","Inter American University of Puerto Rico-Guayama","2020","Tenured total","19","7","12","0","0","0","0","0","0","0","0","0","19","7","12","0","0","0","0","0","0","0","0","0","0","0","0","0","0","0","-2"
"242699","Inter American University of Puerto Rico-Guayama","2020","Tenured, professors","2","1","1","0","0","0","0","0","0","0","0","0","2","1","1","0","0","0","0","0","0","0","0","0","0","0","0","0","0","0","-2"
"242699","Inter American University of Puerto Rico-Guayama","2020","Tenured, associate professors","6","3","3","0","0","0","0","0","0","0","0","0","6","3","3","0","0","0","0","0","0","0","0","0","0","0","0","0","0","0","-2"
"242699","Inter American University of Puerto Rico-Guayama","2020","Tenured, assistant professors","11","3","8","0","0","0","0","0","0","0","0","0","11","3","8","0","0","0","0","0","0","0","0","0","0","0","0","0","0","0","-2"
"242699","Inter American University of Puerto Rico-Guayama","2020","On-Tenure track total","5","3","2","0","0","0","0","0","0","0","0","0","5","3","2","0","0","0","0","0","0","0","0","0","0","0","0","0","0","0","-2"
"242699","Inter American University of Puerto Rico-Guayama","2020","On-tenure track, associate professors","1","1","0","0","0","0","0","0","0","0","0","0","1","1","0","0","0","0","0","0","0","0","0","0","0","0","0","0","0","0","-2"
"242699","Inter American University of Puerto Rico-Guayama","2020","On-tenure track, assistant professors","3","2","1","0","0","0","0","0","0","0","0","0","3","2","1","0","0","0","0","0","0","0","0","0","0","0","0","0","0","0","-2"
"242699","Inter American University of Puerto Rico-Guayama","2020","On-tenure track, instructors","1","0","1","0","0","0","0","0","0","0","0","0","1","0","1","0","0","0","0","0","0","0","0","0","0","0","0","0","0","0","-2"
"242699","Inter American University of Puerto Rico-Guayama","2020","Not on tenure track/No tenure system system total","7","1","6","0","0","0","0","0","0","0","0","0","7","1","6","0","0","0","0","0","0","0","0","0","0","0","0","0","0","0","-2"
"242699","Inter American University of Puerto Rico-Guayama","2020","Not on tenure/no tenure system, assistant professors","2","1","1","0","0","0","0","0","0","0","0","0","2","1","1","0","0","0","0","0","0","0","0","0","0","0","0","0","0","0","-2"
"242699","Inter American University of Puerto Rico-Guayama","2020","Not on tenure/no tenure system, instructors","5","0","5","0","0","0","0","0","0","0","0","0","5","0","5","0","0","0","0","0","0","0","0","0","0","0","0","0","0","0","-2"
"242705","Inter American University of Puerto Rico-Bayamon","2020","Tenured total","56","32","24","1","1","0","0","0","0","0","0","0","55","31","24","0","0","0","0","0","0","0","0","0","0","0","0","0","0","0","-2"
"242705","Inter American University of Puerto Rico-Bayamon","2020","Tenured, professors","13","10","3","1","1","0","0","0","0","0","0","0","12","9","3","0","0","0","0","0","0","0","0","0","0","0","0","0","0","0","-2"
"242705","Inter American University of Puerto Rico-Bayamon","2020","Tenured, associate professors","20","11","9","0","0","0","0","0","0","0","0","0","20","11","9","0","0","0","0","0","0","0","0","0","0","0","0","0","0","0","-2"
"242705","Inter American University of Puerto Rico-Bayamon","2020","Tenured, assistant professors","23","11","12","0","0","0","0","0","0","0","0","0","23","11","12","0","0","0","0","0","0","0","0","0","0","0","0","0","0","0","-2"
"242705","Inter American University of Puerto Rico-Bayamon","2020","On-Tenure track total","20","13","7","1","1","0","0","0","0","0","0","0","19","12","7","0","0","0","0","0","0","0","0","0","0","0","0","0","0","0","-2"
"242705","Inter American University of Puerto Rico-Bayamon","2020","On-tenure track, professors","1","1","0","0","0","0","0","0","0","0","0","0","1","1","0","0","0","0","0","0","0","0","0","0","0","0","0","0","0","0","-2"
"242705","Inter American University of Puerto Rico-Bayamon","2020","On-tenure track, associate professors","4","2","2","0","0","0","0","0","0","0","0","0","4","2","2","0","0","0","0","0","0","0","0","0","0","0","0","0","0","0","-2"
"242705","Inter American University of Puerto Rico-Bayamon","2020","On-tenure track, assistant professors","9","7","2","1","1","0","0","0","0","0","0","0","8","6","2","0","0","0","0","0","0","0","0","0","0","0","0","0","0","0","-2"
"242705","Inter American University of Puerto Rico-Bayamon","2020","On-tenure track, instructors","6","3","3","0","0","0","0","0","0","0","0","0","6","3","3","0","0","0","0","0","0","0","0","0","0","0","0","0","0","0","-2"
"242705","Inter American University of Puerto Rico-Bayamon","2020","Not on tenure track/No tenure system system total","12","6","6","0","0","0","0","0","0","0","0","0","12","6","6","0","0","0","0","0","0","0","0","0","0","0","0","0","0","0","-2"
"242705","Inter American University of Puerto Rico-Bayamon","2020","Not on tenure/no tenure system, assistant professors","5","3","2","0","0","0","0","0","0","0","0","0","5","3","2","0","0","0","0","0","0","0","0","0","0","0","0","0","0","0","-2"
"242705","Inter American University of Puerto Rico-Bayamon","2020","Not on tenure/no tenure system, instructors","7","3","4","0","0","0","0","0","0","0","0","0","7","3","4","0","0","0","0","0","0","0","0","0","0","0","0","0","0","0","-2"
"243151","University of Puerto Rico-Cayey","2020","Tenured total","71","41","30","0","0","0","0","0","0","0","0","0","71","41","30","0","0","0","0","0","0","0","0","0","0","0","0","0","0","0","-2"
"243151","University of Puerto Rico-Cayey","2020","Tenured, professors","35","18","17","0","0","0","0","0","0","0","0","0","35","18","17","0","0","0","0","0","0","0","0","0","0","0","0","0","0","0","-2"
"243151","University of Puerto Rico-Cayey","2020","Tenured, associate professors","8","5","3","0","0","0","0","0","0","0","0","0","8","5","3","0","0","0","0","0","0","0","0","0","0","0","0","0","0","0","-2"
"243151","University of Puerto Rico-Cayey","2020","Tenured, assistant professors","28","18","10","0","0","0","0","0","0","0","0","0","28","18","10","0","0","0","0","0","0","0","0","0","0","0","0","0","0","0","-2"
"243151","University of Puerto Rico-Cayey","2020","On-Tenure track total","7","2","5","0","0","0","0","0","0","0","0","0","7","2","5","0","0","0","0","0","0","0","0","0","0","0","0","0","0","0","-2"
"243151","University of Puerto Rico-Cayey","2020","On-tenure track, associate professors","5","1","4","0","0","0","0","0","0","0","0","0","5","1","4","0","0","0","0","0","0","0","0","0","0","0","0","0","0","0","-2"
"243151","University of Puerto Rico-Cayey","2020","On-tenure track, assistant professors","2","1","1","0","0","0","0","0","0","0","0","0","2","1","1","0","0","0","0","0","0","0","0","0","0","0","0","0","0","0","-2"
"243151","University of Puerto Rico-Cayey","2020","Not on tenure track/No tenure system system total","43","19","24","0","0","0","0","0","0","0","0","0","43","19","24","0","0","0","0","0","0","0","0","0","0","0","0","0","0","0","-2"
"243151","University of Puerto Rico-Cayey","2020","Not on tenure/no tenure system, associate professors","36","15","21","0","0","0","0","0","0","0","0","0","36","15","21","0","0","0","0","0","0","0","0","0","0","0","0","0","0","0","-2"
"243151","University of Puerto Rico-Cayey","2020","Not on tenure/no tenure system, instructors","7","4","3","0","0","0","0","0","0","0","0","0","7","4","3","0","0","0","0","0","0","0","0","0","0","0","0","0","0","0","-2"
"243179","University of Puerto Rico-Humacao","2020","Tenured total","113","61","52","1","1","0","0","0","0","0","0","0","105","57","48","0","0","0","6","2","4","0","0","0","0","0","0","1","1","0","-2"
"243179","University of Puerto Rico-Humacao","2020","Tenured, professors","82","44","38","1","1","0","0","0","0","0","0","0","75","41","34","0","0","0","6","2","4","0","0","0","0","0","0","0","0","0","-2"
"243179","University of Puerto Rico-Humacao","2020","Tenured, associate professors","24","11","13","0","0","0","0","0","0","0","0","0","23","10","13","0","0","0","0","0","0","0","0","0","0","0","0","1","1","0","-2"
"243179","University of Puerto Rico-Humacao","2020","Tenured, assistant professors","7","6","1","0","0","0","0","0","0","0","0","0","7","6","1","0","0","0","0","0","0","0","0","0","0","0","0","0","0","0","-2"
"243179","University of Puerto Rico-Humacao","2020","On-Tenure track total","5","1","4","0","0","0","0","0","0","0","0","0","5","1","4","0","0","0","0","0","0","0","0","0","0","0","0","0","0","0","-2"
"243179","University of Puerto Rico-Humacao","2020","On-tenure track, associate professors","2","1","1","0","0","0","0","0","0","0","0","0","2","1","1","0","0","0","0","0","0","0","0","0","0","0","0","0","0","0","-2"
"243179","University of Puerto Rico-Humacao","2020","On-tenure track, assistant professors","2","0","2","0","0","0","0","0","0","0","0","0","2","0","2","0","0","0","0","0","0","0","0","0","0","0","0","0","0","0","-2"
"243179","University of Puerto Rico-Humacao","2020","On-tenure track, instructors","1","0","1","0","0","0","0","0","0","0","0","0","1","0","1","0","0","0","0","0","0","0","0","0","0","0","0","0","0","0","-2"
"243179","University of Puerto Rico-Humacao","2020","Not on tenure track/No tenure system system total","32","12","20","0","0","0","0","0","0","0","0","0","28","10","18","0","0","0","0","0","0","0","0","0","3","1","2","1","1","0","-2"
"243179","University of Puerto Rico-Humacao","2020","Not on tenure/no tenure system, assistant professors","16","7","9","0","0","0","0","0","0","0","0","0","12","5","7","0","0","0","0","0","0","0","0","0","3","1","2","1","1","0","-2"
"243179","University of Puerto Rico-Humacao","2020","Not on tenure/no tenure system, instructors","16","5","11","0","0","0","0","0","0","0","0","0","16","5","11","0","0","0","0","0","0","0","0","0","0","0","0","0","0","0","-2"
"243197","University of Puerto Rico-Mayaguez","2020","Tenured total","398","263","135","0","0","0","0","0","0","0","0","0","397","262","135","0","0","0","1","1","0","0","0","0","0","0","0","0","0","0","-2"
"243197","University of Puerto Rico-Mayaguez","2020","Tenured, professors","314","215","99","0","0","0","0","0","0","0","0","0","313","214","99","0","0","0","1","1","0","0","0","0","0","0","0","0","0","0","-2"
"243197","University of Puerto Rico-Mayaguez","2020","Tenured, associate professors","77","44","33","0","0","0","0","0","0","0","0","0","77","44","33","0","0","0","0","0","0","0","0","0","0","0","0","0","0","0","-2"
"243197","University of Puerto Rico-Mayaguez","2020","Tenured, assistant professors","7","4","3","0","0","0","0","0","0","0","0","0","7","4","3","0","0","0","0","0","0","0","0","0","0","0","0","0","0","0","-2"
"243197","University of Puerto Rico-Mayaguez","2020","On-Tenure track total","12","6","6","0","0","0","0","0","0","0","0","0","10","4","6","0","0","0","0","0","0","0","0","0","2","2","0","0","0","0","-2"
"243197","University of Puerto Rico-Mayaguez","2020","On-tenure track, professors","1","0","1","0","0","0","0","0","0","0","0","0","1","0","1","0","0","0","0","0","0","0","0","0","0","0","0","0","0","0","-2"
"243197","University of Puerto Rico-Mayaguez","2020","On-tenure track, associate professors","7","4","3","0","0","0","0","0","0","0","0","0","6","3","3","0","0","0","0","0","0","0","0","0","1","1","0","0","0","0","-2"
"243197","University of Puerto Rico-Mayaguez","2020","On-tenure track, assistant professors","4","2","2","0","0","0","0","0","0","0","0","0","3","1","2","0","0","0","0","0","0","0","0","0","1","1","0","0","0","0","-2"
"243197","University of Puerto Rico-Mayaguez","2020","Not on tenure track/No tenure system system total","69","35","34","0","0","0","0","0","0","0","0","0","35","16","19","0","0","0","0","0","0","0","0","0","34","19","15","0","0","0","-2"
"243197","University of Puerto Rico-Mayaguez","2020","Not on tenure/no tenure system, professors","1","1","0","0","0","0","0","0","0","0","0","0","1","1","0","0","0","0","0","0","0","0","0","0","0","0","0","0","0","0","-2"
"243197","University of Puerto Rico-Mayaguez","2020","Not on tenure/no tenure system, assistant professors","68","34","34","0","0","0","0","0","0","0","0","0","34","15","19","0","0","0","0","0","0","0","0","0","34","19","15","0","0","0","-2"
"243221","University of Puerto Rico-Rio Piedras","2020","Tenured total","523","289","234","0","0","0","5","5","0","0","0","0","505","276","229","0","0","0","10","6","4","0","0","0","3","2","1","0","0","0","-2"
"243221","University of Puerto Rico-Rio Piedras","2020","Tenured, professors","394","229","165","0","0","0","4","4","0","0","0","0","383","221","162","0","0","0","7","4","3","0","0","0","0","0","0","0","0","0","-2"
"243221","University of Puerto Rico-Rio Piedras","2020","Tenured, associate professors","89","42","47","0","0","0","1","1","0","0","0","0","85","39","46","0","0","0","1","0","1","0","0","0","2","2","0","0","0","0","-2"
"243221","University of Puerto Rico-Rio Piedras","2020","Tenured, assistant professors","34","15","19","0","0","0","0","0","0","0","0","0","32","13","19","0","0","0","2","2","0","0","0","0","0","0","0","0","0","0","-2"
"243221","University of Puerto Rico-Rio Piedras","2020","Tenured, instructors","6","3","3","0","0","0","0","0","0","0","0","0","5","3","2","0","0","0","0","0","0","0","0","0","1","0","1","0","0","0","-2"
"243221","University of Puerto Rico-Rio Piedras","2020","On-Tenure track total","22","12","10","0","0","0","0","0","0","0","0","0","17","8","9","0","0","0","1","1","0","0","0","0","4","3","1","0","0","0","-2"
"243221","University of Puerto Rico-Rio Piedras","2020","On-tenure track, associate professors","2","0","2","0","0","0","0","0","0","0","0","0","2","0","2","0","0","0","0","0","0","0","0","0","0","0","0","0","0","0","-2"
"243221","University of Puerto Rico-Rio Piedras","2020","On-tenure track, assistant professors","20","12","8","0","0","0","0","0","0","0","0","0","15","8","7","0","0","0","1","1","0","0","0","0","4","3","1","0","0","0","-2"
"243221","University of Puerto Rico-Rio Piedras","2020","Not on tenure track/No tenure system system total","174","85","89","0","0","0","1","0","1","1","1","0","153","75","78","0","0","0","1","1","0","0","0","0","18","8","10","0","0","0","-2"
"243221","University of Puerto Rico-Rio Piedras","2020","Not on tenure/no tenure system, professors","2","0","2","0","0","0","0","0","0","0","0","0","1","0","1","0","0","0","0","0","0","0","0","0","1","0","1","0","0","0","-2"
"243221","University of Puerto Rico-Rio Piedras","2020","Not on tenure/no tenure system, assistant professors","89","45","44","0","0","0","1","0","1","1","1","0","77","39","38","0","0","0","1","1","0","0","0","0","9","4","5","0","0","0","-2"
"243221","University of Puerto Rico-Rio Piedras","2020","Not on tenure/no tenure system, instructors","83","40","43","0","0","0","0","0","0","0","0","0","75","36","39","0","0","0","0","0","0","0","0","0","8","4","4","0","0","0","-2"
"243443","Universidad del Sagrado Corazon","2020","Tenured total","46","16","30","0","0","0","0","0","0","0","0","0","45","15","30","0","0","0","1","1","0","0","0","0","0","0","0","0","0","0","-2"
"243443","Universidad del Sagrado Corazon","2020","Tenured, professors","23","8","15","0","0","0","0","0","0","0","0","0","22","7","15","0","0","0","1","1","0","0","0","0","0","0","0","0","0","0","-2"
"243443","Universidad del Sagrado Corazon","2020","Tenured, associate professors","7","1","6","0","0","0","0","0","0","0","0","0","7","1","6","0","0","0","0","0","0","0","0","0","0","0","0","0","0","0","-2"
"243443","Universidad del Sagrado Corazon","2020","Tenured, assistant professors","11","4","7","0","0","0","0","0","0","0","0","0","11","4","7","0","0","0","0","0","0","0","0","0","0","0","0","0","0","0","-2"
"243443","Universidad del Sagrado Corazon","2020","Tenured, instructors","5","3","2","0","0","0","0","0","0","0","0","0","5","3","2","0","0","0","0","0","0","0","0","0","0","0","0","0","0","0","-2"
"243443","Universidad del Sagrado Corazon","2020","Not on tenure track/No tenure system system total","17","5","12","0","0","0","0","0","0","0","0","0","17","5","12","0","0","0","0","0","0","0","0","0","0","0","0","0","0","0","-2"
"243443","Universidad del Sagrado Corazon","2020","Not on tenure/no tenure system, assistant professors","2","1","1","0","0","0","0","0","0","0","0","0","2","1","1","0","0","0","0","0","0","0","0","0","0","0","0","0","0","0","-2"
"243443","Universidad del Sagrado Corazon","2020","Not on tenure/no tenure system, instructors","15","4","11","0","0","0","0","0","0","0","0","0","15","4","11","0","0","0","0","0","0","0","0","0","0","0","0","0","0","0","-2"
"243601","Universidad Ana G. Mendez-Gurabo Campus","2020","Tenured total","19","8","11","0","0","0","0","0","0","0","0","0","19","8","11","0","0","0","0","0","0","0","0","0","0","0","0","0","0","0","-2"
"243601","Universidad Ana G. Mendez-Gurabo Campus","2020","Tenured, professors","12","4","8","0","0","0","0","0","0","0","0","0","12","4","8","0","0","0","0","0","0","0","0","0","0","0","0","0","0","0","-2"
"243601","Universidad Ana G. Mendez-Gurabo Campus","2020","Tenured, associate professors","6","3","3","0","0","0","0","0","0","0","0","0","6","3","3","0","0","0","0","0","0","0","0","0","0","0","0","0","0","0","-2"
"243601","Universidad Ana G. Mendez-Gurabo Campus","2020","Tenured, assistant professors","1","1","0","0","0","0","0","0","0","0","0","0","1","1","0","0","0","0","0","0","0","0","0","0","0","0","0","0","0","0","-2"
"243601","Universidad Ana G. Mendez-Gurabo Campus","2020","Not on tenure track/No tenure system system total","152","72","80","0","0","0","0","0","0","0","0","0","142","66","76","0","0","0","2","1","1","0","0","0","8","5","3","0","0","0","-2"
"243601","Universidad Ana G. Mendez-Gurabo Campus","2020","Not on tenure/no tenure system, professors","14","10","4","0","0","0","0","0","0","0","0","0","10","6","4","0","0","0","1","1","0","0","0","0","3","3","0","0","0","0","-2"
"243601","Universidad Ana G. Mendez-Gurabo Campus","2020","Not on tenure/no tenure system, associate professors","24","9","15","0","0","0","0","0","0","0","0","0","22","9","13","0","0","0","0","0","0","0","0","0","2","0","2","0","0","0","-2"
"243601","Universidad Ana G. Mendez-Gurabo Campus","2020","Not on tenure/no tenure system, assistant professors","75","34","41","0","0","0","0","0","0","0","0","0","74","33","41","0","0","0","0","0","0","0","0","0","1","1","0","0","0","0","-2"
"243601","Universidad Ana G. Mendez-Gurabo Campus","2020","Not on tenure/no tenure system, instructors","39","19","20","0","0","0","0","0","0","0","0","0","36","18","18","0","0","0","1","0","1","0","0","0","2","1","1","0","0","0","-2"
"245953","Mid-America Christian University","2020","Not on tenure track/No tenure system system total","31","16","15","3","3","0","0","0","0","1","0","1","0","0","0","0","0","0","22","11","11","0","0","0","3","1","2","2","1","1","-2"
"245953","Mid-America Christian University","2020","Not on tenure/no tenure system, professors","7","4","3","2","2","0","0","0","0","1","0","1","0","0","0","0","0","0","4","2","2","0","0","0","0","0","0","0","0","0","-2"
"245953","Mid-America Christian University","2020","Not on tenure/no tenure system, associate professors","11","7","4","1","1","0","0","0","0","0","0","0","0","0","0","0","0","0","7","5","2","0","0","0","2","1","1","1","0","1","-2"
"245953","Mid-America Christian University","2020","Not on tenure/no tenure system, assistant professors","11","4","7","0","0","0","0","0","0","0","0","0","0","0","0","0","0","0","9","3","6","0","0","0","1","0","1","1","1","0","-2"
"245953","Mid-America Christian University","2020","Not on tenure/no tenure system, instructors","2","1","1","0","0","0","0","0","0","0","0","0","0","0","0","0","0","0","2","1","1","0","0","0","0","0","0","0","0","0","-2"
"366711","California State University-San Marcos","2020","Tenured total","195","100","95","3","1","2","28","17","11","6","4","2","31","14","17","1","1","0","113","57","56","5","1","4","7","4","3","1","1","0","-2"
"366711","California State University-San Marcos","2020","Tenured, professors","110","57","53","2","1","1","14","10","4","2","1","1","13","8","5","0","0","0","70","33","37","4","0","4","4","3","1","1","1","0","-2"
"366711","California State University-San Marcos","2020","Tenured, associate professors","84","43","41","1","0","1","14","7","7","4","3","1","18","6","12","1","1","0","42","24","18","1","1","0","3","1","2","0","0","0","-2"
"366711","California State University-San Marcos","2020","Tenured, no academic rank","1","0","1","0","0","0","0","0","0","0","0","0","0","0","0","0","0","0","1","0","1","0","0","0","0","0","0","0","0","0","-2"
"366711","California State University-San Marcos","2020","On-Tenure track total","80","40","40","1","1","0","14","9","5","5","3","2","11","5","6","1","1","0","31","13","18","4","1","3","4","3","1","9","4","5","-2"
"366711","California State University-San Marcos","2020","On-tenure track, associate professors","5","4","1","0","0","0","3","3","0","0","0","0","0","0","0","0","0","0","2","1","1","0","0","0","0","0","0","0","0","0","-2"
"366711","California State University-San Marcos","2020","On-tenure track, assistant professors","75","36","39","1","1","0","11","6","5","5","3","2","11","5","6","1","1","0","29","12","17","4","1","3","4","3","1","9","4","5","-2"
"366711","California State University-San Marcos","2020","Not on tenure track/No tenure system system total","117","34","83","1","0","1","10","4","6","0","0","0","15","4","11","0","0","0","82","22","60","7","3","4","1","1","0","1","0","1","-2"
"366711","California State University-San Marcos","2020","Not on tenure/no tenure system, lecturers","117","34","83","1","0","1","10","4","6","0","0","0","15","4","11","0","0","0","82","22","60","7","3","4","1","1","0","1","0","1","-2"
"409315","South Texas College","2020","Not on tenure track/No tenure system system total","574","334","240","1","1","0","55","26","29","12","10","2","344","195","149","0","0","0","155","95","60","0","0","0","7","7","0","0","0","0","-2"
"409315","South Texas College","2020","Not on tenure/no tenure system, professors","8","4","4","0","0","0","1","1","0","1","1","0","1","0","1","0","0","0","5","2","3","0","0","0","0","0","0","0","0","0","-2"
"409315","South Texas College","2020","Not on tenure/no tenure system, associate professors","30","18","12","0","0","0","1","1","0","0","0","0","19","11","8","0","0","0","10","6","4","0","0","0","0","0","0","0","0","0","-2"
"409315","South Texas College","2020","Not on tenure/no tenure system, assistant professors","44","26","18","0","0","0","4","2","2","2","1","1","20","12","8","0","0","0","18","11","7","0","0","0","0","0","0","0","0","0","-2"
"409315","South Texas College","2020","Not on tenure/no tenure system, instructors","420","237","183","1","1","0","46","21","25","8","7","1","258","142","116","0","0","0","105","64","41","0","0","0","2","2","0","0","0","0","-2"
"409315","South Texas College","2020","Not on tenure/no tenure system, lecturers","72","49","23","0","0","0","3","1","2","1","1","0","46","30","16","0","0","0","17","12","5","0","0","0","5","5","0","0","0","0","-2"
"441937","California State University-Channel Islands","2020","Tenured total","89","42","47","0","0","0","7","2","5","3","1","2","18","8","10","0","0","0","54","26","28","1","0","1","6","5","1","0","0","0","-2"
"441937","California State University-Channel Islands","2020","Tenured, professors","57","29","28","0","0","0","5","1","4","1","1","0","13","7","6","0","0","0","35","17","18","0","0","0","3","3","0","0","0","0","-2"
"441937","California State University-Channel Islands","2020","Tenured, associate professors","32","13","19","0","0","0","2","1","1","2","0","2","5","1","4","0","0","0","19","9","10","1","0","1","3","2","1","0","0","0","-2"
"441937","California State University-Channel Islands","2020","On-Tenure track total","63","21","42","0","0","0","5","1","4","1","0","1","14","6","8","0","0","0","37","13","24","1","0","1","0","0","0","5","1","4","-2"
"441937","California State University-Channel Islands","2020","On-tenure track, assistant professors","63","21","42","0","0","0","5","1","4","1","0","1","14","6","8","0","0","0","37","13","24","1","0","1","0","0","0","5","1","4","-2"
"441937","California State University-Channel Islands","2020","Not on tenure track/No tenure system system total","71","28","43","0","0","0","7","2","5","0","0","0","6","2","4","0","0","0","52","19","33","4","4","0","1","0","1","1","1","0","-2"
"441937","California State University-Channel Islands","2020","Not on tenure/no tenure system, lecturers","71","28","43","0","0","0","7","2","5","0","0","0","6","2","4","0","0","0","52","19","33","4","4","0","1","0","1","1","1","0","-2"
"459949","Texas A&M University-San Antonio","2020","Tenured total","63","33","30","0","0","0","9","7","2","1","0","1","8","5","3","0","0","0","42","19","23","0","0","0","1","1","0","2","1","1","-2"
"459949","Texas A&M University-San Antonio","2020","Tenured, professors","20","13","7","0","0","0","3","3","0","1","0","1","3","2","1","0","0","0","12","7","5","0","0","0","1","1","0","0","0","0","-2"
"459949","Texas A&M University-San Antonio","2020","Tenured, associate professors","43","20","23","0","0","0","6","4","2","0","0","0","5","3","2","0","0","0","30","12","18","0","0","0","0","0","0","2","1","1","-2"
"459949","Texas A&M University-San Antonio","2020","On-Tenure track total","67","32","35","1","0","1","9","5","4","3","2","1","17","4","13","0","0","0","26","13","13","0","0","0","3","2","1","8","6","2","-2"
"459949","Texas A&M University-San Antonio","2020","On-tenure track, professors","1","1","0","0","0","0","1","1","0","0","0","0","0","0","0","0","0","0","0","0","0","0","0","0","0","0","0","0","0","0","-2"
"459949","Texas A&M University-San Antonio","2020","On-tenure track, associate professors","4","2","2","0","0","0","1","1","0","0","0","0","1","0","1","0","0","0","2","1","1","0","0","0","0","0","0","0","0","0","-2"
"459949","Texas A&M University-San Antonio","2020","On-tenure track, assistant professors","62","29","33","1","0","1","7","3","4","3","2","1","16","4","12","0","0","0","24","12","12","0","0","0","3","2","1","8","6","2","-2"
"459949","Texas A&M University-San Antonio","2020","Not on tenure track/No tenure system system total","86","39","47","1","0","1","4","4","0","7","2","5","15","6","9","0","0","0","46","21","25","1","0","1","5","1","4","7","5","2","-2"
"459949","Texas A&M University-San Antonio","2020","Not on tenure/no tenure system, assistant professors","1","1","0","0","0","0","1","1","0","0","0","0","0","0","0","0","0","0","0","0","0","0","0","0","0","0","0","0","0","0","-2"
"459949","Texas A&M University-San Antonio","2020","Not on tenure/no tenure system, instructors","23","13","10","0","0","0","0","0","0","1","0","1","5","2","3","0","0","0","14","9","5","1","0","1","1","1","0","1","1","0","-2"
"459949","Texas A&M University-San Antonio","2020","Not on tenure/no tenure system, lecturers","62","25","37","1","0","1","3","3","0","6","2","4","10","4","6","0","0","0","32","12","20","0","0","0","4","0","4","6","4","2","-2"
"488785","University of Saint Katherine","2020","Not on tenure track/No tenure system system total","7","4","3","0","0","0","1","0","1","0","0","0","0","0","0","0","0","0","5","4","1","1","0","1","0","0","0","0","0","0","-2"
"488785","University of Saint Katherine","2020","Not on tenure/no tenure system, assistant professors","6","3","3","0","0","0","1","0","1","0","0","0","0","0","0","0","0","0","4","3","1","1","0","1","0","0","0","0","0","0","-2"
"488785","University of Saint Katherine","2020","Not on tenure/no tenure system, lecturers","1","1","0","0","0","0","0","0","0","0","0","0","0","0","0","0","0","0","1","1","0","0","0","0","0","0","0","0","0","0","-2"
