"unitid","institution name","year","S2014_IS.Instructional staff category","S2014_IS_RV.Grand total","S2014_IS_RV.Grand total men","S2014_IS_RV.Grand total women","S2014_IS_RV.American Indian or Alaska Native total","S2014_IS_RV.American Indian or Alaska Native men","S2014_IS_RV.American Indian or Alaska Native women","S2014_IS_RV.Asian total","S2014_IS_RV.Asian men","S2014_IS_RV.Asian women","S2014_IS_RV.Black or African American total","S2014_IS_RV.Black or African American men","S2014_IS_RV.Black or African American women","S2014_IS_RV.Hispanic or Latino total","S2014_IS_RV.Hispanic or Latino men","S2014_IS_RV.Hispanic or Latino women","S2014_IS_RV.Native Hawaiian or Other Pacific Islander total","S2014_IS_RV.Native Hawaiian or Other Pacific Islander men","S2014_IS_RV.Native Hawaiian or Other Pacific Islander women","S2014_IS_RV.White total","S2014_IS_RV.White men","S2014_IS_RV.White women","S2014_IS_RV.Two or more races total","S2014_IS_RV.Two or more races men","S2014_IS_RV.Two or more races women","S2014_IS_RV.Race/ethnicity unknown total","S2014_IS_RV.Race/ethnicity unknown men","S2014_IS_RV.Race/ethnicity unknown women","S2014_IS_RV.Nonresident alien total","S2014_IS_RV.Nonresident alien men","S2014_IS_RV.Nonresident alien women","IDX_HR"
"109785","Azusa Pacific University","2014","Not on tenure track/No tenure system system total","447","210","237","3","1","2","59","23","36","27","9","18","28","11","17","4","2","2","298","146","152","0","0","0","23","15","8","5","3","2","-2"
"109785","Azusa Pacific University","2014","Not on tenure/no tenure system, professors","146","88","58","0","0","0","18","10","8","9","6","3","5","3","2","0","0","0","106","64","42","0","0","0","8","5","3","0","0","0","-2"
"109785","Azusa Pacific University","2014","Not on tenure/no tenure system, associate professors","120","62","58","2","1","1","18","10","8","12","2","10","7","4","3","1","0","1","72","39","33","0","0","0","8","6","2","0","0","0","-2"
"109785","Azusa Pacific University","2014","Not on tenure/no tenure system, assistant professors","166","58","108","1","0","1","23","3","20","6","1","5","16","4","12","2","2","0","107","41","66","0","0","0","6","4","2","5","3","2","-2"
"109785","Azusa Pacific University","2014","Not on tenure/no tenure system, instructors","15","2","13","0","0","0","0","0","0","0","0","0","0","0","0","1","0","1","13","2","11","0","0","0","1","0","1","0","0","0","-2"
"109819","Bakersfield College","2014","Tenured total","189","99","90","2","1","1","7","2","5","9","4","5","18","7","11","1","1","0","140","80","60","0","0","0","12","4","8","0","0","0","-2"
"109819","Bakersfield College","2014","Tenured, instructors","189","99","90","2","1","1","7","2","5","9","4","5","18","7","11","1","1","0","140","80","60","0","0","0","12","4","8","0","0","0","-2"
"109819","Bakersfield College","2014","On-Tenure track total","56","29","27","0","0","0","6","5","1","1","1","0","9","4","5","0","0","0","39","18","21","0","0","0","1","1","0","0","0","0","-2"
"109819","Bakersfield College","2014","On-tenure track, instructors","56","29","27","0","0","0","6","5","1","1","1","0","9","4","5","0","0","0","39","18","21","0","0","0","1","1","0","0","0","0","-2"
"109819","Bakersfield College","2014","Not on tenure track/No tenure system system total","16","11","5","1","1","0","1","1","0","2","0","2","5","3","2","0","0","0","7","6","1","0","0","0","0","0","0","0","0","0","-2"
"109819","Bakersfield College","2014","Not on tenure/no tenure system, instructors","16","11","5","1","1","0","1","1","0","2","0","2","5","3","2","0","0","0","7","6","1","0","0","0","0","0","0","0","0","0","-2"
"110413","California Lutheran University","2014","Tenured total","78","45","33","0","0","0","7","2","5","3","2","1","5","3","2","0","0","0","62","38","24","0","0","0","0","0","0","1","0","1","-2"
"110413","California Lutheran University","2014","Tenured, professors","46","30","16","0","0","0","4","2","2","2","2","0","1","1","0","0","0","0","39","25","14","0","0","0","0","0","0","0","0","0","-2"
"110413","California Lutheran University","2014","Tenured, associate professors","28","13","15","0","0","0","3","0","3","1","0","1","2","1","1","0","0","0","21","12","9","0","0","0","0","0","0","1","0","1","-2"
"110413","California Lutheran University","2014","Tenured, assistant professors","4","2","2","0","0","0","0","0","0","0","0","0","2","1","1","0","0","0","2","1","1","0","0","0","0","0","0","0","0","0","-2"
"110413","California Lutheran University","2014","On-Tenure track total","50","25","25","0","0","0","2","2","0","1","0","1","6","3","3","0","0","0","36","18","18","2","1","1","1","0","1","2","1","1","-2"
"110413","California Lutheran University","2014","On-tenure track, professors","2","2","0","0","0","0","0","0","0","0","0","0","1","1","0","0","0","0","1","1","0","0","0","0","0","0","0","0","0","0","-2"
"110413","California Lutheran University","2014","On-tenure track, associate professors","6","4","2","0","0","0","0","0","0","1","0","1","1","1","0","0","0","0","4","3","1","0","0","0","0","0","0","0","0","0","-2"
"110413","California Lutheran University","2014","On-tenure track, assistant professors","42","19","23","0","0","0","2","2","0","0","0","0","4","1","3","0","0","0","31","14","17","2","1","1","1","0","1","2","1","1","-2"
"110413","California Lutheran University","2014","Not on tenure track/No tenure system system total","51","26","25","0","0","0","5","2","3","0","0","0","0","0","0","0","0","0","46","24","22","0","0","0","0","0","0","0","0","0","-2"
"110413","California Lutheran University","2014","Not on tenure/no tenure system, professors","8","6","2","0","0","0","2","2","0","0","0","0","0","0","0","0","0","0","6","4","2","0","0","0","0","0","0","0","0","0","-2"
"110413","California Lutheran University","2014","Not on tenure/no tenure system, associate professors","1","0","1","0","0","0","0","0","0","0","0","0","0","0","0","0","0","0","1","0","1","0","0","0","0","0","0","0","0","0","-2"
"110413","California Lutheran University","2014","Not on tenure/no tenure system, assistant professors","6","3","3","0","0","0","1","0","1","0","0","0","0","0","0","0","0","0","5","3","2","0","0","0","0","0","0","0","0","0","-2"
"110413","California Lutheran University","2014","Not on tenure/no tenure system, instructors","3","3","0","0","0","0","0","0","0","0","0","0","0","0","0","0","0","0","3","3","0","0","0","0","0","0","0","0","0","0","-2"
"110413","California Lutheran University","2014","Not on tenure/no tenure system, lecturers","33","14","19","0","0","0","2","0","2","0","0","0","0","0","0","0","0","0","31","14","17","0","0","0","0","0","0","0","0","0","-2"
"110486","California State University-Bakersfield","2014","Tenured total","138","79","59","0","0","0","19","14","5","8","4","4","15","10","5","1","1","0","85","42","43","3","1","2","3","3","0","4","4","0","-2"
"110486","California State University-Bakersfield","2014","Tenured, professors","76","51","25","0","0","0","12","10","2","5","3","2","6","5","1","1","1","0","47","28","19","2","1","1","2","2","0","1","1","0","-2"
"110486","California State University-Bakersfield","2014","Tenured, associate professors","60","27","33","0","0","0","6","3","3","3","1","2","9","5","4","0","0","0","37","14","23","1","0","1","1","1","0","3","3","0","-2"
"110486","California State University-Bakersfield","2014","Tenured, assistant professors","2","1","1","0","0","0","1","1","0","0","0","0","0","0","0","0","0","0","1","0","1","0","0","0","0","0","0","0","0","0","-2"
"110486","California State University-Bakersfield","2014","On-Tenure track total","37","23","14","0","0","0","2","1","1","1","0","1","7","4","3","0","0","0","18","10","8","0","0","0","1","1","0","8","7","1","-2"
"110486","California State University-Bakersfield","2014","On-tenure track, associate professors","1","0","1","0","0","0","1","0","1","0","0","0","0","0","0","0","0","0","0","0","0","0","0","0","0","0","0","0","0","0","-2"
"110486","California State University-Bakersfield","2014","On-tenure track, assistant professors","36","23","13","0","0","0","1","1","0","1","0","1","7","4","3","0","0","0","18","10","8","0","0","0","1","1","0","8","7","1","-2"
"110486","California State University-Bakersfield","2014","Not on tenure track/No tenure system system total","87","35","52","0","0","0","9","6","3","1","0","1","9","4","5","1","0","1","58","21","37","1","1","0","2","0","2","6","3","3","-2"
"110486","California State University-Bakersfield","2014","Not on tenure/no tenure system, lecturers","87","35","52","0","0","0","9","6","3","1","0","1","9","4","5","1","0","1","58","21","37","1","1","0","2","0","2","6","3","3","-2"
"110495","California State University-Stanislaus","2014","Tenured total","173","94","79","1","0","1","22","6","16","6","5","1","15","9","6","0","0","0","120","69","51","0","0","0","8","5","3","1","0","1","-2"
"110495","California State University-Stanislaus","2014","Tenured, professors","120","67","53","1","0","1","15","4","11","2","2","0","11","7","4","0","0","0","86","51","35","0","0","0","5","3","2","0","0","0","-2"
"110495","California State University-Stanislaus","2014","Tenured, associate professors","53","27","26","0","0","0","7","2","5","4","3","1","4","2","2","0","0","0","34","18","16","0","0","0","3","2","1","1","0","1","-2"
"110495","California State University-Stanislaus","2014","On-Tenure track total","59","32","27","0","0","0","11","9","2","4","1","3","6","1","5","0","0","0","28","17","11","0","0","0","4","1","3","6","3","3","-2"
"110495","California State University-Stanislaus","2014","On-tenure track, associate professors","2","2","0","0","0","0","0","0","0","0","0","0","0","0","0","0","0","0","0","0","0","0","0","0","1","1","0","1","1","0","-2"
"110495","California State University-Stanislaus","2014","On-tenure track, assistant professors","57","30","27","0","0","0","11","9","2","4","1","3","6","1","5","0","0","0","28","17","11","0","0","0","3","0","3","5","2","3","-2"
"110495","California State University-Stanislaus","2014","Not on tenure track/No tenure system system total","59","26","33","0","0","0","6","1","5","0","0","0","4","2","2","0","0","0","45","21","24","1","0","1","3","2","1","0","0","0","-2"
"110495","California State University-Stanislaus","2014","Not on tenure/no tenure system, lecturers","59","26","33","0","0","0","6","1","5","0","0","0","4","2","2","0","0","0","45","21","24","1","0","1","3","2","1","0","0","0","-2"
"110510","California State University-San Bernardino","2014","Tenured total","277","155","122","1","1","0","46","24","22","11","3","8","26","14","12","0","0","0","184","107","77","1","1","0","8","5","3","0","0","0","-2"
"110510","California State University-San Bernardino","2014","Tenured, professors","207","130","77","1","1","0","35","23","12","7","2","5","18","10","8","0","0","0","139","89","50","1","1","0","6","4","2","0","0","0","-2"
"110510","California State University-San Bernardino","2014","Tenured, associate professors","64","22","42","0","0","0","10","0","10","4","1","3","8","4","4","0","0","0","40","16","24","0","0","0","2","1","1","0","0","0","-2"
"110510","California State University-San Bernardino","2014","Tenured, assistant professors","6","3","3","0","0","0","1","1","0","0","0","0","0","0","0","0","0","0","5","2","3","0","0","0","0","0","0","0","0","0","-2"
"110510","California State University-San Bernardino","2014","On-Tenure track total","88","44","44","1","0","1","13","6","7","4","2","2","10","3","7","1","1","0","40","24","16","0","0","0","12","5","7","7","3","4","-2"
"110510","California State University-San Bernardino","2014","On-tenure track, professors","4","3","1","0","0","0","1","1","0","0","0","0","0","0","0","0","0","0","2","2","0","0","0","0","1","0","1","0","0","0","-2"
"110510","California State University-San Bernardino","2014","On-tenure track, associate professors","7","2","5","0","0","0","0","0","0","2","0","2","1","1","0","0","0","0","3","0","3","0","0","0","1","1","0","0","0","0","-2"
"110510","California State University-San Bernardino","2014","On-tenure track, assistant professors","77","39","38","1","0","1","12","5","7","2","2","0","9","2","7","1","1","0","35","22","13","0","0","0","10","4","6","7","3","4","-2"
"110510","California State University-San Bernardino","2014","Not on tenure track/No tenure system system total","77","26","51","0","0","0","4","1","3","7","2","5","7","2","5","0","0","0","55","19","36","0","0","0","4","2","2","0","0","0","-2"
"110510","California State University-San Bernardino","2014","Not on tenure/no tenure system, lecturers","77","26","51","0","0","0","4","1","3","7","2","5","7","2","5","0","0","0","55","19","36","0","0","0","4","2","2","0","0","0","-2"
"110529","California State Polytechnic University-Pomona","2014","Tenured total","357","212","145","1","0","1","89","56","33","10","6","4","32","21","11","1","1","0","204","118","86","0","0","0","16","10","6","4","0","4","-2"
"110529","California State Polytechnic University-Pomona","2014","Tenured, professors","258","163","95","0","0","0","60","43","17","6","3","3","26","17","9","1","1","0","156","93","63","0","0","0","9","6","3","0","0","0","-2"
"110529","California State Polytechnic University-Pomona","2014","Tenured, associate professors","97","49","48","1","0","1","29","13","16","4","3","1","6","4","2","0","0","0","48","25","23","0","0","0","6","4","2","3","0","3","-2"
"110529","California State Polytechnic University-Pomona","2014","Tenured, assistant professors","2","0","2","0","0","0","0","0","0","0","0","0","0","0","0","0","0","0","0","0","0","0","0","0","1","0","1","1","0","1","-2"
"110529","California State Polytechnic University-Pomona","2014","On-Tenure track total","118","65","53","1","1","0","28","14","14","1","0","1","9","5","4","0","0","0","48","27","21","2","1","1","8","5","3","21","12","9","-2"
"110529","California State Polytechnic University-Pomona","2014","On-tenure track, professors","1","0","1","0","0","0","0","0","0","0","0","0","0","0","0","0","0","0","1","0","1","0","0","0","0","0","0","0","0","0","-2"
"110529","California State Polytechnic University-Pomona","2014","On-tenure track, associate professors","4","2","2","0","0","0","2","2","0","0","0","0","0","0","0","0","0","0","2","0","2","0","0","0","0","0","0","0","0","0","-2"
"110529","California State Polytechnic University-Pomona","2014","On-tenure track, assistant professors","113","63","50","1","1","0","26","12","14","1","0","1","9","5","4","0","0","0","45","27","18","2","1","1","8","5","3","21","12","9","-2"
"110529","California State Polytechnic University-Pomona","2014","Not on tenure track/No tenure system system total","90","51","39","1","1","0","14","8","6","3","0","3","12","5","7","1","1","0","53","31","22","1","1","0","4","4","0","1","0","1","-2"
"110529","California State Polytechnic University-Pomona","2014","Not on tenure/no tenure system, lecturers","90","51","39","1","1","0","14","8","6","3","0","3","12","5","7","1","1","0","53","31","22","1","1","0","4","4","0","1","0","1","-2"
"110547","California State University-Dominguez Hills","2014","Tenured total","151","73","78","1","0","1","20","13","7","14","5","9","12","7","5","0","0","0","92","45","47","2","1","1","9","2","7","1","0","1","-2"
"110547","California State University-Dominguez Hills","2014","Tenured, professors","87","47","40","0","0","0","9","6","3","7","3","4","7","5","2","0","0","0","58","31","27","1","1","0","5","1","4","0","0","0","-2"
"110547","California State University-Dominguez Hills","2014","Tenured, associate professors","60","25","35","1","0","1","11","7","4","7","2","5","4","2","2","0","0","0","33","14","19","1","0","1","2","0","2","1","0","1","-2"
"110547","California State University-Dominguez Hills","2014","Tenured, assistant professors","4","1","3","0","0","0","0","0","0","0","0","0","1","0","1","0","0","0","1","0","1","0","0","0","2","1","1","0","0","0","-2"
"110547","California State University-Dominguez Hills","2014","On-Tenure track total","53","21","32","1","1","0","13","3","10","5","2","3","8","4","4","0","0","0","21","9","12","1","1","0","1","0","1","3","1","2","-2"
"110547","California State University-Dominguez Hills","2014","On-tenure track, professors","4","2","2","0","0","0","2","1","1","0","0","0","0","0","0","0","0","0","2","1","1","0","0","0","0","0","0","0","0","0","-2"
"110547","California State University-Dominguez Hills","2014","On-tenure track, associate professors","9","4","5","0","0","0","2","0","2","0","0","0","0","0","0","0","0","0","6","3","3","1","1","0","0","0","0","0","0","0","-2"
"110547","California State University-Dominguez Hills","2014","On-tenure track, assistant professors","40","15","25","1","1","0","9","2","7","5","2","3","8","4","4","0","0","0","13","5","8","0","0","0","1","0","1","3","1","2","-2"
"110547","California State University-Dominguez Hills","2014","Not on tenure track/No tenure system system total","99","46","53","1","0","1","10","5","5","7","3","4","17","6","11","0","0","0","52","26","26","0","0","0","12","6","6","0","0","0","-2"
"110547","California State University-Dominguez Hills","2014","Not on tenure/no tenure system, lecturers","99","46","53","1","0","1","10","5","5","7","3","4","17","6","11","0","0","0","52","26","26","0","0","0","12","6","6","0","0","0","-2"
"110556","California State University-Fresno","2014","Tenured total","379","240","139","0","0","0","60","45","15","14","8","6","37","24","13","0","0","0","255","155","100","3","3","0","5","2","3","5","3","2","-2"
"110556","California State University-Fresno","2014","Tenured, professors","221","149","72","0","0","0","29","25","4","8","5","3","17","13","4","0","0","0","159","101","58","2","2","0","5","2","3","1","1","0","-2"
"110556","California State University-Fresno","2014","Tenured, associate professors","154","89","65","0","0","0","31","20","11","6","3","3","19","11","8","0","0","0","93","52","41","1","1","0","0","0","0","4","2","2","-2"
"110556","California State University-Fresno","2014","Tenured, assistant professors","3","1","2","0","0","0","0","0","0","0","0","0","1","0","1","0","0","0","2","1","1","0","0","0","0","0","0","0","0","0","-2"
"110556","California State University-Fresno","2014","Tenured, no academic rank","1","1","0","0","0","0","0","0","0","0","0","0","0","0","0","0","0","0","1","1","0","0","0","0","0","0","0","0","0","0","-2"
"110556","California State University-Fresno","2014","On-Tenure track total","134","62","72","1","0","1","17","10","7","7","3","4","15","6","9","0","0","0","69","28","41","2","2","0","5","1","4","18","12","6","-2"
"110556","California State University-Fresno","2014","On-tenure track, associate professors","2","2","0","0","0","0","0","0","0","0","0","0","1","1","0","0","0","0","1","1","0","0","0","0","0","0","0","0","0","0","-2"
"110556","California State University-Fresno","2014","On-tenure track, assistant professors","131","60","71","1","0","1","17","10","7","7","3","4","13","5","8","0","0","0","68","27","41","2","2","0","5","1","4","18","12","6","-2"
"110556","California State University-Fresno","2014","On-tenure track, no academic rank","1","0","1","0","0","0","0","0","0","0","0","0","1","0","1","0","0","0","0","0","0","0","0","0","0","0","0","0","0","0","-2"
"110556","California State University-Fresno","2014","Not on tenure track/No tenure system system total","153","68","85","1","0","1","11","6","5","5","2","3","17","9","8","0","0","0","111","48","63","2","0","2","5","2","3","1","1","0","-2"
"110556","California State University-Fresno","2014","Not on tenure/no tenure system, lecturers","153","68","85","1","0","1","11","6","5","5","2","3","17","9","8","0","0","0","111","48","63","2","0","2","5","2","3","1","1","0","-2"
"110565","California State University-Fullerton","2014","Tenured total","520","284","236","0","0","0","99","55","44","14","6","8","35","20","15","1","1","0","367","201","166","0","0","0","0","0","0","4","1","3","-2"
"110565","California State University-Fullerton","2014","Tenured, professors","289","172","117","0","0","0","61","37","24","7","2","5","17","8","9","1","1","0","203","124","79","0","0","0","0","0","0","0","0","0","-2"
"110565","California State University-Fullerton","2014","Tenured, associate professors","231","112","119","0","0","0","38","18","20","7","4","3","18","12","6","0","0","0","164","77","87","0","0","0","0","0","0","4","1","3","-2"
"110565","California State University-Fullerton","2014","On-Tenure track total","205","109","96","0","0","0","38","20","18","8","3","5","25","13","12","0","0","0","96","51","45","0","0","0","4","2","2","34","20","14","-2"
"110565","California State University-Fullerton","2014","On-tenure track, professors","4","3","1","0","0","0","3","2","1","0","0","0","1","1","0","0","0","0","0","0","0","0","0","0","0","0","0","0","0","0","-2"
"110565","California State University-Fullerton","2014","On-tenure track, associate professors","23","14","9","0","0","0","5","4","1","0","0","0","2","1","1","0","0","0","12","7","5","0","0","0","1","1","0","3","1","2","-2"
"110565","California State University-Fullerton","2014","On-tenure track, assistant professors","178","92","86","0","0","0","30","14","16","8","3","5","22","11","11","0","0","0","84","44","40","0","0","0","3","1","2","31","19","12","-2"
"110565","California State University-Fullerton","2014","Not on tenure track/No tenure system system total","219","90","129","0","0","0","29","12","17","9","8","1","14","2","12","1","0","1","151","60","91","0","0","0","8","5","3","7","3","4","-2"
"110565","California State University-Fullerton","2014","Not on tenure/no tenure system, lecturers","219","90","129","0","0","0","29","12","17","9","8","1","14","2","12","1","0","1","151","60","91","0","0","0","8","5","3","7","3","4","-2"
"110574","California State University-East Bay","2014","Tenured total","221","116","105","2","2","0","39","19","20","11","6","5","22","9","13","2","1","1","130","68","62","0","0","0","9","6","3","6","5","1","-2"
"110574","California State University-East Bay","2014","Tenured, professors","122","68","54","0","0","0","15","8","7","8","5","3","15","6","9","1","1","0","79","45","34","0","0","0","3","2","1","1","1","0","-2"
"110574","California State University-East Bay","2014","Tenured, associate professors","94","44","50","2","2","0","24","11","13","3","1","2","6","3","3","1","0","1","48","20","28","0","0","0","6","4","2","4","3","1","-2"
"110574","California State University-East Bay","2014","Tenured, assistant professors","5","4","1","0","0","0","0","0","0","0","0","0","1","0","1","0","0","0","3","3","0","0","0","0","0","0","0","1","1","0","-2"
"110574","California State University-East Bay","2014","On-Tenure track total","67","32","35","0","0","0","13","6","7","6","2","4","4","3","1","0","0","0","28","13","15","0","0","0","7","4","3","9","4","5","-2"
"110574","California State University-East Bay","2014","On-tenure track, professors","1","0","1","0","0","0","0","0","0","0","0","0","0","0","0","0","0","0","1","0","1","0","0","0","0","0","0","0","0","0","-2"
"110574","California State University-East Bay","2014","On-tenure track, associate professors","3","2","1","0","0","0","0","0","0","0","0","0","0","0","0","0","0","0","2","1","1","0","0","0","1","1","0","0","0","0","-2"
"110574","California State University-East Bay","2014","On-tenure track, assistant professors","63","30","33","0","0","0","13","6","7","6","2","4","4","3","1","0","0","0","25","12","13","0","0","0","6","3","3","9","4","5","-2"
"110574","California State University-East Bay","2014","Not on tenure track/No tenure system system total","62","28","34","1","1","0","10","5","5","7","0","7","6","6","0","1","0","1","33","16","17","0","0","0","4","0","4","0","0","0","-2"
"110574","California State University-East Bay","2014","Not on tenure/no tenure system, lecturers","62","28","34","1","1","0","10","5","5","7","0","7","6","6","0","1","0","1","33","16","17","0","0","0","4","0","4","0","0","0","-2"
"110583","California State University-Long Beach","2014","Tenured total","590","340","250","2","2","0","115","58","57","20","15","5","51","30","21","0","0","0","380","220","160","5","3","2","16","12","4","1","0","1","-2"
"110583","California State University-Long Beach","2014","Tenured, professors","386","238","148","2","2","0","77","43","34","10","9","1","30","20","10","0","0","0","258","157","101","0","0","0","9","7","2","0","0","0","-2"
"110583","California State University-Long Beach","2014","Tenured, associate professors","198","98","100","0","0","0","37","14","23","8","4","4","21","10","11","0","0","0","119","62","57","5","3","2","7","5","2","1","0","1","-2"
"110583","California State University-Long Beach","2014","Tenured, assistant professors","5","3","2","0","0","0","1","1","0","2","2","0","0","0","0","0","0","0","2","0","2","0","0","0","0","0","0","0","0","0","-2"
"110583","California State University-Long Beach","2014","Tenured, no academic rank","1","1","0","0","0","0","0","0","0","0","0","0","0","0","0","0","0","0","1","1","0","0","0","0","0","0","0","0","0","0","-2"
"110583","California State University-Long Beach","2014","On-Tenure track total","163","64","99","3","1","2","37","9","28","4","0","4","13","3","10","1","1","0","73","32","41","0","0","0","11","5","6","21","13","8","-2"
"110583","California State University-Long Beach","2014","On-tenure track, associate professors","7","2","5","0","0","0","3","0","3","0","0","0","0","0","0","0","0","0","2","1","1","0","0","0","0","0","0","2","1","1","-2"
"110583","California State University-Long Beach","2014","On-tenure track, assistant professors","156","62","94","3","1","2","34","9","25","4","0","4","13","3","10","1","1","0","71","31","40","0","0","0","11","5","6","19","12","7","-2"
"110583","California State University-Long Beach","2014","Not on tenure track/No tenure system system total","242","108","134","1","0","1","30","12","18","9","2","7","23","9","14","0","0","0","172","81","91","3","1","2","4","3","1","0","0","0","-2"
"110583","California State University-Long Beach","2014","Not on tenure/no tenure system, lecturers","242","108","134","1","0","1","30","12","18","9","2","7","23","9","14","0","0","0","172","81","91","3","1","2","4","3","1","0","0","0","-2"
"110592","California State University-Los Angeles","2014","Tenured total","362","199","163","2","0","2","91","53","38","17","9","8","51","32","19","1","1","0","186","96","90","1","0","1","11","8","3","2","0","2","-2"
"110592","California State University-Los Angeles","2014","Tenured, professors","262","145","117","2","0","2","64","36","28","13","7","6","35","22","13","0","0","0","139","74","65","1","0","1","8","6","2","0","0","0","-2"
"110592","California State University-Los Angeles","2014","Tenured, associate professors","99","53","46","0","0","0","27","17","10","4","2","2","15","9","6","1","1","0","47","22","25","0","0","0","3","2","1","2","0","2","-2"
"110592","California State University-Los Angeles","2014","Tenured, no academic rank","1","1","0","0","0","0","0","0","0","0","0","0","1","1","0","0","0","0","0","0","0","0","0","0","0","0","0","0","0","0","-2"
"110592","California State University-Los Angeles","2014","On-Tenure track total","101","37","64","1","0","1","15","4","11","6","1","5","18","8","10","0","0","0","42","17","25","1","0","1","6","2","4","12","5","7","-2"
"110592","California State University-Los Angeles","2014","On-tenure track, professors","16","7","9","0","0","0","2","1","1","1","0","1","3","2","1","0","0","0","10","4","6","0","0","0","0","0","0","0","0","0","-2"
"110592","California State University-Los Angeles","2014","On-tenure track, assistant professors","85","30","55","1","0","1","13","3","10","5","1","4","15","6","9","0","0","0","32","13","19","1","0","1","6","2","4","12","5","7","-2"
"110592","California State University-Los Angeles","2014","Not on tenure track/No tenure system system total","117","54","63","1","1","0","14","6","8","9","5","4","23","13","10","0","0","0","58","26","32","2","0","2","7","2","5","3","1","2","-2"
"110592","California State University-Los Angeles","2014","Not on tenure/no tenure system, lecturers","117","54","63","1","1","0","14","6","8","9","5","4","23","13","10","0","0","0","58","26","32","2","0","2","7","2","5","3","1","2","-2"
"110608","California State University-Northridge","2014","Tenured total","542","295","247","3","1","2","80","46","34","23","7","16","69","32","37","0","0","0","355","201","154","5","3","2","5","4","1","2","1","1","-2"
"110608","California State University-Northridge","2014","Tenured, professors","374","202","172","3","1","2","51","30","21","10","2","8","50","22","28","0","0","0","255","144","111","5","3","2","0","0","0","0","0","0","-2"
"110608","California State University-Northridge","2014","Tenured, associate professors","159","88","71","0","0","0","27","15","12","13","5","8","16","9","7","0","0","0","96","54","42","0","0","0","5","4","1","2","1","1","-2"
"110608","California State University-Northridge","2014","Tenured, assistant professors","3","1","2","0","0","0","1","0","1","0","0","0","2","1","1","0","0","0","0","0","0","0","0","0","0","0","0","0","0","0","-2"
"110608","California State University-Northridge","2014","Tenured, no academic rank","6","4","2","0","0","0","1","1","0","0","0","0","1","0","1","0","0","0","4","3","1","0","0","0","0","0","0","0","0","0","-2"
"110608","California State University-Northridge","2014","On-Tenure track total","193","83","110","3","2","1","34","13","21","13","5","8","10","7","3","0","0","0","102","41","61","2","0","2","11","5","6","18","10","8","-2"
"110608","California State University-Northridge","2014","On-tenure track, associate professors","19","9","10","0","0","0","2","0","2","2","2","0","2","1","1","0","0","0","13","6","7","0","0","0","0","0","0","0","0","0","-2"
"110608","California State University-Northridge","2014","On-tenure track, assistant professors","174","74","100","3","2","1","32","13","19","11","3","8","8","6","2","0","0","0","89","35","54","2","0","2","11","5","6","18","10","8","-2"
"110608","California State University-Northridge","2014","Not on tenure track/No tenure system system total","158","67","91","1","0","1","12","6","6","7","3","4","27","16","11","0","0","0","104","39","65","1","0","1","6","3","3","0","0","0","-2"
"110608","California State University-Northridge","2014","Not on tenure/no tenure system, lecturers","158","67","91","1","0","1","12","6","6","7","3","4","27","16","11","0","0","0","104","39","65","1","0","1","6","3","3","0","0","0","-2"
"110617","California State University-Sacramento","2014","Tenured total","498","280","218","4","2","2","77","46","31","25","10","15","44","26","18","0","0","0","320","180","140","2","1","1","14","8","6","12","7","5","-2"
"110617","California State University-Sacramento","2014","Tenured, professors","342","195","147","3","2","1","43","23","20","17","6","11","34","21","13","0","0","0","234","138","96","2","1","1","6","4","2","3","0","3","-2"
"110617","California State University-Sacramento","2014","Tenured, associate professors","150","81","69","1","0","1","33","22","11","8","4","4","10","5","5","0","0","0","82","40","42","0","0","0","7","3","4","9","7","2","-2"
"110617","California State University-Sacramento","2014","Tenured, assistant professors","4","2","2","0","0","0","1","1","0","0","0","0","0","0","0","0","0","0","2","0","2","0","0","0","1","1","0","0","0","0","-2"
"110617","California State University-Sacramento","2014","Tenured, no academic rank","2","2","0","0","0","0","0","0","0","0","0","0","0","0","0","0","0","0","2","2","0","0","0","0","0","0","0","0","0","0","-2"
"110617","California State University-Sacramento","2014","On-Tenure track total","98","51","47","1","1","0","12","7","5","1","1","0","1","0","1","0","0","0","73","37","36","1","1","0","6","3","3","3","1","2","-2"
"110617","California State University-Sacramento","2014","On-tenure track, professors","2","0","2","0","0","0","0","0","0","0","0","0","0","0","0","0","0","0","2","0","2","0","0","0","0","0","0","0","0","0","-2"
"110617","California State University-Sacramento","2014","On-tenure track, associate professors","4","3","1","0","0","0","1","1","0","0","0","0","0","0","0","0","0","0","3","2","1","0","0","0","0","0","0","0","0","0","-2"
"110617","California State University-Sacramento","2014","On-tenure track, assistant professors","91","48","43","1","1","0","11","6","5","1","1","0","1","0","1","0","0","0","67","35","32","1","1","0","6","3","3","3","1","2","-2"
"110617","California State University-Sacramento","2014","On-tenure track, no academic rank","1","0","1","0","0","0","0","0","0","0","0","0","0","0","0","0","0","0","1","0","1","0","0","0","0","0","0","0","0","0","-2"
"110617","California State University-Sacramento","2014","Not on tenure track/No tenure system system total","100","42","58","0","0","0","8","5","3","2","2","0","2","0","2","0","0","0","82","32","50","1","0","1","4","2","2","1","1","0","-2"
"110617","California State University-Sacramento","2014","Not on tenure/no tenure system, lecturers","100","42","58","0","0","0","8","5","3","2","2","0","2","0","2","0","0","0","82","32","50","1","0","1","4","2","2","1","1","0","-2"
"110671","University of California-Riverside","2014","Tenured total","483","335","148","4","2","2","96","67","29","14","9","5","29","17","12","0","0","0","334","237","97","0","0","0","5","3","2","1","0","1","-2"
"110671","University of California-Riverside","2014","Tenured, professors","318","247","71","1","1","0","62","51","11","8","5","3","18","12","6","0","0","0","225","176","49","0","0","0","3","2","1","1","0","1","-2"
"110671","University of California-Riverside","2014","Tenured, associate professors","163","87","76","3","1","2","34","16","18","6","4","2","11","5","6","0","0","0","107","60","47","0","0","0","2","1","1","0","0","0","-2"
"110671","University of California-Riverside","2014","Tenured, lecturers","2","1","1","0","0","0","0","0","0","0","0","0","0","0","0","0","0","0","2","1","1","0","0","0","0","0","0","0","0","0","-2"
"110671","University of California-Riverside","2014","On-Tenure track total","168","106","62","1","1","0","45","28","17","7","3","4","8","6","2","0","0","0","70","43","27","1","0","1","7","5","2","29","20","9","-2"
"110671","University of California-Riverside","2014","On-tenure track, assistant professors","167","106","61","1","1","0","45","28","17","7","3","4","8","6","2","0","0","0","69","43","26","1","0","1","7","5","2","29","20","9","-2"
"110671","University of California-Riverside","2014","On-tenure track, lecturers","1","0","1","0","0","0","0","0","0","0","0","0","0","0","0","0","0","0","1","0","1","0","0","0","0","0","0","0","0","0","-2"
"110671","University of California-Riverside","2014","Not on tenure track/No tenure system system total","132","73","59","1","1","0","20","9","11","6","3","3","11","3","8","0","0","0","80","47","33","2","2","0","2","1","1","10","7","3","-2"
"110671","University of California-Riverside","2014","Not on tenure/no tenure system, professors","7","5","2","0","0","0","1","0","1","0","0","0","0","0","0","0","0","0","6","5","1","0","0","0","0","0","0","0","0","0","-2"
"110671","University of California-Riverside","2014","Not on tenure/no tenure system, associate professors","3","2","1","0","0","0","0","0","0","1","0","1","0","0","0","0","0","0","2","2","0","0","0","0","0","0","0","0","0","0","-2"
"110671","University of California-Riverside","2014","Not on tenure/no tenure system, assistant professors","46","31","15","0","0","0","12","6","6","4","3","1","3","2","1","0","0","0","15","10","5","2","2","0","1","1","0","9","7","2","-2"
"110671","University of California-Riverside","2014","Not on tenure/no tenure system, instructors","1","0","1","0","0","0","0","0","0","0","0","0","0","0","0","0","0","0","1","0","1","0","0","0","0","0","0","0","0","0","-2"
"110671","University of California-Riverside","2014","Not on tenure/no tenure system, lecturers","74","35","39","1","1","0","7","3","4","1","0","1","8","1","7","0","0","0","55","30","25","0","0","0","1","0","1","1","0","1","-2"
"110671","University of California-Riverside","2014","Not on tenure/no tenure system, no academic rank","1","0","1","0","0","0","0","0","0","0","0","0","0","0","0","0","0","0","1","0","1","0","0","0","0","0","0","0","0","0","-2"
"110705","University of California-Santa Barbara","2014","Tenured total","696","466","230","4","1","3","74","49","25","13","8","5","48","28","20","0","0","0","527","361","166","0","0","0","3","2","1","27","17","10","-2"
"110705","University of California-Santa Barbara","2014","Tenured, professors","511","365","146","2","1","1","58","38","20","6","4","2","24","17","7","0","0","0","399","290","109","0","0","0","3","2","1","19","13","6","-2"
"110705","University of California-Santa Barbara","2014","Tenured, associate professors","159","89","70","2","0","2","16","11","5","6","3","3","21","10","11","0","0","0","107","61","46","0","0","0","0","0","0","7","4","3","-2"
"110705","University of California-Santa Barbara","2014","Tenured, lecturers","26","12","14","0","0","0","0","0","0","1","1","0","3","1","2","0","0","0","21","10","11","0","0","0","0","0","0","1","0","1","-2"
"110705","University of California-Santa Barbara","2014","On-Tenure track total","89","50","39","2","0","2","7","3","4","5","2","3","9","5","4","0","0","0","43","24","19","2","1","1","7","4","3","14","11","3","-2"
"110705","University of California-Santa Barbara","2014","On-tenure track, professors","1","1","0","0","0","0","0","0","0","0","0","0","0","0","0","0","0","0","0","0","0","0","0","0","0","0","0","1","1","0","-2"
"110705","University of California-Santa Barbara","2014","On-tenure track, associate professors","1","1","0","0","0","0","0","0","0","0","0","0","0","0","0","0","0","0","0","0","0","0","0","0","0","0","0","1","1","0","-2"
"110705","University of California-Santa Barbara","2014","On-tenure track, assistant professors","82","45","37","2","0","2","7","3","4","5","2","3","9","5","4","0","0","0","38","21","17","2","1","1","7","4","3","12","9","3","-2"
"110705","University of California-Santa Barbara","2014","On-tenure track, lecturers","5","3","2","0","0","0","0","0","0","0","0","0","0","0","0","0","0","0","5","3","2","0","0","0","0","0","0","0","0","0","-2"
"110705","University of California-Santa Barbara","2014","Not on tenure track/No tenure system system total","124","57","67","0","0","0","9","2","7","1","0","1","5","1","4","0","0","0","90","42","48","0","0","0","2","2","0","17","10","7","-2"
"110705","University of California-Santa Barbara","2014","Not on tenure/no tenure system, associate professors","3","2","1","0","0","0","0","0","0","1","0","1","0","0","0","0","0","0","0","0","0","0","0","0","0","0","0","2","2","0","-2"
"110705","University of California-Santa Barbara","2014","Not on tenure/no tenure system, assistant professors","13","9","4","0","0","0","1","0","1","0","0","0","0","0","0","0","0","0","5","4","1","0","0","0","0","0","0","7","5","2","-2"
"110705","University of California-Santa Barbara","2014","Not on tenure/no tenure system, lecturers","107","46","61","0","0","0","8","2","6","0","0","0","5","1","4","0","0","0","84","38","46","0","0","0","2","2","0","8","3","5","-2"
"110705","University of California-Santa Barbara","2014","Not on tenure/no tenure system, no academic rank","1","0","1","0","0","0","0","0","0","0","0","0","0","0","0","0","0","0","1","0","1","0","0","0","0","0","0","0","0","0","-2"
"110714","University of California-Santa Cruz","2014","Tenured total","426","265","161","7","1","6","63","37","26","9","8","1","38","18","20","0","0","0","305","198","107","0","0","0","4","3","1","0","0","0","-2"
"110714","University of California-Santa Cruz","2014","Tenured, professors","289","189","100","2","0","2","39","27","12","4","4","0","22","9","13","0","0","0","220","147","73","0","0","0","2","2","0","0","0","0","-2"
"110714","University of California-Santa Cruz","2014","Tenured, associate professors","129","73","56","5","1","4","24","10","14","5","4","1","14","9","5","0","0","0","80","49","31","0","0","0","1","0","1","0","0","0","-2"
"110714","University of California-Santa Cruz","2014","Tenured, lecturers","8","3","5","0","0","0","0","0","0","0","0","0","2","0","2","0","0","0","5","2","3","0","0","0","1","1","0","0","0","0","-2"
"110714","University of California-Santa Cruz","2014","On-Tenure track total","86","48","38","1","0","1","12","8","4","3","1","2","11","7","4","0","0","0","46","21","25","1","1","0","1","1","0","11","9","2","-2"
"110714","University of California-Santa Cruz","2014","On-tenure track, associate professors","1","1","0","0","0","0","0","0","0","0","0","0","0","0","0","0","0","0","1","1","0","0","0","0","0","0","0","0","0","0","-2"
"110714","University of California-Santa Cruz","2014","On-tenure track, assistant professors","84","47","37","1","0","1","12","8","4","3","1","2","11","7","4","0","0","0","44","20","24","1","1","0","1","1","0","11","9","2","-2"
"110714","University of California-Santa Cruz","2014","On-tenure track, lecturers","1","0","1","0","0","0","0","0","0","0","0","0","0","0","0","0","0","0","1","0","1","0","0","0","0","0","0","0","0","0","-2"
"110714","University of California-Santa Cruz","2014","Not on tenure track/No tenure system system total","50","30","20","0","0","0","3","1","2","1","0","1","7","4","3","0","0","0","35","23","12","0","0","0","0","0","0","4","2","2","-2"
"110714","University of California-Santa Cruz","2014","Not on tenure/no tenure system, professors","4","3","1","0","0","0","0","0","0","0","0","0","0","0","0","0","0","0","3","2","1","0","0","0","0","0","0","1","1","0","-2"
"110714","University of California-Santa Cruz","2014","Not on tenure/no tenure system, associate professors","2","2","0","0","0","0","0","0","0","0","0","0","0","0","0","0","0","0","2","2","0","0","0","0","0","0","0","0","0","0","-2"
"110714","University of California-Santa Cruz","2014","Not on tenure/no tenure system, assistant professors","6","2","4","0","0","0","0","0","0","0","0","0","0","0","0","0","0","0","3","1","2","0","0","0","0","0","0","3","1","2","-2"
"110714","University of California-Santa Cruz","2014","Not on tenure/no tenure system, lecturers","34","21","13","0","0","0","3","1","2","1","0","1","6","4","2","0","0","0","24","16","8","0","0","0","0","0","0","0","0","0","-2"
"110714","University of California-Santa Cruz","2014","Not on tenure/no tenure system, no academic rank","4","2","2","0","0","0","0","0","0","0","0","0","1","0","1","0","0","0","3","2","1","0","0","0","0","0","0","0","0","0","-2"
"111966","Charles R Drew University of Medicine and Science","2014","Not on tenure track/No tenure system system total","60","25","35","0","0","0","16","6","10","24","8","16","3","2","1","0","0","0","14","8","6","1","0","1","2","1","1","0","0","0","-2"
"111966","Charles R Drew University of Medicine and Science","2014","Not on tenure/no tenure system, professors","6","6","0","0","0","0","2","2","0","1","1","0","0","0","0","0","0","0","3","3","0","0","0","0","0","0","0","0","0","0","-2"
"111966","Charles R Drew University of Medicine and Science","2014","Not on tenure/no tenure system, associate professors","15","4","11","0","0","0","3","1","2","5","1","4","2","1","1","0","0","0","5","1","4","0","0","0","0","0","0","0","0","0","-2"
"111966","Charles R Drew University of Medicine and Science","2014","Not on tenure/no tenure system, assistant professors","24","10","14","0","0","0","9","3","6","7","2","5","1","1","0","0","0","0","6","4","2","0","0","0","1","0","1","0","0","0","-2"
"111966","Charles R Drew University of Medicine and Science","2014","Not on tenure/no tenure system, instructors","15","5","10","0","0","0","2","0","2","11","4","7","0","0","0","0","0","0","0","0","0","1","0","1","1","1","0","0","0","0","-2"
"112075","Concordia University-Irvine","2014","Not on tenure track/No tenure system system total","100","50","50","0","0","0","4","2","2","2","0","2","4","3","1","0","0","0","89","45","44","0","0","0","0","0","0","1","0","1","-2"
"112075","Concordia University-Irvine","2014","Not on tenure/no tenure system, professors","27","20","7","0","0","0","0","0","0","0","0","0","2","2","0","0","0","0","25","18","7","0","0","0","0","0","0","0","0","0","-2"
"112075","Concordia University-Irvine","2014","Not on tenure/no tenure system, associate professors","16","11","5","0","0","0","3","2","1","0","0","0","0","0","0","0","0","0","13","9","4","0","0","0","0","0","0","0","0","0","-2"
"112075","Concordia University-Irvine","2014","Not on tenure/no tenure system, assistant professors","57","19","38","0","0","0","1","0","1","2","0","2","2","1","1","0","0","0","51","18","33","0","0","0","0","0","0","1","0","1","-2"
"112084","San Diego Christian College","2014","Not on tenure track/No tenure system system total","17","9","8","0","0","0","0","0","0","1","0","1","0","0","0","1","1","0","15","8","7","0","0","0","0","0","0","0","0","0","-2"
"112084","San Diego Christian College","2014","Not on tenure/no tenure system, professors","3","3","0","0","0","0","0","0","0","0","0","0","0","0","0","0","0","0","3","3","0","0","0","0","0","0","0","0","0","0","-2"
"112084","San Diego Christian College","2014","Not on tenure/no tenure system, associate professors","5","3","2","0","0","0","0","0","0","0","0","0","0","0","0","0","0","0","5","3","2","0","0","0","0","0","0","0","0","0","-2"
"112084","San Diego Christian College","2014","Not on tenure/no tenure system, assistant professors","8","3","5","0","0","0","0","0","0","1","0","1","0","0","0","1","1","0","6","2","4","0","0","0","0","0","0","0","0","0","-2"
"112084","San Diego Christian College","2014","Not on tenure/no tenure system, instructors","1","0","1","0","0","0","0","0","0","0","0","0","0","0","0","0","0","0","1","0","1","0","0","0","0","0","0","0","0","0","-2"
"113236","Cypress College","2014","Tenured total","176","75","101","0","0","0","17","4","13","4","0","4","24","14","10","1","0","1","102","46","56","7","2","5","19","9","10","2","0","2","-2"
"113236","Cypress College","2014","Tenured, instructors","176","75","101","0","0","0","17","4","13","4","0","4","24","14","10","1","0","1","102","46","56","7","2","5","19","9","10","2","0","2","-2"
"113236","Cypress College","2014","On-Tenure track total","20","6","14","0","0","0","2","0","2","1","0","1","7","2","5","0","0","0","10","4","6","0","0","0","0","0","0","0","0","0","-2"
"113236","Cypress College","2014","On-tenure track, instructors","20","6","14","0","0","0","2","0","2","1","0","1","7","2","5","0","0","0","10","4","6","0","0","0","0","0","0","0","0","0","-2"
"114716","Foothill College","2014","Tenured total","148","58","90","0","0","0","23","6","17","6","3","3","22","8","14","0","0","0","93","39","54","0","0","0","4","2","2","0","0","0","-2"
"114716","Foothill College","2014","Tenured, instructors","148","58","90","0","0","0","23","6","17","6","3","3","22","8","14","0","0","0","93","39","54","0","0","0","4","2","2","0","0","0","-2"
"114716","Foothill College","2014","On-Tenure track total","31","11","20","0","0","0","1","0","1","2","1","1","2","0","2","0","0","0","25","9","16","1","1","0","0","0","0","0","0","0","-2"
"114716","Foothill College","2014","On-tenure track, instructors","31","11","20","0","0","0","1","0","1","2","1","1","2","0","2","0","0","0","25","9","16","1","1","0","0","0","0","0","0","0","-2"
"114716","Foothill College","2014","Not on tenure track/No tenure system system total","1","1","0","0","0","0","0","0","0","1","1","0","0","0","0","0","0","0","0","0","0","0","0","0","0","0","0","0","0","0","-2"
"114716","Foothill College","2014","Not on tenure/no tenure system, instructors","1","1","0","0","0","0","0","0","0","1","1","0","0","0","0","0","0","0","0","0","0","0","0","0","0","0","0","0","0","0","-2"
"114813","Fresno Pacific University","2014","Tenured total","40","28","12","0","0","0","2","2","0","0","0","0","0","0","0","0","0","0","35","24","11","2","1","1","1","1","0","0","0","0","-2"
"114813","Fresno Pacific University","2014","Tenured, professors","11","10","1","0","0","0","1","1","0","0","0","0","0","0","0","0","0","0","10","9","1","0","0","0","0","0","0","0","0","0","-2"
"114813","Fresno Pacific University","2014","Tenured, associate professors","26","16","10","0","0","0","0","0","0","0","0","0","0","0","0","0","0","0","23","14","9","2","1","1","1","1","0","0","0","0","-2"
"114813","Fresno Pacific University","2014","Tenured, assistant professors","3","2","1","0","0","0","1","1","0","0","0","0","0","0","0","0","0","0","2","1","1","0","0","0","0","0","0","0","0","0","-2"
"114813","Fresno Pacific University","2014","On-Tenure track total","37","22","15","0","0","0","5","2","3","1","1","0","2","0","2","0","0","0","26","19","7","1","0","1","2","0","2","0","0","0","-2"
"114813","Fresno Pacific University","2014","On-tenure track, professors","1","1","0","0","0","0","0","0","0","0","0","0","0","0","0","0","0","0","1","1","0","0","0","0","0","0","0","0","0","0","-2"
"114813","Fresno Pacific University","2014","On-tenure track, associate professors","8","7","1","0","0","0","2","2","0","0","0","0","1","0","1","0","0","0","5","5","0","0","0","0","0","0","0","0","0","0","-2"
"114813","Fresno Pacific University","2014","On-tenure track, assistant professors","28","14","14","0","0","0","3","0","3","1","1","0","1","0","1","0","0","0","20","13","7","1","0","1","2","0","2","0","0","0","-2"
"114813","Fresno Pacific University","2014","Not on tenure track/No tenure system system total","28","9","19","0","0","0","0","0","0","0","0","0","0","0","0","0","0","0","28","9","19","0","0","0","0","0","0","0","0","0","-2"
"114813","Fresno Pacific University","2014","Not on tenure/no tenure system, professors","1","1","0","0","0","0","0","0","0","0","0","0","0","0","0","0","0","0","1","1","0","0","0","0","0","0","0","0","0","0","-2"
"114813","Fresno Pacific University","2014","Not on tenure/no tenure system, associate professors","3","2","1","0","0","0","0","0","0","0","0","0","0","0","0","0","0","0","3","2","1","0","0","0","0","0","0","0","0","0","-2"
"114813","Fresno Pacific University","2014","Not on tenure/no tenure system, assistant professors","19","5","14","0","0","0","0","0","0","0","0","0","0","0","0","0","0","0","19","5","14","0","0","0","0","0","0","0","0","0","-2"
"114813","Fresno Pacific University","2014","Not on tenure/no tenure system, instructors","5","1","4","0","0","0","0","0","0","0","0","0","0","0","0","0","0","0","5","1","4","0","0","0","0","0","0","0","0","0","-2"
"115773","Humphreys University-Stockton and Modesto Campuses","2014","Not on tenure track/No tenure system system total","20","7","13","0","0","0","1","1","0","1","0","1","1","0","1","0","0","0","6","6","0","11","0","11","0","0","0","0","0","0","-2"
"115773","Humphreys University-Stockton and Modesto Campuses","2014","Not on tenure/no tenure system, professors","3","3","0","0","0","0","0","0","0","0","0","0","0","0","0","0","0","0","3","3","0","0","0","0","0","0","0","0","0","0","-2"
"115773","Humphreys University-Stockton and Modesto Campuses","2014","Not on tenure/no tenure system, associate professors","4","2","2","0","0","0","0","0","0","1","0","1","0","0","0","0","0","0","2","2","0","1","0","1","0","0","0","0","0","0","-2"
"115773","Humphreys University-Stockton and Modesto Campuses","2014","Not on tenure/no tenure system, assistant professors","9","2","7","0","0","0","1","1","0","0","0","0","1","0","1","0","0","0","1","1","0","6","0","6","0","0","0","0","0","0","-2"
"115773","Humphreys University-Stockton and Modesto Campuses","2014","Not on tenure/no tenure system, instructors","3","0","3","0","0","0","0","0","0","0","0","0","0","0","0","0","0","0","0","0","0","3","0","3","0","0","0","0","0","0","-2"
"115773","Humphreys University-Stockton and Modesto Campuses","2014","Not on tenure/no tenure system, no academic rank","1","0","1","0","0","0","0","0","0","0","0","0","0","0","0","0","0","0","0","0","0","1","0","1","0","0","0","0","0","0","-2"
"117104","Life Pacific University","2014","Not on tenure track/No tenure system system total","11","9","2","0","0","0","0","0","0","1","1","0","2","1","1","0","0","0","8","7","1","0","0","0","0","0","0","0","0","0","-2"
"117104","Life Pacific University","2014","Not on tenure/no tenure system, professors","3","3","0","0","0","0","0","0","0","0","0","0","0","0","0","0","0","0","3","3","0","0","0","0","0","0","0","0","0","0","-2"
"117104","Life Pacific University","2014","Not on tenure/no tenure system, associate professors","6","5","1","0","0","0","0","0","0","1","1","0","0","0","0","0","0","0","5","4","1","0","0","0","0","0","0","0","0","0","-2"
"117104","Life Pacific University","2014","Not on tenure/no tenure system, assistant professors","2","1","1","0","0","0","0","0","0","0","0","0","2","1","1","0","0","0","0","0","0","0","0","0","0","0","0","0","0","0","-2"
"117140","University of La Verne","2014","Tenured total","124","71","53","0","0","0","10","4","6","4","3","1","8","4","4","42","0","42","60","60","0","0","0","0","0","0","0","0","0","0","-2"
"117140","University of La Verne","2014","Tenured, professors","89","55","34","0","0","0","5","2","3","2","2","0","4","3","1","30","0","30","48","48","0","0","0","0","0","0","0","0","0","0","-2"
"117140","University of La Verne","2014","Tenured, associate professors","34","15","19","0","0","0","4","1","3","2","1","1","4","1","3","12","0","12","12","12","0","0","0","0","0","0","0","0","0","0","-2"
"117140","University of La Verne","2014","Tenured, assistant professors","1","1","0","0","0","0","1","1","0","0","0","0","0","0","0","0","0","0","0","0","0","0","0","0","0","0","0","0","0","0","-2"
"117140","University of La Verne","2014","On-Tenure track total","60","20","40","0","0","0","15","3","12","2","0","2","7","6","1","0","0","0","24","7","17","0","0","0","12","4","8","0","0","0","-2"
"117140","University of La Verne","2014","On-tenure track, associate professors","13","3","10","0","0","0","2","0","2","1","0","1","2","2","0","0","0","0","7","1","6","0","0","0","1","0","1","0","0","0","-2"
"117140","University of La Verne","2014","On-tenure track, assistant professors","47","17","30","0","0","0","13","3","10","1","0","1","5","4","1","0","0","0","17","6","11","0","0","0","11","4","7","0","0","0","-2"
"117140","University of La Verne","2014","Not on tenure track/No tenure system system total","54","22","32","0","0","0","1","0","1","3","2","1","7","3","4","0","0","0","33","12","21","0","0","0","10","5","5","0","0","0","-2"
"117140","University of La Verne","2014","Not on tenure/no tenure system, professors","10","6","4","0","0","0","0","0","0","1","1","0","1","1","0","0","0","0","7","3","4","0","0","0","1","1","0","0","0","0","-2"
"117140","University of La Verne","2014","Not on tenure/no tenure system, associate professors","11","2","9","0","0","0","0","0","0","1","0","1","2","0","2","0","0","0","7","2","5","0","0","0","1","0","1","0","0","0","-2"
"117140","University of La Verne","2014","Not on tenure/no tenure system, assistant professors","23","9","14","0","0","0","1","0","1","0","0","0","1","0","1","0","0","0","15","6","9","0","0","0","6","3","3","0","0","0","-2"
"117140","University of La Verne","2014","Not on tenure/no tenure system, instructors","10","5","5","0","0","0","0","0","0","1","1","0","3","2","1","0","0","0","4","1","3","0","0","0","2","1","1","0","0","0","-2"
"118541","Marymount California University","2014","Not on tenure track/No tenure system system total","33","17","16","0","0","0","2","1","1","4","2","2","3","2","1","0","0","0","24","12","12","0","0","0","0","0","0","0","0","0","-2"
"118541","Marymount California University","2014","Not on tenure/no tenure system, professors","18","10","8","0","0","0","0","0","0","1","0","1","1","1","0","0","0","0","16","9","7","0","0","0","0","0","0","0","0","0","-2"
"118541","Marymount California University","2014","Not on tenure/no tenure system, associate professors","8","5","3","0","0","0","1","0","1","2","2","0","0","0","0","0","0","0","5","3","2","0","0","0","0","0","0","0","0","0","-2"
"118541","Marymount California University","2014","Not on tenure/no tenure system, assistant professors","6","2","4","0","0","0","1","1","0","0","0","0","2","1","1","0","0","0","3","0","3","0","0","0","0","0","0","0","0","0","-2"
"118541","Marymount California University","2014","Not on tenure/no tenure system, instructors","1","0","1","0","0","0","0","0","0","1","0","1","0","0","0","0","0","0","0","0","0","0","0","0","0","0","0","0","0","0","-2"
"118976","Modesto Junior College","2014","Tenured total","138","59","79","1","0","1","6","1","5","5","2","3","12","8","4","0","0","0","102","44","58","0","0","0","11","4","7","1","0","1","-2"
"118976","Modesto Junior College","2014","Tenured, instructors","138","59","79","1","0","1","6","1","5","5","2","3","12","8","4","0","0","0","102","44","58","0","0","0","11","4","7","1","0","1","-2"
"118976","Modesto Junior College","2014","On-Tenure track total","54","33","21","0","0","0","1","0","1","4","1","3","4","3","1","0","0","0","39","27","12","0","0","0","6","2","4","0","0","0","-2"
"118976","Modesto Junior College","2014","On-tenure track, instructors","54","33","21","0","0","0","1","0","1","4","1","3","4","3","1","0","0","0","39","27","12","0","0","0","6","2","4","0","0","0","-2"
"118976","Modesto Junior College","2014","Not on tenure track/No tenure system system total","26","13","13","1","1","0","2","0","2","1","0","1","2","0","2","0","0","0","20","12","8","0","0","0","0","0","0","0","0","0","-2"
"118976","Modesto Junior College","2014","Not on tenure/no tenure system, instructors","26","13","13","1","1","0","2","0","2","1","0","1","2","0","2","0","0","0","20","12","8","0","0","0","0","0","0","0","0","0","-2"
"119173","Mount Saint Mary's University","2014","Tenured total","54","12","42","0","0","0","3","0","3","3","0","3","0","0","0","1","0","1","46","11","35","0","0","0","1","1","0","0","0","0","-2"
"119173","Mount Saint Mary's University","2014","Tenured, professors","21","5","16","0","0","0","2","0","2","0","0","0","0","0","0","0","0","0","18","4","14","0","0","0","1","1","0","0","0","0","-2"
"119173","Mount Saint Mary's University","2014","Tenured, associate professors","21","4","17","0","0","0","1","0","1","2","0","2","0","0","0","0","0","0","18","4","14","0","0","0","0","0","0","0","0","0","-2"
"119173","Mount Saint Mary's University","2014","Tenured, assistant professors","12","3","9","0","0","0","0","0","0","1","0","1","0","0","0","1","0","1","10","3","7","0","0","0","0","0","0","0","0","0","-2"
"119173","Mount Saint Mary's University","2014","On-Tenure track total","23","6","17","0","0","0","3","2","1","4","1","3","1","0","1","0","0","0","15","3","12","0","0","0","0","0","0","0","0","0","-2"
"119173","Mount Saint Mary's University","2014","On-tenure track, associate professors","8","3","5","0","0","0","2","2","0","0","0","0","1","0","1","0","0","0","5","1","4","0","0","0","0","0","0","0","0","0","-2"
"119173","Mount Saint Mary's University","2014","On-tenure track, assistant professors","14","3","11","0","0","0","1","0","1","3","1","2","0","0","0","0","0","0","10","2","8","0","0","0","0","0","0","0","0","0","-2"
"119173","Mount Saint Mary's University","2014","On-tenure track, instructors","1","0","1","0","0","0","0","0","0","1","0","1","0","0","0","0","0","0","0","0","0","0","0","0","0","0","0","0","0","0","-2"
"119173","Mount Saint Mary's University","2014","Not on tenure track/No tenure system system total","43","14","29","2","0","2","5","1","4","3","1","2","0","0","0","0","0","0","30","10","20","3","2","1","0","0","0","0","0","0","-2"
"119173","Mount Saint Mary's University","2014","Not on tenure/no tenure system, associate professors","7","1","6","0","0","0","1","1","0","0","0","0","0","0","0","0","0","0","6","0","6","0","0","0","0","0","0","0","0","0","-2"
"119173","Mount Saint Mary's University","2014","Not on tenure/no tenure system, assistant professors","26","11","15","2","0","2","2","0","2","2","1","1","0","0","0","0","0","0","17","8","9","3","2","1","0","0","0","0","0","0","-2"
"119173","Mount Saint Mary's University","2014","Not on tenure/no tenure system, instructors","10","2","8","0","0","0","2","0","2","1","0","1","0","0","0","0","0","0","7","2","5","0","0","0","0","0","0","0","0","0","-2"
"120768","Pacific Oaks College","2014","Not on tenure track/No tenure system system total","14","4","10","0","0","0","2","1","1","5","1","4","2","1","1","0","0","0","5","1","4","0","0","0","0","0","0","0","0","0","-2"
"120768","Pacific Oaks College","2014","Not on tenure/no tenure system, professors","7","1","6","0","0","0","0","0","0","3","0","3","1","0","1","0","0","0","3","1","2","0","0","0","0","0","0","0","0","0","-2"
"120768","Pacific Oaks College","2014","Not on tenure/no tenure system, assistant professors","7","3","4","0","0","0","2","1","1","2","1","1","1","1","0","0","0","0","2","0","2","0","0","0","0","0","0","0","0","0","-2"
"120865","Pacific Union College","2014","Tenured total","36","22","14","0","0","0","2","1","1","1","1","0","1","0","1","0","0","0","32","20","12","0","0","0","0","0","0","0","0","0","-2"
"120865","Pacific Union College","2014","Tenured, professors","25","18","7","0","0","0","2","1","1","1","1","0","0","0","0","0","0","0","22","16","6","0","0","0","0","0","0","0","0","0","-2"
"120865","Pacific Union College","2014","Tenured, associate professors","11","4","7","0","0","0","0","0","0","0","0","0","1","0","1","0","0","0","10","4","6","0","0","0","0","0","0","0","0","0","-2"
"120865","Pacific Union College","2014","On-Tenure track total","39","12","27","0","0","0","3","3","0","4","0","4","1","0","1","0","0","0","31","9","22","0","0","0","0","0","0","0","0","0","-2"
"120865","Pacific Union College","2014","On-tenure track, professors","8","4","4","0","0","0","2","2","0","0","0","0","0","0","0","0","0","0","6","2","4","0","0","0","0","0","0","0","0","0","-2"
"120865","Pacific Union College","2014","On-tenure track, associate professors","9","3","6","0","0","0","0","0","0","0","0","0","0","0","0","0","0","0","9","3","6","0","0","0","0","0","0","0","0","0","-2"
"120865","Pacific Union College","2014","On-tenure track, assistant professors","20","5","15","0","0","0","1","1","0","4","0","4","1","0","1","0","0","0","14","4","10","0","0","0","0","0","0","0","0","0","-2"
"120865","Pacific Union College","2014","On-tenure track, instructors","2","0","2","0","0","0","0","0","0","0","0","0","0","0","0","0","0","0","2","0","2","0","0","0","0","0","0","0","0","0","-2"
"120865","Pacific Union College","2014","Not on tenure track/No tenure system system total","17","12","5","0","0","0","4","3","1","2","1","1","1","0","1","0","0","0","8","8","0","2","0","2","0","0","0","0","0","0","-2"
"120865","Pacific Union College","2014","Not on tenure/no tenure system, associate professors","3","3","0","0","0","0","1","1","0","0","0","0","0","0","0","0","0","0","2","2","0","0","0","0","0","0","0","0","0","0","-2"
"120865","Pacific Union College","2014","Not on tenure/no tenure system, assistant professors","9","4","5","0","0","0","2","1","1","1","0","1","1","0","1","0","0","0","3","3","0","2","0","2","0","0","0","0","0","0","-2"
"120865","Pacific Union College","2014","Not on tenure/no tenure system, instructors","3","3","0","0","0","0","1","1","0","1","1","0","0","0","0","0","0","0","1","1","0","0","0","0","0","0","0","0","0","0","-2"
"120865","Pacific Union College","2014","Not on tenure/no tenure system, no academic rank","2","2","0","0","0","0","0","0","0","0","0","0","0","0","0","0","0","0","2","2","0","0","0","0","0","0","0","0","0","0","-2"
"121619","Santa Ana College","2014","Tenured total","140","63","77","3","2","1","13","7","6","3","1","2","30","11","19","0","0","0","89","41","48","0","0","0","1","0","1","1","1","0","-2"
"121619","Santa Ana College","2014","Tenured, instructors","140","63","77","3","2","1","13","7","6","3","1","2","30","11","19","0","0","0","89","41","48","0","0","0","1","0","1","1","1","0","-2"
"121619","Santa Ana College","2014","On-Tenure track total","85","40","45","0","0","0","13","6","7","2","1","1","25","11","14","0","0","0","41","20","21","0","0","0","4","2","2","0","0","0","-2"
"121619","Santa Ana College","2014","On-tenure track, instructors","85","40","45","0","0","0","13","6","7","2","1","1","25","11","14","0","0","0","41","20","21","0","0","0","4","2","2","0","0","0","-2"
"121619","Santa Ana College","2014","Not on tenure track/No tenure system system total","10","5","5","0","0","0","0","0","0","0","0","0","3","0","3","0","0","0","4","2","2","0","0","0","0","0","0","3","3","0","-2"
"121619","Santa Ana College","2014","Not on tenure/no tenure system, instructors","10","5","5","0","0","0","0","0","0","0","0","0","3","0","3","0","0","0","4","2","2","0","0","0","0","0","0","3","3","0","-2"
"121691","University of Redlands","2014","Tenured total","154","79","75","0","0","0","18","9","9","5","2","3","4","2","2","0","0","0","124","65","59","0","0","0","3","1","2","0","0","0","-2"
"121691","University of Redlands","2014","Tenured, professors","101","57","44","0","0","0","10","7","3","3","2","1","3","2","1","0","0","0","84","46","38","0","0","0","1","0","1","0","0","0","-2"
"121691","University of Redlands","2014","Tenured, associate professors","52","22","30","0","0","0","8","2","6","2","0","2","1","0","1","0","0","0","40","19","21","0","0","0","1","1","0","0","0","0","-2"
"121691","University of Redlands","2014","Tenured, assistant professors","1","0","1","0","0","0","0","0","0","0","0","0","0","0","0","0","0","0","0","0","0","0","0","0","1","0","1","0","0","0","-2"
"121691","University of Redlands","2014","On-Tenure track total","19","10","9","1","1","0","3","2","1","0","0","0","1","1","0","0","0","0","14","6","8","0","0","0","0","0","0","0","0","0","-2"
"121691","University of Redlands","2014","On-tenure track, professors","1","0","1","0","0","0","0","0","0","0","0","0","0","0","0","0","0","0","1","0","1","0","0","0","0","0","0","0","0","0","-2"
"121691","University of Redlands","2014","On-tenure track, associate professors","2","1","1","0","0","0","1","0","1","0","0","0","0","0","0","0","0","0","1","1","0","0","0","0","0","0","0","0","0","0","-2"
"121691","University of Redlands","2014","On-tenure track, assistant professors","16","9","7","1","1","0","2","2","0","0","0","0","1","1","0","0","0","0","12","5","7","0","0","0","0","0","0","0","0","0","-2"
"121691","University of Redlands","2014","Not on tenure track/No tenure system system total","29","17","12","0","0","0","1","1","0","2","1","1","1","1","0","0","0","0","23","12","11","0","0","0","2","2","0","0","0","0","-2"
"121691","University of Redlands","2014","Not on tenure/no tenure system, professors","5","4","1","0","0","0","1","1","0","0","0","0","0","0","0","0","0","0","3","2","1","0","0","0","1","1","0","0","0","0","-2"
"121691","University of Redlands","2014","Not on tenure/no tenure system, lecturers","12","5","7","0","0","0","0","0","0","0","0","0","1","1","0","0","0","0","11","4","7","0","0","0","0","0","0","0","0","0","-2"
"121691","University of Redlands","2014","Not on tenure/no tenure system, no academic rank","12","8","4","0","0","0","0","0","0","2","1","1","0","0","0","0","0","0","9","6","3","0","0","0","1","1","0","0","0","0","-2"
"121886","Rio Hondo College","2014","Tenured total","156","77","79","2","2","0","14","6","8","4","2","2","47","20","27","0","0","0","87","46","41","2","1","1","0","0","0","0","0","0","-2"
"121886","Rio Hondo College","2014","Tenured, instructors","156","77","79","2","2","0","14","6","8","4","2","2","47","20","27","0","0","0","87","46","41","2","1","1","0","0","0","0","0","0","-2"
"121886","Rio Hondo College","2014","On-Tenure track total","21","11","10","0","0","0","5","1","4","2","1","1","9","4","5","0","0","0","3","3","0","1","1","0","0","0","0","1","1","0","-2"
"121886","Rio Hondo College","2014","On-tenure track, instructors","21","11","10","0","0","0","5","1","4","2","1","1","9","4","5","0","0","0","3","3","0","1","1","0","0","0","0","1","1","0","-2"
"122375","San Diego Mesa College","2014","Tenured total","211","109","102","2","1","1","20","7","13","17","10","7","26","12","14","0","0","0","124","67","57","0","0","0","22","12","10","0","0","0","-2"
"122375","San Diego Mesa College","2014","Tenured, instructors","211","109","102","2","1","1","20","7","13","17","10","7","26","12","14","0","0","0","124","67","57","0","0","0","22","12","10","0","0","0","-2"
"122375","San Diego Mesa College","2014","On-Tenure track total","33","10","23","0","0","0","1","0","1","0","0","0","3","2","1","0","0","0","24","7","17","0","0","0","4","1","3","1","0","1","-2"
"122375","San Diego Mesa College","2014","On-tenure track, instructors","33","10","23","0","0","0","1","0","1","0","0","0","3","2","1","0","0","0","24","7","17","0","0","0","4","1","3","1","0","1","-2"
"122375","San Diego Mesa College","2014","Not on tenure track/No tenure system system total","5","2","3","0","0","0","0","0","0","0","0","0","0","0","0","0","0","0","5","2","3","0","0","0","0","0","0","0","0","0","-2"
"122375","San Diego Mesa College","2014","Not on tenure/no tenure system, instructors","5","2","3","0","0","0","0","0","0","0","0","0","0","0","0","0","0","0","5","2","3","0","0","0","0","0","0","0","0","0","-2"
"122977","Santa Monica College","2014","Tenured total","259","114","145","0","0","0","29","13","16","31","13","18","34","14","20","0","0","0","153","71","82","0","0","0","0","0","0","12","3","9","-2"
"122977","Santa Monica College","2014","Tenured, instructors","259","114","145","0","0","0","29","13","16","31","13","18","34","14","20","0","0","0","153","71","82","0","0","0","0","0","0","12","3","9","-2"
"122977","Santa Monica College","2014","On-Tenure track total","50","21","29","0","0","0","7","1","6","3","1","2","5","3","2","1","0","1","21","12","9","1","0","1","1","1","0","11","3","8","-2"
"122977","Santa Monica College","2014","On-tenure track, instructors","50","21","29","0","0","0","7","1","6","3","1","2","5","3","2","1","0","1","21","12","9","1","0","1","1","1","0","11","3","8","-2"
"122977","Santa Monica College","2014","Not on tenure track/No tenure system system total","7","4","3","0","0","0","0","0","0","1","1","0","2","1","1","0","0","0","3","1","2","0","0","0","1","1","0","0","0","0","-2"
"122977","Santa Monica College","2014","Not on tenure/no tenure system, instructors","7","4","3","0","0","0","0","0","0","1","1","0","2","1","1","0","0","0","3","1","2","0","0","0","1","1","0","0","0","0","-2"
"123554","Saint Mary's College of California","2014","Tenured total","123","65","58","1","0","1","16","9","7","2","0","2","6","3","3","0","0","0","91","51","40","0","0","0","4","2","2","3","0","3","-2"
"123554","Saint Mary's College of California","2014","Tenured, professors","72","43","29","1","0","1","8","6","2","0","0","0","5","3","2","0","0","0","57","33","24","0","0","0","1","1","0","0","0","0","-2"
"123554","Saint Mary's College of California","2014","Tenured, associate professors","51","22","29","0","0","0","8","3","5","2","0","2","1","0","1","0","0","0","34","18","16","0","0","0","3","1","2","3","0","3","-2"
"123554","Saint Mary's College of California","2014","On-Tenure track total","45","16","29","0","0","0","8","1","7","1","1","0","4","0","4","0","0","0","19","8","11","0","0","0","9","4","5","4","2","2","-2"
"123554","Saint Mary's College of California","2014","On-tenure track, associate professors","11","7","4","0","0","0","1","0","1","1","1","0","0","0","0","0","0","0","5","3","2","0","0","0","3","2","1","1","1","0","-2"
"123554","Saint Mary's College of California","2014","On-tenure track, assistant professors","34","9","25","0","0","0","7","1","6","0","0","0","4","0","4","0","0","0","14","5","9","0","0","0","6","2","4","3","1","2","-2"
"123554","Saint Mary's College of California","2014","Not on tenure track/No tenure system system total","33","15","18","0","0","0","2","1","1","0","0","0","1","1","0","0","0","0","26","10","16","0","0","0","3","2","1","1","1","0","-2"
"123554","Saint Mary's College of California","2014","Not on tenure/no tenure system, associate professors","19","8","11","0","0","0","1","0","1","0","0","0","0","0","0","0","0","0","15","5","10","0","0","0","2","2","0","1","1","0","-2"
"123554","Saint Mary's College of California","2014","Not on tenure/no tenure system, assistant professors","14","7","7","0","0","0","1","1","0","0","0","0","1","1","0","0","0","0","11","5","6","0","0","0","1","0","1","0","0","0","-2"
"123563","Solano Community College","2014","Tenured total","119","54","65","0","0","0","6","3","3","8","3","5","13","6","7","0","0","0","92","42","50","0","0","0","0","0","0","0","0","0","-2"
"123563","Solano Community College","2014","Tenured, instructors","119","54","65","0","0","0","6","3","3","8","3","5","13","6","7","0","0","0","92","42","50","0","0","0","0","0","0","0","0","0","-2"
"123563","Solano Community College","2014","On-Tenure track total","31","13","18","0","0","0","0","0","0","4","2","2","2","1","1","0","0","0","25","10","15","0","0","0","0","0","0","0","0","0","-2"
"123563","Solano Community College","2014","On-tenure track, instructors","31","13","18","0","0","0","0","0","0","4","2","2","2","1","1","0","0","0","25","10","15","0","0","0","0","0","0","0","0","0","-2"
"123563","Solano Community College","2014","Not on tenure track/No tenure system system total","6","4","2","0","0","0","1","1","0","0","0","0","1","1","0","0","0","0","4","2","2","0","0","0","0","0","0","0","0","0","-2"
"123563","Solano Community College","2014","Not on tenure/no tenure system, instructors","6","4","2","0","0","0","1","1","0","0","0","0","1","1","0","0","0","0","4","2","2","0","0","0","0","0","0","0","0","0","-2"
"123572","Sonoma State University","2014","Tenured total","182","94","88","0","0","0","16","11","5","3","1","2","11","6","5","1","1","0","142","70","72","3","2","1","6","3","3","0","0","0","-2"
"123572","Sonoma State University","2014","Tenured, professors","128","66","62","0","0","0","12","9","3","3","1","2","5","2","3","1","1","0","101","50","51","2","1","1","4","2","2","0","0","0","-2"
"123572","Sonoma State University","2014","Tenured, associate professors","53","28","25","0","0","0","4","2","2","0","0","0","6","4","2","0","0","0","40","20","20","1","1","0","2","1","1","0","0","0","-2"
"123572","Sonoma State University","2014","Tenured, assistant professors","1","0","1","0","0","0","0","0","0","0","0","0","0","0","0","0","0","0","1","0","1","0","0","0","0","0","0","0","0","0","-2"
"123572","Sonoma State University","2014","On-Tenure track total","26","13","13","1","0","1","5","4","1","0","0","0","2","1","1","0","0","0","14","6","8","0","0","0","4","2","2","0","0","0","-2"
"123572","Sonoma State University","2014","On-tenure track, associate professors","1","0","1","0","0","0","0","0","0","0","0","0","0","0","0","0","0","0","1","0","1","0","0","0","0","0","0","0","0","0","-2"
"123572","Sonoma State University","2014","On-tenure track, assistant professors","25","13","12","1","0","1","5","4","1","0","0","0","2","1","1","0","0","0","13","6","7","0","0","0","4","2","2","0","0","0","-2"
"123572","Sonoma State University","2014","Not on tenure track/No tenure system system total","28","11","17","0","0","0","1","1","0","0","0","0","1","0","1","0","0","0","21","8","13","0","0","0","5","2","3","0","0","0","-2"
"123572","Sonoma State University","2014","Not on tenure/no tenure system, lecturers","28","11","17","0","0","0","1","1","0","0","0","0","1","0","1","0","0","0","21","8","13","0","0","0","5","2","3","0","0","0","-2"
"123651","Vanguard University of Southern California","2014","Tenured total","41","25","16","0","0","0","2","1","1","1","1","0","2","1","1","0","0","0","33","20","13","3","2","1","0","0","0","0","0","0","-2"
"123651","Vanguard University of Southern California","2014","Tenured, professors","24","20","4","0","0","0","0","0","0","0","0","0","2","1","1","0","0","0","19","17","2","3","2","1","0","0","0","0","0","0","-2"
"123651","Vanguard University of Southern California","2014","Tenured, associate professors","12","3","9","0","0","0","1","0","1","1","1","0","0","0","0","0","0","0","10","2","8","0","0","0","0","0","0","0","0","0","-2"
"123651","Vanguard University of Southern California","2014","Tenured, assistant professors","5","2","3","0","0","0","1","1","0","0","0","0","0","0","0","0","0","0","4","1","3","0","0","0","0","0","0","0","0","0","-2"
"123651","Vanguard University of Southern California","2014","On-Tenure track total","15","8","7","0","0","0","3","0","3","0","0","0","1","1","0","0","0","0","10","7","3","1","0","1","0","0","0","0","0","0","-2"
"123651","Vanguard University of Southern California","2014","On-tenure track, associate professors","5","4","1","0","0","0","0","0","0","0","0","0","1","1","0","0","0","0","4","3","1","0","0","0","0","0","0","0","0","0","-2"
"123651","Vanguard University of Southern California","2014","On-tenure track, assistant professors","10","4","6","0","0","0","3","0","3","0","0","0","0","0","0","0","0","0","6","4","2","1","0","1","0","0","0","0","0","0","-2"
"123651","Vanguard University of Southern California","2014","Not on tenure track/No tenure system system total","3","1","2","0","0","0","0","0","0","0","0","0","0","0","0","0","0","0","3","1","2","0","0","0","0","0","0","0","0","0","-2"
"123651","Vanguard University of Southern California","2014","Not on tenure/no tenure system, assistant professors","3","1","2","0","0","0","0","0","0","0","0","0","0","0","0","0","0","0","3","1","2","0","0","0","0","0","0","0","0","0","-2"
"125471","West Los Angeles College","2014","Tenured total","63","26","37","0","0","0","8","2","6","15","6","9","8","1","7","0","0","0","30","16","14","0","0","0","2","1","1","0","0","0","-2"
"125471","West Los Angeles College","2014","Tenured, instructors","63","26","37","0","0","0","8","2","6","15","6","9","8","1","7","0","0","0","30","16","14","0","0","0","2","1","1","0","0","0","-2"
"125471","West Los Angeles College","2014","On-Tenure track total","12","7","5","0","0","0","1","1","0","0","0","0","1","1","0","0","0","0","0","0","0","0","0","0","10","5","5","0","0","0","-2"
"125471","West Los Angeles College","2014","On-tenure track, instructors","12","7","5","0","0","0","1","1","0","0","0","0","1","1","0","0","0","0","0","0","0","0","0","0","10","5","5","0","0","0","-2"
"125471","West Los Angeles College","2014","Not on tenure track/No tenure system system total","33","13","20","0","0","0","2","2","0","5","1","4","3","2","1","0","0","0","11","4","7","0","0","0","11","4","7","1","0","1","-2"
"125471","West Los Angeles College","2014","Not on tenure/no tenure system, instructors","33","13","20","0","0","0","2","2","0","5","1","4","3","2","1","0","0","0","11","4","7","0","0","0","11","4","7","1","0","1","-2"
"125763","Whittier College","2014","Tenured total","91","51","40","0","0","0","3","1","2","4","2","2","12","8","4","0","0","0","68","38","30","1","0","1","0","0","0","3","2","1","-2"
"125763","Whittier College","2014","Tenured, professors","46","30","16","0","0","0","1","1","0","1","1","0","1","1","0","0","0","0","40","26","14","1","0","1","0","0","0","2","1","1","-2"
"125763","Whittier College","2014","Tenured, associate professors","44","21","23","0","0","0","2","0","2","3","1","2","11","7","4","0","0","0","27","12","15","0","0","0","0","0","0","1","1","0","-2"
"125763","Whittier College","2014","Tenured, assistant professors","1","0","1","0","0","0","0","0","0","0","0","0","0","0","0","0","0","0","1","0","1","0","0","0","0","0","0","0","0","0","-2"
"125763","Whittier College","2014","On-Tenure track total","30","14","16","0","0","0","4","2","2","1","1","0","1","0","1","0","0","0","18","7","11","1","1","0","0","0","0","5","3","2","-2"
"125763","Whittier College","2014","On-tenure track, assistant professors","30","14","16","0","0","0","4","2","2","1","1","0","1","0","1","0","0","0","18","7","11","1","1","0","0","0","0","5","3","2","-2"
"125763","Whittier College","2014","Not on tenure track/No tenure system system total","32","9","23","0","0","0","1","0","1","0","0","0","8","1","7","0","0","0","22","7","15","1","1","0","0","0","0","0","0","0","-2"
"125763","Whittier College","2014","Not on tenure/no tenure system, professors","10","1","9","0","0","0","0","0","0","0","0","0","2","0","2","0","0","0","8","1","7","0","0","0","0","0","0","0","0","0","-2"
"125763","Whittier College","2014","Not on tenure/no tenure system, associate professors","2","0","2","0","0","0","0","0","0","0","0","0","0","0","0","0","0","0","2","0","2","0","0","0","0","0","0","0","0","0","-2"
"125763","Whittier College","2014","Not on tenure/no tenure system, assistant professors","14","8","6","0","0","0","1","0","1","0","0","0","2","1","1","0","0","0","10","6","4","1","1","0","0","0","0","0","0","0","-2"
"125763","Whittier College","2014","Not on tenure/no tenure system, instructors","3","0","3","0","0","0","0","0","0","0","0","0","3","0","3","0","0","0","0","0","0","0","0","0","0","0","0","0","0","0","-2"
"125763","Whittier College","2014","Not on tenure/no tenure system, lecturers","3","0","3","0","0","0","0","0","0","0","0","0","1","0","1","0","0","0","2","0","2","0","0","0","0","0","0","0","0","0","-2"
"126182","Adams State University","2014","Tenured total","63","34","29","0","0","0","1","0","1","0","0","0","10","5","5","1","0","1","49","28","21","0","0","0","2","1","1","0","0","0","-2"
"126182","Adams State University","2014","Tenured, professors","40","25","15","0","0","0","0","0","0","0","0","0","5","3","2","0","0","0","34","21","13","0","0","0","1","1","0","0","0","0","-2"
"126182","Adams State University","2014","Tenured, associate professors","17","6","11","0","0","0","1","0","1","0","0","0","3","1","2","0","0","0","12","5","7","0","0","0","1","0","1","0","0","0","-2"
"126182","Adams State University","2014","Tenured, assistant professors","6","3","3","0","0","0","0","0","0","0","0","0","2","1","1","1","0","1","3","2","1","0","0","0","0","0","0","0","0","0","-2"
"126182","Adams State University","2014","On-Tenure track total","34","21","13","0","0","0","1","1","0","0","0","0","6","4","2","1","1","0","25","14","11","0","0","0","1","1","0","0","0","0","-2"
"126182","Adams State University","2014","On-tenure track, assistant professors","32","20","12","0","0","0","1","1","0","0","0","0","6","4","2","0","0","0","24","14","10","0","0","0","1","1","0","0","0","0","-2"
"126182","Adams State University","2014","On-tenure track, no academic rank","2","1","1","0","0","0","0","0","0","0","0","0","0","0","0","1","1","0","1","0","1","0","0","0","0","0","0","0","0","0","-2"
"126182","Adams State University","2014","Not on tenure track/No tenure system system total","13","6","7","0","0","0","0","0","0","0","0","0","3","2","1","0","0","0","10","4","6","0","0","0","0","0","0","0","0","0","-2"
"126182","Adams State University","2014","Not on tenure/no tenure system, assistant professors","7","3","4","0","0","0","0","0","0","0","0","0","2","2","0","0","0","0","5","1","4","0","0","0","0","0","0","0","0","0","-2"
"126182","Adams State University","2014","Not on tenure/no tenure system, instructors","4","1","3","0","0","0","0","0","0","0","0","0","1","0","1","0","0","0","3","1","2","0","0","0","0","0","0","0","0","0","-2"
"126182","Adams State University","2014","Not on tenure/no tenure system, no academic rank","2","2","0","0","0","0","0","0","0","0","0","0","0","0","0","0","0","0","2","2","0","0","0","0","0","0","0","0","0","0","-2"
"126562","University of Colorado Denver/Anschutz Medical Campus","2014","Tenured total","560","395","165","3","1","2","43","30","13","6","4","2","27","19","8","0","0","0","467","334","133","1","0","1","13","7","6","0","0","0","-2"
"126562","University of Colorado Denver/Anschutz Medical Campus","2014","Tenured, professors","357","275","82","1","0","1","20","15","5","3","3","0","12","7","5","0","0","0","317","248","69","0","0","0","4","2","2","0","0","0","-2"
"126562","University of Colorado Denver/Anschutz Medical Campus","2014","Tenured, associate professors","203","120","83","2","1","1","23","15","8","3","1","2","15","12","3","0","0","0","150","86","64","1","0","1","9","5","4","0","0","0","-2"
"126562","University of Colorado Denver/Anschutz Medical Campus","2014","On-Tenure track total","1533","769","764","6","3","3","144","77","67","17","4","13","72","36","36","4","1","3","1110","555","555","8","4","4","151","76","75","21","13","8","-2"
"126562","University of Colorado Denver/Anschutz Medical Campus","2014","On-tenure track, professors","171","113","58","0","0","0","15","10","5","0","0","0","4","3","1","0","0","0","137","91","46","2","0","2","11","7","4","2","2","0","-2"
"126562","University of Colorado Denver/Anschutz Medical Campus","2014","On-tenure track, associate professors","478","243","235","4","1","3","41","25","16","3","1","2","17","10","7","0","0","0","367","176","191","3","2","1","42","27","15","1","1","0","-2"
"126562","University of Colorado Denver/Anschutz Medical Campus","2014","On-tenure track, assistant professors","884","413","471","2","2","0","88","42","46","14","3","11","51","23","28","4","1","3","606","288","318","3","2","1","98","42","56","18","10","8","-2"
"126562","University of Colorado Denver/Anschutz Medical Campus","2014","Not on tenure track/No tenure system system total","1195","366","829","9","2","7","61","25","36","14","6","8","52","20","32","2","1","1","888","264","624","3","2","1","160","40","120","6","6","0","-2"
"126562","University of Colorado Denver/Anschutz Medical Campus","2014","Not on tenure/no tenure system, professors","12","5","7","0","0","0","1","0","1","0","0","0","0","0","0","0","0","0","11","5","6","0","0","0","0","0","0","0","0","0","-2"
"126562","University of Colorado Denver/Anschutz Medical Campus","2014","Not on tenure/no tenure system, associate professors","31","20","11","1","1","0","1","0","1","0","0","0","1","1","0","0","0","0","26","16","10","0","0","0","1","1","0","1","1","0","-2"
"126562","University of Colorado Denver/Anschutz Medical Campus","2014","Not on tenure/no tenure system, assistant professors","65","36","29","0","0","0","8","2","6","3","2","1","7","5","2","1","1","0","38","19","19","1","1","0","4","3","1","3","3","0","-2"
"126562","University of Colorado Denver/Anschutz Medical Campus","2014","Not on tenure/no tenure system, instructors","1086","304","782","8","1","7","51","23","28","11","4","7","44","14","30","1","0","1","812","223","589","2","1","1","155","36","119","2","2","0","-2"
"126562","University of Colorado Denver/Anschutz Medical Campus","2014","Not on tenure/no tenure system, lecturers","1","1","0","0","0","0","0","0","0","0","0","0","0","0","0","0","0","0","1","1","0","0","0","0","0","0","0","0","0","0","-2"
"126711","Colorado Mountain College","2014","Not on tenure track/No tenure system system total","111","56","55","0","0","0","3","2","1","0","0","0","6","4","2","0","0","0","97","47","50","1","1","0","4","2","2","0","0","0","-2"
"126711","Colorado Mountain College","2014","Not on tenure/no tenure system, professors","28","15","13","0","0","0","0","0","0","0","0","0","1","1","0","0","0","0","27","14","13","0","0","0","0","0","0","0","0","0","-2"
"126711","Colorado Mountain College","2014","Not on tenure/no tenure system, associate professors","56","26","30","0","0","0","1","1","0","0","0","0","2","1","1","0","0","0","50","22","28","0","0","0","3","2","1","0","0","0","-2"
"126711","Colorado Mountain College","2014","Not on tenure/no tenure system, assistant professors","23","13","10","0","0","0","2","1","1","0","0","0","3","2","1","0","0","0","16","9","7","1","1","0","1","0","1","0","0","0","-2"
"126711","Colorado Mountain College","2014","Not on tenure/no tenure system, instructors","4","2","2","0","0","0","0","0","0","0","0","0","0","0","0","0","0","0","4","2","2","0","0","0","0","0","0","0","0","0","-2"
"126942","Community College of Denver","2014","Not on tenure track/No tenure system system total","105","49","56","1","0","1","6","2","4","5","4","1","5","2","3","0","0","0","86","41","45","1","0","1","1","0","1","0","0","0","-2"
"126942","Community College of Denver","2014","Not on tenure/no tenure system, professors","28","13","15","0","0","0","2","1","1","1","0","1","1","0","1","0","0","0","24","12","12","0","0","0","0","0","0","0","0","0","-2"
"126942","Community College of Denver","2014","Not on tenure/no tenure system, associate professors","20","11","9","0","0","0","2","1","1","1","1","0","1","1","0","0","0","0","16","8","8","0","0","0","0","0","0","0","0","0","-2"
"126942","Community College of Denver","2014","Not on tenure/no tenure system, assistant professors","21","9","12","0","0","0","0","0","0","1","1","0","1","0","1","0","0","0","18","8","10","1","0","1","0","0","0","0","0","0","-2"
"126942","Community College of Denver","2014","Not on tenure/no tenure system, instructors","36","16","20","1","0","1","2","0","2","2","2","0","2","1","1","0","0","0","28","13","15","0","0","0","1","0","1","0","0","0","-2"
"128744","University of Bridgeport","2014","Tenured total","57","38","19","0","0","0","13","10","3","2","2","0","1","0","1","0","0","0","41","26","15","0","0","0","0","0","0","0","0","0","-2"
"128744","University of Bridgeport","2014","Tenured, professors","17","14","3","0","0","0","4","3","1","0","0","0","0","0","0","0","0","0","13","11","2","0","0","0","0","0","0","0","0","0","-2"
"128744","University of Bridgeport","2014","Tenured, associate professors","39","24","15","0","0","0","9","7","2","2","2","0","1","0","1","0","0","0","27","15","12","0","0","0","0","0","0","0","0","0","-2"
"128744","University of Bridgeport","2014","Tenured, assistant professors","1","0","1","0","0","0","0","0","0","0","0","0","0","0","0","0","0","0","1","0","1","0","0","0","0","0","0","0","0","0","-2"
"128744","University of Bridgeport","2014","On-Tenure track total","28","13","15","0","0","0","2","1","1","1","0","1","0","0","0","0","0","0","25","12","13","0","0","0","0","0","0","0","0","0","-2"
"128744","University of Bridgeport","2014","On-tenure track, associate professors","7","5","2","0","0","0","0","0","0","0","0","0","0","0","0","0","0","0","7","5","2","0","0","0","0","0","0","0","0","0","-2"
"128744","University of Bridgeport","2014","On-tenure track, assistant professors","21","8","13","0","0","0","2","1","1","1","0","1","0","0","0","0","0","0","18","7","11","0","0","0","0","0","0","0","0","0","-2"
"128744","University of Bridgeport","2014","Not on tenure track/No tenure system system total","38","20","18","0","0","0","2","1","1","0","0","0","1","1","0","0","0","0","35","18","17","0","0","0","0","0","0","0","0","0","-2"
"128744","University of Bridgeport","2014","Not on tenure/no tenure system, associate professors","5","3","2","0","0","0","0","0","0","0","0","0","0","0","0","0","0","0","5","3","2","0","0","0","0","0","0","0","0","0","-2"
"128744","University of Bridgeport","2014","Not on tenure/no tenure system, assistant professors","16","7","9","0","0","0","0","0","0","0","0","0","1","1","0","0","0","0","15","6","9","0","0","0","0","0","0","0","0","0","-2"
"128744","University of Bridgeport","2014","Not on tenure/no tenure system, lecturers","17","10","7","0","0","0","2","1","1","0","0","0","0","0","0","0","0","0","15","9","6","0","0","0","0","0","0","0","0","0","-2"
"132471","Barry University","2014","Tenured total","18","11","7","0","0","0","1","0","1","2","2","0","0","0","0","0","0","0","15","9","6","0","0","0","0","0","0","0","0","0","-2"
"132471","Barry University","2014","Tenured, professors","10","5","5","0","0","0","0","0","0","2","2","0","0","0","0","0","0","0","8","3","5","0","0","0","0","0","0","0","0","0","-2"
"132471","Barry University","2014","Tenured, associate professors","8","6","2","0","0","0","1","0","1","0","0","0","0","0","0","0","0","0","7","6","1","0","0","0","0","0","0","0","0","0","-2"
"132471","Barry University","2014","On-Tenure track total","15","5","10","0","0","0","1","0","1","1","0","1","1","1","0","0","0","0","9","3","6","3","1","2","0","0","0","0","0","0","-2"
"132471","Barry University","2014","On-tenure track, associate professors","9","2","7","0","0","0","1","0","1","1","0","1","1","1","0","0","0","0","5","1","4","1","0","1","0","0","0","0","0","0","-2"
"132471","Barry University","2014","On-tenure track, assistant professors","6","3","3","0","0","0","0","0","0","0","0","0","0","0","0","0","0","0","4","2","2","2","1","1","0","0","0","0","0","0","-2"
"132471","Barry University","2014","Not on tenure track/No tenure system system total","323","143","180","2","1","1","20","10","10","26","3","23","56","28","28","0","0","0","195","92","103","1","0","1","14","6","8","9","3","6","-2"
"132471","Barry University","2014","Not on tenure/no tenure system, professors","62","39","23","1","1","0","6","5","1","2","0","2","5","4","1","0","0","0","47","28","19","0","0","0","1","1","0","0","0","0","-2"
"132471","Barry University","2014","Not on tenure/no tenure system, associate professors","102","45","57","1","0","1","4","2","2","6","1","5","23","7","16","0","0","0","64","33","31","0","0","0","4","2","2","0","0","0","-2"
"132471","Barry University","2014","Not on tenure/no tenure system, assistant professors","124","44","80","0","0","0","8","3","5","16","2","14","17","12","5","0","0","0","69","22","47","0","0","0","5","2","3","9","3","6","-2"
"132471","Barry University","2014","Not on tenure/no tenure system, instructors","34","14","20","0","0","0","2","0","2","2","0","2","11","5","6","0","0","0","14","8","6","1","0","1","4","1","3","0","0","0","-2"
"132471","Barry University","2014","Not on tenure/no tenure system, lecturers","1","1","0","0","0","0","0","0","0","0","0","0","0","0","0","0","0","0","1","1","0","0","0","0","0","0","0","0","0","0","-2"
"132709","Broward College","2014","Tenured total","305","144","161","5","0","5","15","12","3","48","17","31","64","33","31","0","0","0","168","79","89","0","0","0","5","3","2","0","0","0","-2"
"132709","Broward College","2014","Tenured, professors","62","35","27","2","0","2","5","3","2","4","2","2","11","7","4","0","0","0","39","22","17","0","0","0","1","1","0","0","0","0","-2"
"132709","Broward College","2014","Tenured, associate professors","22","9","13","0","0","0","1","1","0","5","1","4","2","1","1","0","0","0","14","6","8","0","0","0","0","0","0","0","0","0","-2"
"132709","Broward College","2014","Tenured, assistant professors","199","90","109","3","0","3","9","8","1","37","13","24","48","23","25","0","0","0","98","44","54","0","0","0","4","2","2","0","0","0","-2"
"132709","Broward College","2014","Tenured, instructors","22","10","12","0","0","0","0","0","0","2","1","1","3","2","1","0","0","0","17","7","10","0","0","0","0","0","0","0","0","0","-2"
"132709","Broward College","2014","On-Tenure track total","98","50","48","1","0","1","3","2","1","20","9","11","12","4","8","0","0","0","44","23","21","0","0","0","17","12","5","1","0","1","-2"
"132709","Broward College","2014","On-tenure track, assistant professors","91","45","46","1","0","1","3","2","1","19","9","10","10","3","7","0","0","0","40","19","21","0","0","0","17","12","5","1","0","1","-2"
"132709","Broward College","2014","On-tenure track, instructors","7","5","2","0","0","0","0","0","0","1","0","1","2","1","1","0","0","0","4","4","0","0","0","0","0","0","0","0","0","0","-2"
"132709","Broward College","2014","Not on tenure track/No tenure system system total","2","1","1","0","0","0","1","0","1","1","1","0","0","0","0","0","0","0","0","0","0","0","0","0","0","0","0","0","0","0","-2"
"132709","Broward College","2014","Not on tenure/no tenure system, professors","1","1","0","0","0","0","0","0","0","1","1","0","0","0","0","0","0","0","0","0","0","0","0","0","0","0","0","0","0","0","-2"
"132709","Broward College","2014","Not on tenure/no tenure system, assistant professors","1","0","1","0","0","0","1","0","1","0","0","0","0","0","0","0","0","0","0","0","0","0","0","0","0","0","0","0","0","0","-2"
"132903","University of Central Florida","2014","Tenured total","581","414","167","3","3","0","98","80","18","27","16","11","38","26","12","0","0","0","411","286","125","1","0","1","0","0","0","3","3","0","-2"
"132903","University of Central Florida","2014","Tenured, professors","245","193","52","0","0","0","49","43","6","4","2","2","11","9","2","0","0","0","178","137","41","1","0","1","0","0","0","2","2","0","-2"
"132903","University of Central Florida","2014","Tenured, associate professors","332","217","115","3","3","0","49","37","12","23","14","9","27","17","10","0","0","0","229","145","84","0","0","0","0","0","0","1","1","0","-2"
"132903","University of Central Florida","2014","Tenured, assistant professors","4","4","0","0","0","0","0","0","0","0","0","0","0","0","0","0","0","0","4","4","0","0","0","0","0","0","0","0","0","0","-2"
"132903","University of Central Florida","2014","On-Tenure track total","170","93","77","0","0","0","22","17","5","4","1","3","15","6","9","0","0","0","98","48","50","2","1","1","0","0","0","29","20","9","-2"
"132903","University of Central Florida","2014","On-tenure track, associate professors","7","5","2","0","0","0","0","0","0","0","0","0","1","1","0","0","0","0","5","3","2","0","0","0","0","0","0","1","1","0","-2"
"132903","University of Central Florida","2014","On-tenure track, assistant professors","163","88","75","0","0","0","22","17","5","4","1","3","14","5","9","0","0","0","93","45","48","2","1","1","0","0","0","28","19","9","-2"
"132903","University of Central Florida","2014","Not on tenure track/No tenure system system total","480","216","264","1","1","0","17","9","8","13","4","9","31","15","16","0","0","0","400","181","219","4","1","3","0","0","0","14","5","9","-2"
"132903","University of Central Florida","2014","Not on tenure/no tenure system, professors","6","4","2","0","0","0","1","1","0","0","0","0","1","0","1","0","0","0","4","3","1","0","0","0","0","0","0","0","0","0","-2"
"132903","University of Central Florida","2014","Not on tenure/no tenure system, associate professors","10","5","5","0","0","0","1","1","0","0","0","0","2","0","2","0","0","0","7","4","3","0","0","0","0","0","0","0","0","0","-2"
"132903","University of Central Florida","2014","Not on tenure/no tenure system, assistant professors","42","20","22","0","0","0","2","0","2","0","0","0","5","4","1","0","0","0","31","14","17","0","0","0","0","0","0","4","2","2","-2"
"132903","University of Central Florida","2014","Not on tenure/no tenure system, instructors","211","83","128","0","0","0","3","2","1","4","2","2","10","3","7","0","0","0","190","75","115","2","0","2","0","0","0","2","1","1","-2"
"132903","University of Central Florida","2014","Not on tenure/no tenure system, lecturers","210","104","106","1","1","0","10","5","5","9","2","7","13","8","5","0","0","0","167","85","82","2","1","1","0","0","0","8","2","6","-2"
"132903","University of Central Florida","2014","Not on tenure/no tenure system, no academic rank","1","0","1","0","0","0","0","0","0","0","0","0","0","0","0","0","0","0","1","0","1","0","0","0","0","0","0","0","0","0","-2"
"133508","Florida SouthWestern State College","2014","Tenured total","81","36","45","1","0","1","1","1","0","3","0","3","1","1","0","0","0","0","74","33","41","0","0","0","1","1","0","0","0","0","-2"
"133508","Florida SouthWestern State College","2014","Tenured, no academic rank","81","36","45","1","0","1","1","1","0","3","0","3","1","1","0","0","0","0","74","33","41","0","0","0","1","1","0","0","0","0","-2"
"133508","Florida SouthWestern State College","2014","On-Tenure track total","90","45","45","1","1","0","1","0","1","6","4","2","5","4","1","0","0","0","67","30","37","0","0","0","1","1","0","9","5","4","-2"
"133508","Florida SouthWestern State College","2014","On-tenure track, no academic rank","90","45","45","1","1","0","1","0","1","6","4","2","5","4","1","0","0","0","67","30","37","0","0","0","1","1","0","9","5","4","-2"
"133508","Florida SouthWestern State College","2014","Not on tenure track/No tenure system system total","1","0","1","0","0","0","1","0","1","0","0","0","0","0","0","0","0","0","0","0","0","0","0","0","0","0","0","0","0","0","-2"
"133508","Florida SouthWestern State College","2014","Not on tenure/no tenure system, no academic rank","1","0","1","0","0","0","1","0","1","0","0","0","0","0","0","0","0","0","0","0","0","0","0","0","0","0","0","0","0","0","-2"
"133669","Florida Atlantic University","2014","Tenured total","436","284","152","2","2","0","73","60","13","25","10","15","27","14","13","0","0","0","305","196","109","1","0","1","0","0","0","3","2","1","-2"
"133669","Florida Atlantic University","2014","Tenured, professors","213","154","59","2","2","0","38","35","3","10","5","5","9","6","3","0","0","0","154","106","48","0","0","0","0","0","0","0","0","0","-2"
"133669","Florida Atlantic University","2014","Tenured, associate professors","223","130","93","0","0","0","35","25","10","15","5","10","18","8","10","0","0","0","151","90","61","1","0","1","0","0","0","3","2","1","-2"
"133669","Florida Atlantic University","2014","On-Tenure track total","129","58","71","0","0","0","15","9","6","6","0","6","6","3","3","0","0","0","85","35","50","1","0","1","0","0","0","16","11","5","-2"
"133669","Florida Atlantic University","2014","On-tenure track, associate professors","7","2","5","0","0","0","1","0","1","1","0","1","0","0","0","0","0","0","4","2","2","1","0","1","0","0","0","0","0","0","-2"
"133669","Florida Atlantic University","2014","On-tenure track, assistant professors","122","56","66","0","0","0","14","9","5","5","0","5","6","3","3","0","0","0","81","33","48","0","0","0","0","0","0","16","11","5","-2"
"133669","Florida Atlantic University","2014","Not on tenure track/No tenure system system total","211","90","121","0","0","0","9","2","7","16","8","8","25","9","16","0","0","0","154","65","89","0","0","0","0","0","0","7","6","1","-2"
"133669","Florida Atlantic University","2014","Not on tenure/no tenure system, professors","2","2","0","0","0","0","0","0","0","0","0","0","0","0","0","0","0","0","2","2","0","0","0","0","0","0","0","0","0","0","-2"
"133669","Florida Atlantic University","2014","Not on tenure/no tenure system, associate professors","5","5","0","0","0","0","0","0","0","0","0","0","1","1","0","0","0","0","4","4","0","0","0","0","0","0","0","0","0","0","-2"
"133669","Florida Atlantic University","2014","Not on tenure/no tenure system, assistant professors","21","11","10","0","0","0","1","1","0","1","0","1","3","1","2","0","0","0","11","5","6","0","0","0","0","0","0","5","4","1","-2"
"133669","Florida Atlantic University","2014","Not on tenure/no tenure system, instructors","179","72","107","0","0","0","8","1","7","15","8","7","21","7","14","0","0","0","133","54","79","0","0","0","0","0","0","2","2","0","-2"
"133669","Florida Atlantic University","2014","Not on tenure/no tenure system, lecturers","3","0","3","0","0","0","0","0","0","0","0","0","0","0","0","0","0","0","3","0","3","0","0","0","0","0","0","0","0","0","-2"
"133669","Florida Atlantic University","2014","Not on tenure/no tenure system, no academic rank","1","0","1","0","0","0","0","0","0","0","0","0","0","0","0","0","0","0","1","0","1","0","0","0","0","0","0","0","0","0","-2"
"133872","AdventHealth University","2014","Not on tenure track/No tenure system system total","82","22","60","0","0","0","5","0","5","14","4","10","7","3","4","0","0","0","56","15","41","0","0","0","0","0","0","0","0","0","-2"
"133872","AdventHealth University","2014","Not on tenure/no tenure system, professors","15","7","8","0","0","0","0","0","0","3","0","3","2","2","0","0","0","0","10","5","5","0","0","0","0","0","0","0","0","0","-2"
"133872","AdventHealth University","2014","Not on tenure/no tenure system, associate professors","18","4","14","0","0","0","0","0","0","4","2","2","1","0","1","0","0","0","13","2","11","0","0","0","0","0","0","0","0","0","-2"
"133872","AdventHealth University","2014","Not on tenure/no tenure system, assistant professors","31","7","24","0","0","0","4","0","4","6","1","5","2","1","1","0","0","0","19","5","14","0","0","0","0","0","0","0","0","0","-2"
"133872","AdventHealth University","2014","Not on tenure/no tenure system, instructors","12","3","9","0","0","0","1","0","1","1","1","0","1","0","1","0","0","0","9","2","7","0","0","0","0","0","0","0","0","0","-2"
"133872","AdventHealth University","2014","Not on tenure/no tenure system, no academic rank","6","1","5","0","0","0","0","0","0","0","0","0","1","0","1","0","0","0","5","1","4","0","0","0","0","0","0","0","0","0","-2"
"133960","The College of the Florida Keys","2014","Tenured total","4","0","4","0","0","0","0","0","0","0","0","0","1","0","1","0","0","0","2","0","2","0","0","0","1","0","1","0","0","0","-2"
"133960","The College of the Florida Keys","2014","Tenured, professors","1","0","1","0","0","0","0","0","0","0","0","0","0","0","0","0","0","0","0","0","0","0","0","0","1","0","1","0","0","0","-2"
"133960","The College of the Florida Keys","2014","Tenured, associate professors","2","0","2","0","0","0","0","0","0","0","0","0","0","0","0","0","0","0","2","0","2","0","0","0","0","0","0","0","0","0","-2"
"133960","The College of the Florida Keys","2014","Tenured, assistant professors","1","0","1","0","0","0","0","0","0","0","0","0","1","0","1","0","0","0","0","0","0","0","0","0","0","0","0","0","0","0","-2"
"133960","The College of the Florida Keys","2014","On-Tenure track total","5","2","3","0","0","0","0","0","0","0","0","0","0","0","0","0","0","0","4","2","2","1","0","1","0","0","0","0","0","0","-2"
"133960","The College of the Florida Keys","2014","On-tenure track, professors","1","0","1","0","0","0","0","0","0","0","0","0","0","0","0","0","0","0","1","0","1","0","0","0","0","0","0","0","0","0","-2"
"133960","The College of the Florida Keys","2014","On-tenure track, associate professors","2","1","1","0","0","0","0","0","0","0","0","0","0","0","0","0","0","0","1","1","0","1","0","1","0","0","0","0","0","0","-2"
"133960","The College of the Florida Keys","2014","On-tenure track, assistant professors","2","1","1","0","0","0","0","0","0","0","0","0","0","0","0","0","0","0","2","1","1","0","0","0","0","0","0","0","0","0","-2"
"133960","The College of the Florida Keys","2014","Not on tenure track/No tenure system system total","16","7","9","0","0","0","0","0","0","0","0","0","0","0","0","0","0","0","12","6","6","0","0","0","4","1","3","0","0","0","-2"
"133960","The College of the Florida Keys","2014","Not on tenure/no tenure system, professors","2","0","2","0","0","0","0","0","0","0","0","0","0","0","0","0","0","0","1","0","1","0","0","0","1","0","1","0","0","0","-2"
"133960","The College of the Florida Keys","2014","Not on tenure/no tenure system, associate professors","1","1","0","0","0","0","0","0","0","0","0","0","0","0","0","0","0","0","1","1","0","0","0","0","0","0","0","0","0","0","-2"
"133960","The College of the Florida Keys","2014","Not on tenure/no tenure system, assistant professors","7","2","5","0","0","0","0","0","0","0","0","0","0","0","0","0","0","0","5","2","3","0","0","0","2","0","2","0","0","0","-2"
"133960","The College of the Florida Keys","2014","Not on tenure/no tenure system, instructors","6","4","2","0","0","0","0","0","0","0","0","0","0","0","0","0","0","0","5","3","2","0","0","0","1","1","0","0","0","0","-2"
"134608","Indian River State College","2014","Tenured total","164","78","86","2","0","2","7","3","4","17","9","8","9","3","6","1","0","1","125","60","65","2","2","0","0","0","0","1","1","0","-2"
"134608","Indian River State College","2014","Tenured, professors","33","17","16","1","0","1","2","1","1","4","2","2","1","1","0","0","0","0","24","12","12","1","1","0","0","0","0","0","0","0","-2"
"134608","Indian River State College","2014","Tenured, associate professors","42","20","22","0","0","0","2","1","1","3","2","1","2","1","1","0","0","0","34","15","19","0","0","0","0","0","0","1","1","0","-2"
"134608","Indian River State College","2014","Tenured, assistant professors","73","36","37","1","0","1","3","1","2","10","5","5","6","1","5","1","0","1","51","28","23","1","1","0","0","0","0","0","0","0","-2"
"134608","Indian River State College","2014","Tenured, instructors","16","5","11","0","0","0","0","0","0","0","0","0","0","0","0","0","0","0","16","5","11","0","0","0","0","0","0","0","0","0","-2"
"134608","Indian River State College","2014","On-Tenure track total","46","20","26","0","0","0","2","0","2","5","1","4","2","1","1","0","0","0","34","16","18","1","1","0","2","1","1","0","0","0","-2"
"134608","Indian River State College","2014","On-tenure track, associate professors","2","0","2","0","0","0","0","0","0","0","0","0","0","0","0","0","0","0","2","0","2","0","0","0","0","0","0","0","0","0","-2"
"134608","Indian River State College","2014","On-tenure track, assistant professors","41","20","21","0","0","0","2","0","2","4","1","3","2","1","1","0","0","0","30","16","14","1","1","0","2","1","1","0","0","0","-2"
"134608","Indian River State College","2014","On-tenure track, instructors","3","0","3","0","0","0","0","0","0","1","0","1","0","0","0","0","0","0","2","0","2","0","0","0","0","0","0","0","0","0","-2"
"134608","Indian River State College","2014","Not on tenure track/No tenure system system total","1","1","0","0","0","0","0","0","0","0","0","0","0","0","0","0","0","0","1","1","0","0","0","0","0","0","0","0","0","0","-2"
"134608","Indian River State College","2014","Not on tenure/no tenure system, assistant professors","1","1","0","0","0","0","0","0","0","0","0","0","0","0","0","0","0","0","1","1","0","0","0","0","0","0","0","0","0","0","-2"
"135081","Keiser University-Ft Lauderdale","2014","Not on tenure track/No tenure system system total","1017","402","615","2","0","2","49","20","29","125","49","76","140","57","83","4","3","1","681","268","413","16","5","11","0","0","0","0","0","0","-2"
"135081","Keiser University-Ft Lauderdale","2014","Not on tenure/no tenure system, instructors","1017","402","615","2","0","2","49","20","29","125","49","76","140","57","83","4","3","1","681","268","413","16","5","11","0","0","0","0","0","0","-2"
"135717","Miami Dade College","2014","Tenured total","598","284","314","3","1","2","31","12","19","83","31","52","261","126","135","0","0","0","213","111","102","6","2","4","1","1","0","0","0","0","-2"
"135717","Miami Dade College","2014","Tenured, professors","166","84","82","1","1","0","10","3","7","19","9","10","59","28","31","0","0","0","74","41","33","3","2","1","0","0","0","0","0","0","-2"
"135717","Miami Dade College","2014","Tenured, associate professors","286","130","156","0","0","0","14","7","7","42","14","28","138","62","76","0","0","0","90","46","44","1","0","1","1","1","0","0","0","0","-2"
"135717","Miami Dade College","2014","Tenured, assistant professors","134","60","74","1","0","1","7","2","5","22","8","14","57","30","27","0","0","0","45","20","25","2","0","2","0","0","0","0","0","0","-2"
"135717","Miami Dade College","2014","Tenured, instructors","12","10","2","1","0","1","0","0","0","0","0","0","7","6","1","0","0","0","4","4","0","0","0","0","0","0","0","0","0","0","-2"
"135717","Miami Dade College","2014","On-Tenure track total","127","55","72","0","0","0","3","2","1","36","10","26","54","28","26","0","0","0","33","15","18","1","0","1","0","0","0","0","0","0","-2"
"135717","Miami Dade College","2014","On-tenure track, assistant professors","40","20","20","0","0","0","1","0","1","7","4","3","16","8","8","0","0","0","15","8","7","1","0","1","0","0","0","0","0","0","-2"
"135717","Miami Dade College","2014","On-tenure track, instructors","87","35","52","0","0","0","2","2","0","29","6","23","38","20","18","0","0","0","18","7","11","0","0","0","0","0","0","0","0","0","-2"
"136358","Palm Beach State College","2014","Tenured total","207","82","125","0","0","0","7","7","0","27","13","14","21","5","16","0","0","0","143","53","90","1","1","0","8","3","5","0","0","0","-2"
"136358","Palm Beach State College","2014","Tenured, no academic rank","207","82","125","0","0","0","7","7","0","27","13","14","21","5","16","0","0","0","143","53","90","1","1","0","8","3","5","0","0","0","-2"
"136358","Palm Beach State College","2014","On-Tenure track total","84","42","42","1","0","1","1","1","0","10","4","6","7","3","4","0","0","0","58","29","29","0","0","0","6","5","1","1","0","1","-2"
"136358","Palm Beach State College","2014","On-tenure track, no academic rank","84","42","42","1","0","1","1","1","0","10","4","6","7","3","4","0","0","0","58","29","29","0","0","0","6","5","1","1","0","1","-2"
"136358","Palm Beach State College","2014","Not on tenure track/No tenure system system total","9","6","3","0","0","0","2","1","1","1","1","0","1","1","0","0","0","0","4","3","1","1","0","1","0","0","0","0","0","0","-2"
"136358","Palm Beach State College","2014","Not on tenure/no tenure system, instructors","1","1","0","0","0","0","0","0","0","0","0","0","0","0","0","0","0","0","1","1","0","0","0","0","0","0","0","0","0","0","-2"
"136358","Palm Beach State College","2014","Not on tenure/no tenure system, no academic rank","8","5","3","0","0","0","2","1","1","1","1","0","1","1","0","0","0","0","3","2","1","1","0","1","0","0","0","0","0","0","-2"
"136516","Polk State College","2014","Tenured total","104","42","62","1","0","1","1","1","0","8","3","5","6","2","4","0","0","0","86","35","51","1","0","1","0","0","0","1","1","0","-2"
"136516","Polk State College","2014","Tenured, no academic rank","104","42","62","1","0","1","1","1","0","8","3","5","6","2","4","0","0","0","86","35","51","1","0","1","0","0","0","1","1","0","-2"
"136516","Polk State College","2014","On-Tenure track total","47","21","26","0","0","0","0","0","0","3","2","1","2","1","1","0","0","0","42","18","24","0","0","0","0","0","0","0","0","0","-2"
"136516","Polk State College","2014","On-tenure track, no academic rank","47","21","26","0","0","0","0","0","0","3","2","1","2","1","1","0","0","0","42","18","24","0","0","0","0","0","0","0","0","0","-2"
"137209","Seminole State College of Florida","2014","Tenured total","155","55","100","0","0","0","5","3","2","9","3","6","13","6","7","1","1","0","125","41","84","2","1","1","0","0","0","0","0","0","-2"
"137209","Seminole State College of Florida","2014","Tenured, no academic rank","155","55","100","0","0","0","5","3","2","9","3","6","13","6","7","1","1","0","125","41","84","2","1","1","0","0","0","0","0","0","-2"
"137209","Seminole State College of Florida","2014","On-Tenure track total","42","18","24","0","0","0","2","1","1","2","1","1","2","0","2","0","0","0","36","16","20","0","0","0","0","0","0","0","0","0","-2"
"137209","Seminole State College of Florida","2014","On-tenure track, no academic rank","42","18","24","0","0","0","2","1","1","2","1","1","2","0","2","0","0","0","36","16","20","0","0","0","0","0","0","0","0","0","-2"
"137315","South Florida State College","2014","Tenured total","47","22","25","0","0","0","1","0","1","1","0","1","0","0","0","0","0","0","45","22","23","0","0","0","0","0","0","0","0","0","-2"
"137315","South Florida State College","2014","Tenured, instructors","47","22","25","0","0","0","1","0","1","1","0","1","0","0","0","0","0","0","45","22","23","0","0","0","0","0","0","0","0","0","-2"
"137315","South Florida State College","2014","On-Tenure track total","18","5","13","0","0","0","0","0","0","2","0","2","1","0","1","0","0","0","15","5","10","0","0","0","0","0","0","0","0","0","-2"
"137315","South Florida State College","2014","On-tenure track, instructors","18","5","13","0","0","0","0","0","0","2","0","2","1","0","1","0","0","0","15","5","10","0","0","0","0","0","0","0","0","0","-2"
"137476","St. Thomas University","2014","Tenured total","20","13","7","0","0","0","0","0","0","2","1","1","0","0","0","0","0","0","18","12","6","0","0","0","0","0","0","0","0","0","-2"
"137476","St. Thomas University","2014","Tenured, professors","20","13","7","0","0","0","0","0","0","2","1","1","0","0","0","0","0","0","18","12","6","0","0","0","0","0","0","0","0","0","-2"
"137476","St. Thomas University","2014","On-Tenure track total","3","2","1","0","0","0","1","1","0","0","0","0","0","0","0","0","0","0","2","1","1","0","0","0","0","0","0","0","0","0","-2"
"137476","St. Thomas University","2014","On-tenure track, professors","2","1","1","0","0","0","1","1","0","0","0","0","0","0","0","0","0","0","1","0","1","0","0","0","0","0","0","0","0","0","-2"
"137476","St. Thomas University","2014","On-tenure track, associate professors","1","1","0","0","0","0","0","0","0","0","0","0","0","0","0","0","0","0","1","1","0","0","0","0","0","0","0","0","0","0","-2"
"137476","St. Thomas University","2014","Not on tenure track/No tenure system system total","81","45","36","0","0","0","7","5","2","8","3","5","19","11","8","0","0","0","47","26","21","0","0","0","0","0","0","0","0","0","-2"
"137476","St. Thomas University","2014","Not on tenure/no tenure system, professors","26","15","11","0","0","0","1","1","0","0","0","0","4","2","2","0","0","0","21","12","9","0","0","0","0","0","0","0","0","0","-2"
"137476","St. Thomas University","2014","Not on tenure/no tenure system, associate professors","27","14","13","0","0","0","1","0","1","4","1","3","6","3","3","0","0","0","16","10","6","0","0","0","0","0","0","0","0","0","-2"
"137476","St. Thomas University","2014","Not on tenure/no tenure system, assistant professors","24","12","12","0","0","0","5","4","1","3","1","2","7","4","3","0","0","0","9","3","6","0","0","0","0","0","0","0","0","0","-2"
"137476","St. Thomas University","2014","Not on tenure/no tenure system, instructors","2","2","0","0","0","0","0","0","0","1","1","0","1","1","0","0","0","0","0","0","0","0","0","0","0","0","0","0","0","0","-2"
"137476","St. Thomas University","2014","Not on tenure/no tenure system, lecturers","1","1","0","0","0","0","0","0","0","0","0","0","1","1","0","0","0","0","0","0","0","0","0","0","0","0","0","0","0","0","-2"
"137476","St. Thomas University","2014","Not on tenure/no tenure system, no academic rank","1","1","0","0","0","0","0","0","0","0","0","0","0","0","0","0","0","0","1","1","0","0","0","0","0","0","0","0","0","0","-2"
"138187","Valencia College","2014","Tenured total","334","138","196","3","1","2","15","6","9","25","13","12","30","11","19","0","0","0","254","104","150","0","0","0","7","3","4","0","0","0","-2"
"138187","Valencia College","2014","Tenured, no academic rank","334","138","196","3","1","2","15","6","9","25","13","12","30","11","19","0","0","0","254","104","150","0","0","0","7","3","4","0","0","0","-2"
"138187","Valencia College","2014","On-Tenure track total","68","35","33","1","1","0","3","2","1","8","3","5","8","4","4","0","0","0","46","24","22","0","0","0","2","1","1","0","0","0","-2"
"138187","Valencia College","2014","On-tenure track, no academic rank","68","35","33","1","1","0","3","2","1","8","3","5","8","4","4","0","0","0","46","24","22","0","0","0","2","1","1","0","0","0","-2"
"138187","Valencia College","2014","Not on tenure track/No tenure system system total","93","34","59","0","0","0","5","0","5","10","3","7","5","3","2","0","0","0","68","26","42","0","0","0","5","2","3","0","0","0","-2"
"138187","Valencia College","2014","Not on tenure/no tenure system, no academic rank","93","34","59","0","0","0","5","0","5","10","3","7","5","3","2","0","0","0","68","26","42","0","0","0","5","2","3","0","0","0","-2"
"139463","Dalton State College","2014","Tenured total","73","36","37","0","0","0","2","2","0","1","0","1","1","1","0","0","0","0","68","32","36","1","1","0","0","0","0","0","0","0","-2"
"139463","Dalton State College","2014","Tenured, professors","18","13","5","0","0","0","1","1","0","0","0","0","1","1","0","0","0","0","16","11","5","0","0","0","0","0","0","0","0","0","-2"
"139463","Dalton State College","2014","Tenured, associate professors","51","21","30","0","0","0","1","1","0","1","0","1","0","0","0","0","0","0","48","19","29","1","1","0","0","0","0","0","0","0","-2"
"139463","Dalton State College","2014","Tenured, assistant professors","4","2","2","0","0","0","0","0","0","0","0","0","0","0","0","0","0","0","4","2","2","0","0","0","0","0","0","0","0","0","-2"
"139463","Dalton State College","2014","On-Tenure track total","70","31","39","0","0","0","2","1","1","3","2","1","3","2","1","0","0","0","59","24","35","0","0","0","2","2","0","1","0","1","-2"
"139463","Dalton State College","2014","On-tenure track, associate professors","12","10","2","0","0","0","0","0","0","1","1","0","0","0","0","0","0","0","10","8","2","0","0","0","1","1","0","0","0","0","-2"
"139463","Dalton State College","2014","On-tenure track, assistant professors","54","20","34","0","0","0","2","1","1","2","1","1","2","1","1","0","0","0","46","16","30","0","0","0","1","1","0","1","0","1","-2"
"139463","Dalton State College","2014","On-tenure track, instructors","3","1","2","0","0","0","0","0","0","0","0","0","1","1","0","0","0","0","2","0","2","0","0","0","0","0","0","0","0","0","-2"
"139463","Dalton State College","2014","On-tenure track, lecturers","1","0","1","0","0","0","0","0","0","0","0","0","0","0","0","0","0","0","1","0","1","0","0","0","0","0","0","0","0","0","-2"
"139463","Dalton State College","2014","Not on tenure track/No tenure system system total","17","9","8","0","0","0","1","0","1","0","0","0","0","0","0","0","0","0","16","9","7","0","0","0","0","0","0","0","0","0","-2"
"139463","Dalton State College","2014","Not on tenure/no tenure system, assistant professors","2","1","1","0","0","0","0","0","0","0","0","0","0","0","0","0","0","0","2","1","1","0","0","0","0","0","0","0","0","0","-2"
"139463","Dalton State College","2014","Not on tenure/no tenure system, instructors","5","3","2","0","0","0","0","0","0","0","0","0","0","0","0","0","0","0","5","3","2","0","0","0","0","0","0","0","0","0","-2"
"139463","Dalton State College","2014","Not on tenure/no tenure system, lecturers","10","5","5","0","0","0","1","0","1","0","0","0","0","0","0","0","0","0","9","5","4","0","0","0","0","0","0","0","0","0","-2"
"142887","American Academy of Art","2014","Not on tenure track/No tenure system system total","27","14","13","0","0","0","1","1","0","1","0","1","0","0","0","0","0","0","25","13","12","0","0","0","0","0","0","0","0","0","-2"
"142887","American Academy of Art","2014","Not on tenure/no tenure system, instructors","27","14","13","0","0","0","1","1","0","1","0","1","0","0","0","0","0","0","25","13","12","0","0","0","0","0","0","0","0","0","-2"
"143118","Aurora University","2014","Tenured total","55","28","27","0","0","0","1","0","1","1","1","0","2","1","1","0","0","0","51","26","25","0","0","0","0","0","0","0","0","0","-2"
"143118","Aurora University","2014","Tenured, professors","21","11","10","0","0","0","1","0","1","1","1","0","0","0","0","0","0","0","19","10","9","0","0","0","0","0","0","0","0","0","-2"
"143118","Aurora University","2014","Tenured, associate professors","33","16","17","0","0","0","0","0","0","0","0","0","2","1","1","0","0","0","31","15","16","0","0","0","0","0","0","0","0","0","-2"
"143118","Aurora University","2014","Tenured, assistant professors","1","1","0","0","0","0","0","0","0","0","0","0","0","0","0","0","0","0","1","1","0","0","0","0","0","0","0","0","0","0","-2"
"143118","Aurora University","2014","On-Tenure track total","35","13","22","1","1","0","1","1","0","0","0","0","2","0","2","0","0","0","29","9","20","0","0","0","2","2","0","0","0","0","-2"
"143118","Aurora University","2014","On-tenure track, professors","1","0","1","0","0","0","0","0","0","0","0","0","0","0","0","0","0","0","1","0","1","0","0","0","0","0","0","0","0","0","-2"
"143118","Aurora University","2014","On-tenure track, associate professors","4","1","3","0","0","0","0","0","0","0","0","0","0","0","0","0","0","0","4","1","3","0","0","0","0","0","0","0","0","0","-2"
"143118","Aurora University","2014","On-tenure track, assistant professors","30","12","18","1","1","0","1","1","0","0","0","0","2","0","2","0","0","0","24","8","16","0","0","0","2","2","0","0","0","0","-2"
"143118","Aurora University","2014","Not on tenure track/No tenure system system total","45","20","25","0","0","0","3","1","2","1","1","0","1","1","0","0","0","0","40","17","23","0","0","0","0","0","0","0","0","0","-2"
"143118","Aurora University","2014","Not on tenure/no tenure system, associate professors","13","7","6","0","0","0","0","0","0","0","0","0","1","1","0","0","0","0","12","6","6","0","0","0","0","0","0","0","0","0","-2"
"143118","Aurora University","2014","Not on tenure/no tenure system, assistant professors","26","10","16","0","0","0","3","1","2","0","0","0","0","0","0","0","0","0","23","9","14","0","0","0","0","0","0","0","0","0","-2"
"143118","Aurora University","2014","Not on tenure/no tenure system, instructors","6","3","3","0","0","0","0","0","0","1","1","0","0","0","0","0","0","0","5","2","3","0","0","0","0","0","0","0","0","0","-2"
"144351","Concordia University-Chicago","2014","Tenured total","41","15","26","0","0","0","0","0","0","1","0","1","0","0","0","0","0","0","40","15","25","0","0","0","0","0","0","0","0","0","-2"
"144351","Concordia University-Chicago","2014","Tenured, professors","28","14","14","0","0","0","0","0","0","1","0","1","0","0","0","0","0","0","27","14","13","0","0","0","0","0","0","0","0","0","-2"
"144351","Concordia University-Chicago","2014","Tenured, associate professors","13","1","12","0","0","0","0","0","0","0","0","0","0","0","0","0","0","0","13","1","12","0","0","0","0","0","0","0","0","0","-2"
"144351","Concordia University-Chicago","2014","On-Tenure track total","92","42","50","0","0","0","4","2","2","7","1","6","3","1","2","0","0","0","75","35","40","1","1","0","0","0","0","2","2","0","-2"
"144351","Concordia University-Chicago","2014","On-tenure track, professors","7","3","4","0","0","0","0","0","0","0","0","0","0","0","0","0","0","0","7","3","4","0","0","0","0","0","0","0","0","0","-2"
"144351","Concordia University-Chicago","2014","On-tenure track, associate professors","47","22","25","0","0","0","1","0","1","2","0","2","1","0","1","0","0","0","41","20","21","0","0","0","0","0","0","2","2","0","-2"
"144351","Concordia University-Chicago","2014","On-tenure track, assistant professors","38","17","21","0","0","0","3","2","1","5","1","4","2","1","1","0","0","0","27","12","15","1","1","0","0","0","0","0","0","0","-2"
"144351","Concordia University-Chicago","2014","Not on tenure track/No tenure system system total","125","49","76","1","0","1","1","1","0","18","3","15","1","0","1","0","0","0","92","43","49","0","0","0","11","1","10","1","1","0","-2"
"144351","Concordia University-Chicago","2014","Not on tenure/no tenure system, associate professors","3","1","2","0","0","0","0","0","0","0","0","0","1","0","1","0","0","0","2","1","1","0","0","0","0","0","0","0","0","0","-2"
"144351","Concordia University-Chicago","2014","Not on tenure/no tenure system, assistant professors","8","3","5","0","0","0","0","0","0","2","0","2","0","0","0","0","0","0","5","2","3","0","0","0","0","0","0","1","1","0","-2"
"144351","Concordia University-Chicago","2014","Not on tenure/no tenure system, no academic rank","114","45","69","1","0","1","1","1","0","16","3","13","0","0","0","0","0","0","85","40","45","0","0","0","11","1","10","0","0","0","-2"
"145600","University of Illinois Chicago","2014","Tenured total","825","509","316","1","0","1","146","100","46","27","14","13","53","26","27","0","0","0","574","354","220","4","1","3","13","9","4","7","5","2","-2"
"145600","University of Illinois Chicago","2014","Tenured, professors","425","295","130","0","0","0","72","55","17","5","4","1","20","11","9","0","0","0","323","221","102","0","0","0","3","2","1","2","2","0","-2"
"145600","University of Illinois Chicago","2014","Tenured, associate professors","382","203","179","1","0","1","69","41","28","21","10","11","32","15","17","0","0","0","242","128","114","4","1","3","8","5","3","5","3","2","-2"
"145600","University of Illinois Chicago","2014","Tenured, assistant professors","17","10","7","0","0","0","4","3","1","1","0","1","1","0","1","0","0","0","9","5","4","0","0","0","2","2","0","0","0","0","-2"
"145600","University of Illinois Chicago","2014","Tenured, no academic rank","1","1","0","0","0","0","1","1","0","0","0","0","0","0","0","0","0","0","0","0","0","0","0","0","0","0","0","0","0","0","-2"
"145600","University of Illinois Chicago","2014","On-Tenure track total","389","207","182","1","0","1","81","46","35","32","15","17","33","15","18","1","0","1","187","97","90","2","1","1","6","3","3","46","30","16","-2"
"145600","University of Illinois Chicago","2014","On-tenure track, professors","13","9","4","0","0","0","4","3","1","0","0","0","0","0","0","0","0","0","9","6","3","0","0","0","0","0","0","0","0","0","-2"
"145600","University of Illinois Chicago","2014","On-tenure track, associate professors","43","25","18","0","0","0","9","5","4","3","2","1","3","1","2","0","0","0","26","15","11","1","1","0","0","0","0","1","1","0","-2"
"145600","University of Illinois Chicago","2014","On-tenure track, assistant professors","333","173","160","1","0","1","68","38","30","29","13","16","30","14","16","1","0","1","152","76","76","1","0","1","6","3","3","45","29","16","-2"
"145600","University of Illinois Chicago","2014","Not on tenure track/No tenure system system total","703","292","411","0","0","0","115","37","78","40","14","26","31","15","16","0","0","0","458","199","259","7","2","5","23","10","13","29","15","14","-2"
"145600","University of Illinois Chicago","2014","Not on tenure/no tenure system, professors","33","25","8","0","0","0","2","2","0","0","0","0","0","0","0","0","0","0","28","20","8","0","0","0","1","1","0","2","2","0","-2"
"145600","University of Illinois Chicago","2014","Not on tenure/no tenure system, associate professors","82","32","50","0","0","0","8","3","5","5","1","4","1","0","1","0","0","0","61","27","34","1","0","1","5","1","4","1","0","1","-2"
"145600","University of Illinois Chicago","2014","Not on tenure/no tenure system, assistant professors","315","126","189","0","0","0","62","18","44","19","9","10","17","7","10","0","0","0","191","81","110","2","0","2","7","3","4","17","8","9","-2"
"145600","University of Illinois Chicago","2014","Not on tenure/no tenure system, instructors","126","37","89","0","0","0","32","11","21","8","1","7","2","1","1","0","0","0","74","20","54","2","0","2","6","3","3","2","1","1","-2"
"145600","University of Illinois Chicago","2014","Not on tenure/no tenure system, lecturers","136","67","69","0","0","0","10","3","7","5","2","3","10","7","3","0","0","0","100","49","51","1","1","0","4","2","2","6","3","3","-2"
"145600","University of Illinois Chicago","2014","Not on tenure/no tenure system, no academic rank","11","5","6","0","0","0","1","0","1","3","1","2","1","0","1","0","0","0","4","2","2","1","1","0","0","0","0","1","1","0","-2"
"147536","National Louis University","2014","Tenured total","75","32","43","0","0","0","4","0","4","2","2","0","2","2","0","0","0","0","65","26","39","1","1","0","0","0","0","1","1","0","-2"
"147536","National Louis University","2014","Tenured, professors","19","9","10","0","0","0","0","0","0","0","0","0","0","0","0","0","0","0","18","8","10","0","0","0","0","0","0","1","1","0","-2"
"147536","National Louis University","2014","Tenured, associate professors","48","17","31","0","0","0","4","0","4","1","1","0","2","2","0","0","0","0","41","14","27","0","0","0","0","0","0","0","0","0","-2"
"147536","National Louis University","2014","Tenured, assistant professors","8","6","2","0","0","0","0","0","0","1","1","0","0","0","0","0","0","0","6","4","2","1","1","0","0","0","0","0","0","0","-2"
"147536","National Louis University","2014","On-Tenure track total","11","5","6","0","0","0","1","1","0","2","2","0","1","0","1","0","0","0","7","2","5","0","0","0","0","0","0","0","0","0","-2"
"147536","National Louis University","2014","On-tenure track, assistant professors","11","5","6","0","0","0","1","1","0","2","2","0","1","0","1","0","0","0","7","2","5","0","0","0","0","0","0","0","0","0","-2"
"147536","National Louis University","2014","Not on tenure track/No tenure system system total","50","18","32","1","0","1","2","0","2","3","1","2","3","2","1","0","0","0","41","15","26","0","0","0","0","0","0","0","0","0","-2"
"147536","National Louis University","2014","Not on tenure/no tenure system, professors","2","1","1","0","0","0","0","0","0","0","0","0","0","0","0","0","0","0","2","1","1","0","0","0","0","0","0","0","0","0","-2"
"147536","National Louis University","2014","Not on tenure/no tenure system, associate professors","4","0","4","0","0","0","0","0","0","1","0","1","0","0","0","0","0","0","3","0","3","0","0","0","0","0","0","0","0","0","-2"
"147536","National Louis University","2014","Not on tenure/no tenure system, assistant professors","35","15","20","1","0","1","2","0","2","2","1","1","1","1","0","0","0","0","29","13","16","0","0","0","0","0","0","0","0","0","-2"
"147536","National Louis University","2014","Not on tenure/no tenure system, instructors","9","2","7","0","0","0","0","0","0","0","0","0","2","1","1","0","0","0","7","1","6","0","0","0","0","0","0","0","0","0","-2"
"147776","Northeastern Illinois University","2014","Tenured total","147","69","78","0","0","0","20","10","10","13","8","5","19","5","14","0","0","0","88","41","47","0","0","0","5","5","0","2","0","2","-2"
"147776","Northeastern Illinois University","2014","Tenured, professors","52","24","28","0","0","0","11","6","5","1","1","0","5","0","5","0","0","0","35","17","18","0","0","0","0","0","0","0","0","0","-2"
"147776","Northeastern Illinois University","2014","Tenured, associate professors","83","40","43","0","0","0","7","3","4","11","6","5","11","4","7","0","0","0","47","22","25","0","0","0","5","5","0","2","0","2","-2"
"147776","Northeastern Illinois University","2014","Tenured, assistant professors","12","5","7","0","0","0","2","1","1","1","1","0","3","1","2","0","0","0","6","2","4","0","0","0","0","0","0","0","0","0","-2"
"147776","Northeastern Illinois University","2014","On-Tenure track total","91","35","56","1","1","0","14","4","10","7","2","5","12","6","6","0","0","0","47","16","31","0","0","0","10","6","4","0","0","0","-2"
"147776","Northeastern Illinois University","2014","On-tenure track, professors","1","0","1","0","0","0","1","0","1","0","0","0","0","0","0","0","0","0","0","0","0","0","0","0","0","0","0","0","0","0","-2"
"147776","Northeastern Illinois University","2014","On-tenure track, associate professors","2","1","1","0","0","0","0","0","0","0","0","0","1","1","0","0","0","0","1","0","1","0","0","0","0","0","0","0","0","0","-2"
"147776","Northeastern Illinois University","2014","On-tenure track, assistant professors","88","34","54","1","1","0","13","4","9","7","2","5","11","5","6","0","0","0","46","16","30","0","0","0","10","6","4","0","0","0","-2"
"147776","Northeastern Illinois University","2014","Not on tenure track/No tenure system system total","109","52","57","0","0","0","6","4","2","5","3","2","8","4","4","0","0","0","81","36","45","0","0","0","9","5","4","0","0","0","-2"
"147776","Northeastern Illinois University","2014","Not on tenure/no tenure system, instructors","109","52","57","0","0","0","6","4","2","5","3","2","8","4","4","0","0","0","81","36","45","0","0","0","9","5","4","0","0","0","-2"
"148335","Robert Morris University Illinois","2014","Not on tenure track/No tenure system system total","89","49","40","0","0","0","12","9","3","8","3","5","2","2","0","0","0","0","67","35","32","0","0","0","0","0","0","0","0","0","-2"
"148335","Robert Morris University Illinois","2014","Not on tenure/no tenure system, professors","89","49","40","0","0","0","12","9","3","8","3","5","2","2","0","0","0","0","67","35","32","0","0","0","0","0","0","0","0","0","-2"
"148496","Dominican University","2014","Tenured total","72","33","39","0","0","0","5","3","2","2","2","0","3","2","1","0","0","0","61","25","36","1","1","0","0","0","0","0","0","0","-2"
"148496","Dominican University","2014","Tenured, professors","42","24","18","0","0","0","3","2","1","1","1","0","1","1","0","0","0","0","36","19","17","1","1","0","0","0","0","0","0","0","-2"
"148496","Dominican University","2014","Tenured, associate professors","23","7","16","0","0","0","2","1","1","1","1","0","2","1","1","0","0","0","18","4","14","0","0","0","0","0","0","0","0","0","-2"
"148496","Dominican University","2014","Tenured, assistant professors","7","2","5","0","0","0","0","0","0","0","0","0","0","0","0","0","0","0","7","2","5","0","0","0","0","0","0","0","0","0","-2"
"148496","Dominican University","2014","On-Tenure track total","67","26","41","0","0","0","6","1","5","4","1","3","5","1","4","0","0","0","51","22","29","0","0","0","1","1","0","0","0","0","-2"
"148496","Dominican University","2014","On-tenure track, professors","1","1","0","0","0","0","0","0","0","0","0","0","0","0","0","0","0","0","1","1","0","0","0","0","0","0","0","0","0","0","-2"
"148496","Dominican University","2014","On-tenure track, associate professors","22","4","18","0","0","0","2","0","2","1","0","1","3","0","3","0","0","0","16","4","12","0","0","0","0","0","0","0","0","0","-2"
"148496","Dominican University","2014","On-tenure track, assistant professors","42","20","22","0","0","0","4","1","3","3","1","2","1","0","1","0","0","0","33","17","16","0","0","0","1","1","0","0","0","0","-2"
"148496","Dominican University","2014","On-tenure track, instructors","1","1","0","0","0","0","0","0","0","0","0","0","1","1","0","0","0","0","0","0","0","0","0","0","0","0","0","0","0","0","-2"
"148496","Dominican University","2014","On-tenure track, lecturers","1","0","1","0","0","0","0","0","0","0","0","0","0","0","0","0","0","0","1","0","1","0","0","0","0","0","0","0","0","0","-2"
"148496","Dominican University","2014","Not on tenure track/No tenure system system total","22","10","12","0","0","0","1","1","0","1","1","0","2","1","1","0","0","0","7","7","0","11","0","11","0","0","0","0","0","0","-2"
"148496","Dominican University","2014","Not on tenure/no tenure system, assistant professors","2","1","1","0","0","0","0","0","0","0","0","0","0","0","0","0","0","0","1","1","0","1","0","1","0","0","0","0","0","0","-2"
"148496","Dominican University","2014","Not on tenure/no tenure system, instructors","2","1","1","0","0","0","0","0","0","1","1","0","0","0","0","0","0","0","0","0","0","1","0","1","0","0","0","0","0","0","-2"
"148496","Dominican University","2014","Not on tenure/no tenure system, lecturers","18","8","10","0","0","0","1","1","0","0","0","0","2","1","1","0","0","0","6","6","0","9","0","9","0","0","0","0","0","0","-2"
"148511","Rush University","2014","Tenured total","203","135","68","0","0","0","40","23","17","5","3","2","6","4","2","0","0","0","151","104","47","1","1","0","0","0","0","0","0","0","-2"
"148511","Rush University","2014","Tenured, professors","92","67","25","0","0","0","17","12","5","2","1","1","1","1","0","0","0","0","72","53","19","0","0","0","0","0","0","0","0","0","-2"
"148511","Rush University","2014","Tenured, associate professors","111","68","43","0","0","0","23","11","12","3","2","1","5","3","2","0","0","0","79","51","28","1","1","0","0","0","0","0","0","0","-2"
"148511","Rush University","2014","On-Tenure track total","653","320","333","0","0","0","195","94","101","23","6","17","16","6","10","0","0","0","413","211","202","6","3","3","0","0","0","0","0","0","-2"
"148511","Rush University","2014","On-tenure track, assistant professors","498","251","247","0","0","0","157","74","83","19","4","15","10","3","7","0","0","0","309","168","141","3","2","1","0","0","0","0","0","0","-2"
"148511","Rush University","2014","On-tenure track, instructors","155","69","86","0","0","0","38","20","18","4","2","2","6","3","3","0","0","0","104","43","61","3","1","2","0","0","0","0","0","0","-2"
"148511","Rush University","2014","Not on tenure track/No tenure system system total","129","13","116","0","0","0","2","0","2","10","1","9","1","0","1","0","0","0","116","12","104","0","0","0","0","0","0","0","0","0","-2"
"148511","Rush University","2014","Not on tenure/no tenure system, professors","21","2","19","0","0","0","0","0","0","1","0","1","0","0","0","0","0","0","20","2","18","0","0","0","0","0","0","0","0","0","-2"
"148511","Rush University","2014","Not on tenure/no tenure system, associate professors","19","2","17","0","0","0","0","0","0","0","0","0","0","0","0","0","0","0","19","2","17","0","0","0","0","0","0","0","0","0","-2"
"148511","Rush University","2014","Not on tenure/no tenure system, assistant professors","42","4","38","0","0","0","1","0","1","5","1","4","0","0","0","0","0","0","36","3","33","0","0","0","0","0","0","0","0","0","-2"
"148511","Rush University","2014","Not on tenure/no tenure system, instructors","47","5","42","0","0","0","1","0","1","4","0","4","1","0","1","0","0","0","41","5","36","0","0","0","0","0","0","0","0","0","-2"
"148627","Saint Xavier University","2014","Tenured total","110","50","60","0","0","0","8","5","3","6","4","2","0","0","0","0","0","0","95","40","55","0","0","0","1","1","0","0","0","0","-2"
"148627","Saint Xavier University","2014","Tenured, professors","26","14","12","0","0","0","1","1","0","1","1","0","0","0","0","0","0","0","24","12","12","0","0","0","0","0","0","0","0","0","-2"
"148627","Saint Xavier University","2014","Tenured, associate professors","81","35","46","0","0","0","7","4","3","4","3","1","0","0","0","0","0","0","69","27","42","0","0","0","1","1","0","0","0","0","-2"
"148627","Saint Xavier University","2014","Tenured, assistant professors","3","1","2","0","0","0","0","0","0","1","0","1","0","0","0","0","0","0","2","1","1","0","0","0","0","0","0","0","0","0","-2"
"148627","Saint Xavier University","2014","On-Tenure track total","31","14","17","1","0","1","2","1","1","3","2","1","1","1","0","0","0","0","16","6","10","0","0","0","8","4","4","0","0","0","-2"
"148627","Saint Xavier University","2014","On-tenure track, associate professors","4","3","1","0","0","0","0","0","0","0","0","0","0","0","0","0","0","0","3","2","1","0","0","0","1","1","0","0","0","0","-2"
"148627","Saint Xavier University","2014","On-tenure track, assistant professors","26","11","15","1","0","1","2","1","1","3","2","1","1","1","0","0","0","0","12","4","8","0","0","0","7","3","4","0","0","0","-2"
"148627","Saint Xavier University","2014","On-tenure track, lecturers","1","0","1","0","0","0","0","0","0","0","0","0","0","0","0","0","0","0","1","0","1","0","0","0","0","0","0","0","0","0","-2"
"148627","Saint Xavier University","2014","Not on tenure track/No tenure system system total","32","10","22","0","0","0","0","0","0","2","1","1","0","0","0","0","0","0","23","6","17","0","0","0","7","3","4","0","0","0","-2"
"148627","Saint Xavier University","2014","Not on tenure/no tenure system, assistant professors","18","7","11","0","0","0","0","0","0","2","1","1","0","0","0","0","0","0","12","5","7","0","0","0","4","1","3","0","0","0","-2"
"148627","Saint Xavier University","2014","Not on tenure/no tenure system, instructors","2","0","2","0","0","0","0","0","0","0","0","0","0","0","0","0","0","0","2","0","2","0","0","0","0","0","0","0","0","0","-2"
"148627","Saint Xavier University","2014","Not on tenure/no tenure system, lecturers","12","3","9","0","0","0","0","0","0","0","0","0","0","0","0","0","0","0","9","1","8","0","0","0","3","2","1","0","0","0","-2"
"150172","Calumet College of Saint Joseph","2014","Tenured total","17","13","4","0","0","0","0","0","0","0","0","0","0","0","0","0","0","0","17","13","4","0","0","0","0","0","0","0","0","0","-2"
"150172","Calumet College of Saint Joseph","2014","Tenured, professors","4","3","1","0","0","0","0","0","0","0","0","0","0","0","0","0","0","0","4","3","1","0","0","0","0","0","0","0","0","0","-2"
"150172","Calumet College of Saint Joseph","2014","Tenured, associate professors","11","8","3","0","0","0","0","0","0","0","0","0","0","0","0","0","0","0","11","8","3","0","0","0","0","0","0","0","0","0","-2"
"150172","Calumet College of Saint Joseph","2014","Tenured, assistant professors","2","2","0","0","0","0","0","0","0","0","0","0","0","0","0","0","0","0","2","2","0","0","0","0","0","0","0","0","0","0","-2"
"150172","Calumet College of Saint Joseph","2014","On-Tenure track total","9","3","6","0","0","0","1","1","0","1","0","1","1","0","1","0","0","0","6","2","4","0","0","0","0","0","0","0","0","0","-2"
"150172","Calumet College of Saint Joseph","2014","On-tenure track, assistant professors","9","3","6","0","0","0","1","1","0","1","0","1","1","0","1","0","0","0","6","2","4","0","0","0","0","0","0","0","0","0","-2"
"150172","Calumet College of Saint Joseph","2014","Not on tenure track/No tenure system system total","5","4","1","0","0","0","0","0","0","0","0","0","2","2","0","0","0","0","3","2","1","0","0","0","0","0","0","0","0","0","-2"
"150172","Calumet College of Saint Joseph","2014","Not on tenure/no tenure system, instructors","5","4","1","0","0","0","0","0","0","0","0","0","2","2","0","0","0","0","3","2","1","0","0","0","0","0","0","0","0","0","-2"
"151360","Indiana University-Northwest","2014","Tenured total","63","37","26","0","0","0","9","6","3","5","2","3","6","4","2","0","0","0","42","24","18","1","1","0","0","0","0","0","0","0","-2"
"151360","Indiana University-Northwest","2014","Tenured, professors","27","16","11","0","0","0","3","3","0","3","1","2","2","0","2","0","0","0","18","11","7","1","1","0","0","0","0","0","0","0","-2"
"151360","Indiana University-Northwest","2014","Tenured, associate professors","36","21","15","0","0","0","6","3","3","2","1","1","4","4","0","0","0","0","24","13","11","0","0","0","0","0","0","0","0","0","-2"
"151360","Indiana University-Northwest","2014","On-Tenure track total","44","20","24","1","0","1","8","4","4","7","1","6","1","1","0","0","0","0","26","14","12","1","0","1","0","0","0","0","0","0","-2"
"151360","Indiana University-Northwest","2014","On-tenure track, associate professors","5","3","2","0","0","0","0","0","0","1","1","0","0","0","0","0","0","0","4","2","2","0","0","0","0","0","0","0","0","0","-2"
"151360","Indiana University-Northwest","2014","On-tenure track, assistant professors","39","17","22","1","0","1","8","4","4","6","0","6","1","1","0","0","0","0","22","12","10","1","0","1","0","0","0","0","0","0","-2"
"151360","Indiana University-Northwest","2014","Not on tenure track/No tenure system system total","54","16","38","0","0","0","2","0","2","2","0","2","1","0","1","0","0","0","47","15","32","2","1","1","0","0","0","0","0","0","-2"
"151360","Indiana University-Northwest","2014","Not on tenure/no tenure system, associate professors","7","0","7","0","0","0","1","0","1","0","0","0","0","0","0","0","0","0","6","0","6","0","0","0","0","0","0","0","0","0","-2"
"151360","Indiana University-Northwest","2014","Not on tenure/no tenure system, assistant professors","25","6","19","0","0","0","0","0","0","2","0","2","1","0","1","0","0","0","22","6","16","0","0","0","0","0","0","0","0","0","-2"
"151360","Indiana University-Northwest","2014","Not on tenure/no tenure system, lecturers","22","10","12","0","0","0","1","0","1","0","0","0","0","0","0","0","0","0","19","9","10","2","1","1","0","0","0","0","0","0","-2"
"160409","Saint Joseph Seminary College","2014","Not on tenure track/No tenure system system total","17","14","3","0","0","0","0","0","0","0","0","0","0","0","0","0","0","0","17","14","3","0","0","0","0","0","0","0","0","0","-2"
"160409","Saint Joseph Seminary College","2014","Not on tenure/no tenure system, professors","17","14","3","0","0","0","0","0","0","0","0","0","0","0","0","0","0","0","17","14","3","0","0","0","0","0","0","0","0","0","-2"
"165167","Cambridge College","2014","Not on tenure track/No tenure system system total","25","12","13","0","0","0","1","0","1","6","3","3","0","0","0","0","0","0","18","9","9","0","0","0","0","0","0","0","0","0","-2"
"165167","Cambridge College","2014","Not on tenure/no tenure system, professors","15","8","7","0","0","0","1","0","1","5","2","3","0","0","0","0","0","0","9","6","3","0","0","0","0","0","0","0","0","0","-2"
"165167","Cambridge College","2014","Not on tenure/no tenure system, associate professors","6","2","4","0","0","0","0","0","0","0","0","0","0","0","0","0","0","0","6","2","4","0","0","0","0","0","0","0","0","0","-2"
"165167","Cambridge College","2014","Not on tenure/no tenure system, assistant professors","3","1","2","0","0","0","0","0","0","0","0","0","0","0","0","0","0","0","3","1","2","0","0","0","0","0","0","0","0","0","-2"
"165167","Cambridge College","2014","Not on tenure/no tenure system, lecturers","1","1","0","0","0","0","0","0","0","1","1","0","0","0","0","0","0","0","0","0","0","0","0","0","0","0","0","0","0","0","-2"
"165884","Benjamin Franklin Institute of Technology","2014","Not on tenure track/No tenure system system total","34","25","9","0","0","0","1","1","0","2","1","1","1","1","0","0","0","0","30","22","8","0","0","0","0","0","0","0","0","0","-2"
"165884","Benjamin Franklin Institute of Technology","2014","Not on tenure/no tenure system, professors","3","1","2","0","0","0","0","0","0","0","0","0","0","0","0","0","0","0","3","1","2","0","0","0","0","0","0","0","0","0","-2"
"165884","Benjamin Franklin Institute of Technology","2014","Not on tenure/no tenure system, associate professors","11","8","3","0","0","0","0","0","0","0","0","0","0","0","0","0","0","0","11","8","3","0","0","0","0","0","0","0","0","0","-2"
"165884","Benjamin Franklin Institute of Technology","2014","Not on tenure/no tenure system, assistant professors","11","10","1","0","0","0","1","1","0","2","1","1","0","0","0","0","0","0","8","8","0","0","0","0","0","0","0","0","0","0","-2"
"165884","Benjamin Franklin Institute of Technology","2014","Not on tenure/no tenure system, instructors","9","6","3","0","0","0","0","0","0","0","0","0","1","1","0","0","0","0","8","5","3","0","0","0","0","0","0","0","0","0","-2"
"182005","College of Southern Nevada","2014","Tenured total","333","188","145","3","2","1","26","13","13","14","7","7","22","11","11","0","0","0","265","152","113","2","2","0","0","0","0","1","1","0","-2"
"182005","College of Southern Nevada","2014","Tenured, professors","333","188","145","3","2","1","26","13","13","14","7","7","22","11","11","0","0","0","265","152","113","2","2","0","0","0","0","1","1","0","-2"
"182005","College of Southern Nevada","2014","On-Tenure track total","104","41","63","1","0","1","6","3","3","6","2","4","6","1","5","0","0","0","83","34","49","1","0","1","0","0","0","1","1","0","-2"
"182005","College of Southern Nevada","2014","On-tenure track, instructors","104","41","63","1","0","1","6","3","3","6","2","4","6","1","5","0","0","0","83","34","49","1","0","1","0","0","0","1","1","0","-2"
"182005","College of Southern Nevada","2014","Not on tenure track/No tenure system system total","63","28","35","0","0","0","3","1","2","4","0","4","6","6","0","0","0","0","48","20","28","2","1","1","0","0","0","0","0","0","-2"
"182005","College of Southern Nevada","2014","Not on tenure/no tenure system, instructors","63","28","35","0","0","0","3","1","2","4","0","4","6","6","0","0","0","0","48","20","28","2","1","1","0","0","0","0","0","0","-2"
"182500","Truckee Meadows Community College","2014","Tenured total","105","55","50","2","1","1","4","0","4","0","0","0","5","4","1","0","0","0","93","50","43","1","0","1","0","0","0","0","0","0","-2"
"182500","Truckee Meadows Community College","2014","Tenured, professors","105","55","50","2","1","1","4","0","4","0","0","0","5","4","1","0","0","0","93","50","43","1","0","1","0","0","0","0","0","0","-2"
"182500","Truckee Meadows Community College","2014","On-Tenure track total","31","13","18","1","1","0","3","2","1","1","0","1","3","1","2","0","0","0","23","9","14","0","0","0","0","0","0","0","0","0","-2"
"182500","Truckee Meadows Community College","2014","On-tenure track, instructors","31","13","18","1","1","0","3","2","1","1","0","1","3","1","2","0","0","0","23","9","14","0","0","0","0","0","0","0","0","0","-2"
"182500","Truckee Meadows Community College","2014","Not on tenure track/No tenure system system total","19","12","7","0","0","0","0","0","0","0","0","0","1","1","0","0","0","0","18","11","7","0","0","0","0","0","0","0","0","0","-2"
"182500","Truckee Meadows Community College","2014","Not on tenure/no tenure system, instructors","19","12","7","0","0","0","0","0","0","0","0","0","1","1","0","0","0","0","18","11","7","0","0","0","0","0","0","0","0","0","-2"
"183822","Bloomfield College","2014","Tenured total","47","17","30","0","0","0","1","0","1","8","3","5","2","0","2","0","0","0","36","14","22","0","0","0","0","0","0","0","0","0","-2"
"183822","Bloomfield College","2014","Tenured, professors","30","11","19","0","0","0","0","0","0","6","1","5","1","0","1","0","0","0","23","10","13","0","0","0","0","0","0","0","0","0","-2"
"183822","Bloomfield College","2014","Tenured, associate professors","17","6","11","0","0","0","1","0","1","2","2","0","1","0","1","0","0","0","13","4","9","0","0","0","0","0","0","0","0","0","-2"
"183822","Bloomfield College","2014","On-Tenure track total","19","8","11","0","0","0","1","1","0","4","0","4","2","1","1","0","0","0","12","6","6","0","0","0","0","0","0","0","0","0","-2"
"183822","Bloomfield College","2014","On-tenure track, associate professors","3","2","1","0","0","0","0","0","0","0","0","0","0","0","0","0","0","0","3","2","1","0","0","0","0","0","0","0","0","0","-2"
"183822","Bloomfield College","2014","On-tenure track, assistant professors","16","6","10","0","0","0","1","1","0","4","0","4","2","1","1","0","0","0","9","4","5","0","0","0","0","0","0","0","0","0","-2"
"183822","Bloomfield College","2014","Not on tenure track/No tenure system system total","3","2","1","0","0","0","0","0","0","0","0","0","0","0","0","0","0","0","3","2","1","0","0","0","0","0","0","0","0","0","-2"
"183822","Bloomfield College","2014","Not on tenure/no tenure system, associate professors","1","1","0","0","0","0","0","0","0","0","0","0","0","0","0","0","0","0","1","1","0","0","0","0","0","0","0","0","0","0","-2"
"183822","Bloomfield College","2014","Not on tenure/no tenure system, assistant professors","2","1","1","0","0","0","0","0","0","0","0","0","0","0","0","0","0","0","2","1","1","0","0","0","0","0","0","0","0","0","-2"
"185129","New Jersey City University","2014","Tenured total","197","100","97","0","0","0","23","12","11","29","8","21","22","9","13","0","0","0","123","71","52","0","0","0","0","0","0","0","0","0","-2"
"185129","New Jersey City University","2014","Tenured, professors","99","50","49","0","0","0","13","6","7","15","4","11","12","6","6","0","0","0","59","34","25","0","0","0","0","0","0","0","0","0","-2"
"185129","New Jersey City University","2014","Tenured, associate professors","59","33","26","0","0","0","5","3","2","10","4","6","6","2","4","0","0","0","38","24","14","0","0","0","0","0","0","0","0","0","-2"
"185129","New Jersey City University","2014","Tenured, assistant professors","39","17","22","0","0","0","5","3","2","4","0","4","4","1","3","0","0","0","26","13","13","0","0","0","0","0","0","0","0","0","-2"
"185129","New Jersey City University","2014","On-Tenure track total","50","22","28","0","0","0","9","5","4","5","1","4","1","0","1","0","0","0","35","16","19","0","0","0","0","0","0","0","0","0","-2"
"185129","New Jersey City University","2014","On-tenure track, professors","1","0","1","0","0","0","0","0","0","0","0","0","0","0","0","0","0","0","1","0","1","0","0","0","0","0","0","0","0","0","-2"
"185129","New Jersey City University","2014","On-tenure track, associate professors","7","3","4","0","0","0","0","0","0","0","0","0","0","0","0","0","0","0","7","3","4","0","0","0","0","0","0","0","0","0","-2"
"185129","New Jersey City University","2014","On-tenure track, assistant professors","42","19","23","0","0","0","9","5","4","5","1","4","1","0","1","0","0","0","27","13","14","0","0","0","0","0","0","0","0","0","-2"
"185129","New Jersey City University","2014","Not on tenure track/No tenure system system total","11","6","5","0","0","0","1","0","1","0","0","0","1","0","1","0","0","0","9","6","3","0","0","0","0","0","0","0","0","0","-2"
"185129","New Jersey City University","2014","Not on tenure/no tenure system, assistant professors","11","6","5","0","0","0","1","0","1","0","0","0","1","0","1","0","0","0","9","6","3","0","0","0","0","0","0","0","0","0","-2"
"185590","Montclair State University","2014","Tenured total","416","217","199","0","0","0","60","36","24","34","14","20","30","15","15","0","0","0","278","144","134","6","5","1","2","1","1","6","2","4","-2"
"185590","Montclair State University","2014","Tenured, professors","168","98","70","0","0","0","27","18","9","13","6","7","10","6","4","0","0","0","116","66","50","2","2","0","0","0","0","0","0","0","-2"
"185590","Montclair State University","2014","Tenured, associate professors","219","107","112","0","0","0","30","16","14","15","8","7","18","8","10","0","0","0","145","70","75","4","3","1","2","1","1","5","1","4","-2"
"185590","Montclair State University","2014","Tenured, assistant professors","29","12","17","0","0","0","3","2","1","6","0","6","2","1","1","0","0","0","17","8","9","0","0","0","0","0","0","1","1","0","-2"
"185590","Montclair State University","2014","On-Tenure track total","118","70","48","0","0","0","13","6","7","7","6","1","6","5","1","0","0","0","72","41","31","1","1","0","5","3","2","14","8","6","-2"
"185590","Montclair State University","2014","On-tenure track, professors","4","2","2","0","0","0","1","0","1","0","0","0","1","0","1","0","0","0","2","2","0","0","0","0","0","0","0","0","0","0","-2"
"185590","Montclair State University","2014","On-tenure track, associate professors","23","17","6","0","0","0","2","1","1","2","2","0","3","3","0","0","0","0","12","8","4","0","0","0","3","2","1","1","1","0","-2"
"185590","Montclair State University","2014","On-tenure track, assistant professors","91","51","40","0","0","0","10","5","5","5","4","1","2","2","0","0","0","0","58","31","27","1","1","0","2","1","1","13","7","6","-2"
"185590","Montclair State University","2014","Not on tenure track/No tenure system system total","78","29","49","0","0","0","2","2","0","2","0","2","8","2","6","0","0","0","55","22","33","2","0","2","7","2","5","2","1","1","-2"
"185590","Montclair State University","2014","Not on tenure/no tenure system, associate professors","1","0","1","0","0","0","0","0","0","0","0","0","0","0","0","0","0","0","1","0","1","0","0","0","0","0","0","0","0","0","-2"
"185590","Montclair State University","2014","Not on tenure/no tenure system, assistant professors","18","7","11","0","0","0","1","1","0","1","0","1","1","0","1","0","0","0","11","5","6","1","0","1","2","1","1","1","0","1","-2"
"185590","Montclair State University","2014","Not on tenure/no tenure system, instructors","10","2","8","0","0","0","0","0","0","0","0","0","0","0","0","0","0","0","10","2","8","0","0","0","0","0","0","0","0","0","-2"
"185590","Montclair State University","2014","Not on tenure/no tenure system, no academic rank","49","20","29","0","0","0","1","1","0","1","0","1","7","2","5","0","0","0","33","15","18","1","0","1","5","1","4","1","1","0","-2"
"186399","Rutgers University-Newark","2014","Tenured total","275","193","82","1","0","1","31","23","8","20","14","6","8","7","1","0","0","0","190","132","58","0","0","0","9","7","2","16","10","6","-2"
"186399","Rutgers University-Newark","2014","Tenured, professors","173","127","46","0","0","0","21","18","3","8","7","1","4","4","0","0","0","0","130","92","38","0","0","0","5","4","1","5","2","3","-2"
"186399","Rutgers University-Newark","2014","Tenured, associate professors","102","66","36","1","0","1","10","5","5","12","7","5","4","3","1","0","0","0","60","40","20","0","0","0","4","3","1","11","8","3","-2"
"186399","Rutgers University-Newark","2014","On-Tenure track total","120","68","52","0","0","0","13","9","4","11","2","9","5","4","1","0","0","0","40","21","19","3","1","2","19","12","7","29","19","10","-2"
"186399","Rutgers University-Newark","2014","On-tenure track, professors","1","0","1","0","0","0","0","0","0","0","0","0","0","0","0","0","0","0","1","0","1","0","0","0","0","0","0","0","0","0","-2"
"186399","Rutgers University-Newark","2014","On-tenure track, associate professors","12","5","7","0","0","0","1","1","0","3","1","2","0","0","0","0","0","0","3","1","2","0","0","0","2","0","2","3","2","1","-2"
"186399","Rutgers University-Newark","2014","On-tenure track, assistant professors","107","63","44","0","0","0","12","8","4","8","1","7","5","4","1","0","0","0","36","20","16","3","1","2","17","12","5","26","17","9","-2"
"186399","Rutgers University-Newark","2014","Not on tenure track/No tenure system system total","152","88","64","0","0","0","11","7","4","10","7","3","5","2","3","0","0","0","91","53","38","1","1","0","27","13","14","7","5","2","-2"
"186399","Rutgers University-Newark","2014","Not on tenure/no tenure system, professors","17","8","9","0","0","0","2","1","1","2","1","1","1","1","0","0","0","0","10","4","6","0","0","0","2","1","1","0","0","0","-2"
"186399","Rutgers University-Newark","2014","Not on tenure/no tenure system, associate professors","11","5","6","0","0","0","0","0","0","1","1","0","0","0","0","0","0","0","6","3","3","0","0","0","4","1","3","0","0","0","-2"
"186399","Rutgers University-Newark","2014","Not on tenure/no tenure system, assistant professors","51","28","23","0","0","0","4","3","1","1","1","0","1","0","1","0","0","0","35","19","16","1","1","0","6","2","4","3","2","1","-2"
"186399","Rutgers University-Newark","2014","Not on tenure/no tenure system, instructors","59","34","25","0","0","0","4","2","2","5","3","2","3","1","2","0","0","0","37","24","13","0","0","0","10","4","6","0","0","0","-2"
"186399","Rutgers University-Newark","2014","Not on tenure/no tenure system, lecturers","14","13","1","0","0","0","1","1","0","1","1","0","0","0","0","0","0","0","3","3","0","0","0","0","5","5","0","4","3","1","-2"
"187444","William Paterson University of New Jersey","2014","Tenured total","304","167","137","1","0","1","56","34","22","27","18","9","27","11","16","0","0","0","188","102","86","4","1","3","0","0","0","1","1","0","-2"
"187444","William Paterson University of New Jersey","2014","Tenured, professors","163","101","62","1","0","1","37","28","9","9","6","3","13","7","6","0","0","0","100","58","42","2","1","1","0","0","0","1","1","0","-2"
"187444","William Paterson University of New Jersey","2014","Tenured, associate professors","123","62","61","0","0","0","17","6","11","15","12","3","11","4","7","0","0","0","78","40","38","2","0","2","0","0","0","0","0","0","-2"
"187444","William Paterson University of New Jersey","2014","Tenured, assistant professors","18","4","14","0","0","0","2","0","2","3","0","3","3","0","3","0","0","0","10","4","6","0","0","0","0","0","0","0","0","0","-2"
"187444","William Paterson University of New Jersey","2014","On-Tenure track total","87","31","56","0","0","0","15","6","9","6","3","3","4","3","1","0","0","0","51","15","36","0","0","0","1","0","1","10","4","6","-2"
"187444","William Paterson University of New Jersey","2014","On-tenure track, professors","1","1","0","0","0","0","1","1","0","0","0","0","0","0","0","0","0","0","0","0","0","0","0","0","0","0","0","0","0","0","-2"
"187444","William Paterson University of New Jersey","2014","On-tenure track, associate professors","9","4","5","0","0","0","2","2","0","1","1","0","0","0","0","0","0","0","5","1","4","0","0","0","1","0","1","0","0","0","-2"
"187444","William Paterson University of New Jersey","2014","On-tenure track, assistant professors","73","25","48","0","0","0","12","3","9","5","2","3","4","3","1","0","0","0","42","13","29","0","0","0","0","0","0","10","4","6","-2"
"187444","William Paterson University of New Jersey","2014","On-tenure track, instructors","4","1","3","0","0","0","0","0","0","0","0","0","0","0","0","0","0","0","4","1","3","0","0","0","0","0","0","0","0","0","-2"
"187444","William Paterson University of New Jersey","2014","Not on tenure track/No tenure system system total","13","5","8","0","0","0","1","1","0","3","1","2","0","0","0","0","0","0","8","3","5","0","0","0","1","0","1","0","0","0","-2"
"187444","William Paterson University of New Jersey","2014","Not on tenure/no tenure system, assistant professors","5","2","3","0","0","0","0","0","0","3","1","2","0","0","0","0","0","0","2","1","1","0","0","0","0","0","0","0","0","0","-2"
"187444","William Paterson University of New Jersey","2014","Not on tenure/no tenure system, instructors","8","3","5","0","0","0","1","1","0","0","0","0","0","0","0","0","0","0","6","2","4","0","0","0","1","0","1","0","0","0","-2"
"187648","Eastern New Mexico University-Main Campus","2014","Tenured total","71","40","31","0","0","0","3","3","0","0","0","0","5","3","2","0","0","0","55","31","24","1","0","1","0","0","0","7","3","4","-2"
"187648","Eastern New Mexico University-Main Campus","2014","Tenured, professors","39","26","13","0","0","0","3","3","0","0","0","0","3","2","1","0","0","0","30","19","11","1","0","1","0","0","0","2","2","0","-2"
"187648","Eastern New Mexico University-Main Campus","2014","Tenured, associate professors","27","11","16","0","0","0","0","0","0","0","0","0","2","1","1","0","0","0","20","9","11","0","0","0","0","0","0","5","1","4","-2"
"187648","Eastern New Mexico University-Main Campus","2014","Tenured, assistant professors","2","1","1","0","0","0","0","0","0","0","0","0","0","0","0","0","0","0","2","1","1","0","0","0","0","0","0","0","0","0","-2"
"187648","Eastern New Mexico University-Main Campus","2014","Tenured, instructors","3","2","1","0","0","0","0","0","0","0","0","0","0","0","0","0","0","0","3","2","1","0","0","0","0","0","0","0","0","0","-2"
"187648","Eastern New Mexico University-Main Campus","2014","On-Tenure track total","47","27","20","0","0","0","1","0","1","2","2","0","1","1","0","0","0","0","34","17","17","0","0","0","4","2","2","5","5","0","-2"
"187648","Eastern New Mexico University-Main Campus","2014","On-tenure track, associate professors","3","3","0","0","0","0","0","0","0","1","1","0","0","0","0","0","0","0","2","2","0","0","0","0","0","0","0","0","0","0","-2"
"187648","Eastern New Mexico University-Main Campus","2014","On-tenure track, assistant professors","41","24","17","0","0","0","1","0","1","1","1","0","1","1","0","0","0","0","29","15","14","0","0","0","4","2","2","5","5","0","-2"
"187648","Eastern New Mexico University-Main Campus","2014","On-tenure track, instructors","3","0","3","0","0","0","0","0","0","0","0","0","0","0","0","0","0","0","3","0","3","0","0","0","0","0","0","0","0","0","-2"
"187648","Eastern New Mexico University-Main Campus","2014","Not on tenure track/No tenure system system total","38","12","26","0","0","0","0","0","0","0","0","0","4","1","3","0","0","0","32","10","22","0","0","0","2","1","1","0","0","0","-2"
"187648","Eastern New Mexico University-Main Campus","2014","Not on tenure/no tenure system, assistant professors","5","2","3","0","0","0","0","0","0","0","0","0","0","0","0","0","0","0","5","2","3","0","0","0","0","0","0","0","0","0","-2"
"187648","Eastern New Mexico University-Main Campus","2014","Not on tenure/no tenure system, instructors","33","10","23","0","0","0","0","0","0","0","0","0","4","1","3","0","0","0","27","8","19","0","0","0","2","1","1","0","0","0","-2"
"187985","University of New Mexico-Main Campus","2014","Tenured total","616","361","255","19","6","13","60","42","18","8","2","6","77","35","42","0","0","0","429","262","167","2","1","1","15","7","8","6","6","0","-2"
"187985","University of New Mexico-Main Campus","2014","Tenured, professors","316","210","106","8","4","4","26","20","6","2","1","1","30","16","14","0","0","0","244","165","79","1","1","0","4","2","2","1","1","0","-2"
"187985","University of New Mexico-Main Campus","2014","Tenured, associate professors","297","148","149","11","2","9","34","22","12","6","1","5","46","18","28","0","0","0","183","95","88","1","0","1","11","5","6","5","5","0","-2"
"187985","University of New Mexico-Main Campus","2014","Tenured, assistant professors","3","3","0","0","0","0","0","0","0","0","0","0","1","1","0","0","0","0","2","2","0","0","0","0","0","0","0","0","0","0","-2"
"187985","University of New Mexico-Main Campus","2014","On-Tenure track total","304","163","141","8","2","6","24","14","10","10","6","4","30","15","15","0","0","0","158","80","78","4","3","1","44","27","17","26","16","10","-2"
"187985","University of New Mexico-Main Campus","2014","On-tenure track, professors","7","2","5","0","0","0","1","0","1","0","0","0","3","1","2","0","0","0","3","1","2","0","0","0","0","0","0","0","0","0","-2"
"187985","University of New Mexico-Main Campus","2014","On-tenure track, associate professors","14","8","6","0","0","0","3","3","0","2","2","0","0","0","0","0","0","0","6","2","4","1","1","0","1","0","1","1","0","1","-2"
"187985","University of New Mexico-Main Campus","2014","On-tenure track, assistant professors","283","153","130","8","2","6","20","11","9","8","4","4","27","14","13","0","0","0","149","77","72","3","2","1","43","27","16","25","16","9","-2"
"187985","University of New Mexico-Main Campus","2014","Not on tenure track/No tenure system system total","783","366","417","5","2","3","61","33","28","20","10","10","100","36","64","1","0","1","516","249","267","12","2","10","37","17","20","31","17","14","-2"
"187985","University of New Mexico-Main Campus","2014","Not on tenure/no tenure system, professors","103","62","41","1","1","0","5","3","2","0","0","0","3","1","2","0","0","0","87","54","33","0","0","0","7","3","4","0","0","0","-2"
"187985","University of New Mexico-Main Campus","2014","Not on tenure/no tenure system, associate professors","122","57","65","0","0","0","11","5","6","2","0","2","10","3","7","1","0","1","96","47","49","1","1","0","1","1","0","0","0","0","-2"
"187985","University of New Mexico-Main Campus","2014","Not on tenure/no tenure system, assistant professors","316","153","163","2","0","2","37","22","15","11","5","6","49","20","29","0","0","0","175","89","86","7","1","6","13","3","10","22","13","9","-2"
"187985","University of New Mexico-Main Campus","2014","Not on tenure/no tenure system, instructors","57","18","39","1","1","0","6","2","4","1","1","0","6","1","5","0","0","0","38","11","27","2","0","2","2","2","0","1","0","1","-2"
"187985","University of New Mexico-Main Campus","2014","Not on tenure/no tenure system, lecturers","185","76","109","1","0","1","2","1","1","6","4","2","32","11","21","0","0","0","120","48","72","2","0","2","14","8","6","8","4","4","-2"
"188030","New Mexico State University-Main Campus","2014","Tenured total","400","259","141","5","3","2","43","33","10","5","5","0","46","27","19","0","0","0","290","182","108","2","1","1","0","0","0","9","8","1","-2"
"188030","New Mexico State University-Main Campus","2014","Tenured, professors","200","147","53","1","1","0","21","17","4","3","3","0","16","11","5","0","0","0","158","114","44","0","0","0","0","0","0","1","1","0","-2"
"188030","New Mexico State University-Main Campus","2014","Tenured, associate professors","193","108","85","3","1","2","21","15","6","2","2","0","30","16","14","0","0","0","127","66","61","2","1","1","0","0","0","8","7","1","-2"
"188030","New Mexico State University-Main Campus","2014","Tenured, assistant professors","7","4","3","1","1","0","1","1","0","0","0","0","0","0","0","0","0","0","5","2","3","0","0","0","0","0","0","0","0","0","-2"
"188030","New Mexico State University-Main Campus","2014","On-Tenure track total","166","84","82","2","2","0","13","6","7","4","1","3","32","11","21","0","0","0","84","44","40","2","2","0","0","0","0","29","18","11","-2"
"188030","New Mexico State University-Main Campus","2014","On-tenure track, professors","1","0","1","0","0","0","0","0","0","0","0","0","0","0","0","0","0","0","1","0","1","0","0","0","0","0","0","0","0","0","-2"
"188030","New Mexico State University-Main Campus","2014","On-tenure track, associate professors","9","5","4","1","1","0","0","0","0","0","0","0","1","0","1","0","0","0","7","4","3","0","0","0","0","0","0","0","0","0","-2"
"188030","New Mexico State University-Main Campus","2014","On-tenure track, assistant professors","156","79","77","1","1","0","13","6","7","4","1","3","31","11","20","0","0","0","76","40","36","2","2","0","0","0","0","29","18","11","-2"
"188030","New Mexico State University-Main Campus","2014","Not on tenure track/No tenure system system total","123","41","82","1","1","0","4","1","3","1","0","1","26","5","21","0","0","0","85","32","53","4","1","3","0","0","0","2","1","1","-2"
"188030","New Mexico State University-Main Campus","2014","Not on tenure/no tenure system, professors","11","5","6","0","0","0","0","0","0","0","0","0","0","0","0","0","0","0","11","5","6","0","0","0","0","0","0","0","0","0","-2"
"188030","New Mexico State University-Main Campus","2014","Not on tenure/no tenure system, associate professors","26","7","19","0","0","0","0","0","0","1","0","1","6","0","6","0","0","0","18","6","12","1","1","0","0","0","0","0","0","0","-2"
"188030","New Mexico State University-Main Campus","2014","Not on tenure/no tenure system, assistant professors","53","15","38","1","1","0","2","0","2","0","0","0","12","2","10","0","0","0","36","12","24","2","0","2","0","0","0","0","0","0","-2"
"188030","New Mexico State University-Main Campus","2014","Not on tenure/no tenure system, instructors","12","5","7","0","0","0","1","1","0","0","0","0","3","0","3","0","0","0","8","4","4","0","0","0","0","0","0","0","0","0","-2"
"188030","New Mexico State University-Main Campus","2014","Not on tenure/no tenure system, no academic rank","21","9","12","0","0","0","1","0","1","0","0","0","5","3","2","0","0","0","12","5","7","1","0","1","0","0","0","2","1","1","-2"
"188304","Western New Mexico University","2014","Tenured total","44","23","21","0","0","0","0","0","0","0","0","0","6","5","1","0","0","0","30","13","17","0","0","0","8","5","3","0","0","0","-2"
"188304","Western New Mexico University","2014","Tenured, professors","28","14","14","0","0","0","0","0","0","0","0","0","0","0","0","0","0","0","21","10","11","0","0","0","7","4","3","0","0","0","-2"
"188304","Western New Mexico University","2014","Tenured, associate professors","16","9","7","0","0","0","0","0","0","0","0","0","6","5","1","0","0","0","9","3","6","0","0","0","1","1","0","0","0","0","-2"
"188304","Western New Mexico University","2014","On-Tenure track total","46","15","31","0","0","0","3","3","0","2","1","1","7","4","3","0","0","0","28","6","22","0","0","0","6","1","5","0","0","0","-2"
"188304","Western New Mexico University","2014","On-tenure track, professors","1","0","1","0","0","0","0","0","0","0","0","0","0","0","0","0","0","0","1","0","1","0","0","0","0","0","0","0","0","0","-2"
"188304","Western New Mexico University","2014","On-tenure track, associate professors","1","0","1","0","0","0","0","0","0","0","0","0","0","0","0","0","0","0","0","0","0","0","0","0","1","0","1","0","0","0","-2"
"188304","Western New Mexico University","2014","On-tenure track, assistant professors","44","15","29","0","0","0","3","3","0","2","1","1","7","4","3","0","0","0","27","6","21","0","0","0","5","1","4","0","0","0","-2"
"188304","Western New Mexico University","2014","Not on tenure track/No tenure system system total","15","6","9","0","0","0","1","0","1","0","0","0","4","0","4","0","0","0","10","6","4","0","0","0","0","0","0","0","0","0","-2"
"188304","Western New Mexico University","2014","Not on tenure/no tenure system, professors","1","1","0","0","0","0","0","0","0","0","0","0","0","0","0","0","0","0","1","1","0","0","0","0","0","0","0","0","0","0","-2"
"188304","Western New Mexico University","2014","Not on tenure/no tenure system, assistant professors","13","5","8","0","0","0","1","0","1","0","0","0","4","0","4","0","0","0","8","5","3","0","0","0","0","0","0","0","0","0","-2"
"188304","Western New Mexico University","2014","Not on tenure/no tenure system, instructors","1","0","1","0","0","0","0","0","0","0","0","0","0","0","0","0","0","0","1","0","1","0","0","0","0","0","0","0","0","0","-2"
"190558","College of Staten Island CUNY","2014","Tenured total","243","143","100","1","1","0","35","20","15","7","6","1","13","8","5","0","0","0","186","107","79","1","1","0","0","0","0","0","0","0","-2"
"190558","College of Staten Island CUNY","2014","Tenured, professors","100","65","35","0","0","0","14","9","5","1","1","0","7","5","2","0","0","0","78","50","28","0","0","0","0","0","0","0","0","0","-2"
"190558","College of Staten Island CUNY","2014","Tenured, associate professors","112","62","50","1","1","0","19","11","8","5","4","1","5","3","2","0","0","0","81","42","39","1","1","0","0","0","0","0","0","0","-2"
"190558","College of Staten Island CUNY","2014","Tenured, assistant professors","19","10","9","0","0","0","1","0","1","1","1","0","0","0","0","0","0","0","17","9","8","0","0","0","0","0","0","0","0","0","-2"
"190558","College of Staten Island CUNY","2014","Tenured, lecturers","12","6","6","0","0","0","1","0","1","0","0","0","1","0","1","0","0","0","10","6","4","0","0","0","0","0","0","0","0","0","-2"
"190558","College of Staten Island CUNY","2014","On-Tenure track total","122","54","68","0","0","0","17","5","12","8","1","7","8","5","3","0","0","0","82","40","42","0","0","0","0","0","0","7","3","4","-2"
"190558","College of Staten Island CUNY","2014","On-tenure track, professors","1","1","0","0","0","0","1","1","0","0","0","0","0","0","0","0","0","0","0","0","0","0","0","0","0","0","0","0","0","0","-2"
"190558","College of Staten Island CUNY","2014","On-tenure track, associate professors","17","11","6","0","0","0","4","2","2","3","1","2","1","1","0","0","0","0","9","7","2","0","0","0","0","0","0","0","0","0","-2"
"190558","College of Staten Island CUNY","2014","On-tenure track, assistant professors","90","40","50","0","0","0","10","2","8","5","0","5","5","4","1","0","0","0","63","31","32","0","0","0","0","0","0","7","3","4","-2"
"190558","College of Staten Island CUNY","2014","On-tenure track, lecturers","14","2","12","0","0","0","2","0","2","0","0","0","2","0","2","0","0","0","10","2","8","0","0","0","0","0","0","0","0","0","-2"
"190558","College of Staten Island CUNY","2014","Not on tenure track/No tenure system system total","16","9","7","0","0","0","4","3","1","1","0","1","1","1","0","0","0","0","9","4","5","0","0","0","0","0","0","1","1","0","-2"
"190558","College of Staten Island CUNY","2014","Not on tenure/no tenure system, professors","1","0","1","0","0","0","0","0","0","0","0","0","0","0","0","0","0","0","1","0","1","0","0","0","0","0","0","0","0","0","-2"
"190558","College of Staten Island CUNY","2014","Not on tenure/no tenure system, assistant professors","1","0","1","0","0","0","0","0","0","0","0","0","0","0","0","0","0","0","1","0","1","0","0","0","0","0","0","0","0","0","-2"
"190558","College of Staten Island CUNY","2014","Not on tenure/no tenure system, lecturers","14","9","5","0","0","0","4","3","1","1","0","1","1","1","0","0","0","0","7","4","3","0","0","0","0","0","0","1","1","0","-2"
"190594","CUNY Hunter College","2014","Tenured total","499","252","247","0","0","0","45","19","26","47","23","24","54","22","32","0","0","0","350","188","162","0","0","0","0","0","0","3","0","3","-2"
"190594","CUNY Hunter College","2014","Tenured, professors","248","131","117","0","0","0","15","9","6","18","10","8","18","8","10","0","0","0","196","104","92","0","0","0","0","0","0","1","0","1","-2"
"190594","CUNY Hunter College","2014","Tenured, associate professors","198","97","101","0","0","0","26","10","16","19","10","9","29","11","18","0","0","0","124","66","58","0","0","0","0","0","0","0","0","0","-2"
"190594","CUNY Hunter College","2014","Tenured, assistant professors","22","10","12","0","0","0","3","0","3","5","2","3","2","2","0","0","0","0","12","6","6","0","0","0","0","0","0","0","0","0","-2"
"190594","CUNY Hunter College","2014","Tenured, lecturers","31","14","17","0","0","0","1","0","1","5","1","4","5","1","4","0","0","0","18","12","6","0","0","0","0","0","0","2","0","2","-2"
"190594","CUNY Hunter College","2014","On-Tenure track total","138","62","76","1","0","1","15","7","8","8","4","4","10","4","6","0","0","0","85","38","47","2","0","2","0","0","0","17","9","8","-2"
"190594","CUNY Hunter College","2014","On-tenure track, professors","5","3","2","0","0","0","0","0","0","0","0","0","0","0","0","0","0","0","5","3","2","0","0","0","0","0","0","0","0","0","-2"
"190594","CUNY Hunter College","2014","On-tenure track, associate professors","20","11","9","0","0","0","4","3","1","2","1","1","2","1","1","0","0","0","10","6","4","0","0","0","0","0","0","2","0","2","-2"
"190594","CUNY Hunter College","2014","On-tenure track, assistant professors","99","44","55","1","0","1","8","3","5","6","3","3","7","3","4","0","0","0","62","26","36","2","0","2","0","0","0","13","9","4","-2"
"190594","CUNY Hunter College","2014","On-tenure track, lecturers","14","4","10","0","0","0","3","1","2","0","0","0","1","0","1","0","0","0","8","3","5","0","0","0","0","0","0","2","0","2","-2"
"190594","CUNY Hunter College","2014","Not on tenure track/No tenure system system total","96","41","55","0","0","0","7","3","4","5","1","4","4","4","0","0","0","0","75","32","43","1","0","1","0","0","0","4","1","3","-2"
"190594","CUNY Hunter College","2014","Not on tenure/no tenure system, professors","47","20","27","0","0","0","3","1","2","2","0","2","1","1","0","0","0","0","40","18","22","0","0","0","0","0","0","1","0","1","-2"
"190594","CUNY Hunter College","2014","Not on tenure/no tenure system, associate professors","5","2","3","0","0","0","0","0","0","0","0","0","1","1","0","0","0","0","4","1","3","0","0","0","0","0","0","0","0","0","-2"
"190594","CUNY Hunter College","2014","Not on tenure/no tenure system, assistant professors","23","9","14","0","0","0","0","0","0","1","0","1","0","0","0","0","0","0","21","9","12","0","0","0","0","0","0","1","0","1","-2"
"190594","CUNY Hunter College","2014","Not on tenure/no tenure system, instructors","3","1","2","0","0","0","0","0","0","0","0","0","1","1","0","0","0","0","2","0","2","0","0","0","0","0","0","0","0","0","-2"
"190594","CUNY Hunter College","2014","Not on tenure/no tenure system, lecturers","18","9","9","0","0","0","4","2","2","2","1","1","1","1","0","0","0","0","8","4","4","1","0","1","0","0","0","2","1","1","-2"
"190600","CUNY John Jay College of Criminal Justice","2014","Tenured total","278","145","133","0","0","0","20","6","14","30","15","15","22","8","14","1","0","1","194","111","83","0","0","0","1","1","0","10","4","6","-2"
"190600","CUNY John Jay College of Criminal Justice","2014","Tenured, professors","94","58","36","0","0","0","5","2","3","6","1","5","6","3","3","0","0","0","76","51","25","0","0","0","1","1","0","0","0","0","-2"
"190600","CUNY John Jay College of Criminal Justice","2014","Tenured, associate professors","134","68","66","0","0","0","10","3","7","19","11","8","10","3","7","0","0","0","86","48","38","0","0","0","0","0","0","9","3","6","-2"
"190600","CUNY John Jay College of Criminal Justice","2014","Tenured, assistant professors","28","7","21","0","0","0","4","1","3","2","0","2","3","2","1","0","0","0","19","4","15","0","0","0","0","0","0","0","0","0","-2"
"190600","CUNY John Jay College of Criminal Justice","2014","Tenured, lecturers","22","12","10","0","0","0","1","0","1","3","3","0","3","0","3","1","0","1","13","8","5","0","0","0","0","0","0","1","1","0","-2"
"190600","CUNY John Jay College of Criminal Justice","2014","On-Tenure track total","115","60","55","0","0","0","6","4","2","12","5","7","20","12","8","4","2","2","67","35","32","1","1","0","0","0","0","5","1","4","-2"
"190600","CUNY John Jay College of Criminal Justice","2014","On-tenure track, associate professors","12","7","5","0","0","0","1","1","0","0","0","0","2","2","0","1","1","0","7","3","4","0","0","0","0","0","0","1","0","1","-2"
"190600","CUNY John Jay College of Criminal Justice","2014","On-tenure track, assistant professors","91","48","43","0","0","0","5","3","2","9","4","5","16","8","8","2","1","1","54","30","24","1","1","0","0","0","0","4","1","3","-2"
"190600","CUNY John Jay College of Criminal Justice","2014","On-tenure track, lecturers","12","5","7","0","0","0","0","0","0","3","1","2","2","2","0","1","0","1","6","2","4","0","0","0","0","0","0","0","0","0","-2"
"190600","CUNY John Jay College of Criminal Justice","2014","Not on tenure track/No tenure system system total","21","13","8","0","0","0","0","0","0","2","1","1","2","1","1","0","0","0","16","11","5","0","0","0","0","0","0","1","0","1","-2"
"190600","CUNY John Jay College of Criminal Justice","2014","Not on tenure/no tenure system, professors","6","3","3","0","0","0","0","0","0","1","0","1","1","0","1","0","0","0","4","3","1","0","0","0","0","0","0","0","0","0","-2"
"190600","CUNY John Jay College of Criminal Justice","2014","Not on tenure/no tenure system, associate professors","2","1","1","0","0","0","0","0","0","0","0","0","0","0","0","0","0","0","1","1","0","0","0","0","0","0","0","1","0","1","-2"
"190600","CUNY John Jay College of Criminal Justice","2014","Not on tenure/no tenure system, assistant professors","8","5","3","0","0","0","0","0","0","0","0","0","1","1","0","0","0","0","7","4","3","0","0","0","0","0","0","0","0","0","-2"
"190600","CUNY John Jay College of Criminal Justice","2014","Not on tenure/no tenure system, instructors","3","2","1","0","0","0","0","0","0","1","1","0","0","0","0","0","0","0","2","1","1","0","0","0","0","0","0","0","0","0","-2"
"190600","CUNY John Jay College of Criminal Justice","2014","Not on tenure/no tenure system, lecturers","2","2","0","0","0","0","0","0","0","0","0","0","0","0","0","0","0","0","2","2","0","0","0","0","0","0","0","0","0","0","-2"
"190637","CUNY Lehman College","2014","Tenured total","237","120","117","1","0","1","10","8","2","20","9","11","36","19","17","0","0","0","169","84","85","0","0","0","0","0","0","1","0","1","-2"
"190637","CUNY Lehman College","2014","Tenured, professors","93","59","34","1","0","1","2","1","1","2","1","1","13","9","4","0","0","0","75","48","27","0","0","0","0","0","0","0","0","0","-2"
"190637","CUNY Lehman College","2014","Tenured, associate professors","90","39","51","0","0","0","5","4","1","8","5","3","15","5","10","0","0","0","62","25","37","0","0","0","0","0","0","0","0","0","-2"
"190637","CUNY Lehman College","2014","Tenured, assistant professors","26","9","17","0","0","0","3","3","0","5","1","4","2","1","1","0","0","0","16","4","12","0","0","0","0","0","0","0","0","0","-2"
"190637","CUNY Lehman College","2014","Tenured, lecturers","28","13","15","0","0","0","0","0","0","5","2","3","6","4","2","0","0","0","16","7","9","0","0","0","0","0","0","1","0","1","-2"
"190637","CUNY Lehman College","2014","On-Tenure track total","122","43","79","1","0","1","15","5","10","16","3","13","11","5","6","0","0","0","77","29","48","0","0","0","0","0","0","2","1","1","-2"
"190637","CUNY Lehman College","2014","On-tenure track, associate professors","13","7","6","0","0","0","2","2","0","0","0","0","1","1","0","0","0","0","10","4","6","0","0","0","0","0","0","0","0","0","-2"
"190637","CUNY Lehman College","2014","On-tenure track, assistant professors","82","28","54","1","0","1","11","2","9","10","2","8","8","3","5","0","0","0","50","20","30","0","0","0","0","0","0","2","1","1","-2"
"190637","CUNY Lehman College","2014","On-tenure track, lecturers","27","8","19","0","0","0","2","1","1","6","1","5","2","1","1","0","0","0","17","5","12","0","0","0","0","0","0","0","0","0","-2"
"190637","CUNY Lehman College","2014","Not on tenure track/No tenure system system total","19","11","8","0","0","0","0","0","0","3","2","1","4","1","3","0","0","0","11","7","4","0","0","0","0","0","0","1","1","0","-2"
"190637","CUNY Lehman College","2014","Not on tenure/no tenure system, professors","4","3","1","0","0","0","0","0","0","0","0","0","2","1","1","0","0","0","2","2","0","0","0","0","0","0","0","0","0","0","-2"
"190637","CUNY Lehman College","2014","Not on tenure/no tenure system, assistant professors","2","2","0","0","0","0","0","0","0","1","1","0","0","0","0","0","0","0","1","1","0","0","0","0","0","0","0","0","0","0","-2"
"190637","CUNY Lehman College","2014","Not on tenure/no tenure system, instructors","2","1","1","0","0","0","0","0","0","0","0","0","0","0","0","0","0","0","2","1","1","0","0","0","0","0","0","0","0","0","-2"
"190637","CUNY Lehman College","2014","Not on tenure/no tenure system, lecturers","11","5","6","0","0","0","0","0","0","2","1","1","2","0","2","0","0","0","6","3","3","0","0","0","0","0","0","1","1","0","-2"
"190655","CUNY New York City College of Technology","2014","Tenured total","241","134","107","1","1","0","28","13","15","36","19","17","12","6","6","0","0","0","160","91","69","0","0","0","0","0","0","4","4","0","-2"
"190655","CUNY New York City College of Technology","2014","Tenured, professors","62","36","26","0","0","0","5","1","4","6","3","3","6","3","3","0","0","0","45","29","16","0","0","0","0","0","0","0","0","0","-2"
"190655","CUNY New York City College of Technology","2014","Tenured, associate professors","97","50","47","0","0","0","14","5","9","14","8","6","3","2","1","0","0","0","63","32","31","0","0","0","0","0","0","3","3","0","-2"
"190655","CUNY New York City College of Technology","2014","Tenured, assistant professors","57","36","21","1","1","0","9","7","2","6","4","2","2","1","1","0","0","0","38","22","16","0","0","0","0","0","0","1","1","0","-2"
"190655","CUNY New York City College of Technology","2014","Tenured, lecturers","25","12","13","0","0","0","0","0","0","10","4","6","1","0","1","0","0","0","14","8","6","0","0","0","0","0","0","0","0","0","-2"
"190655","CUNY New York City College of Technology","2014","On-Tenure track total","172","85","87","1","0","1","24","15","9","15","5","10","18","9","9","0","0","0","99","47","52","0","0","0","0","0","0","15","9","6","-2"
"190655","CUNY New York City College of Technology","2014","On-tenure track, associate professors","15","7","8","0","0","0","0","0","0","2","0","2","2","2","0","0","0","0","9","4","5","0","0","0","0","0","0","2","1","1","-2"
"190655","CUNY New York City College of Technology","2014","On-tenure track, assistant professors","155","77","78","1","0","1","24","15","9","12","4","8","16","7","9","0","0","0","89","43","46","0","0","0","0","0","0","13","8","5","-2"
"190655","CUNY New York City College of Technology","2014","On-tenure track, lecturers","2","1","1","0","0","0","0","0","0","1","1","0","0","0","0","0","0","0","1","0","1","0","0","0","0","0","0","0","0","0","-2"
"190655","CUNY New York City College of Technology","2014","Not on tenure track/No tenure system system total","22","11","11","0","0","0","3","2","1","2","0","2","0","0","0","0","0","0","16","9","7","0","0","0","0","0","0","1","0","1","-2"
"190655","CUNY New York City College of Technology","2014","Not on tenure/no tenure system, associate professors","1","1","0","0","0","0","0","0","0","0","0","0","0","0","0","0","0","0","1","1","0","0","0","0","0","0","0","0","0","0","-2"
"190655","CUNY New York City College of Technology","2014","Not on tenure/no tenure system, assistant professors","13","5","8","0","0","0","0","0","0","2","0","2","0","0","0","0","0","0","10","5","5","0","0","0","0","0","0","1","0","1","-2"
"190655","CUNY New York City College of Technology","2014","Not on tenure/no tenure system, instructors","1","0","1","0","0","0","0","0","0","0","0","0","0","0","0","0","0","0","1","0","1","0","0","0","0","0","0","0","0","0","-2"
"190655","CUNY New York City College of Technology","2014","Not on tenure/no tenure system, lecturers","7","5","2","0","0","0","3","2","1","0","0","0","0","0","0","0","0","0","4","3","1","0","0","0","0","0","0","0","0","0","-2"
"190664","CUNY Queens College","2014","Tenured total","431","253","178","1","1","0","46","21","25","19","13","6","22","11","11","0","0","0","331","202","129","1","1","0","0","0","0","11","4","7","-2"
"190664","CUNY Queens College","2014","Tenured, professors","203","140","63","1","1","0","19","10","9","9","6","3","8","5","3","0","0","0","166","118","48","0","0","0","0","0","0","0","0","0","-2"
"190664","CUNY Queens College","2014","Tenured, associate professors","161","81","80","0","0","0","22","10","12","8","5","3","10","2","8","0","0","0","110","59","51","1","1","0","0","0","0","10","4","6","-2"
"190664","CUNY Queens College","2014","Tenured, assistant professors","20","10","10","0","0","0","3","1","2","1","1","0","2","2","0","0","0","0","13","6","7","0","0","0","0","0","0","1","0","1","-2"
"190664","CUNY Queens College","2014","Tenured, lecturers","47","22","25","0","0","0","2","0","2","1","1","0","2","2","0","0","0","0","42","19","23","0","0","0","0","0","0","0","0","0","-2"
"190664","CUNY Queens College","2014","On-Tenure track total","148","62","86","0","0","0","11","2","9","11","4","7","16","7","9","0","0","0","88","42","46","1","1","0","0","0","0","21","6","15","-2"
"190664","CUNY Queens College","2014","On-tenure track, professors","2","1","1","0","0","0","0","0","0","0","0","0","0","0","0","0","0","0","1","0","1","1","1","0","0","0","0","0","0","0","-2"
"190664","CUNY Queens College","2014","On-tenure track, associate professors","6","3","3","0","0","0","1","1","0","0","0","0","1","0","1","0","0","0","4","2","2","0","0","0","0","0","0","0","0","0","-2"
"190664","CUNY Queens College","2014","On-tenure track, assistant professors","118","51","67","0","0","0","9","1","8","11","4","7","14","7","7","0","0","0","64","33","31","0","0","0","0","0","0","20","6","14","-2"
"190664","CUNY Queens College","2014","On-tenure track, lecturers","22","7","15","0","0","0","1","0","1","0","0","0","1","0","1","0","0","0","19","7","12","0","0","0","0","0","0","1","0","1","-2"
"190664","CUNY Queens College","2014","Not on tenure track/No tenure system system total","27","13","14","0","0","0","3","1","2","5","1","4","1","0","1","0","0","0","18","11","7","0","0","0","0","0","0","0","0","0","-2"
"190664","CUNY Queens College","2014","Not on tenure/no tenure system, professors","9","4","5","0","0","0","1","0","1","4","1","3","0","0","0","0","0","0","4","3","1","0","0","0","0","0","0","0","0","0","-2"
"190664","CUNY Queens College","2014","Not on tenure/no tenure system, associate professors","1","1","0","0","0","0","0","0","0","0","0","0","0","0","0","0","0","0","1","1","0","0","0","0","0","0","0","0","0","0","-2"
"190664","CUNY Queens College","2014","Not on tenure/no tenure system, assistant professors","5","2","3","0","0","0","0","0","0","1","0","1","0","0","0","0","0","0","4","2","2","0","0","0","0","0","0","0","0","0","-2"
"190664","CUNY Queens College","2014","Not on tenure/no tenure system, instructors","7","4","3","0","0","0","1","0","1","0","0","0","1","0","1","0","0","0","5","4","1","0","0","0","0","0","0","0","0","0","-2"
"190664","CUNY Queens College","2014","Not on tenure/no tenure system, lecturers","5","2","3","0","0","0","1","1","0","0","0","0","0","0","0","0","0","0","4","1","3","0","0","0","0","0","0","0","0","0","-2"
"190691","CUNY York College","2014","Tenured total","119","65","54","0","0","0","15","13","2","23","12","11","10","3","7","0","0","0","69","37","32","0","0","0","0","0","0","2","0","2","-2"
"190691","CUNY York College","2014","Tenured, professors","31","18","13","0","0","0","2","2","0","0","0","0","2","1","1","0","0","0","27","15","12","0","0","0","0","0","0","0","0","0","-2"
"190691","CUNY York College","2014","Tenured, associate professors","58","31","27","0","0","0","10","9","1","15","8","7","6","2","4","0","0","0","25","12","13","0","0","0","0","0","0","2","0","2","-2"
"190691","CUNY York College","2014","Tenured, assistant professors","9","6","3","0","0","0","1","1","0","2","1","1","1","0","1","0","0","0","5","4","1","0","0","0","0","0","0","0","0","0","-2"
"190691","CUNY York College","2014","Tenured, lecturers","21","10","11","0","0","0","2","1","1","6","3","3","1","0","1","0","0","0","12","6","6","0","0","0","0","0","0","0","0","0","-2"
"190691","CUNY York College","2014","On-Tenure track total","67","31","36","0","0","0","12","4","8","14","4","10","5","3","2","0","0","0","35","19","16","0","0","0","0","0","0","1","1","0","-2"
"190691","CUNY York College","2014","On-tenure track, professors","1","1","0","0","0","0","1","1","0","0","0","0","0","0","0","0","0","0","0","0","0","0","0","0","0","0","0","0","0","0","-2"
"190691","CUNY York College","2014","On-tenure track, associate professors","10","2","8","0","0","0","1","0","1","1","0","1","0","0","0","0","0","0","7","1","6","0","0","0","0","0","0","1","1","0","-2"
"190691","CUNY York College","2014","On-tenure track, assistant professors","53","28","25","0","0","0","10","3","7","11","4","7","5","3","2","0","0","0","27","18","9","0","0","0","0","0","0","0","0","0","-2"
"190691","CUNY York College","2014","On-tenure track, lecturers","3","0","3","0","0","0","0","0","0","2","0","2","0","0","0","0","0","0","1","0","1","0","0","0","0","0","0","0","0","0","-2"
"190691","CUNY York College","2014","Not on tenure track/No tenure system system total","11","2","9","0","0","0","0","0","0","6","1","5","0","0","0","0","0","0","4","1","3","0","0","0","0","0","0","1","0","1","-2"
"190691","CUNY York College","2014","Not on tenure/no tenure system, professors","6","1","5","0","0","0","0","0","0","3","1","2","0","0","0","0","0","0","2","0","2","0","0","0","0","0","0","1","0","1","-2"
"190691","CUNY York College","2014","Not on tenure/no tenure system, assistant professors","1","0","1","0","0","0","0","0","0","0","0","0","0","0","0","0","0","0","1","0","1","0","0","0","0","0","0","0","0","0","-2"
"190691","CUNY York College","2014","Not on tenure/no tenure system, lecturers","4","1","3","0","0","0","0","0","0","3","0","3","0","0","0","0","0","0","1","1","0","0","0","0","0","0","0","0","0","0","-2"
"193399","College of Mount Saint Vincent","2014","Tenured total","49","22","27","0","0","0","2","0","2","0","0","0","2","0","2","0","0","0","43","21","22","0","0","0","0","0","0","2","1","1","-2"
"193399","College of Mount Saint Vincent","2014","Tenured, professors","10","5","5","0","0","0","0","0","0","0","0","0","0","0","0","0","0","0","10","5","5","0","0","0","0","0","0","0","0","0","-2"
"193399","College of Mount Saint Vincent","2014","Tenured, associate professors","32","13","19","0","0","0","2","0","2","0","0","0","1","0","1","0","0","0","28","13","15","0","0","0","0","0","0","1","0","1","-2"
"193399","College of Mount Saint Vincent","2014","Tenured, assistant professors","7","4","3","0","0","0","0","0","0","0","0","0","1","0","1","0","0","0","5","3","2","0","0","0","0","0","0","1","1","0","-2"
"193399","College of Mount Saint Vincent","2014","On-Tenure track total","19","6","13","0","0","0","3","0","3","1","0","1","2","1","1","0","0","0","13","5","8","0","0","0","0","0","0","0","0","0","-2"
"193399","College of Mount Saint Vincent","2014","On-tenure track, associate professors","1","0","1","0","0","0","0","0","0","0","0","0","0","0","0","0","0","0","1","0","1","0","0","0","0","0","0","0","0","0","-2"
"193399","College of Mount Saint Vincent","2014","On-tenure track, assistant professors","18","6","12","0","0","0","3","0","3","1","0","1","2","1","1","0","0","0","12","5","7","0","0","0","0","0","0","0","0","0","-2"
"193399","College of Mount Saint Vincent","2014","Not on tenure track/No tenure system system total","10","1","9","0","0","0","2","0","2","1","0","1","1","0","1","0","0","0","6","1","5","0","0","0","0","0","0","0","0","0","-2"
"193399","College of Mount Saint Vincent","2014","Not on tenure/no tenure system, assistant professors","3","0","3","0","0","0","1","0","1","0","0","0","0","0","0","0","0","0","2","0","2","0","0","0","0","0","0","0","0","0","-2"
"193399","College of Mount Saint Vincent","2014","Not on tenure/no tenure system, instructors","7","1","6","0","0","0","1","0","1","1","0","1","1","0","1","0","0","0","4","1","3","0","0","0","0","0","0","0","0","0","-2"
"194161","Nyack College","2014","Tenured total","37","24","13","0","0","0","7","5","2","5","3","2","1","0","1","0","0","0","24","16","8","0","0","0","0","0","0","0","0","0","-2"
"194161","Nyack College","2014","Tenured, professors","30","22","8","0","0","0","7","5","2","4","2","2","0","0","0","0","0","0","19","15","4","0","0","0","0","0","0","0","0","0","-2"
"194161","Nyack College","2014","Tenured, associate professors","7","2","5","0","0","0","0","0","0","1","1","0","1","0","1","0","0","0","5","1","4","0","0","0","0","0","0","0","0","0","-2"
"194161","Nyack College","2014","On-Tenure track total","56","37","19","0","0","0","11","6","5","7","3","4","6","4","2","0","0","0","30","22","8","0","0","0","0","0","0","2","2","0","-2"
"194161","Nyack College","2014","On-tenure track, professors","5","4","1","0","0","0","0","0","0","1","0","1","0","0","0","0","0","0","4","4","0","0","0","0","0","0","0","0","0","0","-2"
"194161","Nyack College","2014","On-tenure track, associate professors","16","12","4","0","0","0","2","0","2","2","1","1","1","1","0","0","0","0","11","10","1","0","0","0","0","0","0","0","0","0","-2"
"194161","Nyack College","2014","On-tenure track, assistant professors","35","21","14","0","0","0","9","6","3","4","2","2","5","3","2","0","0","0","15","8","7","0","0","0","0","0","0","2","2","0","-2"
"194161","Nyack College","2014","Not on tenure track/No tenure system system total","14","6","8","0","0","0","0","0","0","6","1","5","3","2","1","0","0","0","5","3","2","0","0","0","0","0","0","0","0","0","-2"
"194161","Nyack College","2014","Not on tenure/no tenure system, lecturers","14","6","8","0","0","0","0","0","0","6","1","5","3","2","1","0","0","0","5","3","2","0","0","0","0","0","0","0","0","0","-2"
"196219","SUNY at Purchase College","2014","Tenured total","90","43","47","0","0","0","5","3","2","3","2","1","2","2","0","0","0","0","79","36","43","1","0","1","0","0","0","0","0","0","-2"
"196219","SUNY at Purchase College","2014","Tenured, professors","34","21","13","0","0","0","2","2","0","1","1","0","0","0","0","0","0","0","31","18","13","0","0","0","0","0","0","0","0","0","-2"
"196219","SUNY at Purchase College","2014","Tenured, associate professors","56","22","34","0","0","0","3","1","2","2","1","1","2","2","0","0","0","0","48","18","30","1","0","1","0","0","0","0","0","0","-2"
"196219","SUNY at Purchase College","2014","On-Tenure track total","50","28","22","0","0","0","5","2","3","1","0","1","1","1","0","0","0","0","37","22","15","1","0","1","0","0","0","5","3","2","-2"
"196219","SUNY at Purchase College","2014","On-tenure track, associate professors","4","3","1","0","0","0","0","0","0","0","0","0","0","0","0","0","0","0","4","3","1","0","0","0","0","0","0","0","0","0","-2"
"196219","SUNY at Purchase College","2014","On-tenure track, assistant professors","46","25","21","0","0","0","5","2","3","1","0","1","1","1","0","0","0","0","33","19","14","1","0","1","0","0","0","5","3","2","-2"
"196219","SUNY at Purchase College","2014","Not on tenure track/No tenure system system total","33","13","20","0","0","0","1","0","1","3","1","2","1","0","1","0","0","0","27","12","15","0","0","0","0","0","0","1","0","1","-2"
"196219","SUNY at Purchase College","2014","Not on tenure/no tenure system, associate professors","1","0","1","0","0","0","0","0","0","0","0","0","0","0","0","0","0","0","1","0","1","0","0","0","0","0","0","0","0","0","-2"
"196219","SUNY at Purchase College","2014","Not on tenure/no tenure system, assistant professors","29","12","17","0","0","0","1","0","1","3","1","2","1","0","1","0","0","0","23","11","12","0","0","0","0","0","0","1","0","1","-2"
"196219","SUNY at Purchase College","2014","Not on tenure/no tenure system, lecturers","3","1","2","0","0","0","0","0","0","0","0","0","0","0","0","0","0","0","3","1","2","0","0","0","0","0","0","0","0","0","-2"
"196237","SUNY College at Old Westbury","2014","Tenured total","80","38","42","0","0","0","11","4","7","10","7","3","7","5","2","0","0","0","52","22","30","0","0","0","0","0","0","0","0","0","-2"
"196237","SUNY College at Old Westbury","2014","Tenured, professors","25","13","12","0","0","0","6","4","2","2","2","0","3","2","1","0","0","0","14","5","9","0","0","0","0","0","0","0","0","0","-2"
"196237","SUNY College at Old Westbury","2014","Tenured, associate professors","54","24","30","0","0","0","5","0","5","8","5","3","4","3","1","0","0","0","37","16","21","0","0","0","0","0","0","0","0","0","-2"
"196237","SUNY College at Old Westbury","2014","Tenured, instructors","1","1","0","0","0","0","0","0","0","0","0","0","0","0","0","0","0","0","1","1","0","0","0","0","0","0","0","0","0","0","-2"
"196237","SUNY College at Old Westbury","2014","On-Tenure track total","51","22","29","0","0","0","11","4","7","7","4","3","5","3","2","0","0","0","26","10","16","1","0","1","0","0","0","1","1","0","-2"
"196237","SUNY College at Old Westbury","2014","On-tenure track, associate professors","1","0","1","0","0","0","1","0","1","0","0","0","0","0","0","0","0","0","0","0","0","0","0","0","0","0","0","0","0","0","-2"
"196237","SUNY College at Old Westbury","2014","On-tenure track, assistant professors","50","22","28","0","0","0","10","4","6","7","4","3","5","3","2","0","0","0","26","10","16","1","0","1","0","0","0","1","1","0","-2"
"196237","SUNY College at Old Westbury","2014","Not on tenure track/No tenure system system total","18","6","12","0","0","0","2","0","2","3","1","2","0","0","0","0","0","0","11","4","7","1","1","0","0","0","0","1","0","1","-2"
"196237","SUNY College at Old Westbury","2014","Not on tenure/no tenure system, associate professors","1","1","0","0","0","0","0","0","0","1","1","0","0","0","0","0","0","0","0","0","0","0","0","0","0","0","0","0","0","0","-2"
"196237","SUNY College at Old Westbury","2014","Not on tenure/no tenure system, assistant professors","5","1","4","0","0","0","2","0","2","1","0","1","0","0","0","0","0","0","2","1","1","0","0","0","0","0","0","0","0","0","-2"
"196237","SUNY College at Old Westbury","2014","Not on tenure/no tenure system, instructors","6","1","5","0","0","0","0","0","0","1","0","1","0","0","0","0","0","0","5","1","4","0","0","0","0","0","0","0","0","0","-2"
"196237","SUNY College at Old Westbury","2014","Not on tenure/no tenure system, lecturers","6","3","3","0","0","0","0","0","0","0","0","0","0","0","0","0","0","0","4","2","2","1","1","0","0","0","0","1","0","1","-2"
"222831","Angelo State University","2014","Tenured total","122","78","44","4","2","2","5","4","1","2","2","0","9","4","5","0","0","0","102","66","36","0","0","0","0","0","0","0","0","0","-2"
"222831","Angelo State University","2014","Tenured, professors","74","49","25","3","2","1","1","0","1","0","0","0","3","3","0","0","0","0","67","44","23","0","0","0","0","0","0","0","0","0","-2"
"222831","Angelo State University","2014","Tenured, associate professors","46","28","18","1","0","1","4","4","0","2","2","0","5","1","4","0","0","0","34","21","13","0","0","0","0","0","0","0","0","0","-2"
"222831","Angelo State University","2014","Tenured, assistant professors","2","1","1","0","0","0","0","0","0","0","0","0","1","0","1","0","0","0","1","1","0","0","0","0","0","0","0","0","0","0","-2"
"222831","Angelo State University","2014","On-Tenure track total","70","44","26","0","0","0","7","5","2","3","1","2","6","4","2","0","0","0","54","34","20","0","0","0","0","0","0","0","0","0","-2"
"222831","Angelo State University","2014","On-tenure track, assistant professors","70","44","26","0","0","0","7","5","2","3","1","2","6","4","2","0","0","0","54","34","20","0","0","0","0","0","0","0","0","0","-2"
"222831","Angelo State University","2014","Not on tenure track/No tenure system system total","73","29","44","0","0","0","1","0","1","1","0","1","10","5","5","0","0","0","61","24","37","0","0","0","0","0","0","0","0","0","-2"
"222831","Angelo State University","2014","Not on tenure/no tenure system, instructors","44","20","24","0","0","0","0","0","0","0","0","0","6","5","1","0","0","0","38","15","23","0","0","0","0","0","0","0","0","0","-2"
"222831","Angelo State University","2014","Not on tenure/no tenure system, no academic rank","29","9","20","0","0","0","1","0","1","1","0","1","4","0","4","0","0","0","23","9","14","0","0","0","0","0","0","0","0","0","-2"
"222992","Austin Community College District","2014","Not on tenure track/No tenure system system total","540","237","303","2","0","2","24","7","17","33","16","17","69","37","32","2","2","0","404","173","231","6","2","4","0","0","0","0","0","0","-2"
"222992","Austin Community College District","2014","Not on tenure/no tenure system, professors","322","160","162","1","0","1","8","3","5","19","9","10","39","24","15","1","1","0","251","123","128","3","0","3","0","0","0","0","0","0","-2"
"222992","Austin Community College District","2014","Not on tenure/no tenure system, associate professors","160","53","107","1","0","1","12","3","9","13","6","7","23","9","14","0","0","0","110","34","76","1","1","0","0","0","0","0","0","0","-2"
"222992","Austin Community College District","2014","Not on tenure/no tenure system, assistant professors","56","23","33","0","0","0","4","1","3","1","1","0","7","4","3","1","1","0","41","15","26","2","1","1","0","0","0","0","0","0","-2"
"222992","Austin Community College District","2014","Not on tenure/no tenure system, instructors","2","1","1","0","0","0","0","0","0","0","0","0","0","0","0","0","0","0","2","1","1","0","0","0","0","0","0","0","0","0","-2"
"224004","Concordia University Texas","2014","Tenured total","11","7","4","0","0","0","0","0","0","0","0","0","0","0","0","0","0","0","11","7","4","0","0","0","0","0","0","0","0","0","-2"
"224004","Concordia University Texas","2014","Tenured, professors","9","6","3","0","0","0","0","0","0","0","0","0","0","0","0","0","0","0","9","6","3","0","0","0","0","0","0","0","0","0","-2"
"224004","Concordia University Texas","2014","Tenured, assistant professors","2","1","1","0","0","0","0","0","0","0","0","0","0","0","0","0","0","0","2","1","1","0","0","0","0","0","0","0","0","0","-2"
"224004","Concordia University Texas","2014","On-Tenure track total","57","32","25","1","0","1","0","0","0","2","1","1","1","1","0","0","0","0","48","28","20","0","0","0","3","2","1","2","0","2","-2"
"224004","Concordia University Texas","2014","On-tenure track, professors","2","1","1","0","0","0","0","0","0","0","0","0","0","0","0","0","0","0","2","1","1","0","0","0","0","0","0","0","0","0","-2"
"224004","Concordia University Texas","2014","On-tenure track, associate professors","9","6","3","0","0","0","0","0","0","0","0","0","0","0","0","0","0","0","9","6","3","0","0","0","0","0","0","0","0","0","-2"
"224004","Concordia University Texas","2014","On-tenure track, assistant professors","45","24","21","1","0","1","0","0","0","2","1","1","1","1","0","0","0","0","36","20","16","0","0","0","3","2","1","2","0","2","-2"
"224004","Concordia University Texas","2014","On-tenure track, instructors","1","1","0","0","0","0","0","0","0","0","0","0","0","0","0","0","0","0","1","1","0","0","0","0","0","0","0","0","0","0","-2"
"224004","Concordia University Texas","2014","Not on tenure track/No tenure system system total","3","3","0","0","0","0","0","0","0","0","0","0","0","0","0","0","0","0","3","3","0","0","0","0","0","0","0","0","0","0","-2"
"224004","Concordia University Texas","2014","Not on tenure/no tenure system, no academic rank","3","3","0","0","0","0","0","0","0","0","0","0","0","0","0","0","0","0","3","3","0","0","0","0","0","0","0","0","0","0","-2"
"224961","Galveston College","2014","Tenured total","23","14","9","1","1","0","1","1","0","3","1","2","4","2","2","0","0","0","14","9","5","0","0","0","0","0","0","0","0","0","-2"
"224961","Galveston College","2014","Tenured, professors","3","2","1","0","0","0","0","0","0","1","1","0","0","0","0","0","0","0","2","1","1","0","0","0","0","0","0","0","0","0","-2"
"224961","Galveston College","2014","Tenured, associate professors","6","4","2","0","0","0","0","0","0","0","0","0","2","1","1","0","0","0","4","3","1","0","0","0","0","0","0","0","0","0","-2"
"224961","Galveston College","2014","Tenured, assistant professors","6","4","2","0","0","0","1","1","0","1","0","1","1","1","0","0","0","0","3","2","1","0","0","0","0","0","0","0","0","0","-2"
"224961","Galveston College","2014","Tenured, instructors","8","4","4","1","1","0","0","0","0","1","0","1","1","0","1","0","0","0","5","3","2","0","0","0","0","0","0","0","0","0","-2"
"224961","Galveston College","2014","On-Tenure track total","27","13","14","0","0","0","1","0","1","4","2","2","2","1","1","0","0","0","20","10","10","0","0","0","0","0","0","0","0","0","-2"
"224961","Galveston College","2014","On-tenure track, associate professors","3","2","1","0","0","0","0","0","0","1","0","1","0","0","0","0","0","0","2","2","0","0","0","0","0","0","0","0","0","0","-2"
"224961","Galveston College","2014","On-tenure track, assistant professors","4","4","0","0","0","0","0","0","0","0","0","0","0","0","0","0","0","0","4","4","0","0","0","0","0","0","0","0","0","0","-2"
"224961","Galveston College","2014","On-tenure track, instructors","20","7","13","0","0","0","1","0","1","3","2","1","2","1","1","0","0","0","14","4","10","0","0","0","0","0","0","0","0","0","-2"
"224961","Galveston College","2014","Not on tenure track/No tenure system system total","6","2","4","0","0","0","0","0","0","1","0","1","1","0","1","0","0","0","4","2","2","0","0","0","0","0","0","0","0","0","-2"
"224961","Galveston College","2014","Not on tenure/no tenure system, instructors","6","2","4","0","0","0","0","0","0","1","0","1","1","0","1","0","0","0","4","2","2","0","0","0","0","0","0","0","0","0","-2"
"225399","Houston Baptist University","2014","Not on tenure track/No tenure system system total","134","69","65","1","1","0","3","2","1","7","1","6","10","7","3","0","0","0","107","54","53","3","3","0","3","1","2","0","0","0","-2"
"225399","Houston Baptist University","2014","Not on tenure/no tenure system, professors","31","18","13","0","0","0","0","0","0","3","0","3","0","0","0","0","0","0","27","17","10","1","1","0","0","0","0","0","0","0","-2"
"225399","Houston Baptist University","2014","Not on tenure/no tenure system, associate professors","30","22","8","0","0","0","1","1","0","1","1","0","5","5","0","0","0","0","23","15","8","0","0","0","0","0","0","0","0","0","-2"
"225399","Houston Baptist University","2014","Not on tenure/no tenure system, assistant professors","67","25","42","1","1","0","2","1","1","3","0","3","5","2","3","0","0","0","52","19","33","1","1","0","3","1","2","0","0","0","-2"
"225399","Houston Baptist University","2014","Not on tenure/no tenure system, instructors","6","4","2","0","0","0","0","0","0","0","0","0","0","0","0","0","0","0","5","3","2","1","1","0","0","0","0","0","0","0","-2"
"225432","University of Houston-Downtown","2014","Tenured total","153","81","72","1","0","1","25","18","7","12","3","9","10","5","5","0","0","0","104","54","50","1","1","0","0","0","0","0","0","0","-2"
"225432","University of Houston-Downtown","2014","Tenured, professors","53","30","23","0","0","0","10","7","3","6","2","4","3","2","1","0","0","0","34","19","15","0","0","0","0","0","0","0","0","0","-2"
"225432","University of Houston-Downtown","2014","Tenured, associate professors","100","51","49","1","0","1","15","11","4","6","1","5","7","3","4","0","0","0","70","35","35","1","1","0","0","0","0","0","0","0","-2"
"225432","University of Houston-Downtown","2014","On-Tenure track total","69","36","33","0","0","0","10","3","7","9","3","6","5","3","2","0","0","0","41","24","17","0","0","0","0","0","0","4","3","1","-2"
"225432","University of Houston-Downtown","2014","On-tenure track, associate professors","1","0","1","0","0","0","0","0","0","0","0","0","0","0","0","0","0","0","1","0","1","0","0","0","0","0","0","0","0","0","-2"
"225432","University of Houston-Downtown","2014","On-tenure track, assistant professors","68","36","32","0","0","0","10","3","7","9","3","6","5","3","2","0","0","0","40","24","16","0","0","0","0","0","0","4","3","1","-2"
"225432","University of Houston-Downtown","2014","Not on tenure track/No tenure system system total","100","43","57","0","0","0","16","8","8","9","4","5","5","2","3","1","0","1","64","25","39","4","3","1","0","0","0","1","1","0","-2"
"225432","University of Houston-Downtown","2014","Not on tenure/no tenure system, instructors","1","0","1","0","0","0","0","0","0","1","0","1","0","0","0","0","0","0","0","0","0","0","0","0","0","0","0","0","0","0","-2"
"225432","University of Houston-Downtown","2014","Not on tenure/no tenure system, lecturers","91","39","52","0","0","0","16","8","8","7","4","3","5","2","3","1","0","1","57","21","36","4","3","1","0","0","0","1","1","0","-2"
"225432","University of Houston-Downtown","2014","Not on tenure/no tenure system, no academic rank","8","4","4","0","0","0","0","0","0","1","0","1","0","0","0","0","0","0","7","4","3","0","0","0","0","0","0","0","0","0","-2"
"225575","Huston-Tillotson University","2014","Tenured total","9","3","6","0","0","0","0","0","0","5","1","4","0","0","0","0","0","0","4","2","2","0","0","0","0","0","0","0","0","0","-2"
"225575","Huston-Tillotson University","2014","Tenured, professors","8","2","6","0","0","0","0","0","0","5","1","4","0","0","0","0","0","0","3","1","2","0","0","0","0","0","0","0","0","0","-2"
"225575","Huston-Tillotson University","2014","Tenured, associate professors","1","1","0","0","0","0","0","0","0","0","0","0","0","0","0","0","0","0","1","1","0","0","0","0","0","0","0","0","0","0","-2"
"225575","Huston-Tillotson University","2014","On-Tenure track total","6","2","4","0","0","0","0","0","0","2","0","2","2","2","0","0","0","0","2","0","2","0","0","0","0","0","0","0","0","0","-2"
"225575","Huston-Tillotson University","2014","On-tenure track, associate professors","3","0","3","0","0","0","0","0","0","2","0","2","0","0","0","0","0","0","1","0","1","0","0","0","0","0","0","0","0","0","-2"
"225575","Huston-Tillotson University","2014","On-tenure track, assistant professors","3","2","1","0","0","0","0","0","0","0","0","0","2","2","0","0","0","0","1","0","1","0","0","0","0","0","0","0","0","0","-2"
"225575","Huston-Tillotson University","2014","Not on tenure track/No tenure system system total","33","19","14","0","0","0","1","0","1","13","5","8","4","3","1","0","0","0","13","9","4","0","0","0","0","0","0","2","2","0","-2"
"225575","Huston-Tillotson University","2014","Not on tenure/no tenure system, professors","4","4","0","0","0","0","0","0","0","0","0","0","1","1","0","0","0","0","3","3","0","0","0","0","0","0","0","0","0","0","-2"
"225575","Huston-Tillotson University","2014","Not on tenure/no tenure system, associate professors","5","2","3","0","0","0","0","0","0","2","1","1","0","0","0","0","0","0","3","1","2","0","0","0","0","0","0","0","0","0","-2"
"225575","Huston-Tillotson University","2014","Not on tenure/no tenure system, assistant professors","16","8","8","0","0","0","1","0","1","7","2","5","2","1","1","0","0","0","4","3","1","0","0","0","0","0","0","2","2","0","-2"
"225575","Huston-Tillotson University","2014","Not on tenure/no tenure system, instructors","8","5","3","0","0","0","0","0","0","4","2","2","1","1","0","0","0","0","3","2","1","0","0","0","0","0","0","0","0","0","-2"
"226134","Laredo College","2014","Tenured total","131","75","56","2","1","1","4","2","2","2","1","1","98","54","44","0","0","0","24","16","8","0","0","0","1","1","0","0","0","0","-2"
"226134","Laredo College","2014","Tenured, instructors","131","75","56","2","1","1","4","2","2","2","1","1","98","54","44","0","0","0","24","16","8","0","0","0","1","1","0","0","0","0","-2"
"226134","Laredo College","2014","On-Tenure track total","42","24","18","0","0","0","4","3","1","1","0","1","28","16","12","0","0","0","9","5","4","0","0","0","0","0","0","0","0","0","-2"
"226134","Laredo College","2014","On-tenure track, instructors","42","24","18","0","0","0","4","3","1","1","0","1","28","16","12","0","0","0","9","5","4","0","0","0","0","0","0","0","0","0","-2"
"226134","Laredo College","2014","Not on tenure track/No tenure system system total","10","6","4","0","0","0","0","0","0","0","0","0","10","6","4","0","0","0","0","0","0","0","0","0","0","0","0","0","0","0","-2"
"226134","Laredo College","2014","Not on tenure/no tenure system, instructors","10","6","4","0","0","0","0","0","0","0","0","0","10","6","4","0","0","0","0","0","0","0","0","0","0","0","0","0","0","0","-2"
"226152","Texas A & M International University","2014","Tenured total","68","47","21","0","0","0","13","9","4","1","1","0","20","17","3","0","0","0","31","18","13","0","0","0","0","0","0","3","2","1","-2"
"226152","Texas A & M International University","2014","Tenured, professors","22","20","2","0","0","0","4","4","0","0","0","0","9","9","0","0","0","0","8","6","2","0","0","0","0","0","0","1","1","0","-2"
"226152","Texas A & M International University","2014","Tenured, associate professors","43","26","17","0","0","0","9","5","4","1","1","0","11","8","3","0","0","0","21","11","10","0","0","0","0","0","0","1","1","0","-2"
"226152","Texas A & M International University","2014","Tenured, assistant professors","3","1","2","0","0","0","0","0","0","0","0","0","0","0","0","0","0","0","2","1","1","0","0","0","0","0","0","1","0","1","-2"
"226152","Texas A & M International University","2014","On-Tenure track total","57","29","28","0","0","0","13","7","6","2","1","1","13","5","8","0","0","0","22","11","11","0","0","0","1","1","0","6","4","2","-2"
"226152","Texas A & M International University","2014","On-tenure track, professors","2","1","1","0","0","0","0","0","0","0","0","0","1","0","1","0","0","0","1","1","0","0","0","0","0","0","0","0","0","0","-2"
"226152","Texas A & M International University","2014","On-tenure track, associate professors","3","2","1","0","0","0","3","2","1","0","0","0","0","0","0","0","0","0","0","0","0","0","0","0","0","0","0","0","0","0","-2"
"226152","Texas A & M International University","2014","On-tenure track, assistant professors","52","26","26","0","0","0","10","5","5","2","1","1","12","5","7","0","0","0","21","10","11","0","0","0","1","1","0","6","4","2","-2"
"226152","Texas A & M International University","2014","Not on tenure track/No tenure system system total","72","24","48","0","0","0","5","0","5","3","1","2","41","14","27","0","0","0","18","5","13","0","0","0","0","0","0","5","4","1","-2"
"226152","Texas A & M International University","2014","Not on tenure/no tenure system, associate professors","4","2","2","0","0","0","1","0","1","0","0","0","2","1","1","0","0","0","1","1","0","0","0","0","0","0","0","0","0","0","-2"
"226152","Texas A & M International University","2014","Not on tenure/no tenure system, assistant professors","25","7","18","0","0","0","2","0","2","1","1","0","12","2","10","0","0","0","8","2","6","0","0","0","0","0","0","2","2","0","-2"
"226152","Texas A & M International University","2014","Not on tenure/no tenure system, instructors","34","13","21","0","0","0","1","0","1","2","0","2","22","10","12","0","0","0","6","1","5","0","0","0","0","0","0","3","2","1","-2"
"226152","Texas A & M International University","2014","Not on tenure/no tenure system, lecturers","9","2","7","0","0","0","1","0","1","0","0","0","5","1","4","0","0","0","3","1","2","0","0","0","0","0","0","0","0","0","-2"
"226587","McMurry University","2014","Tenured total","46","33","13","1","1","0","1","0","1","0","0","0","3","1","2","0","0","0","41","31","10","0","0","0","0","0","0","0","0","0","-2"
"226587","McMurry University","2014","Tenured, professors","22","14","8","1","1","0","0","0","0","0","0","0","0","0","0","0","0","0","21","13","8","0","0","0","0","0","0","0","0","0","-2"
"226587","McMurry University","2014","Tenured, associate professors","23","19","4","0","0","0","1","0","1","0","0","0","3","1","2","0","0","0","19","18","1","0","0","0","0","0","0","0","0","0","-2"
"226587","McMurry University","2014","Tenured, assistant professors","1","0","1","0","0","0","0","0","0","0","0","0","0","0","0","0","0","0","1","0","1","0","0","0","0","0","0","0","0","0","-2"
"226587","McMurry University","2014","On-Tenure track total","13","4","9","0","0","0","1","0","1","1","1","0","1","0","1","0","0","0","10","3","7","0","0","0","0","0","0","0","0","0","-2"
"226587","McMurry University","2014","On-tenure track, assistant professors","13","4","9","0","0","0","1","0","1","1","1","0","1","0","1","0","0","0","10","3","7","0","0","0","0","0","0","0","0","0","-2"
"226587","McMurry University","2014","Not on tenure track/No tenure system system total","19","6","13","0","0","0","0","0","0","0","0","0","0","0","0","0","0","0","19","6","13","0","0","0","0","0","0","0","0","0","-2"
"226587","McMurry University","2014","Not on tenure/no tenure system, assistant professors","1","1","0","0","0","0","0","0","0","0","0","0","0","0","0","0","0","0","1","1","0","0","0","0","0","0","0","0","0","0","-2"
"226587","McMurry University","2014","Not on tenure/no tenure system, instructors","18","5","13","0","0","0","0","0","0","0","0","0","0","0","0","0","0","0","18","5","13","0","0","0","0","0","0","0","0","0","-2"
"226806","Midland College","2014","Not on tenure track/No tenure system system total","122","59","63","0","0","0","0","0","0","4","2","2","15","8","7","1","1","0","99","46","53","0","0","0","1","0","1","2","2","0","-2"
"226806","Midland College","2014","Not on tenure/no tenure system, professors","46","23","23","0","0","0","0","0","0","1","1","0","5","3","2","0","0","0","39","18","21","0","0","0","0","0","0","1","1","0","-2"
"226806","Midland College","2014","Not on tenure/no tenure system, associate professors","47","17","30","0","0","0","0","0","0","1","0","1","10","5","5","1","1","0","33","10","23","0","0","0","1","0","1","1","1","0","-2"
"226806","Midland College","2014","Not on tenure/no tenure system, assistant professors","6","6","0","0","0","0","0","0","0","0","0","0","0","0","0","0","0","0","6","6","0","0","0","0","0","0","0","0","0","0","-2"
"226806","Midland College","2014","Not on tenure/no tenure system, instructors","23","13","10","0","0","0","0","0","0","2","1","1","0","0","0","0","0","0","21","12","9","0","0","0","0","0","0","0","0","0","-2"
"227216","University of North Texas","2014","Tenured total","589","398","191","1","1","0","86","63","23","23","11","12","32","20","12","0","0","0","415","283","132","4","3","1","17","13","4","11","4","7","-2"
"227216","University of North Texas","2014","Tenured, professors","290","221","69","1","1","0","30","26","4","9","6","3","14","9","5","0","0","0","220","165","55","2","2","0","12","10","2","2","2","0","-2"
"227216","University of North Texas","2014","Tenured, associate professors","297","176","121","0","0","0","56","37","19","13","5","8","18","11","7","0","0","0","194","117","77","2","1","1","5","3","2","9","2","7","-2"
"227216","University of North Texas","2014","Tenured, assistant professors","1","1","0","0","0","0","0","0","0","0","0","0","0","0","0","0","0","0","1","1","0","0","0","0","0","0","0","0","0","0","-2"
"227216","University of North Texas","2014","Tenured, instructors","1","0","1","0","0","0","0","0","0","1","0","1","0","0","0","0","0","0","0","0","0","0","0","0","0","0","0","0","0","0","-2"
"227216","University of North Texas","2014","On-Tenure track total","146","83","63","0","0","0","28","19","9","9","3","6","14","7","7","0","0","0","83","48","35","2","1","1","2","1","1","8","4","4","-2"
"227216","University of North Texas","2014","On-tenure track, associate professors","7","6","1","0","0","0","2","2","0","0","0","0","0","0","0","0","0","0","5","4","1","0","0","0","0","0","0","0","0","0","-2"
"227216","University of North Texas","2014","On-tenure track, assistant professors","138","76","62","0","0","0","26","17","9","9","3","6","14","7","7","0","0","0","77","43","34","2","1","1","2","1","1","8","4","4","-2"
"227216","University of North Texas","2014","On-tenure track, instructors","1","1","0","0","0","0","0","0","0","0","0","0","0","0","0","0","0","0","1","1","0","0","0","0","0","0","0","0","0","0","-2"
"227216","University of North Texas","2014","Not on tenure track/No tenure system system total","324","130","194","2","0","2","18","4","14","13","5","8","24","8","16","0","0","0","250","105","145","7","1","6","7","4","3","3","3","0","-2"
"227216","University of North Texas","2014","Not on tenure/no tenure system, professors","1","0","1","0","0","0","0","0","0","0","0","0","0","0","0","0","0","0","1","0","1","0","0","0","0","0","0","0","0","0","-2"
"227216","University of North Texas","2014","Not on tenure/no tenure system, assistant professors","1","0","1","0","0","0","0","0","0","0","0","0","0","0","0","0","0","0","1","0","1","0","0","0","0","0","0","0","0","0","-2"
"227216","University of North Texas","2014","Not on tenure/no tenure system, instructors","35","18","17","0","0","0","2","2","0","1","0","1","4","2","2","0","0","0","24","12","12","1","0","1","2","1","1","1","1","0","-2"
"227216","University of North Texas","2014","Not on tenure/no tenure system, lecturers","230","96","134","1","0","1","15","2","13","11","5","6","15","5","10","0","0","0","177","79","98","5","1","4","4","2","2","2","2","0","-2"
"227216","University of North Texas","2014","Not on tenure/no tenure system, no academic rank","57","16","41","1","0","1","1","0","1","1","0","1","5","1","4","0","0","0","47","14","33","1","0","1","1","1","0","0","0","0","-2"
"227331","Our Lady of the Lake University","2014","Tenured total","34","14","20","0","0","0","1","1","0","2","1","1","7","3","4","0","0","0","24","9","15","0","0","0","0","0","0","0","0","0","-2"
"227331","Our Lady of the Lake University","2014","Tenured, professors","19","7","12","0","0","0","1","1","0","1","0","1","3","0","3","0","0","0","14","6","8","0","0","0","0","0","0","0","0","0","-2"
"227331","Our Lady of the Lake University","2014","Tenured, associate professors","15","7","8","0","0","0","0","0","0","1","1","0","4","3","1","0","0","0","10","3","7","0","0","0","0","0","0","0","0","0","-2"
"227331","Our Lady of the Lake University","2014","On-Tenure track total","36","9","27","0","0","0","4","1","3","0","0","0","12","2","10","0","0","0","20","6","14","0","0","0","0","0","0","0","0","0","-2"
"227331","Our Lady of the Lake University","2014","On-tenure track, associate professors","5","3","2","0","0","0","0","0","0","0","0","0","2","1","1","0","0","0","3","2","1","0","0","0","0","0","0","0","0","0","-2"
"227331","Our Lady of the Lake University","2014","On-tenure track, assistant professors","31","6","25","0","0","0","4","1","3","0","0","0","10","1","9","0","0","0","17","4","13","0","0","0","0","0","0","0","0","0","-2"
"227331","Our Lady of the Lake University","2014","Not on tenure track/No tenure system system total","26","11","15","0","0","0","2","0","2","0","0","0","12","4","8","0","0","0","12","7","5","0","0","0","0","0","0","0","0","0","-2"
"227331","Our Lady of the Lake University","2014","Not on tenure/no tenure system, professors","1","0","1","0","0","0","0","0","0","0","0","0","0","0","0","0","0","0","1","0","1","0","0","0","0","0","0","0","0","0","-2"
"227331","Our Lady of the Lake University","2014","Not on tenure/no tenure system, associate professors","4","2","2","0","0","0","0","0","0","0","0","0","2","0","2","0","0","0","2","2","0","0","0","0","0","0","0","0","0","0","-2"
"227331","Our Lady of the Lake University","2014","Not on tenure/no tenure system, assistant professors","20","8","12","0","0","0","2","0","2","0","0","0","10","4","6","0","0","0","8","4","4","0","0","0","0","0","0","0","0","0","-2"
"227331","Our Lady of the Lake University","2014","Not on tenure/no tenure system, instructors","1","1","0","0","0","0","0","0","0","0","0","0","0","0","0","0","0","0","1","1","0","0","0","0","0","0","0","0","0","0","-2"
"227368","The University of Texas Rio Grande Valley","2014","Tenured total","338","225","113","0","0","0","58","43","15","12","10","2","77","38","39","0","0","0","159","113","46","15","12","3","17","9","8","0","0","0","-2"
"227368","The University of Texas Rio Grande Valley","2014","Tenured, professors","108","81","27","0","0","0","19","16","3","1","1","0","23","13","10","0","0","0","50","40","10","9","6","3","6","5","1","0","0","0","-2"
"227368","The University of Texas Rio Grande Valley","2014","Tenured, associate professors","171","110","61","0","0","0","27","20","7","5","4","1","45","23","22","0","0","0","82","56","26","4","4","0","8","3","5","0","0","0","-2"
"227368","The University of Texas Rio Grande Valley","2014","Tenured, assistant professors","55","31","24","0","0","0","12","7","5","6","5","1","7","1","6","0","0","0","25","15","10","2","2","0","3","1","2","0","0","0","-2"
"227368","The University of Texas Rio Grande Valley","2014","Tenured, lecturers","4","3","1","0","0","0","0","0","0","0","0","0","2","1","1","0","0","0","2","2","0","0","0","0","0","0","0","0","0","0","-2"
"227368","The University of Texas Rio Grande Valley","2014","On-Tenure track total","149","100","49","1","1","0","30","21","9","9","7","2","39","23","16","0","0","0","64","43","21","4","3","1","2","2","0","0","0","0","-2"
"227368","The University of Texas Rio Grande Valley","2014","On-tenure track, assistant professors","123","86","37","0","0","0","28","20","8","8","6","2","27","18","9","0","0","0","55","38","17","4","3","1","1","1","0","0","0","0","-2"
"227368","The University of Texas Rio Grande Valley","2014","On-tenure track, lecturers","17","10","7","0","0","0","1","1","0","1","1","0","7","4","3","0","0","0","7","3","4","0","0","0","1","1","0","0","0","0","-2"
"227368","The University of Texas Rio Grande Valley","2014","On-tenure track, no academic rank","9","4","5","1","1","0","1","0","1","0","0","0","5","1","4","0","0","0","2","2","0","0","0","0","0","0","0","0","0","0","-2"
"227368","The University of Texas Rio Grande Valley","2014","Not on tenure track/No tenure system system total","193","87","106","0","0","0","22","8","14","1","0","1","102","46","56","0","0","0","56","29","27","4","2","2","8","2","6","0","0","0","-2"
"227368","The University of Texas Rio Grande Valley","2014","Not on tenure/no tenure system, assistant professors","6","4","2","0","0","0","1","1","0","0","0","0","3","2","1","0","0","0","2","1","1","0","0","0","0","0","0","0","0","0","-2"
"227368","The University of Texas Rio Grande Valley","2014","Not on tenure/no tenure system, lecturers","94","45","49","0","0","0","15","5","10","0","0","0","42","20","22","0","0","0","32","19","13","3","1","2","2","0","2","0","0","0","-2"
"227368","The University of Texas Rio Grande Valley","2014","Not on tenure/no tenure system, no academic rank","93","38","55","0","0","0","6","2","4","1","0","1","57","24","33","0","0","0","22","9","13","1","1","0","6","2","4","0","0","0","-2"
"227845","Saint Edward's University","2014","Tenured total","67","37","30","0","0","0","1","1","0","1","0","1","2","0","2","0","0","0","63","36","27","0","0","0","0","0","0","0","0","0","-2"
"227845","Saint Edward's University","2014","Tenured, professors","31","18","13","0","0","0","0","0","0","0","0","0","1","0","1","0","0","0","30","18","12","0","0","0","0","0","0","0","0","0","-2"
"227845","Saint Edward's University","2014","Tenured, associate professors","35","19","16","0","0","0","1","1","0","1","0","1","0","0","0","0","0","0","33","18","15","0","0","0","0","0","0","0","0","0","-2"
"227845","Saint Edward's University","2014","Tenured, assistant professors","1","0","1","0","0","0","0","0","0","0","0","0","1","0","1","0","0","0","0","0","0","0","0","0","0","0","0","0","0","0","-2"
"227845","Saint Edward's University","2014","On-Tenure track total","104","51","53","0","0","0","3","3","0","2","0","2","11","4","7","0","0","0","82","42","40","2","1","1","2","1","1","2","0","2","-2"
"227845","Saint Edward's University","2014","On-tenure track, associate professors","43","23","20","0","0","0","1","1","0","1","0","1","5","2","3","0","0","0","36","20","16","0","0","0","0","0","0","0","0","0","-2"
"227845","Saint Edward's University","2014","On-tenure track, assistant professors","60","28","32","0","0","0","2","2","0","1","0","1","6","2","4","0","0","0","45","22","23","2","1","1","2","1","1","2","0","2","-2"
"227845","Saint Edward's University","2014","On-tenure track, instructors","1","0","1","0","0","0","0","0","0","0","0","0","0","0","0","0","0","0","1","0","1","0","0","0","0","0","0","0","0","0","-2"
"227845","Saint Edward's University","2014","Not on tenure track/No tenure system system total","31","14","17","0","0","0","1","1","0","0","0","0","4","3","1","0","0","0","25","10","15","0","0","0","1","0","1","0","0","0","-2"
"227845","Saint Edward's University","2014","Not on tenure/no tenure system, assistant professors","25","11","14","0","0","0","1","1","0","0","0","0","3","2","1","0","0","0","20","8","12","0","0","0","1","0","1","0","0","0","-2"
"227845","Saint Edward's University","2014","Not on tenure/no tenure system, instructors","6","3","3","0","0","0","0","0","0","0","0","0","1","1","0","0","0","0","5","2","3","0","0","0","0","0","0","0","0","0","-2"
"227863","University of St Thomas","2014","Tenured total","77","49","28","0","0","0","3","1","2","2","2","0","6","3","3","0","0","0","64","42","22","1","1","0","1","0","1","0","0","0","-2"
"227863","University of St Thomas","2014","Tenured, professors","38","23","15","0","0","0","2","1","1","0","0","0","2","1","1","0","0","0","34","21","13","0","0","0","0","0","0","0","0","0","-2"
"227863","University of St Thomas","2014","Tenured, associate professors","38","25","13","0","0","0","1","0","1","2","2","0","3","1","2","0","0","0","30","21","9","1","1","0","1","0","1","0","0","0","-2"
"227863","University of St Thomas","2014","Tenured, assistant professors","1","1","0","0","0","0","0","0","0","0","0","0","1","1","0","0","0","0","0","0","0","0","0","0","0","0","0","0","0","0","-2"
"227863","University of St Thomas","2014","On-Tenure track total","44","21","23","0","0","0","5","4","1","1","0","1","10","6","4","0","0","0","21","9","12","1","1","0","0","0","0","6","1","5","-2"
"227863","University of St Thomas","2014","On-tenure track, professors","1","1","0","0","0","0","0","0","0","0","0","0","0","0","0","0","0","0","0","0","0","0","0","0","0","0","0","1","1","0","-2"
"227863","University of St Thomas","2014","On-tenure track, associate professors","7","4","3","0","0","0","1","1","0","0","0","0","2","2","0","0","0","0","4","1","3","0","0","0","0","0","0","0","0","0","-2"
"227863","University of St Thomas","2014","On-tenure track, assistant professors","36","16","20","0","0","0","4","3","1","1","0","1","8","4","4","0","0","0","17","8","9","1","1","0","0","0","0","5","0","5","-2"
"227863","University of St Thomas","2014","Not on tenure track/No tenure system system total","60","29","31","0","0","0","1","0","1","13","3","10","5","3","2","0","0","0","36","21","15","2","0","2","1","1","0","2","1","1","-2"
"227863","University of St Thomas","2014","Not on tenure/no tenure system, professors","8","4","4","0","0","0","0","0","0","2","0","2","0","0","0","0","0","0","6","4","2","0","0","0","0","0","0","0","0","0","-2"
"227863","University of St Thomas","2014","Not on tenure/no tenure system, associate professors","2","1","1","0","0","0","0","0","0","0","0","0","0","0","0","0","0","0","2","1","1","0","0","0","0","0","0","0","0","0","-2"
"227863","University of St Thomas","2014","Not on tenure/no tenure system, assistant professors","36","15","21","0","0","0","0","0","0","9","2","7","5","3","2","0","0","0","19","10","9","2","0","2","0","0","0","1","0","1","-2"
"227863","University of St Thomas","2014","Not on tenure/no tenure system, instructors","14","9","5","0","0","0","1","0","1","2","1","1","0","0","0","0","0","0","9","6","3","0","0","0","1","1","0","1","1","0","-2"
"228042","Schreiner University","2014","Tenured total","21","13","8","0","0","0","0","0","0","0","0","0","0","0","0","0","0","0","21","13","8","0","0","0","0","0","0","0","0","0","-2"
"228042","Schreiner University","2014","Tenured, professors","12","7","5","0","0","0","0","0","0","0","0","0","0","0","0","0","0","0","12","7","5","0","0","0","0","0","0","0","0","0","-2"
"228042","Schreiner University","2014","Tenured, associate professors","9","6","3","0","0","0","0","0","0","0","0","0","0","0","0","0","0","0","9","6","3","0","0","0","0","0","0","0","0","0","-2"
"228042","Schreiner University","2014","On-Tenure track total","23","12","11","0","0","0","2","1","1","0","0","0","1","1","0","0","0","0","20","10","10","0","0","0","0","0","0","0","0","0","-2"
"228042","Schreiner University","2014","On-tenure track, associate professors","1","1","0","0","0","0","0","0","0","0","0","0","0","0","0","0","0","0","1","1","0","0","0","0","0","0","0","0","0","0","-2"
"228042","Schreiner University","2014","On-tenure track, assistant professors","22","11","11","0","0","0","2","1","1","0","0","0","1","1","0","0","0","0","19","9","10","0","0","0","0","0","0","0","0","0","-2"
"228042","Schreiner University","2014","Not on tenure track/No tenure system system total","15","8","7","0","0","0","0","0","0","1","1","0","2","1","1","0","0","0","12","6","6","0","0","0","0","0","0","0","0","0","-2"
"228042","Schreiner University","2014","Not on tenure/no tenure system, assistant professors","5","4","1","0","0","0","0","0","0","0","0","0","1","1","0","0","0","0","4","3","1","0","0","0","0","0","0","0","0","0","-2"
"228042","Schreiner University","2014","Not on tenure/no tenure system, instructors","10","4","6","0","0","0","0","0","0","1","1","0","1","0","1","0","0","0","8","3","5","0","0","0","0","0","0","0","0","0","-2"
"228149","St. Mary's University","2014","Tenured total","135","91","44","1","1","0","9","9","0","4","3","1","17","11","6","2","2","0","101","65","36","0","0","0","0","0","0","1","0","1","-2"
"228149","St. Mary's University","2014","Tenured, professors","82","58","24","0","0","0","6","6","0","3","3","0","10","5","5","1","1","0","62","43","19","0","0","0","0","0","0","0","0","0","-2"
"228149","St. Mary's University","2014","Tenured, associate professors","48","29","19","1","1","0","3","3","0","1","0","1","7","6","1","1","1","0","34","18","16","0","0","0","0","0","0","1","0","1","-2"
"228149","St. Mary's University","2014","Tenured, assistant professors","5","4","1","0","0","0","0","0","0","0","0","0","0","0","0","0","0","0","5","4","1","0","0","0","0","0","0","0","0","0","-2"
"228149","St. Mary's University","2014","On-Tenure track total","32","21","11","0","0","0","3","3","0","1","1","0","4","4","0","0","0","0","21","10","11","0","0","0","0","0","0","3","3","0","-2"
"228149","St. Mary's University","2014","On-tenure track, associate professors","1","1","0","0","0","0","0","0","0","0","0","0","0","0","0","0","0","0","1","1","0","0","0","0","0","0","0","0","0","0","-2"
"228149","St. Mary's University","2014","On-tenure track, assistant professors","31","20","11","0","0","0","3","3","0","1","1","0","4","4","0","0","0","0","20","9","11","0","0","0","0","0","0","3","3","0","-2"
"228149","St. Mary's University","2014","Not on tenure track/No tenure system system total","36","18","18","0","0","0","0","0","0","0","0","0","7","3","4","0","0","0","29","15","14","0","0","0","0","0","0","0","0","0","-2"
"228149","St. Mary's University","2014","Not on tenure/no tenure system, professors","8","1","7","0","0","0","0","0","0","0","0","0","1","0","1","0","0","0","7","1","6","0","0","0","0","0","0","0","0","0","-2"
"228149","St. Mary's University","2014","Not on tenure/no tenure system, associate professors","2","2","0","0","0","0","0","0","0","0","0","0","0","0","0","0","0","0","2","2","0","0","0","0","0","0","0","0","0","0","-2"
"228149","St. Mary's University","2014","Not on tenure/no tenure system, assistant professors","14","9","5","0","0","0","0","0","0","0","0","0","2","1","1","0","0","0","12","8","4","0","0","0","0","0","0","0","0","0","-2"
"228149","St. Mary's University","2014","Not on tenure/no tenure system, instructors","4","3","1","0","0","0","0","0","0","0","0","0","1","1","0","0","0","0","3","2","1","0","0","0","0","0","0","0","0","0","-2"
"228149","St. Mary's University","2014","Not on tenure/no tenure system, lecturers","8","3","5","0","0","0","0","0","0","0","0","0","3","1","2","0","0","0","5","2","3","0","0","0","0","0","0","0","0","0","-2"
"228501","Sul Ross State University","2014","Tenured total","62","41","21","1","1","0","1","1","0","1","1","0","11","8","3","0","0","0","47","30","17","1","0","1","0","0","0","0","0","0","-2"
"228501","Sul Ross State University","2014","Tenured, professors","43","30","13","0","0","0","1","1","0","1","1","0","6","4","2","0","0","0","34","24","10","1","0","1","0","0","0","0","0","0","-2"
"228501","Sul Ross State University","2014","Tenured, associate professors","17","9","8","1","1","0","0","0","0","0","0","0","4","3","1","0","0","0","12","5","7","0","0","0","0","0","0","0","0","0","-2"
"228501","Sul Ross State University","2014","Tenured, assistant professors","2","2","0","0","0","0","0","0","0","0","0","0","1","1","0","0","0","0","1","1","0","0","0","0","0","0","0","0","0","0","-2"
"228501","Sul Ross State University","2014","On-Tenure track total","26","13","13","0","0","0","1","1","0","0","0","0","5","3","2","0","0","0","18","8","10","0","0","0","0","0","0","2","1","1","-2"
"228501","Sul Ross State University","2014","On-tenure track, associate professors","1","1","0","0","0","0","0","0","0","0","0","0","0","0","0","0","0","0","1","1","0","0","0","0","0","0","0","0","0","0","-2"
"228501","Sul Ross State University","2014","On-tenure track, assistant professors","23","11","12","0","0","0","1","1","0","0","0","0","4","3","1","0","0","0","17","7","10","0","0","0","0","0","0","1","0","1","-2"
"228501","Sul Ross State University","2014","On-tenure track, instructors","2","1","1","0","0","0","0","0","0","0","0","0","1","0","1","0","0","0","0","0","0","0","0","0","0","0","0","1","1","0","-2"
"228501","Sul Ross State University","2014","Not on tenure track/No tenure system system total","30","16","14","0","0","0","0","0","0","1","1","0","7","3","4","0","0","0","21","11","10","0","0","0","0","0","0","1","1","0","-2"
"228501","Sul Ross State University","2014","Not on tenure/no tenure system, assistant professors","1","1","0","0","0","0","0","0","0","0","0","0","0","0","0","0","0","0","0","0","0","0","0","0","0","0","0","1","1","0","-2"
"228501","Sul Ross State University","2014","Not on tenure/no tenure system, instructors","2","1","1","0","0","0","0","0","0","0","0","0","0","0","0","0","0","0","2","1","1","0","0","0","0","0","0","0","0","0","-2"
"228501","Sul Ross State University","2014","Not on tenure/no tenure system, lecturers","27","14","13","0","0","0","0","0","0","1","1","0","7","3","4","0","0","0","19","10","9","0","0","0","0","0","0","0","0","0","-2"
"228644","The University of Texas Health Science Center at San Antonio","2014","Tenured total","259","183","76","1","0","1","38","30","8","6","5","1","24","12","12","0","0","0","189","135","54","0","0","0","1","1","0","0","0","0","-2"
"228644","The University of Texas Health Science Center at San Antonio","2014","Tenured, professors","180","134","46","0","0","0","25","20","5","4","3","1","12","8","4","0","0","0","138","102","36","0","0","0","1","1","0","0","0","0","-2"
"228644","The University of Texas Health Science Center at San Antonio","2014","Tenured, associate professors","68","42","26","1","0","1","13","10","3","1","1","0","11","4","7","0","0","0","42","27","15","0","0","0","0","0","0","0","0","0","-2"
"228644","The University of Texas Health Science Center at San Antonio","2014","Tenured, assistant professors","11","7","4","0","0","0","0","0","0","1","1","0","1","0","1","0","0","0","9","6","3","0","0","0","0","0","0","0","0","0","-2"
"228644","The University of Texas Health Science Center at San Antonio","2014","On-Tenure track total","80","45","35","1","1","0","12","6","6","3","2","1","20","10","10","0","0","0","42","24","18","0","0","0","2","2","0","0","0","0","-2"
"228644","The University of Texas Health Science Center at San Antonio","2014","On-tenure track, professors","1","1","0","0","0","0","0","0","0","0","0","0","0","0","0","0","0","0","1","1","0","0","0","0","0","0","0","0","0","0","-2"
"228644","The University of Texas Health Science Center at San Antonio","2014","On-tenure track, associate professors","11","8","3","0","0","0","2","2","0","0","0","0","1","1","0","0","0","0","8","5","3","0","0","0","0","0","0","0","0","0","-2"
"228644","The University of Texas Health Science Center at San Antonio","2014","On-tenure track, assistant professors","68","36","32","1","1","0","10","4","6","3","2","1","19","9","10","0","0","0","33","18","15","0","0","0","2","2","0","0","0","0","-2"
"228644","The University of Texas Health Science Center at San Antonio","2014","Not on tenure track/No tenure system system total","464","227","237","0","0","0","64","36","28","11","2","9","74","28","46","2","1","1","299","152","147","0","0","0","14","8","6","0","0","0","-2"
"228644","The University of Texas Health Science Center at San Antonio","2014","Not on tenure/no tenure system, professors","44","32","12","0","0","0","5","4","1","1","1","0","3","3","0","0","0","0","35","24","11","0","0","0","0","0","0","0","0","0","-2"
"228644","The University of Texas Health Science Center at San Antonio","2014","Not on tenure/no tenure system, associate professors","93","51","42","0","0","0","16","11","5","1","0","1","6","2","4","1","0","1","67","36","31","0","0","0","2","2","0","0","0","0","-2"
"228644","The University of Texas Health Science Center at San Antonio","2014","Not on tenure/no tenure system, assistant professors","264","127","137","0","0","0","40","19","21","7","1","6","51","22","29","1","1","0","155","78","77","0","0","0","10","6","4","0","0","0","-2"
"228644","The University of Texas Health Science Center at San Antonio","2014","Not on tenure/no tenure system, instructors","40","9","31","0","0","0","3","2","1","0","0","0","11","1","10","0","0","0","25","6","19","0","0","0","1","0","1","0","0","0","-2"
"228644","The University of Texas Health Science Center at San Antonio","2014","Not on tenure/no tenure system, lecturers","11","5","6","0","0","0","0","0","0","1","0","1","2","0","2","0","0","0","7","5","2","0","0","0","1","0","1","0","0","0","-2"
"228644","The University of Texas Health Science Center at San Antonio","2014","Not on tenure/no tenure system, no academic rank","12","3","9","0","0","0","0","0","0","1","0","1","1","0","1","0","0","0","10","3","7","0","0","0","0","0","0","0","0","0","-2"
"228705","Texas A & M University-Kingsville","2014","Tenured total","209","145","64","2","2","0","25","22","3","6","4","2","28","19","9","0","0","0","137","92","45","1","1","0","0","0","0","10","5","5","-2"
"228705","Texas A & M University-Kingsville","2014","Tenured, professors","95","70","25","1","1","0","11","9","2","3","3","0","12","7","5","0","0","0","67","50","17","0","0","0","0","0","0","1","0","1","-2"
"228705","Texas A & M University-Kingsville","2014","Tenured, associate professors","73","50","23","1","1","0","11","10","1","1","1","0","14","11","3","0","0","0","45","27","18","0","0","0","0","0","0","1","0","1","-2"
"228705","Texas A & M University-Kingsville","2014","Tenured, assistant professors","40","25","15","0","0","0","3","3","0","2","0","2","2","1","1","0","0","0","24","15","9","1","1","0","0","0","0","8","5","3","-2"
"228705","Texas A & M University-Kingsville","2014","Tenured, lecturers","1","0","1","0","0","0","0","0","0","0","0","0","0","0","0","0","0","0","1","0","1","0","0","0","0","0","0","0","0","0","-2"
"228705","Texas A & M University-Kingsville","2014","On-Tenure track total","124","48","76","0","0","0","4","3","1","6","4","2","12","3","9","2","0","2","84","29","55","0","0","0","0","0","0","16","9","7","-2"
"228705","Texas A & M University-Kingsville","2014","On-tenure track, professors","3","3","0","0","0","0","0","0","0","0","0","0","0","0","0","0","0","0","3","3","0","0","0","0","0","0","0","0","0","0","-2"
"228705","Texas A & M University-Kingsville","2014","On-tenure track, associate professors","42","14","28","0","0","0","2","2","0","4","2","2","4","0","4","0","0","0","32","10","22","0","0","0","0","0","0","0","0","0","-2"
"228705","Texas A & M University-Kingsville","2014","On-tenure track, assistant professors","79","31","48","0","0","0","2","1","1","2","2","0","8","3","5","2","0","2","49","16","33","0","0","0","0","0","0","16","9","7","-2"
"228705","Texas A & M University-Kingsville","2014","Not on tenure track/No tenure system system total","222","119","103","2","1","1","10","8","2","8","6","2","58","29","29","0","0","0","122","62","60","3","1","2","4","2","2","15","10","5","-2"
"228705","Texas A & M University-Kingsville","2014","Not on tenure/no tenure system, professors","6","2","4","0","0","0","1","1","0","0","0","0","2","0","2","0","0","0","3","1","2","0","0","0","0","0","0","0","0","0","-2"
"228705","Texas A & M University-Kingsville","2014","Not on tenure/no tenure system, associate professors","33","29","4","0","0","0","3","3","0","2","2","0","8","8","0","0","0","0","19","16","3","0","0","0","0","0","0","1","0","1","-2"
"228705","Texas A & M University-Kingsville","2014","Not on tenure/no tenure system, assistant professors","80","38","42","0","0","0","3","2","1","0","0","0","19","8","11","0","0","0","46","20","26","0","0","0","1","0","1","11","8","3","-2"
"228705","Texas A & M University-Kingsville","2014","Not on tenure/no tenure system, instructors","16","8","8","0","0","0","0","0","0","0","0","0","4","0","4","0","0","0","8","6","2","2","0","2","2","2","0","0","0","0","-2"
"228705","Texas A & M University-Kingsville","2014","Not on tenure/no tenure system, lecturers","87","42","45","2","1","1","3","2","1","6","4","2","25","13","12","0","0","0","46","19","27","1","1","0","1","0","1","3","2","1","-2"
"228981","Texas Lutheran University","2014","Tenured total","39","21","18","0","0","0","1","0","1","0","0","0","1","0","1","0","0","0","36","20","16","0","0","0","1","1","0","0","0","0","-2"
"228981","Texas Lutheran University","2014","Tenured, professors","23","14","9","0","0","0","0","0","0","0","0","0","0","0","0","0","0","0","23","14","9","0","0","0","0","0","0","0","0","0","-2"
"228981","Texas Lutheran University","2014","Tenured, associate professors","15","6","9","0","0","0","1","0","1","0","0","0","1","0","1","0","0","0","12","5","7","0","0","0","1","1","0","0","0","0","-2"
"228981","Texas Lutheran University","2014","Tenured, assistant professors","1","1","0","0","0","0","0","0","0","0","0","0","0","0","0","0","0","0","1","1","0","0","0","0","0","0","0","0","0","0","-2"
"228981","Texas Lutheran University","2014","On-Tenure track total","28","15","13","0","0","0","0","0","0","2","2","0","5","2","3","0","0","0","20","11","9","0","0","0","1","0","1","0","0","0","-2"
"228981","Texas Lutheran University","2014","On-tenure track, associate professors","2","1","1","0","0","0","0","0","0","0","0","0","0","0","0","0","0","0","2","1","1","0","0","0","0","0","0","0","0","0","-2"
"228981","Texas Lutheran University","2014","On-tenure track, assistant professors","24","14","10","0","0","0","0","0","0","2","2","0","4","2","2","0","0","0","17","10","7","0","0","0","1","0","1","0","0","0","-2"
"228981","Texas Lutheran University","2014","On-tenure track, instructors","2","0","2","0","0","0","0","0","0","0","0","0","1","0","1","0","0","0","1","0","1","0","0","0","0","0","0","0","0","0","-2"
"228981","Texas Lutheran University","2014","Not on tenure track/No tenure system system total","14","5","9","0","0","0","0","0","0","0","0","0","1","1","0","0","0","0","13","4","9","0","0","0","0","0","0","0","0","0","-2"
"228981","Texas Lutheran University","2014","Not on tenure/no tenure system, assistant professors","6","4","2","0","0","0","0","0","0","0","0","0","1","1","0","0","0","0","5","3","2","0","0","0","0","0","0","0","0","0","-2"
"228981","Texas Lutheran University","2014","Not on tenure/no tenure system, instructors","2","1","1","0","0","0","0","0","0","0","0","0","0","0","0","0","0","0","2","1","1","0","0","0","0","0","0","0","0","0","-2"
"228981","Texas Lutheran University","2014","Not on tenure/no tenure system, lecturers","6","0","6","0","0","0","0","0","0","0","0","0","0","0","0","0","0","0","6","0","6","0","0","0","0","0","0","0","0","0","-2"
"229018","The University of Texas Permian Basin","2014","Tenured total","48","35","13","1","0","1","7","6","1","0","0","0","3","1","2","0","0","0","37","28","9","0","0","0","0","0","0","0","0","0","-2"
"229018","The University of Texas Permian Basin","2014","Tenured, professors","15","13","2","0","0","0","1","1","0","0","0","0","0","0","0","0","0","0","14","12","2","0","0","0","0","0","0","0","0","0","-2"
"229018","The University of Texas Permian Basin","2014","Tenured, associate professors","33","22","11","1","0","1","6","5","1","0","0","0","3","1","2","0","0","0","23","16","7","0","0","0","0","0","0","0","0","0","-2"
"229018","The University of Texas Permian Basin","2014","On-Tenure track total","21","9","12","0","0","0","3","2","1","0","0","0","3","0","3","0","0","0","15","7","8","0","0","0","0","0","0","0","0","0","-2"
"229018","The University of Texas Permian Basin","2014","On-tenure track, professors","1","1","0","0","0","0","0","0","0","0","0","0","0","0","0","0","0","0","1","1","0","0","0","0","0","0","0","0","0","0","-2"
"229018","The University of Texas Permian Basin","2014","On-tenure track, associate professors","5","3","2","0","0","0","1","0","1","0","0","0","0","0","0","0","0","0","4","3","1","0","0","0","0","0","0","0","0","0","-2"
"229018","The University of Texas Permian Basin","2014","On-tenure track, assistant professors","15","5","10","0","0","0","2","2","0","0","0","0","3","0","3","0","0","0","10","3","7","0","0","0","0","0","0","0","0","0","-2"
"229018","The University of Texas Permian Basin","2014","Not on tenure track/No tenure system system total","53","24","29","0","0","0","3","2","1","1","1","0","3","2","1","0","0","0","46","19","27","0","0","0","0","0","0","0","0","0","-2"
"229018","The University of Texas Permian Basin","2014","Not on tenure/no tenure system, professors","2","1","1","0","0","0","0","0","0","0","0","0","0","0","0","0","0","0","2","1","1","0","0","0","0","0","0","0","0","0","-2"
"229018","The University of Texas Permian Basin","2014","Not on tenure/no tenure system, associate professors","3","2","1","0","0","0","0","0","0","0","0","0","0","0","0","0","0","0","3","2","1","0","0","0","0","0","0","0","0","0","-2"
"229018","The University of Texas Permian Basin","2014","Not on tenure/no tenure system, assistant professors","15","9","6","0","0","0","3","2","1","0","0","0","2","2","0","0","0","0","10","5","5","0","0","0","0","0","0","0","0","0","-2"
"229018","The University of Texas Permian Basin","2014","Not on tenure/no tenure system, instructors","2","0","2","0","0","0","0","0","0","0","0","0","0","0","0","0","0","0","2","0","2","0","0","0","0","0","0","0","0","0","-2"
"229018","The University of Texas Permian Basin","2014","Not on tenure/no tenure system, lecturers","31","12","19","0","0","0","0","0","0","1","1","0","1","0","1","0","0","0","29","11","18","0","0","0","0","0","0","0","0","0","-2"
"229027","The University of Texas at San Antonio","2014","Tenured total","437","311","126","4","3","1","85","71","14","16","12","4","63","36","27","0","0","0","265","187","78","1","1","0","2","0","2","1","1","0","-2"
"229027","The University of Texas at San Antonio","2014","Tenured, professors","213","165","48","2","2","0","48","44","4","7","3","4","24","17","7","0","0","0","130","99","31","0","0","0","2","0","2","0","0","0","-2"
"229027","The University of Texas at San Antonio","2014","Tenured, associate professors","224","146","78","2","1","1","37","27","10","9","9","0","39","19","20","0","0","0","135","88","47","1","1","0","0","0","0","1","1","0","-2"
"229027","The University of Texas at San Antonio","2014","On-Tenure track total","177","97","80","0","0","0","19","13","6","5","0","5","31","15","16","0","0","0","69","37","32","0","0","0","21","9","12","32","23","9","-2"
"229027","The University of Texas at San Antonio","2014","On-tenure track, associate professors","8","5","3","0","0","0","1","1","0","1","0","1","3","2","1","0","0","0","3","2","1","0","0","0","0","0","0","0","0","0","-2"
"229027","The University of Texas at San Antonio","2014","On-tenure track, assistant professors","169","92","77","0","0","0","18","12","6","4","0","4","28","13","15","0","0","0","66","35","31","0","0","0","21","9","12","32","23","9","-2"
"229027","The University of Texas at San Antonio","2014","Not on tenure track/No tenure system system total","482","251","231","2","1","1","43","26","17","15","5","10","80","40","40","0","0","0","268","139","129","6","2","4","30","12","18","38","26","12","-2"
"229027","The University of Texas at San Antonio","2014","Not on tenure/no tenure system, lecturers","482","251","231","2","1","1","43","26","17","15","5","10","80","40","40","0","0","0","268","139","129","6","2","4","30","12","18","38","26","12","-2"
"229355","Tyler Junior College","2014","Not on tenure track/No tenure system system total","300","129","171","5","3","2","0","0","0","14","4","10","6","3","3","0","0","0","273","118","155","0","0","0","1","0","1","1","1","0","-2"
"229355","Tyler Junior College","2014","Not on tenure/no tenure system, professors","300","129","171","5","3","2","0","0","0","14","4","10","6","3","3","0","0","0","273","118","155","0","0","0","1","0","1","1","1","0","-2"
"235422","Heritage University","2014","Not on tenure track/No tenure system system total","74","26","48","8","1","7","1","0","1","3","1","2","8","1","7","1","1","0","52","21","31","1","1","0","0","0","0","0","0","0","-2"
"235422","Heritage University","2014","Not on tenure/no tenure system, professors","6","1","5","1","0","1","0","0","0","0","0","0","1","0","1","0","0","0","3","0","3","1","1","0","0","0","0","0","0","0","-2"
"235422","Heritage University","2014","Not on tenure/no tenure system, associate professors","22","7","15","2","0","2","0","0","0","2","0","2","3","0","3","0","0","0","15","7","8","0","0","0","0","0","0","0","0","0","-2"
"235422","Heritage University","2014","Not on tenure/no tenure system, assistant professors","40","16","24","3","1","2","1","0","1","1","1","0","3","1","2","1","1","0","31","12","19","0","0","0","0","0","0","0","0","0","-2"
"235422","Heritage University","2014","Not on tenure/no tenure system, instructors","6","2","4","2","0","2","0","0","0","0","0","0","1","0","1","0","0","0","3","2","1","0","0","0","0","0","0","0","0","0","-2"
"236975","Wenatchee Valley College","2014","Tenured total","50","30","20","0","0","0","0","0","0","0","0","0","3","3","0","0","0","0","45","26","19","2","1","1","0","0","0","0","0","0","-2"
"236975","Wenatchee Valley College","2014","Tenured, no academic rank","50","30","20","0","0","0","0","0","0","0","0","0","3","3","0","0","0","0","45","26","19","2","1","1","0","0","0","0","0","0","-2"
"236975","Wenatchee Valley College","2014","On-Tenure track total","16","7","9","1","1","0","2","0","2","1","0","1","0","0","0","0","0","0","12","6","6","0","0","0","0","0","0","0","0","0","-2"
"236975","Wenatchee Valley College","2014","On-tenure track, no academic rank","16","7","9","1","1","0","2","0","2","1","0","1","0","0","0","0","0","0","12","6","6","0","0","0","0","0","0","0","0","0","-2"
"236975","Wenatchee Valley College","2014","Not on tenure track/No tenure system system total","8","5","3","0","0","0","0","0","0","0","0","0","1","1","0","0","0","0","7","4","3","0","0","0","0","0","0","0","0","0","-2"
"236975","Wenatchee Valley College","2014","Not on tenure/no tenure system, no academic rank","8","5","3","0","0","0","0","0","0","0","0","0","1","1","0","0","0","0","7","4","3","0","0","0","0","0","0","0","0","0","-2"
"237109","Yakima Valley College","2014","Tenured total","67","30","37","2","1","1","2","1","1","0","0","0","2","2","0","0","0","0","61","26","35","0","0","0","0","0","0","0","0","0","-2"
"237109","Yakima Valley College","2014","Tenured, instructors","67","30","37","2","1","1","2","1","1","0","0","0","2","2","0","0","0","0","61","26","35","0","0","0","0","0","0","0","0","0","-2"
"237109","Yakima Valley College","2014","On-Tenure track total","10","4","6","0","0","0","0","0","0","0","0","0","1","0","1","0","0","0","9","4","5","0","0","0","0","0","0","0","0","0","-2"
"237109","Yakima Valley College","2014","On-tenure track, instructors","10","4","6","0","0","0","0","0","0","0","0","0","1","0","1","0","0","0","9","4","5","0","0","0","0","0","0","0","0","0","-2"
"237109","Yakima Valley College","2014","Not on tenure track/No tenure system system total","31","18","13","0","0","0","0","0","0","0","0","0","3","1","2","0","0","0","28","17","11","0","0","0","0","0","0","0","0","0","-2"
"237109","Yakima Valley College","2014","Not on tenure/no tenure system, instructors","31","18","13","0","0","0","0","0","0","0","0","0","3","1","2","0","0","0","28","17","11","0","0","0","0","0","0","0","0","0","-2"
"238193","Alverno College","2014","Tenured total","81","21","60","0","0","0","1","0","1","4","1","3","2","0","2","0","0","0","73","19","54","0","0","0","1","1","0","0","0","0","-2"
"238193","Alverno College","2014","Tenured, professors","39","11","28","0","0","0","1","0","1","1","1","0","0","0","0","0","0","0","37","10","27","0","0","0","0","0","0","0","0","0","-2"
"238193","Alverno College","2014","Tenured, associate professors","22","5","17","0","0","0","0","0","0","1","0","1","0","0","0","0","0","0","21","5","16","0","0","0","0","0","0","0","0","0","-2"
"238193","Alverno College","2014","Tenured, assistant professors","20","5","15","0","0","0","0","0","0","2","0","2","2","0","2","0","0","0","15","4","11","0","0","0","1","1","0","0","0","0","-2"
"238193","Alverno College","2014","On-Tenure track total","27","4","23","0","0","0","0","0","0","1","0","1","0","0","0","0","0","0","26","4","22","0","0","0","0","0","0","0","0","0","-2"
"238193","Alverno College","2014","On-tenure track, associate professors","1","0","1","0","0","0","0","0","0","1","0","1","0","0","0","0","0","0","0","0","0","0","0","0","0","0","0","0","0","0","-2"
"238193","Alverno College","2014","On-tenure track, assistant professors","26","4","22","0","0","0","0","0","0","0","0","0","0","0","0","0","0","0","26","4","22","0","0","0","0","0","0","0","0","0","-2"
"241191","Universidad Adventista de las Antillas","2014","Tenured total","36","18","18","0","0","0","0","0","0","0","0","0","35","18","17","0","0","0","1","0","1","0","0","0","0","0","0","0","0","0","-2"
"241191","Universidad Adventista de las Antillas","2014","Tenured, professors","3","0","3","0","0","0","0","0","0","0","0","0","3","0","3","0","0","0","0","0","0","0","0","0","0","0","0","0","0","0","-2"
"241191","Universidad Adventista de las Antillas","2014","Tenured, associate professors","10","5","5","0","0","0","0","0","0","0","0","0","10","5","5","0","0","0","0","0","0","0","0","0","0","0","0","0","0","0","-2"
"241191","Universidad Adventista de las Antillas","2014","Tenured, assistant professors","17","9","8","0","0","0","0","0","0","0","0","0","17","9","8","0","0","0","0","0","0","0","0","0","0","0","0","0","0","0","-2"
"241191","Universidad Adventista de las Antillas","2014","Tenured, instructors","6","4","2","0","0","0","0","0","0","0","0","0","5","4","1","0","0","0","1","0","1","0","0","0","0","0","0","0","0","0","-2"
"241191","Universidad Adventista de las Antillas","2014","Not on tenure track/No tenure system system total","4","2","2","0","0","0","0","0","0","0","0","0","4","2","2","0","0","0","0","0","0","0","0","0","0","0","0","0","0","0","-2"
"241191","Universidad Adventista de las Antillas","2014","Not on tenure/no tenure system, no academic rank","4","2","2","0","0","0","0","0","0","0","0","0","4","2","2","0","0","0","0","0","0","0","0","0","0","0","0","0","0","0","-2"
"241225","Universidad Central de Bayamon","2014","On-Tenure track total","30","9","21","0","0","0","0","0","0","0","0","0","29","9","20","0","0","0","0","0","0","1","0","1","0","0","0","0","0","0","-2"
"241225","Universidad Central de Bayamon","2014","On-tenure track, professors","1","0","1","0","0","0","0","0","0","0","0","0","0","0","0","0","0","0","0","0","0","1","0","1","0","0","0","0","0","0","-2"
"241225","Universidad Central de Bayamon","2014","On-tenure track, associate professors","5","3","2","0","0","0","0","0","0","0","0","0","5","3","2","0","0","0","0","0","0","0","0","0","0","0","0","0","0","0","-2"
"241225","Universidad Central de Bayamon","2014","On-tenure track, assistant professors","16","4","12","0","0","0","0","0","0","0","0","0","16","4","12","0","0","0","0","0","0","0","0","0","0","0","0","0","0","0","-2"
"241225","Universidad Central de Bayamon","2014","On-tenure track, instructors","8","2","6","0","0","0","0","0","0","0","0","0","8","2","6","0","0","0","0","0","0","0","0","0","0","0","0","0","0","0","-2"
"241225","Universidad Central de Bayamon","2014","Not on tenure track/No tenure system system total","9","3","6","0","0","0","0","0","0","0","0","0","9","3","6","0","0","0","0","0","0","0","0","0","0","0","0","0","0","0","-2"
"241225","Universidad Central de Bayamon","2014","Not on tenure/no tenure system, lecturers","9","3","6","0","0","0","0","0","0","0","0","0","9","3","6","0","0","0","0","0","0","0","0","0","0","0","0","0","0","0","-2"
"241614","Universidad Teologica del Caribe","2014","Tenured total","2","0","2","0","0","0","0","0","0","0","0","0","2","0","2","0","0","0","0","0","0","0","0","0","0","0","0","0","0","0","-2"
"241614","Universidad Teologica del Caribe","2014","Tenured, professors","1","0","1","0","0","0","0","0","0","0","0","0","1","0","1","0","0","0","0","0","0","0","0","0","0","0","0","0","0","0","-2"
"241614","Universidad Teologica del Caribe","2014","Tenured, instructors","1","0","1","0","0","0","0","0","0","0","0","0","1","0","1","0","0","0","0","0","0","0","0","0","0","0","0","0","0","0","-2"
"241614","Universidad Teologica del Caribe","2014","Not on tenure track/No tenure system system total","3","2","1","0","0","0","0","0","0","0","0","0","3","2","1","0","0","0","0","0","0","0","0","0","0","0","0","0","0","0","-2"
"241614","Universidad Teologica del Caribe","2014","Not on tenure/no tenure system, instructors","2","2","0","0","0","0","0","0","0","0","0","0","2","2","0","0","0","0","0","0","0","0","0","0","0","0","0","0","0","0","-2"
"241614","Universidad Teologica del Caribe","2014","Not on tenure/no tenure system, lecturers","1","0","1","0","0","0","0","0","0","0","0","0","1","0","1","0","0","0","0","0","0","0","0","0","0","0","0","0","0","0","-2"
"241720","Colegio Universitario de San Juan","2014","Tenured total","27","10","17","0","0","0","0","0","0","0","0","0","27","10","17","0","0","0","0","0","0","0","0","0","0","0","0","0","0","0","-2"
"241720","Colegio Universitario de San Juan","2014","Tenured, professors","1","1","0","0","0","0","0","0","0","0","0","0","1","1","0","0","0","0","0","0","0","0","0","0","0","0","0","0","0","0","-2"
"241720","Colegio Universitario de San Juan","2014","Tenured, associate professors","4","1","3","0","0","0","0","0","0","0","0","0","4","1","3","0","0","0","0","0","0","0","0","0","0","0","0","0","0","0","-2"
"241720","Colegio Universitario de San Juan","2014","Tenured, assistant professors","7","3","4","0","0","0","0","0","0","0","0","0","7","3","4","0","0","0","0","0","0","0","0","0","0","0","0","0","0","0","-2"
"241720","Colegio Universitario de San Juan","2014","Tenured, instructors","15","5","10","0","0","0","0","0","0","0","0","0","15","5","10","0","0","0","0","0","0","0","0","0","0","0","0","0","0","0","-2"
"241766","Conservatory of Music of Puerto Rico","2014","Tenured total","34","25","9","0","0","0","0","0","0","0","0","0","32","24","8","0","0","0","2","1","1","0","0","0","0","0","0","0","0","0","-2"
"241766","Conservatory of Music of Puerto Rico","2014","Tenured, professors","8","4","4","0","0","0","0","0","0","0","0","0","7","4","3","0","0","0","1","0","1","0","0","0","0","0","0","0","0","0","-2"
"241766","Conservatory of Music of Puerto Rico","2014","Tenured, associate professors","11","9","2","0","0","0","0","0","0","0","0","0","10","8","2","0","0","0","1","1","0","0","0","0","0","0","0","0","0","0","-2"
"241766","Conservatory of Music of Puerto Rico","2014","Tenured, assistant professors","11","9","2","0","0","0","0","0","0","0","0","0","11","9","2","0","0","0","0","0","0","0","0","0","0","0","0","0","0","0","-2"
"241766","Conservatory of Music of Puerto Rico","2014","Tenured, instructors","4","3","1","0","0","0","0","0","0","0","0","0","4","3","1","0","0","0","0","0","0","0","0","0","0","0","0","0","0","0","-2"
"241766","Conservatory of Music of Puerto Rico","2014","On-Tenure track total","7","6","1","0","0","0","0","0","0","0","0","0","7","6","1","0","0","0","0","0","0","0","0","0","0","0","0","0","0","0","-2"
"241766","Conservatory of Music of Puerto Rico","2014","On-tenure track, assistant professors","5","4","1","0","0","0","0","0","0","0","0","0","5","4","1","0","0","0","0","0","0","0","0","0","0","0","0","0","0","0","-2"
"241766","Conservatory of Music of Puerto Rico","2014","On-tenure track, instructors","2","2","0","0","0","0","0","0","0","0","0","0","2","2","0","0","0","0","0","0","0","0","0","0","0","0","0","0","0","0","-2"
"241766","Conservatory of Music of Puerto Rico","2014","Not on tenure track/No tenure system system total","9","8","1","0","0","0","0","0","0","0","0","0","7","7","0","0","0","0","2","1","1","0","0","0","0","0","0","0","0","0","-2"
"241766","Conservatory of Music of Puerto Rico","2014","Not on tenure/no tenure system, instructors","1","1","0","0","0","0","0","0","0","0","0","0","0","0","0","0","0","0","1","1","0","0","0","0","0","0","0","0","0","0","-2"
"241766","Conservatory of Music of Puerto Rico","2014","Not on tenure/no tenure system, no academic rank","8","7","1","0","0","0","0","0","0","0","0","0","7","7","0","0","0","0","1","0","1","0","0","0","0","0","0","0","0","0","-2"
"241951","Escuela de Artes Plasticas y Diseno de Puerto Rico","2014","Tenured total","12","7","5","0","0","0","0","0","0","0","0","0","12","7","5","0","0","0","0","0","0","0","0","0","0","0","0","0","0","0","-2"
"241951","Escuela de Artes Plasticas y Diseno de Puerto Rico","2014","Tenured, professors","3","2","1","0","0","0","0","0","0","0","0","0","3","2","1","0","0","0","0","0","0","0","0","0","0","0","0","0","0","0","-2"
"241951","Escuela de Artes Plasticas y Diseno de Puerto Rico","2014","Tenured, associate professors","1","0","1","0","0","0","0","0","0","0","0","0","1","0","1","0","0","0","0","0","0","0","0","0","0","0","0","0","0","0","-2"
"241951","Escuela de Artes Plasticas y Diseno de Puerto Rico","2014","Tenured, assistant professors","1","1","0","0","0","0","0","0","0","0","0","0","1","1","0","0","0","0","0","0","0","0","0","0","0","0","0","0","0","0","-2"
"241951","Escuela de Artes Plasticas y Diseno de Puerto Rico","2014","Tenured, instructors","7","4","3","0","0","0","0","0","0","0","0","0","7","4","3","0","0","0","0","0","0","0","0","0","0","0","0","0","0","0","-2"
"241951","Escuela de Artes Plasticas y Diseno de Puerto Rico","2014","On-Tenure track total","3","2","1","0","0","0","0","0","0","0","0","0","3","2","1","0","0","0","0","0","0","0","0","0","0","0","0","0","0","0","-2"
"241951","Escuela de Artes Plasticas y Diseno de Puerto Rico","2014","On-tenure track, instructors","3","2","1","0","0","0","0","0","0","0","0","0","3","2","1","0","0","0","0","0","0","0","0","0","0","0","0","0","0","0","-2"
"242617","Inter American University of Puerto Rico-San German","2014","Tenured total","81","38","43","0","0","0","0","0","0","1","1","0","78","35","43","0","0","0","2","2","0","0","0","0","0","0","0","0","0","0","-2"
"242617","Inter American University of Puerto Rico-San German","2014","Tenured, professors","22","13","9","0","0","0","0","0","0","0","0","0","21","12","9","0","0","0","1","1","0","0","0","0","0","0","0","0","0","0","-2"
"242617","Inter American University of Puerto Rico-San German","2014","Tenured, associate professors","38","19","19","0","0","0","0","0","0","1","1","0","36","17","19","0","0","0","1","1","0","0","0","0","0","0","0","0","0","0","-2"
"242617","Inter American University of Puerto Rico-San German","2014","Tenured, assistant professors","21","6","15","0","0","0","0","0","0","0","0","0","21","6","15","0","0","0","0","0","0","0","0","0","0","0","0","0","0","0","-2"
"242617","Inter American University of Puerto Rico-San German","2014","On-Tenure track total","27","8","19","0","0","0","0","0","0","0","0","0","27","8","19","0","0","0","0","0","0","0","0","0","0","0","0","0","0","0","-2"
"242617","Inter American University of Puerto Rico-San German","2014","On-tenure track, associate professors","8","2","6","0","0","0","0","0","0","0","0","0","8","2","6","0","0","0","0","0","0","0","0","0","0","0","0","0","0","0","-2"
"242617","Inter American University of Puerto Rico-San German","2014","On-tenure track, assistant professors","16","4","12","0","0","0","0","0","0","0","0","0","16","4","12","0","0","0","0","0","0","0","0","0","0","0","0","0","0","0","-2"
"242617","Inter American University of Puerto Rico-San German","2014","On-tenure track, instructors","3","2","1","0","0","0","0","0","0","0","0","0","3","2","1","0","0","0","0","0","0","0","0","0","0","0","0","0","0","0","-2"
"242617","Inter American University of Puerto Rico-San German","2014","Not on tenure track/No tenure system system total","4","4","0","0","0","0","0","0","0","0","0","0","4","4","0","0","0","0","0","0","0","0","0","0","0","0","0","0","0","0","-2"
"242617","Inter American University of Puerto Rico-San German","2014","Not on tenure/no tenure system, assistant professors","2","2","0","0","0","0","0","0","0","0","0","0","2","2","0","0","0","0","0","0","0","0","0","0","0","0","0","0","0","0","-2"
"242617","Inter American University of Puerto Rico-San German","2014","Not on tenure/no tenure system, instructors","2","2","0","0","0","0","0","0","0","0","0","0","2","2","0","0","0","0","0","0","0","0","0","0","0","0","0","0","0","0","-2"
"242626","Inter American University of Puerto Rico-Aguadilla","2014","Tenured total","63","26","37","0","0","0","0","0","0","1","0","1","62","26","36","0","0","0","0","0","0","0","0","0","0","0","0","0","0","0","-2"
"242626","Inter American University of Puerto Rico-Aguadilla","2014","Tenured, professors","10","3","7","0","0","0","0","0","0","0","0","0","10","3","7","0","0","0","0","0","0","0","0","0","0","0","0","0","0","0","-2"
"242626","Inter American University of Puerto Rico-Aguadilla","2014","Tenured, associate professors","26","7","19","0","0","0","0","0","0","1","0","1","25","7","18","0","0","0","0","0","0","0","0","0","0","0","0","0","0","0","-2"
"242626","Inter American University of Puerto Rico-Aguadilla","2014","Tenured, assistant professors","26","16","10","0","0","0","0","0","0","0","0","0","26","16","10","0","0","0","0","0","0","0","0","0","0","0","0","0","0","0","-2"
"242626","Inter American University of Puerto Rico-Aguadilla","2014","Tenured, instructors","1","0","1","0","0","0","0","0","0","0","0","0","1","0","1","0","0","0","0","0","0","0","0","0","0","0","0","0","0","0","-2"
"242626","Inter American University of Puerto Rico-Aguadilla","2014","On-Tenure track total","8","1","7","0","0","0","0","0","0","0","0","0","8","1","7","0","0","0","0","0","0","0","0","0","0","0","0","0","0","0","-2"
"242626","Inter American University of Puerto Rico-Aguadilla","2014","On-tenure track, associate professors","3","0","3","0","0","0","0","0","0","0","0","0","3","0","3","0","0","0","0","0","0","0","0","0","0","0","0","0","0","0","-2"
"242626","Inter American University of Puerto Rico-Aguadilla","2014","On-tenure track, assistant professors","4","1","3","0","0","0","0","0","0","0","0","0","4","1","3","0","0","0","0","0","0","0","0","0","0","0","0","0","0","0","-2"
"242626","Inter American University of Puerto Rico-Aguadilla","2014","On-tenure track, instructors","1","0","1","0","0","0","0","0","0","0","0","0","1","0","1","0","0","0","0","0","0","0","0","0","0","0","0","0","0","0","-2"
"242626","Inter American University of Puerto Rico-Aguadilla","2014","Not on tenure track/No tenure system system total","8","3","5","0","0","0","0","0","0","0","0","0","8","3","5","0","0","0","0","0","0","0","0","0","0","0","0","0","0","0","-2"
"242626","Inter American University of Puerto Rico-Aguadilla","2014","Not on tenure/no tenure system, assistant professors","2","0","2","0","0","0","0","0","0","0","0","0","2","0","2","0","0","0","0","0","0","0","0","0","0","0","0","0","0","0","-2"
"242626","Inter American University of Puerto Rico-Aguadilla","2014","Not on tenure/no tenure system, instructors","6","3","3","0","0","0","0","0","0","0","0","0","6","3","3","0","0","0","0","0","0","0","0","0","0","0","0","0","0","0","-2"
"242635","Inter American University of Puerto Rico-Arecibo","2014","Tenured total","55","29","26","0","0","0","0","0","0","0","0","0","55","29","26","0","0","0","0","0","0","0","0","0","0","0","0","0","0","0","-2"
"242635","Inter American University of Puerto Rico-Arecibo","2014","Tenured, professors","18","9","9","0","0","0","0","0","0","0","0","0","18","9","9","0","0","0","0","0","0","0","0","0","0","0","0","0","0","0","-2"
"242635","Inter American University of Puerto Rico-Arecibo","2014","Tenured, associate professors","16","9","7","0","0","0","0","0","0","0","0","0","16","9","7","0","0","0","0","0","0","0","0","0","0","0","0","0","0","0","-2"
"242635","Inter American University of Puerto Rico-Arecibo","2014","Tenured, assistant professors","21","11","10","0","0","0","0","0","0","0","0","0","21","11","10","0","0","0","0","0","0","0","0","0","0","0","0","0","0","0","-2"
"242635","Inter American University of Puerto Rico-Arecibo","2014","On-Tenure track total","22","8","14","0","0","0","0","0","0","0","0","0","22","8","14","0","0","0","0","0","0","0","0","0","0","0","0","0","0","0","-2"
"242635","Inter American University of Puerto Rico-Arecibo","2014","On-tenure track, professors","2","1","1","0","0","0","0","0","0","0","0","0","2","1","1","0","0","0","0","0","0","0","0","0","0","0","0","0","0","0","-2"
"242635","Inter American University of Puerto Rico-Arecibo","2014","On-tenure track, associate professors","3","1","2","0","0","0","0","0","0","0","0","0","3","1","2","0","0","0","0","0","0","0","0","0","0","0","0","0","0","0","-2"
"242635","Inter American University of Puerto Rico-Arecibo","2014","On-tenure track, assistant professors","11","5","6","0","0","0","0","0","0","0","0","0","11","5","6","0","0","0","0","0","0","0","0","0","0","0","0","0","0","0","-2"
"242635","Inter American University of Puerto Rico-Arecibo","2014","On-tenure track, instructors","6","1","5","0","0","0","0","0","0","0","0","0","6","1","5","0","0","0","0","0","0","0","0","0","0","0","0","0","0","0","-2"
"242635","Inter American University of Puerto Rico-Arecibo","2014","Not on tenure track/No tenure system system total","8","3","5","0","0","0","0","0","0","0","0","0","8","3","5","0","0","0","0","0","0","0","0","0","0","0","0","0","0","0","-2"
"242635","Inter American University of Puerto Rico-Arecibo","2014","Not on tenure/no tenure system, assistant professors","3","3","0","0","0","0","0","0","0","0","0","0","3","3","0","0","0","0","0","0","0","0","0","0","0","0","0","0","0","0","-2"
"242635","Inter American University of Puerto Rico-Arecibo","2014","Not on tenure/no tenure system, instructors","5","0","5","0","0","0","0","0","0","0","0","0","5","0","5","0","0","0","0","0","0","0","0","0","0","0","0","0","0","0","-2"
"242644","Inter American University of Puerto Rico-Barranquitas","2014","Tenured total","15","6","9","0","0","0","0","0","0","0","0","0","15","6","9","0","0","0","0","0","0","0","0","0","0","0","0","0","0","0","-2"
"242644","Inter American University of Puerto Rico-Barranquitas","2014","Tenured, professors","2","2","0","0","0","0","0","0","0","0","0","0","2","2","0","0","0","0","0","0","0","0","0","0","0","0","0","0","0","0","-2"
"242644","Inter American University of Puerto Rico-Barranquitas","2014","Tenured, associate professors","5","1","4","0","0","0","0","0","0","0","0","0","5","1","4","0","0","0","0","0","0","0","0","0","0","0","0","0","0","0","-2"
"242644","Inter American University of Puerto Rico-Barranquitas","2014","Tenured, assistant professors","8","3","5","0","0","0","0","0","0","0","0","0","8","3","5","0","0","0","0","0","0","0","0","0","0","0","0","0","0","0","-2"
"242644","Inter American University of Puerto Rico-Barranquitas","2014","On-Tenure track total","8","4","4","0","0","0","0","0","0","0","0","0","8","4","4","0","0","0","0","0","0","0","0","0","0","0","0","0","0","0","-2"
"242644","Inter American University of Puerto Rico-Barranquitas","2014","On-tenure track, associate professors","2","1","1","0","0","0","0","0","0","0","0","0","2","1","1","0","0","0","0","0","0","0","0","0","0","0","0","0","0","0","-2"
"242644","Inter American University of Puerto Rico-Barranquitas","2014","On-tenure track, assistant professors","3","1","2","0","0","0","0","0","0","0","0","0","3","1","2","0","0","0","0","0","0","0","0","0","0","0","0","0","0","0","-2"
"242644","Inter American University of Puerto Rico-Barranquitas","2014","On-tenure track, instructors","3","2","1","0","0","0","0","0","0","0","0","0","3","2","1","0","0","0","0","0","0","0","0","0","0","0","0","0","0","0","-2"
"242644","Inter American University of Puerto Rico-Barranquitas","2014","Not on tenure track/No tenure system system total","8","3","5","0","0","0","0","0","0","0","0","0","8","3","5","0","0","0","0","0","0","0","0","0","0","0","0","0","0","0","-2"
"242644","Inter American University of Puerto Rico-Barranquitas","2014","Not on tenure/no tenure system, assistant professors","3","3","0","0","0","0","0","0","0","0","0","0","3","3","0","0","0","0","0","0","0","0","0","0","0","0","0","0","0","0","-2"
"242644","Inter American University of Puerto Rico-Barranquitas","2014","Not on tenure/no tenure system, instructors","5","0","5","0","0","0","0","0","0","0","0","0","5","0","5","0","0","0","0","0","0","0","0","0","0","0","0","0","0","0","-2"
"242653","Inter American University of Puerto Rico-Metro","2014","Tenured total","170","74","96","0","0","0","0","0","0","1","1","0","168","72","96","0","0","0","1","1","0","0","0","0","0","0","0","0","0","0","-2"
"242653","Inter American University of Puerto Rico-Metro","2014","Tenured, professors","73","29","44","0","0","0","0","0","0","1","1","0","71","27","44","0","0","0","1","1","0","0","0","0","0","0","0","0","0","0","-2"
"242653","Inter American University of Puerto Rico-Metro","2014","Tenured, associate professors","79","37","42","0","0","0","0","0","0","0","0","0","79","37","42","0","0","0","0","0","0","0","0","0","0","0","0","0","0","0","-2"
"242653","Inter American University of Puerto Rico-Metro","2014","Tenured, assistant professors","18","8","10","0","0","0","0","0","0","0","0","0","18","8","10","0","0","0","0","0","0","0","0","0","0","0","0","0","0","0","-2"
"242653","Inter American University of Puerto Rico-Metro","2014","On-Tenure track total","21","12","9","0","0","0","0","0","0","0","0","0","21","12","9","0","0","0","0","0","0","0","0","0","0","0","0","0","0","0","-2"
"242653","Inter American University of Puerto Rico-Metro","2014","On-tenure track, professors","6","4","2","0","0","0","0","0","0","0","0","0","6","4","2","0","0","0","0","0","0","0","0","0","0","0","0","0","0","0","-2"
"242653","Inter American University of Puerto Rico-Metro","2014","On-tenure track, associate professors","5","3","2","0","0","0","0","0","0","0","0","0","5","3","2","0","0","0","0","0","0","0","0","0","0","0","0","0","0","0","-2"
"242653","Inter American University of Puerto Rico-Metro","2014","On-tenure track, assistant professors","8","4","4","0","0","0","0","0","0","0","0","0","8","4","4","0","0","0","0","0","0","0","0","0","0","0","0","0","0","0","-2"
"242653","Inter American University of Puerto Rico-Metro","2014","On-tenure track, instructors","2","1","1","0","0","0","0","0","0","0","0","0","2","1","1","0","0","0","0","0","0","0","0","0","0","0","0","0","0","0","-2"
"242653","Inter American University of Puerto Rico-Metro","2014","Not on tenure track/No tenure system system total","13","3","10","0","0","0","0","0","0","0","0","0","13","3","10","0","0","0","0","0","0","0","0","0","0","0","0","0","0","0","-2"
"242653","Inter American University of Puerto Rico-Metro","2014","Not on tenure/no tenure system, assistant professors","7","2","5","0","0","0","0","0","0","0","0","0","7","2","5","0","0","0","0","0","0","0","0","0","0","0","0","0","0","0","-2"
"242653","Inter American University of Puerto Rico-Metro","2014","Not on tenure/no tenure system, instructors","6","1","5","0","0","0","0","0","0","0","0","0","6","1","5","0","0","0","0","0","0","0","0","0","0","0","0","0","0","0","-2"
"242662","Inter American University of Puerto Rico-Ponce","2014","Tenured total","60","26","34","0","0","0","0","0","0","0","0","0","60","26","34","0","0","0","0","0","0","0","0","0","0","0","0","0","0","0","-2"
"242662","Inter American University of Puerto Rico-Ponce","2014","Tenured, professors","12","2","10","0","0","0","0","0","0","0","0","0","12","2","10","0","0","0","0","0","0","0","0","0","0","0","0","0","0","0","-2"
"242662","Inter American University of Puerto Rico-Ponce","2014","Tenured, associate professors","29","17","12","0","0","0","0","0","0","0","0","0","29","17","12","0","0","0","0","0","0","0","0","0","0","0","0","0","0","0","-2"
"242662","Inter American University of Puerto Rico-Ponce","2014","Tenured, assistant professors","19","7","12","0","0","0","0","0","0","0","0","0","19","7","12","0","0","0","0","0","0","0","0","0","0","0","0","0","0","0","-2"
"242662","Inter American University of Puerto Rico-Ponce","2014","On-Tenure track total","18","7","11","0","0","0","0","0","0","0","0","0","18","7","11","0","0","0","0","0","0","0","0","0","0","0","0","0","0","0","-2"
"242662","Inter American University of Puerto Rico-Ponce","2014","On-tenure track, associate professors","3","2","1","0","0","0","0","0","0","0","0","0","3","2","1","0","0","0","0","0","0","0","0","0","0","0","0","0","0","0","-2"
"242662","Inter American University of Puerto Rico-Ponce","2014","On-tenure track, assistant professors","12","4","8","0","0","0","0","0","0","0","0","0","12","4","8","0","0","0","0","0","0","0","0","0","0","0","0","0","0","0","-2"
"242662","Inter American University of Puerto Rico-Ponce","2014","On-tenure track, instructors","3","1","2","0","0","0","0","0","0","0","0","0","3","1","2","0","0","0","0","0","0","0","0","0","0","0","0","0","0","0","-2"
"242662","Inter American University of Puerto Rico-Ponce","2014","Not on tenure track/No tenure system system total","21","8","13","0","0","0","0","0","0","0","0","0","21","8","13","0","0","0","0","0","0","0","0","0","0","0","0","0","0","0","-2"
"242662","Inter American University of Puerto Rico-Ponce","2014","Not on tenure/no tenure system, assistant professors","10","3","7","0","0","0","0","0","0","0","0","0","10","3","7","0","0","0","0","0","0","0","0","0","0","0","0","0","0","0","-2"
"242662","Inter American University of Puerto Rico-Ponce","2014","Not on tenure/no tenure system, instructors","11","5","6","0","0","0","0","0","0","0","0","0","11","5","6","0","0","0","0","0","0","0","0","0","0","0","0","0","0","0","-2"
"242680","Inter American University of Puerto Rico-Fajardo","2014","Tenured total","24","9","15","0","0","0","0","0","0","0","0","0","24","9","15","0","0","0","0","0","0","0","0","0","0","0","0","0","0","0","-2"
"242680","Inter American University of Puerto Rico-Fajardo","2014","Tenured, professors","4","2","2","0","0","0","0","0","0","0","0","0","4","2","2","0","0","0","0","0","0","0","0","0","0","0","0","0","0","0","-2"
"242680","Inter American University of Puerto Rico-Fajardo","2014","Tenured, associate professors","9","5","4","0","0","0","0","0","0","0","0","0","9","5","4","0","0","0","0","0","0","0","0","0","0","0","0","0","0","0","-2"
"242680","Inter American University of Puerto Rico-Fajardo","2014","Tenured, assistant professors","11","2","9","0","0","0","0","0","0","0","0","0","11","2","9","0","0","0","0","0","0","0","0","0","0","0","0","0","0","0","-2"
"242680","Inter American University of Puerto Rico-Fajardo","2014","On-Tenure track total","11","5","6","0","0","0","0","0","0","0","0","0","11","5","6","0","0","0","0","0","0","0","0","0","0","0","0","0","0","0","-2"
"242680","Inter American University of Puerto Rico-Fajardo","2014","On-tenure track, associate professors","1","0","1","0","0","0","0","0","0","0","0","0","1","0","1","0","0","0","0","0","0","0","0","0","0","0","0","0","0","0","-2"
"242680","Inter American University of Puerto Rico-Fajardo","2014","On-tenure track, assistant professors","10","5","5","0","0","0","0","0","0","0","0","0","10","5","5","0","0","0","0","0","0","0","0","0","0","0","0","0","0","0","-2"
"242680","Inter American University of Puerto Rico-Fajardo","2014","Not on tenure track/No tenure system system total","5","2","3","0","0","0","0","0","0","0","0","0","5","2","3","0","0","0","0","0","0","0","0","0","0","0","0","0","0","0","-2"
"242680","Inter American University of Puerto Rico-Fajardo","2014","Not on tenure/no tenure system, assistant professors","3","1","2","0","0","0","0","0","0","0","0","0","3","1","2","0","0","0","0","0","0","0","0","0","0","0","0","0","0","0","-2"
"242680","Inter American University of Puerto Rico-Fajardo","2014","Not on tenure/no tenure system, instructors","2","1","1","0","0","0","0","0","0","0","0","0","2","1","1","0","0","0","0","0","0","0","0","0","0","0","0","0","0","0","-2"
"242699","Inter American University of Puerto Rico-Guayama","2014","Tenured total","29","15","14","0","0","0","0","0","0","0","0","0","29","15","14","0","0","0","0","0","0","0","0","0","0","0","0","0","0","0","-2"
"242699","Inter American University of Puerto Rico-Guayama","2014","Tenured, professors","6","4","2","0","0","0","0","0","0","0","0","0","6","4","2","0","0","0","0","0","0","0","0","0","0","0","0","0","0","0","-2"
"242699","Inter American University of Puerto Rico-Guayama","2014","Tenured, associate professors","10","4","6","0","0","0","0","0","0","0","0","0","10","4","6","0","0","0","0","0","0","0","0","0","0","0","0","0","0","0","-2"
"242699","Inter American University of Puerto Rico-Guayama","2014","Tenured, assistant professors","13","7","6","0","0","0","0","0","0","0","0","0","13","7","6","0","0","0","0","0","0","0","0","0","0","0","0","0","0","0","-2"
"242699","Inter American University of Puerto Rico-Guayama","2014","On-Tenure track total","8","3","5","0","0","0","0","0","0","0","0","0","8","3","5","0","0","0","0","0","0","0","0","0","0","0","0","0","0","0","-2"
"242699","Inter American University of Puerto Rico-Guayama","2014","On-tenure track, associate professors","2","1","1","0","0","0","0","0","0","0","0","0","2","1","1","0","0","0","0","0","0","0","0","0","0","0","0","0","0","0","-2"
"242699","Inter American University of Puerto Rico-Guayama","2014","On-tenure track, assistant professors","5","1","4","0","0","0","0","0","0","0","0","0","5","1","4","0","0","0","0","0","0","0","0","0","0","0","0","0","0","0","-2"
"242699","Inter American University of Puerto Rico-Guayama","2014","On-tenure track, instructors","1","1","0","0","0","0","0","0","0","0","0","0","1","1","0","0","0","0","0","0","0","0","0","0","0","0","0","0","0","0","-2"
"242699","Inter American University of Puerto Rico-Guayama","2014","Not on tenure track/No tenure system system total","7","3","4","0","0","0","0","0","0","0","0","0","7","3","4","0","0","0","0","0","0","0","0","0","0","0","0","0","0","0","-2"
"242699","Inter American University of Puerto Rico-Guayama","2014","Not on tenure/no tenure system, assistant professors","1","1","0","0","0","0","0","0","0","0","0","0","1","1","0","0","0","0","0","0","0","0","0","0","0","0","0","0","0","0","-2"
"242699","Inter American University of Puerto Rico-Guayama","2014","Not on tenure/no tenure system, instructors","6","2","4","0","0","0","0","0","0","0","0","0","6","2","4","0","0","0","0","0","0","0","0","0","0","0","0","0","0","0","-2"
"242705","Inter American University of Puerto Rico-Bayamon","2014","Tenured total","56","30","26","0","0","0","0","0","0","0","0","0","54","28","26","0","0","0","2","2","0","0","0","0","0","0","0","0","0","0","-2"
"242705","Inter American University of Puerto Rico-Bayamon","2014","Tenured, professors","9","8","1","0","0","0","0","0","0","0","0","0","9","8","1","0","0","0","0","0","0","0","0","0","0","0","0","0","0","0","-2"
"242705","Inter American University of Puerto Rico-Bayamon","2014","Tenured, associate professors","23","10","13","0","0","0","0","0","0","0","0","0","23","10","13","0","0","0","0","0","0","0","0","0","0","0","0","0","0","0","-2"
"242705","Inter American University of Puerto Rico-Bayamon","2014","Tenured, assistant professors","24","12","12","0","0","0","0","0","0","0","0","0","22","10","12","0","0","0","2","2","0","0","0","0","0","0","0","0","0","0","-2"
"242705","Inter American University of Puerto Rico-Bayamon","2014","On-Tenure track total","29","19","10","0","0","0","0","0","0","0","0","0","29","19","10","0","0","0","0","0","0","0","0","0","0","0","0","0","0","0","-2"
"242705","Inter American University of Puerto Rico-Bayamon","2014","On-tenure track, professors","1","1","0","0","0","0","0","0","0","0","0","0","1","1","0","0","0","0","0","0","0","0","0","0","0","0","0","0","0","0","-2"
"242705","Inter American University of Puerto Rico-Bayamon","2014","On-tenure track, associate professors","6","5","1","0","0","0","0","0","0","0","0","0","6","5","1","0","0","0","0","0","0","0","0","0","0","0","0","0","0","0","-2"
"242705","Inter American University of Puerto Rico-Bayamon","2014","On-tenure track, assistant professors","12","7","5","0","0","0","0","0","0","0","0","0","12","7","5","0","0","0","0","0","0","0","0","0","0","0","0","0","0","0","-2"
"242705","Inter American University of Puerto Rico-Bayamon","2014","On-tenure track, instructors","10","6","4","0","0","0","0","0","0","0","0","0","10","6","4","0","0","0","0","0","0","0","0","0","0","0","0","0","0","0","-2"
"242705","Inter American University of Puerto Rico-Bayamon","2014","Not on tenure track/No tenure system system total","11","8","3","0","0","0","0","0","0","0","0","0","11","8","3","0","0","0","0","0","0","0","0","0","0","0","0","0","0","0","-2"
"242705","Inter American University of Puerto Rico-Bayamon","2014","Not on tenure/no tenure system, professors","1","1","0","0","0","0","0","0","0","0","0","0","1","1","0","0","0","0","0","0","0","0","0","0","0","0","0","0","0","0","-2"
"242705","Inter American University of Puerto Rico-Bayamon","2014","Not on tenure/no tenure system, assistant professors","5","4","1","0","0","0","0","0","0","0","0","0","5","4","1","0","0","0","0","0","0","0","0","0","0","0","0","0","0","0","-2"
"242705","Inter American University of Puerto Rico-Bayamon","2014","Not on tenure/no tenure system, instructors","5","3","2","0","0","0","0","0","0","0","0","0","5","3","2","0","0","0","0","0","0","0","0","0","0","0","0","0","0","0","-2"
"243142","University of Puerto Rico-Carolina","2014","Tenured total","70","40","30","0","0","0","0","0","0","0","0","0","68","38","30","0","0","0","0","0","0","0","0","0","2","2","0","0","0","0","-2"
"243142","University of Puerto Rico-Carolina","2014","Tenured, professors","16","8","8","0","0","0","0","0","0","0","0","0","16","8","8","0","0","0","0","0","0","0","0","0","0","0","0","0","0","0","-2"
"243142","University of Puerto Rico-Carolina","2014","Tenured, associate professors","29","18","11","0","0","0","0","0","0","0","0","0","27","16","11","0","0","0","0","0","0","0","0","0","2","2","0","0","0","0","-2"
"243142","University of Puerto Rico-Carolina","2014","Tenured, assistant professors","21","12","9","0","0","0","0","0","0","0","0","0","21","12","9","0","0","0","0","0","0","0","0","0","0","0","0","0","0","0","-2"
"243142","University of Puerto Rico-Carolina","2014","Tenured, instructors","4","2","2","0","0","0","0","0","0","0","0","0","4","2","2","0","0","0","0","0","0","0","0","0","0","0","0","0","0","0","-2"
"243142","University of Puerto Rico-Carolina","2014","On-Tenure track total","6","4","2","0","0","0","0","0","0","0","0","0","6","4","2","0","0","0","0","0","0","0","0","0","0","0","0","0","0","0","-2"
"243142","University of Puerto Rico-Carolina","2014","On-tenure track, assistant professors","3","3","0","0","0","0","0","0","0","0","0","0","3","3","0","0","0","0","0","0","0","0","0","0","0","0","0","0","0","0","-2"
"243142","University of Puerto Rico-Carolina","2014","On-tenure track, instructors","3","1","2","0","0","0","0","0","0","0","0","0","3","1","2","0","0","0","0","0","0","0","0","0","0","0","0","0","0","0","-2"
"243142","University of Puerto Rico-Carolina","2014","Not on tenure track/No tenure system system total","23","14","9","0","0","0","0","0","0","0","0","0","22","14","8","0","0","0","0","0","0","0","0","0","1","0","1","0","0","0","-2"
"243142","University of Puerto Rico-Carolina","2014","Not on tenure/no tenure system, assistant professors","5","3","2","0","0","0","0","0","0","0","0","0","4","3","1","0","0","0","0","0","0","0","0","0","1","0","1","0","0","0","-2"
"243142","University of Puerto Rico-Carolina","2014","Not on tenure/no tenure system, instructors","18","11","7","0","0","0","0","0","0","0","0","0","18","11","7","0","0","0","0","0","0","0","0","0","0","0","0","0","0","0","-2"
"243179","University of Puerto Rico-Humacao","2014","Tenured total","168","80","88","0","0","0","1","1","0","1","0","1","116","51","65","0","0","0","3","3","0","1","1","0","45","23","22","1","1","0","-2"
"243179","University of Puerto Rico-Humacao","2014","Tenured, professors","100","52","48","0","0","0","1","1","0","0","0","0","68","33","35","0","0","0","2","2","0","1","1","0","28","15","13","0","0","0","-2"
"243179","University of Puerto Rico-Humacao","2014","Tenured, associate professors","55","18","37","0","0","0","0","0","0","1","0","1","39","11","28","0","0","0","1","1","0","0","0","0","13","5","8","1","1","0","-2"
"243179","University of Puerto Rico-Humacao","2014","Tenured, assistant professors","12","9","3","0","0","0","0","0","0","0","0","0","9","7","2","0","0","0","0","0","0","0","0","0","3","2","1","0","0","0","-2"
"243179","University of Puerto Rico-Humacao","2014","Tenured, instructors","1","1","0","0","0","0","0","0","0","0","0","0","0","0","0","0","0","0","0","0","0","0","0","0","1","1","0","0","0","0","-2"
"243179","University of Puerto Rico-Humacao","2014","On-Tenure track total","8","3","5","0","0","0","0","0","0","0","0","0","7","2","5","0","0","0","0","0","0","0","0","0","1","1","0","0","0","0","-2"
"243179","University of Puerto Rico-Humacao","2014","On-tenure track, assistant professors","6","2","4","0","0","0","0","0","0","0","0","0","6","2","4","0","0","0","0","0","0","0","0","0","0","0","0","0","0","0","-2"
"243179","University of Puerto Rico-Humacao","2014","On-tenure track, instructors","1","0","1","0","0","0","0","0","0","0","0","0","1","0","1","0","0","0","0","0","0","0","0","0","0","0","0","0","0","0","-2"
"243179","University of Puerto Rico-Humacao","2014","On-tenure track, lecturers","1","1","0","0","0","0","0","0","0","0","0","0","0","0","0","0","0","0","0","0","0","0","0","0","1","1","0","0","0","0","-2"
"243179","University of Puerto Rico-Humacao","2014","Not on tenure track/No tenure system system total","8","2","6","0","0","0","0","0","0","0","0","0","6","0","6","0","0","0","0","0","0","0","0","0","2","2","0","0","0","0","-2"
"243179","University of Puerto Rico-Humacao","2014","Not on tenure/no tenure system, assistant professors","5","0","5","0","0","0","0","0","0","0","0","0","5","0","5","0","0","0","0","0","0","0","0","0","0","0","0","0","0","0","-2"
"243179","University of Puerto Rico-Humacao","2014","Not on tenure/no tenure system, instructors","2","2","0","0","0","0","0","0","0","0","0","0","0","0","0","0","0","0","0","0","0","0","0","0","2","2","0","0","0","0","-2"
"243179","University of Puerto Rico-Humacao","2014","Not on tenure/no tenure system, lecturers","1","0","1","0","0","0","0","0","0","0","0","0","1","0","1","0","0","0","0","0","0","0","0","0","0","0","0","0","0","0","-2"
"243212","University of Puerto Rico-Ponce","2014","Tenured total","84","36","48","0","0","0","0","0","0","0","0","0","84","36","48","0","0","0","0","0","0","0","0","0","0","0","0","0","0","0","-2"
"243212","University of Puerto Rico-Ponce","2014","Tenured, professors","33","12","21","0","0","0","0","0","0","0","0","0","33","12","21","0","0","0","0","0","0","0","0","0","0","0","0","0","0","0","-2"
"243212","University of Puerto Rico-Ponce","2014","Tenured, associate professors","18","9","9","0","0","0","0","0","0","0","0","0","18","9","9","0","0","0","0","0","0","0","0","0","0","0","0","0","0","0","-2"
"243212","University of Puerto Rico-Ponce","2014","Tenured, assistant professors","25","9","16","0","0","0","0","0","0","0","0","0","25","9","16","0","0","0","0","0","0","0","0","0","0","0","0","0","0","0","-2"
"243212","University of Puerto Rico-Ponce","2014","Tenured, instructors","8","6","2","0","0","0","0","0","0","0","0","0","8","6","2","0","0","0","0","0","0","0","0","0","0","0","0","0","0","0","-2"
"243212","University of Puerto Rico-Ponce","2014","On-Tenure track total","5","0","5","0","0","0","0","0","0","0","0","0","5","0","5","0","0","0","0","0","0","0","0","0","0","0","0","0","0","0","-2"
"243212","University of Puerto Rico-Ponce","2014","On-tenure track, assistant professors","4","0","4","0","0","0","0","0","0","0","0","0","4","0","4","0","0","0","0","0","0","0","0","0","0","0","0","0","0","0","-2"
"243212","University of Puerto Rico-Ponce","2014","On-tenure track, instructors","1","0","1","0","0","0","0","0","0","0","0","0","1","0","1","0","0","0","0","0","0","0","0","0","0","0","0","0","0","0","-2"
"243212","University of Puerto Rico-Ponce","2014","Not on tenure track/No tenure system system total","16","10","6","0","0","0","0","0","0","0","0","0","16","10","6","0","0","0","0","0","0","0","0","0","0","0","0","0","0","0","-2"
"243212","University of Puerto Rico-Ponce","2014","Not on tenure/no tenure system, professors","1","0","1","0","0","0","0","0","0","0","0","0","1","0","1","0","0","0","0","0","0","0","0","0","0","0","0","0","0","0","-2"
"243212","University of Puerto Rico-Ponce","2014","Not on tenure/no tenure system, assistant professors","6","4","2","0","0","0","0","0","0","0","0","0","6","4","2","0","0","0","0","0","0","0","0","0","0","0","0","0","0","0","-2"
"243212","University of Puerto Rico-Ponce","2014","Not on tenure/no tenure system, instructors","9","6","3","0","0","0","0","0","0","0","0","0","9","6","3","0","0","0","0","0","0","0","0","0","0","0","0","0","0","0","-2"
"243221","University of Puerto Rico-Rio Piedras","2014","Tenured total","652","335","317","1","0","1","7","4","3","4","3","1","576","283","293","0","0","0","39","31","8","5","2","3","20","12","8","0","0","0","-2"
"243221","University of Puerto Rico-Rio Piedras","2014","Tenured, professors","463","248","215","1","0","1","6","4","2","3","3","0","406","208","198","0","0","0","31","25","6","4","1","3","12","7","5","0","0","0","-2"
"243221","University of Puerto Rico-Rio Piedras","2014","Tenured, associate professors","143","68","75","0","0","0","0","0","0","1","0","1","128","57","71","0","0","0","8","6","2","1","1","0","5","4","1","0","0","0","-2"
"243221","University of Puerto Rico-Rio Piedras","2014","Tenured, assistant professors","36","15","21","0","0","0","1","0","1","0","0","0","34","14","20","0","0","0","0","0","0","0","0","0","1","1","0","0","0","0","-2"
"243221","University of Puerto Rico-Rio Piedras","2014","Tenured, instructors","1","1","0","0","0","0","0","0","0","0","0","0","1","1","0","0","0","0","0","0","0","0","0","0","0","0","0","0","0","0","-2"
"243221","University of Puerto Rico-Rio Piedras","2014","Tenured, no academic rank","9","3","6","0","0","0","0","0","0","0","0","0","7","3","4","0","0","0","0","0","0","0","0","0","2","0","2","0","0","0","-2"
"243221","University of Puerto Rico-Rio Piedras","2014","On-Tenure track total","59","33","26","0","0","0","0","0","0","0","0","0","32","17","15","0","0","0","3","3","0","3","0","3","21","13","8","0","0","0","-2"
"243221","University of Puerto Rico-Rio Piedras","2014","On-tenure track, associate professors","12","10","2","0","0","0","0","0","0","0","0","0","4","4","0","0","0","0","2","2","0","1","0","1","5","4","1","0","0","0","-2"
"243221","University of Puerto Rico-Rio Piedras","2014","On-tenure track, assistant professors","44","20","24","0","0","0","0","0","0","0","0","0","26","11","15","0","0","0","1","1","0","2","0","2","15","8","7","0","0","0","-2"
"243221","University of Puerto Rico-Rio Piedras","2014","On-tenure track, instructors","3","3","0","0","0","0","0","0","0","0","0","0","2","2","0","0","0","0","0","0","0","0","0","0","1","1","0","0","0","0","-2"
"243221","University of Puerto Rico-Rio Piedras","2014","Not on tenure track/No tenure system system total","178","87","91","0","0","0","0","0","0","0","0","0","130","62","68","0","0","0","2","2","0","0","0","0","46","23","23","0","0","0","-2"
"243221","University of Puerto Rico-Rio Piedras","2014","Not on tenure/no tenure system, professors","3","0","3","0","0","0","0","0","0","0","0","0","2","0","2","0","0","0","0","0","0","0","0","0","1","0","1","0","0","0","-2"
"243221","University of Puerto Rico-Rio Piedras","2014","Not on tenure/no tenure system, associate professors","4","2","2","0","0","0","0","0","0","0","0","0","4","2","2","0","0","0","0","0","0","0","0","0","0","0","0","0","0","0","-2"
"243221","University of Puerto Rico-Rio Piedras","2014","Not on tenure/no tenure system, assistant professors","73","34","39","0","0","0","0","0","0","0","0","0","58","27","31","0","0","0","1","1","0","0","0","0","14","6","8","0","0","0","-2"
"243221","University of Puerto Rico-Rio Piedras","2014","Not on tenure/no tenure system, instructors","44","20","24","0","0","0","0","0","0","0","0","0","31","12","19","0","0","0","0","0","0","0","0","0","13","8","5","0","0","0","-2"
"243221","University of Puerto Rico-Rio Piedras","2014","Not on tenure/no tenure system, no academic rank","54","31","23","0","0","0","0","0","0","0","0","0","35","21","14","0","0","0","1","1","0","0","0","0","18","9","9","0","0","0","-2"
"243443","Universidad del Sagrado Corazon","2014","Tenured total","94","36","58","0","0","0","1","1","0","0","0","0","91","35","56","0","0","0","2","0","2","0","0","0","0","0","0","0","0","0","-2"
"243443","Universidad del Sagrado Corazon","2014","Tenured, professors","65","25","40","0","0","0","1","1","0","0","0","0","62","24","38","0","0","0","2","0","2","0","0","0","0","0","0","0","0","0","-2"
"243443","Universidad del Sagrado Corazon","2014","Tenured, associate professors","11","4","7","0","0","0","0","0","0","0","0","0","11","4","7","0","0","0","0","0","0","0","0","0","0","0","0","0","0","0","-2"
"243443","Universidad del Sagrado Corazon","2014","Tenured, assistant professors","13","5","8","0","0","0","0","0","0","0","0","0","13","5","8","0","0","0","0","0","0","0","0","0","0","0","0","0","0","0","-2"
"243443","Universidad del Sagrado Corazon","2014","Tenured, instructors","5","2","3","0","0","0","0","0","0","0","0","0","5","2","3","0","0","0","0","0","0","0","0","0","0","0","0","0","0","0","-2"
"243443","Universidad del Sagrado Corazon","2014","On-Tenure track total","8","0","8","0","0","0","0","0","0","0","0","0","8","0","8","0","0","0","0","0","0","0","0","0","0","0","0","0","0","0","-2"
"243443","Universidad del Sagrado Corazon","2014","On-tenure track, assistant professors","4","0","4","0","0","0","0","0","0","0","0","0","4","0","4","0","0","0","0","0","0","0","0","0","0","0","0","0","0","0","-2"
"243443","Universidad del Sagrado Corazon","2014","On-tenure track, instructors","4","0","4","0","0","0","0","0","0","0","0","0","4","0","4","0","0","0","0","0","0","0","0","0","0","0","0","0","0","0","-2"
"243577","Universidad Politecnica de Puerto Rico","2014","Tenured total","27","17","10","0","0","0","1","1","0","0","0","0","26","16","10","0","0","0","0","0","0","0","0","0","0","0","0","0","0","0","-2"
"243577","Universidad Politecnica de Puerto Rico","2014","Tenured, professors","18","14","4","0","0","0","1","1","0","0","0","0","17","13","4","0","0","0","0","0","0","0","0","0","0","0","0","0","0","0","-2"
"243577","Universidad Politecnica de Puerto Rico","2014","Tenured, associate professors","9","3","6","0","0","0","0","0","0","0","0","0","9","3","6","0","0","0","0","0","0","0","0","0","0","0","0","0","0","0","-2"
"243577","Universidad Politecnica de Puerto Rico","2014","Not on tenure track/No tenure system system total","117","75","42","0","0","0","1","0","1","0","0","0","113","72","41","0","0","0","3","3","0","0","0","0","0","0","0","0","0","0","-2"
"243577","Universidad Politecnica de Puerto Rico","2014","Not on tenure/no tenure system, professors","23","19","4","0","0","0","0","0","0","0","0","0","22","18","4","0","0","0","1","1","0","0","0","0","0","0","0","0","0","0","-2"
"243577","Universidad Politecnica de Puerto Rico","2014","Not on tenure/no tenure system, associate professors","66","42","24","0","0","0","1","0","1","0","0","0","63","40","23","0","0","0","2","2","0","0","0","0","0","0","0","0","0","0","-2"
"243577","Universidad Politecnica de Puerto Rico","2014","Not on tenure/no tenure system, assistant professors","23","13","10","0","0","0","0","0","0","0","0","0","23","13","10","0","0","0","0","0","0","0","0","0","0","0","0","0","0","0","-2"
"243577","Universidad Politecnica de Puerto Rico","2014","Not on tenure/no tenure system, instructors","5","1","4","0","0","0","0","0","0","0","0","0","5","1","4","0","0","0","0","0","0","0","0","0","0","0","0","0","0","0","-2"
"243832","EDP University of Puerto Rico Inc-San Juan","2014","Not on tenure track/No tenure system system total","30","7","23","0","0","0","0","0","0","0","0","0","30","7","23","0","0","0","0","0","0","0","0","0","0","0","0","0","0","0","-2"
"243832","EDP University of Puerto Rico Inc-San Juan","2014","Not on tenure/no tenure system, instructors","30","7","23","0","0","0","0","0","0","0","0","0","30","7","23","0","0","0","0","0","0","0","0","0","0","0","0","0","0","0","-2"
"245847","Antioch University-Santa Barbara","2014","Not on tenure track/No tenure system system total","10","4","6","0","0","0","0","0","0","0","0","0","2","1","1","0","0","0","8","3","5","0","0","0","0","0","0","0","0","0","-2"
"245847","Antioch University-Santa Barbara","2014","Not on tenure/no tenure system, no academic rank","10","4","6","0","0","0","0","0","0","0","0","0","2","1","1","0","0","0","8","3","5","0","0","0","0","0","0","0","0","0","-2"
"245953","Mid-America Christian University","2014","Not on tenure track/No tenure system system total","31","17","14","2","2","0","1","1","0","2","1","1","1","1","0","0","0","0","24","12","12","0","0","0","1","0","1","0","0","0","-2"
"245953","Mid-America Christian University","2014","Not on tenure/no tenure system, professors","7","6","1","2","2","0","0","0","0","1","0","1","0","0","0","0","0","0","4","4","0","0","0","0","0","0","0","0","0","0","-2"
"245953","Mid-America Christian University","2014","Not on tenure/no tenure system, associate professors","8","4","4","0","0","0","1","1","0","1","1","0","0","0","0","0","0","0","6","2","4","0","0","0","0","0","0","0","0","0","-2"
"245953","Mid-America Christian University","2014","Not on tenure/no tenure system, assistant professors","14","7","7","0","0","0","0","0","0","0","0","0","1","1","0","0","0","0","12","6","6","0","0","0","1","0","1","0","0","0","-2"
"245953","Mid-America Christian University","2014","Not on tenure/no tenure system, instructors","2","0","2","0","0","0","0","0","0","0","0","0","0","0","0","0","0","0","2","0","2","0","0","0","0","0","0","0","0","0","-2"
"366711","California State University-San Marcos","2014","Tenured total","177","89","88","2","0","2","24","17","7","5","4","1","28","13","15","1","1","0","107","47","60","1","0","1","6","4","2","3","3","0","-2"
"366711","California State University-San Marcos","2014","Tenured, professors","106","49","57","1","0","1","13","9","4","2","1","1","16","8","8","0","0","0","69","28","41","1","0","1","3","2","1","1","1","0","-2"
"366711","California State University-San Marcos","2014","Tenured, associate professors","68","40","28","1","0","1","10","8","2","3","3","0","10","5","5","1","1","0","38","19","19","0","0","0","3","2","1","2","2","0","-2"
"366711","California State University-San Marcos","2014","Tenured, assistant professors","3","0","3","0","0","0","1","0","1","0","0","0","2","0","2","0","0","0","0","0","0","0","0","0","0","0","0","0","0","0","-2"
"366711","California State University-San Marcos","2014","On-Tenure track total","56","26","30","2","1","1","10","5","5","0","0","0","11","4","7","0","0","0","28","13","15","2","1","1","1","0","1","2","2","0","-2"
"366711","California State University-San Marcos","2014","On-tenure track, assistant professors","56","26","30","2","1","1","10","5","5","0","0","0","11","4","7","0","0","0","28","13","15","2","1","1","1","0","1","2","2","0","-2"
"366711","California State University-San Marcos","2014","Not on tenure track/No tenure system system total","71","18","53","0","0","0","4","1","3","1","0","1","10","2","8","0","0","0","53","15","38","2","0","2","1","0","1","0","0","0","-2"
"366711","California State University-San Marcos","2014","Not on tenure/no tenure system, lecturers","71","18","53","0","0","0","4","1","3","1","0","1","10","2","8","0","0","0","53","15","38","2","0","2","1","0","1","0","0","0","-2"
"367884","Hodges University","2014","Not on tenure track/No tenure system system total","72","36","36","0","0","0","0","0","0","2","2","0","5","4","1","0","0","0","64","30","34","1","0","1","0","0","0","0","0","0","-2"
"367884","Hodges University","2014","Not on tenure/no tenure system, professors","12","8","4","0","0","0","0","0","0","0","0","0","0","0","0","0","0","0","12","8","4","0","0","0","0","0","0","0","0","0","-2"
"367884","Hodges University","2014","Not on tenure/no tenure system, associate professors","14","12","2","0","0","0","0","0","0","0","0","0","2","2","0","0","0","0","12","10","2","0","0","0","0","0","0","0","0","0","-2"
"367884","Hodges University","2014","Not on tenure/no tenure system, assistant professors","44","14","30","0","0","0","0","0","0","2","2","0","2","1","1","0","0","0","39","11","28","1","0","1","0","0","0","0","0","0","-2"
"367884","Hodges University","2014","Not on tenure/no tenure system, instructors","2","2","0","0","0","0","0","0","0","0","0","0","1","1","0","0","0","0","1","1","0","0","0","0","0","0","0","0","0","0","-2"
"407009","Arizona State University-West","2014","Tenured total","97","56","41","0","0","0","5","3","2","2","1","1","15","7","8","0","0","0","71","42","29","0","0","0","0","0","0","4","3","1","-2"
"407009","Arizona State University-West","2014","Tenured, professors","26","18","8","0","0","0","0","0","0","0","0","0","2","2","0","0","0","0","23","15","8","0","0","0","0","0","0","1","1","0","-2"
"407009","Arizona State University-West","2014","Tenured, associate professors","71","38","33","0","0","0","5","3","2","2","1","1","13","5","8","0","0","0","48","27","21","0","0","0","0","0","0","3","2","1","-2"
"407009","Arizona State University-West","2014","On-Tenure track total","32","14","18","0","0","0","4","1","3","1","0","1","5","3","2","0","0","0","20","8","12","1","1","0","0","0","0","1","1","0","-2"
"407009","Arizona State University-West","2014","On-tenure track, associate professors","2","0","2","0","0","0","0","0","0","0","0","0","0","0","0","0","0","0","2","0","2","0","0","0","0","0","0","0","0","0","-2"
"407009","Arizona State University-West","2014","On-tenure track, assistant professors","30","14","16","0","0","0","4","1","3","1","0","1","5","3","2","0","0","0","18","8","10","1","1","0","0","0","0","1","1","0","-2"
"407009","Arizona State University-West","2014","Not on tenure track/No tenure system system total","91","26","65","0","0","0","4","0","4","2","1","1","5","1","4","0","0","0","78","23","55","1","0","1","0","0","0","1","1","0","-2"
"407009","Arizona State University-West","2014","Not on tenure/no tenure system, professors","2","1","1","0","0","0","0","0","0","0","0","0","0","0","0","0","0","0","2","1","1","0","0","0","0","0","0","0","0","0","-2"
"407009","Arizona State University-West","2014","Not on tenure/no tenure system, associate professors","4","1","3","0","0","0","0","0","0","0","0","0","0","0","0","0","0","0","4","1","3","0","0","0","0","0","0","0","0","0","-2"
"407009","Arizona State University-West","2014","Not on tenure/no tenure system, assistant professors","10","3","7","0","0","0","0","0","0","0","0","0","1","1","0","0","0","0","8","1","7","0","0","0","0","0","0","1","1","0","-2"
"407009","Arizona State University-West","2014","Not on tenure/no tenure system, instructors","33","5","28","0","0","0","1","0","1","2","1","1","2","0","2","0","0","0","28","4","24","0","0","0","0","0","0","0","0","0","-2"
"407009","Arizona State University-West","2014","Not on tenure/no tenure system, lecturers","42","16","26","0","0","0","3","0","3","0","0","0","2","0","2","0","0","0","36","16","20","1","0","1","0","0","0","0","0","0","-2"
"409698","California State University-Monterey Bay","2014","Tenured total","87","45","42","1","1","0","17","7","10","4","3","1","19","10","9","1","0","1","41","22","19","0","0","0","4","2","2","0","0","0","-2"
"409698","California State University-Monterey Bay","2014","Tenured, professors","51","31","20","1","1","0","11","5","6","2","1","1","10","7","3","1","0","1","26","17","9","0","0","0","0","0","0","0","0","0","-2"
"409698","California State University-Monterey Bay","2014","Tenured, associate professors","35","14","21","0","0","0","6","2","4","2","2","0","9","3","6","0","0","0","14","5","9","0","0","0","4","2","2","0","0","0","-2"
"409698","California State University-Monterey Bay","2014","Tenured, no academic rank","1","0","1","0","0","0","0","0","0","0","0","0","0","0","0","0","0","0","1","0","1","0","0","0","0","0","0","0","0","0","-2"
"409698","California State University-Monterey Bay","2014","On-Tenure track total","29","13","16","0","0","0","3","1","2","1","1","0","4","2","2","0","0","0","16","5","11","0","0","0","1","1","0","4","3","1","-2"
"409698","California State University-Monterey Bay","2014","On-tenure track, assistant professors","29","13","16","0","0","0","3","1","2","1","1","0","4","2","2","0","0","0","16","5","11","0","0","0","1","1","0","4","3","1","-2"
"409698","California State University-Monterey Bay","2014","Not on tenure track/No tenure system system total","71","27","44","1","0","1","3","2","1","2","0","2","12","5","7","0","0","0","47","17","30","1","1","0","4","1","3","1","1","0","-2"
"409698","California State University-Monterey Bay","2014","Not on tenure/no tenure system, lecturers","71","27","44","1","0","1","3","2","1","2","0","2","12","5","7","0","0","0","47","17","30","1","1","0","4","1","3","1","1","0","-2"
"416801","The University of Texas MD Anderson Cancer Center","2014","Tenured total","241","174","67","0","0","0","49","32","17","5","2","3","17","13","4","0","0","0","169","126","43","0","0","0","0","0","0","1","1","0","-2"
"416801","The University of Texas MD Anderson Cancer Center","2014","Tenured, professors","183","144","39","0","0","0","33","24","9","3","2","1","14","10","4","0","0","0","132","107","25","0","0","0","0","0","0","1","1","0","-2"
"416801","The University of Texas MD Anderson Cancer Center","2014","Tenured, associate professors","58","30","28","0","0","0","16","8","8","2","0","2","3","3","0","0","0","0","37","19","18","0","0","0","0","0","0","0","0","0","-2"
"416801","The University of Texas MD Anderson Cancer Center","2014","On-Tenure track total","78","52","26","0","0","0","26","18","8","4","3","1","9","4","5","0","0","0","37","26","11","0","0","0","0","0","0","2","1","1","-2"
"416801","The University of Texas MD Anderson Cancer Center","2014","On-tenure track, professors","9","5","4","0","0","0","4","2","2","0","0","0","0","0","0","0","0","0","4","2","2","0","0","0","0","0","0","1","1","0","-2"
"416801","The University of Texas MD Anderson Cancer Center","2014","On-tenure track, associate professors","14","12","2","0","0","0","3","3","0","1","1","0","2","0","2","0","0","0","8","8","0","0","0","0","0","0","0","0","0","0","-2"
"416801","The University of Texas MD Anderson Cancer Center","2014","On-tenure track, assistant professors","55","35","20","0","0","0","19","13","6","3","2","1","7","4","3","0","0","0","25","16","9","0","0","0","0","0","0","1","0","1","-2"
"416801","The University of Texas MD Anderson Cancer Center","2014","Not on tenure track/No tenure system system total","639","361","278","3","1","2","230","137","93","32","10","22","50","33","17","2","0","2","305","169","136","0","0","0","0","0","0","17","11","6","-2"
"416801","The University of Texas MD Anderson Cancer Center","2014","Not on tenure/no tenure system, lecturers","639","361","278","3","1","2","230","137","93","32","10","22","50","33","17","2","0","2","305","169","136","0","0","0","0","0","0","17","11","6","-2"
"440794","Pillar College","2014","Tenured total","1","0","1","0","0","0","0","0","0","0","0","0","0","0","0","0","0","0","1","0","1","0","0","0","0","0","0","0","0","0","-2"
"440794","Pillar College","2014","Tenured, professors","1","0","1","0","0","0","0","0","0","0","0","0","0","0","0","0","0","0","1","0","1","0","0","0","0","0","0","0","0","0","-2"
"440794","Pillar College","2014","On-Tenure track total","12","9","3","0","0","0","2","2","0","4","1","3","1","1","0","0","0","0","5","5","0","0","0","0","0","0","0","0","0","0","-2"
"440794","Pillar College","2014","On-tenure track, professors","3","3","0","0","0","0","1","1","0","0","0","0","0","0","0","0","0","0","2","2","0","0","0","0","0","0","0","0","0","0","-2"
"440794","Pillar College","2014","On-tenure track, associate professors","1","0","1","0","0","0","0","0","0","1","0","1","0","0","0","0","0","0","0","0","0","0","0","0","0","0","0","0","0","0","-2"
"440794","Pillar College","2014","On-tenure track, assistant professors","5","3","2","0","0","0","0","0","0","3","1","2","0","0","0","0","0","0","2","2","0","0","0","0","0","0","0","0","0","0","-2"
"440794","Pillar College","2014","On-tenure track, instructors","1","1","0","0","0","0","1","1","0","0","0","0","0","0","0","0","0","0","0","0","0","0","0","0","0","0","0","0","0","0","-2"
"440794","Pillar College","2014","On-tenure track, no academic rank","2","2","0","0","0","0","0","0","0","0","0","0","1","1","0","0","0","0","1","1","0","0","0","0","0","0","0","0","0","0","-2"
"441690","Universidad Pentecostal Mizpa","2014","Tenured total","2","1","1","0","0","0","0","0","0","0","0","0","2","1","1","0","0","0","0","0","0","0","0","0","0","0","0","0","0","0","-2"
"441690","Universidad Pentecostal Mizpa","2014","Tenured, professors","2","1","1","0","0","0","0","0","0","0","0","0","2","1","1","0","0","0","0","0","0","0","0","0","0","0","0","0","0","0","-2"
"441690","Universidad Pentecostal Mizpa","2014","Not on tenure track/No tenure system system total","7","6","1","0","0","0","0","0","0","0","0","0","7","6","1","0","0","0","0","0","0","0","0","0","0","0","0","0","0","0","-2"
"441690","Universidad Pentecostal Mizpa","2014","Not on tenure/no tenure system, professors","7","6","1","0","0","0","0","0","0","0","0","0","7","6","1","0","0","0","0","0","0","0","0","0","0","0","0","0","0","0","-2"
"441900","Nevada State College","2014","Tenured total","12","9","3","0","0","0","1","1","0","1","1","0","0","0","0","0","0","0","9","7","2","1","0","1","0","0","0","0","0","0","-2"
"441900","Nevada State College","2014","Tenured, professors","2","2","0","0","0","0","0","0","0","0","0","0","0","0","0","0","0","0","2","2","0","0","0","0","0","0","0","0","0","0","-2"
"441900","Nevada State College","2014","Tenured, associate professors","10","7","3","0","0","0","1","1","0","1","1","0","0","0","0","0","0","0","7","5","2","1","0","1","0","0","0","0","0","0","-2"
"441900","Nevada State College","2014","On-Tenure track total","28","14","14","0","0","0","1","0","1","2","1","1","3","2","1","0","0","0","21","11","10","1","0","1","0","0","0","0","0","0","-2"
"441900","Nevada State College","2014","On-tenure track, assistant professors","28","14","14","0","0","0","1","0","1","2","1","1","3","2","1","0","0","0","21","11","10","1","0","1","0","0","0","0","0","0","-2"
"441900","Nevada State College","2014","Not on tenure track/No tenure system system total","18","3","15","0","0","0","1","1","0","0","0","0","1","0","1","0","0","0","16","2","14","0","0","0","0","0","0","0","0","0","-2"
"441900","Nevada State College","2014","Not on tenure/no tenure system, lecturers","18","3","15","0","0","0","1","1","0","0","0","0","1","0","1","0","0","0","16","2","14","0","0","0","0","0","0","0","0","0","-2"
"441937","California State University-Channel Islands","2014","Tenured total","64","37","27","0","0","0","4","2","2","1","1","0","13","7","6","0","0","0","41","22","19","1","1","0","3","3","0","1","1","0","-2"
"441937","California State University-Channel Islands","2014","Tenured, professors","46","28","18","0","0","0","3","2","1","1","1","0","10","5","5","0","0","0","29","17","12","1","1","0","1","1","0","1","1","0","-2"
"441937","California State University-Channel Islands","2014","Tenured, associate professors","17","8","9","0","0","0","1","0","1","0","0","0","3","2","1","0","0","0","11","4","7","0","0","0","2","2","0","0","0","0","-2"
"441937","California State University-Channel Islands","2014","Tenured, assistant professors","1","1","0","0","0","0","0","0","0","0","0","0","0","0","0","0","0","0","1","1","0","0","0","0","0","0","0","0","0","0","-2"
"441937","California State University-Channel Islands","2014","On-Tenure track total","40","15","25","0","0","0","2","0","2","2","0","2","8","2","6","0","0","0","21","10","11","1","0","1","4","2","2","2","1","1","-2"
"441937","California State University-Channel Islands","2014","On-tenure track, professors","1","1","0","0","0","0","0","0","0","0","0","0","0","0","0","0","0","0","1","1","0","0","0","0","0","0","0","0","0","0","-2"
"441937","California State University-Channel Islands","2014","On-tenure track, associate professors","3","0","3","0","0","0","1","0","1","0","0","0","0","0","0","0","0","0","1","0","1","1","0","1","0","0","0","0","0","0","-2"
"441937","California State University-Channel Islands","2014","On-tenure track, assistant professors","36","14","22","0","0","0","1","0","1","2","0","2","8","2","6","0","0","0","19","9","10","0","0","0","4","2","2","2","1","1","-2"
"441937","California State University-Channel Islands","2014","Not on tenure track/No tenure system system total","71","34","37","0","0","0","6","4","2","0","0","0","10","6","4","0","0","0","53","22","31","2","2","0","0","0","0","0","0","0","-2"
"441937","California State University-Channel Islands","2014","Not on tenure/no tenure system, lecturers","71","34","37","0","0","0","6","4","2","0","0","0","10","6","4","0","0","0","53","22","31","2","2","0","0","0","0","0","0","0","-2"
"448886","Arizona State University-Downtown Phoenix","2014","Tenured total","119","50","69","0","0","0","10","4","6","3","1","2","7","3","4","0","0","0","91","40","51","1","0","1","3","0","3","4","2","2","-2"
"448886","Arizona State University-Downtown Phoenix","2014","Tenured, professors","53","32","21","0","0","0","2","2","0","1","1","0","5","3","2","0","0","0","45","26","19","0","0","0","0","0","0","0","0","0","-2"
"448886","Arizona State University-Downtown Phoenix","2014","Tenured, associate professors","66","18","48","0","0","0","8","2","6","2","0","2","2","0","2","0","0","0","46","14","32","1","0","1","3","0","3","4","2","2","-2"
"448886","Arizona State University-Downtown Phoenix","2014","On-Tenure track total","53","25","28","0","0","0","4","0","4","0","0","0","7","3","4","0","0","0","35","18","17","0","0","0","1","1","0","6","3","3","-2"
"448886","Arizona State University-Downtown Phoenix","2014","On-tenure track, assistant professors","53","25","28","0","0","0","4","0","4","0","0","0","7","3","4","0","0","0","35","18","17","0","0","0","1","1","0","6","3","3","-2"
"448886","Arizona State University-Downtown Phoenix","2014","Not on tenure track/No tenure system system total","186","57","129","3","1","2","4","0","4","11","2","9","10","4","6","0","0","0","153","48","105","2","0","2","2","1","1","1","1","0","-2"
"448886","Arizona State University-Downtown Phoenix","2014","Not on tenure/no tenure system, professors","22","12","10","0","0","0","0","0","0","2","0","2","1","0","1","0","0","0","18","11","7","0","0","0","1","1","0","0","0","0","-2"
"448886","Arizona State University-Downtown Phoenix","2014","Not on tenure/no tenure system, associate professors","33","4","29","0","0","0","0","0","0","3","0","3","2","0","2","0","0","0","26","4","22","1","0","1","1","0","1","0","0","0","-2"
"448886","Arizona State University-Downtown Phoenix","2014","Not on tenure/no tenure system, assistant professors","33","6","27","0","0","0","0","0","0","1","0","1","1","0","1","0","0","0","31","6","25","0","0","0","0","0","0","0","0","0","-2"
"448886","Arizona State University-Downtown Phoenix","2014","Not on tenure/no tenure system, instructors","49","17","32","2","1","1","2","0","2","4","2","2","4","2","2","0","0","0","36","11","25","0","0","0","0","0","0","1","1","0","-2"
"448886","Arizona State University-Downtown Phoenix","2014","Not on tenure/no tenure system, lecturers","49","18","31","1","0","1","2","0","2","1","0","1","2","2","0","0","0","0","42","16","26","1","0","1","0","0","0","0","0","0","-2"
"455770","Providence Christian College","2014","Not on tenure track/No tenure system system total","3","3","0","0","0","0","0","0","0","0","0","0","0","0","0","0","0","0","3","3","0","0","0","0","0","0","0","0","0","0","-2"
"455770","Providence Christian College","2014","Not on tenure/no tenure system, associate professors","2","2","0","0","0","0","0","0","0","0","0","0","0","0","0","0","0","0","2","2","0","0","0","0","0","0","0","0","0","0","-2"
"455770","Providence Christian College","2014","Not on tenure/no tenure system, assistant professors","1","1","0","0","0","0","0","0","0","0","0","0","0","0","0","0","0","0","1","1","0","0","0","0","0","0","0","0","0","0","-2"
"483036","Texas A&M University-Central Texas","2014","Tenured total","11","5","6","0","0","0","0","0","0","1","0","1","1","0","1","0","0","0","9","5","4","0","0","0","0","0","0","0","0","0","-2"
"483036","Texas A&M University-Central Texas","2014","Tenured, professors","3","1","2","0","0","0","0","0","0","0","0","0","0","0","0","0","0","0","3","1","2","0","0","0","0","0","0","0","0","0","-2"
"483036","Texas A&M University-Central Texas","2014","Tenured, associate professors","5","3","2","0","0","0","0","0","0","0","0","0","0","0","0","0","0","0","5","3","2","0","0","0","0","0","0","0","0","0","-2"
"483036","Texas A&M University-Central Texas","2014","Tenured, assistant professors","2","1","1","0","0","0","0","0","0","0","0","0","1","0","1","0","0","0","1","1","0","0","0","0","0","0","0","0","0","0","-2"
"483036","Texas A&M University-Central Texas","2014","Tenured, lecturers","1","0","1","0","0","0","0","0","0","1","0","1","0","0","0","0","0","0","0","0","0","0","0","0","0","0","0","0","0","0","-2"
"483036","Texas A&M University-Central Texas","2014","On-Tenure track total","24","15","9","0","0","0","1","0","1","0","0","0","0","0","0","0","0","0","22","15","7","0","0","0","0","0","0","1","0","1","-2"
"483036","Texas A&M University-Central Texas","2014","On-tenure track, associate professors","9","6","3","0","0","0","1","0","1","0","0","0","0","0","0","0","0","0","8","6","2","0","0","0","0","0","0","0","0","0","-2"
"483036","Texas A&M University-Central Texas","2014","On-tenure track, assistant professors","11","5","6","0","0","0","0","0","0","0","0","0","0","0","0","0","0","0","10","5","5","0","0","0","0","0","0","1","0","1","-2"
"483036","Texas A&M University-Central Texas","2014","On-tenure track, instructors","1","1","0","0","0","0","0","0","0","0","0","0","0","0","0","0","0","0","1","1","0","0","0","0","0","0","0","0","0","0","-2"
"483036","Texas A&M University-Central Texas","2014","On-tenure track, lecturers","3","3","0","0","0","0","0","0","0","0","0","0","0","0","0","0","0","0","3","3","0","0","0","0","0","0","0","0","0","0","-2"
"483036","Texas A&M University-Central Texas","2014","Not on tenure track/No tenure system system total","38","19","19","1","0","1","3","1","2","3","2","1","5","1","4","1","1","0","23","13","10","0","0","0","0","0","0","2","1","1","-2"
"483036","Texas A&M University-Central Texas","2014","Not on tenure/no tenure system, associate professors","2","1","1","0","0","0","0","0","0","0","0","0","0","0","0","0","0","0","2","1","1","0","0","0","0","0","0","0","0","0","-2"
"483036","Texas A&M University-Central Texas","2014","Not on tenure/no tenure system, assistant professors","27","14","13","1","0","1","3","1","2","2","1","1","4","1","3","1","1","0","14","9","5","0","0","0","0","0","0","2","1","1","-2"
"483036","Texas A&M University-Central Texas","2014","Not on tenure/no tenure system, instructors","3","1","2","0","0","0","0","0","0","0","0","0","1","0","1","0","0","0","2","1","1","0","0","0","0","0","0","0","0","0","-2"
"483036","Texas A&M University-Central Texas","2014","Not on tenure/no tenure system, lecturers","6","3","3","0","0","0","0","0","0","1","1","0","0","0","0","0","0","0","5","2","3","0","0","0","0","0","0","0","0","0","-2"
"484905","University of North Texas at Dallas","2014","Tenured total","9","6","3","0","0","0","3","2","1","0","0","0","1","1","0","0","0","0","5","3","2","0","0","0","0","0","0","0","0","0","-2"
"484905","University of North Texas at Dallas","2014","Tenured, professors","7","5","2","0","0","0","2","2","0","0","0","0","1","1","0","0","0","0","4","2","2","0","0","0","0","0","0","0","0","0","-2"
"484905","University of North Texas at Dallas","2014","Tenured, associate professors","2","1","1","0","0","0","1","0","1","0","0","0","0","0","0","0","0","0","1","1","0","0","0","0","0","0","0","0","0","0","-2"
"484905","University of North Texas at Dallas","2014","On-Tenure track total","33","18","15","0","0","0","6","4","2","3","2","1","5","2","3","0","0","0","15","8","7","0","0","0","1","1","0","3","1","2","-2"
"484905","University of North Texas at Dallas","2014","On-tenure track, associate professors","2","2","0","0","0","0","0","0","0","0","0","0","1","1","0","0","0","0","1","1","0","0","0","0","0","0","0","0","0","0","-2"
"484905","University of North Texas at Dallas","2014","On-tenure track, assistant professors","31","16","15","0","0","0","6","4","2","3","2","1","4","1","3","0","0","0","14","7","7","0","0","0","1","1","0","3","1","2","-2"
"484905","University of North Texas at Dallas","2014","Not on tenure track/No tenure system system total","21","10","11","2","1","1","1","1","0","4","1","3","1","0","1","0","0","0","11","7","4","0","0","0","2","0","2","0","0","0","-2"
"484905","University of North Texas at Dallas","2014","Not on tenure/no tenure system, instructors","4","2","2","2","1","1","0","0","0","1","1","0","0","0","0","0","0","0","0","0","0","0","0","0","1","0","1","0","0","0","-2"
"484905","University of North Texas at Dallas","2014","Not on tenure/no tenure system, lecturers","17","8","9","0","0","0","1","1","0","3","0","3","1","0","1","0","0","0","11","7","4","0","0","0","1","0","1","0","0","0","-2"
