"unitid","institution name","year","S2013_IS.Instructional staff category","S2013_IS_RV.Grand total","S2013_IS_RV.Grand total men","S2013_IS_RV.Grand total women","S2013_IS_RV.American Indian or Alaska Native total","S2013_IS_RV.American Indian or Alaska Native men","S2013_IS_RV.American Indian or Alaska Native women","S2013_IS_RV.Asian total","S2013_IS_RV.Asian men","S2013_IS_RV.Asian women","S2013_IS_RV.Black or African American total","S2013_IS_RV.Black or African American men","S2013_IS_RV.Black or African American women","S2013_IS_RV.Hispanic or Latino total","S2013_IS_RV.Hispanic or Latino men","S2013_IS_RV.Hispanic or Latino women","S2013_IS_RV.Native Hawaiian or Other Pacific Islander total","S2013_IS_RV.Native Hawaiian or Other Pacific Islander men","S2013_IS_RV.Native Hawaiian or Other Pacific Islander women","S2013_IS_RV.White total","S2013_IS_RV.White men","S2013_IS_RV.White women","S2013_IS_RV.Two or more races total","S2013_IS_RV.Two or more races men","S2013_IS_RV.Two or more races women","S2013_IS_RV.Race/ethnicity unknown total","S2013_IS_RV.Race/ethnicity unknown men","S2013_IS_RV.Race/ethnicity unknown women","S2013_IS_RV.Nonresident alien total","S2013_IS_RV.Nonresident alien men","S2013_IS_RV.Nonresident alien women","IDX_HR"
"104188","Southwest University of Visual Arts-Tucson","2013","Not on tenure track/No tenure system system total","13","10","3","0","0","0","0","0","0","0","0","0","1","1","0","0","0","0","12","9","3","0","0","0","0","0","0","0","0","0","-2"
"104188","Southwest University of Visual Arts-Tucson","2013","Not on tenure/no tenure system, instructors","13","10","3","0","0","0","0","0","0","0","0","0","1","1","0","0","0","0","12","9","3","0","0","0","0","0","0","0","0","0","-2"
"105367","Ottawa University-Phoenix","2013","Tenured total","4","1","3","0","0","0","1","0","1","0","0","0","0","0","0","0","0","0","3","1","2","0","0","0","0","0","0","0","0","0","-2"
"105367","Ottawa University-Phoenix","2013","Tenured, professors","1","0","1","0","0","0","0","0","0","0","0","0","0","0","0","0","0","0","1","0","1","0","0","0","0","0","0","0","0","0","-2"
"105367","Ottawa University-Phoenix","2013","Tenured, associate professors","3","1","2","0","0","0","1","0","1","0","0","0","0","0","0","0","0","0","2","1","1","0","0","0","0","0","0","0","0","0","-2"
"105367","Ottawa University-Phoenix","2013","Not on tenure track/No tenure system system total","4","0","4","0","0","0","0","0","0","0","0","0","2","0","2","0","0","0","2","0","2","0","0","0","0","0","0","0","0","0","-2"
"105367","Ottawa University-Phoenix","2013","Not on tenure/no tenure system, associate professors","1","0","1","0","0","0","0","0","0","0","0","0","1","0","1","0","0","0","0","0","0","0","0","0","0","0","0","0","0","0","-2"
"105367","Ottawa University-Phoenix","2013","Not on tenure/no tenure system, assistant professors","2","0","2","0","0","0","0","0","0","0","0","0","1","0","1","0","0","0","1","0","1","0","0","0","0","0","0","0","0","0","-2"
"105367","Ottawa University-Phoenix","2013","Not on tenure/no tenure system, instructors","1","0","1","0","0","0","0","0","0","0","0","0","0","0","0","0","0","0","1","0","1","0","0","0","0","0","0","0","0","0","-2"
"109350","Antelope Valley College","2013","Tenured total","161","82","79","1","1","0","8","6","2","12","5","7","13","8","5","0","0","0","122","59","63","0","0","0","5","3","2","0","0","0","-2"
"109350","Antelope Valley College","2013","Tenured, professors","69","29","40","1","1","0","2","1","1","6","2","4","4","2","2","0","0","0","55","22","33","0","0","0","1","1","0","0","0","0","-2"
"109350","Antelope Valley College","2013","Tenured, associate professors","26","14","12","0","0","0","2","1","1","0","0","0","4","3","1","0","0","0","19","9","10","0","0","0","1","1","0","0","0","0","-2"
"109350","Antelope Valley College","2013","Tenured, assistant professors","7","2","5","0","0","0","1","1","0","0","0","0","0","0","0","0","0","0","6","1","5","0","0","0","0","0","0","0","0","0","-2"
"109350","Antelope Valley College","2013","Tenured, instructors","59","37","22","0","0","0","3","3","0","6","3","3","5","3","2","0","0","0","42","27","15","0","0","0","3","1","2","0","0","0","-2"
"109350","Antelope Valley College","2013","On-Tenure track total","8","4","4","0","0","0","0","0","0","0","0","0","1","0","1","0","0","0","7","4","3","0","0","0","0","0","0","0","0","0","-2"
"109350","Antelope Valley College","2013","On-tenure track, instructors","8","4","4","0","0","0","0","0","0","0","0","0","1","0","1","0","0","0","7","4","3","0","0","0","0","0","0","0","0","0","-2"
"109350","Antelope Valley College","2013","Not on tenure track/No tenure system system total","14","8","6","0","0","0","2","0","2","2","2","0","1","0","1","2","1","1","5","3","2","0","0","0","2","2","0","0","0","0","-2"
"109350","Antelope Valley College","2013","Not on tenure/no tenure system, instructors","14","8","6","0","0","0","2","0","2","2","2","0","1","0","1","2","1","1","5","3","2","0","0","0","2","2","0","0","0","0","-2"
"109785","Azusa Pacific University","2013","Not on tenure track/No tenure system system total","433","204","229","3","1","2","60","26","34","26","10","16","26","9","17","2","1","1","292","143","149","1","0","1","18","12","6","5","2","3","-2"
"109785","Azusa Pacific University","2013","Not on tenure/no tenure system, professors","146","87","59","0","0","0","19","10","9","10","7","3","6","3","3","0","0","0","103","62","41","1","0","1","6","4","2","1","1","0","-2"
"109785","Azusa Pacific University","2013","Not on tenure/no tenure system, associate professors","117","64","53","1","0","1","16","12","4","12","3","9","7","4","3","1","0","1","74","41","33","0","0","0","6","4","2","0","0","0","-2"
"109785","Azusa Pacific University","2013","Not on tenure/no tenure system, assistant professors","158","52","106","2","1","1","25","4","21","4","0","4","12","2","10","1","1","0","104","39","65","0","0","0","6","4","2","4","1","3","-2"
"109785","Azusa Pacific University","2013","Not on tenure/no tenure system, instructors","12","1","11","0","0","0","0","0","0","0","0","0","1","0","1","0","0","0","11","1","10","0","0","0","0","0","0","0","0","0","-2"
"109819","Bakersfield College","2013","Tenured total","200","103","97","2","1","1","6","2","4","9","4","5","20","8","12","1","1","0","152","83","69","0","0","0","10","4","6","0","0","0","-2"
"109819","Bakersfield College","2013","Tenured, instructors","200","103","97","2","1","1","6","2","4","9","4","5","20","8","12","1","1","0","152","83","69","0","0","0","10","4","6","0","0","0","-2"
"109819","Bakersfield College","2013","On-Tenure track total","49","25","24","0","0","0","5","4","1","1","1","0","5","2","3","0","0","0","35","17","18","0","0","0","3","1","2","0","0","0","-2"
"109819","Bakersfield College","2013","On-tenure track, instructors","49","25","24","0","0","0","5","4","1","1","1","0","5","2","3","0","0","0","35","17","18","0","0","0","3","1","2","0","0","0","-2"
"110361","California Baptist University","2013","Tenured total","68","46","22","0","0","0","6","5","1","1","0","1","3","2","1","0","0","0","52","37","15","3","1","2","3","1","2","0","0","0","-2"
"110361","California Baptist University","2013","Tenured, professors","49","37","12","0","0","0","4","3","1","0","0","0","1","1","0","0","0","0","40","31","9","2","1","1","2","1","1","0","0","0","-2"
"110361","California Baptist University","2013","Tenured, associate professors","19","9","10","0","0","0","2","2","0","1","0","1","2","1","1","0","0","0","12","6","6","1","0","1","1","0","1","0","0","0","-2"
"110361","California Baptist University","2013","On-Tenure track total","162","85","77","0","0","0","17","11","6","4","3","1","12","5","7","1","0","1","116","60","56","2","1","1","10","5","5","0","0","0","-2"
"110361","California Baptist University","2013","On-tenure track, professors","12","9","3","0","0","0","1","1","0","1","0","1","0","0","0","0","0","0","9","7","2","0","0","0","1","1","0","0","0","0","-2"
"110361","California Baptist University","2013","On-tenure track, associate professors","46","27","19","0","0","0","7","6","1","1","1","0","5","1","4","0","0","0","30","19","11","1","0","1","2","0","2","0","0","0","-2"
"110361","California Baptist University","2013","On-tenure track, assistant professors","104","49","55","0","0","0","9","4","5","2","2","0","7","4","3","1","0","1","77","34","43","1","1","0","7","4","3","0","0","0","-2"
"110361","California Baptist University","2013","Not on tenure track/No tenure system system total","24","6","18","0","0","0","1","0","1","2","0","2","2","0","2","0","0","0","18","5","13","0","0","0","1","1","0","0","0","0","-2"
"110361","California Baptist University","2013","Not on tenure/no tenure system, lecturers","24","6","18","0","0","0","1","0","1","2","0","2","2","0","2","0","0","0","18","5","13","0","0","0","1","1","0","0","0","0","-2"
"110413","California Lutheran University","2013","Tenured total","76","43","33","0","0","0","8","2","6","4","2","2","3","2","1","0","0","0","59","36","23","0","0","0","0","0","0","2","1","1","-2"
"110413","California Lutheran University","2013","Tenured, professors","44","28","16","0","0","0","4","2","2","2","2","0","0","0","0","0","0","0","37","23","14","0","0","0","0","0","0","1","1","0","-2"
"110413","California Lutheran University","2013","Tenured, associate professors","29","13","16","0","0","0","4","0","4","2","0","2","2","1","1","0","0","0","20","12","8","0","0","0","0","0","0","1","0","1","-2"
"110413","California Lutheran University","2013","Tenured, assistant professors","3","2","1","0","0","0","0","0","0","0","0","0","1","1","0","0","0","0","2","1","1","0","0","0","0","0","0","0","0","0","-2"
"110413","California Lutheran University","2013","On-Tenure track total","49","27","22","0","0","0","2","2","0","1","0","1","9","4","5","0","0","0","33","19","14","2","1","1","0","0","0","2","1","1","-2"
"110413","California Lutheran University","2013","On-tenure track, professors","2","2","0","0","0","0","0","0","0","0","0","0","1","1","0","0","0","0","1","1","0","0","0","0","0","0","0","0","0","0","-2"
"110413","California Lutheran University","2013","On-tenure track, associate professors","4","2","2","0","0","0","0","0","0","1","0","1","1","1","0","0","0","0","2","1","1","0","0","0","0","0","0","0","0","0","-2"
"110413","California Lutheran University","2013","On-tenure track, assistant professors","40","21","19","0","0","0","2","2","0","0","0","0","6","2","4","0","0","0","28","15","13","2","1","1","0","0","0","2","1","1","-2"
"110413","California Lutheran University","2013","On-tenure track, instructors","3","2","1","0","0","0","0","0","0","0","0","0","1","0","1","0","0","0","2","2","0","0","0","0","0","0","0","0","0","0","-2"
"110413","California Lutheran University","2013","Not on tenure track/No tenure system system total","42","21","21","0","0","0","3","1","2","0","0","0","1","0","1","0","0","0","37","19","18","0","0","0","0","0","0","1","1","0","-2"
"110413","California Lutheran University","2013","Not on tenure/no tenure system, professors","8","6","2","0","0","0","1","1","0","0","0","0","0","0","0","0","0","0","6","4","2","0","0","0","0","0","0","1","1","0","-2"
"110413","California Lutheran University","2013","Not on tenure/no tenure system, associate professors","1","0","1","0","0","0","0","0","0","0","0","0","0","0","0","0","0","0","1","0","1","0","0","0","0","0","0","0","0","0","-2"
"110413","California Lutheran University","2013","Not on tenure/no tenure system, assistant professors","7","2","5","0","0","0","1","0","1","0","0","0","1","0","1","0","0","0","5","2","3","0","0","0","0","0","0","0","0","0","-2"
"110413","California Lutheran University","2013","Not on tenure/no tenure system, instructors","4","4","0","0","0","0","0","0","0","0","0","0","0","0","0","0","0","0","4","4","0","0","0","0","0","0","0","0","0","0","-2"
"110413","California Lutheran University","2013","Not on tenure/no tenure system, lecturers","22","9","13","0","0","0","1","0","1","0","0","0","0","0","0","0","0","0","21","9","12","0","0","0","0","0","0","0","0","0","-2"
"110486","California State University-Bakersfield","2013","Tenured total","139","81","58","0","0","0","19","15","4","8","4","4","15","10","5","1","1","0","89","45","44","2","1","1","2","2","0","3","3","0","-2"
"110486","California State University-Bakersfield","2013","Tenured, professors","75","52","23","0","0","0","11","10","1","5","3","2","7","6","1","1","1","0","48","29","19","1","1","0","1","1","0","1","1","0","-2"
"110486","California State University-Bakersfield","2013","Tenured, associate professors","62","28","34","0","0","0","7","4","3","3","1","2","8","4","4","0","0","0","40","16","24","1","0","1","1","1","0","2","2","0","-2"
"110486","California State University-Bakersfield","2013","Tenured, assistant professors","2","1","1","0","0","0","1","1","0","0","0","0","0","0","0","0","0","0","1","0","1","0","0","0","0","0","0","0","0","0","-2"
"110486","California State University-Bakersfield","2013","On-Tenure track total","30","17","13","0","0","0","2","1","1","1","0","1","6","3","3","0","0","0","15","8","7","0","0","0","2","2","0","4","3","1","-2"
"110486","California State University-Bakersfield","2013","On-tenure track, associate professors","1","0","1","0","0","0","0","0","0","0","0","0","0","0","0","0","0","0","1","0","1","0","0","0","0","0","0","0","0","0","-2"
"110486","California State University-Bakersfield","2013","On-tenure track, assistant professors","29","17","12","0","0","0","2","1","1","1","0","1","6","3","3","0","0","0","14","8","6","0","0","0","2","2","0","4","3","1","-2"
"110486","California State University-Bakersfield","2013","Not on tenure track/No tenure system system total","83","25","58","0","0","0","7","3","4","1","0","1","10","5","5","1","0","1","59","15","44","1","1","0","3","0","3","1","1","0","-2"
"110486","California State University-Bakersfield","2013","Not on tenure/no tenure system, lecturers","83","25","58","0","0","0","7","3","4","1","0","1","10","5","5","1","0","1","59","15","44","1","1","0","3","0","3","1","1","0","-2"
"110495","California State University-Stanislaus","2013","Tenured total","178","97","81","1","0","1","24","7","17","3","3","0","16","9","7","0","0","0","125","73","52","0","0","0","8","5","3","1","0","1","-2"
"110495","California State University-Stanislaus","2013","Tenured, professors","122","71","51","1","0","1","16","5","11","1","1","0","9","5","4","0","0","0","89","56","33","0","0","0","6","4","2","0","0","0","-2"
"110495","California State University-Stanislaus","2013","Tenured, associate professors","56","26","30","0","0","0","8","2","6","2","2","0","7","4","3","0","0","0","36","17","19","0","0","0","2","1","1","1","0","1","-2"
"110495","California State University-Stanislaus","2013","On-Tenure track total","45","28","17","0","0","0","5","5","0","3","1","2","4","3","1","0","0","0","24","14","10","0","0","0","3","1","2","6","4","2","-2"
"110495","California State University-Stanislaus","2013","On-tenure track, professors","1","1","0","0","0","0","0","0","0","0","0","0","0","0","0","0","0","0","1","1","0","0","0","0","0","0","0","0","0","0","-2"
"110495","California State University-Stanislaus","2013","On-tenure track, associate professors","1","1","0","0","0","0","0","0","0","0","0","0","0","0","0","0","0","0","0","0","0","0","0","0","0","0","0","1","1","0","-2"
"110495","California State University-Stanislaus","2013","On-tenure track, assistant professors","43","26","17","0","0","0","5","5","0","3","1","2","4","3","1","0","0","0","23","13","10","0","0","0","3","1","2","5","3","2","-2"
"110495","California State University-Stanislaus","2013","Not on tenure track/No tenure system system total","54","28","26","1","1","0","5","2","3","1","0","1","4","2","2","0","0","0","38","20","18","1","0","1","4","3","1","0","0","0","-2"
"110495","California State University-Stanislaus","2013","Not on tenure/no tenure system, lecturers","54","28","26","1","1","0","5","2","3","1","0","1","4","2","2","0","0","0","38","20","18","1","0","1","4","3","1","0","0","0","-2"
"110510","California State University-San Bernardino","2013","Tenured total","299","175","124","1","1","0","48","28","20","13","4","9","28","16","12","0","0","0","198","120","78","1","1","0","10","5","5","0","0","0","-2"
"110510","California State University-San Bernardino","2013","Tenured, professors","218","142","76","1","1","0","37","25","12","9","3","6","19","12","7","0","0","0","144","97","47","1","1","0","7","3","4","0","0","0","-2"
"110510","California State University-San Bernardino","2013","Tenured, associate professors","75","30","45","0","0","0","10","2","8","4","1","3","9","4","5","0","0","0","49","21","28","0","0","0","3","2","1","0","0","0","-2"
"110510","California State University-San Bernardino","2013","Tenured, assistant professors","6","3","3","0","0","0","1","1","0","0","0","0","0","0","0","0","0","0","5","2","3","0","0","0","0","0","0","0","0","0","-2"
"110510","California State University-San Bernardino","2013","On-Tenure track total","63","31","32","1","0","1","13","5","8","4","2","2","4","2","2","1","1","0","31","17","14","0","0","0","3","1","2","6","3","3","-2"
"110510","California State University-San Bernardino","2013","On-tenure track, professors","1","1","0","0","0","0","1","1","0","0","0","0","0","0","0","0","0","0","0","0","0","0","0","0","0","0","0","0","0","0","-2"
"110510","California State University-San Bernardino","2013","On-tenure track, associate professors","3","0","3","0","0","0","0","0","0","1","0","1","0","0","0","0","0","0","2","0","2","0","0","0","0","0","0","0","0","0","-2"
"110510","California State University-San Bernardino","2013","On-tenure track, assistant professors","59","30","29","1","0","1","12","4","8","3","2","1","4","2","2","1","1","0","29","17","12","0","0","0","3","1","2","6","3","3","-2"
"110510","California State University-San Bernardino","2013","Not on tenure track/No tenure system system total","74","27","47","0","0","0","3","1","2","4","2","2","10","4","6","0","0","0","54","18","36","0","0","0","3","2","1","0","0","0","-2"
"110510","California State University-San Bernardino","2013","Not on tenure/no tenure system, lecturers","74","27","47","0","0","0","3","1","2","4","2","2","10","4","6","0","0","0","54","18","36","0","0","0","3","2","1","0","0","0","-2"
"110529","California State Polytechnic University-Pomona","2013","Tenured total","341","204","137","1","0","1","83","53","30","8","3","5","32","21","11","1","1","0","199","117","82","0","0","0","13","8","5","4","1","3","-2"
"110529","California State Polytechnic University-Pomona","2013","Tenured, professors","249","159","90","0","0","0","61","44","17","4","1","3","25","15","10","1","1","0","150","92","58","0","0","0","8","6","2","0","0","0","-2"
"110529","California State Polytechnic University-Pomona","2013","Tenured, associate professors","91","45","46","1","0","1","22","9","13","4","2","2","7","6","1","0","0","0","49","25","24","0","0","0","5","2","3","3","1","2","-2"
"110529","California State Polytechnic University-Pomona","2013","Tenured, assistant professors","1","0","1","0","0","0","0","0","0","0","0","0","0","0","0","0","0","0","0","0","0","0","0","0","0","0","0","1","0","1","-2"
"110529","California State Polytechnic University-Pomona","2013","On-Tenure track total","101","58","43","0","0","0","24","14","10","2","1","1","5","3","2","0","0","0","40","25","15","1","0","1","6","4","2","23","11","12","-2"
"110529","California State Polytechnic University-Pomona","2013","On-tenure track, associate professors","6","4","2","0","0","0","2","2","0","0","0","0","0","0","0","0","0","0","4","2","2","0","0","0","0","0","0","0","0","0","-2"
"110529","California State Polytechnic University-Pomona","2013","On-tenure track, assistant professors","95","54","41","0","0","0","22","12","10","2","1","1","5","3","2","0","0","0","36","23","13","1","0","1","6","4","2","23","11","12","-2"
"110529","California State Polytechnic University-Pomona","2013","Not on tenure track/No tenure system system total","75","47","28","1","1","0","8","6","2","2","0","2","7","3","4","1","1","0","51","31","20","1","1","0","4","4","0","0","0","0","-2"
"110529","California State Polytechnic University-Pomona","2013","Not on tenure/no tenure system, lecturers","75","47","28","1","1","0","8","6","2","2","0","2","7","3","4","1","1","0","51","31","20","1","1","0","4","4","0","0","0","0","-2"
"110547","California State University-Dominguez Hills","2013","Tenured total","159","77","82","1","0","1","22","14","8","14","5","9","12","7","5","0","0","0","101","50","51","1","0","1","7","1","6","1","0","1","-2"
"110547","California State University-Dominguez Hills","2013","Tenured, professors","87","49","38","0","0","0","10","7","3","5","1","4","8","5","3","0","0","0","59","35","24","0","0","0","5","1","4","0","0","0","-2"
"110547","California State University-Dominguez Hills","2013","Tenured, associate professors","67","27","40","1","0","1","12","7","5","9","4","5","4","2","2","0","0","0","39","14","25","0","0","0","1","0","1","1","0","1","-2"
"110547","California State University-Dominguez Hills","2013","Tenured, assistant professors","5","1","4","0","0","0","0","0","0","0","0","0","0","0","0","0","0","0","3","1","2","1","0","1","1","0","1","0","0","0","-2"
"110547","California State University-Dominguez Hills","2013","On-Tenure track total","43","18","25","1","1","0","10","2","8","3","1","2","8","5","3","0","0","0","17","7","10","1","1","0","2","1","1","1","0","1","-2"
"110547","California State University-Dominguez Hills","2013","On-tenure track, professors","1","0","1","0","0","0","1","0","1","0","0","0","0","0","0","0","0","0","0","0","0","0","0","0","0","0","0","0","0","0","-2"
"110547","California State University-Dominguez Hills","2013","On-tenure track, associate professors","6","3","3","0","0","0","0","0","0","0","0","0","1","1","0","0","0","0","5","2","3","0","0","0","0","0","0","0","0","0","-2"
"110547","California State University-Dominguez Hills","2013","On-tenure track, assistant professors","36","15","21","1","1","0","9","2","7","3","1","2","7","4","3","0","0","0","12","5","7","1","1","0","2","1","1","1","0","1","-2"
"110547","California State University-Dominguez Hills","2013","Not on tenure track/No tenure system system total","88","38","50","1","0","1","7","2","5","8","3","5","11","5","6","0","0","0","54","25","29","1","1","0","6","2","4","0","0","0","-2"
"110547","California State University-Dominguez Hills","2013","Not on tenure/no tenure system, lecturers","88","38","50","1","0","1","7","2","5","8","3","5","11","5","6","0","0","0","54","25","29","1","1","0","6","2","4","0","0","0","-2"
"110556","California State University-Fresno","2013","Tenured total","372","241","131","0","0","0","48","38","10","14","8","6","38","25","13","0","0","0","263","164","99","3","3","0","5","2","3","1","1","0","-2"
"110556","California State University-Fresno","2013","Tenured, professors","218","149","69","0","0","0","26","23","3","10","6","4","19","15","4","0","0","0","158","103","55","1","1","0","4","1","3","0","0","0","-2"
"110556","California State University-Fresno","2013","Tenured, associate professors","150","90","60","0","0","0","22","15","7","4","2","2","18","10","8","0","0","0","102","59","43","2","2","0","1","1","0","1","1","0","-2"
"110556","California State University-Fresno","2013","Tenured, assistant professors","3","1","2","0","0","0","0","0","0","0","0","0","1","0","1","0","0","0","2","1","1","0","0","0","0","0","0","0","0","0","-2"
"110556","California State University-Fresno","2013","Tenured, no academic rank","1","1","0","0","0","0","0","0","0","0","0","0","0","0","0","0","0","0","1","1","0","0","0","0","0","0","0","0","0","0","-2"
"110556","California State University-Fresno","2013","On-Tenure track total","128","63","65","0","0","0","28","17","11","7","4","3","14","6","8","0","0","0","55","22","33","2","1","1","4","0","4","18","13","5","-2"
"110556","California State University-Fresno","2013","On-tenure track, associate professors","4","4","0","0","0","0","1","1","0","0","0","0","1","1","0","0","0","0","1","1","0","0","0","0","0","0","0","1","1","0","-2"
"110556","California State University-Fresno","2013","On-tenure track, assistant professors","122","58","64","0","0","0","27","16","11","7","4","3","12","5","7","0","0","0","53","20","33","2","1","1","4","0","4","17","12","5","-2"
"110556","California State University-Fresno","2013","On-tenure track, no academic rank","2","1","1","0","0","0","0","0","0","0","0","0","1","0","1","0","0","0","1","1","0","0","0","0","0","0","0","0","0","0","-2"
"110556","California State University-Fresno","2013","Not on tenure track/No tenure system system total","157","70","87","1","0","1","10","5","5","6","1","5","18","10","8","0","0","0","114","49","65","2","1","1","6","4","2","0","0","0","-2"
"110556","California State University-Fresno","2013","Not on tenure/no tenure system, lecturers","157","70","87","1","0","1","10","5","5","6","1","5","18","10","8","0","0","0","114","49","65","2","1","1","6","4","2","0","0","0","-2"
"110565","California State University-Fullerton","2013","Tenured total","506","278","228","0","0","0","93","51","42","16","7","9","35","20","15","2","2","0","356","196","160","0","0","0","0","0","0","4","2","2","-2"
"110565","California State University-Fullerton","2013","Tenured, professors","288","172","116","0","0","0","59","36","23","8","2","6","18","9","9","1","1","0","202","124","78","0","0","0","0","0","0","0","0","0","-2"
"110565","California State University-Fullerton","2013","Tenured, associate professors","215","105","110","0","0","0","34","15","19","7","5","2","17","11","6","1","1","0","152","71","81","0","0","0","0","0","0","4","2","2","-2"
"110565","California State University-Fullerton","2013","Tenured, assistant professors","3","1","2","0","0","0","0","0","0","1","0","1","0","0","0","0","0","0","2","1","1","0","0","0","0","0","0","0","0","0","-2"
"110565","California State University-Fullerton","2013","On-Tenure track total","201","105","96","0","0","0","39","23","16","8","2","6","20","11","9","0","0","0","107","55","52","0","0","0","0","0","0","27","14","13","-2"
"110565","California State University-Fullerton","2013","On-tenure track, professors","4","2","2","0","0","0","4","2","2","0","0","0","0","0","0","0","0","0","0","0","0","0","0","0","0","0","0","0","0","0","-2"
"110565","California State University-Fullerton","2013","On-tenure track, associate professors","20","12","8","0","0","0","6","5","1","0","0","0","1","0","1","0","0","0","11","7","4","0","0","0","0","0","0","2","0","2","-2"
"110565","California State University-Fullerton","2013","On-tenure track, assistant professors","177","91","86","0","0","0","29","16","13","8","2","6","19","11","8","0","0","0","96","48","48","0","0","0","0","0","0","25","14","11","-2"
"110565","California State University-Fullerton","2013","Not on tenure track/No tenure system system total","186","70","116","0","0","0","20","8","12","5","4","1","14","5","9","1","0","1","138","48","90","0","0","0","2","1","1","6","4","2","-2"
"110565","California State University-Fullerton","2013","Not on tenure/no tenure system, lecturers","186","70","116","0","0","0","20","8","12","5","4","1","14","5","9","1","0","1","138","48","90","0","0","0","2","1","1","6","4","2","-2"
"110574","California State University-East Bay","2013","Tenured total","213","115","98","2","2","0","35","18","17","12","7","5","26","12","14","2","1","1","120","63","57","0","0","0","10","7","3","6","5","1","-2"
"110574","California State University-East Bay","2013","Tenured, professors","114","66","48","0","0","0","13","7","6","7","5","2","16","8","8","1","1","0","71","41","30","0","0","0","5","3","2","1","1","0","-2"
"110574","California State University-East Bay","2013","Tenured, associate professors","94","45","49","2","2","0","22","11","11","5","2","3","8","3","5","1","0","1","46","19","27","0","0","0","5","4","1","5","4","1","-2"
"110574","California State University-East Bay","2013","Tenured, assistant professors","5","4","1","0","0","0","0","0","0","0","0","0","2","1","1","0","0","0","3","3","0","0","0","0","0","0","0","0","0","0","-2"
"110574","California State University-East Bay","2013","On-Tenure track total","62","26","36","0","0","0","12","5","7","5","1","4","3","2","1","0","0","0","29","12","17","0","0","0","5","3","2","8","3","5","-2"
"110574","California State University-East Bay","2013","On-tenure track, associate professors","4","2","2","0","0","0","0","0","0","0","0","0","0","0","0","0","0","0","3","1","2","0","0","0","1","1","0","0","0","0","-2"
"110574","California State University-East Bay","2013","On-tenure track, assistant professors","58","24","34","0","0","0","12","5","7","5","1","4","3","2","1","0","0","0","26","11","15","0","0","0","4","2","2","8","3","5","-2"
"110574","California State University-East Bay","2013","Not on tenure track/No tenure system system total","36","16","20","1","1","0","4","1","3","3","0","3","2","2","0","1","0","1","23","12","11","0","0","0","2","0","2","0","0","0","-2"
"110574","California State University-East Bay","2013","Not on tenure/no tenure system, lecturers","36","16","20","1","1","0","4","1","3","3","0","3","2","2","0","1","0","1","23","12","11","0","0","0","2","0","2","0","0","0","-2"
"110583","California State University-Long Beach","2013","Tenured total","599","347","252","2","2","0","112","57","55","19","15","4","50","29","21","0","0","0","395","229","166","4","3","1","16","12","4","1","0","1","-2"
"110583","California State University-Long Beach","2013","Tenured, professors","390","244","146","1","1","0","75","42","33","10","9","1","27","21","6","0","0","0","267","163","104","0","0","0","10","8","2","0","0","0","-2"
"110583","California State University-Long Beach","2013","Tenured, associate professors","201","97","104","1","1","0","36","14","22","7","4","3","22","7","15","0","0","0","124","64","60","4","3","1","6","4","2","1","0","1","-2"
"110583","California State University-Long Beach","2013","Tenured, assistant professors","6","4","2","0","0","0","1","1","0","2","2","0","1","1","0","0","0","0","2","0","2","0","0","0","0","0","0","0","0","0","-2"
"110583","California State University-Long Beach","2013","Tenured, no academic rank","2","2","0","0","0","0","0","0","0","0","0","0","0","0","0","0","0","0","2","2","0","0","0","0","0","0","0","0","0","0","-2"
"110583","California State University-Long Beach","2013","On-Tenure track total","144","62","82","2","0","2","32","10","22","4","1","3","13","5","8","0","0","0","66","31","35","1","0","1","11","6","5","15","9","6","-2"
"110583","California State University-Long Beach","2013","On-tenure track, associate professors","3","1","2","0","0","0","1","0","1","0","0","0","0","0","0","0","0","0","1","1","0","0","0","0","0","0","0","1","0","1","-2"
"110583","California State University-Long Beach","2013","On-tenure track, assistant professors","141","61","80","2","0","2","31","10","21","4","1","3","13","5","8","0","0","0","65","30","35","1","0","1","11","6","5","14","9","5","-2"
"110583","California State University-Long Beach","2013","Not on tenure track/No tenure system system total","211","96","115","0","0","0","24","10","14","7","1","6","16","6","10","0","0","0","156","75","81","2","1","1","4","2","2","2","1","1","-2"
"110583","California State University-Long Beach","2013","Not on tenure/no tenure system, lecturers","211","96","115","0","0","0","24","10","14","7","1","6","16","6","10","0","0","0","156","75","81","2","1","1","4","2","2","2","1","1","-2"
"110592","California State University-Los Angeles","2013","Tenured total","391","217","174","2","0","2","97","54","43","18","10","8","53","33","20","1","1","0","209","112","97","1","0","1","7","6","1","3","1","2","-2"
"110592","California State University-Los Angeles","2013","Tenured, professors","274","155","119","2","0","2","68","37","31","13","6","7","36","23","13","0","0","0","150","85","65","1","0","1","4","4","0","0","0","0","-2"
"110592","California State University-Los Angeles","2013","Tenured, associate professors","116","61","55","0","0","0","29","17","12","5","4","1","16","9","7","1","1","0","59","27","32","0","0","0","3","2","1","3","1","2","-2"
"110592","California State University-Los Angeles","2013","Tenured, no academic rank","1","1","0","0","0","0","0","0","0","0","0","0","1","1","0","0","0","0","0","0","0","0","0","0","0","0","0","0","0","0","-2"
"110592","California State University-Los Angeles","2013","On-Tenure track total","77","28","49","1","0","1","13","4","9","2","0","2","12","6","6","0","0","0","32","11","21","1","0","1","8","2","6","8","5","3","-2"
"110592","California State University-Los Angeles","2013","On-tenure track, assistant professors","77","28","49","1","0","1","13","4","9","2","0","2","12","6","6","0","0","0","32","11","21","1","0","1","8","2","6","8","5","3","-2"
"110592","California State University-Los Angeles","2013","Not on tenure track/No tenure system system total","95","38","57","0","0","0","13","5","8","6","1","5","25","11","14","0","0","0","40","18","22","2","1","1","8","2","6","1","0","1","-2"
"110592","California State University-Los Angeles","2013","Not on tenure/no tenure system, lecturers","95","38","57","0","0","0","13","5","8","6","1","5","25","11","14","0","0","0","40","18","22","2","1","1","8","2","6","1","0","1","-2"
"110608","California State University-Northridge","2013","Tenured total","540","297","243","3","1","2","75","45","30","25","12","13","68","32","36","0","0","0","357","200","157","5","3","2","4","3","1","3","1","2","-2"
"110608","California State University-Northridge","2013","Tenured, professors","372","207","165","3","1","2","46","28","18","14","8","6","48","22","26","0","0","0","256","145","111","5","3","2","0","0","0","0","0","0","-2"
"110608","California State University-Northridge","2013","Tenured, associate professors","161","86","75","0","0","0","28","16","12","11","4","7","18","9","9","0","0","0","97","53","44","0","0","0","4","3","1","3","1","2","-2"
"110608","California State University-Northridge","2013","Tenured, assistant professors","1","1","0","0","0","0","0","0","0","0","0","0","1","1","0","0","0","0","0","0","0","0","0","0","0","0","0","0","0","0","-2"
"110608","California State University-Northridge","2013","Tenured, no academic rank","6","3","3","0","0","0","1","1","0","0","0","0","1","0","1","0","0","0","4","2","2","0","0","0","0","0","0","0","0","0","-2"
"110608","California State University-Northridge","2013","On-Tenure track total","205","94","111","3","2","1","37","16","21","14","6","8","11","7","4","0","0","0","113","50","63","2","0","2","9","4","5","16","9","7","-2"
"110608","California State University-Northridge","2013","On-tenure track, professors","1","1","0","0","0","0","0","0","0","0","0","0","0","0","0","0","0","0","1","1","0","0","0","0","0","0","0","0","0","0","-2"
"110608","California State University-Northridge","2013","On-tenure track, associate professors","19","6","13","0","0","0","5","3","2","1","0","1","1","0","1","0","0","0","10","3","7","0","0","0","0","0","0","2","0","2","-2"
"110608","California State University-Northridge","2013","On-tenure track, assistant professors","185","87","98","3","2","1","32","13","19","13","6","7","10","7","3","0","0","0","102","46","56","2","0","2","9","4","5","14","9","5","-2"
"110608","California State University-Northridge","2013","Not on tenure track/No tenure system system total","151","64","87","0","0","0","14","5","9","7","3","4","27","13","14","0","0","0","97","40","57","2","0","2","3","2","1","1","1","0","-2"
"110608","California State University-Northridge","2013","Not on tenure/no tenure system, lecturers","151","64","87","0","0","0","14","5","9","7","3","4","27","13","14","0","0","0","97","40","57","2","0","2","3","2","1","1","1","0","-2"
"110617","California State University-Sacramento","2013","Tenured total","484","279","205","5","3","2","69","44","25","24","9","15","41","25","16","1","1","0","325","187","138","2","1","1","8","5","3","9","4","5","-2"
"110617","California State University-Sacramento","2013","Tenured, professors","323","182","141","3","2","1","40","22","18","19","6","13","31","20","11","1","1","0","223","130","93","1","0","1","2","1","1","3","0","3","-2"
"110617","California State University-Sacramento","2013","Tenured, associate professors","154","92","62","2","1","1","28","21","7","5","3","2","10","5","5","0","0","0","97","54","43","1","1","0","5","3","2","6","4","2","-2"
"110617","California State University-Sacramento","2013","Tenured, assistant professors","5","3","2","0","0","0","1","1","0","0","0","0","0","0","0","0","0","0","3","1","2","0","0","0","1","1","0","0","0","0","-2"
"110617","California State University-Sacramento","2013","Tenured, no academic rank","2","2","0","0","0","0","0","0","0","0","0","0","0","0","0","0","0","0","2","2","0","0","0","0","0","0","0","0","0","0","-2"
"110617","California State University-Sacramento","2013","On-Tenure track total","85","41","44","1","1","0","16","7","9","1","1","0","4","0","4","0","0","0","49","23","26","1","1","0","7","4","3","6","4","2","-2"
"110617","California State University-Sacramento","2013","On-tenure track, associate professors","3","2","1","0","0","0","0","0","0","0","0","0","0","0","0","0","0","0","3","2","1","0","0","0","0","0","0","0","0","0","-2"
"110617","California State University-Sacramento","2013","On-tenure track, assistant professors","81","39","42","1","1","0","16","7","9","1","1","0","4","0","4","0","0","0","45","21","24","1","1","0","7","4","3","6","4","2","-2"
"110617","California State University-Sacramento","2013","On-tenure track, no academic rank","1","0","1","0","0","0","0","0","0","0","0","0","0","0","0","0","0","0","1","0","1","0","0","0","0","0","0","0","0","0","-2"
"110617","California State University-Sacramento","2013","Not on tenure track/No tenure system system total","98","36","62","0","0","0","6","3","3","2","2","0","4","1","3","0","0","0","80","28","52","2","0","2","4","2","2","0","0","0","-2"
"110617","California State University-Sacramento","2013","Not on tenure/no tenure system, lecturers","98","36","62","0","0","0","6","3","3","2","2","0","4","1","3","0","0","0","80","28","52","2","0","2","4","2","2","0","0","0","-2"
"110671","University of California-Riverside","2013","Tenured total","466","330","136","4","2","2","88","63","25","14","9","5","27","17","10","0","0","0","327","236","91","0","0","0","5","3","2","1","0","1","-2"
"110671","University of California-Riverside","2013","Tenured, professors","308","246","62","1","1","0","57","49","8","8","5","3","16","11","5","0","0","0","223","179","44","0","0","0","2","1","1","1","0","1","-2"
"110671","University of California-Riverside","2013","Tenured, associate professors","157","84","73","3","1","2","31","14","17","6","4","2","11","6","5","0","0","0","103","57","46","0","0","0","3","2","1","0","0","0","-2"
"110671","University of California-Riverside","2013","Tenured, lecturers","1","0","1","0","0","0","0","0","0","0","0","0","0","0","0","0","0","0","1","0","1","0","0","0","0","0","0","0","0","0","-2"
"110671","University of California-Riverside","2013","On-Tenure track total","151","92","59","0","0","0","37","24","13","5","3","2","9","4","5","0","0","0","70","43","27","1","0","1","3","1","2","26","17","9","-2"
"110671","University of California-Riverside","2013","On-tenure track, assistant professors","149","91","58","0","0","0","37","24","13","5","3","2","9","4","5","0","0","0","68","42","26","1","0","1","3","1","2","26","17","9","-2"
"110671","University of California-Riverside","2013","On-tenure track, lecturers","2","1","1","0","0","0","0","0","0","0","0","0","0","0","0","0","0","0","2","1","1","0","0","0","0","0","0","0","0","0","-2"
"110671","University of California-Riverside","2013","Not on tenure track/No tenure system system total","104","59","45","1","1","0","10","5","5","6","2","4","10","4","6","0","0","0","68","40","28","1","1","0","0","0","0","8","6","2","-2"
"110671","University of California-Riverside","2013","Not on tenure/no tenure system, professors","4","4","0","0","0","0","0","0","0","0","0","0","0","0","0","0","0","0","4","4","0","0","0","0","0","0","0","0","0","0","-2"
"110671","University of California-Riverside","2013","Not on tenure/no tenure system, associate professors","1","0","1","0","0","0","0","0","0","1","0","1","0","0","0","0","0","0","0","0","0","0","0","0","0","0","0","0","0","0","-2"
"110671","University of California-Riverside","2013","Not on tenure/no tenure system, assistant professors","29","22","7","0","0","0","5","3","2","3","2","1","5","3","2","0","0","0","9","8","1","1","1","0","0","0","0","6","5","1","-2"
"110671","University of California-Riverside","2013","Not on tenure/no tenure system, lecturers","69","33","36","1","1","0","5","2","3","2","0","2","5","1","4","0","0","0","54","28","26","0","0","0","0","0","0","2","1","1","-2"
"110671","University of California-Riverside","2013","Not on tenure/no tenure system, no academic rank","1","0","1","0","0","0","0","0","0","0","0","0","0","0","0","0","0","0","1","0","1","0","0","0","0","0","0","0","0","0","-2"
"110705","University of California-Santa Barbara","2013","Tenured total","705","477","228","3","1","2","75","49","26","15","8","7","46","29","17","0","0","0","538","373","165","0","0","0","1","1","0","27","16","11","-2"
"110705","University of California-Santa Barbara","2013","Tenured, professors","512","365","147","2","1","1","56","37","19","7","4","3","25","19","6","0","0","0","406","294","112","0","0","0","0","0","0","16","10","6","-2"
"110705","University of California-Santa Barbara","2013","Tenured, associate professors","169","100","69","1","0","1","18","12","6","7","3","4","19","9","10","0","0","0","113","69","44","0","0","0","1","1","0","10","6","4","-2"
"110705","University of California-Santa Barbara","2013","Tenured, lecturers","24","12","12","0","0","0","1","0","1","1","1","0","2","1","1","0","0","0","19","10","9","0","0","0","0","0","0","1","0","1","-2"
"110705","University of California-Santa Barbara","2013","On-Tenure track total","76","42","34","2","0","2","5","3","2","5","3","2","7","3","4","0","0","0","37","18","19","2","1","1","4","3","1","14","11","3","-2"
"110705","University of California-Santa Barbara","2013","On-tenure track, professors","1","1","0","0","0","0","0","0","0","0","0","0","0","0","0","0","0","0","0","0","0","0","0","0","0","0","0","1","1","0","-2"
"110705","University of California-Santa Barbara","2013","On-tenure track, associate professors","1","1","0","0","0","0","0","0","0","0","0","0","0","0","0","0","0","0","0","0","0","0","0","0","0","0","0","1","1","0","-2"
"110705","University of California-Santa Barbara","2013","On-tenure track, assistant professors","66","37","29","2","0","2","5","3","2","5","3","2","6","3","3","0","0","0","30","15","15","2","1","1","4","3","1","12","9","3","-2"
"110705","University of California-Santa Barbara","2013","On-tenure track, lecturers","8","3","5","0","0","0","0","0","0","0","0","0","1","0","1","0","0","0","7","3","4","0","0","0","0","0","0","0","0","0","-2"
"110705","University of California-Santa Barbara","2013","Not on tenure track/No tenure system system total","118","58","60","0","0","0","8","2","6","0","0","0","6","1","5","0","0","0","86","44","42","0","0","0","4","2","2","14","9","5","-2"
"110705","University of California-Santa Barbara","2013","Not on tenure/no tenure system, professors","1","1","0","0","0","0","0","0","0","0","0","0","0","0","0","0","0","0","0","0","0","0","0","0","1","1","0","0","0","0","-2"
"110705","University of California-Santa Barbara","2013","Not on tenure/no tenure system, assistant professors","18","13","5","0","0","0","0","0","0","0","0","0","1","0","1","0","0","0","7","5","2","0","0","0","0","0","0","10","8","2","-2"
"110705","University of California-Santa Barbara","2013","Not on tenure/no tenure system, lecturers","99","44","55","0","0","0","8","2","6","0","0","0","5","1","4","0","0","0","79","39","40","0","0","0","3","1","2","4","1","3","-2"
"110714","University of California-Santa Cruz","2013","Tenured total","421","264","157","8","2","6","61","36","25","9","8","1","32","13","19","0","0","0","307","202","105","0","0","0","4","3","1","0","0","0","-2"
"110714","University of California-Santa Cruz","2013","Tenured, professors","300","199","101","3","1","2","39","27","12","5","5","0","20","8","12","0","0","0","231","156","75","0","0","0","2","2","0","0","0","0","-2"
"110714","University of California-Santa Cruz","2013","Tenured, associate professors","115","62","53","5","1","4","22","9","13","4","3","1","11","5","6","0","0","0","72","44","28","0","0","0","1","0","1","0","0","0","-2"
"110714","University of California-Santa Cruz","2013","Tenured, lecturers","6","3","3","0","0","0","0","0","0","0","0","0","1","0","1","0","0","0","4","2","2","0","0","0","1","1","0","0","0","0","-2"
"110714","University of California-Santa Cruz","2013","On-Tenure track total","81","45","36","1","0","1","9","5","4","2","1","1","10","6","4","0","0","0","50","26","24","1","1","0","1","1","0","7","5","2","-2"
"110714","University of California-Santa Cruz","2013","On-tenure track, associate professors","1","1","0","0","0","0","0","0","0","0","0","0","0","0","0","0","0","0","1","1","0","0","0","0","0","0","0","0","0","0","-2"
"110714","University of California-Santa Cruz","2013","On-tenure track, assistant professors","80","44","36","1","0","1","9","5","4","2","1","1","10","6","4","0","0","0","49","25","24","1","1","0","1","1","0","7","5","2","-2"
"110714","University of California-Santa Cruz","2013","Not on tenure track/No tenure system system total","46","23","23","0","0","0","3","1","2","1","0","1","6","3","3","0","0","0","34","18","16","0","0","0","0","0","0","2","1","1","-2"
"110714","University of California-Santa Cruz","2013","Not on tenure/no tenure system, professors","2","1","1","0","0","0","0","0","0","0","0","0","0","0","0","0","0","0","2","1","1","0","0","0","0","0","0","0","0","0","-2"
"110714","University of California-Santa Cruz","2013","Not on tenure/no tenure system, associate professors","4","3","1","0","0","0","0","0","0","0","0","0","0","0","0","0","0","0","4","3","1","0","0","0","0","0","0","0","0","0","-2"
"110714","University of California-Santa Cruz","2013","Not on tenure/no tenure system, assistant professors","5","2","3","0","0","0","0","0","0","0","0","0","0","0","0","0","0","0","3","1","2","0","0","0","0","0","0","2","1","1","-2"
"110714","University of California-Santa Cruz","2013","Not on tenure/no tenure system, lecturers","32","16","16","0","0","0","3","1","2","1","0","1","5","3","2","0","0","0","23","12","11","0","0","0","0","0","0","0","0","0","-2"
"110714","University of California-Santa Cruz","2013","Not on tenure/no tenure system, no academic rank","3","1","2","0","0","0","0","0","0","0","0","0","1","0","1","0","0","0","2","1","1","0","0","0","0","0","0","0","0","0","-2"
"111966","Charles R Drew University of Medicine and Science","2013","Not on tenure track/No tenure system system total","56","23","33","0","0","0","13","5","8","25","9","16","3","2","1","0","0","0","14","7","7","1","0","1","0","0","0","0","0","0","-2"
"111966","Charles R Drew University of Medicine and Science","2013","Not on tenure/no tenure system, professors","5","5","0","0","0","0","1","1","0","1","1","0","0","0","0","0","0","0","3","3","0","0","0","0","0","0","0","0","0","0","-2"
"111966","Charles R Drew University of Medicine and Science","2013","Not on tenure/no tenure system, associate professors","13","4","9","0","0","0","2","1","1","4","1","3","2","1","1","0","0","0","5","1","4","0","0","0","0","0","0","0","0","0","-2"
"111966","Charles R Drew University of Medicine and Science","2013","Not on tenure/no tenure system, assistant professors","21","10","11","0","0","0","9","3","6","6","3","3","1","1","0","0","0","0","5","3","2","0","0","0","0","0","0","0","0","0","-2"
"111966","Charles R Drew University of Medicine and Science","2013","Not on tenure/no tenure system, instructors","17","4","13","0","0","0","1","0","1","14","4","10","0","0","0","0","0","0","1","0","1","1","0","1","0","0","0","0","0","0","-2"
"112075","Concordia University-Irvine","2013","Not on tenure track/No tenure system system total","88","47","41","0","0","0","2","0","2","2","0","2","6","4","2","0","0","0","75","42","33","2","1","1","0","0","0","1","0","1","-2"
"112075","Concordia University-Irvine","2013","Not on tenure/no tenure system, professors","29","19","10","0","0","0","0","0","0","1","0","1","2","2","0","0","0","0","24","16","8","2","1","1","0","0","0","0","0","0","-2"
"112075","Concordia University-Irvine","2013","Not on tenure/no tenure system, associate professors","12","10","2","0","0","0","1","0","1","0","0","0","1","1","0","0","0","0","10","9","1","0","0","0","0","0","0","0","0","0","-2"
"112075","Concordia University-Irvine","2013","Not on tenure/no tenure system, assistant professors","26","12","14","0","0","0","0","0","0","0","0","0","1","0","1","0","0","0","25","12","13","0","0","0","0","0","0","0","0","0","-2"
"112075","Concordia University-Irvine","2013","Not on tenure/no tenure system, instructors","21","6","15","0","0","0","1","0","1","1","0","1","2","1","1","0","0","0","16","5","11","0","0","0","0","0","0","1","0","1","-2"
"112084","San Diego Christian College","2013","Not on tenure track/No tenure system system total","19","9","10","0","0","0","0","0","0","1","0","1","0","0","0","1","1","0","17","8","9","0","0","0","0","0","0","0","0","0","-2"
"112084","San Diego Christian College","2013","Not on tenure/no tenure system, professors","3","3","0","0","0","0","0","0","0","0","0","0","0","0","0","0","0","0","3","3","0","0","0","0","0","0","0","0","0","0","-2"
"112084","San Diego Christian College","2013","Not on tenure/no tenure system, associate professors","4","2","2","0","0","0","0","0","0","0","0","0","0","0","0","0","0","0","4","2","2","0","0","0","0","0","0","0","0","0","-2"
"112084","San Diego Christian College","2013","Not on tenure/no tenure system, assistant professors","11","4","7","0","0","0","0","0","0","1","0","1","0","0","0","1","1","0","9","3","6","0","0","0","0","0","0","0","0","0","-2"
"112084","San Diego Christian College","2013","Not on tenure/no tenure system, instructors","1","0","1","0","0","0","0","0","0","0","0","0","0","0","0","0","0","0","1","0","1","0","0","0","0","0","0","0","0","0","-2"
"113236","Cypress College","2013","Tenured total","178","78","100","1","1","0","16","5","11","3","0","3","23","13","10","1","0","1","102","46","56","6","1","5","23","11","12","3","1","2","-2"
"113236","Cypress College","2013","Tenured, instructors","178","78","100","1","1","0","16","5","11","3","0","3","23","13","10","1","0","1","102","46","56","6","1","5","23","11","12","3","1","2","-2"
"113236","Cypress College","2013","On-Tenure track total","19","6","13","0","0","0","3","0","3","1","0","1","5","1","4","0","0","0","8","4","4","2","1","1","0","0","0","0","0","0","-2"
"113236","Cypress College","2013","On-tenure track, instructors","19","6","13","0","0","0","3","0","3","1","0","1","5","1","4","0","0","0","8","4","4","2","1","1","0","0","0","0","0","0","-2"
"113698","Dominican University of California","2013","Tenured total","44","20","24","0","0","0","3","0","3","3","2","1","0","0","0","0","0","0","36","17","19","0","0","0","2","1","1","0","0","0","-2"
"113698","Dominican University of California","2013","Tenured, professors","28","13","15","0","0","0","2","0","2","1","1","0","0","0","0","0","0","0","23","11","12","0","0","0","2","1","1","0","0","0","-2"
"113698","Dominican University of California","2013","Tenured, associate professors","16","7","9","0","0","0","1","0","1","2","1","1","0","0","0","0","0","0","13","6","7","0","0","0","0","0","0","0","0","0","-2"
"113698","Dominican University of California","2013","On-Tenure track total","24","6","18","0","0","0","5","2","3","0","0","0","1","0","1","0","0","0","17","3","14","1","1","0","0","0","0","0","0","0","-2"
"113698","Dominican University of California","2013","On-tenure track, professors","1","0","1","0","0","0","1","0","1","0","0","0","0","0","0","0","0","0","0","0","0","0","0","0","0","0","0","0","0","0","-2"
"113698","Dominican University of California","2013","On-tenure track, associate professors","4","2","2","0","0","0","1","1","0","0","0","0","0","0","0","0","0","0","3","1","2","0","0","0","0","0","0","0","0","0","-2"
"113698","Dominican University of California","2013","On-tenure track, assistant professors","19","4","15","0","0","0","3","1","2","0","0","0","1","0","1","0","0","0","14","2","12","1","1","0","0","0","0","0","0","0","-2"
"113698","Dominican University of California","2013","Not on tenure track/No tenure system system total","30","11","19","0","0","0","2","0","2","1","0","1","2","1","1","0","0","0","24","9","15","0","0","0","1","1","0","0","0","0","-2"
"113698","Dominican University of California","2013","Not on tenure/no tenure system, associate professors","2","0","2","0","0","0","0","0","0","0","0","0","0","0","0","0","0","0","2","0","2","0","0","0","0","0","0","0","0","0","-2"
"113698","Dominican University of California","2013","Not on tenure/no tenure system, assistant professors","28","11","17","0","0","0","2","0","2","1","0","1","2","1","1","0","0","0","22","9","13","0","0","0","1","1","0","0","0","0","-2"
"114433","Feather River Community College District","2013","Tenured total","21","11","10","0","0","0","0","0","0","0","0","0","0","0","0","0","0","0","21","11","10","0","0","0","0","0","0","0","0","0","-2"
"114433","Feather River Community College District","2013","Tenured, instructors","21","11","10","0","0","0","0","0","0","0","0","0","0","0","0","0","0","0","21","11","10","0","0","0","0","0","0","0","0","0","-2"
"114433","Feather River Community College District","2013","On-Tenure track total","5","4","1","0","0","0","0","0","0","0","0","0","0","0","0","0","0","0","5","4","1","0","0","0","0","0","0","0","0","0","-2"
"114433","Feather River Community College District","2013","On-tenure track, instructors","5","4","1","0","0","0","0","0","0","0","0","0","0","0","0","0","0","0","5","4","1","0","0","0","0","0","0","0","0","0","-2"
"114433","Feather River Community College District","2013","Not on tenure track/No tenure system system total","11","5","6","0","0","0","0","0","0","1","1","0","0","0","0","0","0","0","8","4","4","0","0","0","1","0","1","1","0","1","-2"
"114433","Feather River Community College District","2013","Not on tenure/no tenure system, instructors","11","5","6","0","0","0","0","0","0","1","1","0","0","0","0","0","0","0","8","4","4","0","0","0","1","0","1","1","0","1","-2"
"114716","Foothill College","2013","Tenured total","153","60","93","0","0","0","22","7","15","8","3","5","23","8","15","0","0","0","94","40","54","1","0","1","5","2","3","0","0","0","-2"
"114716","Foothill College","2013","Tenured, instructors","153","60","93","0","0","0","22","7","15","8","3","5","23","8","15","0","0","0","94","40","54","1","0","1","5","2","3","0","0","0","-2"
"114716","Foothill College","2013","On-Tenure track total","28","10","18","0","0","0","3","0","3","1","1","0","2","0","2","0","0","0","22","9","13","0","0","0","0","0","0","0","0","0","-2"
"114716","Foothill College","2013","On-tenure track, instructors","28","10","18","0","0","0","3","0","3","1","1","0","2","0","2","0","0","0","22","9","13","0","0","0","0","0","0","0","0","0","-2"
"114716","Foothill College","2013","Not on tenure track/No tenure system system total","5","4","1","0","0","0","0","0","0","2","2","0","0","0","0","0","0","0","1","1","0","0","0","0","2","1","1","0","0","0","-2"
"114716","Foothill College","2013","Not on tenure/no tenure system, instructors","5","4","1","0","0","0","0","0","0","2","2","0","0","0","0","0","0","0","1","1","0","0","0","0","2","1","1","0","0","0","-2"
"114813","Fresno Pacific University","2013","Tenured total","41","27","14","0","0","0","2","2","0","0","0","0","0","0","0","0","0","0","36","23","13","2","1","1","1","1","0","0","0","0","-2"
"114813","Fresno Pacific University","2013","Tenured, professors","11","9","2","0","0","0","1","1","0","0","0","0","0","0","0","0","0","0","10","8","2","0","0","0","0","0","0","0","0","0","-2"
"114813","Fresno Pacific University","2013","Tenured, associate professors","28","17","11","0","0","0","0","0","0","0","0","0","0","0","0","0","0","0","25","15","10","2","1","1","1","1","0","0","0","0","-2"
"114813","Fresno Pacific University","2013","Tenured, assistant professors","2","1","1","0","0","0","1","1","0","0","0","0","0","0","0","0","0","0","1","0","1","0","0","0","0","0","0","0","0","0","-2"
"114813","Fresno Pacific University","2013","On-Tenure track total","30","18","12","0","0","0","2","1","1","2","1","1","2","1","1","0","0","0","22","15","7","1","0","1","1","0","1","0","0","0","-2"
"114813","Fresno Pacific University","2013","On-tenure track, associate professors","5","4","1","0","0","0","1","1","0","0","0","0","1","0","1","0","0","0","3","3","0","0","0","0","0","0","0","0","0","0","-2"
"114813","Fresno Pacific University","2013","On-tenure track, assistant professors","25","14","11","0","0","0","1","0","1","2","1","1","1","1","0","0","0","0","19","12","7","1","0","1","1","0","1","0","0","0","-2"
"114813","Fresno Pacific University","2013","Not on tenure track/No tenure system system total","29","11","18","0","0","0","0","0","0","0","0","0","0","0","0","0","0","0","29","11","18","0","0","0","0","0","0","0","0","0","-2"
"114813","Fresno Pacific University","2013","Not on tenure/no tenure system, professors","1","1","0","0","0","0","0","0","0","0","0","0","0","0","0","0","0","0","1","1","0","0","0","0","0","0","0","0","0","0","-2"
"114813","Fresno Pacific University","2013","Not on tenure/no tenure system, associate professors","2","2","0","0","0","0","0","0","0","0","0","0","0","0","0","0","0","0","2","2","0","0","0","0","0","0","0","0","0","0","-2"
"114813","Fresno Pacific University","2013","Not on tenure/no tenure system, assistant professors","20","7","13","0","0","0","0","0","0","0","0","0","0","0","0","0","0","0","20","7","13","0","0","0","0","0","0","0","0","0","-2"
"114813","Fresno Pacific University","2013","Not on tenure/no tenure system, instructors","6","1","5","0","0","0","0","0","0","0","0","0","0","0","0","0","0","0","6","1","5","0","0","0","0","0","0","0","0","0","-2"
"115728","Holy Names University","2013","Tenured total","13","6","7","0","0","0","0","0","0","1","0","1","2","0","2","1","0","1","9","6","3","0","0","0","0","0","0","0","0","0","-2"
"115728","Holy Names University","2013","Tenured, professors","6","3","3","0","0","0","0","0","0","0","0","0","1","0","1","0","0","0","5","3","2","0","0","0","0","0","0","0","0","0","-2"
"115728","Holy Names University","2013","Tenured, associate professors","7","3","4","0","0","0","0","0","0","1","0","1","1","0","1","1","0","1","4","3","1","0","0","0","0","0","0","0","0","0","-2"
"115728","Holy Names University","2013","On-Tenure track total","20","6","14","0","0","0","4","2","2","4","1","3","2","1","1","0","0","0","8","2","6","1","0","1","0","0","0","1","0","1","-2"
"115728","Holy Names University","2013","On-tenure track, associate professors","5","1","4","0","0","0","1","0","1","2","0","2","0","0","0","0","0","0","2","1","1","0","0","0","0","0","0","0","0","0","-2"
"115728","Holy Names University","2013","On-tenure track, assistant professors","15","5","10","0","0","0","3","2","1","2","1","1","2","1","1","0","0","0","6","1","5","1","0","1","0","0","0","1","0","1","-2"
"115728","Holy Names University","2013","Not on tenure track/No tenure system system total","17","4","13","0","0","0","1","1","0","2","0","2","0","0","0","0","0","0","13","3","10","1","0","1","0","0","0","0","0","0","-2"
"115728","Holy Names University","2013","Not on tenure/no tenure system, professors","2","2","0","0","0","0","0","0","0","0","0","0","0","0","0","0","0","0","2","2","0","0","0","0","0","0","0","0","0","0","-2"
"115728","Holy Names University","2013","Not on tenure/no tenure system, associate professors","2","0","2","0","0","0","0","0","0","0","0","0","0","0","0","0","0","0","2","0","2","0","0","0","0","0","0","0","0","0","-2"
"115728","Holy Names University","2013","Not on tenure/no tenure system, assistant professors","5","1","4","0","0","0","1","1","0","0","0","0","0","0","0","0","0","0","3","0","3","1","0","1","0","0","0","0","0","0","-2"
"115728","Holy Names University","2013","Not on tenure/no tenure system, instructors","8","1","7","0","0","0","0","0","0","2","0","2","0","0","0","0","0","0","6","1","5","0","0","0","0","0","0","0","0","0","-2"
"115773","Humphreys University-Stockton and Modesto Campuses","2013","Not on tenure track/No tenure system system total","22","8","14","0","0","0","1","1","0","1","0","1","1","0","1","0","0","0","18","6","12","0","0","0","1","1","0","0","0","0","-2"
"115773","Humphreys University-Stockton and Modesto Campuses","2013","Not on tenure/no tenure system, professors","3","3","0","0","0","0","0","0","0","0","0","0","0","0","0","0","0","0","3","3","0","0","0","0","0","0","0","0","0","0","-2"
"115773","Humphreys University-Stockton and Modesto Campuses","2013","Not on tenure/no tenure system, associate professors","5","2","3","0","0","0","0","0","0","1","0","1","0","0","0","0","0","0","4","2","2","0","0","0","0","0","0","0","0","0","-2"
"115773","Humphreys University-Stockton and Modesto Campuses","2013","Not on tenure/no tenure system, assistant professors","9","2","7","0","0","0","1","1","0","0","0","0","1","0","1","0","0","0","7","1","6","0","0","0","0","0","0","0","0","0","-2"
"115773","Humphreys University-Stockton and Modesto Campuses","2013","Not on tenure/no tenure system, instructors","4","1","3","0","0","0","0","0","0","0","0","0","0","0","0","0","0","0","3","0","3","0","0","0","1","1","0","0","0","0","-2"
"115773","Humphreys University-Stockton and Modesto Campuses","2013","Not on tenure/no tenure system, no academic rank","1","0","1","0","0","0","0","0","0","0","0","0","0","0","0","0","0","0","1","0","1","0","0","0","0","0","0","0","0","0","-2"
"117104","Life Pacific University","2013","Not on tenure track/No tenure system system total","9","7","2","0","0","0","0","0","0","0","0","0","1","1","0","0","0","0","8","6","2","0","0","0","0","0","0","0","0","0","-2"
"117104","Life Pacific University","2013","Not on tenure/no tenure system, professors","4","4","0","0","0","0","0","0","0","0","0","0","0","0","0","0","0","0","4","4","0","0","0","0","0","0","0","0","0","0","-2"
"117104","Life Pacific University","2013","Not on tenure/no tenure system, associate professors","3","2","1","0","0","0","0","0","0","0","0","0","0","0","0","0","0","0","3","2","1","0","0","0","0","0","0","0","0","0","-2"
"117104","Life Pacific University","2013","Not on tenure/no tenure system, assistant professors","2","1","1","0","0","0","0","0","0","0","0","0","1","1","0","0","0","0","1","0","1","0","0","0","0","0","0","0","0","0","-2"
"117140","University of La Verne","2013","Tenured total","121","71","50","0","0","0","11","5","6","5","3","2","6","4","2","0","0","0","99","59","40","0","0","0","0","0","0","0","0","0","-2"
"117140","University of La Verne","2013","Tenured, professors","94","58","36","0","0","0","6","3","3","3","2","1","4","3","1","0","0","0","81","50","31","0","0","0","0","0","0","0","0","0","-2"
"117140","University of La Verne","2013","Tenured, associate professors","26","12","14","0","0","0","4","1","3","2","1","1","2","1","1","0","0","0","18","9","9","0","0","0","0","0","0","0","0","0","-2"
"117140","University of La Verne","2013","Tenured, assistant professors","1","1","0","0","0","0","1","1","0","0","0","0","0","0","0","0","0","0","0","0","0","0","0","0","0","0","0","0","0","0","-2"
"117140","University of La Verne","2013","On-Tenure track total","59","20","39","0","0","0","11","3","8","3","1","2","6","3","3","0","0","0","28","11","17","0","0","0","11","2","9","0","0","0","-2"
"117140","University of La Verne","2013","On-tenure track, professors","1","0","1","0","0","0","1","0","1","0","0","0","0","0","0","0","0","0","0","0","0","0","0","0","0","0","0","0","0","0","-2"
"117140","University of La Verne","2013","On-tenure track, associate professors","14","6","8","0","0","0","0","0","0","0","0","0","2","1","1","0","0","0","12","5","7","0","0","0","0","0","0","0","0","0","-2"
"117140","University of La Verne","2013","On-tenure track, assistant professors","44","14","30","0","0","0","10","3","7","3","1","2","4","2","2","0","0","0","16","6","10","0","0","0","11","2","9","0","0","0","-2"
"117140","University of La Verne","2013","Not on tenure track/No tenure system system total","48","19","29","0","0","0","3","0","3","3","2","1","6","3","3","0","0","0","29","11","18","0","0","0","7","3","4","0","0","0","-2"
"117140","University of La Verne","2013","Not on tenure/no tenure system, professors","8","4","4","0","0","0","0","0","0","1","1","0","1","1","0","0","0","0","5","2","3","0","0","0","1","0","1","0","0","0","-2"
"117140","University of La Verne","2013","Not on tenure/no tenure system, associate professors","8","2","6","0","0","0","0","0","0","0","0","0","1","0","1","0","0","0","6","2","4","0","0","0","1","0","1","0","0","0","-2"
"117140","University of La Verne","2013","Not on tenure/no tenure system, assistant professors","23","8","15","0","0","0","3","0","3","1","0","1","2","0","2","0","0","0","14","6","8","0","0","0","3","2","1","0","0","0","-2"
"117140","University of La Verne","2013","Not on tenure/no tenure system, instructors","9","5","4","0","0","0","0","0","0","1","1","0","2","2","0","0","0","0","4","1","3","0","0","0","2","1","1","0","0","0","-2"
"117627","La Sierra University","2013","Tenured total","44","29","15","0","0","0","7","5","2","2","2","0","4","2","2","0","0","0","29","19","10","2","1","1","0","0","0","0","0","0","-2"
"117627","La Sierra University","2013","Tenured, professors","24","17","7","0","0","0","4","3","1","0","0","0","3","1","2","0","0","0","17","13","4","0","0","0","0","0","0","0","0","0","-2"
"117627","La Sierra University","2013","Tenured, associate professors","20","12","8","0","0","0","3","2","1","2","2","0","1","1","0","0","0","0","12","6","6","2","1","1","0","0","0","0","0","0","-2"
"117627","La Sierra University","2013","On-Tenure track total","28","15","13","0","0","0","2","1","1","3","1","2","2","1","1","0","0","0","21","12","9","0","0","0","0","0","0","0","0","0","-2"
"117627","La Sierra University","2013","On-tenure track, professors","5","4","1","0","0","0","1","0","1","0","0","0","0","0","0","0","0","0","4","4","0","0","0","0","0","0","0","0","0","0","-2"
"117627","La Sierra University","2013","On-tenure track, associate professors","10","5","5","0","0","0","0","0","0","0","0","0","2","1","1","0","0","0","8","4","4","0","0","0","0","0","0","0","0","0","-2"
"117627","La Sierra University","2013","On-tenure track, assistant professors","13","6","7","0","0","0","1","1","0","3","1","2","0","0","0","0","0","0","9","4","5","0","0","0","0","0","0","0","0","0","-2"
"117627","La Sierra University","2013","Not on tenure track/No tenure system system total","30","14","16","0","0","0","5","3","2","1","0","1","3","2","1","0","0","0","19","9","10","2","0","2","0","0","0","0","0","0","-2"
"117627","La Sierra University","2013","Not on tenure/no tenure system, professors","4","3","1","0","0","0","1","0","1","0","0","0","0","0","0","0","0","0","3","3","0","0","0","0","0","0","0","0","0","0","-2"
"117627","La Sierra University","2013","Not on tenure/no tenure system, associate professors","6","1","5","0","0","0","0","0","0","0","0","0","0","0","0","0","0","0","6","1","5","0","0","0","0","0","0","0","0","0","-2"
"117627","La Sierra University","2013","Not on tenure/no tenure system, assistant professors","17","9","8","0","0","0","4","3","1","1","0","1","3","2","1","0","0","0","8","4","4","1","0","1","0","0","0","0","0","0","-2"
"117627","La Sierra University","2013","Not on tenure/no tenure system, lecturers","3","1","2","0","0","0","0","0","0","0","0","0","0","0","0","0","0","0","2","1","1","1","0","1","0","0","0","0","0","0","-2"
"117636","Loma Linda University","2013","Tenured total","25","16","9","0","0","0","4","2","2","1","1","0","1","1","0","0","0","0","19","12","7","0","0","0","0","0","0","0","0","0","-2"
"117636","Loma Linda University","2013","Tenured, professors","21","14","7","0","0","0","3","2","1","1","1","0","1","1","0","0","0","0","16","10","6","0","0","0","0","0","0","0","0","0","-2"
"117636","Loma Linda University","2013","Tenured, associate professors","4","2","2","0","0","0","1","0","1","0","0","0","0","0","0","0","0","0","3","2","1","0","0","0","0","0","0","0","0","0","-2"
"117636","Loma Linda University","2013","On-Tenure track total","51","28","23","0","0","0","10","5","5","6","3","3","5","3","2","0","0","0","30","17","13","0","0","0","0","0","0","0","0","0","-2"
"117636","Loma Linda University","2013","On-tenure track, professors","8","7","1","0","0","0","1","1","0","1","1","0","2","2","0","0","0","0","4","3","1","0","0","0","0","0","0","0","0","0","-2"
"117636","Loma Linda University","2013","On-tenure track, associate professors","14","9","5","0","0","0","6","2","4","1","1","0","0","0","0","0","0","0","7","6","1","0","0","0","0","0","0","0","0","0","-2"
"117636","Loma Linda University","2013","On-tenure track, assistant professors","27","12","15","0","0","0","3","2","1","4","1","3","3","1","2","0","0","0","17","8","9","0","0","0","0","0","0","0","0","0","-2"
"117636","Loma Linda University","2013","On-tenure track, instructors","2","0","2","0","0","0","0","0","0","0","0","0","0","0","0","0","0","0","2","0","2","0","0","0","0","0","0","0","0","0","-2"
"117636","Loma Linda University","2013","Not on tenure track/No tenure system system total","331","135","196","1","1","0","55","20","35","22","8","14","24","9","15","0","0","0","215","91","124","3","0","3","0","0","0","11","6","5","-2"
"117636","Loma Linda University","2013","Not on tenure/no tenure system, professors","32","21","11","0","0","0","4","3","1","2","1","1","1","1","0","0","0","0","25","16","9","0","0","0","0","0","0","0","0","0","-2"
"117636","Loma Linda University","2013","Not on tenure/no tenure system, associate professors","66","32","34","0","0","0","7","5","2","7","4","3","5","3","2","0","0","0","45","18","27","0","0","0","0","0","0","2","2","0","-2"
"117636","Loma Linda University","2013","Not on tenure/no tenure system, assistant professors","184","66","118","0","0","0","35","10","25","12","2","10","16","5","11","0","0","0","113","46","67","1","0","1","0","0","0","7","3","4","-2"
"117636","Loma Linda University","2013","Not on tenure/no tenure system, instructors","49","16","33","1","1","0","9","2","7","1","1","0","2","0","2","0","0","0","32","11","21","2","0","2","0","0","0","2","1","1","-2"
"118541","Marymount California University","2013","Not on tenure track/No tenure system system total","28","16","12","0","0","0","1","0","1","3","2","1","1","1","0","0","0","0","23","13","10","0","0","0","0","0","0","0","0","0","-2"
"118541","Marymount California University","2013","Not on tenure/no tenure system, professors","18","10","8","0","0","0","0","0","0","1","0","1","0","0","0","0","0","0","17","10","7","0","0","0","0","0","0","0","0","0","-2"
"118541","Marymount California University","2013","Not on tenure/no tenure system, associate professors","8","5","3","0","0","0","1","0","1","2","2","0","0","0","0","0","0","0","5","3","2","0","0","0","0","0","0","0","0","0","-2"
"118541","Marymount California University","2013","Not on tenure/no tenure system, assistant professors","2","1","1","0","0","0","0","0","0","0","0","0","1","1","0","0","0","0","1","0","1","0","0","0","0","0","0","0","0","0","-2"
"118693","Menlo College","2013","Not on tenure track/No tenure system system total","30","18","12","0","0","0","4","2","2","2","0","2","0","0","0","0","0","0","24","16","8","0","0","0","0","0","0","0","0","0","-2"
"118693","Menlo College","2013","Not on tenure/no tenure system, professors","12","8","4","0","0","0","3","2","1","0","0","0","0","0","0","0","0","0","9","6","3","0","0","0","0","0","0","0","0","0","-2"
"118693","Menlo College","2013","Not on tenure/no tenure system, associate professors","7","3","4","0","0","0","0","0","0","1","0","1","0","0","0","0","0","0","6","3","3","0","0","0","0","0","0","0","0","0","-2"
"118693","Menlo College","2013","Not on tenure/no tenure system, assistant professors","8","5","3","0","0","0","0","0","0","1","0","1","0","0","0","0","0","0","7","5","2","0","0","0","0","0","0","0","0","0","-2"
"118693","Menlo College","2013","Not on tenure/no tenure system, instructors","1","1","0","0","0","0","0","0","0","0","0","0","0","0","0","0","0","0","1","1","0","0","0","0","0","0","0","0","0","0","-2"
"118693","Menlo College","2013","Not on tenure/no tenure system, lecturers","2","1","1","0","0","0","1","0","1","0","0","0","0","0","0","0","0","0","1","1","0","0","0","0","0","0","0","0","0","0","-2"
"118888","Mills College","2013","Tenured total","66","24","42","0","0","0","6","3","3","6","2","4","6","2","4","0","0","0","44","17","27","4","0","4","0","0","0","0","0","0","-2"
"118888","Mills College","2013","Tenured, professors","48","19","29","0","0","0","2","1","1","4","1","3","5","2","3","0","0","0","36","15","21","1","0","1","0","0","0","0","0","0","-2"
"118888","Mills College","2013","Tenured, associate professors","17","4","13","0","0","0","4","2","2","1","0","1","1","0","1","0","0","0","8","2","6","3","0","3","0","0","0","0","0","0","-2"
"118888","Mills College","2013","Tenured, no academic rank","1","1","0","0","0","0","0","0","0","1","1","0","0","0","0","0","0","0","0","0","0","0","0","0","0","0","0","0","0","0","-2"
"118888","Mills College","2013","On-Tenure track total","14","2","12","0","0","0","3","1","2","1","0","1","0","0","0","0","0","0","10","1","9","0","0","0","0","0","0","0","0","0","-2"
"118888","Mills College","2013","On-tenure track, associate professors","1","0","1","0","0","0","0","0","0","1","0","1","0","0","0","0","0","0","0","0","0","0","0","0","0","0","0","0","0","0","-2"
"118888","Mills College","2013","On-tenure track, assistant professors","13","2","11","0","0","0","3","1","2","0","0","0","0","0","0","0","0","0","10","1","9","0","0","0","0","0","0","0","0","0","-2"
"118888","Mills College","2013","Not on tenure track/No tenure system system total","23","4","19","0","0","0","5","0","5","1","0","1","1","0","1","0","0","0","15","4","11","0","0","0","1","0","1","0","0","0","-2"
"118888","Mills College","2013","Not on tenure/no tenure system, professors","2","0","2","0","0","0","0","0","0","0","0","0","0","0","0","0","0","0","2","0","2","0","0","0","0","0","0","0","0","0","-2"
"118888","Mills College","2013","Not on tenure/no tenure system, associate professors","3","1","2","0","0","0","0","0","0","0","0","0","1","0","1","0","0","0","2","1","1","0","0","0","0","0","0","0","0","0","-2"
"118888","Mills College","2013","Not on tenure/no tenure system, assistant professors","14","2","12","0","0","0","2","0","2","1","0","1","0","0","0","0","0","0","10","2","8","0","0","0","1","0","1","0","0","0","-2"
"118888","Mills College","2013","Not on tenure/no tenure system, lecturers","3","1","2","0","0","0","2","0","2","0","0","0","0","0","0","0","0","0","1","1","0","0","0","0","0","0","0","0","0","0","-2"
"118888","Mills College","2013","Not on tenure/no tenure system, no academic rank","1","0","1","0","0","0","1","0","1","0","0","0","0","0","0","0","0","0","0","0","0","0","0","0","0","0","0","0","0","0","-2"
"118912","MiraCosta College","2013","Tenured total","157","74","83","0","0","0","10","6","4","8","5","3","33","18","15","0","0","0","103","45","58","2","0","2","1","0","1","0","0","0","-2"
"118912","MiraCosta College","2013","Tenured, instructors","157","74","83","0","0","0","10","6","4","8","5","3","33","18","15","0","0","0","103","45","58","2","0","2","1","0","1","0","0","0","-2"
"118912","MiraCosta College","2013","On-Tenure track total","16","8","8","0","0","0","0","0","0","0","0","0","1","0","1","0","0","0","13","7","6","2","1","1","0","0","0","0","0","0","-2"
"118912","MiraCosta College","2013","On-tenure track, instructors","16","8","8","0","0","0","0","0","0","0","0","0","1","0","1","0","0","0","13","7","6","2","1","1","0","0","0","0","0","0","-2"
"118912","MiraCosta College","2013","Not on tenure track/No tenure system system total","5","2","3","0","0","0","0","0","0","0","0","0","1","0","1","0","0","0","3","1","2","0","0","0","0","0","0","1","1","0","-2"
"118912","MiraCosta College","2013","Not on tenure/no tenure system, instructors","5","2","3","0","0","0","0","0","0","0","0","0","1","0","1","0","0","0","3","1","2","0","0","0","0","0","0","1","1","0","-2"
"118976","Modesto Junior College","2013","Tenured total","145","60","85","2","0","2","6","1","5","5","2","3","14","9","5","0","0","0","105","44","61","0","0","0","12","4","8","1","0","1","-2"
"118976","Modesto Junior College","2013","Tenured, instructors","145","60","85","2","0","2","6","1","5","5","2","3","14","9","5","0","0","0","105","44","61","0","0","0","12","4","8","1","0","1","-2"
"118976","Modesto Junior College","2013","On-Tenure track total","60","35","25","0","0","0","1","0","1","4","1","3","4","3","1","0","0","0","44","29","15","0","0","0","7","2","5","0","0","0","-2"
"118976","Modesto Junior College","2013","On-tenure track, instructors","60","35","25","0","0","0","1","0","1","4","1","3","4","3","1","0","0","0","44","29","15","0","0","0","7","2","5","0","0","0","-2"
"118976","Modesto Junior College","2013","Not on tenure track/No tenure system system total","14","7","7","0","0","0","1","0","1","0","0","0","1","0","1","0","0","0","11","6","5","0","0","0","1","1","0","0","0","0","-2"
"118976","Modesto Junior College","2013","Not on tenure/no tenure system, instructors","14","7","7","0","0","0","1","0","1","0","0","0","1","0","1","0","0","0","11","6","5","0","0","0","1","1","0","0","0","0","-2"
"119173","Mount Saint Mary's University","2013","Tenured total","54","12","42","0","0","0","3","0","3","2","0","2","1","1","0","0","0","0","44","10","34","4","1","3","0","0","0","0","0","0","-2"
"119173","Mount Saint Mary's University","2013","Tenured, professors","18","5","13","0","0","0","2","0","2","0","0","0","1","1","0","0","0","0","13","4","9","2","0","2","0","0","0","0","0","0","-2"
"119173","Mount Saint Mary's University","2013","Tenured, associate professors","26","4","22","0","0","0","1","0","1","1","0","1","0","0","0","0","0","0","23","4","19","1","0","1","0","0","0","0","0","0","-2"
"119173","Mount Saint Mary's University","2013","Tenured, assistant professors","10","3","7","0","0","0","0","0","0","1","0","1","0","0","0","0","0","0","8","2","6","1","1","0","0","0","0","0","0","0","-2"
"119173","Mount Saint Mary's University","2013","On-Tenure track total","21","5","16","0","0","0","2","1","1","3","0","3","1","0","1","0","0","0","13","4","9","2","0","2","0","0","0","0","0","0","-2"
"119173","Mount Saint Mary's University","2013","On-tenure track, associate professors","5","1","4","0","0","0","1","1","0","0","0","0","0","0","0","0","0","0","4","0","4","0","0","0","0","0","0","0","0","0","-2"
"119173","Mount Saint Mary's University","2013","On-tenure track, assistant professors","15","4","11","0","0","0","1","0","1","2","0","2","1","0","1","0","0","0","9","4","5","2","0","2","0","0","0","0","0","0","-2"
"119173","Mount Saint Mary's University","2013","On-tenure track, instructors","1","0","1","0","0","0","0","0","0","1","0","1","0","0","0","0","0","0","0","0","0","0","0","0","0","0","0","0","0","0","-2"
"119173","Mount Saint Mary's University","2013","Not on tenure track/No tenure system system total","42","11","31","0","0","0","4","1","3","4","1","3","1","0","1","0","0","0","28","8","20","5","1","4","0","0","0","0","0","0","-2"
"119173","Mount Saint Mary's University","2013","Not on tenure/no tenure system, professors","1","1","0","0","0","0","0","0","0","0","0","0","0","0","0","0","0","0","1","1","0","0","0","0","0","0","0","0","0","0","-2"
"119173","Mount Saint Mary's University","2013","Not on tenure/no tenure system, associate professors","4","1","3","0","0","0","1","1","0","0","0","0","0","0","0","0","0","0","3","0","3","0","0","0","0","0","0","0","0","0","-2"
"119173","Mount Saint Mary's University","2013","Not on tenure/no tenure system, assistant professors","12","3","9","0","0","0","1","0","1","0","0","0","0","0","0","0","0","0","10","2","8","1","1","0","0","0","0","0","0","0","-2"
"119173","Mount Saint Mary's University","2013","Not on tenure/no tenure system, instructors","25","6","19","0","0","0","2","0","2","4","1","3","1","0","1","0","0","0","14","5","9","4","0","4","0","0","0","0","0","0","-2"
"119605","National University","2013","Not on tenure track/No tenure system system total","269","132","137","2","1","1","20","11","9","12","4","8","14","6","8","0","0","0","178","88","90","2","1","1","41","21","20","0","0","0","-2"
"119605","National University","2013","Not on tenure/no tenure system, professors","77","49","28","1","1","0","7","6","1","2","1","1","4","1","3","0","0","0","53","34","19","0","0","0","10","6","4","0","0","0","-2"
"119605","National University","2013","Not on tenure/no tenure system, associate professors","94","44","50","1","0","1","5","2","3","4","1","3","6","4","2","0","0","0","63","29","34","1","1","0","14","7","7","0","0","0","-2"
"119605","National University","2013","Not on tenure/no tenure system, assistant professors","77","32","45","0","0","0","6","2","4","5","2","3","4","1","3","0","0","0","49","21","28","1","0","1","12","6","6","0","0","0","-2"
"119605","National University","2013","Not on tenure/no tenure system, instructors","15","5","10","0","0","0","2","1","1","1","0","1","0","0","0","0","0","0","11","4","7","0","0","0","1","0","1","0","0","0","-2"
"119605","National University","2013","Not on tenure/no tenure system, no academic rank","6","2","4","0","0","0","0","0","0","0","0","0","0","0","0","0","0","0","2","0","2","0","0","0","4","2","2","0","0","0","-2"
"120184","Notre Dame de Namur University","2013","Tenured total","35","18","17","1","1","0","4","2","2","1","1","0","1","0","1","0","0","0","28","14","14","0","0","0","0","0","0","0","0","0","-2"
"120184","Notre Dame de Namur University","2013","Tenured, professors","31","18","13","1","1","0","3","2","1","1","1","0","1","0","1","0","0","0","25","14","11","0","0","0","0","0","0","0","0","0","-2"
"120184","Notre Dame de Namur University","2013","Tenured, associate professors","4","0","4","0","0","0","1","0","1","0","0","0","0","0","0","0","0","0","3","0","3","0","0","0","0","0","0","0","0","0","-2"
"120184","Notre Dame de Namur University","2013","On-Tenure track total","8","2","6","0","0","0","2","1","1","0","0","0","0","0","0","0","0","0","6","1","5","0","0","0","0","0","0","0","0","0","-2"
"120184","Notre Dame de Namur University","2013","On-tenure track, professors","1","1","0","0","0","0","1","1","0","0","0","0","0","0","0","0","0","0","0","0","0","0","0","0","0","0","0","0","0","0","-2"
"120184","Notre Dame de Namur University","2013","On-tenure track, associate professors","3","1","2","0","0","0","1","0","1","0","0","0","0","0","0","0","0","0","2","1","1","0","0","0","0","0","0","0","0","0","-2"
"120184","Notre Dame de Namur University","2013","On-tenure track, assistant professors","4","0","4","0","0","0","0","0","0","0","0","0","0","0","0","0","0","0","4","0","4","0","0","0","0","0","0","0","0","0","-2"
"120184","Notre Dame de Namur University","2013","Not on tenure track/No tenure system system total","19","9","10","0","0","0","1","0","1","0","0","0","1","1","0","0","0","0","17","8","9","0","0","0","0","0","0","0","0","0","-2"
"120184","Notre Dame de Namur University","2013","Not on tenure/no tenure system, professors","3","0","3","0","0","0","0","0","0","0","0","0","0","0","0","0","0","0","3","0","3","0","0","0","0","0","0","0","0","0","-2"
"120184","Notre Dame de Namur University","2013","Not on tenure/no tenure system, assistant professors","12","7","5","0","0","0","0","0","0","0","0","0","1","1","0","0","0","0","11","6","5","0","0","0","0","0","0","0","0","0","-2"
"120184","Notre Dame de Namur University","2013","Not on tenure/no tenure system, instructors","3","2","1","0","0","0","1","0","1","0","0","0","0","0","0","0","0","0","2","2","0","0","0","0","0","0","0","0","0","0","-2"
"120184","Notre Dame de Namur University","2013","Not on tenure/no tenure system, no academic rank","1","0","1","0","0","0","0","0","0","0","0","0","0","0","0","0","0","0","1","0","1","0","0","0","0","0","0","0","0","0","-2"
"120537","Hope International University","2013","Not on tenure track/No tenure system system total","42","25","17","0","0","0","2","1","1","1","0","1","1","1","0","0","0","0","38","23","15","0","0","0","0","0","0","0","0","0","-2"
"120537","Hope International University","2013","Not on tenure/no tenure system, professors","8","8","0","0","0","0","1","1","0","0","0","0","0","0","0","0","0","0","7","7","0","0","0","0","0","0","0","0","0","0","-2"
"120537","Hope International University","2013","Not on tenure/no tenure system, associate professors","25","14","11","0","0","0","1","0","1","0","0","0","1","1","0","0","0","0","23","13","10","0","0","0","0","0","0","0","0","0","-2"
"120537","Hope International University","2013","Not on tenure/no tenure system, assistant professors","9","3","6","0","0","0","0","0","0","1","0","1","0","0","0","0","0","0","8","3","5","0","0","0","0","0","0","0","0","0","-2"
"120768","Pacific Oaks College","2013","Not on tenure track/No tenure system system total","11","3","8","0","0","0","0","0","0","4","0","4","3","2","1","0","0","0","4","1","3","0","0","0","0","0","0","0","0","0","-2"
"120768","Pacific Oaks College","2013","Not on tenure/no tenure system, professors","10","2","8","0","0","0","0","0","0","4","0","4","2","1","1","0","0","0","4","1","3","0","0","0","0","0","0","0","0","0","-2"
"120768","Pacific Oaks College","2013","Not on tenure/no tenure system, assistant professors","1","1","0","0","0","0","0","0","0","0","0","0","1","1","0","0","0","0","0","0","0","0","0","0","0","0","0","0","0","0","-2"
"120865","Pacific Union College","2013","Tenured total","37","23","14","0","0","0","1","0","1","1","1","0","2","1","1","0","0","0","33","21","12","0","0","0","0","0","0","0","0","0","-2"
"120865","Pacific Union College","2013","Tenured, professors","26","19","7","0","0","0","1","0","1","1","1","0","1","1","0","0","0","0","23","17","6","0","0","0","0","0","0","0","0","0","-2"
"120865","Pacific Union College","2013","Tenured, associate professors","11","4","7","0","0","0","0","0","0","0","0","0","1","0","1","0","0","0","10","4","6","0","0","0","0","0","0","0","0","0","-2"
"120865","Pacific Union College","2013","On-Tenure track total","30","9","21","0","0","0","2","2","0","3","0","3","1","1","0","0","0","0","24","6","18","0","0","0","0","0","0","0","0","0","-2"
"120865","Pacific Union College","2013","On-tenure track, professors","7","3","4","0","0","0","1","1","0","0","0","0","0","0","0","0","0","0","6","2","4","0","0","0","0","0","0","0","0","0","-2"
"120865","Pacific Union College","2013","On-tenure track, associate professors","10","4","6","0","0","0","0","0","0","0","0","0","1","1","0","0","0","0","9","3","6","0","0","0","0","0","0","0","0","0","-2"
"120865","Pacific Union College","2013","On-tenure track, assistant professors","13","2","11","0","0","0","1","1","0","3","0","3","0","0","0","0","0","0","9","1","8","0","0","0","0","0","0","0","0","0","-2"
"120865","Pacific Union College","2013","Not on tenure track/No tenure system system total","24","14","10","0","0","0","3","3","0","0","0","0","1","0","1","0","0","0","18","11","7","0","0","0","0","0","0","2","0","2","-2"
"120865","Pacific Union College","2013","Not on tenure/no tenure system, associate professors","2","2","0","0","0","0","1","1","0","0","0","0","0","0","0","0","0","0","1","1","0","0","0","0","0","0","0","0","0","0","-2"
"120865","Pacific Union College","2013","Not on tenure/no tenure system, assistant professors","15","7","8","0","0","0","1","1","0","0","0","0","1","0","1","0","0","0","11","6","5","0","0","0","0","0","0","2","0","2","-2"
"120865","Pacific Union College","2013","Not on tenure/no tenure system, instructors","6","4","2","0","0","0","1","1","0","0","0","0","0","0","0","0","0","0","5","3","2","0","0","0","0","0","0","0","0","0","-2"
"120865","Pacific Union College","2013","Not on tenure/no tenure system, no academic rank","1","1","0","0","0","0","0","0","0","0","0","0","0","0","0","0","0","0","1","1","0","0","0","0","0","0","0","0","0","0","-2"
"121619","Santa Ana College","2013","Tenured total","150","69","81","4","2","2","13","7","6","3","1","2","29","11","18","0","0","0","98","46","52","0","0","0","1","0","1","2","2","0","-2"
"121619","Santa Ana College","2013","Tenured, instructors","150","69","81","4","2","2","13","7","6","3","1","2","29","11","18","0","0","0","98","46","52","0","0","0","1","0","1","2","2","0","-2"
"121619","Santa Ana College","2013","On-Tenure track total","62","28","34","0","0","0","10","5","5","2","1","1","16","7","9","0","0","0","32","14","18","0","0","0","2","1","1","0","0","0","-2"
"121619","Santa Ana College","2013","On-tenure track, instructors","62","28","34","0","0","0","10","5","5","2","1","1","16","7","9","0","0","0","32","14","18","0","0","0","2","1","1","0","0","0","-2"
"121619","Santa Ana College","2013","Not on tenure track/No tenure system system total","5","3","2","0","0","0","0","0","0","0","0","0","1","1","0","0","0","0","3","2","1","0","0","0","0","0","0","1","0","1","-2"
"121619","Santa Ana College","2013","Not on tenure/no tenure system, instructors","5","3","2","0","0","0","0","0","0","0","0","0","1","1","0","0","0","0","3","2","1","0","0","0","0","0","0","1","0","1","-2"
"121691","University of Redlands","2013","Tenured total","142","74","68","0","0","0","16","9","7","5","2","3","2","1","1","0","0","0","116","60","56","0","0","0","2","1","1","1","1","0","-2"
"121691","University of Redlands","2013","Tenured, professors","94","54","40","0","0","0","10","8","2","2","2","0","2","1","1","0","0","0","79","43","36","0","0","0","1","0","1","0","0","0","-2"
"121691","University of Redlands","2013","Tenured, associate professors","48","20","28","0","0","0","6","1","5","3","0","3","0","0","0","0","0","0","37","17","20","0","0","0","1","1","0","1","1","0","-2"
"121691","University of Redlands","2013","On-Tenure track total","26","12","14","1","1","0","4","2","2","0","0","0","2","1","1","0","0","0","18","8","10","0","0","0","0","0","0","1","0","1","-2"
"121691","University of Redlands","2013","On-tenure track, professors","1","0","1","0","0","0","0","0","0","0","0","0","0","0","0","0","0","0","1","0","1","0","0","0","0","0","0","0","0","0","-2"
"121691","University of Redlands","2013","On-tenure track, associate professors","4","2","2","0","0","0","1","0","1","0","0","0","0","0","0","0","0","0","3","2","1","0","0","0","0","0","0","0","0","0","-2"
"121691","University of Redlands","2013","On-tenure track, assistant professors","21","10","11","1","1","0","3","2","1","0","0","0","2","1","1","0","0","0","14","6","8","0","0","0","0","0","0","1","0","1","-2"
"121691","University of Redlands","2013","Not on tenure track/No tenure system system total","30","18","12","0","0","0","2","1","1","3","2","1","2","2","0","0","0","0","22","12","10","0","0","0","1","1","0","0","0","0","-2"
"121691","University of Redlands","2013","Not on tenure/no tenure system, professors","2","2","0","0","0","0","1","1","0","0","0","0","0","0","0","0","0","0","1","1","0","0","0","0","0","0","0","0","0","0","-2"
"121691","University of Redlands","2013","Not on tenure/no tenure system, assistant professors","1","1","0","0","0","0","0","0","0","1","1","0","0","0","0","0","0","0","0","0","0","0","0","0","0","0","0","0","0","0","-2"
"121691","University of Redlands","2013","Not on tenure/no tenure system, lecturers","11","4","7","0","0","0","0","0","0","0","0","0","1","1","0","0","0","0","10","3","7","0","0","0","0","0","0","0","0","0","-2"
"121691","University of Redlands","2013","Not on tenure/no tenure system, no academic rank","16","11","5","0","0","0","1","0","1","2","1","1","1","1","0","0","0","0","11","8","3","0","0","0","1","1","0","0","0","0","-2"
"121886","Rio Hondo College","2013","Tenured total","162","80","82","2","2","0","13","6","7","5","3","2","49","21","28","0","0","0","90","47","43","2","1","1","1","0","1","0","0","0","-2"
"121886","Rio Hondo College","2013","Tenured, instructors","162","80","82","2","2","0","13","6","7","5","3","2","49","21","28","0","0","0","90","47","43","2","1","1","1","0","1","0","0","0","-2"
"121886","Rio Hondo College","2013","On-Tenure track total","18","10","8","0","0","0","3","1","2","1","1","0","8","3","5","0","0","0","4","3","1","1","1","0","0","0","0","1","1","0","-2"
"121886","Rio Hondo College","2013","On-tenure track, instructors","18","10","8","0","0","0","3","1","2","1","1","0","8","3","5","0","0","0","4","3","1","1","1","0","0","0","0","1","1","0","-2"
"122375","San Diego Mesa College","2013","Tenured total","227","116","111","2","1","1","22","8","14","19","12","7","28","13","15","0","0","0","134","70","64","0","0","0","22","12","10","0","0","0","-2"
"122375","San Diego Mesa College","2013","Tenured, instructors","227","116","111","2","1","1","22","8","14","19","12","7","28","13","15","0","0","0","134","70","64","0","0","0","22","12","10","0","0","0","-2"
"122375","San Diego Mesa College","2013","On-Tenure track total","12","1","11","0","0","0","0","0","0","0","0","0","1","1","0","0","0","0","6","0","6","0","0","0","4","0","4","1","0","1","-2"
"122375","San Diego Mesa College","2013","On-tenure track, instructors","12","1","11","0","0","0","0","0","0","0","0","0","1","1","0","0","0","0","6","0","6","0","0","0","4","0","4","1","0","1","-2"
"122977","Santa Monica College","2013","Tenured total","260","111","149","0","0","0","28","12","16","32","13","19","34","13","21","0","0","0","156","71","85","0","0","0","1","0","1","9","2","7","-2"
"122977","Santa Monica College","2013","Tenured, instructors","260","111","149","0","0","0","28","12","16","32","13","19","34","13","21","0","0","0","156","71","85","0","0","0","1","0","1","9","2","7","-2"
"122977","Santa Monica College","2013","On-Tenure track total","45","19","26","0","0","0","5","1","4","3","2","1","5","3","2","2","0","2","18","8","10","1","0","1","0","0","0","11","5","6","-2"
"122977","Santa Monica College","2013","On-tenure track, instructors","45","19","26","0","0","0","5","1","4","3","2","1","5","3","2","2","0","2","18","8","10","1","0","1","0","0","0","11","5","6","-2"
"122977","Santa Monica College","2013","Not on tenure track/No tenure system system total","3","2","1","0","0","0","0","0","0","0","0","0","3","2","1","0","0","0","0","0","0","0","0","0","0","0","0","0","0","0","-2"
"122977","Santa Monica College","2013","Not on tenure/no tenure system, instructors","3","2","1","0","0","0","0","0","0","0","0","0","3","2","1","0","0","0","0","0","0","0","0","0","0","0","0","0","0","0","-2"
"123509","Skyline College","2013","Tenured total","89","47","42","0","0","0","17","8","9","5","5","0","16","7","9","0","0","0","50","27","23","0","0","0","0","0","0","1","0","1","-2"
"123509","Skyline College","2013","Tenured, instructors","89","47","42","0","0","0","17","8","9","5","5","0","16","7","9","0","0","0","50","27","23","0","0","0","0","0","0","1","0","1","-2"
"123509","Skyline College","2013","On-Tenure track total","34","15","19","0","0","0","6","2","4","3","1","2","6","1","5","0","0","0","10","6","4","0","0","0","9","5","4","0","0","0","-2"
"123509","Skyline College","2013","On-tenure track, instructors","34","15","19","0","0","0","6","2","4","3","1","2","6","1","5","0","0","0","10","6","4","0","0","0","9","5","4","0","0","0","-2"
"123509","Skyline College","2013","Not on tenure track/No tenure system system total","8","7","1","0","0","0","0","0","0","0","0","0","1","1","0","0","0","0","7","6","1","0","0","0","0","0","0","0","0","0","-2"
"123509","Skyline College","2013","Not on tenure/no tenure system, instructors","8","7","1","0","0","0","0","0","0","0","0","0","1","1","0","0","0","0","7","6","1","0","0","0","0","0","0","0","0","0","-2"
"123554","Saint Mary's College of California","2013","Tenured total","133","70","63","1","0","1","17","10","7","3","1","2","7","4","3","0","0","0","100","53","47","0","0","0","4","2","2","1","0","1","-2"
"123554","Saint Mary's College of California","2013","Tenured, professors","77","46","31","0","0","0","7","6","1","0","0","0","5","3","2","0","0","0","64","36","28","0","0","0","1","1","0","0","0","0","-2"
"123554","Saint Mary's College of California","2013","Tenured, associate professors","56","24","32","1","0","1","10","4","6","3","1","2","2","1","1","0","0","0","36","17","19","0","0","0","3","1","2","1","0","1","-2"
"123554","Saint Mary's College of California","2013","On-Tenure track total","43","15","28","0","0","0","7","1","6","0","0","0","5","1","4","0","0","0","17","7","10","1","1","0","7","3","4","6","2","4","-2"
"123554","Saint Mary's College of California","2013","On-tenure track, associate professors","12","5","7","0","0","0","1","0","1","0","0","0","0","0","0","0","0","0","7","4","3","0","0","0","2","1","1","2","0","2","-2"
"123554","Saint Mary's College of California","2013","On-tenure track, assistant professors","31","10","21","0","0","0","6","1","5","0","0","0","5","1","4","0","0","0","10","3","7","1","1","0","5","2","3","4","2","2","-2"
"123554","Saint Mary's College of California","2013","Not on tenure track/No tenure system system total","27","13","14","0","0","0","2","0","2","0","0","0","1","1","0","0","0","0","19","8","11","0","0","0","4","3","1","1","1","0","-2"
"123554","Saint Mary's College of California","2013","Not on tenure/no tenure system, associate professors","15","7","8","0","0","0","1","0","1","0","0","0","0","0","0","0","0","0","10","3","7","0","0","0","3","3","0","1","1","0","-2"
"123554","Saint Mary's College of California","2013","Not on tenure/no tenure system, assistant professors","12","6","6","0","0","0","1","0","1","0","0","0","1","1","0","0","0","0","9","5","4","0","0","0","1","0","1","0","0","0","-2"
"123563","Solano Community College","2013","Tenured total","125","56","69","0","0","0","6","3","3","10","4","6","14","5","9","0","0","0","95","44","51","0","0","0","0","0","0","0","0","0","-2"
"123563","Solano Community College","2013","Tenured, instructors","125","56","69","0","0","0","6","3","3","10","4","6","14","5","9","0","0","0","95","44","51","0","0","0","0","0","0","0","0","0","-2"
"123563","Solano Community College","2013","On-Tenure track total","21","8","13","0","0","0","0","0","0","1","1","0","1","0","1","0","0","0","19","7","12","0","0","0","0","0","0","0","0","0","-2"
"123563","Solano Community College","2013","On-tenure track, instructors","21","8","13","0","0","0","0","0","0","1","1","0","1","0","1","0","0","0","19","7","12","0","0","0","0","0","0","0","0","0","-2"
"123563","Solano Community College","2013","Not on tenure track/No tenure system system total","3","1","2","0","0","0","0","0","0","0","0","0","0","0","0","0","0","0","3","1","2","0","0","0","0","0","0","0","0","0","-2"
"123563","Solano Community College","2013","Not on tenure/no tenure system, instructors","3","1","2","0","0","0","0","0","0","0","0","0","0","0","0","0","0","0","3","1","2","0","0","0","0","0","0","0","0","0","-2"
"123572","Sonoma State University","2013","Tenured total","182","98","84","0","0","0","16","11","5","3","1","2","13","7","6","1","1","0","140","73","67","3","2","1","6","3","3","0","0","0","-2"
"123572","Sonoma State University","2013","Tenured, professors","125","67","58","0","0","0","11","8","3","3","1","2","6","3","3","1","1","0","98","51","47","2","1","1","4","2","2","0","0","0","-2"
"123572","Sonoma State University","2013","Tenured, associate professors","56","31","25","0","0","0","5","3","2","0","0","0","7","4","3","0","0","0","41","22","19","1","1","0","2","1","1","0","0","0","-2"
"123572","Sonoma State University","2013","Tenured, assistant professors","1","0","1","0","0","0","0","0","0","0","0","0","0","0","0","0","0","0","1","0","1","0","0","0","0","0","0","0","0","0","-2"
"123572","Sonoma State University","2013","On-Tenure track total","30","12","18","1","0","1","4","3","1","1","0","1","1","0","1","0","0","0","21","8","13","0","0","0","1","0","1","1","1","0","-2"
"123572","Sonoma State University","2013","On-tenure track, associate professors","1","0","1","0","0","0","0","0","0","0","0","0","0","0","0","0","0","0","1","0","1","0","0","0","0","0","0","0","0","0","-2"
"123572","Sonoma State University","2013","On-tenure track, assistant professors","29","12","17","1","0","1","4","3","1","1","0","1","1","0","1","0","0","0","20","8","12","0","0","0","1","0","1","1","1","0","-2"
"123572","Sonoma State University","2013","Not on tenure track/No tenure system system total","34","17","17","0","0","0","1","1","0","0","0","0","0","0","0","0","0","0","30","15","15","1","0","1","2","1","1","0","0","0","-2"
"123572","Sonoma State University","2013","Not on tenure/no tenure system, lecturers","34","17","17","0","0","0","1","1","0","0","0","0","0","0","0","0","0","0","30","15","15","1","0","1","2","1","1","0","0","0","-2"
"123651","Vanguard University of Southern California","2013","Tenured total","46","26","20","0","0","0","2","1","1","1","1","0","2","1","1","0","0","0","40","23","17","1","0","1","0","0","0","0","0","0","-2"
"123651","Vanguard University of Southern California","2013","Tenured, professors","29","20","9","0","0","0","1","0","1","0","0","0","2","1","1","0","0","0","25","19","6","1","0","1","0","0","0","0","0","0","-2"
"123651","Vanguard University of Southern California","2013","Tenured, associate professors","15","5","10","0","0","0","0","0","0","1","1","0","0","0","0","0","0","0","14","4","10","0","0","0","0","0","0","0","0","0","-2"
"123651","Vanguard University of Southern California","2013","Tenured, assistant professors","2","1","1","0","0","0","1","1","0","0","0","0","0","0","0","0","0","0","1","0","1","0","0","0","0","0","0","0","0","0","-2"
"123651","Vanguard University of Southern California","2013","On-Tenure track total","15","8","7","0","0","0","4","2","2","0","0","0","0","0","0","0","0","0","11","6","5","0","0","0","0","0","0","0","0","0","-2"
"123651","Vanguard University of Southern California","2013","On-tenure track, professors","1","1","0","0","0","0","1","1","0","0","0","0","0","0","0","0","0","0","0","0","0","0","0","0","0","0","0","0","0","0","-2"
"123651","Vanguard University of Southern California","2013","On-tenure track, associate professors","1","1","0","0","0","0","0","0","0","0","0","0","0","0","0","0","0","0","1","1","0","0","0","0","0","0","0","0","0","0","-2"
"123651","Vanguard University of Southern California","2013","On-tenure track, assistant professors","13","6","7","0","0","0","3","1","2","0","0","0","0","0","0","0","0","0","10","5","5","0","0","0","0","0","0","0","0","0","-2"
"123651","Vanguard University of Southern California","2013","Not on tenure track/No tenure system system total","6","2","4","0","0","0","0","0","0","0","0","0","0","0","0","0","0","0","6","2","4","0","0","0","0","0","0","0","0","0","-2"
"123651","Vanguard University of Southern California","2013","Not on tenure/no tenure system, assistant professors","6","2","4","0","0","0","0","0","0","0","0","0","0","0","0","0","0","0","6","2","4","0","0","0","0","0","0","0","0","0","-2"
"125471","West Los Angeles College","2013","Tenured total","64","28","36","0","0","0","9","3","6","17","5","12","5","1","4","0","0","0","31","17","14","0","0","0","2","2","0","0","0","0","-2"
"125471","West Los Angeles College","2013","Tenured, instructors","64","28","36","0","0","0","9","3","6","17","5","12","5","1","4","0","0","0","31","17","14","0","0","0","2","2","0","0","0","0","-2"
"125471","West Los Angeles College","2013","On-Tenure track total","14","4","10","0","0","0","1","1","0","2","0","2","4","2","2","0","0","0","2","0","2","0","0","0","5","1","4","0","0","0","-2"
"125471","West Los Angeles College","2013","On-tenure track, instructors","14","4","10","0","0","0","1","1","0","2","0","2","4","2","2","0","0","0","2","0","2","0","0","0","5","1","4","0","0","0","-2"
"125471","West Los Angeles College","2013","Not on tenure track/No tenure system system total","17","10","7","0","0","0","2","2","0","1","1","0","3","1","2","0","0","0","8","4","4","0","0","0","3","2","1","0","0","0","-2"
"125471","West Los Angeles College","2013","Not on tenure/no tenure system, instructors","17","10","7","0","0","0","2","2","0","1","1","0","3","1","2","0","0","0","8","4","4","0","0","0","3","2","1","0","0","0","-2"
"125763","Whittier College","2013","Tenured total","85","48","37","0","0","0","3","1","2","3","1","2","10","7","3","0","0","0","69","39","30","0","0","0","0","0","0","0","0","0","-2"
"125763","Whittier College","2013","Tenured, professors","47","31","16","0","0","0","1","1","0","1","1","0","2","2","0","0","0","0","43","27","16","0","0","0","0","0","0","0","0","0","-2"
"125763","Whittier College","2013","Tenured, associate professors","37","17","20","0","0","0","2","0","2","2","0","2","8","5","3","0","0","0","25","12","13","0","0","0","0","0","0","0","0","0","-2"
"125763","Whittier College","2013","Tenured, assistant professors","1","0","1","0","0","0","0","0","0","0","0","0","0","0","0","0","0","0","1","0","1","0","0","0","0","0","0","0","0","0","-2"
"125763","Whittier College","2013","On-Tenure track total","33","16","17","0","0","0","5","2","3","2","2","0","4","3","1","0","0","0","18","6","12","0","0","0","2","1","1","2","2","0","-2"
"125763","Whittier College","2013","On-tenure track, assistant professors","33","16","17","0","0","0","5","2","3","2","2","0","4","3","1","0","0","0","18","6","12","0","0","0","2","1","1","2","2","0","-2"
"125763","Whittier College","2013","Not on tenure track/No tenure system system total","29","4","25","0","0","0","1","0","1","2","1","1","6","0","6","0","0","0","19","3","16","0","0","0","1","0","1","0","0","0","-2"
"125763","Whittier College","2013","Not on tenure/no tenure system, professors","9","1","8","0","0","0","1","0","1","0","0","0","1","0","1","0","0","0","7","1","6","0","0","0","0","0","0","0","0","0","-2"
"125763","Whittier College","2013","Not on tenure/no tenure system, associate professors","1","0","1","0","0","0","0","0","0","0","0","0","1","0","1","0","0","0","0","0","0","0","0","0","0","0","0","0","0","0","-2"
"125763","Whittier College","2013","Not on tenure/no tenure system, assistant professors","16","3","13","0","0","0","0","0","0","2","1","1","2","0","2","0","0","0","11","2","9","0","0","0","1","0","1","0","0","0","-2"
"125763","Whittier College","2013","Not on tenure/no tenure system, instructors","2","0","2","0","0","0","0","0","0","0","0","0","2","0","2","0","0","0","0","0","0","0","0","0","0","0","0","0","0","0","-2"
"125763","Whittier College","2013","Not on tenure/no tenure system, lecturers","1","0","1","0","0","0","0","0","0","0","0","0","0","0","0","0","0","0","1","0","1","0","0","0","0","0","0","0","0","0","-2"
"125897","Woodbury University","2013","Not on tenure track/No tenure system system total","79","40","39","0","0","0","7","3","4","1","0","1","4","4","0","0","0","0","67","33","34","0","0","0","0","0","0","0","0","0","-2"
"125897","Woodbury University","2013","Not on tenure/no tenure system, professors","19","8","11","0","0","0","3","2","1","0","0","0","0","0","0","0","0","0","16","6","10","0","0","0","0","0","0","0","0","0","-2"
"125897","Woodbury University","2013","Not on tenure/no tenure system, associate professors","28","14","14","0","0","0","1","1","0","1","0","1","1","1","0","0","0","0","25","12","13","0","0","0","0","0","0","0","0","0","-2"
"125897","Woodbury University","2013","Not on tenure/no tenure system, assistant professors","29","17","12","0","0","0","3","0","3","0","0","0","3","3","0","0","0","0","23","14","9","0","0","0","0","0","0","0","0","0","-2"
"125897","Woodbury University","2013","Not on tenure/no tenure system, lecturers","3","1","2","0","0","0","0","0","0","0","0","0","0","0","0","0","0","0","3","1","2","0","0","0","0","0","0","0","0","0","-2"
"126182","Adams State University","2013","Tenured total","64","36","28","0","0","0","0","0","0","0","0","0","9","5","4","1","0","1","51","29","22","1","1","0","2","1","1","0","0","0","-2"
"126182","Adams State University","2013","Tenured, professors","43","27","16","0","0","0","0","0","0","0","0","0","4","3","1","0","0","0","37","22","15","1","1","0","1","1","0","0","0","0","-2"
"126182","Adams State University","2013","Tenured, associate professors","16","6","10","0","0","0","0","0","0","0","0","0","3","1","2","0","0","0","12","5","7","0","0","0","1","0","1","0","0","0","-2"
"126182","Adams State University","2013","Tenured, assistant professors","5","3","2","0","0","0","0","0","0","0","0","0","2","1","1","1","0","1","2","2","0","0","0","0","0","0","0","0","0","0","-2"
"126182","Adams State University","2013","On-Tenure track total","35","18","17","0","0","0","3","2","1","0","0","0","5","1","4","0","0","0","26","14","12","0","0","0","1","1","0","0","0","0","-2"
"126182","Adams State University","2013","On-tenure track, assistant professors","34","18","16","0","0","0","3","2","1","0","0","0","5","1","4","0","0","0","25","14","11","0","0","0","1","1","0","0","0","0","-2"
"126182","Adams State University","2013","On-tenure track, no academic rank","1","0","1","0","0","0","0","0","0","0","0","0","0","0","0","0","0","0","1","0","1","0","0","0","0","0","0","0","0","0","-2"
"126182","Adams State University","2013","Not on tenure track/No tenure system system total","12","5","7","0","0","0","0","0","0","0","0","0","2","1","1","1","1","0","9","3","6","0","0","0","0","0","0","0","0","0","-2"
"126182","Adams State University","2013","Not on tenure/no tenure system, no academic rank","12","5","7","0","0","0","0","0","0","0","0","0","2","1","1","1","1","0","9","3","6","0","0","0","0","0","0","0","0","0","-2"
"126562","University of Colorado Denver/Anschutz Medical Campus","2013","Tenured total","538","380","158","3","1","2","37","24","13","5","4","1","24","16","8","0","0","0","457","329","128","1","0","1","11","6","5","0","0","0","-2"
"126562","University of Colorado Denver/Anschutz Medical Campus","2013","Tenured, professors","348","269","79","1","0","1","19","14","5","3","3","0","12","8","4","0","0","0","310","242","68","0","0","0","3","2","1","0","0","0","-2"
"126562","University of Colorado Denver/Anschutz Medical Campus","2013","Tenured, associate professors","190","111","79","2","1","1","18","10","8","2","1","1","12","8","4","0","0","0","147","87","60","1","0","1","8","4","4","0","0","0","-2"
"126562","University of Colorado Denver/Anschutz Medical Campus","2013","On-Tenure track total","1461","754","707","7","3","4","151","85","66","18","4","14","64","35","29","4","1","3","1056","543","513","6","2","4","132","67","65","23","14","9","-2"
"126562","University of Colorado Denver/Anschutz Medical Campus","2013","On-tenure track, professors","158","107","51","0","0","0","14","9","5","0","0","0","4","3","1","0","0","0","128","87","41","1","0","1","11","8","3","0","0","0","-2"
"126562","University of Colorado Denver/Anschutz Medical Campus","2013","On-tenure track, associate professors","446","230","216","5","1","4","38","25","13","2","0","2","16","10","6","0","0","0","347","172","175","3","1","2","34","20","14","1","1","0","-2"
"126562","University of Colorado Denver/Anschutz Medical Campus","2013","On-tenure track, assistant professors","857","417","440","2","2","0","99","51","48","16","4","12","44","22","22","4","1","3","581","284","297","2","1","1","87","39","48","22","13","9","-2"
"126562","University of Colorado Denver/Anschutz Medical Campus","2013","Not on tenure track/No tenure system system total","1122","353","769","9","3","6","46","22","24","14","6","8","47","16","31","1","1","0","840","262","578","3","2","1","148","35","113","14","6","8","-2"
"126562","University of Colorado Denver/Anschutz Medical Campus","2013","Not on tenure/no tenure system, professors","10","5","5","0","0","0","0","0","0","0","0","0","0","0","0","0","0","0","10","5","5","0","0","0","0","0","0","0","0","0","-2"
"126562","University of Colorado Denver/Anschutz Medical Campus","2013","Not on tenure/no tenure system, associate professors","26","18","8","1","1","0","1","0","1","0","0","0","1","1","0","0","0","0","22","15","7","0","0","0","0","0","0","1","1","0","-2"
"126562","University of Colorado Denver/Anschutz Medical Campus","2013","Not on tenure/no tenure system, assistant professors","57","32","25","0","0","0","7","2","5","1","1","0","7","5","2","1","1","0","34","20","14","0","0","0","3","2","1","4","1","3","-2"
"126562","University of Colorado Denver/Anschutz Medical Campus","2013","Not on tenure/no tenure system, instructors","1029","298","731","8","2","6","38","20","18","13","5","8","39","10","29","0","0","0","774","222","552","3","2","1","145","33","112","9","4","5","-2"
"126711","Colorado Mountain College","2013","Not on tenure track/No tenure system system total","110","58","52","0","0","0","4","3","1","0","0","0","4","3","1","0","0","0","96","49","47","2","1","1","4","2","2","0","0","0","-2"
"126711","Colorado Mountain College","2013","Not on tenure/no tenure system, professors","27","15","12","0","0","0","0","0","0","0","0","0","1","1","0","0","0","0","26","14","12","0","0","0","0","0","0","0","0","0","-2"
"126711","Colorado Mountain College","2013","Not on tenure/no tenure system, associate professors","54","26","28","0","0","0","2","2","0","0","0","0","1","0","1","0","0","0","46","21","25","2","1","1","3","2","1","0","0","0","-2"
"126711","Colorado Mountain College","2013","Not on tenure/no tenure system, assistant professors","24","13","11","0","0","0","2","1","1","0","0","0","1","1","0","0","0","0","20","11","9","0","0","0","1","0","1","0","0","0","-2"
"126711","Colorado Mountain College","2013","Not on tenure/no tenure system, instructors","5","4","1","0","0","0","0","0","0","0","0","0","1","1","0","0","0","0","4","3","1","0","0","0","0","0","0","0","0","0","-2"
"126942","Community College of Denver","2013","Not on tenure track/No tenure system system total","123","52","71","2","0","2","6","2","4","8","4","4","4","1","3","0","0","0","101","45","56","1","0","1","1","0","1","0","0","0","-2"
"126942","Community College of Denver","2013","Not on tenure/no tenure system, professors","32","14","18","0","0","0","2","1","1","4","1","3","1","0","1","0","0","0","25","12","13","0","0","0","0","0","0","0","0","0","-2"
"126942","Community College of Denver","2013","Not on tenure/no tenure system, associate professors","21","10","11","0","0","0","2","1","1","0","0","0","1","1","0","0","0","0","18","8","10","0","0","0","0","0","0","0","0","0","-2"
"126942","Community College of Denver","2013","Not on tenure/no tenure system, assistant professors","21","9","12","0","0","0","0","0","0","1","1","0","0","0","0","0","0","0","19","8","11","1","0","1","0","0","0","0","0","0","-2"
"126942","Community College of Denver","2013","Not on tenure/no tenure system, instructors","49","19","30","2","0","2","2","0","2","3","2","1","2","0","2","0","0","0","39","17","22","0","0","0","1","0","1","0","0","0","-2"
"127617","Morgan Community College","2013","Not on tenure track/No tenure system system total","32","12","20","0","0","0","0","0","0","0","0","0","0","0","0","0","0","0","32","12","20","0","0","0","0","0","0","0","0","0","-2"
"127617","Morgan Community College","2013","Not on tenure/no tenure system, no academic rank","32","12","20","0","0","0","0","0","0","0","0","0","0","0","0","0","0","0","32","12","20","0","0","0","0","0","0","0","0","0","-2"
"127884","Pueblo Community College","2013","Not on tenure track/No tenure system system total","103","40","63","1","1","0","0","0","0","0","0","0","17","9","8","0","0","0","81","29","52","0","0","0","4","1","3","0","0","0","-2"
"127884","Pueblo Community College","2013","Not on tenure/no tenure system, no academic rank","103","40","63","1","1","0","0","0","0","0","0","0","17","9","8","0","0","0","81","29","52","0","0","0","4","1","3","0","0","0","-2"
"128106","Colorado State University Pueblo","2013","Tenured total","106","63","43","0","0","0","9","5","4","3","2","1","14","5","9","0","0","0","72","46","26","0","0","0","8","5","3","0","0","0","-2"
"128106","Colorado State University Pueblo","2013","Tenured, professors","43","33","10","0","0","0","3","3","0","2","2","0","7","3","4","0","0","0","27","21","6","0","0","0","4","4","0","0","0","0","-2"
"128106","Colorado State University Pueblo","2013","Tenured, associate professors","54","26","28","0","0","0","5","2","3","0","0","0","7","2","5","0","0","0","38","21","17","0","0","0","4","1","3","0","0","0","-2"
"128106","Colorado State University Pueblo","2013","Tenured, assistant professors","9","4","5","0","0","0","1","0","1","1","0","1","0","0","0","0","0","0","7","4","3","0","0","0","0","0","0","0","0","0","-2"
"128106","Colorado State University Pueblo","2013","On-Tenure track total","28","18","10","0","0","0","3","3","0","0","0","0","3","2","1","0","0","0","19","11","8","1","0","1","2","2","0","0","0","0","-2"
"128106","Colorado State University Pueblo","2013","On-tenure track, associate professors","1","0","1","0","0","0","0","0","0","0","0","0","0","0","0","0","0","0","1","0","1","0","0","0","0","0","0","0","0","0","-2"
"128106","Colorado State University Pueblo","2013","On-tenure track, assistant professors","27","18","9","0","0","0","3","3","0","0","0","0","3","2","1","0","0","0","18","11","7","1","0","1","2","2","0","0","0","0","-2"
"128106","Colorado State University Pueblo","2013","Not on tenure track/No tenure system system total","57","28","29","0","0","0","2","2","0","0","0","0","5","3","2","0","0","0","43","18","25","0","0","0","6","5","1","1","0","1","-2"
"128106","Colorado State University Pueblo","2013","Not on tenure/no tenure system, professors","1","1","0","0","0","0","1","1","0","0","0","0","0","0","0","0","0","0","0","0","0","0","0","0","0","0","0","0","0","0","-2"
"128106","Colorado State University Pueblo","2013","Not on tenure/no tenure system, assistant professors","17","8","9","0","0","0","1","1","0","0","0","0","2","2","0","0","0","0","12","4","8","0","0","0","2","1","1","0","0","0","-2"
"128106","Colorado State University Pueblo","2013","Not on tenure/no tenure system, instructors","2","0","2","0","0","0","0","0","0","0","0","0","0","0","0","0","0","0","2","0","2","0","0","0","0","0","0","0","0","0","-2"
"128106","Colorado State University Pueblo","2013","Not on tenure/no tenure system, lecturers","31","14","17","0","0","0","0","0","0","0","0","0","3","1","2","0","0","0","24","10","14","0","0","0","3","3","0","1","0","1","-2"
"128106","Colorado State University Pueblo","2013","Not on tenure/no tenure system, no academic rank","6","5","1","0","0","0","0","0","0","0","0","0","0","0","0","0","0","0","5","4","1","0","0","0","1","1","0","0","0","0","-2"
"128744","University of Bridgeport","2013","Tenured total","54","37","17","0","0","0","12","10","2","2","2","0","1","0","1","0","0","0","39","25","14","0","0","0","0","0","0","0","0","0","-2"
"128744","University of Bridgeport","2013","Tenured, professors","18","15","3","0","0","0","4","3","1","0","0","0","0","0","0","0","0","0","14","12","2","0","0","0","0","0","0","0","0","0","-2"
"128744","University of Bridgeport","2013","Tenured, associate professors","34","22","12","0","0","0","8","7","1","2","2","0","1","0","1","0","0","0","23","13","10","0","0","0","0","0","0","0","0","0","-2"
"128744","University of Bridgeport","2013","Tenured, assistant professors","2","0","2","0","0","0","0","0","0","0","0","0","0","0","0","0","0","0","2","0","2","0","0","0","0","0","0","0","0","0","-2"
"128744","University of Bridgeport","2013","On-Tenure track total","36","18","18","0","0","0","4","3","1","1","0","1","0","0","0","0","0","0","31","15","16","0","0","0","0","0","0","0","0","0","-2"
"128744","University of Bridgeport","2013","On-tenure track, associate professors","11","6","5","0","0","0","1","0","1","0","0","0","0","0","0","0","0","0","10","6","4","0","0","0","0","0","0","0","0","0","-2"
"128744","University of Bridgeport","2013","On-tenure track, assistant professors","25","12","13","0","0","0","3","3","0","1","0","1","0","0","0","0","0","0","21","9","12","0","0","0","0","0","0","0","0","0","-2"
"128744","University of Bridgeport","2013","Not on tenure track/No tenure system system total","31","19","12","0","0","0","2","1","1","0","0","0","0","0","0","0","0","0","29","18","11","0","0","0","0","0","0","0","0","0","-2"
"128744","University of Bridgeport","2013","Not on tenure/no tenure system, associate professors","4","3","1","0","0","0","0","0","0","0","0","0","0","0","0","0","0","0","4","3","1","0","0","0","0","0","0","0","0","0","-2"
"128744","University of Bridgeport","2013","Not on tenure/no tenure system, assistant professors","11","6","5","0","0","0","0","0","0","0","0","0","0","0","0","0","0","0","11","6","5","0","0","0","0","0","0","0","0","0","-2"
"128744","University of Bridgeport","2013","Not on tenure/no tenure system, lecturers","16","10","6","0","0","0","2","1","1","0","0","0","0","0","0","0","0","0","14","9","5","0","0","0","0","0","0","0","0","0","-2"
"131876","Trinity Washington University","2013","Tenured total","25","5","20","0","0","0","3","2","1","3","1","2","2","1","1","0","0","0","17","1","16","0","0","0","0","0","0","0","0","0","-2"
"131876","Trinity Washington University","2013","Tenured, professors","8","0","8","0","0","0","1","0","1","1","0","1","0","0","0","0","0","0","6","0","6","0","0","0","0","0","0","0","0","0","-2"
"131876","Trinity Washington University","2013","Tenured, associate professors","17","5","12","0","0","0","2","2","0","2","1","1","2","1","1","0","0","0","11","1","10","0","0","0","0","0","0","0","0","0","-2"
"131876","Trinity Washington University","2013","On-Tenure track total","16","3","13","0","0","0","1","0","1","8","2","6","0","0","0","0","0","0","7","1","6","0","0","0","0","0","0","0","0","0","-2"
"131876","Trinity Washington University","2013","On-tenure track, associate professors","1","0","1","0","0","0","0","0","0","0","0","0","0","0","0","0","0","0","1","0","1","0","0","0","0","0","0","0","0","0","-2"
"131876","Trinity Washington University","2013","On-tenure track, assistant professors","15","3","12","0","0","0","1","0","1","8","2","6","0","0","0","0","0","0","6","1","5","0","0","0","0","0","0","0","0","0","-2"
"131876","Trinity Washington University","2013","Not on tenure track/No tenure system system total","30","9","21","0","0","0","1","0","1","12","4","8","0","0","0","0","0","0","17","5","12","0","0","0","0","0","0","0","0","0","-2"
"131876","Trinity Washington University","2013","Not on tenure/no tenure system, professors","3","0","3","0","0","0","0","0","0","0","0","0","0","0","0","0","0","0","3","0","3","0","0","0","0","0","0","0","0","0","-2"
"131876","Trinity Washington University","2013","Not on tenure/no tenure system, associate professors","1","0","1","0","0","0","1","0","1","0","0","0","0","0","0","0","0","0","0","0","0","0","0","0","0","0","0","0","0","0","-2"
"131876","Trinity Washington University","2013","Not on tenure/no tenure system, assistant professors","24","9","15","0","0","0","0","0","0","11","4","7","0","0","0","0","0","0","13","5","8","0","0","0","0","0","0","0","0","0","-2"
"131876","Trinity Washington University","2013","Not on tenure/no tenure system, instructors","2","0","2","0","0","0","0","0","0","1","0","1","0","0","0","0","0","0","1","0","1","0","0","0","0","0","0","0","0","0","-2"
"132471","Barry University","2013","Tenured total","16","10","6","0","0","0","1","0","1","2","2","0","0","0","0","0","0","0","13","8","5","0","0","0","0","0","0","0","0","0","-2"
"132471","Barry University","2013","Tenured, professors","9","5","4","0","0","0","0","0","0","2","2","0","0","0","0","0","0","0","7","3","4","0","0","0","0","0","0","0","0","0","-2"
"132471","Barry University","2013","Tenured, associate professors","7","5","2","0","0","0","1","0","1","0","0","0","0","0","0","0","0","0","6","5","1","0","0","0","0","0","0","0","0","0","-2"
"132471","Barry University","2013","On-Tenure track total","15","5","10","0","0","0","1","0","1","1","0","1","2","2","0","0","0","0","9","3","6","2","0","2","0","0","0","0","0","0","-2"
"132471","Barry University","2013","On-tenure track, associate professors","9","4","5","0","0","0","1","0","1","0","0","0","2","2","0","0","0","0","5","2","3","1","0","1","0","0","0","0","0","0","-2"
"132471","Barry University","2013","On-tenure track, assistant professors","6","1","5","0","0","0","0","0","0","1","0","1","0","0","0","0","0","0","4","1","3","1","0","1","0","0","0","0","0","0","-2"
"132471","Barry University","2013","Not on tenure track/No tenure system system total","327","148","179","2","1","1","17","9","8","26","3","23","60","30","30","0","0","0","199","96","103","3","1","2","14","5","9","6","3","3","-2"
"132471","Barry University","2013","Not on tenure/no tenure system, professors","64","39","25","1","1","0","6","5","1","3","0","3","7","6","1","0","0","0","47","27","20","0","0","0","0","0","0","0","0","0","-2"
"132471","Barry University","2013","Not on tenure/no tenure system, associate professors","100","46","54","1","0","1","2","1","1","8","3","5","21","6","15","0","0","0","64","34","30","1","1","0","3","1","2","0","0","0","-2"
"132471","Barry University","2013","Not on tenure/no tenure system, assistant professors","126","47","79","0","0","0","9","3","6","12","0","12","18","11","7","0","0","0","73","27","46","0","0","0","8","3","5","6","3","3","-2"
"132471","Barry University","2013","Not on tenure/no tenure system, instructors","36","15","21","0","0","0","0","0","0","3","0","3","14","7","7","0","0","0","14","7","7","2","0","2","3","1","2","0","0","0","-2"
"132471","Barry University","2013","Not on tenure/no tenure system, lecturers","1","1","0","0","0","0","0","0","0","0","0","0","0","0","0","0","0","0","1","1","0","0","0","0","0","0","0","0","0","0","-2"
"132709","Broward College","2013","Tenured total","296","143","153","5","0","5","13","10","3","46","17","29","54","30","24","0","0","0","170","83","87","0","0","0","8","3","5","0","0","0","-2"
"132709","Broward College","2013","Tenured, professors","61","36","25","2","0","2","4","2","2","5","2","3","10","7","3","0","0","0","40","25","15","0","0","0","0","0","0","0","0","0","-2"
"132709","Broward College","2013","Tenured, associate professors","24","10","14","0","0","0","0","0","0","5","1","4","4","2","2","0","0","0","15","7","8","0","0","0","0","0","0","0","0","0","-2"
"132709","Broward College","2013","Tenured, assistant professors","190","87","103","3","0","3","9","8","1","34","13","21","37","19","18","0","0","0","100","45","55","0","0","0","7","2","5","0","0","0","-2"
"132709","Broward College","2013","Tenured, instructors","21","10","11","0","0","0","0","0","0","2","1","1","3","2","1","0","0","0","15","6","9","0","0","0","1","1","0","0","0","0","-2"
"132709","Broward College","2013","On-Tenure track total","86","39","47","0","0","0","3","2","1","21","9","12","16","6","10","0","0","0","39","17","22","0","0","0","6","5","1","1","0","1","-2"
"132709","Broward College","2013","On-tenure track, assistant professors","81","37","44","0","0","0","3","2","1","20","9","11","14","5","9","0","0","0","37","16","21","0","0","0","6","5","1","1","0","1","-2"
"132709","Broward College","2013","On-tenure track, instructors","5","2","3","0","0","0","0","0","0","1","0","1","2","1","1","0","0","0","2","1","1","0","0","0","0","0","0","0","0","0","-2"
"132709","Broward College","2013","Not on tenure track/No tenure system system total","24","14","10","1","0","1","1","1","0","3","0","3","1","0","1","0","0","0","12","9","3","0","0","0","6","4","2","0","0","0","-2"
"132709","Broward College","2013","Not on tenure/no tenure system, assistant professors","7","6","1","0","0","0","0","0","0","0","0","0","0","0","0","0","0","0","5","5","0","0","0","0","2","1","1","0","0","0","-2"
"132709","Broward College","2013","Not on tenure/no tenure system, instructors","2","2","0","0","0","0","0","0","0","0","0","0","0","0","0","0","0","0","2","2","0","0","0","0","0","0","0","0","0","0","-2"
"132709","Broward College","2013","Not on tenure/no tenure system, lecturers","15","6","9","1","0","1","1","1","0","3","0","3","1","0","1","0","0","0","5","2","3","0","0","0","4","3","1","0","0","0","-2"
"132903","University of Central Florida","2013","Tenured total","581","416","165","3","3","0","99","82","17","30","19","11","34","23","11","0","0","0","410","286","124","1","0","1","1","1","0","3","2","1","-2"
"132903","University of Central Florida","2013","Tenured, professors","242","188","54","0","0","0","46","40","6","4","2","2","10","8","2","0","0","0","179","136","43","1","0","1","1","1","0","1","1","0","-2"
"132903","University of Central Florida","2013","Tenured, associate professors","335","224","111","3","3","0","53","42","11","26","17","9","24","15","9","0","0","0","227","146","81","0","0","0","0","0","0","2","1","1","-2"
"132903","University of Central Florida","2013","Tenured, assistant professors","4","4","0","0","0","0","0","0","0","0","0","0","0","0","0","0","0","0","4","4","0","0","0","0","0","0","0","0","0","0","-2"
"132903","University of Central Florida","2013","On-Tenure track total","169","91","78","0","0","0","24","17","7","4","2","2","16","6","10","0","0","0","100","49","51","1","1","0","0","0","0","24","16","8","-2"
"132903","University of Central Florida","2013","On-tenure track, associate professors","9","7","2","0","0","0","0","0","0","1","1","0","2","2","0","0","0","0","6","4","2","0","0","0","0","0","0","0","0","0","-2"
"132903","University of Central Florida","2013","On-tenure track, assistant professors","160","84","76","0","0","0","24","17","7","3","1","2","14","4","10","0","0","0","94","45","49","1","1","0","0","0","0","24","16","8","-2"
"132903","University of Central Florida","2013","Not on tenure track/No tenure system system total","424","199","225","1","1","0","11","6","5","12","3","9","34","15","19","0","0","0","353","169","184","2","1","1","0","0","0","11","4","7","-2"
"132903","University of Central Florida","2013","Not on tenure/no tenure system, professors","9","7","2","0","0","0","1","1","0","0","0","0","1","0","1","0","0","0","7","6","1","0","0","0","0","0","0","0","0","0","-2"
"132903","University of Central Florida","2013","Not on tenure/no tenure system, associate professors","12","6","6","0","0","0","1","1","0","0","0","0","2","0","2","0","0","0","9","5","4","0","0","0","0","0","0","0","0","0","-2"
"132903","University of Central Florida","2013","Not on tenure/no tenure system, assistant professors","30","16","14","0","0","0","1","0","1","0","0","0","5","4","1","0","0","0","23","12","11","0","0","0","0","0","0","1","0","1","-2"
"132903","University of Central Florida","2013","Not on tenure/no tenure system, instructors","197","79","118","0","0","0","0","0","0","4","1","3","14","3","11","0","0","0","176","74","102","0","0","0","0","0","0","3","1","2","-2"
"132903","University of Central Florida","2013","Not on tenure/no tenure system, lecturers","174","91","83","1","1","0","8","4","4","8","2","6","12","8","4","0","0","0","136","72","64","2","1","1","0","0","0","7","3","4","-2"
"132903","University of Central Florida","2013","Not on tenure/no tenure system, no academic rank","2","0","2","0","0","0","0","0","0","0","0","0","0","0","0","0","0","0","2","0","2","0","0","0","0","0","0","0","0","0","-2"
"133508","Florida SouthWestern State College","2013","Tenured total","87","37","50","1","0","1","1","1","0","3","0","3","1","1","0","0","0","0","80","34","46","0","0","0","1","1","0","0","0","0","-2"
"133508","Florida SouthWestern State College","2013","Tenured, no academic rank","87","37","50","1","0","1","1","1","0","3","0","3","1","1","0","0","0","0","80","34","46","0","0","0","1","1","0","0","0","0","-2"
"133508","Florida SouthWestern State College","2013","On-Tenure track total","80","38","42","1","1","0","0","0","0","5","3","2","3","2","1","0","0","0","60","25","35","0","0","0","2","2","0","9","5","4","-2"
"133508","Florida SouthWestern State College","2013","On-tenure track, no academic rank","80","38","42","1","1","0","0","0","0","5","3","2","3","2","1","0","0","0","60","25","35","0","0","0","2","2","0","9","5","4","-2"
"133508","Florida SouthWestern State College","2013","Not on tenure track/No tenure system system total","3","2","1","0","0","0","0","0","0","0","0","0","1","1","0","0","0","0","2","1","1","0","0","0","0","0","0","0","0","0","-2"
"133508","Florida SouthWestern State College","2013","Not on tenure/no tenure system, no academic rank","3","2","1","0","0","0","0","0","0","0","0","0","1","1","0","0","0","0","2","1","1","0","0","0","0","0","0","0","0","0","-2"
"133669","Florida Atlantic University","2013","Tenured total","433","291","142","1","1","0","74","62","12","25","10","15","26","13","13","0","0","0","302","201","101","0","0","0","0","0","0","5","4","1","-2"
"133669","Florida Atlantic University","2013","Tenured, professors","202","153","49","1","1","0","38","35","3","10","5","5","7","4","3","0","0","0","145","107","38","0","0","0","0","0","0","1","1","0","-2"
"133669","Florida Atlantic University","2013","Tenured, associate professors","231","138","93","0","0","0","36","27","9","15","5","10","19","9","10","0","0","0","157","94","63","0","0","0","0","0","0","4","3","1","-2"
"133669","Florida Atlantic University","2013","On-Tenure track total","105","54","51","0","0","0","15","8","7","5","0","5","11","6","5","0","0","0","65","34","31","0","0","0","0","0","0","9","6","3","-2"
"133669","Florida Atlantic University","2013","On-tenure track, associate professors","7","3","4","0","0","0","1","0","1","1","0","1","0","0","0","0","0","0","5","3","2","0","0","0","0","0","0","0","0","0","-2"
"133669","Florida Atlantic University","2013","On-tenure track, assistant professors","98","51","47","0","0","0","14","8","6","4","0","4","11","6","5","0","0","0","60","31","29","0","0","0","0","0","0","9","6","3","-2"
"133669","Florida Atlantic University","2013","Not on tenure track/No tenure system system total","222","93","129","0","0","0","8","1","7","13","7","6","30","11","19","0","0","0","165","69","96","1","1","0","0","0","0","5","4","1","-2"
"133669","Florida Atlantic University","2013","Not on tenure/no tenure system, associate professors","9","5","4","0","0","0","0","0","0","0","0","0","2","1","1","0","0","0","7","4","3","0","0","0","0","0","0","0","0","0","-2"
"133669","Florida Atlantic University","2013","Not on tenure/no tenure system, assistant professors","29","9","20","0","0","0","0","0","0","1","0","1","8","5","3","0","0","0","18","2","16","1","1","0","0","0","0","1","1","0","-2"
"133669","Florida Atlantic University","2013","Not on tenure/no tenure system, instructors","183","79","104","0","0","0","8","1","7","12","7","5","20","5","15","0","0","0","139","63","76","0","0","0","0","0","0","4","3","1","-2"
"133669","Florida Atlantic University","2013","Not on tenure/no tenure system, no academic rank","1","0","1","0","0","0","0","0","0","0","0","0","0","0","0","0","0","0","1","0","1","0","0","0","0","0","0","0","0","0","-2"
"133872","AdventHealth University","2013","Not on tenure track/No tenure system system total","67","19","48","0","0","0","5","0","5","12","2","10","3","2","1","0","0","0","47","15","32","0","0","0","0","0","0","0","0","0","-2"
"133872","AdventHealth University","2013","Not on tenure/no tenure system, professors","13","5","8","0","0","0","0","0","0","4","0","4","0","0","0","0","0","0","9","5","4","0","0","0","0","0","0","0","0","0","-2"
"133872","AdventHealth University","2013","Not on tenure/no tenure system, associate professors","19","6","13","0","0","0","0","0","0","3","1","2","1","0","1","0","0","0","15","5","10","0","0","0","0","0","0","0","0","0","-2"
"133872","AdventHealth University","2013","Not on tenure/no tenure system, assistant professors","26","8","18","0","0","0","4","0","4","4","1","3","2","2","0","0","0","0","16","5","11","0","0","0","0","0","0","0","0","0","-2"
"133872","AdventHealth University","2013","Not on tenure/no tenure system, instructors","9","0","9","0","0","0","1","0","1","1","0","1","0","0","0","0","0","0","7","0","7","0","0","0","0","0","0","0","0","0","-2"
"133960","The College of the Florida Keys","2013","Tenured total","5","1","4","0","0","0","0","0","0","0","0","0","1","0","1","0","0","0","3","1","2","0","0","0","1","0","1","0","0","0","-2"
"133960","The College of the Florida Keys","2013","Tenured, professors","1","0","1","0","0","0","0","0","0","0","0","0","0","0","0","0","0","0","0","0","0","0","0","0","1","0","1","0","0","0","-2"
"133960","The College of the Florida Keys","2013","Tenured, associate professors","2","0","2","0","0","0","0","0","0","0","0","0","0","0","0","0","0","0","2","0","2","0","0","0","0","0","0","0","0","0","-2"
"133960","The College of the Florida Keys","2013","Tenured, assistant professors","1","0","1","0","0","0","0","0","0","0","0","0","1","0","1","0","0","0","0","0","0","0","0","0","0","0","0","0","0","0","-2"
"133960","The College of the Florida Keys","2013","Tenured, instructors","1","1","0","0","0","0","0","0","0","0","0","0","0","0","0","0","0","0","1","1","0","0","0","0","0","0","0","0","0","0","-2"
"133960","The College of the Florida Keys","2013","On-Tenure track total","7","3","4","0","0","0","0","0","0","1","0","1","0","0","0","0","0","0","5","3","2","1","0","1","0","0","0","0","0","0","-2"
"133960","The College of the Florida Keys","2013","On-tenure track, professors","1","0","1","0","0","0","0","0","0","0","0","0","0","0","0","0","0","0","1","0","1","0","0","0","0","0","0","0","0","0","-2"
"133960","The College of the Florida Keys","2013","On-tenure track, associate professors","3","1","2","0","0","0","0","0","0","1","0","1","0","0","0","0","0","0","1","1","0","1","0","1","0","0","0","0","0","0","-2"
"133960","The College of the Florida Keys","2013","On-tenure track, assistant professors","2","1","1","0","0","0","0","0","0","0","0","0","0","0","0","0","0","0","2","1","1","0","0","0","0","0","0","0","0","0","-2"
"133960","The College of the Florida Keys","2013","On-tenure track, instructors","1","1","0","0","0","0","0","0","0","0","0","0","0","0","0","0","0","0","1","1","0","0","0","0","0","0","0","0","0","0","-2"
"133960","The College of the Florida Keys","2013","Not on tenure track/No tenure system system total","10","4","6","0","0","0","0","0","0","0","0","0","0","0","0","0","0","0","9","4","5","0","0","0","1","0","1","0","0","0","-2"
"133960","The College of the Florida Keys","2013","Not on tenure/no tenure system, associate professors","2","2","0","0","0","0","0","0","0","0","0","0","0","0","0","0","0","0","2","2","0","0","0","0","0","0","0","0","0","0","-2"
"133960","The College of the Florida Keys","2013","Not on tenure/no tenure system, assistant professors","5","0","5","0","0","0","0","0","0","0","0","0","0","0","0","0","0","0","4","0","4","0","0","0","1","0","1","0","0","0","-2"
"133960","The College of the Florida Keys","2013","Not on tenure/no tenure system, instructors","3","2","1","0","0","0","0","0","0","0","0","0","0","0","0","0","0","0","3","2","1","0","0","0","0","0","0","0","0","0","-2"
"134608","Indian River State College","2013","Tenured total","157","70","87","2","0","2","7","3","4","15","7","8","9","3","6","0","0","0","121","54","67","2","2","0","0","0","0","1","1","0","-2"
"134608","Indian River State College","2013","Tenured, professors","35","17","18","1","0","1","2","1","1","4","2","2","1","1","0","0","0","0","26","12","14","1","1","0","0","0","0","0","0","0","-2"
"134608","Indian River State College","2013","Tenured, associate professors","42","20","22","0","0","0","2","1","1","4","2","2","2","1","1","0","0","0","33","15","18","0","0","0","0","0","0","1","1","0","-2"
"134608","Indian River State College","2013","Tenured, assistant professors","63","28","35","1","0","1","3","1","2","7","3","4","6","1","5","0","0","0","45","22","23","1","1","0","0","0","0","0","0","0","-2"
"134608","Indian River State College","2013","Tenured, instructors","17","5","12","0","0","0","0","0","0","0","0","0","0","0","0","0","0","0","17","5","12","0","0","0","0","0","0","0","0","0","-2"
"134608","Indian River State College","2013","On-Tenure track total","48","21","27","0","0","0","1","0","1","8","3","5","0","0","0","1","0","1","37","17","20","1","1","0","0","0","0","0","0","0","-2"
"134608","Indian River State College","2013","On-tenure track, associate professors","3","0","3","0","0","0","0","0","0","0","0","0","0","0","0","0","0","0","3","0","3","0","0","0","0","0","0","0","0","0","-2"
"134608","Indian River State College","2013","On-tenure track, assistant professors","39","21","18","0","0","0","1","0","1","6","3","3","0","0","0","1","0","1","30","17","13","1","1","0","0","0","0","0","0","0","-2"
"134608","Indian River State College","2013","On-tenure track, instructors","6","0","6","0","0","0","0","0","0","2","0","2","0","0","0","0","0","0","4","0","4","0","0","0","0","0","0","0","0","0","-2"
"134608","Indian River State College","2013","Not on tenure track/No tenure system system total","1","1","0","0","0","0","0","0","0","0","0","0","0","0","0","0","0","0","1","1","0","0","0","0","0","0","0","0","0","0","-2"
"134608","Indian River State College","2013","Not on tenure/no tenure system, assistant professors","1","1","0","0","0","0","0","0","0","0","0","0","0","0","0","0","0","0","1","1","0","0","0","0","0","0","0","0","0","0","-2"
"135081","Keiser University-Ft Lauderdale","2013","Not on tenure track/No tenure system system total","982","387","595","5","2","3","42","17","25","132","50","82","124","54","70","1","0","1","665","260","405","13","4","9","0","0","0","0","0","0","-2"
"135081","Keiser University-Ft Lauderdale","2013","Not on tenure/no tenure system, instructors","982","387","595","5","2","3","42","17","25","132","50","82","124","54","70","1","0","1","665","260","405","13","4","9","0","0","0","0","0","0","-2"
"135610","Trinity International University-Florida","2013","Tenured total","2","0","2","0","0","0","0","0","0","0","0","0","0","0","0","0","0","0","2","0","2","0","0","0","0","0","0","0","0","0","-2"
"135610","Trinity International University-Florida","2013","Tenured, associate professors","2","0","2","0","0","0","0","0","0","0","0","0","0","0","0","0","0","0","2","0","2","0","0","0","0","0","0","0","0","0","-2"
"135717","Miami Dade College","2013","Tenured total","580","275","305","2","1","1","31","12","19","79","28","51","247","120","127","0","0","0","215","112","103","6","2","4","0","0","0","0","0","0","-2"
"135717","Miami Dade College","2013","Tenured, professors","170","83","87","1","1","0","9","3","6","20","8","12","59","25","34","0","0","0","78","44","34","3","2","1","0","0","0","0","0","0","-2"
"135717","Miami Dade College","2013","Tenured, associate professors","278","131","147","0","0","0","14","7","7","41","15","26","137","65","72","0","0","0","85","44","41","1","0","1","0","0","0","0","0","0","-2"
"135717","Miami Dade College","2013","Tenured, assistant professors","122","53","69","1","0","1","8","2","6","17","5","12","46","26","20","0","0","0","48","20","28","2","0","2","0","0","0","0","0","0","-2"
"135717","Miami Dade College","2013","Tenured, instructors","10","8","2","0","0","0","0","0","0","1","0","1","5","4","1","0","0","0","4","4","0","0","0","0","0","0","0","0","0","0","-2"
"135717","Miami Dade College","2013","On-Tenure track total","153","69","84","1","0","1","2","1","1","40","10","30","69","35","34","0","0","0","39","23","16","1","0","1","1","0","1","0","0","0","-2"
"135717","Miami Dade College","2013","On-tenure track, assistant professors","49","23","26","0","0","0","1","0","1","7","4","3","21","9","12","0","0","0","18","10","8","1","0","1","1","0","1","0","0","0","-2"
"135717","Miami Dade College","2013","On-tenure track, instructors","104","46","58","1","0","1","1","1","0","33","6","27","48","26","22","0","0","0","21","13","8","0","0","0","0","0","0","0","0","0","-2"
"136215","Nova Southeastern University","2013","Tenured total","31","22","9","0","0","0","1","1","0","2","1","1","0","0","0","0","0","0","28","20","8","0","0","0","0","0","0","0","0","0","-2"
"136215","Nova Southeastern University","2013","Tenured, professors","31","22","9","0","0","0","1","1","0","2","1","1","0","0","0","0","0","0","28","20","8","0","0","0","0","0","0","0","0","0","-2"
"136215","Nova Southeastern University","2013","On-Tenure track total","1","0","1","0","0","0","0","0","0","0","0","0","0","0","0","0","0","0","1","0","1","0","0","0","0","0","0","0","0","0","-2"
"136215","Nova Southeastern University","2013","On-tenure track, associate professors","1","0","1","0","0","0","0","0","0","0","0","0","0","0","0","0","0","0","1","0","1","0","0","0","0","0","0","0","0","0","-2"
"136215","Nova Southeastern University","2013","Not on tenure track/No tenure system system total","832","433","399","2","1","1","52","35","17","63","21","42","91","36","55","0","0","0","563","308","255","0","0","0","36","13","23","25","19","6","-2"
"136215","Nova Southeastern University","2013","Not on tenure/no tenure system, professors","235","134","101","0","0","0","20","14","6","13","7","6","21","8","13","0","0","0","178","105","73","0","0","0","3","0","3","0","0","0","-2"
"136215","Nova Southeastern University","2013","Not on tenure/no tenure system, associate professors","211","117","94","0","0","0","13","9","4","17","5","12","24","11","13","0","0","0","141","82","59","0","0","0","11","5","6","5","5","0","-2"
"136215","Nova Southeastern University","2013","Not on tenure/no tenure system, assistant professors","336","153","183","2","1","1","18","11","7","28","8","20","38","13","25","0","0","0","221","107","114","0","0","0","16","5","11","13","8","5","-2"
"136215","Nova Southeastern University","2013","Not on tenure/no tenure system, instructors","35","19","16","0","0","0","1","1","0","3","1","2","7","4","3","0","0","0","16","8","8","0","0","0","6","3","3","2","2","0","-2"
"136215","Nova Southeastern University","2013","Not on tenure/no tenure system, lecturers","5","3","2","0","0","0","0","0","0","0","0","0","1","0","1","0","0","0","4","3","1","0","0","0","0","0","0","0","0","0","-2"
"136215","Nova Southeastern University","2013","Not on tenure/no tenure system, no academic rank","10","7","3","0","0","0","0","0","0","2","0","2","0","0","0","0","0","0","3","3","0","0","0","0","0","0","0","5","4","1","-2"
"136358","Palm Beach State College","2013","Tenured total","215","87","128","0","0","0","9","8","1","27","13","14","22","5","17","0","0","0","148","57","91","1","1","0","8","3","5","0","0","0","-2"
"136358","Palm Beach State College","2013","Tenured, no academic rank","215","87","128","0","0","0","9","8","1","27","13","14","22","5","17","0","0","0","148","57","91","1","1","0","8","3","5","0","0","0","-2"
"136358","Palm Beach State College","2013","On-Tenure track total","62","32","30","1","0","1","0","0","0","8","4","4","5","2","3","0","0","0","41","21","20","0","0","0","6","5","1","1","0","1","-2"
"136358","Palm Beach State College","2013","On-tenure track, no academic rank","62","32","30","1","0","1","0","0","0","8","4","4","5","2","3","0","0","0","41","21","20","0","0","0","6","5","1","1","0","1","-2"
"136358","Palm Beach State College","2013","Not on tenure track/No tenure system system total","5","3","2","0","0","0","0","0","0","1","0","1","0","0","0","0","0","0","4","3","1","0","0","0","0","0","0","0","0","0","-2"
"136358","Palm Beach State College","2013","Not on tenure/no tenure system, no academic rank","5","3","2","0","0","0","0","0","0","1","0","1","0","0","0","0","0","0","4","3","1","0","0","0","0","0","0","0","0","0","-2"
"136516","Polk State College","2013","Tenured total","98","38","60","1","0","1","1","1","0","7","2","5","7","2","5","0","0","0","81","32","49","0","0","0","0","0","0","1","1","0","-2"
"136516","Polk State College","2013","Tenured, no academic rank","98","38","60","1","0","1","1","1","0","7","2","5","7","2","5","0","0","0","81","32","49","0","0","0","0","0","0","1","1","0","-2"
"136516","Polk State College","2013","On-Tenure track total","54","21","33","0","0","0","0","0","0","3","2","1","1","0","1","0","0","0","49","19","30","1","0","1","0","0","0","0","0","0","-2"
"136516","Polk State College","2013","On-tenure track, no academic rank","54","21","33","0","0","0","0","0","0","3","2","1","1","0","1","0","0","0","49","19","30","1","0","1","0","0","0","0","0","0","-2"
"136516","Polk State College","2013","Not on tenure track/No tenure system system total","8","4","4","0","0","0","1","0","1","0","0","0","0","0","0","0","0","0","7","4","3","0","0","0","0","0","0","0","0","0","-2"
"136516","Polk State College","2013","Not on tenure/no tenure system, no academic rank","8","4","4","0","0","0","1","0","1","0","0","0","0","0","0","0","0","0","7","4","3","0","0","0","0","0","0","0","0","0","-2"
"137209","Seminole State College of Florida","2013","Tenured total","154","55","99","0","0","0","5","3","2","8","3","5","13","6","7","1","1","0","125","41","84","2","1","1","0","0","0","0","0","0","-2"
"137209","Seminole State College of Florida","2013","Tenured, no academic rank","154","55","99","0","0","0","5","3","2","8","3","5","13","6","7","1","1","0","125","41","84","2","1","1","0","0","0","0","0","0","-2"
"137209","Seminole State College of Florida","2013","On-Tenure track total","42","22","20","0","0","0","1","1","0","2","1","1","2","1","1","0","0","0","37","19","18","0","0","0","0","0","0","0","0","0","-2"
"137209","Seminole State College of Florida","2013","On-tenure track, no academic rank","42","22","20","0","0","0","1","1","0","2","1","1","2","1","1","0","0","0","37","19","18","0","0","0","0","0","0","0","0","0","-2"
"137315","South Florida State College","2013","Tenured total","49","24","25","0","0","0","1","0","1","1","0","1","0","0","0","0","0","0","47","24","23","0","0","0","0","0","0","0","0","0","-2"
"137315","South Florida State College","2013","Tenured, instructors","49","24","25","0","0","0","1","0","1","1","0","1","0","0","0","0","0","0","47","24","23","0","0","0","0","0","0","0","0","0","-2"
"137315","South Florida State College","2013","On-Tenure track total","12","4","8","0","0","0","0","0","0","1","0","1","0","0","0","0","0","0","11","4","7","0","0","0","0","0","0","0","0","0","-2"
"137315","South Florida State College","2013","On-tenure track, instructors","12","4","8","0","0","0","0","0","0","1","0","1","0","0","0","0","0","0","11","4","7","0","0","0","0","0","0","0","0","0","-2"
"137315","South Florida State College","2013","Not on tenure track/No tenure system system total","4","1","3","0","0","0","0","0","0","1","0","1","1","0","1","0","0","0","2","1","1","0","0","0","0","0","0","0","0","0","-2"
"137315","South Florida State College","2013","Not on tenure/no tenure system, instructors","4","1","3","0","0","0","0","0","0","1","0","1","1","0","1","0","0","0","2","1","1","0","0","0","0","0","0","0","0","0","-2"
"137476","St. Thomas University","2013","Tenured total","18","12","6","0","0","0","0","0","0","2","1","1","1","1","0","0","0","0","15","10","5","0","0","0","0","0","0","0","0","0","-2"
"137476","St. Thomas University","2013","Tenured, professors","17","11","6","0","0","0","0","0","0","2","1","1","1","1","0","0","0","0","14","9","5","0","0","0","0","0","0","0","0","0","-2"
"137476","St. Thomas University","2013","Tenured, associate professors","1","1","0","0","0","0","0","0","0","0","0","0","0","0","0","0","0","0","1","1","0","0","0","0","0","0","0","0","0","0","-2"
"137476","St. Thomas University","2013","On-Tenure track total","3","2","1","0","0","0","1","1","0","0","0","0","0","0","0","0","0","0","2","1","1","0","0","0","0","0","0","0","0","0","-2"
"137476","St. Thomas University","2013","On-tenure track, professors","2","1","1","0","0","0","1","1","0","0","0","0","0","0","0","0","0","0","1","0","1","0","0","0","0","0","0","0","0","0","-2"
"137476","St. Thomas University","2013","On-tenure track, associate professors","1","1","0","0","0","0","0","0","0","0","0","0","0","0","0","0","0","0","1","1","0","0","0","0","0","0","0","0","0","0","-2"
"137476","St. Thomas University","2013","Not on tenure track/No tenure system system total","85","46","39","0","0","0","4","3","1","8","3","5","19","10","9","0","0","0","53","30","23","0","0","0","0","0","0","1","0","1","-2"
"137476","St. Thomas University","2013","Not on tenure/no tenure system, professors","26","15","11","0","0","0","1","1","0","0","0","0","4","2","2","0","0","0","21","12","9","0","0","0","0","0","0","0","0","0","-2"
"137476","St. Thomas University","2013","Not on tenure/no tenure system, associate professors","30","17","13","0","0","0","1","0","1","4","1","3","6","4","2","0","0","0","19","12","7","0","0","0","0","0","0","0","0","0","-2"
"137476","St. Thomas University","2013","Not on tenure/no tenure system, assistant professors","21","10","11","0","0","0","2","2","0","3","1","2","6","3","3","0","0","0","9","4","5","0","0","0","0","0","0","1","0","1","-2"
"137476","St. Thomas University","2013","Not on tenure/no tenure system, instructors","5","2","3","0","0","0","0","0","0","1","1","0","2","0","2","0","0","0","2","1","1","0","0","0","0","0","0","0","0","0","-2"
"137476","St. Thomas University","2013","Not on tenure/no tenure system, lecturers","1","1","0","0","0","0","0","0","0","0","0","0","1","1","0","0","0","0","0","0","0","0","0","0","0","0","0","0","0","0","-2"
"137476","St. Thomas University","2013","Not on tenure/no tenure system, no academic rank","2","1","1","0","0","0","0","0","0","0","0","0","0","0","0","0","0","0","2","1","1","0","0","0","0","0","0","0","0","0","-2"
"138187","Valencia College","2013","Tenured total","293","121","172","3","1","2","11","4","7","20","8","12","27","9","18","0","0","0","229","97","132","0","0","0","3","2","1","0","0","0","-2"
"138187","Valencia College","2013","Tenured, no academic rank","293","121","172","3","1","2","11","4","7","20","8","12","27","9","18","0","0","0","229","97","132","0","0","0","3","2","1","0","0","0","-2"
"138187","Valencia College","2013","On-Tenure track total","99","44","55","0","0","0","6","3","3","14","7","7","10","4","6","0","0","0","64","29","35","0","0","0","5","1","4","0","0","0","-2"
"138187","Valencia College","2013","On-tenure track, no academic rank","99","44","55","0","0","0","6","3","3","14","7","7","10","4","6","0","0","0","64","29","35","0","0","0","5","1","4","0","0","0","-2"
"138187","Valencia College","2013","Not on tenure track/No tenure system system total","83","37","46","0","0","0","3","0","3","6","4","2","5","2","3","0","0","0","66","29","37","0","0","0","3","2","1","0","0","0","-2"
"138187","Valencia College","2013","Not on tenure/no tenure system, no academic rank","83","37","46","0","0","0","3","0","3","6","4","2","5","2","3","0","0","0","66","29","37","0","0","0","3","2","1","0","0","0","-2"
"139463","Dalton State College","2013","Tenured total","57","28","29","0","0","0","1","1","0","2","0","2","1","1","0","0","0","0","52","25","27","1","1","0","0","0","0","0","0","0","-2"
"139463","Dalton State College","2013","Tenured, professors","13","10","3","0","0","0","1","1","0","0","0","0","1","1","0","0","0","0","11","8","3","0","0","0","0","0","0","0","0","0","-2"
"139463","Dalton State College","2013","Tenured, associate professors","38","15","23","0","0","0","0","0","0","1","0","1","0","0","0","0","0","0","36","14","22","1","1","0","0","0","0","0","0","0","-2"
"139463","Dalton State College","2013","Tenured, assistant professors","6","3","3","0","0","0","0","0","0","1","0","1","0","0","0","0","0","0","5","3","2","0","0","0","0","0","0","0","0","0","-2"
"139463","Dalton State College","2013","On-Tenure track total","69","32","37","0","0","0","4","3","1","3","3","0","1","0","1","0","0","0","57","23","34","0","0","0","2","2","0","2","1","1","-2"
"139463","Dalton State College","2013","On-tenure track, associate professors","12","9","3","0","0","0","0","0","0","1","1","0","0","0","0","0","0","0","10","7","3","0","0","0","1","1","0","0","0","0","-2"
"139463","Dalton State College","2013","On-tenure track, assistant professors","53","23","30","0","0","0","4","3","1","2","2","0","1","0","1","0","0","0","43","16","27","0","0","0","1","1","0","2","1","1","-2"
"139463","Dalton State College","2013","On-tenure track, instructors","4","0","4","0","0","0","0","0","0","0","0","0","0","0","0","0","0","0","4","0","4","0","0","0","0","0","0","0","0","0","-2"
"139463","Dalton State College","2013","Not on tenure track/No tenure system system total","21","13","8","0","0","0","1","0","1","0","0","0","1","1","0","0","0","0","19","12","7","0","0","0","0","0","0","0","0","0","-2"
"139463","Dalton State College","2013","Not on tenure/no tenure system, associate professors","1","1","0","0","0","0","0","0","0","0","0","0","0","0","0","0","0","0","1","1","0","0","0","0","0","0","0","0","0","0","-2"
"139463","Dalton State College","2013","Not on tenure/no tenure system, assistant professors","4","1","3","0","0","0","0","0","0","0","0","0","0","0","0","0","0","0","4","1","3","0","0","0","0","0","0","0","0","0","-2"
"139463","Dalton State College","2013","Not on tenure/no tenure system, instructors","5","5","0","0","0","0","0","0","0","0","0","0","1","1","0","0","0","0","4","4","0","0","0","0","0","0","0","0","0","0","-2"
"139463","Dalton State College","2013","Not on tenure/no tenure system, lecturers","11","6","5","0","0","0","1","0","1","0","0","0","0","0","0","0","0","0","10","6","4","0","0","0","0","0","0","0","0","0","-2"
"142887","American Academy of Art","2013","Not on tenure track/No tenure system system total","31","17","14","0","0","0","2","1","1","1","0","1","0","0","0","0","0","0","28","16","12","0","0","0","0","0","0","0","0","0","-2"
"142887","American Academy of Art","2013","Not on tenure/no tenure system, instructors","31","17","14","0","0","0","2","1","1","1","0","1","0","0","0","0","0","0","28","16","12","0","0","0","0","0","0","0","0","0","-2"
"143118","Aurora University","2013","Tenured total","48","24","24","0","0","0","1","0","1","1","1","0","2","0","2","0","0","0","44","23","21","0","0","0","0","0","0","0","0","0","-2"
"143118","Aurora University","2013","Tenured, professors","18","9","9","0","0","0","1","0","1","1","1","0","0","0","0","0","0","0","16","8","8","0","0","0","0","0","0","0","0","0","-2"
"143118","Aurora University","2013","Tenured, associate professors","29","14","15","0","0","0","0","0","0","0","0","0","2","0","2","0","0","0","27","14","13","0","0","0","0","0","0","0","0","0","-2"
"143118","Aurora University","2013","Tenured, instructors","1","1","0","0","0","0","0","0","0","0","0","0","0","0","0","0","0","0","1","1","0","0","0","0","0","0","0","0","0","0","-2"
"143118","Aurora University","2013","On-Tenure track total","36","13","23","1","1","0","1","1","0","0","0","0","4","2","2","0","0","0","28","8","20","0","0","0","1","1","0","1","0","1","-2"
"143118","Aurora University","2013","On-tenure track, professors","1","0","1","0","0","0","0","0","0","0","0","0","0","0","0","0","0","0","1","0","1","0","0","0","0","0","0","0","0","0","-2"
"143118","Aurora University","2013","On-tenure track, associate professors","2","1","1","0","0","0","0","0","0","0","0","0","0","0","0","0","0","0","2","1","1","0","0","0","0","0","0","0","0","0","-2"
"143118","Aurora University","2013","On-tenure track, assistant professors","33","12","21","1","1","0","1","1","0","0","0","0","4","2","2","0","0","0","25","7","18","0","0","0","1","1","0","1","0","1","-2"
"143118","Aurora University","2013","Not on tenure track/No tenure system system total","40","17","23","0","0","0","3","1","2","0","0","0","1","1","0","0","0","0","36","15","21","0","0","0","0","0","0","0","0","0","-2"
"143118","Aurora University","2013","Not on tenure/no tenure system, associate professors","10","5","5","0","0","0","0","0","0","0","0","0","1","1","0","0","0","0","9","4","5","0","0","0","0","0","0","0","0","0","-2"
"143118","Aurora University","2013","Not on tenure/no tenure system, assistant professors","26","9","17","0","0","0","3","1","2","0","0","0","0","0","0","0","0","0","23","8","15","0","0","0","0","0","0","0","0","0","-2"
"143118","Aurora University","2013","Not on tenure/no tenure system, instructors","4","3","1","0","0","0","0","0","0","0","0","0","0","0","0","0","0","0","4","3","1","0","0","0","0","0","0","0","0","0","-2"
"143978","The Chicago School of Professional Psychology at Chicago","2013","Not on tenure track/No tenure system system total","89","39","50","1","0","1","3","2","1","9","3","6","6","3","3","0","0","0","67","28","39","0","0","0","3","3","0","0","0","0","-2"
"143978","The Chicago School of Professional Psychology at Chicago","2013","Not on tenure/no tenure system, professors","12","6","6","1","0","1","0","0","0","0","0","0","1","1","0","0","0","0","9","4","5","0","0","0","1","1","0","0","0","0","-2"
"143978","The Chicago School of Professional Psychology at Chicago","2013","Not on tenure/no tenure system, associate professors","36","22","14","0","0","0","0","0","0","6","3","3","2","1","1","0","0","0","27","17","10","0","0","0","1","1","0","0","0","0","-2"
"143978","The Chicago School of Professional Psychology at Chicago","2013","Not on tenure/no tenure system, assistant professors","35","9","26","0","0","0","3","2","1","3","0","3","3","1","2","0","0","0","26","6","20","0","0","0","0","0","0","0","0","0","-2"
"143978","The Chicago School of Professional Psychology at Chicago","2013","Not on tenure/no tenure system, instructors","3","1","2","0","0","0","0","0","0","0","0","0","0","0","0","0","0","0","2","0","2","0","0","0","1","1","0","0","0","0","-2"
"143978","The Chicago School of Professional Psychology at Chicago","2013","Not on tenure/no tenure system, no academic rank","3","1","2","0","0","0","0","0","0","0","0","0","0","0","0","0","0","0","3","1","2","0","0","0","0","0","0","0","0","0","-2"
"144351","Concordia University-Chicago","2013","Tenured total","36","16","20","0","0","0","0","0","0","1","0","1","0","0","0","0","0","0","35","16","19","0","0","0","0","0","0","0","0","0","-2"
"144351","Concordia University-Chicago","2013","Tenured, professors","29","16","13","0","0","0","0","0","0","1","0","1","0","0","0","0","0","0","28","16","12","0","0","0","0","0","0","0","0","0","-2"
"144351","Concordia University-Chicago","2013","Tenured, associate professors","7","0","7","0","0","0","0","0","0","0","0","0","0","0","0","0","0","0","7","0","7","0","0","0","0","0","0","0","0","0","-2"
"144351","Concordia University-Chicago","2013","On-Tenure track total","99","42","57","0","0","0","4","2","2","4","1","3","3","0","3","0","0","0","85","36","49","1","1","0","0","0","0","2","2","0","-2"
"144351","Concordia University-Chicago","2013","On-tenure track, professors","6","4","2","0","0","0","0","0","0","0","0","0","0","0","0","0","0","0","6","4","2","0","0","0","0","0","0","0","0","0","-2"
"144351","Concordia University-Chicago","2013","On-tenure track, associate professors","51","19","32","0","0","0","1","0","1","2","0","2","1","0","1","0","0","0","45","17","28","0","0","0","0","0","0","2","2","0","-2"
"144351","Concordia University-Chicago","2013","On-tenure track, assistant professors","42","19","23","0","0","0","3","2","1","2","1","1","2","0","2","0","0","0","34","15","19","1","1","0","0","0","0","0","0","0","-2"
"144351","Concordia University-Chicago","2013","Not on tenure track/No tenure system system total","104","43","61","1","0","1","2","1","1","11","2","9","1","0","1","0","0","0","75","34","41","0","0","0","12","6","6","2","0","2","-2"
"144351","Concordia University-Chicago","2013","Not on tenure/no tenure system, assistant professors","4","1","3","0","0","0","0","0","0","0","0","0","0","0","0","0","0","0","3","1","2","0","0","0","0","0","0","1","0","1","-2"
"144351","Concordia University-Chicago","2013","Not on tenure/no tenure system, instructors","100","42","58","1","0","1","2","1","1","11","2","9","1","0","1","0","0","0","72","33","39","0","0","0","12","6","6","1","0","1","-2"
"145600","University of Illinois Chicago","2013","Tenured total","838","532","306","1","0","1","139","98","41","30","15","15","56","29","27","0","0","0","590","378","212","5","1","4","12","8","4","5","3","2","-2"
"145600","University of Illinois Chicago","2013","Tenured, professors","432","309","123","0","0","0","71","57","14","6","5","1","19","11","8","0","0","0","332","233","99","0","0","0","3","2","1","1","1","0","-2"
"145600","University of Illinois Chicago","2013","Tenured, associate professors","389","211","178","0","0","0","64","38","26","23","10","13","36","18","18","0","0","0","249","137","112","5","1","4","8","5","3","4","2","2","-2"
"145600","University of Illinois Chicago","2013","Tenured, assistant professors","16","11","5","1","0","1","3","2","1","1","0","1","1","0","1","0","0","0","9","8","1","0","0","0","1","1","0","0","0","0","-2"
"145600","University of Illinois Chicago","2013","Tenured, no academic rank","1","1","0","0","0","0","1","1","0","0","0","0","0","0","0","0","0","0","0","0","0","0","0","0","0","0","0","0","0","0","-2"
"145600","University of Illinois Chicago","2013","On-Tenure track total","388","202","186","1","0","1","83","49","34","31","12","19","31","13","18","1","0","1","190","97","93","3","2","1","7","4","3","41","25","16","-2"
"145600","University of Illinois Chicago","2013","On-tenure track, professors","16","11","5","0","0","0","3","3","0","0","0","0","0","0","0","0","0","0","12","7","5","1","1","0","0","0","0","0","0","0","-2"
"145600","University of Illinois Chicago","2013","On-tenure track, associate professors","33","19","14","0","0","0","5","3","2","2","1","1","1","0","1","0","0","0","24","14","10","1","1","0","0","0","0","0","0","0","-2"
"145600","University of Illinois Chicago","2013","On-tenure track, assistant professors","339","172","167","1","0","1","75","43","32","29","11","18","30","13","17","1","0","1","154","76","78","1","0","1","7","4","3","41","25","16","-2"
"145600","University of Illinois Chicago","2013","Not on tenure track/No tenure system system total","562","256","306","0","0","0","63","28","35","40","18","22","33","18","15","0","0","0","379","172","207","6","2","4","14","6","8","27","12","15","-2"
"145600","University of Illinois Chicago","2013","Not on tenure/no tenure system, professors","28","21","7","0","0","0","3","3","0","1","1","0","0","0","0","0","0","0","22","15","7","0","0","0","1","1","0","1","1","0","-2"
"145600","University of Illinois Chicago","2013","Not on tenure/no tenure system, associate professors","68","32","36","0","0","0","8","3","5","6","2","4","1","0","1","0","0","0","50","26","24","1","0","1","2","1","1","0","0","0","-2"
"145600","University of Illinois Chicago","2013","Not on tenure/no tenure system, assistant professors","240","108","132","0","0","0","36","15","21","19","10","9","18","9","9","0","0","0","142","65","77","2","0","2","5","2","3","18","7","11","-2"
"145600","University of Illinois Chicago","2013","Not on tenure/no tenure system, instructors","60","13","47","0","0","0","3","0","3","5","2","3","2","2","0","0","0","0","43","6","37","1","0","1","3","1","2","3","2","1","-2"
"145600","University of Illinois Chicago","2013","Not on tenure/no tenure system, lecturers","155","78","77","0","0","0","13","7","6","6","2","4","11","7","4","0","0","0","117","59","58","1","1","0","3","1","2","4","1","3","-2"
"145600","University of Illinois Chicago","2013","Not on tenure/no tenure system, no academic rank","11","4","7","0","0","0","0","0","0","3","1","2","1","0","1","0","0","0","5","1","4","1","1","0","0","0","0","1","1","0","-2"
"147536","National Louis University","2013","Tenured total","72","30","42","0","0","0","2","0","2","2","2","0","1","1","0","0","0","0","65","25","40","1","1","0","0","0","0","1","1","0","-2"
"147536","National Louis University","2013","Tenured, professors","16","8","8","0","0","0","0","0","0","0","0","0","0","0","0","0","0","0","15","7","8","0","0","0","0","0","0","1","1","0","-2"
"147536","National Louis University","2013","Tenured, associate professors","48","18","30","0","0","0","2","0","2","1","1","0","1","1","0","0","0","0","44","16","28","0","0","0","0","0","0","0","0","0","-2"
"147536","National Louis University","2013","Tenured, assistant professors","6","4","2","0","0","0","0","0","0","1","1","0","0","0","0","0","0","0","4","2","2","1","1","0","0","0","0","0","0","0","-2"
"147536","National Louis University","2013","Tenured, no academic rank","2","0","2","0","0","0","0","0","0","0","0","0","0","0","0","0","0","0","2","0","2","0","0","0","0","0","0","0","0","0","-2"
"147536","National Louis University","2013","On-Tenure track total","16","8","8","0","0","0","3","1","2","2","2","0","2","1","1","0","0","0","9","4","5","0","0","0","0","0","0","0","0","0","-2"
"147536","National Louis University","2013","On-tenure track, assistant professors","16","8","8","0","0","0","3","1","2","2","2","0","2","1","1","0","0","0","9","4","5","0","0","0","0","0","0","0","0","0","-2"
"147536","National Louis University","2013","Not on tenure track/No tenure system system total","51","20","31","1","0","1","1","0","1","3","1","2","2","1","1","0","0","0","42","18","24","1","0","1","1","0","1","0","0","0","-2"
"147536","National Louis University","2013","Not on tenure/no tenure system, associate professors","5","1","4","0","0","0","0","0","0","1","0","1","0","0","0","0","0","0","4","1","3","0","0","0","0","0","0","0","0","0","-2"
"147536","National Louis University","2013","Not on tenure/no tenure system, assistant professors","36","17","19","1","0","1","1","0","1","2","1","1","1","1","0","0","0","0","29","15","14","1","0","1","1","0","1","0","0","0","-2"
"147536","National Louis University","2013","Not on tenure/no tenure system, instructors","8","1","7","0","0","0","0","0","0","0","0","0","1","0","1","0","0","0","7","1","6","0","0","0","0","0","0","0","0","0","-2"
"147536","National Louis University","2013","Not on tenure/no tenure system, no academic rank","2","1","1","0","0","0","0","0","0","0","0","0","0","0","0","0","0","0","2","1","1","0","0","0","0","0","0","0","0","0","-2"
"147679","North Park University","2013","Tenured total","69","33","36","0","0","0","6","4","2","3","0","3","2","1","1","0","0","0","58","28","30","0","0","0","0","0","0","0","0","0","-2"
"147679","North Park University","2013","Tenured, professors","49","26","23","0","0","0","3","2","1","2","0","2","2","1","1","0","0","0","42","23","19","0","0","0","0","0","0","0","0","0","-2"
"147679","North Park University","2013","Tenured, associate professors","17","6","11","0","0","0","3","2","1","1","0","1","0","0","0","0","0","0","13","4","9","0","0","0","0","0","0","0","0","0","-2"
"147679","North Park University","2013","Tenured, assistant professors","3","1","2","0","0","0","0","0","0","0","0","0","0","0","0","0","0","0","3","1","2","0","0","0","0","0","0","0","0","0","-2"
"147679","North Park University","2013","On-Tenure track total","19","9","10","0","0","0","1","1","0","0","0","0","1","0","1","0","0","0","17","8","9","0","0","0","0","0","0","0","0","0","-2"
"147679","North Park University","2013","On-tenure track, professors","4","3","1","0","0","0","0","0","0","0","0","0","0","0","0","0","0","0","4","3","1","0","0","0","0","0","0","0","0","0","-2"
"147679","North Park University","2013","On-tenure track, associate professors","5","1","4","0","0","0","0","0","0","0","0","0","1","0","1","0","0","0","4","1","3","0","0","0","0","0","0","0","0","0","-2"
"147679","North Park University","2013","On-tenure track, assistant professors","10","5","5","0","0","0","1","1","0","0","0","0","0","0","0","0","0","0","9","4","5","0","0","0","0","0","0","0","0","0","-2"
"147679","North Park University","2013","Not on tenure track/No tenure system system total","30","8","22","0","0","0","0","0","0","1","0","1","0","0","0","0","0","0","28","7","21","1","1","0","0","0","0","0","0","0","-2"
"147679","North Park University","2013","Not on tenure/no tenure system, professors","4","1","3","0","0","0","0","0","0","0","0","0","0","0","0","0","0","0","4","1","3","0","0","0","0","0","0","0","0","0","-2"
"147679","North Park University","2013","Not on tenure/no tenure system, associate professors","9","3","6","0","0","0","0","0","0","0","0","0","0","0","0","0","0","0","9","3","6","0","0","0","0","0","0","0","0","0","-2"
"147679","North Park University","2013","Not on tenure/no tenure system, assistant professors","17","4","13","0","0","0","0","0","0","1","0","1","0","0","0","0","0","0","15","3","12","1","1","0","0","0","0","0","0","0","-2"
"147776","Northeastern Illinois University","2013","Tenured total","148","69","79","0","0","0","20","11","9","12","7","5","16","4","12","0","0","0","92","41","51","0","0","0","6","6","0","2","0","2","-2"
"147776","Northeastern Illinois University","2013","Tenured, professors","56","27","29","0","0","0","12","7","5","1","1","0","5","0","5","0","0","0","38","19","19","0","0","0","0","0","0","0","0","0","-2"
"147776","Northeastern Illinois University","2013","Tenured, associate professors","88","39","49","0","0","0","8","4","4","10","5","5","10","3","7","0","0","0","52","21","31","0","0","0","6","6","0","2","0","2","-2"
"147776","Northeastern Illinois University","2013","Tenured, assistant professors","4","3","1","0","0","0","0","0","0","1","1","0","1","1","0","0","0","0","2","1","1","0","0","0","0","0","0","0","0","0","-2"
"147776","Northeastern Illinois University","2013","On-Tenure track total","95","38","57","1","1","0","14","6","8","7","2","5","15","6","9","0","0","0","46","16","30","0","0","0","10","6","4","2","1","1","-2"
"147776","Northeastern Illinois University","2013","On-tenure track, associate professors","2","1","1","0","0","0","0","0","0","0","0","0","1","1","0","0","0","0","1","0","1","0","0","0","0","0","0","0","0","0","-2"
"147776","Northeastern Illinois University","2013","On-tenure track, assistant professors","93","37","56","1","1","0","14","6","8","7","2","5","14","5","9","0","0","0","45","16","29","0","0","0","10","6","4","2","1","1","-2"
"147776","Northeastern Illinois University","2013","Not on tenure track/No tenure system system total","129","58","71","0","0","0","6","4","2","7","4","3","9","5","4","0","0","0","97","40","57","0","0","0","10","5","5","0","0","0","-2"
"147776","Northeastern Illinois University","2013","Not on tenure/no tenure system, instructors","129","58","71","0","0","0","6","4","2","7","4","3","9","5","4","0","0","0","97","40","57","0","0","0","10","5","5","0","0","0","-2"
"148335","Robert Morris University Illinois","2013","Not on tenure track/No tenure system system total","110","57","53","0","0","0","14","10","4","10","3","7","2","2","0","0","0","0","84","42","42","0","0","0","0","0","0","0","0","0","-2"
"148335","Robert Morris University Illinois","2013","Not on tenure/no tenure system, no academic rank","110","57","53","0","0","0","14","10","4","10","3","7","2","2","0","0","0","0","84","42","42","0","0","0","0","0","0","0","0","0","-2"
"148487","Roosevelt University","2013","Tenured total","145","85","60","1","1","0","12","8","4","8","4","4","7","5","2","0","0","0","104","57","47","2","0","2","11","10","1","0","0","0","-2"
"148487","Roosevelt University","2013","Tenured, professors","47","33","14","0","0","0","5","4","1","5","3","2","2","2","0","0","0","0","32","22","10","0","0","0","3","2","1","0","0","0","-2"
"148487","Roosevelt University","2013","Tenured, associate professors","95","50","45","1","1","0","7","4","3","3","1","2","5","3","2","0","0","0","69","33","36","2","0","2","8","8","0","0","0","0","-2"
"148487","Roosevelt University","2013","Tenured, assistant professors","3","2","1","0","0","0","0","0","0","0","0","0","0","0","0","0","0","0","3","2","1","0","0","0","0","0","0","0","0","0","-2"
"148487","Roosevelt University","2013","On-Tenure track total","60","30","30","0","0","0","11","4","7","5","2","3","1","0","1","0","0","0","37","19","18","2","2","0","4","3","1","0","0","0","-2"
"148487","Roosevelt University","2013","On-tenure track, professors","1","1","0","0","0","0","0","0","0","0","0","0","0","0","0","0","0","0","0","0","0","1","1","0","0","0","0","0","0","0","-2"
"148487","Roosevelt University","2013","On-tenure track, associate professors","4","3","1","0","0","0","0","0","0","0","0","0","0","0","0","0","0","0","3","2","1","0","0","0","1","1","0","0","0","0","-2"
"148487","Roosevelt University","2013","On-tenure track, assistant professors","55","26","29","0","0","0","11","4","7","5","2","3","1","0","1","0","0","0","34","17","17","1","1","0","3","2","1","0","0","0","-2"
"148487","Roosevelt University","2013","Not on tenure track/No tenure system system total","42","20","22","0","0","0","4","0","4","2","1","1","2","2","0","0","0","0","29","15","14","2","1","1","3","1","2","0","0","0","-2"
"148487","Roosevelt University","2013","Not on tenure/no tenure system, professors","3","3","0","0","0","0","0","0","0","0","0","0","1","1","0","0","0","0","1","1","0","0","0","0","1","1","0","0","0","0","-2"
"148487","Roosevelt University","2013","Not on tenure/no tenure system, associate professors","2","1","1","0","0","0","0","0","0","0","0","0","0","0","0","0","0","0","2","1","1","0","0","0","0","0","0","0","0","0","-2"
"148487","Roosevelt University","2013","Not on tenure/no tenure system, assistant professors","12","6","6","0","0","0","3","0","3","0","0","0","1","1","0","0","0","0","7","4","3","1","1","0","0","0","0","0","0","0","-2"
"148487","Roosevelt University","2013","Not on tenure/no tenure system, instructors","1","0","1","0","0","0","0","0","0","0","0","0","0","0","0","0","0","0","1","0","1","0","0","0","0","0","0","0","0","0","-2"
"148487","Roosevelt University","2013","Not on tenure/no tenure system, lecturers","22","9","13","0","0","0","1","0","1","2","1","1","0","0","0","0","0","0","16","8","8","1","0","1","2","0","2","0","0","0","-2"
"148487","Roosevelt University","2013","Not on tenure/no tenure system, no academic rank","2","1","1","0","0","0","0","0","0","0","0","0","0","0","0","0","0","0","2","1","1","0","0","0","0","0","0","0","0","0","-2"
"148496","Dominican University","2013","Tenured total","68","34","34","0","0","0","4","2","2","2","2","0","3","2","1","0","0","0","58","27","31","1","1","0","0","0","0","0","0","0","-2"
"148496","Dominican University","2013","Tenured, professors","44","25","19","0","0","0","2","1","1","1","1","0","1","1","0","0","0","0","39","21","18","1","1","0","0","0","0","0","0","0","-2"
"148496","Dominican University","2013","Tenured, associate professors","16","5","11","0","0","0","2","1","1","0","0","0","2","1","1","0","0","0","12","3","9","0","0","0","0","0","0","0","0","0","-2"
"148496","Dominican University","2013","Tenured, assistant professors","8","4","4","0","0","0","0","0","0","1","1","0","0","0","0","0","0","0","7","3","4","0","0","0","0","0","0","0","0","0","-2"
"148496","Dominican University","2013","On-Tenure track total","66","23","43","0","0","0","5","1","4","3","1","2","2","0","2","1","0","1","52","19","33","0","0","0","1","1","0","2","1","1","-2"
"148496","Dominican University","2013","On-tenure track, professors","1","1","0","0","0","0","1","1","0","0","0","0","0","0","0","0","0","0","0","0","0","0","0","0","0","0","0","0","0","0","-2"
"148496","Dominican University","2013","On-tenure track, associate professors","21","4","17","0","0","0","2","0","2","1","0","1","0","0","0","1","0","1","17","4","13","0","0","0","0","0","0","0","0","0","-2"
"148496","Dominican University","2013","On-tenure track, assistant professors","41","16","25","0","0","0","2","0","2","2","1","1","2","0","2","0","0","0","32","13","19","0","0","0","1","1","0","2","1","1","-2"
"148496","Dominican University","2013","On-tenure track, instructors","3","2","1","0","0","0","0","0","0","0","0","0","0","0","0","0","0","0","3","2","1","0","0","0","0","0","0","0","0","0","-2"
"148496","Dominican University","2013","Not on tenure track/No tenure system system total","24","11","13","0","0","0","1","1","0","1","1","0","2","0","2","0","0","0","19","8","11","0","0","0","0","0","0","1","1","0","-2"
"148496","Dominican University","2013","Not on tenure/no tenure system, assistant professors","4","1","3","0","0","0","0","0","0","0","0","0","1","0","1","0","0","0","3","1","2","0","0","0","0","0","0","0","0","0","-2"
"148496","Dominican University","2013","Not on tenure/no tenure system, instructors","1","1","0","0","0","0","0","0","0","1","1","0","0","0","0","0","0","0","0","0","0","0","0","0","0","0","0","0","0","0","-2"
"148496","Dominican University","2013","Not on tenure/no tenure system, lecturers","19","9","10","0","0","0","1","1","0","0","0","0","1","0","1","0","0","0","16","7","9","0","0","0","0","0","0","1","1","0","-2"
"148511","Rush University","2013","Tenured total","177","114","63","0","0","0","36","21","15","4","2","2","4","3","1","1","1","0","131","86","45","1","1","0","0","0","0","0","0","0","-2"
"148511","Rush University","2013","Tenured, professors","78","58","20","0","0","0","14","10","4","1","0","1","0","0","0","0","0","0","63","48","15","0","0","0","0","0","0","0","0","0","-2"
"148511","Rush University","2013","Tenured, associate professors","99","56","43","0","0","0","22","11","11","3","2","1","4","3","1","1","1","0","68","38","30","1","1","0","0","0","0","0","0","0","-2"
"148511","Rush University","2013","On-Tenure track total","591","278","313","0","0","0","179","84","95","23","8","15","16","6","10","0","0","0","367","177","190","6","3","3","0","0","0","0","0","0","-2"
"148511","Rush University","2013","On-tenure track, assistant professors","447","221","226","0","0","0","139","66","73","16","4","12","11","3","8","0","0","0","278","146","132","3","2","1","0","0","0","0","0","0","-2"
"148511","Rush University","2013","On-tenure track, instructors","144","57","87","0","0","0","40","18","22","7","4","3","5","3","2","0","0","0","89","31","58","3","1","2","0","0","0","0","0","0","-2"
"148511","Rush University","2013","Not on tenure track/No tenure system system total","111","11","100","0","0","0","2","0","2","8","1","7","1","0","1","0","0","0","100","10","90","0","0","0","0","0","0","0","0","0","-2"
"148511","Rush University","2013","Not on tenure/no tenure system, professors","13","1","12","0","0","0","0","0","0","1","0","1","0","0","0","0","0","0","12","1","11","0","0","0","0","0","0","0","0","0","-2"
"148511","Rush University","2013","Not on tenure/no tenure system, associate professors","17","2","15","0","0","0","0","0","0","1","0","1","0","0","0","0","0","0","16","2","14","0","0","0","0","0","0","0","0","0","-2"
"148511","Rush University","2013","Not on tenure/no tenure system, assistant professors","43","4","39","0","0","0","1","0","1","4","1","3","0","0","0","0","0","0","38","3","35","0","0","0","0","0","0","0","0","0","-2"
"148511","Rush University","2013","Not on tenure/no tenure system, instructors","38","4","34","0","0","0","1","0","1","2","0","2","1","0","1","0","0","0","34","4","30","0","0","0","0","0","0","0","0","0","-2"
"148627","Saint Xavier University","2013","Tenured total","103","50","53","0","0","0","6","4","2","7","4","3","1","0","1","0","0","0","87","40","47","0","0","0","2","2","0","0","0","0","-2"
"148627","Saint Xavier University","2013","Tenured, professors","30","16","14","0","0","0","1","1","0","1","1","0","1","0","1","0","0","0","26","13","13","0","0","0","1","1","0","0","0","0","-2"
"148627","Saint Xavier University","2013","Tenured, associate professors","71","34","37","0","0","0","5","3","2","5","3","2","0","0","0","0","0","0","60","27","33","0","0","0","1","1","0","0","0","0","-2"
"148627","Saint Xavier University","2013","Tenured, assistant professors","2","0","2","0","0","0","0","0","0","1","0","1","0","0","0","0","0","0","1","0","1","0","0","0","0","0","0","0","0","0","-2"
"148627","Saint Xavier University","2013","On-Tenure track total","43","16","27","1","0","1","4","2","2","4","3","1","1","0","1","0","0","0","27","7","20","0","0","0","6","4","2","0","0","0","-2"
"148627","Saint Xavier University","2013","On-tenure track, associate professors","15","6","9","0","0","0","2","1","1","1","1","0","0","0","0","0","0","0","11","3","8","0","0","0","1","1","0","0","0","0","-2"
"148627","Saint Xavier University","2013","On-tenure track, assistant professors","28","10","18","1","0","1","2","1","1","3","2","1","1","0","1","0","0","0","16","4","12","0","0","0","5","3","2","0","0","0","-2"
"148627","Saint Xavier University","2013","Not on tenure track/No tenure system system total","22","6","16","0","0","0","0","0","0","0","0","0","0","0","0","0","0","0","21","5","16","0","0","0","1","1","0","0","0","0","-2"
"148627","Saint Xavier University","2013","Not on tenure/no tenure system, assistant professors","12","3","9","0","0","0","0","0","0","0","0","0","0","0","0","0","0","0","12","3","9","0","0","0","0","0","0","0","0","0","-2"
"148627","Saint Xavier University","2013","Not on tenure/no tenure system, instructors","1","0","1","0","0","0","0","0","0","0","0","0","0","0","0","0","0","0","1","0","1","0","0","0","0","0","0","0","0","0","-2"
"148627","Saint Xavier University","2013","Not on tenure/no tenure system, lecturers","9","3","6","0","0","0","0","0","0","0","0","0","0","0","0","0","0","0","8","2","6","0","0","0","1","1","0","0","0","0","-2"
"148876","Saint Augustine College","2013","Not on tenure track/No tenure system system total","29","13","16","2","2","0","1","0","1","1","0","1","14","10","4","0","0","0","11","1","10","0","0","0","0","0","0","0","0","0","-2"
"148876","Saint Augustine College","2013","Not on tenure/no tenure system, associate professors","4","2","2","0","0","0","0","0","0","0","0","0","2","2","0","0","0","0","2","0","2","0","0","0","0","0","0","0","0","0","-2"
"148876","Saint Augustine College","2013","Not on tenure/no tenure system, assistant professors","13","5","8","0","0","0","0","0","0","1","0","1","7","5","2","0","0","0","5","0","5","0","0","0","0","0","0","0","0","0","-2"
"148876","Saint Augustine College","2013","Not on tenure/no tenure system, instructors","12","6","6","2","2","0","1","0","1","0","0","0","5","3","2","0","0","0","4","1","3","0","0","0","0","0","0","0","0","0","-2"
"149639","VanderCook College of Music","2013","Not on tenure track/No tenure system system total","9","4","5","0","0","0","2","0","2","1","1","0","0","0","0","0","0","0","6","3","3","0","0","0","0","0","0","0","0","0","-2"
"149639","VanderCook College of Music","2013","Not on tenure/no tenure system, professors","3","2","1","0","0","0","0","0","0","0","0","0","0","0","0","0","0","0","3","2","1","0","0","0","0","0","0","0","0","0","-2"
"149639","VanderCook College of Music","2013","Not on tenure/no tenure system, associate professors","5","1","4","0","0","0","2","0","2","1","1","0","0","0","0","0","0","0","2","0","2","0","0","0","0","0","0","0","0","0","-2"
"149639","VanderCook College of Music","2013","Not on tenure/no tenure system, assistant professors","1","1","0","0","0","0","0","0","0","0","0","0","0","0","0","0","0","0","1","1","0","0","0","0","0","0","0","0","0","0","-2"
"150172","Calumet College of Saint Joseph","2013","Tenured total","15","13","2","0","0","0","0","0","0","0","0","0","0","0","0","0","0","0","15","13","2","0","0","0","0","0","0","0","0","0","-2"
"150172","Calumet College of Saint Joseph","2013","Tenured, professors","4","3","1","0","0","0","0","0","0","0","0","0","0","0","0","0","0","0","4","3","1","0","0","0","0","0","0","0","0","0","-2"
"150172","Calumet College of Saint Joseph","2013","Tenured, associate professors","9","8","1","0","0","0","0","0","0","0","0","0","0","0","0","0","0","0","9","8","1","0","0","0","0","0","0","0","0","0","-2"
"150172","Calumet College of Saint Joseph","2013","Tenured, assistant professors","2","2","0","0","0","0","0","0","0","0","0","0","0","0","0","0","0","0","2","2","0","0","0","0","0","0","0","0","0","0","-2"
"150172","Calumet College of Saint Joseph","2013","On-Tenure track total","8","3","5","0","0","0","0","0","0","1","0","1","0","0","0","0","0","0","7","3","4","0","0","0","0","0","0","0","0","0","-2"
"150172","Calumet College of Saint Joseph","2013","On-tenure track, assistant professors","8","3","5","0","0","0","0","0","0","1","0","1","0","0","0","0","0","0","7","3","4","0","0","0","0","0","0","0","0","0","-2"
"150172","Calumet College of Saint Joseph","2013","Not on tenure track/No tenure system system total","8","5","3","0","0","0","0","0","0","2","1","1","2","1","1","0","0","0","4","3","1","0","0","0","0","0","0","0","0","0","-2"
"150172","Calumet College of Saint Joseph","2013","Not on tenure/no tenure system, instructors","4","4","0","0","0","0","0","0","0","1","1","0","1","1","0","0","0","0","2","2","0","0","0","0","0","0","0","0","0","0","-2"
"150172","Calumet College of Saint Joseph","2013","Not on tenure/no tenure system, lecturers","4","1","3","0","0","0","0","0","0","1","0","1","1","0","1","0","0","0","2","1","1","0","0","0","0","0","0","0","0","0","-2"
"151360","Indiana University-Northwest","2013","Tenured total","68","42","26","0","0","0","10","7","3","4","2","2","6","4","2","0","0","0","47","28","19","1","1","0","0","0","0","0","0","0","-2"
"151360","Indiana University-Northwest","2013","Tenured, professors","28","19","9","0","0","0","4","4","0","2","1","1","1","0","1","0","0","0","20","13","7","1","1","0","0","0","0","0","0","0","-2"
"151360","Indiana University-Northwest","2013","Tenured, associate professors","40","23","17","0","0","0","6","3","3","2","1","1","5","4","1","0","0","0","27","15","12","0","0","0","0","0","0","0","0","0","-2"
"151360","Indiana University-Northwest","2013","On-Tenure track total","49","23","26","1","0","1","7","3","4","7","1","6","4","2","2","0","0","0","29","17","12","1","0","1","0","0","0","0","0","0","-2"
"151360","Indiana University-Northwest","2013","On-tenure track, associate professors","8","4","4","0","0","0","0","0","0","0","0","0","2","1","1","0","0","0","6","3","3","0","0","0","0","0","0","0","0","0","-2"
"151360","Indiana University-Northwest","2013","On-tenure track, assistant professors","41","19","22","1","0","1","7","3","4","7","1","6","2","1","1","0","0","0","23","14","9","1","0","1","0","0","0","0","0","0","-2"
"151360","Indiana University-Northwest","2013","Not on tenure track/No tenure system system total","57","14","43","0","0","0","3","0","3","4","0","4","1","0","1","0","0","0","48","14","34","1","0","1","0","0","0","0","0","0","-2"
"151360","Indiana University-Northwest","2013","Not on tenure/no tenure system, professors","1","1","0","0","0","0","0","0","0","0","0","0","0","0","0","0","0","0","1","1","0","0","0","0","0","0","0","0","0","0","-2"
"151360","Indiana University-Northwest","2013","Not on tenure/no tenure system, associate professors","9","4","5","0","0","0","1","0","1","1","0","1","0","0","0","0","0","0","7","4","3","0","0","0","0","0","0","0","0","0","-2"
"151360","Indiana University-Northwest","2013","Not on tenure/no tenure system, assistant professors","18","1","17","0","0","0","0","0","0","2","0","2","1","0","1","0","0","0","15","1","14","0","0","0","0","0","0","0","0","0","-2"
"151360","Indiana University-Northwest","2013","Not on tenure/no tenure system, lecturers","29","8","21","0","0","0","2","0","2","1","0","1","0","0","0","0","0","0","25","8","17","1","0","1","0","0","0","0","0","0","-2"
"155007","Donnelly College","2013","Not on tenure track/No tenure system system total","20","8","12","0","0","0","1","1","0","2","1","1","2","1","1","0","0","0","15","5","10","0","0","0","0","0","0","0","0","0","-2"
"155007","Donnelly College","2013","Not on tenure/no tenure system, associate professors","1","0","1","0","0","0","0","0","0","0","0","0","0","0","0","0","0","0","1","0","1","0","0","0","0","0","0","0","0","0","-2"
"155007","Donnelly College","2013","Not on tenure/no tenure system, assistant professors","6","1","5","0","0","0","0","0","0","0","0","0","0","0","0","0","0","0","6","1","5","0","0","0","0","0","0","0","0","0","-2"
"155007","Donnelly College","2013","Not on tenure/no tenure system, instructors","12","7","5","0","0","0","1","1","0","1","1","0","2","1","1","0","0","0","8","4","4","0","0","0","0","0","0","0","0","0","-2"
"155007","Donnelly College","2013","Not on tenure/no tenure system, no academic rank","1","0","1","0","0","0","0","0","0","1","0","1","0","0","0","0","0","0","0","0","0","0","0","0","0","0","0","0","0","0","-2"
"160409","Saint Joseph Seminary College","2013","Not on tenure track/No tenure system system total","16","13","3","0","0","0","0","0","0","0","0","0","0","0","0","0","0","0","16","13","3","0","0","0","0","0","0","0","0","0","-2"
"160409","Saint Joseph Seminary College","2013","Not on tenure/no tenure system, professors","16","13","3","0","0","0","0","0","0","0","0","0","0","0","0","0","0","0","16","13","3","0","0","0","0","0","0","0","0","0","-2"
"165167","Cambridge College","2013","Not on tenure track/No tenure system system total","26","13","13","0","0","0","1","0","1","6","3","3","1","1","0","0","0","0","18","9","9","0","0","0","0","0","0","0","0","0","-2"
"165167","Cambridge College","2013","Not on tenure/no tenure system, professors","16","9","7","0","0","0","1","0","1","5","2","3","1","1","0","0","0","0","9","6","3","0","0","0","0","0","0","0","0","0","-2"
"165167","Cambridge College","2013","Not on tenure/no tenure system, associate professors","8","4","4","0","0","0","0","0","0","1","1","0","0","0","0","0","0","0","7","3","4","0","0","0","0","0","0","0","0","0","-2"
"165167","Cambridge College","2013","Not on tenure/no tenure system, assistant professors","2","0","2","0","0","0","0","0","0","0","0","0","0","0","0","0","0","0","2","0","2","0","0","0","0","0","0","0","0","0","-2"
"165884","Benjamin Franklin Institute of Technology","2013","Not on tenure track/No tenure system system total","33","23","10","0","0","0","1","1","0","2","1","1","0","0","0","0","0","0","30","21","9","0","0","0","0","0","0","0","0","0","-2"
"165884","Benjamin Franklin Institute of Technology","2013","Not on tenure/no tenure system, professors","2","1","1","0","0","0","0","0","0","0","0","0","0","0","0","0","0","0","2","1","1","0","0","0","0","0","0","0","0","0","-2"
"165884","Benjamin Franklin Institute of Technology","2013","Not on tenure/no tenure system, associate professors","7","5","2","0","0","0","0","0","0","0","0","0","0","0","0","0","0","0","7","5","2","0","0","0","0","0","0","0","0","0","-2"
"165884","Benjamin Franklin Institute of Technology","2013","Not on tenure/no tenure system, assistant professors","15","12","3","0","0","0","1","1","0","2","1","1","0","0","0","0","0","0","12","10","2","0","0","0","0","0","0","0","0","0","-2"
"165884","Benjamin Franklin Institute of Technology","2013","Not on tenure/no tenure system, instructors","9","5","4","0","0","0","0","0","0","0","0","0","0","0","0","0","0","0","9","5","4","0","0","0","0","0","0","0","0","0","-2"
"182005","College of Southern Nevada","2013","Tenured total","308","177","131","0","0","0","23","12","11","14","6","8","18","7","11","2","1","1","249","149","100","2","2","0","0","0","0","0","0","0","-2"
"182005","College of Southern Nevada","2013","Tenured, professors","308","177","131","0","0","0","23","12","11","14","6","8","18","7","11","2","1","1","249","149","100","2","2","0","0","0","0","0","0","0","-2"
"182005","College of Southern Nevada","2013","On-Tenure track total","120","52","68","2","1","1","8","3","5","8","3","5","8","4","4","0","0","0","94","41","53","0","0","0","0","0","0","0","0","0","-2"
"182005","College of Southern Nevada","2013","On-tenure track, instructors","120","52","68","2","1","1","8","3","5","8","3","5","8","4","4","0","0","0","94","41","53","0","0","0","0","0","0","0","0","0","-2"
"182005","College of Southern Nevada","2013","Not on tenure track/No tenure system system total","59","26","33","0","0","0","1","1","0","3","0","3","6","5","1","0","0","0","46","19","27","3","1","2","0","0","0","0","0","0","-2"
"182005","College of Southern Nevada","2013","Not on tenure/no tenure system, instructors","59","26","33","0","0","0","1","1","0","3","0","3","6","5","1","0","0","0","46","19","27","3","1","2","0","0","0","0","0","0","-2"
"182500","Truckee Meadows Community College","2013","Tenured total","114","59","55","2","1","1","4","0","4","0","0","0","4","2","2","0","0","0","102","55","47","2","1","1","0","0","0","0","0","0","-2"
"182500","Truckee Meadows Community College","2013","Tenured, professors","114","59","55","2","1","1","4","0","4","0","0","0","4","2","2","0","0","0","102","55","47","2","1","1","0","0","0","0","0","0","-2"
"182500","Truckee Meadows Community College","2013","On-Tenure track total","13","5","8","0","0","0","1","0","1","1","0","1","0","0","0","0","0","0","11","5","6","0","0","0","0","0","0","0","0","0","-2"
"182500","Truckee Meadows Community College","2013","On-tenure track, instructors","13","5","8","0","0","0","1","0","1","1","0","1","0","0","0","0","0","0","11","5","6","0","0","0","0","0","0","0","0","0","-2"
"182500","Truckee Meadows Community College","2013","Not on tenure track/No tenure system system total","34","14","20","0","0","0","2","1","1","0","0","0","2","1","1","0","0","0","30","12","18","0","0","0","0","0","0","0","0","0","-2"
"182500","Truckee Meadows Community College","2013","Not on tenure/no tenure system, instructors","34","14","20","0","0","0","2","1","1","0","0","0","2","1","1","0","0","0","30","12","18","0","0","0","0","0","0","0","0","0","-2"
"183822","Bloomfield College","2013","Tenured total","49","18","31","0","0","0","2","0","2","9","4","5","2","0","2","0","0","0","36","14","22","0","0","0","0","0","0","0","0","0","-2"
"183822","Bloomfield College","2013","Tenured, professors","31","11","20","0","0","0","1","0","1","6","1","5","1","0","1","0","0","0","23","10","13","0","0","0","0","0","0","0","0","0","-2"
"183822","Bloomfield College","2013","Tenured, associate professors","18","7","11","0","0","0","1","0","1","3","3","0","1","0","1","0","0","0","13","4","9","0","0","0","0","0","0","0","0","0","-2"
"183822","Bloomfield College","2013","On-Tenure track total","20","9","11","0","0","0","1","1","0","3","0","3","2","1","1","0","0","0","14","7","7","0","0","0","0","0","0","0","0","0","-2"
"183822","Bloomfield College","2013","On-tenure track, associate professors","6","4","2","0","0","0","0","0","0","0","0","0","0","0","0","0","0","0","6","4","2","0","0","0","0","0","0","0","0","0","-2"
"183822","Bloomfield College","2013","On-tenure track, assistant professors","13","4","9","0","0","0","1","1","0","3","0","3","2","1","1","0","0","0","7","2","5","0","0","0","0","0","0","0","0","0","-2"
"183822","Bloomfield College","2013","On-tenure track, instructors","1","1","0","0","0","0","0","0","0","0","0","0","0","0","0","0","0","0","1","1","0","0","0","0","0","0","0","0","0","0","-2"
"183822","Bloomfield College","2013","Not on tenure track/No tenure system system total","3","2","1","0","0","0","0","0","0","0","0","0","0","0","0","0","0","0","3","2","1","0","0","0","0","0","0","0","0","0","-2"
"183822","Bloomfield College","2013","Not on tenure/no tenure system, associate professors","1","1","0","0","0","0","0","0","0","0","0","0","0","0","0","0","0","0","1","1","0","0","0","0","0","0","0","0","0","0","-2"
"183822","Bloomfield College","2013","Not on tenure/no tenure system, assistant professors","2","1","1","0","0","0","0","0","0","0","0","0","0","0","0","0","0","0","2","1","1","0","0","0","0","0","0","0","0","0","-2"
"183910","Caldwell University","2013","Tenured total","59","24","35","0","0","0","2","0","2","1","0","1","2","1","1","0","0","0","53","23","30","1","0","1","0","0","0","0","0","0","-2"
"183910","Caldwell University","2013","Tenured, professors","49","20","29","0","0","0","1","0","1","1","0","1","2","1","1","0","0","0","44","19","25","1","0","1","0","0","0","0","0","0","-2"
"183910","Caldwell University","2013","Tenured, associate professors","10","4","6","0","0","0","1","0","1","0","0","0","0","0","0","0","0","0","9","4","5","0","0","0","0","0","0","0","0","0","-2"
"183910","Caldwell University","2013","On-Tenure track total","20","7","13","0","0","0","1","1","0","1","0","1","1","1","0","0","0","0","15","4","11","0","0","0","2","1","1","0","0","0","-2"
"183910","Caldwell University","2013","On-tenure track, associate professors","10","3","7","0","0","0","1","1","0","0","0","0","0","0","0","0","0","0","8","2","6","0","0","0","1","0","1","0","0","0","-2"
"183910","Caldwell University","2013","On-tenure track, assistant professors","10","4","6","0","0","0","0","0","0","1","0","1","1","1","0","0","0","0","7","2","5","0","0","0","1","1","0","0","0","0","-2"
"183910","Caldwell University","2013","Not on tenure track/No tenure system system total","9","2","7","0","0","0","0","0","0","2","0","2","1","1","0","0","0","0","6","1","5","0","0","0","0","0","0","0","0","0","-2"
"183910","Caldwell University","2013","Not on tenure/no tenure system, assistant professors","1","1","0","0","0","0","0","0","0","0","0","0","1","1","0","0","0","0","0","0","0","0","0","0","0","0","0","0","0","0","-2"
"183910","Caldwell University","2013","Not on tenure/no tenure system, instructors","6","1","5","0","0","0","0","0","0","2","0","2","0","0","0","0","0","0","4","1","3","0","0","0","0","0","0","0","0","0","-2"
"183910","Caldwell University","2013","Not on tenure/no tenure system, no academic rank","2","0","2","0","0","0","0","0","0","0","0","0","0","0","0","0","0","0","2","0","2","0","0","0","0","0","0","0","0","0","-2"
"184603","Fairleigh Dickinson University-Metropolitan Campus","2013","Tenured total","89","54","35","0","0","0","14","8","6","6","5","1","2","2","0","0","0","0","67","39","28","0","0","0","0","0","0","0","0","0","-2"
"184603","Fairleigh Dickinson University-Metropolitan Campus","2013","Tenured, professors","50","30","20","0","0","0","5","3","2","2","2","0","2","2","0","0","0","0","41","23","18","0","0","0","0","0","0","0","0","0","-2"
"184603","Fairleigh Dickinson University-Metropolitan Campus","2013","Tenured, associate professors","32","21","11","0","0","0","8","4","4","4","3","1","0","0","0","0","0","0","20","14","6","0","0","0","0","0","0","0","0","0","-2"
"184603","Fairleigh Dickinson University-Metropolitan Campus","2013","Tenured, assistant professors","7","3","4","0","0","0","1","1","0","0","0","0","0","0","0","0","0","0","6","2","4","0","0","0","0","0","0","0","0","0","-2"
"184603","Fairleigh Dickinson University-Metropolitan Campus","2013","On-Tenure track total","41","18","23","0","0","0","5","3","2","0","0","0","4","2","2","0","0","0","32","13","19","0","0","0","0","0","0","0","0","0","-2"
"184603","Fairleigh Dickinson University-Metropolitan Campus","2013","On-tenure track, professors","2","0","2","0","0","0","0","0","0","0","0","0","0","0","0","0","0","0","2","0","2","0","0","0","0","0","0","0","0","0","-2"
"184603","Fairleigh Dickinson University-Metropolitan Campus","2013","On-tenure track, associate professors","4","3","1","0","0","0","1","1","0","0","0","0","0","0","0","0","0","0","3","2","1","0","0","0","0","0","0","0","0","0","-2"
"184603","Fairleigh Dickinson University-Metropolitan Campus","2013","On-tenure track, assistant professors","34","15","19","0","0","0","4","2","2","0","0","0","4","2","2","0","0","0","26","11","15","0","0","0","0","0","0","0","0","0","-2"
"184603","Fairleigh Dickinson University-Metropolitan Campus","2013","On-tenure track, instructors","1","0","1","0","0","0","0","0","0","0","0","0","0","0","0","0","0","0","1","0","1","0","0","0","0","0","0","0","0","0","-2"
"184603","Fairleigh Dickinson University-Metropolitan Campus","2013","Not on tenure track/No tenure system system total","49","25","24","0","0","0","4","1","3","6","3","3","10","6","4","0","0","0","29","15","14","0","0","0","0","0","0","0","0","0","-2"
"184603","Fairleigh Dickinson University-Metropolitan Campus","2013","Not on tenure/no tenure system, assistant professors","7","1","6","0","0","0","1","0","1","2","0","2","1","0","1","0","0","0","3","1","2","0","0","0","0","0","0","0","0","0","-2"
"184603","Fairleigh Dickinson University-Metropolitan Campus","2013","Not on tenure/no tenure system, instructors","1","1","0","0","0","0","1","1","0","0","0","0","0","0","0","0","0","0","0","0","0","0","0","0","0","0","0","0","0","0","-2"
"184603","Fairleigh Dickinson University-Metropolitan Campus","2013","Not on tenure/no tenure system, lecturers","41","23","18","0","0","0","2","0","2","4","3","1","9","6","3","0","0","0","26","14","12","0","0","0","0","0","0","0","0","0","-2"
"184612","Felician University","2013","Not on tenure track/No tenure system system total","110","46","64","0","0","0","2","1","1","2","0","2","4","2","2","0","0","0","68","21","47","16","16","0","18","6","12","0","0","0","-2"
"184612","Felician University","2013","Not on tenure/no tenure system, professors","13","7","6","0","0","0","0","0","0","0","0","0","0","0","0","0","0","0","13","7","6","0","0","0","0","0","0","0","0","0","-2"
"184612","Felician University","2013","Not on tenure/no tenure system, associate professors","42","21","21","0","0","0","1","0","1","0","0","0","3","2","1","0","0","0","16","0","16","16","16","0","6","3","3","0","0","0","-2"
"184612","Felician University","2013","Not on tenure/no tenure system, assistant professors","36","15","21","0","0","0","0","0","0","2","0","2","0","0","0","0","0","0","27","12","15","0","0","0","7","3","4","0","0","0","-2"
"184612","Felician University","2013","Not on tenure/no tenure system, instructors","19","3","16","0","0","0","1","1","0","0","0","0","1","0","1","0","0","0","12","2","10","0","0","0","5","0","5","0","0","0","-2"
"185129","New Jersey City University","2013","Tenured total","192","98","94","0","0","0","19","9","10","34","13","21","20","7","13","0","0","0","118","68","50","1","1","0","0","0","0","0","0","0","-2"
"185129","New Jersey City University","2013","Tenured, professors","87","45","42","0","0","0","10","4","6","14","5","9","11","5","6","0","0","0","51","30","21","1","1","0","0","0","0","0","0","0","-2"
"185129","New Jersey City University","2013","Tenured, associate professors","66","36","30","0","0","0","8","5","3","11","4","7","5","2","3","0","0","0","42","25","17","0","0","0","0","0","0","0","0","0","-2"
"185129","New Jersey City University","2013","Tenured, assistant professors","39","17","22","0","0","0","1","0","1","9","4","5","4","0","4","0","0","0","25","13","12","0","0","0","0","0","0","0","0","0","-2"
"185129","New Jersey City University","2013","On-Tenure track total","41","17","24","0","0","0","6","2","4","5","1","4","2","1","1","0","0","0","28","13","15","0","0","0","0","0","0","0","0","0","-2"
"185129","New Jersey City University","2013","On-tenure track, associate professors","5","2","3","0","0","0","0","0","0","0","0","0","0","0","0","0","0","0","5","2","3","0","0","0","0","0","0","0","0","0","-2"
"185129","New Jersey City University","2013","On-tenure track, assistant professors","36","15","21","0","0","0","6","2","4","5","1","4","2","1","1","0","0","0","23","11","12","0","0","0","0","0","0","0","0","0","-2"
"185129","New Jersey City University","2013","Not on tenure track/No tenure system system total","8","0","8","0","0","0","1","0","1","0","0","0","1","0","1","0","0","0","6","0","6","0","0","0","0","0","0","0","0","0","-2"
"185129","New Jersey City University","2013","Not on tenure/no tenure system, associate professors","1","0","1","0","0","0","0","0","0","0","0","0","0","0","0","0","0","0","1","0","1","0","0","0","0","0","0","0","0","0","-2"
"185129","New Jersey City University","2013","Not on tenure/no tenure system, assistant professors","3","0","3","0","0","0","1","0","1","0","0","0","1","0","1","0","0","0","1","0","1","0","0","0","0","0","0","0","0","0","-2"
"185129","New Jersey City University","2013","Not on tenure/no tenure system, instructors","4","0","4","0","0","0","0","0","0","0","0","0","0","0","0","0","0","0","4","0","4","0","0","0","0","0","0","0","0","0","-2"
"185590","Montclair State University","2013","Tenured total","420","220","200","0","0","0","55","34","21","33","13","20","29","15","14","0","0","0","288","148","140","5","4","1","4","3","1","6","3","3","-2"
"185590","Montclair State University","2013","Tenured, professors","174","104","70","0","0","0","26","19","7","11","6","5","9","5","4","0","0","0","126","72","54","1","1","0","1","1","0","0","0","0","-2"
"185590","Montclair State University","2013","Tenured, associate professors","213","107","106","0","0","0","27","14","13","14","7","7","18","9","9","0","0","0","144","70","74","4","3","1","3","2","1","3","2","1","-2"
"185590","Montclair State University","2013","Tenured, assistant professors","33","9","24","0","0","0","2","1","1","8","0","8","2","1","1","0","0","0","18","6","12","0","0","0","0","0","0","3","1","2","-2"
"185590","Montclair State University","2013","On-Tenure track total","111","60","51","0","0","0","14","4","10","6","4","2","5","3","2","0","0","0","69","41","28","1","1","0","4","2","2","12","5","7","-2"
"185590","Montclair State University","2013","On-tenure track, professors","5","3","2","0","0","0","1","0","1","0","0","0","1","0","1","0","0","0","2","2","0","1","1","0","0","0","0","0","0","0","-2"
"185590","Montclair State University","2013","On-tenure track, associate professors","17","11","6","0","0","0","1","0","1","1","1","0","1","1","0","0","0","0","12","7","5","0","0","0","1","1","0","1","1","0","-2"
"185590","Montclair State University","2013","On-tenure track, assistant professors","89","46","43","0","0","0","12","4","8","5","3","2","3","2","1","0","0","0","55","32","23","0","0","0","3","1","2","11","4","7","-2"
"185590","Montclair State University","2013","Not on tenure track/No tenure system system total","54","19","35","0","0","0","2","1","1","1","0","1","7","2","5","0","0","0","36","13","23","2","0","2","4","1","3","2","2","0","-2"
"185590","Montclair State University","2013","Not on tenure/no tenure system, associate professors","2","1","1","0","0","0","0","0","0","0","0","0","0","0","0","0","0","0","2","1","1","0","0","0","0","0","0","0","0","0","-2"
"185590","Montclair State University","2013","Not on tenure/no tenure system, assistant professors","20","10","10","0","0","0","2","1","1","1","0","1","0","0","0","0","0","0","14","7","7","0","0","0","2","1","1","1","1","0","-2"
"185590","Montclair State University","2013","Not on tenure/no tenure system, instructors","13","2","11","0","0","0","0","0","0","0","0","0","3","1","2","0","0","0","7","1","6","1","0","1","2","0","2","0","0","0","-2"
"185590","Montclair State University","2013","Not on tenure/no tenure system, no academic rank","19","6","13","0","0","0","0","0","0","0","0","0","4","1","3","0","0","0","13","4","9","1","0","1","0","0","0","1","1","0","-2"
"186399","Rutgers University-Newark","2013","Tenured total","260","185","75","0","0","0","28","21","7","18","13","5","8","6","2","0","0","0","185","131","54","0","0","0","7","5","2","14","9","5","-2"
"186399","Rutgers University-Newark","2013","Tenured, professors","164","123","41","0","0","0","20","17","3","8","7","1","4","3","1","0","0","0","126","93","33","0","0","0","2","2","0","4","1","3","-2"
"186399","Rutgers University-Newark","2013","Tenured, associate professors","96","62","34","0","0","0","8","4","4","10","6","4","4","3","1","0","0","0","59","38","21","0","0","0","5","3","2","10","8","2","-2"
"186399","Rutgers University-Newark","2013","On-Tenure track total","123","77","46","1","0","1","12","8","4","10","4","6","5","4","1","0","0","0","32","23","9","2","1","1","30","16","14","31","21","10","-2"
"186399","Rutgers University-Newark","2013","On-tenure track, professors","2","2","0","0","0","0","0","0","0","0","0","0","0","0","0","0","0","0","1","1","0","0","0","0","1","1","0","0","0","0","-2"
"186399","Rutgers University-Newark","2013","On-tenure track, associate professors","11","6","5","0","0","0","1","1","0","2","1","1","0","0","0","0","0","0","5","3","2","0","0","0","2","0","2","1","1","0","-2"
"186399","Rutgers University-Newark","2013","On-tenure track, assistant professors","110","69","41","1","0","1","11","7","4","8","3","5","5","4","1","0","0","0","26","19","7","2","1","1","27","15","12","30","20","10","-2"
"186399","Rutgers University-Newark","2013","Not on tenure track/No tenure system system total","101","69","32","0","0","0","5","3","2","8","6","2","3","2","1","0","0","0","59","41","18","1","1","0","21","13","8","4","3","1","-2"
"186399","Rutgers University-Newark","2013","Not on tenure/no tenure system, professors","13","7","6","0","0","0","0","0","0","2","1","1","1","1","0","0","0","0","9","4","5","0","0","0","1","1","0","0","0","0","-2"
"186399","Rutgers University-Newark","2013","Not on tenure/no tenure system, associate professors","2","2","0","0","0","0","0","0","0","0","0","0","0","0","0","0","0","0","2","2","0","0","0","0","0","0","0","0","0","0","-2"
"186399","Rutgers University-Newark","2013","Not on tenure/no tenure system, assistant professors","8","6","2","0","0","0","0","0","0","1","1","0","1","0","1","0","0","0","4","4","0","0","0","0","2","1","1","0","0","0","-2"
"186399","Rutgers University-Newark","2013","Not on tenure/no tenure system, instructors","70","48","22","0","0","0","5","3","2","4","3","1","1","1","0","0","0","0","42","30","12","1","1","0","15","9","6","2","1","1","-2"
"186399","Rutgers University-Newark","2013","Not on tenure/no tenure system, lecturers","8","6","2","0","0","0","0","0","0","1","1","0","0","0","0","0","0","0","2","1","1","0","0","0","3","2","1","2","2","0","-2"
"186432","Saint Peter's University","2013","Tenured total","77","42","35","0","0","0","2","1","1","3","1","2","3","1","2","0","0","0","68","38","30","0","0","0","0","0","0","1","1","0","-2"
"186432","Saint Peter's University","2013","Tenured, professors","33","19","14","0","0","0","0","0","0","0","0","0","1","0","1","0","0","0","32","19","13","0","0","0","0","0","0","0","0","0","-2"
"186432","Saint Peter's University","2013","Tenured, associate professors","38","19","19","0","0","0","2","1","1","1","0","1","2","1","1","0","0","0","32","16","16","0","0","0","0","0","0","1","1","0","-2"
"186432","Saint Peter's University","2013","Tenured, assistant professors","5","3","2","0","0","0","0","0","0","2","1","1","0","0","0","0","0","0","3","2","1","0","0","0","0","0","0","0","0","0","-2"
"186432","Saint Peter's University","2013","Tenured, lecturers","1","1","0","0","0","0","0","0","0","0","0","0","0","0","0","0","0","0","1","1","0","0","0","0","0","0","0","0","0","0","-2"
"186432","Saint Peter's University","2013","On-Tenure track total","19","9","10","0","0","0","3","2","1","10","1","9","0","0","0","0","0","0","6","6","0","0","0","0","0","0","0","0","0","0","-2"
"186432","Saint Peter's University","2013","On-tenure track, associate professors","1","1","0","0","0","0","0","0","0","0","0","0","0","0","0","0","0","0","1","1","0","0","0","0","0","0","0","0","0","0","-2"
"186432","Saint Peter's University","2013","On-tenure track, assistant professors","16","7","9","0","0","0","2","2","0","10","1","9","0","0","0","0","0","0","4","4","0","0","0","0","0","0","0","0","0","0","-2"
"186432","Saint Peter's University","2013","On-tenure track, instructors","1","1","0","0","0","0","0","0","0","0","0","0","0","0","0","0","0","0","1","1","0","0","0","0","0","0","0","0","0","0","-2"
"186432","Saint Peter's University","2013","On-tenure track, lecturers","1","0","1","0","0","0","1","0","1","0","0","0","0","0","0","0","0","0","0","0","0","0","0","0","0","0","0","0","0","0","-2"
"186432","Saint Peter's University","2013","Not on tenure track/No tenure system system total","19","8","11","0","0","0","1","0","1","0","0","0","0","0","0","0","0","0","18","8","10","0","0","0","0","0","0","0","0","0","-2"
"186432","Saint Peter's University","2013","Not on tenure/no tenure system, assistant professors","1","1","0","0","0","0","0","0","0","0","0","0","0","0","0","0","0","0","1","1","0","0","0","0","0","0","0","0","0","0","-2"
"186432","Saint Peter's University","2013","Not on tenure/no tenure system, lecturers","12","6","6","0","0","0","0","0","0","0","0","0","0","0","0","0","0","0","12","6","6","0","0","0","0","0","0","0","0","0","-2"
"186432","Saint Peter's University","2013","Not on tenure/no tenure system, no academic rank","6","1","5","0","0","0","1","0","1","0","0","0","0","0","0","0","0","0","5","1","4","0","0","0","0","0","0","0","0","0","-2"
"187444","William Paterson University of New Jersey","2013","Tenured total","311","171","140","1","0","1","57","35","22","30","19","11","26","11","15","0","0","0","192","104","88","4","1","3","0","0","0","1","1","0","-2"
"187444","William Paterson University of New Jersey","2013","Tenured, professors","158","98","60","1","0","1","37","28","9","9","7","2","11","6","5","0","0","0","97","55","42","2","1","1","0","0","0","1","1","0","-2"
"187444","William Paterson University of New Jersey","2013","Tenured, associate professors","122","65","57","0","0","0","16","7","9","18","12","6","8","3","5","0","0","0","78","43","35","2","0","2","0","0","0","0","0","0","-2"
"187444","William Paterson University of New Jersey","2013","Tenured, assistant professors","31","8","23","0","0","0","4","0","4","3","0","3","7","2","5","0","0","0","17","6","11","0","0","0","0","0","0","0","0","0","-2"
"187444","William Paterson University of New Jersey","2013","On-Tenure track total","76","25","51","0","0","0","11","4","7","5","2","3","3","2","1","0","0","0","49","15","34","0","0","0","1","0","1","7","2","5","-2"
"187444","William Paterson University of New Jersey","2013","On-tenure track, associate professors","7","4","3","0","0","0","2","2","0","1","1","0","0","0","0","0","0","0","4","1","3","0","0","0","0","0","0","0","0","0","-2"
"187444","William Paterson University of New Jersey","2013","On-tenure track, assistant professors","63","20","43","0","0","0","9","2","7","3","1","2","3","2","1","0","0","0","40","13","27","0","0","0","1","0","1","7","2","5","-2"
"187444","William Paterson University of New Jersey","2013","On-tenure track, instructors","6","1","5","0","0","0","0","0","0","1","0","1","0","0","0","0","0","0","5","1","4","0","0","0","0","0","0","0","0","0","-2"
"187444","William Paterson University of New Jersey","2013","Not on tenure track/No tenure system system total","12","0","12","0","0","0","1","0","1","0","0","0","0","0","0","0","0","0","10","0","10","0","0","0","1","0","1","0","0","0","-2"
"187444","William Paterson University of New Jersey","2013","Not on tenure/no tenure system, associate professors","1","0","1","0","0","0","0","0","0","0","0","0","0","0","0","0","0","0","1","0","1","0","0","0","0","0","0","0","0","0","-2"
"187444","William Paterson University of New Jersey","2013","Not on tenure/no tenure system, assistant professors","4","0","4","0","0","0","1","0","1","0","0","0","0","0","0","0","0","0","3","0","3","0","0","0","0","0","0","0","0","0","-2"
"187444","William Paterson University of New Jersey","2013","Not on tenure/no tenure system, instructors","7","0","7","0","0","0","0","0","0","0","0","0","0","0","0","0","0","0","6","0","6","0","0","0","1","0","1","0","0","0","-2"
"187648","Eastern New Mexico University-Main Campus","2013","Tenured total","71","38","33","0","0","0","4","3","1","0","0","0","5","3","2","0","0","0","57","30","27","1","0","1","0","0","0","4","2","2","-2"
"187648","Eastern New Mexico University-Main Campus","2013","Tenured, professors","37","25","12","0","0","0","3","3","0","0","0","0","3","2","1","0","0","0","29","19","10","1","0","1","0","0","0","1","1","0","-2"
"187648","Eastern New Mexico University-Main Campus","2013","Tenured, associate professors","29","10","19","0","0","0","1","0","1","0","0","0","2","1","1","0","0","0","23","8","15","0","0","0","0","0","0","3","1","2","-2"
"187648","Eastern New Mexico University-Main Campus","2013","Tenured, assistant professors","3","1","2","0","0","0","0","0","0","0","0","0","0","0","0","0","0","0","3","1","2","0","0","0","0","0","0","0","0","0","-2"
"187648","Eastern New Mexico University-Main Campus","2013","Tenured, instructors","2","2","0","0","0","0","0","0","0","0","0","0","0","0","0","0","0","0","2","2","0","0","0","0","0","0","0","0","0","0","-2"
"187648","Eastern New Mexico University-Main Campus","2013","On-Tenure track total","51","29","22","0","0","0","1","0","1","2","2","0","2","2","0","0","0","0","38","19","19","2","1","1","2","1","1","4","4","0","-2"
"187648","Eastern New Mexico University-Main Campus","2013","On-tenure track, associate professors","1","1","0","0","0","0","0","0","0","1","1","0","0","0","0","0","0","0","0","0","0","0","0","0","0","0","0","0","0","0","-2"
"187648","Eastern New Mexico University-Main Campus","2013","On-tenure track, assistant professors","47","28","19","0","0","0","1","0","1","1","1","0","2","2","0","0","0","0","36","19","17","1","1","0","2","1","1","4","4","0","-2"
"187648","Eastern New Mexico University-Main Campus","2013","On-tenure track, instructors","3","0","3","0","0","0","0","0","0","0","0","0","0","0","0","0","0","0","2","0","2","1","0","1","0","0","0","0","0","0","-2"
"187648","Eastern New Mexico University-Main Campus","2013","Not on tenure track/No tenure system system total","36","10","26","0","0","0","0","0","0","1","0","1","2","0","2","0","0","0","32","10","22","0","0","0","1","0","1","0","0","0","-2"
"187648","Eastern New Mexico University-Main Campus","2013","Not on tenure/no tenure system, assistant professors","2","0","2","0","0","0","0","0","0","0","0","0","0","0","0","0","0","0","2","0","2","0","0","0","0","0","0","0","0","0","-2"
"187648","Eastern New Mexico University-Main Campus","2013","Not on tenure/no tenure system, instructors","34","10","24","0","0","0","0","0","0","1","0","1","2","0","2","0","0","0","30","10","20","0","0","0","1","0","1","0","0","0","-2"
"187897","New Mexico Highlands University","2013","Tenured total","58","38","20","0","0","0","1","1","0","2","2","0","15","10","5","0","0","0","34","21","13","2","1","1","4","3","1","0","0","0","-2"
"187897","New Mexico Highlands University","2013","Tenured, professors","28","17","11","0","0","0","0","0","0","1","1","0","6","5","1","0","0","0","19","11","8","1","0","1","1","0","1","0","0","0","-2"
"187897","New Mexico Highlands University","2013","Tenured, associate professors","28","19","9","0","0","0","1","1","0","1","1","0","7","3","4","0","0","0","15","10","5","1","1","0","3","3","0","0","0","0","-2"
"187897","New Mexico Highlands University","2013","Tenured, assistant professors","2","2","0","0","0","0","0","0","0","0","0","0","2","2","0","0","0","0","0","0","0","0","0","0","0","0","0","0","0","0","-2"
"187897","New Mexico Highlands University","2013","On-Tenure track total","38","19","19","0","0","0","6","4","2","2","0","2","8","5","3","0","0","0","20","10","10","2","0","2","0","0","0","0","0","0","-2"
"187897","New Mexico Highlands University","2013","On-tenure track, associate professors","10","6","4","0","0","0","1","1","0","0","0","0","3","2","1","0","0","0","5","3","2","1","0","1","0","0","0","0","0","0","-2"
"187897","New Mexico Highlands University","2013","On-tenure track, assistant professors","28","13","15","0","0","0","5","3","2","2","0","2","5","3","2","0","0","0","15","7","8","1","0","1","0","0","0","0","0","0","-2"
"187897","New Mexico Highlands University","2013","Not on tenure track/No tenure system system total","37","23","14","0","0","0","4","3","1","0","0","0","12","7","5","0","0","0","21","13","8","0","0","0","0","0","0","0","0","0","-2"
"187897","New Mexico Highlands University","2013","Not on tenure/no tenure system, professors","3","0","3","0","0","0","0","0","0","0","0","0","2","0","2","0","0","0","1","0","1","0","0","0","0","0","0","0","0","0","-2"
"187897","New Mexico Highlands University","2013","Not on tenure/no tenure system, associate professors","1","0","1","0","0","0","0","0","0","0","0","0","0","0","0","0","0","0","1","0","1","0","0","0","0","0","0","0","0","0","-2"
"187897","New Mexico Highlands University","2013","Not on tenure/no tenure system, assistant professors","14","10","4","0","0","0","1","1","0","0","0","0","6","4","2","0","0","0","7","5","2","0","0","0","0","0","0","0","0","0","-2"
"187897","New Mexico Highlands University","2013","Not on tenure/no tenure system, instructors","12","7","5","0","0","0","1","1","0","0","0","0","4","3","1","0","0","0","7","3","4","0","0","0","0","0","0","0","0","0","-2"
"187897","New Mexico Highlands University","2013","Not on tenure/no tenure system, no academic rank","7","6","1","0","0","0","2","1","1","0","0","0","0","0","0","0","0","0","5","5","0","0","0","0","0","0","0","0","0","0","-2"
"187985","University of New Mexico-Main Campus","2013","Tenured total","689","416","273","21","6","15","57","42","15","8","3","5","85","43","42","0","0","0","502","313","189","2","1","1","11","5","6","3","3","0","-2"
"187985","University of New Mexico-Main Campus","2013","Tenured, professors","389","265","124","9","4","5","29","23","6","3","2","1","38","24","14","0","0","0","303","208","95","0","0","0","6","3","3","1","1","0","-2"
"187985","University of New Mexico-Main Campus","2013","Tenured, associate professors","295","147","148","12","2","10","28","19","9","4","1","3","46","18","28","0","0","0","197","103","94","2","1","1","4","1","3","2","2","0","-2"
"187985","University of New Mexico-Main Campus","2013","Tenured, assistant professors","5","4","1","0","0","0","0","0","0","1","0","1","1","1","0","0","0","0","2","2","0","0","0","0","1","1","0","0","0","0","-2"
"187985","University of New Mexico-Main Campus","2013","On-Tenure track total","316","170","146","10","3","7","25","15","10","10","5","5","33","18","15","0","0","0","159","78","81","5","3","2","45","27","18","29","21","8","-2"
"187985","University of New Mexico-Main Campus","2013","On-tenure track, professors","10","7","3","0","0","0","0","0","0","0","0","0","3","2","1","0","0","0","7","5","2","0","0","0","0","0","0","0","0","0","-2"
"187985","University of New Mexico-Main Campus","2013","On-tenure track, associate professors","14","6","8","0","0","0","2","1","1","1","1","0","2","1","1","0","0","0","6","2","4","1","1","0","2","0","2","0","0","0","-2"
"187985","University of New Mexico-Main Campus","2013","On-tenure track, assistant professors","292","157","135","10","3","7","23","14","9","9","4","5","28","15","13","0","0","0","146","71","75","4","2","2","43","27","16","29","21","8","-2"
"187985","University of New Mexico-Main Campus","2013","Not on tenure track/No tenure system system total","761","358","403","8","2","6","52","24","28","18","8","10","104","38","66","1","0","1","504","250","254","11","1","10","27","13","14","36","22","14","-2"
"187985","University of New Mexico-Main Campus","2013","Not on tenure/no tenure system, professors","103","62","41","2","1","1","4","3","1","0","0","0","4","1","3","0","0","0","88","54","34","0","0","0","4","2","2","1","1","0","-2"
"187985","University of New Mexico-Main Campus","2013","Not on tenure/no tenure system, associate professors","115","54","61","0","0","0","10","3","7","4","0","4","10","3","7","1","0","1","85","44","41","1","1","0","3","2","1","1","1","0","-2"
"187985","University of New Mexico-Main Campus","2013","Not on tenure/no tenure system, assistant professors","316","151","165","2","0","2","31","15","16","9","4","5","53","20","33","0","0","0","178","90","88","6","0","6","10","3","7","27","19","8","-2"
"187985","University of New Mexico-Main Campus","2013","Not on tenure/no tenure system, instructors","53","16","37","1","1","0","5","2","3","0","0","0","5","1","4","0","0","0","37","12","25","2","0","2","1","0","1","2","0","2","-2"
"187985","University of New Mexico-Main Campus","2013","Not on tenure/no tenure system, lecturers","173","75","98","3","0","3","2","1","1","5","4","1","32","13","19","0","0","0","116","50","66","2","0","2","9","6","3","4","1","3","-2"
"187985","University of New Mexico-Main Campus","2013","Not on tenure/no tenure system, no academic rank","1","0","1","0","0","0","0","0","0","0","0","0","0","0","0","0","0","0","0","0","0","0","0","0","0","0","0","1","0","1","-2"
"188030","New Mexico State University-Main Campus","2013","Tenured total","405","263","142","5","3","2","41","32","9","5","4","1","46","28","18","0","0","0","297","187","110","2","1","1","0","0","0","9","8","1","-2"
"188030","New Mexico State University-Main Campus","2013","Tenured, professors","200","145","55","1","1","0","19","16","3","3","2","1","14","11","3","0","0","0","162","114","48","0","0","0","0","0","0","1","1","0","-2"
"188030","New Mexico State University-Main Campus","2013","Tenured, associate professors","197","113","84","3","1","2","20","14","6","2","2","0","32","17","15","0","0","0","130","71","59","2","1","1","0","0","0","8","7","1","-2"
"188030","New Mexico State University-Main Campus","2013","Tenured, assistant professors","8","5","3","1","1","0","2","2","0","0","0","0","0","0","0","0","0","0","5","2","3","0","0","0","0","0","0","0","0","0","-2"
"188030","New Mexico State University-Main Campus","2013","On-Tenure track total","172","85","87","2","2","0","17","8","9","4","2","2","32","12","20","0","0","0","93","45","48","1","1","0","0","0","0","23","15","8","-2"
"188030","New Mexico State University-Main Campus","2013","On-tenure track, professors","1","0","1","0","0","0","0","0","0","0","0","0","0","0","0","0","0","0","1","0","1","0","0","0","0","0","0","0","0","0","-2"
"188030","New Mexico State University-Main Campus","2013","On-tenure track, associate professors","7","5","2","1","1","0","0","0","0","0","0","0","1","0","1","0","0","0","5","4","1","0","0","0","0","0","0","0","0","0","-2"
"188030","New Mexico State University-Main Campus","2013","On-tenure track, assistant professors","164","80","84","1","1","0","17","8","9","4","2","2","31","12","19","0","0","0","87","41","46","1","1","0","0","0","0","23","15","8","-2"
"188030","New Mexico State University-Main Campus","2013","Not on tenure track/No tenure system system total","103","32","71","1","1","0","3","1","2","1","0","1","18","1","17","0","0","0","77","28","49","3","1","2","0","0","0","0","0","0","-2"
"188030","New Mexico State University-Main Campus","2013","Not on tenure/no tenure system, professors","15","7","8","0","0","0","0","0","0","0","0","0","1","1","0","0","0","0","14","6","8","0","0","0","0","0","0","0","0","0","-2"
"188030","New Mexico State University-Main Campus","2013","Not on tenure/no tenure system, associate professors","26","7","19","0","0","0","0","0","0","1","0","1","4","0","4","0","0","0","20","6","14","1","1","0","0","0","0","0","0","0","-2"
"188030","New Mexico State University-Main Campus","2013","Not on tenure/no tenure system, assistant professors","48","12","36","1","1","0","2","0","2","0","0","0","10","0","10","0","0","0","33","11","22","2","0","2","0","0","0","0","0","0","-2"
"188030","New Mexico State University-Main Campus","2013","Not on tenure/no tenure system, instructors","14","6","8","0","0","0","1","1","0","0","0","0","3","0","3","0","0","0","10","5","5","0","0","0","0","0","0","0","0","0","-2"
"188058","Northern New Mexico College","2013","Tenured total","21","10","11","0","0","0","1","1","0","0","0","0","10","5","5","0","0","0","10","4","6","0","0","0","0","0","0","0","0","0","-2"
"188058","Northern New Mexico College","2013","Tenured, associate professors","21","10","11","0","0","0","1","1","0","0","0","0","10","5","5","0","0","0","10","4","6","0","0","0","0","0","0","0","0","0","-2"
"188058","Northern New Mexico College","2013","On-Tenure track total","26","14","12","1","1","0","1","1","0","1","1","0","14","6","8","0","0","0","9","5","4","0","0","0","0","0","0","0","0","0","-2"
"188058","Northern New Mexico College","2013","On-tenure track, assistant professors","26","14","12","1","1","0","1","1","0","1","1","0","14","6","8","0","0","0","9","5","4","0","0","0","0","0","0","0","0","0","-2"
"188058","Northern New Mexico College","2013","Not on tenure track/No tenure system system total","2","2","0","1","1","0","0","0","0","0","0","0","0","0","0","0","0","0","0","0","0","0","0","0","1","1","0","0","0","0","-2"
"188058","Northern New Mexico College","2013","Not on tenure/no tenure system, instructors","2","2","0","1","1","0","0","0","0","0","0","0","0","0","0","0","0","0","0","0","0","0","0","0","1","1","0","0","0","0","-2"
"188182","University of the Southwest","2013","Not on tenure track/No tenure system system total","16","9","7","0","0","0","0","0","0","0","0","0","1","1","0","0","0","0","14","7","7","0","0","0","0","0","0","1","1","0","-2"
"188182","University of the Southwest","2013","Not on tenure/no tenure system, professors","3","1","2","0","0","0","0","0","0","0","0","0","0","0","0","0","0","0","3","1","2","0","0","0","0","0","0","0","0","0","-2"
"188182","University of the Southwest","2013","Not on tenure/no tenure system, associate professors","5","2","3","0","0","0","0","0","0","0","0","0","0","0","0","0","0","0","5","2","3","0","0","0","0","0","0","0","0","0","-2"
"188182","University of the Southwest","2013","Not on tenure/no tenure system, assistant professors","6","5","1","0","0","0","0","0","0","0","0","0","1","1","0","0","0","0","4","3","1","0","0","0","0","0","0","1","1","0","-2"
"188182","University of the Southwest","2013","Not on tenure/no tenure system, instructors","2","1","1","0","0","0","0","0","0","0","0","0","0","0","0","0","0","0","2","1","1","0","0","0","0","0","0","0","0","0","-2"
"188304","Western New Mexico University","2013","Tenured total","45","18","27","0","0","0","0","0","0","0","0","0","4","2","2","0","0","0","34","12","22","0","0","0","7","4","3","0","0","0","-2"
"188304","Western New Mexico University","2013","Tenured, professors","32","12","20","0","0","0","0","0","0","0","0","0","1","0","1","0","0","0","24","8","16","0","0","0","7","4","3","0","0","0","-2"
"188304","Western New Mexico University","2013","Tenured, associate professors","13","6","7","0","0","0","0","0","0","0","0","0","3","2","1","0","0","0","10","4","6","0","0","0","0","0","0","0","0","0","-2"
"188304","Western New Mexico University","2013","On-Tenure track total","55","21","34","0","0","0","3","3","0","2","1","1","9","6","3","0","0","0","34","9","25","0","0","0","7","2","5","0","0","0","-2"
"188304","Western New Mexico University","2013","On-tenure track, associate professors","3","2","1","0","0","0","0","0","0","0","0","0","0","0","0","0","0","0","3","2","1","0","0","0","0","0","0","0","0","0","-2"
"188304","Western New Mexico University","2013","On-tenure track, assistant professors","52","19","33","0","0","0","3","3","0","2","1","1","9","6","3","0","0","0","31","7","24","0","0","0","7","2","5","0","0","0","-2"
"188304","Western New Mexico University","2013","Not on tenure track/No tenure system system total","17","7","10","1","1","0","1","0","1","0","0","0","3","1","2","0","0","0","12","5","7","0","0","0","0","0","0","0","0","0","-2"
"188304","Western New Mexico University","2013","Not on tenure/no tenure system, professors","1","1","0","0","0","0","0","0","0","0","0","0","0","0","0","0","0","0","1","1","0","0","0","0","0","0","0","0","0","0","-2"
"188304","Western New Mexico University","2013","Not on tenure/no tenure system, assistant professors","14","5","9","1","1","0","1","0","1","0","0","0","2","0","2","0","0","0","10","4","6","0","0","0","0","0","0","0","0","0","-2"
"188304","Western New Mexico University","2013","Not on tenure/no tenure system, instructors","2","1","1","0","0","0","0","0","0","0","0","0","1","1","0","0","0","0","1","0","1","0","0","0","0","0","0","0","0","0","-2"
"188340","Vaughn College of Aeronautics and Technology","2013","Tenured total","22","18","4","0","0","0","0","0","0","1","0","1","0","0","0","3","3","0","18","15","3","0","0","0","0","0","0","0","0","0","-2"
"188340","Vaughn College of Aeronautics and Technology","2013","Tenured, professors","13","11","2","0","0","0","0","0","0","1","0","1","0","0","0","2","2","0","10","9","1","0","0","0","0","0","0","0","0","0","-2"
"188340","Vaughn College of Aeronautics and Technology","2013","Tenured, associate professors","9","7","2","0","0","0","0","0","0","0","0","0","0","0","0","1","1","0","8","6","2","0","0","0","0","0","0","0","0","0","-2"
"188340","Vaughn College of Aeronautics and Technology","2013","On-Tenure track total","5","4","1","0","0","0","2","1","1","0","0","0","0","0","0","2","2","0","1","1","0","0","0","0","0","0","0","0","0","0","-2"
"188340","Vaughn College of Aeronautics and Technology","2013","On-tenure track, associate professors","1","0","1","0","0","0","1","0","1","0","0","0","0","0","0","0","0","0","0","0","0","0","0","0","0","0","0","0","0","0","-2"
"188340","Vaughn College of Aeronautics and Technology","2013","On-tenure track, assistant professors","4","4","0","0","0","0","1","1","0","0","0","0","0","0","0","2","2","0","1","1","0","0","0","0","0","0","0","0","0","0","-2"
"188340","Vaughn College of Aeronautics and Technology","2013","Not on tenure track/No tenure system system total","12","10","2","0","0","0","1","0","1","2","2","0","2","2","0","2","2","0","5","4","1","0","0","0","0","0","0","0","0","0","-2"
"188340","Vaughn College of Aeronautics and Technology","2013","Not on tenure/no tenure system, associate professors","2","2","0","0","0","0","0","0","0","1","1","0","0","0","0","0","0","0","1","1","0","0","0","0","0","0","0","0","0","0","-2"
"188340","Vaughn College of Aeronautics and Technology","2013","Not on tenure/no tenure system, assistant professors","6","4","2","0","0","0","1","0","1","0","0","0","1","1","0","1","1","0","3","2","1","0","0","0","0","0","0","0","0","0","-2"
"188340","Vaughn College of Aeronautics and Technology","2013","Not on tenure/no tenure system, instructors","4","4","0","0","0","0","0","0","0","1","1","0","1","1","0","1","1","0","1","1","0","0","0","0","0","0","0","0","0","0","-2"
"189413","Boricua College","2013","Not on tenure track/No tenure system system total","49","20","29","0","0","0","1","1","0","2","1","1","43","18","25","0","0","0","3","0","3","0","0","0","0","0","0","0","0","0","-2"
"189413","Boricua College","2013","Not on tenure/no tenure system, professors","6","3","3","0","0","0","1","1","0","0","0","0","5","2","3","0","0","0","0","0","0","0","0","0","0","0","0","0","0","0","-2"
"189413","Boricua College","2013","Not on tenure/no tenure system, associate professors","3","1","2","0","0","0","0","0","0","0","0","0","2","1","1","0","0","0","1","0","1","0","0","0","0","0","0","0","0","0","-2"
"189413","Boricua College","2013","Not on tenure/no tenure system, assistant professors","17","6","11","0","0","0","0","0","0","1","0","1","15","6","9","0","0","0","1","0","1","0","0","0","0","0","0","0","0","0","-2"
"189413","Boricua College","2013","Not on tenure/no tenure system, instructors","22","10","12","0","0","0","0","0","0","1","1","0","20","9","11","0","0","0","1","0","1","0","0","0","0","0","0","0","0","0","-2"
"189413","Boricua College","2013","Not on tenure/no tenure system, lecturers","1","0","1","0","0","0","0","0","0","0","0","0","1","0","1","0","0","0","0","0","0","0","0","0","0","0","0","0","0","0","-2"
"190114","Metropolitan College of New York","2013","Not on tenure track/No tenure system system total","25","14","11","0","0","0","2","1","1","4","1","3","1","0","1","0","0","0","16","11","5","2","1","1","0","0","0","0","0","0","-2"
"190114","Metropolitan College of New York","2013","Not on tenure/no tenure system, professors","5","4","1","0","0","0","0","0","0","0","0","0","0","0","0","0","0","0","5","4","1","0","0","0","0","0","0","0","0","0","-2"
"190114","Metropolitan College of New York","2013","Not on tenure/no tenure system, associate professors","12","6","6","0","0","0","2","1","1","3","1","2","0","0","0","0","0","0","7","4","3","0","0","0","0","0","0","0","0","0","-2"
"190114","Metropolitan College of New York","2013","Not on tenure/no tenure system, assistant professors","7","3","4","0","0","0","0","0","0","1","0","1","1","0","1","0","0","0","4","3","1","1","0","1","0","0","0","0","0","0","-2"
"190114","Metropolitan College of New York","2013","Not on tenure/no tenure system, no academic rank","1","1","0","0","0","0","0","0","0","0","0","0","0","0","0","0","0","0","0","0","0","1","1","0","0","0","0","0","0","0","-2"
"190558","College of Staten Island CUNY","2013","Tenured total","236","137","99","1","1","0","33","18","15","7","5","2","13","8","5","0","0","0","181","104","77","1","1","0","0","0","0","0","0","0","-2"
"190558","College of Staten Island CUNY","2013","Tenured, professors","99","65","34","0","0","0","11","7","4","2","1","1","7","5","2","0","0","0","79","52","27","0","0","0","0","0","0","0","0","0","-2"
"190558","College of Staten Island CUNY","2013","Tenured, associate professors","109","58","51","1","1","0","20","11","9","4","3","1","5","3","2","0","0","0","78","39","39","1","1","0","0","0","0","0","0","0","-2"
"190558","College of Staten Island CUNY","2013","Tenured, assistant professors","20","11","9","0","0","0","1","0","1","1","1","0","0","0","0","0","0","0","18","10","8","0","0","0","0","0","0","0","0","0","-2"
"190558","College of Staten Island CUNY","2013","Tenured, lecturers","8","3","5","0","0","0","1","0","1","0","0","0","1","0","1","0","0","0","6","3","3","0","0","0","0","0","0","0","0","0","-2"
"190558","College of Staten Island CUNY","2013","On-Tenure track total","126","56","70","0","0","0","13","4","9","9","2","7","6","4","2","0","0","0","89","42","47","1","0","1","0","0","0","8","4","4","-2"
"190558","College of Staten Island CUNY","2013","On-tenure track, associate professors","21","12","9","0","0","0","4","2","2","3","1","2","1","1","0","0","0","0","12","8","4","1","0","1","0","0","0","0","0","0","-2"
"190558","College of Staten Island CUNY","2013","On-tenure track, assistant professors","88","38","50","0","0","0","9","2","7","6","1","5","4","3","1","0","0","0","61","28","33","0","0","0","0","0","0","8","4","4","-2"
"190558","College of Staten Island CUNY","2013","On-tenure track, lecturers","17","6","11","0","0","0","0","0","0","0","0","0","1","0","1","0","0","0","16","6","10","0","0","0","0","0","0","0","0","0","-2"
"190558","College of Staten Island CUNY","2013","Not on tenure track/No tenure system system total","12","5","7","0","0","0","2","1","1","3","1","2","0","0","0","0","0","0","7","3","4","0","0","0","0","0","0","0","0","0","-2"
"190558","College of Staten Island CUNY","2013","Not on tenure/no tenure system, professors","1","0","1","0","0","0","0","0","0","0","0","0","0","0","0","0","0","0","1","0","1","0","0","0","0","0","0","0","0","0","-2"
"190558","College of Staten Island CUNY","2013","Not on tenure/no tenure system, assistant professors","1","1","0","0","0","0","1","1","0","0","0","0","0","0","0","0","0","0","0","0","0","0","0","0","0","0","0","0","0","0","-2"
"190558","College of Staten Island CUNY","2013","Not on tenure/no tenure system, lecturers","10","4","6","0","0","0","1","0","1","3","1","2","0","0","0","0","0","0","6","3","3","0","0","0","0","0","0","0","0","0","-2"
"190594","CUNY Hunter College","2013","Tenured total","485","249","236","0","0","0","41","19","22","48","23","25","49","18","31","0","0","0","346","189","157","0","0","0","0","0","0","1","0","1","-2"
"190594","CUNY Hunter College","2013","Tenured, professors","241","133","108","0","0","0","12","8","4","17","10","7","15","7","8","0","0","0","196","108","88","0","0","0","0","0","0","1","0","1","-2"
"190594","CUNY Hunter College","2013","Tenured, associate professors","201","96","105","0","0","0","24","10","14","21","10","11","28","9","19","0","0","0","128","67","61","0","0","0","0","0","0","0","0","0","-2"
"190594","CUNY Hunter College","2013","Tenured, assistant professors","22","11","11","0","0","0","4","1","3","5","2","3","2","2","0","0","0","0","11","6","5","0","0","0","0","0","0","0","0","0","-2"
"190594","CUNY Hunter College","2013","Tenured, lecturers","21","9","12","0","0","0","1","0","1","5","1","4","4","0","4","0","0","0","11","8","3","0","0","0","0","0","0","0","0","0","-2"
"190594","CUNY Hunter College","2013","On-Tenure track total","153","70","83","0","0","0","20","9","11","10","5","5","12","6","6","0","0","0","90","42","48","2","0","2","0","0","0","19","8","11","-2"
"190594","CUNY Hunter College","2013","On-tenure track, professors","7","4","3","0","0","0","1","1","0","0","0","0","0","0","0","0","0","0","6","3","3","0","0","0","0","0","0","0","0","0","-2"
"190594","CUNY Hunter College","2013","On-tenure track, associate professors","20","12","8","0","0","0","4","3","1","1","0","1","3","2","1","0","0","0","10","7","3","0","0","0","0","0","0","2","0","2","-2"
"190594","CUNY Hunter College","2013","On-tenure track, assistant professors","106","46","60","0","0","0","13","4","9","9","5","4","8","3","5","0","0","0","61","26","35","2","0","2","0","0","0","13","8","5","-2"
"190594","CUNY Hunter College","2013","On-tenure track, lecturers","20","8","12","0","0","0","2","1","1","0","0","0","1","1","0","0","0","0","13","6","7","0","0","0","0","0","0","4","0","4","-2"
"190594","CUNY Hunter College","2013","Not on tenure track/No tenure system system total","84","39","45","0","0","0","7","3","4","3","1","2","5","4","1","0","0","0","65","29","36","0","0","0","0","0","0","4","2","2","-2"
"190594","CUNY Hunter College","2013","Not on tenure/no tenure system, professors","42","18","24","0","0","0","4","1","3","2","0","2","1","1","0","0","0","0","34","16","18","0","0","0","0","0","0","1","0","1","-2"
"190594","CUNY Hunter College","2013","Not on tenure/no tenure system, associate professors","8","4","4","0","0","0","1","1","0","0","0","0","2","2","0","0","0","0","5","1","4","0","0","0","0","0","0","0","0","0","-2"
"190594","CUNY Hunter College","2013","Not on tenure/no tenure system, assistant professors","18","8","10","0","0","0","0","0","0","0","0","0","0","0","0","0","0","0","17","8","9","0","0","0","0","0","0","1","0","1","-2"
"190594","CUNY Hunter College","2013","Not on tenure/no tenure system, instructors","3","2","1","0","0","0","0","0","0","0","0","0","1","1","0","0","0","0","2","1","1","0","0","0","0","0","0","0","0","0","-2"
"190594","CUNY Hunter College","2013","Not on tenure/no tenure system, lecturers","13","7","6","0","0","0","2","1","1","1","1","0","1","0","1","0","0","0","7","3","4","0","0","0","0","0","0","2","2","0","-2"
"190600","CUNY John Jay College of Criminal Justice","2013","Tenured total","246","131","115","0","0","0","18","5","13","27","15","12","20","8","12","0","0","0","175","101","74","0","0","0","0","0","0","6","2","4","-2"
"190600","CUNY John Jay College of Criminal Justice","2013","Tenured, professors","88","54","34","0","0","0","5","2","3","7","3","4","5","3","2","0","0","0","71","46","25","0","0","0","0","0","0","0","0","0","-2"
"190600","CUNY John Jay College of Criminal Justice","2013","Tenured, associate professors","118","61","57","0","0","0","8","2","6","14","8","6","10","3","7","0","0","0","81","47","34","0","0","0","0","0","0","5","1","4","-2"
"190600","CUNY John Jay College of Criminal Justice","2013","Tenured, assistant professors","27","9","18","0","0","0","4","1","3","4","2","2","3","2","1","0","0","0","16","4","12","0","0","0","0","0","0","0","0","0","-2"
"190600","CUNY John Jay College of Criminal Justice","2013","Tenured, lecturers","13","7","6","0","0","0","1","0","1","2","2","0","2","0","2","0","0","0","7","4","3","0","0","0","0","0","0","1","1","0","-2"
"190600","CUNY John Jay College of Criminal Justice","2013","On-Tenure track total","145","75","70","0","0","0","9","5","4","17","9","8","22","12","10","4","1","3","84","45","39","0","0","0","0","0","0","9","3","6","-2"
"190600","CUNY John Jay College of Criminal Justice","2013","On-tenure track, professors","1","0","1","0","0","0","0","0","0","0","0","0","1","0","1","0","0","0","0","0","0","0","0","0","0","0","0","0","0","0","-2"
"190600","CUNY John Jay College of Criminal Justice","2013","On-tenure track, associate professors","23","12","11","0","0","0","2","2","0","4","2","2","2","2","0","0","0","0","13","5","8","0","0","0","0","0","0","2","1","1","-2"
"190600","CUNY John Jay College of Criminal Justice","2013","On-tenure track, assistant professors","101","53","48","0","0","0","6","3","3","9","5","4","17","8","9","2","1","1","60","34","26","0","0","0","0","0","0","7","2","5","-2"
"190600","CUNY John Jay College of Criminal Justice","2013","On-tenure track, lecturers","20","10","10","0","0","0","1","0","1","4","2","2","2","2","0","2","0","2","11","6","5","0","0","0","0","0","0","0","0","0","-2"
"190600","CUNY John Jay College of Criminal Justice","2013","Not on tenure track/No tenure system system total","23","13","10","0","0","0","0","0","0","1","0","1","1","0","1","0","0","0","18","12","6","1","0","1","0","0","0","2","1","1","-2"
"190600","CUNY John Jay College of Criminal Justice","2013","Not on tenure/no tenure system, professors","6","5","1","0","0","0","0","0","0","1","0","1","0","0","0","0","0","0","5","5","0","0","0","0","0","0","0","0","0","0","-2"
"190600","CUNY John Jay College of Criminal Justice","2013","Not on tenure/no tenure system, associate professors","6","4","2","0","0","0","0","0","0","0","0","0","0","0","0","0","0","0","5","4","1","0","0","0","0","0","0","1","0","1","-2"
"190600","CUNY John Jay College of Criminal Justice","2013","Not on tenure/no tenure system, assistant professors","5","1","4","0","0","0","0","0","0","0","0","0","0","0","0","0","0","0","4","1","3","1","0","1","0","0","0","0","0","0","-2"
"190600","CUNY John Jay College of Criminal Justice","2013","Not on tenure/no tenure system, instructors","1","0","1","0","0","0","0","0","0","0","0","0","0","0","0","0","0","0","1","0","1","0","0","0","0","0","0","0","0","0","-2"
"190600","CUNY John Jay College of Criminal Justice","2013","Not on tenure/no tenure system, lecturers","5","3","2","0","0","0","0","0","0","0","0","0","1","0","1","0","0","0","3","2","1","0","0","0","0","0","0","1","1","0","-2"
"190637","CUNY Lehman College","2013","Tenured total","223","113","110","1","0","1","10","7","3","16","8","8","31","15","16","0","0","0","164","83","81","0","0","0","0","0","0","1","0","1","-2"
"190637","CUNY Lehman College","2013","Tenured, professors","93","61","32","1","0","1","2","1","1","2","1","1","11","8","3","0","0","0","77","51","26","0","0","0","0","0","0","0","0","0","-2"
"190637","CUNY Lehman College","2013","Tenured, associate professors","82","33","49","0","0","0","5","3","2","3","3","0","14","3","11","0","0","0","60","24","36","0","0","0","0","0","0","0","0","0","-2"
"190637","CUNY Lehman College","2013","Tenured, assistant professors","23","9","14","0","0","0","3","3","0","7","2","5","1","1","0","0","0","0","12","3","9","0","0","0","0","0","0","0","0","0","-2"
"190637","CUNY Lehman College","2013","Tenured, lecturers","25","10","15","0","0","0","0","0","0","4","2","2","5","3","2","0","0","0","15","5","10","0","0","0","0","0","0","1","0","1","-2"
"190637","CUNY Lehman College","2013","On-Tenure track total","129","49","80","1","0","1","12","5","7","16","4","12","16","8","8","0","0","0","82","31","51","0","0","0","0","0","0","2","1","1","-2"
"190637","CUNY Lehman College","2013","On-tenure track, associate professors","15","8","7","0","0","0","2","2","0","0","0","0","3","2","1","0","0","0","10","4","6","0","0","0","0","0","0","0","0","0","-2"
"190637","CUNY Lehman College","2013","On-tenure track, assistant professors","88","30","58","1","0","1","10","3","7","12","3","9","10","4","6","0","0","0","53","19","34","0","0","0","0","0","0","2","1","1","-2"
"190637","CUNY Lehman College","2013","On-tenure track, lecturers","26","11","15","0","0","0","0","0","0","4","1","3","3","2","1","0","0","0","19","8","11","0","0","0","0","0","0","0","0","0","-2"
"190637","CUNY Lehman College","2013","Not on tenure track/No tenure system system total","26","11","15","0","0","0","1","0","1","7","2","5","6","1","5","0","0","0","12","8","4","0","0","0","0","0","0","0","0","0","-2"
"190637","CUNY Lehman College","2013","Not on tenure/no tenure system, professors","6","3","3","0","0","0","0","0","0","0","0","0","3","1","2","0","0","0","3","2","1","0","0","0","0","0","0","0","0","0","-2"
"190637","CUNY Lehman College","2013","Not on tenure/no tenure system, assistant professors","1","1","0","0","0","0","0","0","0","1","1","0","0","0","0","0","0","0","0","0","0","0","0","0","0","0","0","0","0","0","-2"
"190637","CUNY Lehman College","2013","Not on tenure/no tenure system, instructors","2","1","1","0","0","0","0","0","0","0","0","0","0","0","0","0","0","0","2","1","1","0","0","0","0","0","0","0","0","0","-2"
"190637","CUNY Lehman College","2013","Not on tenure/no tenure system, lecturers","17","6","11","0","0","0","1","0","1","6","1","5","3","0","3","0","0","0","7","5","2","0","0","0","0","0","0","0","0","0","-2"
"190655","CUNY New York City College of Technology","2013","Tenured total","220","124","96","1","1","0","29","14","15","32","17","15","12","6","6","0","0","0","144","84","60","0","0","0","0","0","0","2","2","0","-2"
"190655","CUNY New York City College of Technology","2013","Tenured, professors","62","37","25","0","0","0","6","1","5","5","3","2","6","3","3","0","0","0","45","30","15","0","0","0","0","0","0","0","0","0","-2"
"190655","CUNY New York City College of Technology","2013","Tenured, associate professors","84","44","40","0","0","0","12","5","7","14","7","7","3","2","1","0","0","0","53","28","25","0","0","0","0","0","0","2","2","0","-2"
"190655","CUNY New York City College of Technology","2013","Tenured, assistant professors","50","32","18","1","1","0","10","7","3","5","4","1","2","1","1","0","0","0","32","19","13","0","0","0","0","0","0","0","0","0","-2"
"190655","CUNY New York City College of Technology","2013","Tenured, lecturers","24","11","13","0","0","0","1","1","0","8","3","5","1","0","1","0","0","0","14","7","7","0","0","0","0","0","0","0","0","0","-2"
"190655","CUNY New York City College of Technology","2013","On-Tenure track total","178","86","92","1","0","1","20","10","10","19","8","11","17","9","8","0","0","0","104","48","56","0","0","0","0","0","0","17","11","6","-2"
"190655","CUNY New York City College of Technology","2013","On-tenure track, associate professors","22","9","13","0","0","0","0","0","0","1","0","1","1","1","0","0","0","0","18","6","12","0","0","0","0","0","0","2","2","0","-2"
"190655","CUNY New York City College of Technology","2013","On-tenure track, assistant professors","150","73","77","1","0","1","20","10","10","16","7","9","16","8","8","0","0","0","82","39","43","0","0","0","0","0","0","15","9","6","-2"
"190655","CUNY New York City College of Technology","2013","On-tenure track, lecturers","6","4","2","0","0","0","0","0","0","2","1","1","0","0","0","0","0","0","4","3","1","0","0","0","0","0","0","0","0","0","-2"
"190655","CUNY New York City College of Technology","2013","Not on tenure track/No tenure system system total","17","7","10","0","0","0","3","2","1","1","0","1","3","1","2","0","0","0","9","4","5","0","0","0","0","0","0","1","0","1","-2"
"190655","CUNY New York City College of Technology","2013","Not on tenure/no tenure system, professors","1","0","1","0","0","0","0","0","0","0","0","0","0","0","0","0","0","0","1","0","1","0","0","0","0","0","0","0","0","0","-2"
"190655","CUNY New York City College of Technology","2013","Not on tenure/no tenure system, associate professors","1","1","0","0","0","0","0","0","0","0","0","0","0","0","0","0","0","0","1","1","0","0","0","0","0","0","0","0","0","0","-2"
"190655","CUNY New York City College of Technology","2013","Not on tenure/no tenure system, assistant professors","8","3","5","0","0","0","1","1","0","1","0","1","0","0","0","0","0","0","5","2","3","0","0","0","0","0","0","1","0","1","-2"
"190655","CUNY New York City College of Technology","2013","Not on tenure/no tenure system, lecturers","7","3","4","0","0","0","2","1","1","0","0","0","3","1","2","0","0","0","2","1","1","0","0","0","0","0","0","0","0","0","-2"
"190664","CUNY Queens College","2013","Tenured total","419","253","166","0","0","0","43","21","22","20","13","7","22","11","11","0","0","0","325","205","120","1","1","0","0","0","0","8","2","6","-2"
"190664","CUNY Queens College","2013","Tenured, professors","211","146","65","0","0","0","19","10","9","10","6","4","8","5","3","0","0","0","174","125","49","0","0","0","0","0","0","0","0","0","-2"
"190664","CUNY Queens College","2013","Tenured, associate professors","143","75","68","0","0","0","18","10","8","8","5","3","10","2","8","0","0","0","100","55","45","1","1","0","0","0","0","6","2","4","-2"
"190664","CUNY Queens College","2013","Tenured, assistant professors","27","12","15","0","0","0","4","1","3","1","1","0","2","2","0","0","0","0","18","8","10","0","0","0","0","0","0","2","0","2","-2"
"190664","CUNY Queens College","2013","Tenured, lecturers","38","20","18","0","0","0","2","0","2","1","1","0","2","2","0","0","0","0","33","17","16","0","0","0","0","0","0","0","0","0","-2"
"190664","CUNY Queens College","2013","On-Tenure track total","162","66","96","0","0","0","16","5","11","10","3","7","9","5","4","1","1","0","99","44","55","0","0","0","0","0","0","27","8","19","-2"
"190664","CUNY Queens College","2013","On-tenure track, associate professors","5","2","3","0","0","0","1","1","0","0","0","0","0","0","0","0","0","0","4","1","3","0","0","0","0","0","0","0","0","0","-2"
"190664","CUNY Queens College","2013","On-tenure track, assistant professors","129","55","74","0","0","0","15","4","11","10","3","7","8","4","4","1","1","0","69","35","34","0","0","0","0","0","0","26","8","18","-2"
"190664","CUNY Queens College","2013","On-tenure track, lecturers","28","9","19","0","0","0","0","0","0","0","0","0","1","1","0","0","0","0","26","8","18","0","0","0","0","0","0","1","0","1","-2"
"190664","CUNY Queens College","2013","Not on tenure track/No tenure system system total","31","14","17","0","0","0","4","1","3","5","2","3","1","0","1","0","0","0","21","11","10","0","0","0","0","0","0","0","0","0","-2"
"190664","CUNY Queens College","2013","Not on tenure/no tenure system, professors","11","7","4","0","0","0","2","1","1","3","1","2","0","0","0","0","0","0","6","5","1","0","0","0","0","0","0","0","0","0","-2"
"190664","CUNY Queens College","2013","Not on tenure/no tenure system, associate professors","1","1","0","0","0","0","0","0","0","0","0","0","0","0","0","0","0","0","1","1","0","0","0","0","0","0","0","0","0","0","-2"
"190664","CUNY Queens College","2013","Not on tenure/no tenure system, assistant professors","8","2","6","0","0","0","1","0","1","2","1","1","0","0","0","0","0","0","5","1","4","0","0","0","0","0","0","0","0","0","-2"
"190664","CUNY Queens College","2013","Not on tenure/no tenure system, instructors","6","3","3","0","0","0","1","0","1","0","0","0","1","0","1","0","0","0","4","3","1","0","0","0","0","0","0","0","0","0","-2"
"190664","CUNY Queens College","2013","Not on tenure/no tenure system, lecturers","5","1","4","0","0","0","0","0","0","0","0","0","0","0","0","0","0","0","5","1","4","0","0","0","0","0","0","0","0","0","-2"
"190691","CUNY York College","2013","Tenured total","109","60","49","0","0","0","14","13","1","20","11","9","10","3","7","0","0","0","65","33","32","0","0","0","0","0","0","0","0","0","-2"
"190691","CUNY York College","2013","Tenured, professors","34","19","15","0","0","0","3","3","0","0","0","0","2","1","1","0","0","0","29","15","14","0","0","0","0","0","0","0","0","0","-2"
"190691","CUNY York College","2013","Tenured, associate professors","49","25","24","0","0","0","8","7","1","13","6","7","6","2","4","0","0","0","22","10","12","0","0","0","0","0","0","0","0","0","-2"
"190691","CUNY York College","2013","Tenured, assistant professors","12","9","3","0","0","0","3","3","0","3","2","1","1","0","1","0","0","0","5","4","1","0","0","0","0","0","0","0","0","0","-2"
"190691","CUNY York College","2013","Tenured, lecturers","14","7","7","0","0","0","0","0","0","4","3","1","1","0","1","0","0","0","9","4","5","0","0","0","0","0","0","0","0","0","-2"
"190691","CUNY York College","2013","On-Tenure track total","78","35","43","0","0","0","13","5","8","17","6","11","2","2","0","0","0","0","43","21","22","0","0","0","0","0","0","3","1","2","-2"
"190691","CUNY York College","2013","On-tenure track, professors","2","2","0","0","0","0","1","1","0","1","1","0","0","0","0","0","0","0","0","0","0","0","0","0","0","0","0","0","0","0","-2"
"190691","CUNY York College","2013","On-tenure track, associate professors","13","4","9","0","0","0","0","0","0","3","2","1","0","0","0","0","0","0","10","2","8","0","0","0","0","0","0","0","0","0","-2"
"190691","CUNY York College","2013","On-tenure track, assistant professors","52","25","27","0","0","0","10","3","7","8","2","6","2","2","0","0","0","0","29","17","12","0","0","0","0","0","0","3","1","2","-2"
"190691","CUNY York College","2013","On-tenure track, lecturers","11","4","7","0","0","0","2","1","1","5","1","4","0","0","0","0","0","0","4","2","2","0","0","0","0","0","0","0","0","0","-2"
"190691","CUNY York College","2013","Not on tenure track/No tenure system system total","11","3","8","0","0","0","0","0","0","5","1","4","0","0","0","0","0","0","5","2","3","0","0","0","0","0","0","1","0","1","-2"
"190691","CUNY York College","2013","Not on tenure/no tenure system, professors","6","1","5","0","0","0","0","0","0","3","1","2","0","0","0","0","0","0","2","0","2","0","0","0","0","0","0","1","0","1","-2"
"190691","CUNY York College","2013","Not on tenure/no tenure system, assistant professors","4","2","2","0","0","0","0","0","0","1","0","1","0","0","0","0","0","0","3","2","1","0","0","0","0","0","0","0","0","0","-2"
"190691","CUNY York College","2013","Not on tenure/no tenure system, lecturers","1","0","1","0","0","0","0","0","0","1","0","1","0","0","0","0","0","0","0","0","0","0","0","0","0","0","0","0","0","0","-2"
"190761","Dominican College of Blauvelt","2013","Tenured total","30","10","20","0","0","0","2","1","1","1","0","1","1","0","1","0","0","0","26","9","17","0","0","0","0","0","0","0","0","0","-2"
"190761","Dominican College of Blauvelt","2013","Tenured, professors","4","0","4","0","0","0","0","0","0","1","0","1","0","0","0","0","0","0","3","0","3","0","0","0","0","0","0","0","0","0","-2"
"190761","Dominican College of Blauvelt","2013","Tenured, associate professors","11","4","7","0","0","0","2","1","1","0","0","0","0","0","0","0","0","0","9","3","6","0","0","0","0","0","0","0","0","0","-2"
"190761","Dominican College of Blauvelt","2013","Tenured, assistant professors","15","6","9","0","0","0","0","0","0","0","0","0","1","0","1","0","0","0","14","6","8","0","0","0","0","0","0","0","0","0","-2"
"190761","Dominican College of Blauvelt","2013","On-Tenure track total","16","4","12","0","0","0","3","1","2","0","0","0","4","1","3","0","0","0","9","2","7","0","0","0","0","0","0","0","0","0","-2"
"190761","Dominican College of Blauvelt","2013","On-tenure track, associate professors","1","0","1","0","0","0","0","0","0","0","0","0","1","0","1","0","0","0","0","0","0","0","0","0","0","0","0","0","0","0","-2"
"190761","Dominican College of Blauvelt","2013","On-tenure track, assistant professors","12","4","8","0","0","0","3","1","2","0","0","0","2","1","1","0","0","0","7","2","5","0","0","0","0","0","0","0","0","0","-2"
"190761","Dominican College of Blauvelt","2013","On-tenure track, instructors","3","0","3","0","0","0","0","0","0","0","0","0","1","0","1","0","0","0","2","0","2","0","0","0","0","0","0","0","0","0","-2"
"190761","Dominican College of Blauvelt","2013","Not on tenure track/No tenure system system total","29","7","22","0","0","0","0","0","0","0","0","0","0","0","0","0","0","0","29","7","22","0","0","0","0","0","0","0","0","0","-2"
"190761","Dominican College of Blauvelt","2013","Not on tenure/no tenure system, assistant professors","24","7","17","0","0","0","0","0","0","0","0","0","0","0","0","0","0","0","24","7","17","0","0","0","0","0","0","0","0","0","-2"
"190761","Dominican College of Blauvelt","2013","Not on tenure/no tenure system, instructors","5","0","5","0","0","0","0","0","0","0","0","0","0","0","0","0","0","0","5","0","5","0","0","0","0","0","0","0","0","0","-2"
"192749","Manhattanville College","2013","Tenured total","63","35","28","0","0","0","4","1","3","3","3","0","1","0","1","0","0","0","54","31","23","0","0","0","1","0","1","0","0","0","-2"
"192749","Manhattanville College","2013","Tenured, professors","30","21","9","0","0","0","2","1","1","2","2","0","0","0","0","0","0","0","26","18","8","0","0","0","0","0","0","0","0","0","-2"
"192749","Manhattanville College","2013","Tenured, associate professors","31","13","18","0","0","0","2","0","2","1","1","0","1","0","1","0","0","0","26","12","14","0","0","0","1","0","1","0","0","0","-2"
"192749","Manhattanville College","2013","Tenured, assistant professors","2","1","1","0","0","0","0","0","0","0","0","0","0","0","0","0","0","0","2","1","1","0","0","0","0","0","0","0","0","0","-2"
"192749","Manhattanville College","2013","On-Tenure track total","31","13","18","0","0","0","3","1","2","1","0","1","0","0","0","0","0","0","23","9","14","0","0","0","4","3","1","0","0","0","-2"
"192749","Manhattanville College","2013","On-tenure track, associate professors","3","3","0","0","0","0","0","0","0","0","0","0","0","0","0","0","0","0","3","3","0","0","0","0","0","0","0","0","0","0","-2"
"192749","Manhattanville College","2013","On-tenure track, assistant professors","27","9","18","0","0","0","3","1","2","1","0","1","0","0","0","0","0","0","20","6","14","0","0","0","3","2","1","0","0","0","-2"
"192749","Manhattanville College","2013","On-tenure track, instructors","1","1","0","0","0","0","0","0","0","0","0","0","0","0","0","0","0","0","0","0","0","0","0","0","1","1","0","0","0","0","-2"
"192749","Manhattanville College","2013","Not on tenure track/No tenure system system total","15","8","7","1","1","0","1","0","1","0","0","0","2","1","1","0","0","0","11","6","5","0","0","0","0","0","0","0","0","0","-2"
"192749","Manhattanville College","2013","Not on tenure/no tenure system, professors","1","1","0","1","1","0","0","0","0","0","0","0","0","0","0","0","0","0","0","0","0","0","0","0","0","0","0","0","0","0","-2"
"192749","Manhattanville College","2013","Not on tenure/no tenure system, assistant professors","8","4","4","0","0","0","1","0","1","0","0","0","0","0","0","0","0","0","7","4","3","0","0","0","0","0","0","0","0","0","-2"
"192749","Manhattanville College","2013","Not on tenure/no tenure system, lecturers","6","3","3","0","0","0","0","0","0","0","0","0","2","1","1","0","0","0","4","2","2","0","0","0","0","0","0","0","0","0","-2"
"193016","Mercy College","2013","Tenured total","43","22","21","0","0","0","8","5","3","3","2","1","0","0","0","0","0","0","32","15","17","0","0","0","0","0","0","0","0","0","-2"
"193016","Mercy College","2013","Tenured, professors","20","11","9","0","0","0","2","2","0","1","1","0","0","0","0","0","0","0","17","8","9","0","0","0","0","0","0","0","0","0","-2"
"193016","Mercy College","2013","Tenured, associate professors","17","8","9","0","0","0","4","2","2","2","1","1","0","0","0","0","0","0","11","5","6","0","0","0","0","0","0","0","0","0","-2"
"193016","Mercy College","2013","Tenured, assistant professors","6","3","3","0","0","0","2","1","1","0","0","0","0","0","0","0","0","0","4","2","2","0","0","0","0","0","0","0","0","0","-2"
"193016","Mercy College","2013","On-Tenure track total","42","7","35","0","0","0","6","1","5","2","0","2","2","0","2","0","0","0","30","6","24","0","0","0","0","0","0","2","0","2","-2"
"193016","Mercy College","2013","On-tenure track, associate professors","14","3","11","0","0","0","2","0","2","2","0","2","1","0","1","0","0","0","9","3","6","0","0","0","0","0","0","0","0","0","-2"
"193016","Mercy College","2013","On-tenure track, assistant professors","27","4","23","0","0","0","3","1","2","0","0","0","1","0","1","0","0","0","21","3","18","0","0","0","0","0","0","2","0","2","-2"
"193016","Mercy College","2013","On-tenure track, instructors","1","0","1","0","0","0","1","0","1","0","0","0","0","0","0","0","0","0","0","0","0","0","0","0","0","0","0","0","0","0","-2"
"193016","Mercy College","2013","Not on tenure track/No tenure system system total","109","43","66","0","0","0","9","6","3","7","1","6","5","2","3","0","0","0","86","33","53","0","0","0","0","0","0","2","1","1","-2"
"193016","Mercy College","2013","Not on tenure/no tenure system, professors","6","3","3","0","0","0","0","0","0","0","0","0","0","0","0","0","0","0","6","3","3","0","0","0","0","0","0","0","0","0","-2"
"193016","Mercy College","2013","Not on tenure/no tenure system, associate professors","29","11","18","0","0","0","3","2","1","0","0","0","1","0","1","0","0","0","25","9","16","0","0","0","0","0","0","0","0","0","-2"
"193016","Mercy College","2013","Not on tenure/no tenure system, assistant professors","55","23","32","0","0","0","3","2","1","7","1","6","3","2","1","0","0","0","40","17","23","0","0","0","0","0","0","2","1","1","-2"
"193016","Mercy College","2013","Not on tenure/no tenure system, instructors","19","6","13","0","0","0","3","2","1","0","0","0","1","0","1","0","0","0","15","4","11","0","0","0","0","0","0","0","0","0","-2"
"193399","College of Mount Saint Vincent","2013","Tenured total","43","21","22","0","0","0","1","0","1","0","0","0","1","0","1","0","0","0","41","21","20","0","0","0","0","0","0","0","0","0","-2"
"193399","College of Mount Saint Vincent","2013","Tenured, professors","11","5","6","0","0","0","0","0","0","0","0","0","0","0","0","0","0","0","11","5","6","0","0","0","0","0","0","0","0","0","-2"
"193399","College of Mount Saint Vincent","2013","Tenured, associate professors","24","12","12","0","0","0","1","0","1","0","0","0","0","0","0","0","0","0","23","12","11","0","0","0","0","0","0","0","0","0","-2"
"193399","College of Mount Saint Vincent","2013","Tenured, assistant professors","8","4","4","0","0","0","0","0","0","0","0","0","1","0","1","0","0","0","7","4","3","0","0","0","0","0","0","0","0","0","-2"
"193399","College of Mount Saint Vincent","2013","On-Tenure track total","31","7","24","0","0","0","4","1","3","2","0","2","2","1","1","0","0","0","22","5","17","1","0","1","0","0","0","0","0","0","-2"
"193399","College of Mount Saint Vincent","2013","On-tenure track, associate professors","2","0","2","0","0","0","0","0","0","0","0","0","0","0","0","0","0","0","2","0","2","0","0","0","0","0","0","0","0","0","-2"
"193399","College of Mount Saint Vincent","2013","On-tenure track, assistant professors","24","7","17","0","0","0","4","1","3","1","0","1","2","1","1","0","0","0","16","5","11","1","0","1","0","0","0","0","0","0","-2"
"193399","College of Mount Saint Vincent","2013","On-tenure track, instructors","5","0","5","0","0","0","0","0","0","1","0","1","0","0","0","0","0","0","4","0","4","0","0","0","0","0","0","0","0","0","-2"
"193399","College of Mount Saint Vincent","2013","Not on tenure track/No tenure system system total","6","1","5","0","0","0","0","0","0","0","0","0","1","0","1","0","0","0","5","1","4","0","0","0","0","0","0","0","0","0","-2"
"193399","College of Mount Saint Vincent","2013","Not on tenure/no tenure system, instructors","6","1","5","0","0","0","0","0","0","0","0","0","1","0","1","0","0","0","5","1","4","0","0","0","0","0","0","0","0","0","-2"
"194161","Nyack College","2013","Tenured total","40","25","15","0","0","0","8","5","3","5","3","2","2","0","2","0","0","0","25","17","8","0","0","0","0","0","0","0","0","0","-2"
"194161","Nyack College","2013","Tenured, professors","33","23","10","0","0","0","8","5","3","4","2","2","1","0","1","0","0","0","20","16","4","0","0","0","0","0","0","0","0","0","-2"
"194161","Nyack College","2013","Tenured, associate professors","6","2","4","0","0","0","0","0","0","1","1","0","1","0","1","0","0","0","4","1","3","0","0","0","0","0","0","0","0","0","-2"
"194161","Nyack College","2013","Tenured, assistant professors","1","0","1","0","0","0","0","0","0","0","0","0","0","0","0","0","0","0","1","0","1","0","0","0","0","0","0","0","0","0","-2"
"194161","Nyack College","2013","On-Tenure track total","56","36","20","3","0","3","11","6","5","7","3","4","4","4","0","0","0","0","29","21","8","0","0","0","0","0","0","2","2","0","-2"
"194161","Nyack College","2013","On-tenure track, professors","6","5","1","0","0","0","0","0","0","1","0","1","0","0","0","0","0","0","5","5","0","0","0","0","0","0","0","0","0","0","-2"
"194161","Nyack College","2013","On-tenure track, associate professors","14","11","3","0","0","0","1","0","1","2","1","1","1","1","0","0","0","0","10","9","1","0","0","0","0","0","0","0","0","0","-2"
"194161","Nyack College","2013","On-tenure track, assistant professors","36","20","16","3","0","3","10","6","4","4","2","2","3","3","0","0","0","0","14","7","7","0","0","0","0","0","0","2","2","0","-2"
"194161","Nyack College","2013","Not on tenure track/No tenure system system total","14","6","8","0","0","0","0","0","0","5","1","4","3","2","1","0","0","0","6","3","3","0","0","0","0","0","0","0","0","0","-2"
"194161","Nyack College","2013","Not on tenure/no tenure system, lecturers","14","6","8","0","0","0","0","0","0","5","1","4","3","2","1","0","0","0","6","3","3","0","0","0","0","0","0","0","0","0","-2"
"195173","St Francis College","2013","Tenured total","50","27","23","0","0","0","2","1","1","3","0","3","3","1","2","0","0","0","42","25","17","0","0","0","0","0","0","0","0","0","-2"
"195173","St Francis College","2013","Tenured, professors","24","16","8","0","0","0","1","1","0","1","0","1","0","0","0","0","0","0","22","15","7","0","0","0","0","0","0","0","0","0","-2"
"195173","St Francis College","2013","Tenured, associate professors","25","10","15","0","0","0","1","0","1","2","0","2","3","1","2","0","0","0","19","9","10","0","0","0","0","0","0","0","0","0","-2"
"195173","St Francis College","2013","Tenured, assistant professors","1","1","0","0","0","0","0","0","0","0","0","0","0","0","0","0","0","0","1","1","0","0","0","0","0","0","0","0","0","0","-2"
"195173","St Francis College","2013","On-Tenure track total","24","8","16","0","0","0","2","2","0","3","0","3","0","0","0","0","0","0","19","6","13","0","0","0","0","0","0","0","0","0","-2"
"195173","St Francis College","2013","On-tenure track, associate professors","3","1","2","0","0","0","0","0","0","0","0","0","0","0","0","0","0","0","3","1","2","0","0","0","0","0","0","0","0","0","-2"
"195173","St Francis College","2013","On-tenure track, assistant professors","21","7","14","0","0","0","2","2","0","3","0","3","0","0","0","0","0","0","16","5","11","0","0","0","0","0","0","0","0","0","-2"
"195173","St Francis College","2013","Not on tenure track/No tenure system system total","12","10","2","0","0","0","0","0","0","1","0","1","0","0","0","0","0","0","11","10","1","0","0","0","0","0","0","0","0","0","-2"
"195173","St Francis College","2013","Not on tenure/no tenure system, assistant professors","1","1","0","0","0","0","0","0","0","0","0","0","0","0","0","0","0","0","1","1","0","0","0","0","0","0","0","0","0","0","-2"
"195173","St Francis College","2013","Not on tenure/no tenure system, lecturers","11","9","2","0","0","0","0","0","0","1","0","1","0","0","0","0","0","0","10","9","1","0","0","0","0","0","0","0","0","0","-2"
"196219","SUNY at Purchase College","2013","Tenured total","92","43","49","0","0","0","6","3","3","3","2","1","1","1","0","0","0","0","81","36","45","1","1","0","0","0","0","0","0","0","-2"
"196219","SUNY at Purchase College","2013","Tenured, professors","36","21","15","0","0","0","1","1","0","1","1","0","0","0","0","0","0","0","34","19","15","0","0","0","0","0","0","0","0","0","-2"
"196219","SUNY at Purchase College","2013","Tenured, associate professors","56","22","34","0","0","0","5","2","3","2","1","1","1","1","0","0","0","0","47","17","30","1","1","0","0","0","0","0","0","0","-2"
"196219","SUNY at Purchase College","2013","On-Tenure track total","46","25","21","0","0","0","4","1","3","0","0","0","2","2","0","0","0","0","34","19","15","1","0","1","0","0","0","5","3","2","-2"
"196219","SUNY at Purchase College","2013","On-tenure track, associate professors","4","1","3","0","0","0","1","0","1","0","0","0","1","1","0","0","0","0","2","0","2","0","0","0","0","0","0","0","0","0","-2"
"196219","SUNY at Purchase College","2013","On-tenure track, assistant professors","42","24","18","0","0","0","3","1","2","0","0","0","1","1","0","0","0","0","32","19","13","1","0","1","0","0","0","5","3","2","-2"
"196219","SUNY at Purchase College","2013","Not on tenure track/No tenure system system total","31","15","16","0","0","0","2","1","1","2","0","2","2","0","2","0","0","0","23","13","10","0","0","0","0","0","0","2","1","1","-2"
"196219","SUNY at Purchase College","2013","Not on tenure/no tenure system, assistant professors","26","12","14","0","0","0","1","0","1","2","0","2","1","0","1","0","0","0","21","12","9","0","0","0","0","0","0","1","0","1","-2"
"196219","SUNY at Purchase College","2013","Not on tenure/no tenure system, lecturers","5","3","2","0","0","0","1","1","0","0","0","0","1","0","1","0","0","0","2","1","1","0","0","0","0","0","0","1","1","0","-2"
"196237","SUNY College at Old Westbury","2013","Tenured total","84","41","43","0","0","0","11","5","6","11","8","3","7","5","2","0","0","0","54","23","31","0","0","0","0","0","0","1","0","1","-2"
"196237","SUNY College at Old Westbury","2013","Tenured, professors","28","15","13","0","0","0","7","5","2","3","3","0","2","1","1","0","0","0","16","6","10","0","0","0","0","0","0","0","0","0","-2"
"196237","SUNY College at Old Westbury","2013","Tenured, associate professors","55","25","30","0","0","0","4","0","4","8","5","3","5","4","1","0","0","0","37","16","21","0","0","0","0","0","0","1","0","1","-2"
"196237","SUNY College at Old Westbury","2013","Tenured, instructors","1","1","0","0","0","0","0","0","0","0","0","0","0","0","0","0","0","0","1","1","0","0","0","0","0","0","0","0","0","0","-2"
"196237","SUNY College at Old Westbury","2013","On-Tenure track total","49","23","26","0","0","0","11","4","7","5","2","3","3","2","1","0","0","0","28","14","14","1","0","1","0","0","0","1","1","0","-2"
"196237","SUNY College at Old Westbury","2013","On-tenure track, assistant professors","46","22","24","0","0","0","10","4","6","5","2","3","2","2","0","0","0","0","27","13","14","1","0","1","0","0","0","1","1","0","-2"
"196237","SUNY College at Old Westbury","2013","On-tenure track, instructors","3","1","2","0","0","0","1","0","1","0","0","0","1","0","1","0","0","0","1","1","0","0","0","0","0","0","0","0","0","0","-2"
"196237","SUNY College at Old Westbury","2013","Not on tenure track/No tenure system system total","15","6","9","0","0","0","0","0","0","1","1","0","1","1","0","0","0","0","11","3","8","0","0","0","0","0","0","2","1","1","-2"
"196237","SUNY College at Old Westbury","2013","Not on tenure/no tenure system, associate professors","1","1","0","0","0","0","0","0","0","1","1","0","0","0","0","0","0","0","0","0","0","0","0","0","0","0","0","0","0","0","-2"
"196237","SUNY College at Old Westbury","2013","Not on tenure/no tenure system, assistant professors","1","1","0","0","0","0","0","0","0","0","0","0","0","0","0","0","0","0","1","1","0","0","0","0","0","0","0","0","0","0","-2"
"196237","SUNY College at Old Westbury","2013","Not on tenure/no tenure system, instructors","9","3","6","0","0","0","0","0","0","0","0","0","1","1","0","0","0","0","7","1","6","0","0","0","0","0","0","1","1","0","-2"
"196237","SUNY College at Old Westbury","2013","Not on tenure/no tenure system, lecturers","4","1","3","0","0","0","0","0","0","0","0","0","0","0","0","0","0","0","3","1","2","0","0","0","0","0","0","1","0","1","-2"
"206279","Union Institute & University","2013","Not on tenure track/No tenure system system total","46","25","21","0","0","0","2","0","2","7","2","5","2","2","0","0","0","0","31","20","11","0","0","0","4","1","3","0","0","0","-2"
"206279","Union Institute & University","2013","Not on tenure/no tenure system, no academic rank","46","25","21","0","0","0","2","0","2","7","2","5","2","2","0","0","0","0","31","20","11","0","0","0","4","1","3","0","0","0","-2"
"207351","Oklahoma Panhandle State University","2013","Tenured total","10","6","4","0","0","0","0","0","0","0","0","0","0","0","0","0","0","0","10","6","4","0","0","0","0","0","0","0","0","0","-2"
"207351","Oklahoma Panhandle State University","2013","Tenured, professors","6","3","3","0","0","0","0","0","0","0","0","0","0","0","0","0","0","0","6","3","3","0","0","0","0","0","0","0","0","0","-2"
"207351","Oklahoma Panhandle State University","2013","Tenured, associate professors","4","3","1","0","0","0","0","0","0","0","0","0","0","0","0","0","0","0","4","3","1","0","0","0","0","0","0","0","0","0","-2"
"207351","Oklahoma Panhandle State University","2013","On-Tenure track total","28","16","12","1","1","0","0","0","0","0","0","0","0","0","0","0","0","0","27","15","12","0","0","0","0","0","0","0","0","0","-2"
"207351","Oklahoma Panhandle State University","2013","On-tenure track, associate professors","7","7","0","1","1","0","0","0","0","0","0","0","0","0","0","0","0","0","6","6","0","0","0","0","0","0","0","0","0","0","-2"
"207351","Oklahoma Panhandle State University","2013","On-tenure track, assistant professors","17","9","8","0","0","0","0","0","0","0","0","0","0","0","0","0","0","0","17","9","8","0","0","0","0","0","0","0","0","0","-2"
"207351","Oklahoma Panhandle State University","2013","On-tenure track, instructors","4","0","4","0","0","0","0","0","0","0","0","0","0","0","0","0","0","0","4","0","4","0","0","0","0","0","0","0","0","0","-2"
"207351","Oklahoma Panhandle State University","2013","Not on tenure track/No tenure system system total","8","4","4","0","0","0","1","1","0","0","0","0","0","0","0","0","0","0","7","3","4","0","0","0","0","0","0","0","0","0","-2"
"207351","Oklahoma Panhandle State University","2013","Not on tenure/no tenure system, assistant professors","1","0","1","0","0","0","0","0","0","0","0","0","0","0","0","0","0","0","1","0","1","0","0","0","0","0","0","0","0","0","-2"
"207351","Oklahoma Panhandle State University","2013","Not on tenure/no tenure system, instructors","7","4","3","0","0","0","1","1","0","0","0","0","0","0","0","0","0","0","6","3","3","0","0","0","0","0","0","0","0","0","-2"
"209241","Mount Angel Seminary","2013","Not on tenure track/No tenure system system total","22","17","5","0","0","0","2","1","1","0","0","0","0","0","0","0","0","0","18","15","3","0","0","0","0","0","0","2","1","1","-2"
"209241","Mount Angel Seminary","2013","Not on tenure/no tenure system, professors","7","7","0","0","0","0","0","0","0","0","0","0","0","0","0","0","0","0","7","7","0","0","0","0","0","0","0","0","0","0","-2"
"209241","Mount Angel Seminary","2013","Not on tenure/no tenure system, associate professors","7","5","2","0","0","0","1","0","1","0","0","0","0","0","0","0","0","0","5","4","1","0","0","0","0","0","0","1","1","0","-2"
"209241","Mount Angel Seminary","2013","Not on tenure/no tenure system, assistant professors","7","5","2","0","0","0","1","1","0","0","0","0","0","0","0","0","0","0","6","4","2","0","0","0","0","0","0","0","0","0","-2"
"209241","Mount Angel Seminary","2013","Not on tenure/no tenure system, no academic rank","1","0","1","0","0","0","0","0","0","0","0","0","0","0","0","0","0","0","0","0","0","0","0","0","0","0","0","1","0","1","-2"
"210304","Warner Pacific University","2013","Not on tenure track/No tenure system system total","32","20","12","0","0","0","0","0","0","0","0","0","4","3","1","0","0","0","24","17","7","0","0","0","4","0","4","0","0","0","-2"
"210304","Warner Pacific University","2013","Not on tenure/no tenure system, professors","10","8","2","0","0","0","0","0","0","0","0","0","2","2","0","0","0","0","8","6","2","0","0","0","0","0","0","0","0","0","-2"
"210304","Warner Pacific University","2013","Not on tenure/no tenure system, associate professors","12","7","5","0","0","0","0","0","0","0","0","0","1","1","0","0","0","0","10","6","4","0","0","0","1","0","1","0","0","0","-2"
"210304","Warner Pacific University","2013","Not on tenure/no tenure system, assistant professors","10","5","5","0","0","0","0","0","0","0","0","0","1","0","1","0","0","0","6","5","1","0","0","0","3","0","3","0","0","0","-2"
"222831","Angelo State University","2013","Tenured total","117","78","39","5","2","3","4","3","1","1","1","0","7","3","4","0","0","0","100","69","31","0","0","0","0","0","0","0","0","0","-2"
"222831","Angelo State University","2013","Tenured, professors","73","50","23","3","2","1","1","0","1","0","0","0","3","3","0","0","0","0","66","45","21","0","0","0","0","0","0","0","0","0","-2"
"222831","Angelo State University","2013","Tenured, associate professors","41","27","14","1","0","1","3","3","0","1","1","0","3","0","3","0","0","0","33","23","10","0","0","0","0","0","0","0","0","0","-2"
"222831","Angelo State University","2013","Tenured, assistant professors","3","1","2","1","0","1","0","0","0","0","0","0","1","0","1","0","0","0","1","1","0","0","0","0","0","0","0","0","0","0","-2"
"222831","Angelo State University","2013","On-Tenure track total","78","46","32","0","0","0","8","6","2","4","2","2","6","3","3","0","0","0","60","35","25","0","0","0","0","0","0","0","0","0","-2"
"222831","Angelo State University","2013","On-tenure track, associate professors","2","1","1","0","0","0","0","0","0","0","0","0","0","0","0","0","0","0","2","1","1","0","0","0","0","0","0","0","0","0","-2"
"222831","Angelo State University","2013","On-tenure track, assistant professors","76","45","31","0","0","0","8","6","2","4","2","2","6","3","3","0","0","0","58","34","24","0","0","0","0","0","0","0","0","0","-2"
"222831","Angelo State University","2013","Not on tenure track/No tenure system system total","79","31","48","0","0","0","2","0","2","1","0","1","11","6","5","0","0","0","65","25","40","0","0","0","0","0","0","0","0","0","-2"
"222831","Angelo State University","2013","Not on tenure/no tenure system, assistant professors","5","3","2","0","0","0","0","0","0","0","0","0","1","1","0","0","0","0","4","2","2","0","0","0","0","0","0","0","0","0","-2"
"222831","Angelo State University","2013","Not on tenure/no tenure system, instructors","48","20","28","0","0","0","0","0","0","0","0","0","6","5","1","0","0","0","42","15","27","0","0","0","0","0","0","0","0","0","-2"
"222831","Angelo State University","2013","Not on tenure/no tenure system, no academic rank","26","8","18","0","0","0","2","0","2","1","0","1","4","0","4","0","0","0","19","8","11","0","0","0","0","0","0","0","0","0","-2"
"222992","Austin Community College District","2013","Not on tenure track/No tenure system system total","541","243","298","2","0","2","23","7","16","35","18","17","71","38","33","2","2","0","401","176","225","7","2","5","0","0","0","0","0","0","-2"
"222992","Austin Community College District","2013","Not on tenure/no tenure system, professors","329","166","163","1","0","1","8","3","5","22","11","11","41","25","16","1","1","0","252","126","126","4","0","4","0","0","0","0","0","0","-2"
"222992","Austin Community College District","2013","Not on tenure/no tenure system, associate professors","156","53","103","1","0","1","11","3","8","12","6","6","23","9","14","0","0","0","108","34","74","1","1","0","0","0","0","0","0","0","-2"
"222992","Austin Community College District","2013","Not on tenure/no tenure system, assistant professors","56","24","32","0","0","0","4","1","3","1","1","0","7","4","3","1","1","0","41","16","25","2","1","1","0","0","0","0","0","0","-2"
"223506","Brazosport College","2013","Tenured total","55","34","21","1","1","0","2","1","1","2","2","0","3","1","2","0","0","0","47","29","18","0","0","0","0","0","0","0","0","0","-2"
"223506","Brazosport College","2013","Tenured, professors","16","13","3","0","0","0","1","1","0","0","0","0","0","0","0","0","0","0","15","12","3","0","0","0","0","0","0","0","0","0","-2"
"223506","Brazosport College","2013","Tenured, associate professors","21","10","11","1","1","0","1","0","1","0","0","0","0","0","0","0","0","0","19","9","10","0","0","0","0","0","0","0","0","0","-2"
"223506","Brazosport College","2013","Tenured, assistant professors","15","10","5","0","0","0","0","0","0","2","2","0","3","1","2","0","0","0","10","7","3","0","0","0","0","0","0","0","0","0","-2"
"223506","Brazosport College","2013","Tenured, instructors","3","1","2","0","0","0","0","0","0","0","0","0","0","0","0","0","0","0","3","1","2","0","0","0","0","0","0","0","0","0","-2"
"223506","Brazosport College","2013","On-Tenure track total","10","4","6","0","0","0","1","0","1","0","0","0","0","0","0","0","0","0","9","4","5","0","0","0","0","0","0","0","0","0","-2"
"223506","Brazosport College","2013","On-tenure track, associate professors","2","2","0","0","0","0","0","0","0","0","0","0","0","0","0","0","0","0","2","2","0","0","0","0","0","0","0","0","0","0","-2"
"223506","Brazosport College","2013","On-tenure track, assistant professors","7","2","5","0","0","0","1","0","1","0","0","0","0","0","0","0","0","0","6","2","4","0","0","0","0","0","0","0","0","0","-2"
"223506","Brazosport College","2013","On-tenure track, instructors","1","0","1","0","0","0","0","0","0","0","0","0","0","0","0","0","0","0","1","0","1","0","0","0","0","0","0","0","0","0","-2"
"223506","Brazosport College","2013","Not on tenure track/No tenure system system total","24","12","12","1","1","0","1","1","0","1","1","0","3","2","1","0","0","0","18","7","11","0","0","0","0","0","0","0","0","0","-2"
"223506","Brazosport College","2013","Not on tenure/no tenure system, assistant professors","4","1","3","0","0","0","0","0","0","0","0","0","1","1","0","0","0","0","3","0","3","0","0","0","0","0","0","0","0","0","-2"
"223506","Brazosport College","2013","Not on tenure/no tenure system, instructors","20","11","9","1","1","0","1","1","0","1","1","0","2","1","1","0","0","0","15","7","8","0","0","0","0","0","0","0","0","0","-2"
"224004","Concordia University Texas","2013","Tenured total","11","8","3","0","0","0","0","0","0","0","0","0","0","0","0","0","0","0","11","8","3","0","0","0","0","0","0","0","0","0","-2"
"224004","Concordia University Texas","2013","Tenured, professors","11","8","3","0","0","0","0","0","0","0","0","0","0","0","0","0","0","0","11","8","3","0","0","0","0","0","0","0","0","0","-2"
"224004","Concordia University Texas","2013","On-Tenure track total","53","31","22","1","0","1","0","0","0","2","1","1","1","1","0","0","0","0","46","28","18","0","0","0","2","1","1","1","0","1","-2"
"224004","Concordia University Texas","2013","On-tenure track, professors","3","2","1","0","0","0","0","0","0","0","0","0","0","0","0","0","0","0","3","2","1","0","0","0","0","0","0","0","0","0","-2"
"224004","Concordia University Texas","2013","On-tenure track, associate professors","6","4","2","0","0","0","0","0","0","0","0","0","0","0","0","0","0","0","6","4","2","0","0","0","0","0","0","0","0","0","-2"
"224004","Concordia University Texas","2013","On-tenure track, assistant professors","43","24","19","1","0","1","0","0","0","2","1","1","1","1","0","0","0","0","36","21","15","0","0","0","2","1","1","1","0","1","-2"
"224004","Concordia University Texas","2013","On-tenure track, instructors","1","1","0","0","0","0","0","0","0","0","0","0","0","0","0","0","0","0","1","1","0","0","0","0","0","0","0","0","0","0","-2"
"224004","Concordia University Texas","2013","Not on tenure track/No tenure system system total","7","6","1","0","0","0","0","0","0","0","0","0","0","0","0","0","0","0","5","4","1","0","0","0","2","2","0","0","0","0","-2"
"224004","Concordia University Texas","2013","Not on tenure/no tenure system, no academic rank","7","6","1","0","0","0","0","0","0","0","0","0","0","0","0","0","0","0","5","4","1","0","0","0","2","2","0","0","0","0","-2"
"224961","Galveston College","2013","Tenured total","26","14","12","1","1","0","1","1","0","4","1","3","4","2","2","0","0","0","16","9","7","0","0","0","0","0","0","0","0","0","-2"
"224961","Galveston College","2013","Tenured, professors","4","1","3","0","0","0","0","0","0","1","0","1","0","0","0","0","0","0","3","1","2","0","0","0","0","0","0","0","0","0","-2"
"224961","Galveston College","2013","Tenured, associate professors","5","3","2","0","0","0","0","0","0","1","1","0","2","1","1","0","0","0","2","1","1","0","0","0","0","0","0","0","0","0","-2"
"224961","Galveston College","2013","Tenured, assistant professors","6","4","2","0","0","0","1","1","0","1","0","1","1","1","0","0","0","0","3","2","1","0","0","0","0","0","0","0","0","0","-2"
"224961","Galveston College","2013","Tenured, instructors","11","6","5","1","1","0","0","0","0","1","0","1","1","0","1","0","0","0","8","5","3","0","0","0","0","0","0","0","0","0","-2"
"224961","Galveston College","2013","On-Tenure track total","27","13","14","0","0","0","1","0","1","5","2","3","1","1","0","0","0","0","20","10","10","0","0","0","0","0","0","0","0","0","-2"
"224961","Galveston College","2013","On-tenure track, associate professors","2","1","1","0","0","0","0","0","0","1","0","1","0","0","0","0","0","0","1","1","0","0","0","0","0","0","0","0","0","0","-2"
"224961","Galveston College","2013","On-tenure track, assistant professors","16","3","13","0","0","0","1","0","1","2","0","2","0","0","0","0","0","0","13","3","10","0","0","0","0","0","0","0","0","0","-2"
"224961","Galveston College","2013","On-tenure track, instructors","9","9","0","0","0","0","0","0","0","2","2","0","1","1","0","0","0","0","6","6","0","0","0","0","0","0","0","0","0","0","-2"
"224961","Galveston College","2013","Not on tenure track/No tenure system system total","1","0","1","0","0","0","0","0","0","0","0","0","1","0","1","0","0","0","0","0","0","0","0","0","0","0","0","0","0","0","-2"
"224961","Galveston College","2013","Not on tenure/no tenure system, instructors","1","0","1","0","0","0","0","0","0","0","0","0","1","0","1","0","0","0","0","0","0","0","0","0","0","0","0","0","0","0","-2"
"225201","Hallmark University","2013","Not on tenure track/No tenure system system total","33","17","16","1","1","0","2","1","1","2","1","1","8","6","2","0","0","0","19","8","11","1","0","1","0","0","0","0","0","0","-2"
"225201","Hallmark University","2013","Not on tenure/no tenure system, instructors","33","17","16","1","1","0","2","1","1","2","1","1","8","6","2","0","0","0","19","8","11","1","0","1","0","0","0","0","0","0","-2"
"225399","Houston Baptist University","2013","Not on tenure track/No tenure system system total","122","60","62","0","0","0","4","3","1","8","1","7","10","7","3","0","0","0","94","46","48","3","2","1","3","1","2","0","0","0","-2"
"225399","Houston Baptist University","2013","Not on tenure/no tenure system, professors","35","19","16","0","0","0","0","0","0","3","0","3","0","0","0","0","0","0","30","18","12","2","1","1","0","0","0","0","0","0","-2"
"225399","Houston Baptist University","2013","Not on tenure/no tenure system, associate professors","25","18","7","0","0","0","2","2","0","1","1","0","4","4","0","0","0","0","18","11","7","0","0","0","0","0","0","0","0","0","-2"
"225399","Houston Baptist University","2013","Not on tenure/no tenure system, assistant professors","57","20","37","0","0","0","2","1","1","4","0","4","5","2","3","0","0","0","42","15","27","1","1","0","3","1","2","0","0","0","-2"
"225399","Houston Baptist University","2013","Not on tenure/no tenure system, instructors","5","3","2","0","0","0","0","0","0","0","0","0","1","1","0","0","0","0","4","2","2","0","0","0","0","0","0","0","0","0","-2"
"225414","University of Houston-Clear Lake","2013","Tenured total","138","87","51","0","0","0","22","17","5","7","4","3","4","1","3","0","0","0","103","63","40","2","2","0","0","0","0","0","0","0","-2"
"225414","University of Houston-Clear Lake","2013","Tenured, professors","47","33","14","0","0","0","11","8","3","0","0","0","1","0","1","0","0","0","35","25","10","0","0","0","0","0","0","0","0","0","-2"
"225414","University of Houston-Clear Lake","2013","Tenured, associate professors","91","54","37","0","0","0","11","9","2","7","4","3","3","1","2","0","0","0","68","38","30","2","2","0","0","0","0","0","0","0","-2"
"225414","University of Houston-Clear Lake","2013","On-Tenure track total","69","28","41","0","0","0","8","3","5","7","1","6","6","0","6","0","0","0","39","18","21","0","0","0","0","0","0","9","6","3","-2"
"225414","University of Houston-Clear Lake","2013","On-tenure track, associate professors","1","1","0","0","0","0","0","0","0","0","0","0","0","0","0","0","0","0","1","1","0","0","0","0","0","0","0","0","0","0","-2"
"225414","University of Houston-Clear Lake","2013","On-tenure track, assistant professors","67","27","40","0","0","0","8","3","5","7","1","6","6","0","6","0","0","0","38","17","21","0","0","0","0","0","0","8","6","2","-2"
"225414","University of Houston-Clear Lake","2013","On-tenure track, no academic rank","1","0","1","0","0","0","0","0","0","0","0","0","0","0","0","0","0","0","0","0","0","0","0","0","0","0","0","1","0","1","-2"
"225414","University of Houston-Clear Lake","2013","Not on tenure track/No tenure system system total","43","18","25","0","0","0","4","3","1","1","0","1","0","0","0","0","0","0","35","13","22","1","0","1","0","0","0","2","2","0","-2"
"225414","University of Houston-Clear Lake","2013","Not on tenure/no tenure system, lecturers","29","10","19","0","0","0","2","1","1","0","0","0","0","0","0","0","0","0","26","9","17","1","0","1","0","0","0","0","0","0","-2"
"225414","University of Houston-Clear Lake","2013","Not on tenure/no tenure system, no academic rank","14","8","6","0","0","0","2","2","0","1","0","1","0","0","0","0","0","0","9","4","5","0","0","0","0","0","0","2","2","0","-2"
"225432","University of Houston-Downtown","2013","Tenured total","166","93","73","1","0","1","29","21","8","11","3","8","14","9","5","0","0","0","110","59","51","1","1","0","0","0","0","0","0","0","-2"
"225432","University of Houston-Downtown","2013","Tenured, professors","60","36","24","0","0","0","11","8","3","6","2","4","4","3","1","0","0","0","39","23","16","0","0","0","0","0","0","0","0","0","-2"
"225432","University of Houston-Downtown","2013","Tenured, associate professors","106","57","49","1","0","1","18","13","5","5","1","4","10","6","4","0","0","0","71","36","35","1","1","0","0","0","0","0","0","0","-2"
"225432","University of Houston-Downtown","2013","On-Tenure track total","72","35","37","0","0","0","9","3","6","9","1","8","8","5","3","0","0","0","40","22","18","0","0","0","0","0","0","6","4","2","-2"
"225432","University of Houston-Downtown","2013","On-tenure track, associate professors","1","0","1","0","0","0","0","0","0","0","0","0","0","0","0","0","0","0","1","0","1","0","0","0","0","0","0","0","0","0","-2"
"225432","University of Houston-Downtown","2013","On-tenure track, assistant professors","71","35","36","0","0","0","9","3","6","9","1","8","8","5","3","0","0","0","39","22","17","0","0","0","0","0","0","6","4","2","-2"
"225432","University of Houston-Downtown","2013","Not on tenure track/No tenure system system total","82","37","45","0","0","0","13","7","6","9","4","5","2","1","1","1","0","1","55","23","32","1","1","0","0","0","0","1","1","0","-2"
"225432","University of Houston-Downtown","2013","Not on tenure/no tenure system, instructors","1","0","1","0","0","0","0","0","0","1","0","1","0","0","0","0","0","0","0","0","0","0","0","0","0","0","0","0","0","0","-2"
"225432","University of Houston-Downtown","2013","Not on tenure/no tenure system, lecturers","71","32","39","0","0","0","13","7","6","6","3","3","2","1","1","1","0","1","47","19","28","1","1","0","0","0","0","1","1","0","-2"
"225432","University of Houston-Downtown","2013","Not on tenure/no tenure system, no academic rank","10","5","5","0","0","0","0","0","0","2","1","1","0","0","0","0","0","0","8","4","4","0","0","0","0","0","0","0","0","0","-2"
"225502","University of Houston-Victoria","2013","Tenured total","43","28","15","0","0","0","15","13","2","0","0","0","5","3","2","1","1","0","21","10","11","0","0","0","0","0","0","1","1","0","-2"
"225502","University of Houston-Victoria","2013","Tenured, professors","16","12","4","0","0","0","5","4","1","0","0","0","2","1","1","1","1","0","8","6","2","0","0","0","0","0","0","0","0","0","-2"
"225502","University of Houston-Victoria","2013","Tenured, associate professors","27","16","11","0","0","0","10","9","1","0","0","0","3","2","1","0","0","0","13","4","9","0","0","0","0","0","0","1","1","0","-2"
"225502","University of Houston-Victoria","2013","On-Tenure track total","38","18","20","0","0","0","7","4","3","3","2","1","4","1","3","0","0","0","15","7","8","0","0","0","0","0","0","9","4","5","-2"
"225502","University of Houston-Victoria","2013","On-tenure track, associate professors","3","1","2","0","0","0","2","1","1","0","0","0","0","0","0","0","0","0","1","0","1","0","0","0","0","0","0","0","0","0","-2"
"225502","University of Houston-Victoria","2013","On-tenure track, assistant professors","35","17","18","0","0","0","5","3","2","3","2","1","4","1","3","0","0","0","14","7","7","0","0","0","0","0","0","9","4","5","-2"
"225502","University of Houston-Victoria","2013","Not on tenure track/No tenure system system total","20","6","14","0","0","0","3","2","1","0","0","0","3","0","3","0","0","0","10","2","8","1","0","1","0","0","0","3","2","1","-2"
"225502","University of Houston-Victoria","2013","Not on tenure/no tenure system, instructors","7","3","4","0","0","0","1","1","0","0","0","0","2","0","2","0","0","0","2","1","1","0","0","0","0","0","0","2","1","1","-2"
"225502","University of Houston-Victoria","2013","Not on tenure/no tenure system, lecturers","7","3","4","0","0","0","1","1","0","0","0","0","1","0","1","0","0","0","4","1","3","0","0","0","0","0","0","1","1","0","-2"
"225502","University of Houston-Victoria","2013","Not on tenure/no tenure system, no academic rank","6","0","6","0","0","0","1","0","1","0","0","0","0","0","0","0","0","0","4","0","4","1","0","1","0","0","0","0","0","0","-2"
"225548","Howard Payne University","2013","Tenured total","5","3","2","0","0","0","0","0","0","0","0","0","0","0","0","0","0","0","5","3","2","0","0","0","0","0","0","0","0","0","-2"
"225548","Howard Payne University","2013","Tenured, professors","5","3","2","0","0","0","0","0","0","0","0","0","0","0","0","0","0","0","5","3","2","0","0","0","0","0","0","0","0","0","-2"
"225548","Howard Payne University","2013","Not on tenure track/No tenure system system total","77","49","28","0","0","0","0","0","0","1","1","0","3","2","1","0","0","0","73","46","27","0","0","0","0","0","0","0","0","0","-2"
"225548","Howard Payne University","2013","Not on tenure/no tenure system, professors","23","15","8","0","0","0","0","0","0","0","0","0","1","0","1","0","0","0","22","15","7","0","0","0","0","0","0","0","0","0","-2"
"225548","Howard Payne University","2013","Not on tenure/no tenure system, associate professors","25","16","9","0","0","0","0","0","0","0","0","0","2","2","0","0","0","0","23","14","9","0","0","0","0","0","0","0","0","0","-2"
"225548","Howard Payne University","2013","Not on tenure/no tenure system, assistant professors","22","15","7","0","0","0","0","0","0","1","1","0","0","0","0","0","0","0","21","14","7","0","0","0","0","0","0","0","0","0","-2"
"225548","Howard Payne University","2013","Not on tenure/no tenure system, instructors","7","3","4","0","0","0","0","0","0","0","0","0","0","0","0","0","0","0","7","3","4","0","0","0","0","0","0","0","0","0","-2"
"225575","Huston-Tillotson University","2013","Tenured total","9","3","6","0","0","0","0","0","0","5","1","4","0","0","0","0","0","0","4","2","2","0","0","0","0","0","0","0","0","0","-2"
"225575","Huston-Tillotson University","2013","Tenured, professors","9","3","6","0","0","0","0","0","0","5","1","4","0","0","0","0","0","0","4","2","2","0","0","0","0","0","0","0","0","0","-2"
"225575","Huston-Tillotson University","2013","On-Tenure track total","4","1","3","0","0","0","0","0","0","2","0","2","1","1","0","0","0","0","1","0","1","0","0","0","0","0","0","0","0","0","-2"
"225575","Huston-Tillotson University","2013","On-tenure track, associate professors","2","0","2","0","0","0","0","0","0","2","0","2","0","0","0","0","0","0","0","0","0","0","0","0","0","0","0","0","0","0","-2"
"225575","Huston-Tillotson University","2013","On-tenure track, assistant professors","2","1","1","0","0","0","0","0","0","0","0","0","1","1","0","0","0","0","1","0","1","0","0","0","0","0","0","0","0","0","-2"
"225575","Huston-Tillotson University","2013","Not on tenure track/No tenure system system total","42","24","18","0","0","0","1","0","1","16","6","10","5","4","1","0","0","0","16","10","6","1","1","0","0","0","0","3","3","0","-2"
"225575","Huston-Tillotson University","2013","Not on tenure/no tenure system, professors","6","6","0","0","0","0","0","0","0","2","2","0","1","1","0","0","0","0","3","3","0","0","0","0","0","0","0","0","0","0","-2"
"225575","Huston-Tillotson University","2013","Not on tenure/no tenure system, associate professors","4","1","3","0","0","0","0","0","0","1","0","1","0","0","0","0","0","0","3","1","2","0","0","0","0","0","0","0","0","0","-2"
"225575","Huston-Tillotson University","2013","Not on tenure/no tenure system, assistant professors","21","11","10","0","0","0","1","0","1","8","2","6","3","2","1","0","0","0","7","5","2","0","0","0","0","0","0","2","2","0","-2"
"225575","Huston-Tillotson University","2013","Not on tenure/no tenure system, instructors","11","6","5","0","0","0","0","0","0","5","2","3","1","1","0","0","0","0","3","1","2","1","1","0","0","0","0","1","1","0","-2"
"226134","Laredo College","2013","Tenured total","129","75","54","1","0","1","5","2","3","1","1","0","95","54","41","0","0","0","22","15","7","1","1","0","4","2","2","0","0","0","-2"
"226134","Laredo College","2013","Tenured, instructors","129","75","54","1","0","1","5","2","3","1","1","0","95","54","41","0","0","0","22","15","7","1","1","0","4","2","2","0","0","0","-2"
"226134","Laredo College","2013","On-Tenure track total","50","28","22","0","0","0","1","1","0","2","0","2","35","20","15","0","0","0","10","6","4","0","0","0","2","1","1","0","0","0","-2"
"226134","Laredo College","2013","On-tenure track, instructors","50","28","22","0","0","0","1","1","0","2","0","2","35","20","15","0","0","0","10","6","4","0","0","0","2","1","1","0","0","0","-2"
"226134","Laredo College","2013","Not on tenure track/No tenure system system total","10","7","3","0","0","0","0","0","0","0","0","0","9","6","3","0","0","0","1","1","0","0","0","0","0","0","0","0","0","0","-2"
"226134","Laredo College","2013","Not on tenure/no tenure system, instructors","10","7","3","0","0","0","0","0","0","0","0","0","9","6","3","0","0","0","1","1","0","0","0","0","0","0","0","0","0","0","-2"
"226152","Texas A & M International University","2013","Tenured total","70","48","22","0","0","0","12","8","4","1","1","0","22","17","5","0","0","0","33","21","12","0","0","0","0","0","0","2","1","1","-2"
"226152","Texas A & M International University","2013","Tenured, professors","22","19","3","0","0","0","3","3","0","0","0","0","9","9","0","0","0","0","9","6","3","0","0","0","0","0","0","1","1","0","-2"
"226152","Texas A & M International University","2013","Tenured, associate professors","44","28","16","0","0","0","9","5","4","1","1","0","12","8","4","0","0","0","22","14","8","0","0","0","0","0","0","0","0","0","-2"
"226152","Texas A & M International University","2013","Tenured, assistant professors","4","1","3","0","0","0","0","0","0","0","0","0","1","0","1","0","0","0","2","1","1","0","0","0","0","0","0","1","0","1","-2"
"226152","Texas A & M International University","2013","On-Tenure track total","53","27","26","0","0","0","9","6","3","2","2","0","10","5","5","0","0","0","22","8","14","0","0","0","1","1","0","9","5","4","-2"
"226152","Texas A & M International University","2013","On-tenure track, associate professors","7","2","5","0","0","0","4","2","2","0","0","0","0","0","0","0","0","0","3","0","3","0","0","0","0","0","0","0","0","0","-2"
"226152","Texas A & M International University","2013","On-tenure track, assistant professors","46","25","21","0","0","0","5","4","1","2","2","0","10","5","5","0","0","0","19","8","11","0","0","0","1","1","0","9","5","4","-2"
"226152","Texas A & M International University","2013","Not on tenure track/No tenure system system total","73","26","47","0","0","0","5","2","3","4","2","2","38","13","25","0","0","0","21","6","15","0","0","0","0","0","0","5","3","2","-2"
"226152","Texas A & M International University","2013","Not on tenure/no tenure system, professors","1","1","0","0","0","0","0","0","0","0","0","0","0","0","0","0","0","0","0","0","0","0","0","0","0","0","0","1","1","0","-2"
"226152","Texas A & M International University","2013","Not on tenure/no tenure system, associate professors","2","1","1","0","0","0","0","0","0","0","0","0","1","0","1","0","0","0","1","1","0","0","0","0","0","0","0","0","0","0","-2"
"226152","Texas A & M International University","2013","Not on tenure/no tenure system, assistant professors","27","8","19","0","0","0","3","1","2","1","1","0","12","2","10","0","0","0","9","3","6","0","0","0","0","0","0","2","1","1","-2"
"226152","Texas A & M International University","2013","Not on tenure/no tenure system, instructors","33","12","21","0","0","0","1","0","1","3","1","2","20","9","11","0","0","0","7","1","6","0","0","0","0","0","0","2","1","1","-2"
"226152","Texas A & M International University","2013","Not on tenure/no tenure system, lecturers","10","4","6","0","0","0","1","1","0","0","0","0","5","2","3","0","0","0","4","1","3","0","0","0","0","0","0","0","0","0","-2"
"226587","McMurry University","2013","Tenured total","49","35","14","0","0","0","0","0","0","0","0","0","3","1","2","0","0","0","46","34","12","0","0","0","0","0","0","0","0","0","-2"
"226587","McMurry University","2013","Tenured, professors","23","14","9","0","0","0","0","0","0","0","0","0","0","0","0","0","0","0","23","14","9","0","0","0","0","0","0","0","0","0","-2"
"226587","McMurry University","2013","Tenured, associate professors","24","20","4","0","0","0","0","0","0","0","0","0","3","1","2","0","0","0","21","19","2","0","0","0","0","0","0","0","0","0","-2"
"226587","McMurry University","2013","Tenured, assistant professors","2","1","1","0","0","0","0","0","0","0","0","0","0","0","0","0","0","0","2","1","1","0","0","0","0","0","0","0","0","0","-2"
"226587","McMurry University","2013","On-Tenure track total","10","2","8","0","0","0","1","0","1","1","1","0","1","0","1","0","0","0","7","1","6","0","0","0","0","0","0","0","0","0","-2"
"226587","McMurry University","2013","On-tenure track, assistant professors","10","2","8","0","0","0","1","0","1","1","1","0","1","0","1","0","0","0","7","1","6","0","0","0","0","0","0","0","0","0","-2"
"226587","McMurry University","2013","Not on tenure track/No tenure system system total","24","8","16","0","0","0","0","0","0","1","0","1","0","0","0","0","0","0","23","8","15","0","0","0","0","0","0","0","0","0","-2"
"226587","McMurry University","2013","Not on tenure/no tenure system, assistant professors","1","1","0","0","0","0","0","0","0","0","0","0","0","0","0","0","0","0","1","1","0","0","0","0","0","0","0","0","0","0","-2"
"226587","McMurry University","2013","Not on tenure/no tenure system, instructors","23","7","16","0","0","0","0","0","0","1","0","1","0","0","0","0","0","0","22","7","15","0","0","0","0","0","0","0","0","0","-2"
"226806","Midland College","2013","Not on tenure track/No tenure system system total","123","60","63","0","0","0","0","0","0","3","2","1","15","8","7","1","1","0","100","46","54","0","0","0","1","0","1","3","3","0","-2"
"226806","Midland College","2013","Not on tenure/no tenure system, professors","39","19","20","0","0","0","0","0","0","1","1","0","5","3","2","0","0","0","32","14","18","0","0","0","0","0","0","1","1","0","-2"
"226806","Midland College","2013","Not on tenure/no tenure system, associate professors","29","11","18","0","0","0","0","0","0","0","0","0","5","2","3","1","1","0","22","8","14","0","0","0","1","0","1","0","0","0","-2"
"226806","Midland College","2013","Not on tenure/no tenure system, assistant professors","21","11","10","0","0","0","0","0","0","1","0","1","2","1","1","0","0","0","17","9","8","0","0","0","0","0","0","1","1","0","-2"
"226806","Midland College","2013","Not on tenure/no tenure system, instructors","33","18","15","0","0","0","0","0","0","1","1","0","3","2","1","0","0","0","28","14","14","0","0","0","0","0","0","1","1","0","-2"
"226806","Midland College","2013","Not on tenure/no tenure system, no academic rank","1","1","0","0","0","0","0","0","0","0","0","0","0","0","0","0","0","0","1","1","0","0","0","0","0","0","0","0","0","0","-2"
"227216","University of North Texas","2013","Tenured total","588","402","186","3","2","1","75","55","20","21","11","10","30","19","11","0","0","0","427","293","134","5","3","2","19","15","4","8","4","4","-2"
"227216","University of North Texas","2013","Tenured, professors","288","223","65","1","1","0","27","23","4","9","6","3","11","8","3","0","0","0","224","171","53","2","2","0","12","10","2","2","2","0","-2"
"227216","University of North Texas","2013","Tenured, associate professors","298","177","121","2","1","1","48","32","16","12","5","7","19","11","8","0","0","0","201","120","81","3","1","2","7","5","2","6","2","4","-2"
"227216","University of North Texas","2013","Tenured, assistant professors","2","2","0","0","0","0","0","0","0","0","0","0","0","0","0","0","0","0","2","2","0","0","0","0","0","0","0","0","0","0","-2"
"227216","University of North Texas","2013","On-Tenure track total","173","103","70","1","1","0","39","30","9","10","3","7","14","7","7","0","0","0","98","57","41","0","0","0","1","1","0","10","4","6","-2"
"227216","University of North Texas","2013","On-tenure track, professors","1","1","0","0","0","0","0","0","0","0","0","0","1","1","0","0","0","0","0","0","0","0","0","0","0","0","0","0","0","0","-2"
"227216","University of North Texas","2013","On-tenure track, associate professors","9","8","1","0","0","0","3","3","0","0","0","0","0","0","0","0","0","0","6","5","1","0","0","0","0","0","0","0","0","0","-2"
"227216","University of North Texas","2013","On-tenure track, assistant professors","162","93","69","1","1","0","36","27","9","10","3","7","13","6","7","0","0","0","91","51","40","0","0","0","1","1","0","10","4","6","-2"
"227216","University of North Texas","2013","On-tenure track, instructors","1","1","0","0","0","0","0","0","0","0","0","0","0","0","0","0","0","0","1","1","0","0","0","0","0","0","0","0","0","0","-2"
"227216","University of North Texas","2013","Not on tenure track/No tenure system system total","289","110","179","1","0","1","13","2","11","10","4","6","23","7","16","0","0","0","224","90","134","7","1","6","6","3","3","5","3","2","-2"
"227216","University of North Texas","2013","Not on tenure/no tenure system, professors","3","2","1","0","0","0","0","0","0","0","0","0","0","0","0","0","0","0","2","1","1","0","0","0","0","0","0","1","1","0","-2"
"227216","University of North Texas","2013","Not on tenure/no tenure system, assistant professors","5","2","3","0","0","0","0","0","0","0","0","0","0","0","0","0","0","0","4","2","2","0","0","0","1","0","1","0","0","0","-2"
"227216","University of North Texas","2013","Not on tenure/no tenure system, instructors","26","14","12","0","0","0","0","0","0","0","0","0","6","2","4","0","0","0","18","10","8","1","1","0","0","0","0","1","1","0","-2"
"227216","University of North Texas","2013","Not on tenure/no tenure system, lecturers","195","76","119","0","0","0","11","2","9","10","4","6","10","3","7","0","0","0","153","64","89","4","0","4","4","2","2","3","1","2","-2"
"227216","University of North Texas","2013","Not on tenure/no tenure system, no academic rank","60","16","44","1","0","1","2","0","2","0","0","0","7","2","5","0","0","0","47","13","34","2","0","2","1","1","0","0","0","0","-2"
"227331","Our Lady of the Lake University","2013","Tenured total","33","13","20","0","0","0","1","1","0","2","1","1","9","5","4","0","0","0","20","6","14","0","0","0","1","0","1","0","0","0","-2"
"227331","Our Lady of the Lake University","2013","Tenured, professors","20","7","13","0","0","0","1","1","0","1","0","1","4","1","3","0","0","0","13","5","8","0","0","0","1","0","1","0","0","0","-2"
"227331","Our Lady of the Lake University","2013","Tenured, associate professors","13","6","7","0","0","0","0","0","0","1","1","0","5","4","1","0","0","0","7","1","6","0","0","0","0","0","0","0","0","0","-2"
"227331","Our Lady of the Lake University","2013","On-Tenure track total","25","8","17","0","0","0","2","0","2","1","1","0","10","4","6","0","0","0","12","3","9","0","0","0","0","0","0","0","0","0","-2"
"227331","Our Lady of the Lake University","2013","On-tenure track, professors","1","0","1","0","0","0","0","0","0","0","0","0","1","0","1","0","0","0","0","0","0","0","0","0","0","0","0","0","0","0","-2"
"227331","Our Lady of the Lake University","2013","On-tenure track, associate professors","5","3","2","0","0","0","0","0","0","0","0","0","1","1","0","0","0","0","4","2","2","0","0","0","0","0","0","0","0","0","-2"
"227331","Our Lady of the Lake University","2013","On-tenure track, assistant professors","19","5","14","0","0","0","2","0","2","1","1","0","8","3","5","0","0","0","8","1","7","0","0","0","0","0","0","0","0","0","-2"
"227331","Our Lady of the Lake University","2013","Not on tenure track/No tenure system system total","26","8","18","0","0","0","2","0","2","0","0","0","10","1","9","0","0","0","14","7","7","0","0","0","0","0","0","0","0","0","-2"
"227331","Our Lady of the Lake University","2013","Not on tenure/no tenure system, professors","1","0","1","0","0","0","0","0","0","0","0","0","0","0","0","0","0","0","1","0","1","0","0","0","0","0","0","0","0","0","-2"
"227331","Our Lady of the Lake University","2013","Not on tenure/no tenure system, associate professors","5","2","3","0","0","0","0","0","0","0","0","0","2","0","2","0","0","0","3","2","1","0","0","0","0","0","0","0","0","0","-2"
"227331","Our Lady of the Lake University","2013","Not on tenure/no tenure system, assistant professors","19","5","14","0","0","0","2","0","2","0","0","0","8","1","7","0","0","0","9","4","5","0","0","0","0","0","0","0","0","0","-2"
"227331","Our Lady of the Lake University","2013","Not on tenure/no tenure system, instructors","1","1","0","0","0","0","0","0","0","0","0","0","0","0","0","0","0","0","1","1","0","0","0","0","0","0","0","0","0","0","-2"
"227368","The University of Texas Rio Grande Valley","2013","Tenured total","327","215","112","0","0","0","57","42","15","9","7","2","81","40","41","0","0","0","147","105","42","16","12","4","17","9","8","0","0","0","-2"
"227368","The University of Texas Rio Grande Valley","2013","Tenured, professors","105","79","26","0","0","0","18","16","2","1","1","0","23","13","10","0","0","0","48","38","10","9","6","3","6","5","1","0","0","0","-2"
"227368","The University of Texas Rio Grande Valley","2013","Tenured, associate professors","179","114","65","0","0","0","29","21","8","6","5","1","49","25","24","0","0","0","83","56","27","4","4","0","8","3","5","0","0","0","-2"
"227368","The University of Texas Rio Grande Valley","2013","Tenured, assistant professors","40","20","20","0","0","0","10","5","5","2","1","1","7","1","6","0","0","0","15","10","5","3","2","1","3","1","2","0","0","0","-2"
"227368","The University of Texas Rio Grande Valley","2013","Tenured, lecturers","3","2","1","0","0","0","0","0","0","0","0","0","2","1","1","0","0","0","1","1","0","0","0","0","0","0","0","0","0","0","-2"
"227368","The University of Texas Rio Grande Valley","2013","On-Tenure track total","162","99","63","1","1","0","27","16","11","11","9","2","43","21","22","0","0","0","74","47","27","4","3","1","2","2","0","0","0","0","-2"
"227368","The University of Texas Rio Grande Valley","2013","On-tenure track, associate professors","1","0","1","0","0","0","0","0","0","0","0","0","0","0","0","0","0","0","1","0","1","0","0","0","0","0","0","0","0","0","-2"
"227368","The University of Texas Rio Grande Valley","2013","On-tenure track, assistant professors","135","85","50","0","0","0","26","15","11","10","8","2","30","16","14","0","0","0","64","42","22","4","3","1","1","1","0","0","0","0","-2"
"227368","The University of Texas Rio Grande Valley","2013","On-tenure track, lecturers","17","9","8","0","0","0","1","1","0","1","1","0","8","4","4","0","0","0","6","2","4","0","0","0","1","1","0","0","0","0","-2"
"227368","The University of Texas Rio Grande Valley","2013","On-tenure track, no academic rank","9","5","4","1","1","0","0","0","0","0","0","0","5","1","4","0","0","0","3","3","0","0","0","0","0","0","0","0","0","0","-2"
"227368","The University of Texas Rio Grande Valley","2013","Not on tenure track/No tenure system system total","201","94","107","0","0","0","25","9","16","1","0","1","103","49","54","0","0","0","63","33","30","5","2","3","4","1","3","0","0","0","-2"
"227368","The University of Texas Rio Grande Valley","2013","Not on tenure/no tenure system, assistant professors","5","3","2","0","0","0","1","1","0","0","0","0","3","2","1","0","0","0","1","0","1","0","0","0","0","0","0","0","0","0","-2"
"227368","The University of Texas Rio Grande Valley","2013","Not on tenure/no tenure system, lecturers","111","56","55","0","0","0","14","5","9","0","0","0","51","26","25","0","0","0","41","24","17","4","1","3","1","0","1","0","0","0","-2"
"227368","The University of Texas Rio Grande Valley","2013","Not on tenure/no tenure system, no academic rank","85","35","50","0","0","0","10","3","7","1","0","1","49","21","28","0","0","0","21","9","12","1","1","0","3","1","2","0","0","0","-2"
"227845","Saint Edward's University","2013","Tenured total","58","33","25","0","0","0","1","1","0","1","0","1","2","0","2","0","0","0","54","32","22","0","0","0","0","0","0","0","0","0","-2"
"227845","Saint Edward's University","2013","Tenured, professors","33","20","13","0","0","0","0","0","0","0","0","0","1","0","1","0","0","0","32","20","12","0","0","0","0","0","0","0","0","0","-2"
"227845","Saint Edward's University","2013","Tenured, associate professors","25","13","12","0","0","0","1","1","0","1","0","1","1","0","1","0","0","0","22","12","10","0","0","0","0","0","0","0","0","0","-2"
"227845","Saint Edward's University","2013","On-Tenure track total","116","60","56","1","1","0","5","4","1","2","0","2","12","4","8","0","0","0","93","51","42","1","0","1","0","0","0","2","0","2","-2"
"227845","Saint Edward's University","2013","On-tenure track, professors","1","1","0","1","1","0","0","0","0","0","0","0","0","0","0","0","0","0","0","0","0","0","0","0","0","0","0","0","0","0","-2"
"227845","Saint Edward's University","2013","On-tenure track, associate professors","50","26","24","0","0","0","3","2","1","0","0","0","5","2","3","0","0","0","42","22","20","0","0","0","0","0","0","0","0","0","-2"
"227845","Saint Edward's University","2013","On-tenure track, assistant professors","64","33","31","0","0","0","2","2","0","2","0","2","7","2","5","0","0","0","50","29","21","1","0","1","0","0","0","2","0","2","-2"
"227845","Saint Edward's University","2013","On-tenure track, instructors","1","0","1","0","0","0","0","0","0","0","0","0","0","0","0","0","0","0","1","0","1","0","0","0","0","0","0","0","0","0","-2"
"227845","Saint Edward's University","2013","Not on tenure track/No tenure system system total","33","15","18","0","0","0","3","3","0","0","0","0","2","1","1","0","0","0","28","11","17","0","0","0","0","0","0","0","0","0","-2"
"227845","Saint Edward's University","2013","Not on tenure/no tenure system, assistant professors","23","10","13","0","0","0","2","2","0","0","0","0","2","1","1","0","0","0","19","7","12","0","0","0","0","0","0","0","0","0","-2"
"227845","Saint Edward's University","2013","Not on tenure/no tenure system, instructors","8","3","5","0","0","0","0","0","0","0","0","0","0","0","0","0","0","0","8","3","5","0","0","0","0","0","0","0","0","0","-2"
"227845","Saint Edward's University","2013","Not on tenure/no tenure system, no academic rank","2","2","0","0","0","0","1","1","0","0","0","0","0","0","0","0","0","0","1","1","0","0","0","0","0","0","0","0","0","0","-2"
"227863","University of St Thomas","2013","Tenured total","84","56","28","0","0","0","3","1","2","2","2","0","7","3","4","0","0","0","71","49","22","1","1","0","0","0","0","0","0","0","-2"
"227863","University of St Thomas","2013","Tenured, professors","38","23","15","0","0","0","2","1","1","0","0","0","1","0","1","0","0","0","35","22","13","0","0","0","0","0","0","0","0","0","-2"
"227863","University of St Thomas","2013","Tenured, associate professors","44","31","13","0","0","0","1","0","1","2","2","0","5","2","3","0","0","0","35","26","9","1","1","0","0","0","0","0","0","0","-2"
"227863","University of St Thomas","2013","Tenured, assistant professors","2","2","0","0","0","0","0","0","0","0","0","0","1","1","0","0","0","0","1","1","0","0","0","0","0","0","0","0","0","0","-2"
"227863","University of St Thomas","2013","On-Tenure track total","40","17","23","0","0","0","4","2","2","1","0","1","9","4","5","0","0","0","19","9","10","1","1","0","0","0","0","6","1","5","-2"
"227863","University of St Thomas","2013","On-tenure track, associate professors","4","1","3","0","0","0","0","0","0","0","0","0","1","1","0","0","0","0","3","0","3","0","0","0","0","0","0","0","0","0","-2"
"227863","University of St Thomas","2013","On-tenure track, assistant professors","36","16","20","0","0","0","4","2","2","1","0","1","8","3","5","0","0","0","16","9","7","1","1","0","0","0","0","6","1","5","-2"
"227863","University of St Thomas","2013","Not on tenure track/No tenure system system total","56","29","27","0","0","0","3","2","1","11","2","9","4","2","2","0","0","0","35","22","13","1","0","1","0","0","0","2","1","1","-2"
"227863","University of St Thomas","2013","Not on tenure/no tenure system, professors","4","2","2","0","0","0","0","0","0","2","0","2","0","0","0","0","0","0","2","2","0","0","0","0","0","0","0","0","0","0","-2"
"227863","University of St Thomas","2013","Not on tenure/no tenure system, associate professors","4","2","2","0","0","0","1","1","0","0","0","0","0","0","0","0","0","0","3","1","2","0","0","0","0","0","0","0","0","0","-2"
"227863","University of St Thomas","2013","Not on tenure/no tenure system, assistant professors","38","15","23","0","0","0","1","0","1","9","2","7","4","2","2","0","0","0","22","11","11","1","0","1","0","0","0","1","0","1","-2"
"227863","University of St Thomas","2013","Not on tenure/no tenure system, instructors","10","10","0","0","0","0","1","1","0","0","0","0","0","0","0","0","0","0","8","8","0","0","0","0","0","0","0","1","1","0","-2"
"228042","Schreiner University","2013","Tenured total","20","13","7","0","0","0","0","0","0","0","0","0","0","0","0","0","0","0","20","13","7","0","0","0","0","0","0","0","0","0","-2"
"228042","Schreiner University","2013","Tenured, professors","10","6","4","0","0","0","0","0","0","0","0","0","0","0","0","0","0","0","10","6","4","0","0","0","0","0","0","0","0","0","-2"
"228042","Schreiner University","2013","Tenured, associate professors","10","7","3","0","0","0","0","0","0","0","0","0","0","0","0","0","0","0","10","7","3","0","0","0","0","0","0","0","0","0","-2"
"228042","Schreiner University","2013","On-Tenure track total","23","9","14","0","0","0","0","0","0","0","0","0","1","1","0","0","0","0","19","6","13","0","0","0","0","0","0","3","2","1","-2"
"228042","Schreiner University","2013","On-tenure track, assistant professors","23","9","14","0","0","0","0","0","0","0","0","0","1","1","0","0","0","0","19","6","13","0","0","0","0","0","0","3","2","1","-2"
"228042","Schreiner University","2013","Not on tenure track/No tenure system system total","15","6","9","0","0","0","0","0","0","1","1","0","2","1","1","0","0","0","12","4","8","0","0","0","0","0","0","0","0","0","-2"
"228042","Schreiner University","2013","Not on tenure/no tenure system, assistant professors","1","1","0","0","0","0","0","0","0","0","0","0","1","1","0","0","0","0","0","0","0","0","0","0","0","0","0","0","0","0","-2"
"228042","Schreiner University","2013","Not on tenure/no tenure system, instructors","14","5","9","0","0","0","0","0","0","1","1","0","1","0","1","0","0","0","12","4","8","0","0","0","0","0","0","0","0","0","-2"
"228149","St. Mary's University","2013","Tenured total","134","88","46","1","1","0","5","5","0","4","3","1","14","9","5","2","2","0","101","61","40","0","0","0","0","0","0","7","7","0","-2"
"228149","St. Mary's University","2013","Tenured, professors","80","56","24","0","0","0","5","5","0","3","3","0","8","4","4","1","1","0","61","41","20","0","0","0","0","0","0","2","2","0","-2"
"228149","St. Mary's University","2013","Tenured, associate professors","49","28","21","1","1","0","0","0","0","1","0","1","6","5","1","1","1","0","35","16","19","0","0","0","0","0","0","5","5","0","-2"
"228149","St. Mary's University","2013","Tenured, assistant professors","5","4","1","0","0","0","0","0","0","0","0","0","0","0","0","0","0","0","5","4","1","0","0","0","0","0","0","0","0","0","-2"
"228149","St. Mary's University","2013","On-Tenure track total","31","18","13","0","0","0","0","0","0","1","1","0","5","5","0","0","0","0","20","8","12","0","0","0","0","0","0","5","4","1","-2"
"228149","St. Mary's University","2013","On-tenure track, associate professors","1","1","0","0","0","0","0","0","0","0","0","0","1","1","0","0","0","0","0","0","0","0","0","0","0","0","0","0","0","0","-2"
"228149","St. Mary's University","2013","On-tenure track, assistant professors","30","17","13","0","0","0","0","0","0","1","1","0","4","4","0","0","0","0","20","8","12","0","0","0","0","0","0","5","4","1","-2"
"228149","St. Mary's University","2013","Not on tenure track/No tenure system system total","44","25","19","0","0","0","0","0","0","0","0","0","9","4","5","0","0","0","34","20","14","0","0","0","0","0","0","1","1","0","-2"
"228149","St. Mary's University","2013","Not on tenure/no tenure system, professors","7","1","6","0","0","0","0","0","0","0","0","0","1","0","1","0","0","0","6","1","5","0","0","0","0","0","0","0","0","0","-2"
"228149","St. Mary's University","2013","Not on tenure/no tenure system, associate professors","3","2","1","0","0","0","0","0","0","0","0","0","0","0","0","0","0","0","3","2","1","0","0","0","0","0","0","0","0","0","-2"
"228149","St. Mary's University","2013","Not on tenure/no tenure system, assistant professors","19","14","5","0","0","0","0","0","0","0","0","0","2","1","1","0","0","0","16","12","4","0","0","0","0","0","0","1","1","0","-2"
"228149","St. Mary's University","2013","Not on tenure/no tenure system, instructors","5","4","1","0","0","0","0","0","0","0","0","0","1","1","0","0","0","0","4","3","1","0","0","0","0","0","0","0","0","0","-2"
"228149","St. Mary's University","2013","Not on tenure/no tenure system, lecturers","10","4","6","0","0","0","0","0","0","0","0","0","5","2","3","0","0","0","5","2","3","0","0","0","0","0","0","0","0","0","-2"
"228468","Southwestern Adventist University","2013","Tenured total","19","15","4","0","0","0","0","0","0","1","1","0","1","1","0","0","0","0","17","13","4","0","0","0","0","0","0","0","0","0","-2"
"228468","Southwestern Adventist University","2013","Tenured, professors","18","15","3","0","0","0","0","0","0","1","1","0","1","1","0","0","0","0","16","13","3","0","0","0","0","0","0","0","0","0","-2"
"228468","Southwestern Adventist University","2013","Tenured, associate professors","1","0","1","0","0","0","0","0","0","0","0","0","0","0","0","0","0","0","1","0","1","0","0","0","0","0","0","0","0","0","-2"
"228468","Southwestern Adventist University","2013","On-Tenure track total","27","15","12","0","0","0","0","0","0","5","4","1","2","2","0","1","0","1","18","8","10","0","0","0","0","0","0","1","1","0","-2"
"228468","Southwestern Adventist University","2013","On-tenure track, professors","2","1","1","0","0","0","0","0","0","1","1","0","0","0","0","0","0","0","1","0","1","0","0","0","0","0","0","0","0","0","-2"
"228468","Southwestern Adventist University","2013","On-tenure track, associate professors","10","7","3","0","0","0","0","0","0","4","3","1","0","0","0","0","0","0","6","4","2","0","0","0","0","0","0","0","0","0","-2"
"228468","Southwestern Adventist University","2013","On-tenure track, assistant professors","13","6","7","0","0","0","0","0","0","0","0","0","2","2","0","1","0","1","9","3","6","0","0","0","0","0","0","1","1","0","-2"
"228468","Southwestern Adventist University","2013","On-tenure track, instructors","2","1","1","0","0","0","0","0","0","0","0","0","0","0","0","0","0","0","2","1","1","0","0","0","0","0","0","0","0","0","-2"
"228501","Sul Ross State University","2013","Tenured total","62","43","19","1","1","0","3","3","0","1","1","0","10","7","3","0","0","0","46","31","15","1","0","1","0","0","0","0","0","0","-2"
"228501","Sul Ross State University","2013","Tenured, professors","39","29","10","0","0","0","2","2","0","1","1","0","4","3","1","0","0","0","31","23","8","1","0","1","0","0","0","0","0","0","-2"
"228501","Sul Ross State University","2013","Tenured, associate professors","22","13","9","1","1","0","1","1","0","0","0","0","5","3","2","0","0","0","15","8","7","0","0","0","0","0","0","0","0","0","-2"
"228501","Sul Ross State University","2013","Tenured, assistant professors","1","1","0","0","0","0","0","0","0","0","0","0","1","1","0","0","0","0","0","0","0","0","0","0","0","0","0","0","0","0","-2"
"228501","Sul Ross State University","2013","On-Tenure track total","21","10","11","0","0","0","0","0","0","0","0","0","2","2","0","0","0","0","18","7","11","0","0","0","0","0","0","1","1","0","-2"
"228501","Sul Ross State University","2013","On-tenure track, associate professors","1","1","0","0","0","0","0","0","0","0","0","0","0","0","0","0","0","0","1","1","0","0","0","0","0","0","0","0","0","0","-2"
"228501","Sul Ross State University","2013","On-tenure track, assistant professors","20","9","11","0","0","0","0","0","0","0","0","0","2","2","0","0","0","0","17","6","11","0","0","0","0","0","0","1","1","0","-2"
"228501","Sul Ross State University","2013","Not on tenure track/No tenure system system total","22","12","10","0","0","0","0","0","0","1","1","0","6","2","4","0","0","0","15","9","6","0","0","0","0","0","0","0","0","0","-2"
"228501","Sul Ross State University","2013","Not on tenure/no tenure system, assistant professors","3","1","2","0","0","0","0","0","0","0","0","0","1","0","1","0","0","0","2","1","1","0","0","0","0","0","0","0","0","0","-2"
"228501","Sul Ross State University","2013","Not on tenure/no tenure system, instructors","6","1","5","0","0","0","0","0","0","0","0","0","0","0","0","0","0","0","6","1","5","0","0","0","0","0","0","0","0","0","-2"
"228501","Sul Ross State University","2013","Not on tenure/no tenure system, lecturers","13","10","3","0","0","0","0","0","0","1","1","0","5","2","3","0","0","0","7","7","0","0","0","0","0","0","0","0","0","0","-2"
"228644","The University of Texas Health Science Center at San Antonio","2013","Tenured total","336","240","96","1","0","1","49","38","11","6","4","2","30","16","14","0","0","0","249","181","68","0","0","0","1","1","0","0","0","0","-2"
"228644","The University of Texas Health Science Center at San Antonio","2013","Tenured, professors","246","184","62","0","0","0","35","27","8","4","3","1","16","11","5","0","0","0","190","142","48","0","0","0","1","1","0","0","0","0","-2"
"228644","The University of Texas Health Science Center at San Antonio","2013","Tenured, associate professors","86","54","32","1","0","1","14","11","3","2","1","1","13","5","8","0","0","0","56","37","19","0","0","0","0","0","0","0","0","0","-2"
"228644","The University of Texas Health Science Center at San Antonio","2013","Tenured, assistant professors","4","2","2","0","0","0","0","0","0","0","0","0","1","0","1","0","0","0","3","2","1","0","0","0","0","0","0","0","0","0","-2"
"228644","The University of Texas Health Science Center at San Antonio","2013","On-Tenure track total","122","73","49","1","1","0","16","7","9","4","2","2","23","12","11","0","0","0","73","47","26","0","0","0","5","4","1","0","0","0","-2"
"228644","The University of Texas Health Science Center at San Antonio","2013","On-tenure track, professors","2","2","0","0","0","0","0","0","0","0","0","0","0","0","0","0","0","0","2","2","0","0","0","0","0","0","0","0","0","0","-2"
"228644","The University of Texas Health Science Center at San Antonio","2013","On-tenure track, associate professors","20","15","5","0","0","0","3","3","0","0","0","0","2","1","1","0","0","0","14","10","4","0","0","0","1","1","0","0","0","0","-2"
"228644","The University of Texas Health Science Center at San Antonio","2013","On-tenure track, assistant professors","100","56","44","1","1","0","13","4","9","4","2","2","21","11","10","0","0","0","57","35","22","0","0","0","4","3","1","0","0","0","-2"
"228644","The University of Texas Health Science Center at San Antonio","2013","Not on tenure track/No tenure system system total","806","408","398","0","0","0","158","93","65","21","6","15","137","56","81","5","1","4","468","240","228","0","0","0","17","12","5","0","0","0","-2"
"228644","The University of Texas Health Science Center at San Antonio","2013","Not on tenure/no tenure system, professors","67","47","20","0","0","0","9","7","2","2","2","0","8","7","1","0","0","0","48","31","17","0","0","0","0","0","0","0","0","0","-2"
"228644","The University of Texas Health Science Center at San Antonio","2013","Not on tenure/no tenure system, associate professors","121","72","49","0","0","0","23","17","6","1","0","1","9","2","7","1","0","1","84","50","34","0","0","0","3","3","0","0","0","0","-2"
"228644","The University of Texas Health Science Center at San Antonio","2013","Not on tenure/no tenure system, assistant professors","363","203","160","0","0","0","101","62","39","8","2","6","72","35","37","4","1","3","173","99","74","0","0","0","5","4","1","0","0","0","-2"
"228644","The University of Texas Health Science Center at San Antonio","2013","Not on tenure/no tenure system, instructors","68","23","45","0","0","0","11","3","8","2","0","2","10","3","7","0","0","0","45","17","28","0","0","0","0","0","0","0","0","0","-2"
"228644","The University of Texas Health Science Center at San Antonio","2013","Not on tenure/no tenure system, lecturers","12","7","5","0","0","0","0","0","0","1","0","1","3","1","2","0","0","0","7","5","2","0","0","0","1","1","0","0","0","0","-2"
"228644","The University of Texas Health Science Center at San Antonio","2013","Not on tenure/no tenure system, no academic rank","175","56","119","0","0","0","14","4","10","7","2","5","35","8","27","0","0","0","111","38","73","0","0","0","8","4","4","0","0","0","-2"
"228705","Texas A & M University-Kingsville","2013","Tenured total","197","141","56","2","2","0","27","25","2","5","4","1","30","21","9","0","0","0","130","87","43","0","0","0","0","0","0","3","2","1","-2"
"228705","Texas A & M University-Kingsville","2013","Tenured, professors","94","72","22","1","1","0","10","9","1","3","3","0","14","9","5","0","0","0","66","50","16","0","0","0","0","0","0","0","0","0","-2"
"228705","Texas A & M University-Kingsville","2013","Tenured, associate professors","79","54","25","1","1","0","15","14","1","1","1","0","14","11","3","0","0","0","47","27","20","0","0","0","0","0","0","1","0","1","-2"
"228705","Texas A & M University-Kingsville","2013","Tenured, assistant professors","24","15","9","0","0","0","2","2","0","1","0","1","2","1","1","0","0","0","17","10","7","0","0","0","0","0","0","2","2","0","-2"
"228705","Texas A & M University-Kingsville","2013","On-Tenure track total","119","49","70","0","0","0","4","3","1","6","4","2","12","3","9","2","0","2","79","30","49","0","0","0","0","0","0","16","9","7","-2"
"228705","Texas A & M University-Kingsville","2013","On-tenure track, professors","4","4","0","0","0","0","0","0","0","0","0","0","0","0","0","0","0","0","4","4","0","0","0","0","0","0","0","0","0","0","-2"
"228705","Texas A & M University-Kingsville","2013","On-tenure track, associate professors","13","6","7","0","0","0","1","1","0","2","2","0","0","0","0","0","0","0","10","3","7","0","0","0","0","0","0","0","0","0","-2"
"228705","Texas A & M University-Kingsville","2013","On-tenure track, assistant professors","102","39","63","0","0","0","3","2","1","4","2","2","12","3","9","2","0","2","65","23","42","0","0","0","0","0","0","16","9","7","-2"
"228705","Texas A & M University-Kingsville","2013","Not on tenure track/No tenure system system total","236","130","106","2","0","2","10","7","3","12","10","2","55","28","27","0","0","0","129","70","59","5","2","3","7","3","4","16","10","6","-2"
"228705","Texas A & M University-Kingsville","2013","Not on tenure/no tenure system, professors","5","3","2","0","0","0","1","1","0","0","0","0","0","0","0","0","0","0","4","2","2","0","0","0","0","0","0","0","0","0","-2"
"228705","Texas A & M University-Kingsville","2013","Not on tenure/no tenure system, associate professors","25","21","4","0","0","0","3","3","0","2","2","0","5","5","0","0","0","0","14","11","3","0","0","0","0","0","0","1","0","1","-2"
"228705","Texas A & M University-Kingsville","2013","Not on tenure/no tenure system, assistant professors","71","36","35","0","0","0","3","1","2","0","0","0","14","5","9","0","0","0","43","23","20","0","0","0","1","0","1","10","7","3","-2"
"228705","Texas A & M University-Kingsville","2013","Not on tenure/no tenure system, lecturers","135","70","65","2","0","2","3","2","1","10","8","2","36","18","18","0","0","0","68","34","34","5","2","3","6","3","3","5","3","2","-2"
"228981","Texas Lutheran University","2013","Tenured total","40","22","18","0","0","0","1","0","1","0","0","0","1","0","1","0","0","0","37","21","16","0","0","0","1","1","0","0","0","0","-2"
"228981","Texas Lutheran University","2013","Tenured, professors","19","12","7","0","0","0","0","0","0","0","0","0","0","0","0","0","0","0","19","12","7","0","0","0","0","0","0","0","0","0","-2"
"228981","Texas Lutheran University","2013","Tenured, associate professors","20","9","11","0","0","0","1","0","1","0","0","0","1","0","1","0","0","0","17","8","9","0","0","0","1","1","0","0","0","0","-2"
"228981","Texas Lutheran University","2013","Tenured, assistant professors","1","1","0","0","0","0","0","0","0","0","0","0","0","0","0","0","0","0","1","1","0","0","0","0","0","0","0","0","0","0","-2"
"228981","Texas Lutheran University","2013","On-Tenure track total","23","15","8","0","0","0","0","0","0","2","2","0","4","2","2","0","0","0","17","11","6","0","0","0","0","0","0","0","0","0","-2"
"228981","Texas Lutheran University","2013","On-tenure track, associate professors","1","1","0","0","0","0","0","0","0","0","0","0","0","0","0","0","0","0","1","1","0","0","0","0","0","0","0","0","0","0","-2"
"228981","Texas Lutheran University","2013","On-tenure track, assistant professors","22","14","8","0","0","0","0","0","0","2","2","0","4","2","2","0","0","0","16","10","6","0","0","0","0","0","0","0","0","0","-2"
"228981","Texas Lutheran University","2013","Not on tenure track/No tenure system system total","14","4","10","0","0","0","0","0","0","0","0","0","1","1","0","0","0","0","13","3","10","0","0","0","0","0","0","0","0","0","-2"
"228981","Texas Lutheran University","2013","Not on tenure/no tenure system, assistant professors","5","2","3","0","0","0","0","0","0","0","0","0","1","1","0","0","0","0","4","1","3","0","0","0","0","0","0","0","0","0","-2"
"228981","Texas Lutheran University","2013","Not on tenure/no tenure system, instructors","3","1","2","0","0","0","0","0","0","0","0","0","0","0","0","0","0","0","3","1","2","0","0","0","0","0","0","0","0","0","-2"
"228981","Texas Lutheran University","2013","Not on tenure/no tenure system, lecturers","6","1","5","0","0","0","0","0","0","0","0","0","0","0","0","0","0","0","6","1","5","0","0","0","0","0","0","0","0","0","-2"
"229018","The University of Texas Permian Basin","2013","Tenured total","54","38","16","1","0","1","8","5","3","0","0","0","3","1","2","0","0","0","42","32","10","0","0","0","0","0","0","0","0","0","-2"
"229018","The University of Texas Permian Basin","2013","Tenured, professors","19","15","4","0","0","0","1","1","0","0","0","0","0","0","0","0","0","0","18","14","4","0","0","0","0","0","0","0","0","0","-2"
"229018","The University of Texas Permian Basin","2013","Tenured, associate professors","35","23","12","1","0","1","7","4","3","0","0","0","3","1","2","0","0","0","24","18","6","0","0","0","0","0","0","0","0","0","-2"
"229018","The University of Texas Permian Basin","2013","On-Tenure track total","21","10","11","0","0","0","3","3","0","1","0","1","4","0","4","0","0","0","13","7","6","0","0","0","0","0","0","0","0","0","-2"
"229018","The University of Texas Permian Basin","2013","On-tenure track, professors","1","1","0","0","0","0","0","0","0","0","0","0","0","0","0","0","0","0","1","1","0","0","0","0","0","0","0","0","0","0","-2"
"229018","The University of Texas Permian Basin","2013","On-tenure track, associate professors","3","2","1","0","0","0","0","0","0","0","0","0","0","0","0","0","0","0","3","2","1","0","0","0","0","0","0","0","0","0","-2"
"229018","The University of Texas Permian Basin","2013","On-tenure track, assistant professors","17","7","10","0","0","0","3","3","0","1","0","1","4","0","4","0","0","0","9","4","5","0","0","0","0","0","0","0","0","0","-2"
"229018","The University of Texas Permian Basin","2013","Not on tenure track/No tenure system system total","43","17","26","0","0","0","2","1","1","0","0","0","3","2","1","0","0","0","38","14","24","0","0","0","0","0","0","0","0","0","-2"
"229018","The University of Texas Permian Basin","2013","Not on tenure/no tenure system, professors","2","1","1","0","0","0","0","0","0","0","0","0","0","0","0","0","0","0","2","1","1","0","0","0","0","0","0","0","0","0","-2"
"229018","The University of Texas Permian Basin","2013","Not on tenure/no tenure system, assistant professors","11","6","5","0","0","0","1","1","0","0","0","0","1","1","0","0","0","0","9","4","5","0","0","0","0","0","0","0","0","0","-2"
"229018","The University of Texas Permian Basin","2013","Not on tenure/no tenure system, lecturers","30","10","20","0","0","0","1","0","1","0","0","0","2","1","1","0","0","0","27","9","18","0","0","0","0","0","0","0","0","0","-2"
"229027","The University of Texas at San Antonio","2013","Tenured total","425","304","121","4","3","1","80","65","15","17","12","5","61","35","26","0","0","0","256","182","74","1","1","0","0","0","0","6","6","0","-2"
"229027","The University of Texas at San Antonio","2013","Tenured, professors","202","158","44","2","2","0","43","39","4","7","3","4","23","16","7","0","0","0","125","96","29","0","0","0","0","0","0","2","2","0","-2"
"229027","The University of Texas at San Antonio","2013","Tenured, associate professors","223","146","77","2","1","1","37","26","11","10","9","1","38","19","19","0","0","0","131","86","45","1","1","0","0","0","0","4","4","0","-2"
"229027","The University of Texas at San Antonio","2013","On-Tenure track total","171","100","71","0","0","0","20","16","4","6","1","5","34","15","19","0","0","0","85","49","36","0","0","0","0","0","0","26","19","7","-2"
"229027","The University of Texas at San Antonio","2013","On-tenure track, associate professors","8","5","3","0","0","0","0","0","0","1","0","1","3","2","1","0","0","0","4","3","1","0","0","0","0","0","0","0","0","0","-2"
"229027","The University of Texas at San Antonio","2013","On-tenure track, assistant professors","163","95","68","0","0","0","20","16","4","5","1","4","31","13","18","0","0","0","81","46","35","0","0","0","0","0","0","26","19","7","-2"
"229027","The University of Texas at San Antonio","2013","Not on tenure track/No tenure system system total","309","148","161","3","2","1","18","10","8","10","4","6","61","32","29","0","0","0","203","96","107","3","0","3","0","0","0","11","4","7","-2"
"229027","The University of Texas at San Antonio","2013","Not on tenure/no tenure system, lecturers","309","148","161","3","2","1","18","10","8","10","4","6","61","32","29","0","0","0","203","96","107","3","0","3","0","0","0","11","4","7","-2"
"229160","Texas Wesleyan University","2013","Tenured total","77","43","34","0","0","0","5","3","2","1","1","0","4","3","1","0","0","0","66","35","31","0","0","0","1","1","0","0","0","0","-2"
"229160","Texas Wesleyan University","2013","Tenured, professors","38","23","15","0","0","0","2","2","0","1","1","0","3","3","0","0","0","0","31","16","15","0","0","0","1","1","0","0","0","0","-2"
"229160","Texas Wesleyan University","2013","Tenured, associate professors","36","18","18","0","0","0","3","1","2","0","0","0","1","0","1","0","0","0","32","17","15","0","0","0","0","0","0","0","0","0","-2"
"229160","Texas Wesleyan University","2013","Tenured, assistant professors","3","2","1","0","0","0","0","0","0","0","0","0","0","0","0","0","0","0","3","2","1","0","0","0","0","0","0","0","0","0","-2"
"229160","Texas Wesleyan University","2013","On-Tenure track total","24","8","16","0","0","0","2","1","1","0","0","0","4","2","2","0","0","0","18","5","13","0","0","0","0","0","0","0","0","0","-2"
"229160","Texas Wesleyan University","2013","On-tenure track, associate professors","1","1","0","0","0","0","0","0","0","0","0","0","0","0","0","0","0","0","1","1","0","0","0","0","0","0","0","0","0","0","-2"
"229160","Texas Wesleyan University","2013","On-tenure track, assistant professors","23","7","16","0","0","0","2","1","1","0","0","0","4","2","2","0","0","0","17","4","13","0","0","0","0","0","0","0","0","0","-2"
"229160","Texas Wesleyan University","2013","Not on tenure track/No tenure system system total","25","8","17","1","0","1","1","1","0","0","0","0","2","1","1","0","0","0","21","6","15","0","0","0","0","0","0","0","0","0","-2"
"229160","Texas Wesleyan University","2013","Not on tenure/no tenure system, professors","1","1","0","0","0","0","0","0","0","0","0","0","0","0","0","0","0","0","1","1","0","0","0","0","0","0","0","0","0","0","-2"
"229160","Texas Wesleyan University","2013","Not on tenure/no tenure system, associate professors","1","1","0","0","0","0","0","0","0","0","0","0","0","0","0","0","0","0","1","1","0","0","0","0","0","0","0","0","0","0","-2"
"229160","Texas Wesleyan University","2013","Not on tenure/no tenure system, assistant professors","13","5","8","0","0","0","1","1","0","0","0","0","2","1","1","0","0","0","10","3","7","0","0","0","0","0","0","0","0","0","-2"
"229160","Texas Wesleyan University","2013","Not on tenure/no tenure system, instructors","10","1","9","1","0","1","0","0","0","0","0","0","0","0","0","0","0","0","9","1","8","0","0","0","0","0","0","0","0","0","-2"
"229179","Texas Woman's University","2013","Tenured total","198","58","140","1","0","1","15","8","7","6","1","5","3","1","2","0","0","0","172","48","124","1","0","1","0","0","0","0","0","0","-2"
"229179","Texas Woman's University","2013","Tenured, professors","102","33","69","0","0","0","8","4","4","3","0","3","2","1","1","0","0","0","88","28","60","1","0","1","0","0","0","0","0","0","-2"
"229179","Texas Woman's University","2013","Tenured, associate professors","93","25","68","1","0","1","7","4","3","2","1","1","1","0","1","0","0","0","82","20","62","0","0","0","0","0","0","0","0","0","-2"
"229179","Texas Woman's University","2013","Tenured, assistant professors","3","0","3","0","0","0","0","0","0","1","0","1","0","0","0","0","0","0","2","0","2","0","0","0","0","0","0","0","0","0","-2"
"229179","Texas Woman's University","2013","On-Tenure track total","114","29","85","0","0","0","10","2","8","8","1","7","3","0","3","2","1","1","83","21","62","7","4","3","1","0","1","0","0","0","-2"
"229179","Texas Woman's University","2013","On-tenure track, associate professors","20","4","16","0","0","0","1","1","0","0","0","0","0","0","0","0","0","0","17","2","15","2","1","1","0","0","0","0","0","0","-2"
"229179","Texas Woman's University","2013","On-tenure track, assistant professors","94","25","69","0","0","0","9","1","8","8","1","7","3","0","3","2","1","1","66","19","47","5","3","2","1","0","1","0","0","0","-2"
"229179","Texas Woman's University","2013","Not on tenure track/No tenure system system total","101","11","90","1","0","1","5","1","4","4","0","4","1","0","1","0","0","0","89","9","80","1","1","0","0","0","0","0","0","0","-2"
"229179","Texas Woman's University","2013","Not on tenure/no tenure system, professors","5","0","5","0","0","0","0","0","0","1","0","1","0","0","0","0","0","0","4","0","4","0","0","0","0","0","0","0","0","0","-2"
"229179","Texas Woman's University","2013","Not on tenure/no tenure system, associate professors","33","3","30","1","0","1","2","0","2","1","0","1","0","0","0","0","0","0","29","3","26","0","0","0","0","0","0","0","0","0","-2"
"229179","Texas Woman's University","2013","Not on tenure/no tenure system, assistant professors","53","8","45","0","0","0","2","1","1","1","0","1","1","0","1","0","0","0","48","6","42","1","1","0","0","0","0","0","0","0","-2"
"229179","Texas Woman's University","2013","Not on tenure/no tenure system, instructors","4","0","4","0","0","0","1","0","1","1","0","1","0","0","0","0","0","0","2","0","2","0","0","0","0","0","0","0","0","0","-2"
"229179","Texas Woman's University","2013","Not on tenure/no tenure system, lecturers","6","0","6","0","0","0","0","0","0","0","0","0","0","0","0","0","0","0","6","0","6","0","0","0","0","0","0","0","0","0","-2"
"229300","The University of Texas Health Science Center at Houston","2013","Tenured total","212","141","71","0","0","0","35","27","8","3","3","0","10","5","5","0","0","0","159","101","58","1","1","0","4","4","0","0","0","0","-2"
"229300","The University of Texas Health Science Center at Houston","2013","Tenured, professors","158","112","46","0","0","0","29","23","6","2","2","0","3","3","0","0","0","0","121","81","40","1","1","0","2","2","0","0","0","0","-2"
"229300","The University of Texas Health Science Center at Houston","2013","Tenured, associate professors","54","29","25","0","0","0","6","4","2","1","1","0","7","2","5","0","0","0","38","20","18","0","0","0","2","2","0","0","0","0","-2"
"229300","The University of Texas Health Science Center at Houston","2013","On-Tenure track total","186","111","75","0","0","0","56","40","16","9","3","6","12","4","8","0","0","0","91","51","40","0","0","0","1","1","0","17","12","5","-2"
"229300","The University of Texas Health Science Center at Houston","2013","On-tenure track, professors","16","15","1","0","0","0","3","3","0","0","0","0","0","0","0","0","0","0","12","11","1","0","0","0","0","0","0","1","1","0","-2"
"229300","The University of Texas Health Science Center at Houston","2013","On-tenure track, associate professors","38","24","14","0","0","0","10","9","1","1","1","0","4","1","3","0","0","0","19","9","10","0","0","0","1","1","0","3","3","0","-2"
"229300","The University of Texas Health Science Center at Houston","2013","On-tenure track, assistant professors","131","72","59","0","0","0","43","28","15","8","2","6","8","3","5","0","0","0","59","31","28","0","0","0","0","0","0","13","8","5","-2"
"229300","The University of Texas Health Science Center at Houston","2013","On-tenure track, instructors","1","0","1","0","0","0","0","0","0","0","0","0","0","0","0","0","0","0","1","0","1","0","0","0","0","0","0","0","0","0","-2"
"229300","The University of Texas Health Science Center at Houston","2013","Not on tenure track/No tenure system system total","1013","526","487","6","6","0","276","153","123","67","19","48","84","43","41","0","0","0","509","264","245","5","1","4","17","9","8","49","31","18","-2"
"229300","The University of Texas Health Science Center at Houston","2013","Not on tenure/no tenure system, professors","89","62","27","0","0","0","10","6","4","1","0","1","6","4","2","0","0","0","71","52","19","0","0","0","0","0","0","1","0","1","-2"
"229300","The University of Texas Health Science Center at Houston","2013","Not on tenure/no tenure system, associate professors","185","105","80","2","2","0","54","32","22","4","2","2","15","11","4","0","0","0","104","55","49","1","0","1","4","3","1","1","0","1","-2"
"229300","The University of Texas Health Science Center at Houston","2013","Not on tenure/no tenure system, assistant professors","652","319","333","4","4","0","188","100","88","56","13","43","57","24","33","0","0","0","288","143","145","4","1","3","11","5","6","44","29","15","-2"
"229300","The University of Texas Health Science Center at Houston","2013","Not on tenure/no tenure system, instructors","84","39","45","0","0","0","24","15","9","6","4","2","5","4","1","0","0","0","45","14","31","0","0","0","1","0","1","3","2","1","-2"
"229300","The University of Texas Health Science Center at Houston","2013","Not on tenure/no tenure system, lecturers","3","1","2","0","0","0","0","0","0","0","0","0","1","0","1","0","0","0","1","0","1","0","0","0","1","1","0","0","0","0","-2"
"229337","Texas Tech University Health Sciences Center","2013","Tenured total","154","113","41","0","0","0","26","21","5","2","1","1","12","10","2","0","0","0","114","81","33","0","0","0","0","0","0","0","0","0","-2"
"229337","Texas Tech University Health Sciences Center","2013","Tenured, professors","103","81","22","0","0","0","15","13","2","2","1","1","9","8","1","0","0","0","77","59","18","0","0","0","0","0","0","0","0","0","-2"
"229337","Texas Tech University Health Sciences Center","2013","Tenured, associate professors","49","32","17","0","0","0","11","8","3","0","0","0","3","2","1","0","0","0","35","22","13","0","0","0","0","0","0","0","0","0","-2"
"229337","Texas Tech University Health Sciences Center","2013","Tenured, assistant professors","2","0","2","0","0","0","0","0","0","0","0","0","0","0","0","0","0","0","2","0","2","0","0","0","0","0","0","0","0","0","-2"
"229337","Texas Tech University Health Sciences Center","2013","On-Tenure track total","87","50","37","0","0","0","16","6","10","1","1","0","11","7","4","0","0","0","52","32","20","0","0","0","0","0","0","7","4","3","-2"
"229337","Texas Tech University Health Sciences Center","2013","On-tenure track, professors","17","9","8","0","0","0","1","0","1","0","0","0","1","0","1","0","0","0","14","8","6","0","0","0","0","0","0","1","1","0","-2"
"229337","Texas Tech University Health Sciences Center","2013","On-tenure track, associate professors","27","18","9","0","0","0","7","4","3","0","0","0","2","1","1","0","0","0","18","13","5","0","0","0","0","0","0","0","0","0","-2"
"229337","Texas Tech University Health Sciences Center","2013","On-tenure track, assistant professors","43","23","20","0","0","0","8","2","6","1","1","0","8","6","2","0","0","0","20","11","9","0","0","0","0","0","0","6","3","3","-2"
"229337","Texas Tech University Health Sciences Center","2013","Not on tenure track/No tenure system system total","665","319","346","4","3","1","86","47","39","24","5","19","101","47","54","0","0","0","396","178","218","0","0","0","3","1","2","51","38","13","-2"
"229337","Texas Tech University Health Sciences Center","2013","Not on tenure/no tenure system, professors","44","32","12","1","1","0","6","4","2","1","0","1","2","2","0","0","0","0","34","25","9","0","0","0","0","0","0","0","0","0","-2"
"229337","Texas Tech University Health Sciences Center","2013","Not on tenure/no tenure system, associate professors","159","93","66","0","0","0","29","19","10","4","1","3","20","15","5","0","0","0","101","55","46","0","0","0","1","0","1","4","3","1","-2"
"229337","Texas Tech University Health Sciences Center","2013","Not on tenure/no tenure system, assistant professors","309","155","154","3","2","1","38","21","17","16","3","13","41","19","22","0","0","0","170","79","91","0","0","0","1","1","0","40","30","10","-2"
"229337","Texas Tech University Health Sciences Center","2013","Not on tenure/no tenure system, instructors","81","19","62","0","0","0","5","1","4","1","0","1","16","4","12","0","0","0","51","9","42","0","0","0","1","0","1","7","5","2","-2"
"229337","Texas Tech University Health Sciences Center","2013","Not on tenure/no tenure system, lecturers","10","10","0","0","0","0","0","0","0","0","0","0","0","0","0","0","0","0","10","10","0","0","0","0","0","0","0","0","0","0","-2"
"229337","Texas Tech University Health Sciences Center","2013","Not on tenure/no tenure system, no academic rank","62","10","52","0","0","0","8","2","6","2","1","1","22","7","15","0","0","0","30","0","30","0","0","0","0","0","0","0","0","0","-2"
"229355","Tyler Junior College","2013","Not on tenure track/No tenure system system total","292","130","162","3","1","2","0","0","0","17","5","12","7","3","4","0","0","0","263","121","142","0","0","0","1","0","1","1","0","1","-2"
"229355","Tyler Junior College","2013","Not on tenure/no tenure system, professors","292","130","162","3","1","2","0","0","0","17","5","12","7","3","4","0","0","0","263","121","142","0","0","0","1","0","1","1","0","1","-2"
"229780","Wayland Baptist University","2013","Not on tenure track/No tenure system system total","165","104","61","1","1","0","5","4","1","13","9","4","6","3","3","0","0","0","125","80","45","2","1","1","12","6","6","1","0","1","-2"
"229780","Wayland Baptist University","2013","Not on tenure/no tenure system, professors","50","33","17","0","0","0","0","0","0","2","2","0","1","1","0","0","0","0","47","30","17","0","0","0","0","0","0","0","0","0","-2"
"229780","Wayland Baptist University","2013","Not on tenure/no tenure system, associate professors","41","28","13","1","1","0","2","1","1","5","3","2","0","0","0","0","0","0","28","21","7","0","0","0","5","2","3","0","0","0","-2"
"229780","Wayland Baptist University","2013","Not on tenure/no tenure system, assistant professors","61","34","27","0","0","0","3","3","0","5","3","2","5","2","3","0","0","0","42","22","20","1","1","0","4","3","1","1","0","1","-2"
"229780","Wayland Baptist University","2013","Not on tenure/no tenure system, instructors","8","6","2","0","0","0","0","0","0","0","0","0","0","0","0","0","0","0","5","5","0","1","0","1","2","1","1","0","0","0","-2"
"229780","Wayland Baptist University","2013","Not on tenure/no tenure system, lecturers","5","3","2","0","0","0","0","0","0","1","1","0","0","0","0","0","0","0","3","2","1","0","0","0","1","0","1","0","0","0","-2"
"229814","West Texas A & M University","2013","Tenured total","115","78","37","2","2","0","6","5","1","1","0","1","1","1","0","0","0","0","105","70","35","0","0","0","0","0","0","0","0","0","-2"
"229814","West Texas A & M University","2013","Tenured, professors","59","43","16","1","1","0","4","4","0","0","0","0","1","1","0","0","0","0","53","37","16","0","0","0","0","0","0","0","0","0","-2"
"229814","West Texas A & M University","2013","Tenured, associate professors","55","34","21","1","1","0","2","1","1","1","0","1","0","0","0","0","0","0","51","32","19","0","0","0","0","0","0","0","0","0","-2"
"229814","West Texas A & M University","2013","Tenured, assistant professors","1","1","0","0","0","0","0","0","0","0","0","0","0","0","0","0","0","0","1","1","0","0","0","0","0","0","0","0","0","0","-2"
"229814","West Texas A & M University","2013","On-Tenure track total","67","41","26","0","0","0","7","3","4","3","1","2","2","1","1","0","0","0","54","35","19","0","0","0","1","1","0","0","0","0","-2"
"229814","West Texas A & M University","2013","On-tenure track, assistant professors","67","41","26","0","0","0","7","3","4","3","1","2","2","1","1","0","0","0","54","35","19","0","0","0","1","1","0","0","0","0","-2"
"229814","West Texas A & M University","2013","Not on tenure track/No tenure system system total","102","42","60","1","0","1","1","0","1","2","1","1","10","4","6","0","0","0","83","34","49","1","1","0","4","2","2","0","0","0","-2"
"229814","West Texas A & M University","2013","Not on tenure/no tenure system, professors","2","2","0","0","0","0","0","0","0","0","0","0","0","0","0","0","0","0","2","2","0","0","0","0","0","0","0","0","0","0","-2"
"229814","West Texas A & M University","2013","Not on tenure/no tenure system, associate professors","1","0","1","0","0","0","0","0","0","0","0","0","0","0","0","0","0","0","1","0","1","0","0","0","0","0","0","0","0","0","-2"
"229814","West Texas A & M University","2013","Not on tenure/no tenure system, assistant professors","24","11","13","1","0","1","0","0","0","1","1","0","3","2","1","0","0","0","16","7","9","0","0","0","3","1","2","0","0","0","-2"
"229814","West Texas A & M University","2013","Not on tenure/no tenure system, instructors","72","27","45","0","0","0","1","0","1","1","0","1","7","2","5","0","0","0","61","23","38","1","1","0","1","1","0","0","0","0","-2"
"229814","West Texas A & M University","2013","Not on tenure/no tenure system, lecturers","3","2","1","0","0","0","0","0","0","0","0","0","0","0","0","0","0","0","3","2","1","0","0","0","0","0","0","0","0","0","-2"
"234979","Columbia Basin College","2013","Tenured total","92","47","45","1","1","0","7","3","4","2","1","1","4","1","3","0","0","0","78","41","37","0","0","0","0","0","0","0","0","0","-2"
"234979","Columbia Basin College","2013","Tenured, no academic rank","92","47","45","1","1","0","7","3","4","2","1","1","4","1","3","0","0","0","78","41","37","0","0","0","0","0","0","0","0","0","-2"
"234979","Columbia Basin College","2013","On-Tenure track total","19","10","9","0","0","0","4","1","3","0","0","0","0","0","0","1","0","1","14","9","5","0","0","0","0","0","0","0","0","0","-2"
"234979","Columbia Basin College","2013","On-tenure track, no academic rank","19","10","9","0","0","0","4","1","3","0","0","0","0","0","0","1","0","1","14","9","5","0","0","0","0","0","0","0","0","0","-2"
"234979","Columbia Basin College","2013","Not on tenure track/No tenure system system total","22","9","13","0","0","0","0","0","0","0","0","0","2","2","0","0","0","0","20","7","13","0","0","0","0","0","0","0","0","0","-2"
"234979","Columbia Basin College","2013","Not on tenure/no tenure system, no academic rank","22","9","13","0","0","0","0","0","0","0","0","0","2","2","0","0","0","0","20","7","13","0","0","0","0","0","0","0","0","0","-2"
"235422","Heritage University","2013","Not on tenure track/No tenure system system total","60","21","39","7","1","6","0","0","0","2","1","1","10","2","8","1","1","0","39","15","24","1","1","0","0","0","0","0","0","0","-2"
"235422","Heritage University","2013","Not on tenure/no tenure system, professors","7","2","5","2","1","1","0","0","0","0","0","0","1","0","1","0","0","0","3","0","3","1","1","0","0","0","0","0","0","0","-2"
"235422","Heritage University","2013","Not on tenure/no tenure system, associate professors","13","4","9","1","0","1","0","0","0","1","0","1","2","0","2","0","0","0","9","4","5","0","0","0","0","0","0","0","0","0","-2"
"235422","Heritage University","2013","Not on tenure/no tenure system, assistant professors","33","14","19","2","0","2","0","0","0","1","1","0","5","2","3","1","1","0","24","10","14","0","0","0","0","0","0","0","0","0","-2"
"235422","Heritage University","2013","Not on tenure/no tenure system, instructors","7","1","6","2","0","2","0","0","0","0","0","0","2","0","2","0","0","0","3","1","2","0","0","0","0","0","0","0","0","0","-2"
"236975","Wenatchee Valley College","2013","Tenured total","54","31","23","0","0","0","0","0","0","0","0","0","3","3","0","0","0","0","49","27","22","2","1","1","0","0","0","0","0","0","-2"
"236975","Wenatchee Valley College","2013","Tenured, no academic rank","54","31","23","0","0","0","0","0","0","0","0","0","3","3","0","0","0","0","49","27","22","2","1","1","0","0","0","0","0","0","-2"
"236975","Wenatchee Valley College","2013","On-Tenure track total","14","7","7","0","0","0","1","0","1","1","0","1","0","0","0","0","0","0","12","7","5","0","0","0","0","0","0","0","0","0","-2"
"236975","Wenatchee Valley College","2013","On-tenure track, no academic rank","14","7","7","0","0","0","1","0","1","1","0","1","0","0","0","0","0","0","12","7","5","0","0","0","0","0","0","0","0","0","-2"
"236975","Wenatchee Valley College","2013","Not on tenure track/No tenure system system total","3","1","2","0","0","0","0","0","0","0","0","0","0","0","0","0","0","0","3","1","2","0","0","0","0","0","0","0","0","0","-2"
"236975","Wenatchee Valley College","2013","Not on tenure/no tenure system, no academic rank","3","1","2","0","0","0","0","0","0","0","0","0","0","0","0","0","0","0","3","1","2","0","0","0","0","0","0","0","0","0","-2"
"237109","Yakima Valley College","2013","Tenured total","62","29","33","2","1","1","2","1","1","0","0","0","1","1","0","0","0","0","57","26","31","0","0","0","0","0","0","0","0","0","-2"
"237109","Yakima Valley College","2013","Tenured, instructors","62","29","33","2","1","1","2","1","1","0","0","0","1","1","0","0","0","0","57","26","31","0","0","0","0","0","0","0","0","0","-2"
"237109","Yakima Valley College","2013","On-Tenure track total","5","3","2","0","0","0","0","0","0","0","0","0","0","0","0","0","0","0","5","3","2","0","0","0","0","0","0","0","0","0","-2"
"237109","Yakima Valley College","2013","On-tenure track, instructors","5","3","2","0","0","0","0","0","0","0","0","0","0","0","0","0","0","0","5","3","2","0","0","0","0","0","0","0","0","0","-2"
"237109","Yakima Valley College","2013","Not on tenure track/No tenure system system total","30","15","15","0","0","0","0","0","0","0","0","0","3","1","2","0","0","0","27","14","13","0","0","0","0","0","0","0","0","0","-2"
"237109","Yakima Valley College","2013","Not on tenure/no tenure system, instructors","30","15","15","0","0","0","0","0","0","0","0","0","3","1","2","0","0","0","27","14","13","0","0","0","0","0","0","0","0","0","-2"
"238193","Alverno College","2013","Tenured total","82","19","63","0","0","0","2","0","2","3","1","2","1","0","1","0","0","0","76","18","58","0","0","0","0","0","0","0","0","0","-2"
"238193","Alverno College","2013","Tenured, professors","41","11","30","0","0","0","1","0","1","1","1","0","0","0","0","0","0","0","39","10","29","0","0","0","0","0","0","0","0","0","-2"
"238193","Alverno College","2013","Tenured, associate professors","25","4","21","0","0","0","0","0","0","1","0","1","0","0","0","0","0","0","24","4","20","0","0","0","0","0","0","0","0","0","-2"
"238193","Alverno College","2013","Tenured, assistant professors","16","4","12","0","0","0","1","0","1","1","0","1","1","0","1","0","0","0","13","4","9","0","0","0","0","0","0","0","0","0","-2"
"238193","Alverno College","2013","On-Tenure track total","37","6","31","0","0","0","0","0","0","3","0","3","2","0","2","0","0","0","31","5","26","0","0","0","1","1","0","0","0","0","-2"
"238193","Alverno College","2013","On-tenure track, associate professors","3","0","3","0","0","0","0","0","0","1","0","1","0","0","0","0","0","0","2","0","2","0","0","0","0","0","0","0","0","0","-2"
"238193","Alverno College","2013","On-tenure track, assistant professors","34","6","28","0","0","0","0","0","0","2","0","2","2","0","2","0","0","0","29","5","24","0","0","0","1","1","0","0","0","0","-2"
"239390","Mount Mary University","2013","Tenured total","35","4","31","0","0","0","0","0","0","1","0","1","0","0","0","0","0","0","34","4","30","0","0","0","0","0","0","0","0","0","-2"
"239390","Mount Mary University","2013","Tenured, professors","8","2","6","0","0","0","0","0","0","0","0","0","0","0","0","0","0","0","8","2","6","0","0","0","0","0","0","0","0","0","-2"
"239390","Mount Mary University","2013","Tenured, associate professors","19","2","17","0","0","0","0","0","0","1","0","1","0","0","0","0","0","0","18","2","16","0","0","0","0","0","0","0","0","0","-2"
"239390","Mount Mary University","2013","Tenured, assistant professors","8","0","8","0","0","0","0","0","0","0","0","0","0","0","0","0","0","0","8","0","8","0","0","0","0","0","0","0","0","0","-2"
"239390","Mount Mary University","2013","On-Tenure track total","18","2","16","0","0","0","1","0","1","1","1","0","0","0","0","0","0","0","16","1","15","0","0","0","0","0","0","0","0","0","-2"
"239390","Mount Mary University","2013","On-tenure track, assistant professors","18","2","16","0","0","0","1","0","1","1","1","0","0","0","0","0","0","0","16","1","15","0","0","0","0","0","0","0","0","0","-2"
"239390","Mount Mary University","2013","Not on tenure track/No tenure system system total","16","0","16","0","0","0","0","0","0","0","0","0","0","0","0","0","0","0","16","0","16","0","0","0","0","0","0","0","0","0","-2"
"239390","Mount Mary University","2013","Not on tenure/no tenure system, assistant professors","5","0","5","0","0","0","0","0","0","0","0","0","0","0","0","0","0","0","5","0","5","0","0","0","0","0","0","0","0","0","-2"
"239390","Mount Mary University","2013","Not on tenure/no tenure system, instructors","11","0","11","0","0","0","0","0","0","0","0","0","0","0","0","0","0","0","11","0","11","0","0","0","0","0","0","0","0","0","-2"
"241100","American University of Puerto Rico","2013","Tenured total","18","9","9","0","0","0","0","0","0","0","0","0","18","9","9","0","0","0","0","0","0","0","0","0","0","0","0","0","0","0","-2"
"241100","American University of Puerto Rico","2013","Tenured, associate professors","3","1","2","0","0","0","0","0","0","0","0","0","3","1","2","0","0","0","0","0","0","0","0","0","0","0","0","0","0","0","-2"
"241100","American University of Puerto Rico","2013","Tenured, assistant professors","6","3","3","0","0","0","0","0","0","0","0","0","6","3","3","0","0","0","0","0","0","0","0","0","0","0","0","0","0","0","-2"
"241100","American University of Puerto Rico","2013","Tenured, instructors","9","5","4","0","0","0","0","0","0","0","0","0","9","5","4","0","0","0","0","0","0","0","0","0","0","0","0","0","0","0","-2"
"241128","American University of Puerto Rico","2013","Tenured total","21","10","11","0","0","0","0","0","0","0","0","0","21","10","11","0","0","0","0","0","0","0","0","0","0","0","0","0","0","0","-2"
"241128","American University of Puerto Rico","2013","Tenured, assistant professors","6","2","4","0","0","0","0","0","0","0","0","0","6","2","4","0","0","0","0","0","0","0","0","0","0","0","0","0","0","0","-2"
"241128","American University of Puerto Rico","2013","Tenured, instructors","15","8","7","0","0","0","0","0","0","0","0","0","15","8","7","0","0","0","0","0","0","0","0","0","0","0","0","0","0","0","-2"
"241191","Universidad Adventista de las Antillas","2013","Tenured total","32","16","16","0","0","0","0","0","0","0","0","0","31","16","15","0","0","0","1","0","1","0","0","0","0","0","0","0","0","0","-2"
"241191","Universidad Adventista de las Antillas","2013","Tenured, professors","2","0","2","0","0","0","0","0","0","0","0","0","2","0","2","0","0","0","0","0","0","0","0","0","0","0","0","0","0","0","-2"
"241191","Universidad Adventista de las Antillas","2013","Tenured, associate professors","10","4","6","0","0","0","0","0","0","0","0","0","10","4","6","0","0","0","0","0","0","0","0","0","0","0","0","0","0","0","-2"
"241191","Universidad Adventista de las Antillas","2013","Tenured, assistant professors","14","8","6","0","0","0","0","0","0","0","0","0","14","8","6","0","0","0","0","0","0","0","0","0","0","0","0","0","0","0","-2"
"241191","Universidad Adventista de las Antillas","2013","Tenured, instructors","6","4","2","0","0","0","0","0","0","0","0","0","5","4","1","0","0","0","1","0","1","0","0","0","0","0","0","0","0","0","-2"
"241191","Universidad Adventista de las Antillas","2013","On-Tenure track total","3","1","2","0","0","0","0","0","0","0","0","0","3","1","2","0","0","0","0","0","0","0","0","0","0","0","0","0","0","0","-2"
"241191","Universidad Adventista de las Antillas","2013","On-tenure track, assistant professors","1","0","1","0","0","0","0","0","0","0","0","0","1","0","1","0","0","0","0","0","0","0","0","0","0","0","0","0","0","0","-2"
"241191","Universidad Adventista de las Antillas","2013","On-tenure track, no academic rank","2","1","1","0","0","0","0","0","0","0","0","0","2","1","1","0","0","0","0","0","0","0","0","0","0","0","0","0","0","0","-2"
"241191","Universidad Adventista de las Antillas","2013","Not on tenure track/No tenure system system total","6","2","4","0","0","0","0","0","0","0","0","0","6","2","4","0","0","0","0","0","0","0","0","0","0","0","0","0","0","0","-2"
"241191","Universidad Adventista de las Antillas","2013","Not on tenure/no tenure system, associate professors","1","0","1","0","0","0","0","0","0","0","0","0","1","0","1","0","0","0","0","0","0","0","0","0","0","0","0","0","0","0","-2"
"241191","Universidad Adventista de las Antillas","2013","Not on tenure/no tenure system, no academic rank","5","2","3","0","0","0","0","0","0","0","0","0","5","2","3","0","0","0","0","0","0","0","0","0","0","0","0","0","0","0","-2"
"241216","Atlantic University College","2013","Tenured total","20","14","6","0","0","0","0","0","0","0","0","0","20","14","6","0","0","0","0","0","0","0","0","0","0","0","0","0","0","0","-2"
"241216","Atlantic University College","2013","Tenured, professors","20","14","6","0","0","0","0","0","0","0","0","0","20","14","6","0","0","0","0","0","0","0","0","0","0","0","0","0","0","0","-2"
"241225","Universidad Central de Bayamon","2013","On-Tenure track total","35","11","24","0","0","0","0","0","0","0","0","0","33","10","23","0","0","0","2","1","1","0","0","0","0","0","0","0","0","0","-2"
"241225","Universidad Central de Bayamon","2013","On-tenure track, professors","2","1","1","0","0","0","0","0","0","0","0","0","0","0","0","0","0","0","2","1","1","0","0","0","0","0","0","0","0","0","-2"
"241225","Universidad Central de Bayamon","2013","On-tenure track, associate professors","7","4","3","0","0","0","0","0","0","0","0","0","7","4","3","0","0","0","0","0","0","0","0","0","0","0","0","0","0","0","-2"
"241225","Universidad Central de Bayamon","2013","On-tenure track, assistant professors","17","4","13","0","0","0","0","0","0","0","0","0","17","4","13","0","0","0","0","0","0","0","0","0","0","0","0","0","0","0","-2"
"241225","Universidad Central de Bayamon","2013","On-tenure track, instructors","9","2","7","0","0","0","0","0","0","0","0","0","9","2","7","0","0","0","0","0","0","0","0","0","0","0","0","0","0","0","-2"
"241225","Universidad Central de Bayamon","2013","Not on tenure track/No tenure system system total","1","1","0","0","0","0","0","0","0","0","0","0","1","1","0","0","0","0","0","0","0","0","0","0","0","0","0","0","0","0","-2"
"241225","Universidad Central de Bayamon","2013","Not on tenure/no tenure system, lecturers","1","1","0","0","0","0","0","0","0","0","0","0","1","1","0","0","0","0","0","0","0","0","0","0","0","0","0","0","0","0","-2"
"241377","Caribbean University-Bayamon","2013","Not on tenure track/No tenure system system total","38","22","16","0","0","0","0","0","0","0","0","0","38","22","16","0","0","0","0","0","0","0","0","0","0","0","0","0","0","0","-2"
"241377","Caribbean University-Bayamon","2013","Not on tenure/no tenure system, professors","2","1","1","0","0","0","0","0","0","0","0","0","2","1","1","0","0","0","0","0","0","0","0","0","0","0","0","0","0","0","-2"
"241377","Caribbean University-Bayamon","2013","Not on tenure/no tenure system, associate professors","1","0","1","0","0","0","0","0","0","0","0","0","1","0","1","0","0","0","0","0","0","0","0","0","0","0","0","0","0","0","-2"
"241377","Caribbean University-Bayamon","2013","Not on tenure/no tenure system, assistant professors","9","5","4","0","0","0","0","0","0","0","0","0","9","5","4","0","0","0","0","0","0","0","0","0","0","0","0","0","0","0","-2"
"241377","Caribbean University-Bayamon","2013","Not on tenure/no tenure system, instructors","26","16","10","0","0","0","0","0","0","0","0","0","26","16","10","0","0","0","0","0","0","0","0","0","0","0","0","0","0","0","-2"
"241386","Caribbean University-Carolina","2013","Not on tenure track/No tenure system system total","16","11","5","0","0","0","0","0","0","0","0","0","16","11","5","0","0","0","0","0","0","0","0","0","0","0","0","0","0","0","-2"
"241386","Caribbean University-Carolina","2013","Not on tenure/no tenure system, assistant professors","8","7","1","0","0","0","0","0","0","0","0","0","8","7","1","0","0","0","0","0","0","0","0","0","0","0","0","0","0","0","-2"
"241386","Caribbean University-Carolina","2013","Not on tenure/no tenure system, instructors","8","4","4","0","0","0","0","0","0","0","0","0","8","4","4","0","0","0","0","0","0","0","0","0","0","0","0","0","0","0","-2"
"241395","Pontifical Catholic University of Puerto Rico-Arecibo","2013","Not on tenure track/No tenure system system total","19","8","11","0","0","0","0","0","0","0","0","0","19","8","11","0","0","0","0","0","0","0","0","0","0","0","0","0","0","0","-2"
"241395","Pontifical Catholic University of Puerto Rico-Arecibo","2013","Not on tenure/no tenure system, professors","3","1","2","0","0","0","0","0","0","0","0","0","3","1","2","0","0","0","0","0","0","0","0","0","0","0","0","0","0","0","-2"
"241395","Pontifical Catholic University of Puerto Rico-Arecibo","2013","Not on tenure/no tenure system, associate professors","1","1","0","0","0","0","0","0","0","0","0","0","1","1","0","0","0","0","0","0","0","0","0","0","0","0","0","0","0","0","-2"
"241395","Pontifical Catholic University of Puerto Rico-Arecibo","2013","Not on tenure/no tenure system, assistant professors","5","3","2","0","0","0","0","0","0","0","0","0","5","3","2","0","0","0","0","0","0","0","0","0","0","0","0","0","0","0","-2"
"241395","Pontifical Catholic University of Puerto Rico-Arecibo","2013","Not on tenure/no tenure system, instructors","4","1","3","0","0","0","0","0","0","0","0","0","4","1","3","0","0","0","0","0","0","0","0","0","0","0","0","0","0","0","-2"
"241395","Pontifical Catholic University of Puerto Rico-Arecibo","2013","Not on tenure/no tenure system, no academic rank","6","2","4","0","0","0","0","0","0","0","0","0","6","2","4","0","0","0","0","0","0","0","0","0","0","0","0","0","0","0","-2"
"241410","Pontifical Catholic University of Puerto Rico-Ponce","2013","Not on tenure track/No tenure system system total","249","100","149","0","0","0","0","0","0","0","0","0","233","91","142","0","0","0","15","8","7","0","0","0","1","1","0","0","0","0","-2"
"241410","Pontifical Catholic University of Puerto Rico-Ponce","2013","Not on tenure/no tenure system, professors","32","16","16","0","0","0","0","0","0","0","0","0","31","15","16","0","0","0","1","1","0","0","0","0","0","0","0","0","0","0","-2"
"241410","Pontifical Catholic University of Puerto Rico-Ponce","2013","Not on tenure/no tenure system, associate professors","54","26","28","0","0","0","0","0","0","0","0","0","48","21","27","0","0","0","6","5","1","0","0","0","0","0","0","0","0","0","-2"
"241410","Pontifical Catholic University of Puerto Rico-Ponce","2013","Not on tenure/no tenure system, assistant professors","96","41","55","0","0","0","0","0","0","0","0","0","89","38","51","0","0","0","6","2","4","0","0","0","1","1","0","0","0","0","-2"
"241410","Pontifical Catholic University of Puerto Rico-Ponce","2013","Not on tenure/no tenure system, instructors","14","4","10","0","0","0","0","0","0","0","0","0","14","4","10","0","0","0","0","0","0","0","0","0","0","0","0","0","0","0","-2"
"241410","Pontifical Catholic University of Puerto Rico-Ponce","2013","Not on tenure/no tenure system, no academic rank","53","13","40","0","0","0","0","0","0","0","0","0","51","13","38","0","0","0","2","0","2","0","0","0","0","0","0","0","0","0","-2"
"241614","Universidad Teologica del Caribe","2013","Tenured total","2","0","2","0","0","0","0","0","0","0","0","0","2","0","2","0","0","0","0","0","0","0","0","0","0","0","0","0","0","0","-2"
"241614","Universidad Teologica del Caribe","2013","Tenured, professors","1","0","1","0","0","0","0","0","0","0","0","0","1","0","1","0","0","0","0","0","0","0","0","0","0","0","0","0","0","0","-2"
"241614","Universidad Teologica del Caribe","2013","Tenured, instructors","1","0","1","0","0","0","0","0","0","0","0","0","1","0","1","0","0","0","0","0","0","0","0","0","0","0","0","0","0","0","-2"
"241614","Universidad Teologica del Caribe","2013","Not on tenure track/No tenure system system total","3","2","1","0","0","0","0","0","0","0","0","0","3","2","1","0","0","0","0","0","0","0","0","0","0","0","0","0","0","0","-2"
"241614","Universidad Teologica del Caribe","2013","Not on tenure/no tenure system, instructors","2","2","0","0","0","0","0","0","0","0","0","0","2","2","0","0","0","0","0","0","0","0","0","0","0","0","0","0","0","0","-2"
"241614","Universidad Teologica del Caribe","2013","Not on tenure/no tenure system, lecturers","1","0","1","0","0","0","0","0","0","0","0","0","1","0","1","0","0","0","0","0","0","0","0","0","0","0","0","0","0","0","-2"
"241720","Colegio Universitario de San Juan","2013","Tenured total","28","10","18","0","0","0","0","0","0","0","0","0","28","10","18","0","0","0","0","0","0","0","0","0","0","0","0","0","0","0","-2"
"241720","Colegio Universitario de San Juan","2013","Tenured, professors","1","1","0","0","0","0","0","0","0","0","0","0","1","1","0","0","0","0","0","0","0","0","0","0","0","0","0","0","0","0","-2"
"241720","Colegio Universitario de San Juan","2013","Tenured, associate professors","4","1","3","0","0","0","0","0","0","0","0","0","4","1","3","0","0","0","0","0","0","0","0","0","0","0","0","0","0","0","-2"
"241720","Colegio Universitario de San Juan","2013","Tenured, assistant professors","5","2","3","0","0","0","0","0","0","0","0","0","5","2","3","0","0","0","0","0","0","0","0","0","0","0","0","0","0","0","-2"
"241720","Colegio Universitario de San Juan","2013","Tenured, instructors","18","6","12","0","0","0","0","0","0","0","0","0","18","6","12","0","0","0","0","0","0","0","0","0","0","0","0","0","0","0","-2"
"241739","Universidad Ana G. Mendez-Cupey Campus","2013","Tenured total","25","4","21","0","0","0","0","0","0","0","0","0","25","4","21","0","0","0","0","0","0","0","0","0","0","0","0","0","0","0","-2"
"241739","Universidad Ana G. Mendez-Cupey Campus","2013","Tenured, professors","17","2","15","0","0","0","0","0","0","0","0","0","17","2","15","0","0","0","0","0","0","0","0","0","0","0","0","0","0","0","-2"
"241739","Universidad Ana G. Mendez-Cupey Campus","2013","Tenured, associate professors","7","2","5","0","0","0","0","0","0","0","0","0","7","2","5","0","0","0","0","0","0","0","0","0","0","0","0","0","0","0","-2"
"241739","Universidad Ana G. Mendez-Cupey Campus","2013","Tenured, assistant professors","1","0","1","0","0","0","0","0","0","0","0","0","1","0","1","0","0","0","0","0","0","0","0","0","0","0","0","0","0","0","-2"
"241739","Universidad Ana G. Mendez-Cupey Campus","2013","Not on tenure track/No tenure system system total","122","44","78","0","0","0","0","0","0","0","0","0","114","39","75","0","0","0","7","4","3","0","0","0","1","1","0","0","0","0","-2"
"241739","Universidad Ana G. Mendez-Cupey Campus","2013","Not on tenure/no tenure system, professors","13","8","5","0","0","0","0","0","0","0","0","0","11","6","5","0","0","0","2","2","0","0","0","0","0","0","0","0","0","0","-2"
"241739","Universidad Ana G. Mendez-Cupey Campus","2013","Not on tenure/no tenure system, associate professors","17","7","10","0","0","0","0","0","0","0","0","0","16","6","10","0","0","0","1","1","0","0","0","0","0","0","0","0","0","0","-2"
"241739","Universidad Ana G. Mendez-Cupey Campus","2013","Not on tenure/no tenure system, assistant professors","46","17","29","0","0","0","0","0","0","0","0","0","43","16","27","0","0","0","2","0","2","0","0","0","1","1","0","0","0","0","-2"
"241739","Universidad Ana G. Mendez-Cupey Campus","2013","Not on tenure/no tenure system, instructors","46","12","34","0","0","0","0","0","0","0","0","0","44","11","33","0","0","0","2","1","1","0","0","0","0","0","0","0","0","0","-2"
"241766","Conservatory of Music of Puerto Rico","2013","Tenured total","26","19","7","0","0","0","0","0","0","0","0","0","24","18","6","0","0","0","2","1","1","0","0","0","0","0","0","0","0","0","-2"
"241766","Conservatory of Music of Puerto Rico","2013","Tenured, professors","7","3","4","0","0","0","0","0","0","0","0","0","6","3","3","0","0","0","1","0","1","0","0","0","0","0","0","0","0","0","-2"
"241766","Conservatory of Music of Puerto Rico","2013","Tenured, associate professors","10","8","2","0","0","0","0","0","0","0","0","0","9","7","2","0","0","0","1","1","0","0","0","0","0","0","0","0","0","0","-2"
"241766","Conservatory of Music of Puerto Rico","2013","Tenured, assistant professors","6","6","0","0","0","0","0","0","0","0","0","0","6","6","0","0","0","0","0","0","0","0","0","0","0","0","0","0","0","0","-2"
"241766","Conservatory of Music of Puerto Rico","2013","Tenured, instructors","3","2","1","0","0","0","0","0","0","0","0","0","3","2","1","0","0","0","0","0","0","0","0","0","0","0","0","0","0","0","-2"
"241766","Conservatory of Music of Puerto Rico","2013","On-Tenure track total","13","9","4","0","0","0","0","0","0","0","0","0","13","9","4","0","0","0","0","0","0","0","0","0","0","0","0","0","0","0","-2"
"241766","Conservatory of Music of Puerto Rico","2013","On-tenure track, assistant professors","9","5","4","0","0","0","0","0","0","0","0","0","9","5","4","0","0","0","0","0","0","0","0","0","0","0","0","0","0","0","-2"
"241766","Conservatory of Music of Puerto Rico","2013","On-tenure track, instructors","4","4","0","0","0","0","0","0","0","0","0","0","4","4","0","0","0","0","0","0","0","0","0","0","0","0","0","0","0","0","-2"
"241766","Conservatory of Music of Puerto Rico","2013","Not on tenure track/No tenure system system total","11","7","4","0","0","0","0","0","0","0","0","0","8","6","2","0","0","0","3","1","2","0","0","0","0","0","0","0","0","0","-2"
"241766","Conservatory of Music of Puerto Rico","2013","Not on tenure/no tenure system, instructors","2","2","0","0","0","0","0","0","0","0","0","0","2","2","0","0","0","0","0","0","0","0","0","0","0","0","0","0","0","0","-2"
"241766","Conservatory of Music of Puerto Rico","2013","Not on tenure/no tenure system, no academic rank","9","5","4","0","0","0","0","0","0","0","0","0","6","4","2","0","0","0","3","1","2","0","0","0","0","0","0","0","0","0","-2"
"241836","EDP University of Puerto Rico Inc-San Sebastian","2013","Not on tenure track/No tenure system system total","16","8","8","0","0","0","0","0","0","0","0","0","16","8","8","0","0","0","0","0","0","0","0","0","0","0","0","0","0","0","-2"
"241836","EDP University of Puerto Rico Inc-San Sebastian","2013","Not on tenure/no tenure system, instructors","16","8","8","0","0","0","0","0","0","0","0","0","16","8","8","0","0","0","0","0","0","0","0","0","0","0","0","0","0","0","-2"
"241951","Escuela de Artes Plasticas y Diseno de Puerto Rico","2013","Tenured total","12","7","5","0","0","0","0","0","0","0","0","0","12","7","5","0","0","0","0","0","0","0","0","0","0","0","0","0","0","0","-2"
"241951","Escuela de Artes Plasticas y Diseno de Puerto Rico","2013","Tenured, professors","3","2","1","0","0","0","0","0","0","0","0","0","3","2","1","0","0","0","0","0","0","0","0","0","0","0","0","0","0","0","-2"
"241951","Escuela de Artes Plasticas y Diseno de Puerto Rico","2013","Tenured, associate professors","1","0","1","0","0","0","0","0","0","0","0","0","1","0","1","0","0","0","0","0","0","0","0","0","0","0","0","0","0","0","-2"
"241951","Escuela de Artes Plasticas y Diseno de Puerto Rico","2013","Tenured, assistant professors","1","1","0","0","0","0","0","0","0","0","0","0","1","1","0","0","0","0","0","0","0","0","0","0","0","0","0","0","0","0","-2"
"241951","Escuela de Artes Plasticas y Diseno de Puerto Rico","2013","Tenured, instructors","7","4","3","0","0","0","0","0","0","0","0","0","7","4","3","0","0","0","0","0","0","0","0","0","0","0","0","0","0","0","-2"
"241951","Escuela de Artes Plasticas y Diseno de Puerto Rico","2013","On-Tenure track total","1","0","1","0","0","0","0","0","0","0","0","0","1","0","1","0","0","0","0","0","0","0","0","0","0","0","0","0","0","0","-2"
"241951","Escuela de Artes Plasticas y Diseno de Puerto Rico","2013","On-tenure track, instructors","1","0","1","0","0","0","0","0","0","0","0","0","1","0","1","0","0","0","0","0","0","0","0","0","0","0","0","0","0","0","-2"
"242121","Humacao Community College","2013","Not on tenure track/No tenure system system total","10","4","6","0","0","0","0","0","0","0","0","0","10","4","6","0","0","0","0","0","0","0","0","0","0","0","0","0","0","0","-2"
"242121","Humacao Community College","2013","Not on tenure/no tenure system, professors","10","4","6","0","0","0","0","0","0","0","0","0","10","4","6","0","0","0","0","0","0","0","0","0","0","0","0","0","0","0","-2"
"242617","Inter American University of Puerto Rico-San German","2013","Tenured total","81","38","43","0","0","0","0","0","0","1","1","0","79","36","43","1","1","0","0","0","0","0","0","0","0","0","0","0","0","0","-2"
"242617","Inter American University of Puerto Rico-San German","2013","Tenured, professors","22","13","9","0","0","0","0","0","0","0","0","0","22","13","9","0","0","0","0","0","0","0","0","0","0","0","0","0","0","0","-2"
"242617","Inter American University of Puerto Rico-San German","2013","Tenured, associate professors","39","19","20","0","0","0","0","0","0","1","1","0","37","17","20","1","1","0","0","0","0","0","0","0","0","0","0","0","0","0","-2"
"242617","Inter American University of Puerto Rico-San German","2013","Tenured, assistant professors","20","6","14","0","0","0","0","0","0","0","0","0","20","6","14","0","0","0","0","0","0","0","0","0","0","0","0","0","0","0","-2"
"242617","Inter American University of Puerto Rico-San German","2013","On-Tenure track total","31","10","21","0","0","0","0","0","0","0","0","0","31","10","21","0","0","0","0","0","0","0","0","0","0","0","0","0","0","0","-2"
"242617","Inter American University of Puerto Rico-San German","2013","On-tenure track, associate professors","8","3","5","0","0","0","0","0","0","0","0","0","8","3","5","0","0","0","0","0","0","0","0","0","0","0","0","0","0","0","-2"
"242617","Inter American University of Puerto Rico-San German","2013","On-tenure track, assistant professors","20","5","15","0","0","0","0","0","0","0","0","0","20","5","15","0","0","0","0","0","0","0","0","0","0","0","0","0","0","0","-2"
"242617","Inter American University of Puerto Rico-San German","2013","On-tenure track, instructors","3","2","1","0","0","0","0","0","0","0","0","0","3","2","1","0","0","0","0","0","0","0","0","0","0","0","0","0","0","0","-2"
"242617","Inter American University of Puerto Rico-San German","2013","Not on tenure track/No tenure system system total","7","3","4","0","0","0","0","0","0","0","0","0","7","3","4","0","0","0","0","0","0","0","0","0","0","0","0","0","0","0","-2"
"242617","Inter American University of Puerto Rico-San German","2013","Not on tenure/no tenure system, assistant professors","1","1","0","0","0","0","0","0","0","0","0","0","1","1","0","0","0","0","0","0","0","0","0","0","0","0","0","0","0","0","-2"
"242617","Inter American University of Puerto Rico-San German","2013","Not on tenure/no tenure system, instructors","6","2","4","0","0","0","0","0","0","0","0","0","6","2","4","0","0","0","0","0","0","0","0","0","0","0","0","0","0","0","-2"
"242626","Inter American University of Puerto Rico-Aguadilla","2013","Tenured total","62","26","36","0","0","0","0","0","0","1","0","1","61","26","35","0","0","0","0","0","0","0","0","0","0","0","0","0","0","0","-2"
"242626","Inter American University of Puerto Rico-Aguadilla","2013","Tenured, professors","9","3","6","0","0","0","0","0","0","0","0","0","9","3","6","0","0","0","0","0","0","0","0","0","0","0","0","0","0","0","-2"
"242626","Inter American University of Puerto Rico-Aguadilla","2013","Tenured, associate professors","27","7","20","0","0","0","0","0","0","1","0","1","26","7","19","0","0","0","0","0","0","0","0","0","0","0","0","0","0","0","-2"
"242626","Inter American University of Puerto Rico-Aguadilla","2013","Tenured, assistant professors","26","16","10","0","0","0","0","0","0","0","0","0","26","16","10","0","0","0","0","0","0","0","0","0","0","0","0","0","0","0","-2"
"242626","Inter American University of Puerto Rico-Aguadilla","2013","On-Tenure track total","10","1","9","0","0","0","0","0","0","0","0","0","10","1","9","0","0","0","0","0","0","0","0","0","0","0","0","0","0","0","-2"
"242626","Inter American University of Puerto Rico-Aguadilla","2013","On-tenure track, associate professors","4","0","4","0","0","0","0","0","0","0","0","0","4","0","4","0","0","0","0","0","0","0","0","0","0","0","0","0","0","0","-2"
"242626","Inter American University of Puerto Rico-Aguadilla","2013","On-tenure track, assistant professors","3","1","2","0","0","0","0","0","0","0","0","0","3","1","2","0","0","0","0","0","0","0","0","0","0","0","0","0","0","0","-2"
"242626","Inter American University of Puerto Rico-Aguadilla","2013","On-tenure track, instructors","3","0","3","0","0","0","0","0","0","0","0","0","3","0","3","0","0","0","0","0","0","0","0","0","0","0","0","0","0","0","-2"
"242626","Inter American University of Puerto Rico-Aguadilla","2013","Not on tenure track/No tenure system system total","4","2","2","0","0","0","0","0","0","0","0","0","4","2","2","0","0","0","0","0","0","0","0","0","0","0","0","0","0","0","-2"
"242626","Inter American University of Puerto Rico-Aguadilla","2013","Not on tenure/no tenure system, instructors","4","2","2","0","0","0","0","0","0","0","0","0","4","2","2","0","0","0","0","0","0","0","0","0","0","0","0","0","0","0","-2"
"242635","Inter American University of Puerto Rico-Arecibo","2013","Tenured total","56","29","27","0","0","0","0","0","0","0","0","0","56","29","27","0","0","0","0","0","0","0","0","0","0","0","0","0","0","0","-2"
"242635","Inter American University of Puerto Rico-Arecibo","2013","Tenured, professors","18","9","9","0","0","0","0","0","0","0","0","0","18","9","9","0","0","0","0","0","0","0","0","0","0","0","0","0","0","0","-2"
"242635","Inter American University of Puerto Rico-Arecibo","2013","Tenured, associate professors","18","10","8","0","0","0","0","0","0","0","0","0","18","10","8","0","0","0","0","0","0","0","0","0","0","0","0","0","0","0","-2"
"242635","Inter American University of Puerto Rico-Arecibo","2013","Tenured, assistant professors","20","10","10","0","0","0","0","0","0","0","0","0","20","10","10","0","0","0","0","0","0","0","0","0","0","0","0","0","0","0","-2"
"242635","Inter American University of Puerto Rico-Arecibo","2013","On-Tenure track total","24","10","14","0","0","0","0","0","0","0","0","0","24","10","14","0","0","0","0","0","0","0","0","0","0","0","0","0","0","0","-2"
"242635","Inter American University of Puerto Rico-Arecibo","2013","On-tenure track, professors","2","1","1","0","0","0","0","0","0","0","0","0","2","1","1","0","0","0","0","0","0","0","0","0","0","0","0","0","0","0","-2"
"242635","Inter American University of Puerto Rico-Arecibo","2013","On-tenure track, associate professors","5","2","3","0","0","0","0","0","0","0","0","0","5","2","3","0","0","0","0","0","0","0","0","0","0","0","0","0","0","0","-2"
"242635","Inter American University of Puerto Rico-Arecibo","2013","On-tenure track, assistant professors","10","4","6","0","0","0","0","0","0","0","0","0","10","4","6","0","0","0","0","0","0","0","0","0","0","0","0","0","0","0","-2"
"242635","Inter American University of Puerto Rico-Arecibo","2013","On-tenure track, instructors","7","3","4","0","0","0","0","0","0","0","0","0","7","3","4","0","0","0","0","0","0","0","0","0","0","0","0","0","0","0","-2"
"242635","Inter American University of Puerto Rico-Arecibo","2013","Not on tenure track/No tenure system system total","11","3","8","0","0","0","0","0","0","0","0","0","11","3","8","0","0","0","0","0","0","0","0","0","0","0","0","0","0","0","-2"
"242635","Inter American University of Puerto Rico-Arecibo","2013","Not on tenure/no tenure system, assistant professors","5","3","2","0","0","0","0","0","0","0","0","0","5","3","2","0","0","0","0","0","0","0","0","0","0","0","0","0","0","0","-2"
"242635","Inter American University of Puerto Rico-Arecibo","2013","Not on tenure/no tenure system, instructors","6","0","6","0","0","0","0","0","0","0","0","0","6","0","6","0","0","0","0","0","0","0","0","0","0","0","0","0","0","0","-2"
"242644","Inter American University of Puerto Rico-Barranquitas","2013","Tenured total","14","5","9","0","0","0","0","0","0","0","0","0","14","5","9","0","0","0","0","0","0","0","0","0","0","0","0","0","0","0","-2"
"242644","Inter American University of Puerto Rico-Barranquitas","2013","Tenured, professors","1","1","0","0","0","0","0","0","0","0","0","0","1","1","0","0","0","0","0","0","0","0","0","0","0","0","0","0","0","0","-2"
"242644","Inter American University of Puerto Rico-Barranquitas","2013","Tenured, associate professors","5","1","4","0","0","0","0","0","0","0","0","0","5","1","4","0","0","0","0","0","0","0","0","0","0","0","0","0","0","0","-2"
"242644","Inter American University of Puerto Rico-Barranquitas","2013","Tenured, assistant professors","8","3","5","0","0","0","0","0","0","0","0","0","8","3","5","0","0","0","0","0","0","0","0","0","0","0","0","0","0","0","-2"
"242644","Inter American University of Puerto Rico-Barranquitas","2013","On-Tenure track total","10","4","6","0","0","0","0","0","0","0","0","0","10","4","6","0","0","0","0","0","0","0","0","0","0","0","0","0","0","0","-2"
"242644","Inter American University of Puerto Rico-Barranquitas","2013","On-tenure track, assistant professors","8","3","5","0","0","0","0","0","0","0","0","0","8","3","5","0","0","0","0","0","0","0","0","0","0","0","0","0","0","0","-2"
"242644","Inter American University of Puerto Rico-Barranquitas","2013","On-tenure track, instructors","2","1","1","0","0","0","0","0","0","0","0","0","2","1","1","0","0","0","0","0","0","0","0","0","0","0","0","0","0","0","-2"
"242644","Inter American University of Puerto Rico-Barranquitas","2013","Not on tenure track/No tenure system system total","10","4","6","0","0","0","0","0","0","0","0","0","10","4","6","0","0","0","0","0","0","0","0","0","0","0","0","0","0","0","-2"
"242644","Inter American University of Puerto Rico-Barranquitas","2013","Not on tenure/no tenure system, assistant professors","4","3","1","0","0","0","0","0","0","0","0","0","4","3","1","0","0","0","0","0","0","0","0","0","0","0","0","0","0","0","-2"
"242644","Inter American University of Puerto Rico-Barranquitas","2013","Not on tenure/no tenure system, instructors","6","1","5","0","0","0","0","0","0","0","0","0","6","1","5","0","0","0","0","0","0","0","0","0","0","0","0","0","0","0","-2"
"242653","Inter American University of Puerto Rico-Metro","2013","Tenured total","168","72","96","0","0","0","0","0","0","0","0","0","165","69","96","3","3","0","0","0","0","0","0","0","0","0","0","0","0","0","-2"
"242653","Inter American University of Puerto Rico-Metro","2013","Tenured, professors","69","27","42","0","0","0","0","0","0","0","0","0","67","25","42","2","2","0","0","0","0","0","0","0","0","0","0","0","0","0","-2"
"242653","Inter American University of Puerto Rico-Metro","2013","Tenured, associate professors","81","38","43","0","0","0","0","0","0","0","0","0","81","38","43","0","0","0","0","0","0","0","0","0","0","0","0","0","0","0","-2"
"242653","Inter American University of Puerto Rico-Metro","2013","Tenured, assistant professors","18","7","11","0","0","0","0","0","0","0","0","0","17","6","11","1","1","0","0","0","0","0","0","0","0","0","0","0","0","0","-2"
"242653","Inter American University of Puerto Rico-Metro","2013","On-Tenure track total","23","15","8","0","0","0","0","0","0","0","0","0","23","15","8","0","0","0","0","0","0","0","0","0","0","0","0","0","0","0","-2"
"242653","Inter American University of Puerto Rico-Metro","2013","On-tenure track, professors","8","5","3","0","0","0","0","0","0","0","0","0","8","5","3","0","0","0","0","0","0","0","0","0","0","0","0","0","0","0","-2"
"242653","Inter American University of Puerto Rico-Metro","2013","On-tenure track, associate professors","3","2","1","0","0","0","0","0","0","0","0","0","3","2","1","0","0","0","0","0","0","0","0","0","0","0","0","0","0","0","-2"
"242653","Inter American University of Puerto Rico-Metro","2013","On-tenure track, assistant professors","10","7","3","0","0","0","0","0","0","0","0","0","10","7","3","0","0","0","0","0","0","0","0","0","0","0","0","0","0","0","-2"
"242653","Inter American University of Puerto Rico-Metro","2013","On-tenure track, instructors","2","1","1","0","0","0","0","0","0","0","0","0","2","1","1","0","0","0","0","0","0","0","0","0","0","0","0","0","0","0","-2"
"242653","Inter American University of Puerto Rico-Metro","2013","Not on tenure track/No tenure system system total","12","4","8","0","0","0","0","0","0","0","0","0","12","4","8","0","0","0","0","0","0","0","0","0","0","0","0","0","0","0","-2"
"242653","Inter American University of Puerto Rico-Metro","2013","Not on tenure/no tenure system, associate professors","2","1","1","0","0","0","0","0","0","0","0","0","2","1","1","0","0","0","0","0","0","0","0","0","0","0","0","0","0","0","-2"
"242653","Inter American University of Puerto Rico-Metro","2013","Not on tenure/no tenure system, assistant professors","4","2","2","0","0","0","0","0","0","0","0","0","4","2","2","0","0","0","0","0","0","0","0","0","0","0","0","0","0","0","-2"
"242653","Inter American University of Puerto Rico-Metro","2013","Not on tenure/no tenure system, instructors","6","1","5","0","0","0","0","0","0","0","0","0","6","1","5","0","0","0","0","0","0","0","0","0","0","0","0","0","0","0","-2"
"242662","Inter American University of Puerto Rico-Ponce","2013","Tenured total","60","29","31","0","0","0","0","0","0","0","0","0","60","29","31","0","0","0","0","0","0","0","0","0","0","0","0","0","0","0","-2"
"242662","Inter American University of Puerto Rico-Ponce","2013","Tenured, professors","13","4","9","0","0","0","0","0","0","0","0","0","13","4","9","0","0","0","0","0","0","0","0","0","0","0","0","0","0","0","-2"
"242662","Inter American University of Puerto Rico-Ponce","2013","Tenured, associate professors","30","17","13","0","0","0","0","0","0","0","0","0","30","17","13","0","0","0","0","0","0","0","0","0","0","0","0","0","0","0","-2"
"242662","Inter American University of Puerto Rico-Ponce","2013","Tenured, assistant professors","17","8","9","0","0","0","0","0","0","0","0","0","17","8","9","0","0","0","0","0","0","0","0","0","0","0","0","0","0","0","-2"
"242662","Inter American University of Puerto Rico-Ponce","2013","On-Tenure track total","12","3","9","0","0","0","0","0","0","0","0","0","12","3","9","0","0","0","0","0","0","0","0","0","0","0","0","0","0","0","-2"
"242662","Inter American University of Puerto Rico-Ponce","2013","On-tenure track, associate professors","1","1","0","0","0","0","0","0","0","0","0","0","1","1","0","0","0","0","0","0","0","0","0","0","0","0","0","0","0","0","-2"
"242662","Inter American University of Puerto Rico-Ponce","2013","On-tenure track, assistant professors","9","1","8","0","0","0","0","0","0","0","0","0","9","1","8","0","0","0","0","0","0","0","0","0","0","0","0","0","0","0","-2"
"242662","Inter American University of Puerto Rico-Ponce","2013","On-tenure track, instructors","2","1","1","0","0","0","0","0","0","0","0","0","2","1","1","0","0","0","0","0","0","0","0","0","0","0","0","0","0","0","-2"
"242662","Inter American University of Puerto Rico-Ponce","2013","Not on tenure track/No tenure system system total","23","11","12","0","0","0","0","0","0","0","0","0","23","11","12","0","0","0","0","0","0","0","0","0","0","0","0","0","0","0","-2"
"242662","Inter American University of Puerto Rico-Ponce","2013","Not on tenure/no tenure system, professors","1","1","0","0","0","0","0","0","0","0","0","0","1","1","0","0","0","0","0","0","0","0","0","0","0","0","0","0","0","0","-2"
"242662","Inter American University of Puerto Rico-Ponce","2013","Not on tenure/no tenure system, associate professors","2","1","1","0","0","0","0","0","0","0","0","0","2","1","1","0","0","0","0","0","0","0","0","0","0","0","0","0","0","0","-2"
"242662","Inter American University of Puerto Rico-Ponce","2013","Not on tenure/no tenure system, assistant professors","9","5","4","0","0","0","0","0","0","0","0","0","9","5","4","0","0","0","0","0","0","0","0","0","0","0","0","0","0","0","-2"
"242662","Inter American University of Puerto Rico-Ponce","2013","Not on tenure/no tenure system, instructors","11","4","7","0","0","0","0","0","0","0","0","0","11","4","7","0","0","0","0","0","0","0","0","0","0","0","0","0","0","0","-2"
"242680","Inter American University of Puerto Rico-Fajardo","2013","Tenured total","23","7","16","0","0","0","0","0","0","0","0","0","23","7","16","0","0","0","0","0","0","0","0","0","0","0","0","0","0","0","-2"
"242680","Inter American University of Puerto Rico-Fajardo","2013","Tenured, professors","4","2","2","0","0","0","0","0","0","0","0","0","4","2","2","0","0","0","0","0","0","0","0","0","0","0","0","0","0","0","-2"
"242680","Inter American University of Puerto Rico-Fajardo","2013","Tenured, associate professors","9","4","5","0","0","0","0","0","0","0","0","0","9","4","5","0","0","0","0","0","0","0","0","0","0","0","0","0","0","0","-2"
"242680","Inter American University of Puerto Rico-Fajardo","2013","Tenured, assistant professors","10","1","9","0","0","0","0","0","0","0","0","0","10","1","9","0","0","0","0","0","0","0","0","0","0","0","0","0","0","0","-2"
"242680","Inter American University of Puerto Rico-Fajardo","2013","On-Tenure track total","12","7","5","0","0","0","0","0","0","0","0","0","12","7","5","0","0","0","0","0","0","0","0","0","0","0","0","0","0","0","-2"
"242680","Inter American University of Puerto Rico-Fajardo","2013","On-tenure track, associate professors","1","0","1","0","0","0","0","0","0","0","0","0","1","0","1","0","0","0","0","0","0","0","0","0","0","0","0","0","0","0","-2"
"242680","Inter American University of Puerto Rico-Fajardo","2013","On-tenure track, assistant professors","10","6","4","0","0","0","0","0","0","0","0","0","10","6","4","0","0","0","0","0","0","0","0","0","0","0","0","0","0","0","-2"
"242680","Inter American University of Puerto Rico-Fajardo","2013","On-tenure track, instructors","1","1","0","0","0","0","0","0","0","0","0","0","1","1","0","0","0","0","0","0","0","0","0","0","0","0","0","0","0","0","-2"
"242680","Inter American University of Puerto Rico-Fajardo","2013","Not on tenure track/No tenure system system total","4","0","4","0","0","0","0","0","0","0","0","0","4","0","4","0","0","0","0","0","0","0","0","0","0","0","0","0","0","0","-2"
"242680","Inter American University of Puerto Rico-Fajardo","2013","Not on tenure/no tenure system, assistant professors","1","0","1","0","0","0","0","0","0","0","0","0","1","0","1","0","0","0","0","0","0","0","0","0","0","0","0","0","0","0","-2"
"242680","Inter American University of Puerto Rico-Fajardo","2013","Not on tenure/no tenure system, instructors","3","0","3","0","0","0","0","0","0","0","0","0","3","0","3","0","0","0","0","0","0","0","0","0","0","0","0","0","0","0","-2"
"242699","Inter American University of Puerto Rico-Guayama","2013","Tenured total","28","15","13","0","0","0","0","0","0","0","0","0","28","15","13","0","0","0","0","0","0","0","0","0","0","0","0","0","0","0","-2"
"242699","Inter American University of Puerto Rico-Guayama","2013","Tenured, professors","6","4","2","0","0","0","0","0","0","0","0","0","6","4","2","0","0","0","0","0","0","0","0","0","0","0","0","0","0","0","-2"
"242699","Inter American University of Puerto Rico-Guayama","2013","Tenured, associate professors","9","4","5","0","0","0","0","0","0","0","0","0","9","4","5","0","0","0","0","0","0","0","0","0","0","0","0","0","0","0","-2"
"242699","Inter American University of Puerto Rico-Guayama","2013","Tenured, assistant professors","13","7","6","0","0","0","0","0","0","0","0","0","13","7","6","0","0","0","0","0","0","0","0","0","0","0","0","0","0","0","-2"
"242699","Inter American University of Puerto Rico-Guayama","2013","On-Tenure track total","8","2","6","0","0","0","0","0","0","0","0","0","8","2","6","0","0","0","0","0","0","0","0","0","0","0","0","0","0","0","-2"
"242699","Inter American University of Puerto Rico-Guayama","2013","On-tenure track, associate professors","1","0","1","0","0","0","0","0","0","0","0","0","1","0","1","0","0","0","0","0","0","0","0","0","0","0","0","0","0","0","-2"
"242699","Inter American University of Puerto Rico-Guayama","2013","On-tenure track, assistant professors","7","2","5","0","0","0","0","0","0","0","0","0","7","2","5","0","0","0","0","0","0","0","0","0","0","0","0","0","0","0","-2"
"242699","Inter American University of Puerto Rico-Guayama","2013","Not on tenure track/No tenure system system total","7","4","3","0","0","0","0","0","0","0","0","0","7","4","3","0","0","0","0","0","0","0","0","0","0","0","0","0","0","0","-2"
"242699","Inter American University of Puerto Rico-Guayama","2013","Not on tenure/no tenure system, assistant professors","2","1","1","0","0","0","0","0","0","0","0","0","2","1","1","0","0","0","0","0","0","0","0","0","0","0","0","0","0","0","-2"
"242699","Inter American University of Puerto Rico-Guayama","2013","Not on tenure/no tenure system, instructors","5","3","2","0","0","0","0","0","0","0","0","0","5","3","2","0","0","0","0","0","0","0","0","0","0","0","0","0","0","0","-2"
"242705","Inter American University of Puerto Rico-Bayamon","2013","Tenured total","58","30","28","0","0","0","0","0","0","0","0","0","57","29","28","1","1","0","0","0","0","0","0","0","0","0","0","0","0","0","-2"
"242705","Inter American University of Puerto Rico-Bayamon","2013","Tenured, professors","9","8","1","0","0","0","0","0","0","0","0","0","9","8","1","0","0","0","0","0","0","0","0","0","0","0","0","0","0","0","-2"
"242705","Inter American University of Puerto Rico-Bayamon","2013","Tenured, associate professors","21","8","13","0","0","0","0","0","0","0","0","0","21","8","13","0","0","0","0","0","0","0","0","0","0","0","0","0","0","0","-2"
"242705","Inter American University of Puerto Rico-Bayamon","2013","Tenured, assistant professors","27","14","13","0","0","0","0","0","0","0","0","0","26","13","13","1","1","0","0","0","0","0","0","0","0","0","0","0","0","0","-2"
"242705","Inter American University of Puerto Rico-Bayamon","2013","Tenured, instructors","1","0","1","0","0","0","0","0","0","0","0","0","1","0","1","0","0","0","0","0","0","0","0","0","0","0","0","0","0","0","-2"
"242705","Inter American University of Puerto Rico-Bayamon","2013","On-Tenure track total","26","16","10","0","0","0","0","0","0","0","0","0","26","16","10","0","0","0","0","0","0","0","0","0","0","0","0","0","0","0","-2"
"242705","Inter American University of Puerto Rico-Bayamon","2013","On-tenure track, associate professors","6","6","0","0","0","0","0","0","0","0","0","0","6","6","0","0","0","0","0","0","0","0","0","0","0","0","0","0","0","0","-2"
"242705","Inter American University of Puerto Rico-Bayamon","2013","On-tenure track, assistant professors","11","6","5","0","0","0","0","0","0","0","0","0","11","6","5","0","0","0","0","0","0","0","0","0","0","0","0","0","0","0","-2"
"242705","Inter American University of Puerto Rico-Bayamon","2013","On-tenure track, instructors","9","4","5","0","0","0","0","0","0","0","0","0","9","4","5","0","0","0","0","0","0","0","0","0","0","0","0","0","0","0","-2"
"242705","Inter American University of Puerto Rico-Bayamon","2013","Not on tenure track/No tenure system system total","16","11","5","0","0","0","0","0","0","0","0","0","16","11","5","0","0","0","0","0","0","0","0","0","0","0","0","0","0","0","-2"
"242705","Inter American University of Puerto Rico-Bayamon","2013","Not on tenure/no tenure system, professors","1","1","0","0","0","0","0","0","0","0","0","0","1","1","0","0","0","0","0","0","0","0","0","0","0","0","0","0","0","0","-2"
"242705","Inter American University of Puerto Rico-Bayamon","2013","Not on tenure/no tenure system, associate professors","1","1","0","0","0","0","0","0","0","0","0","0","1","1","0","0","0","0","0","0","0","0","0","0","0","0","0","0","0","0","-2"
"242705","Inter American University of Puerto Rico-Bayamon","2013","Not on tenure/no tenure system, assistant professors","8","6","2","0","0","0","0","0","0","0","0","0","8","6","2","0","0","0","0","0","0","0","0","0","0","0","0","0","0","0","-2"
"242705","Inter American University of Puerto Rico-Bayamon","2013","Not on tenure/no tenure system, instructors","6","3","3","0","0","0","0","0","0","0","0","0","6","3","3","0","0","0","0","0","0","0","0","0","0","0","0","0","0","0","-2"
"243106","University of Puerto Rico-Aguadilla","2013","Tenured total","85","47","38","0","0","0","0","0","0","0","0","0","82","45","37","0","0","0","1","0","1","0","0","0","2","2","0","0","0","0","-2"
"243106","University of Puerto Rico-Aguadilla","2013","Tenured, professors","32","17","15","0","0","0","0","0","0","0","0","0","30","15","15","0","0","0","0","0","0","0","0","0","2","2","0","0","0","0","-2"
"243106","University of Puerto Rico-Aguadilla","2013","Tenured, associate professors","30","16","14","0","0","0","0","0","0","0","0","0","30","16","14","0","0","0","0","0","0","0","0","0","0","0","0","0","0","0","-2"
"243106","University of Puerto Rico-Aguadilla","2013","Tenured, assistant professors","20","13","7","0","0","0","0","0","0","0","0","0","19","13","6","0","0","0","1","0","1","0","0","0","0","0","0","0","0","0","-2"
"243106","University of Puerto Rico-Aguadilla","2013","Tenured, instructors","3","1","2","0","0","0","0","0","0","0","0","0","3","1","2","0","0","0","0","0","0","0","0","0","0","0","0","0","0","0","-2"
"243106","University of Puerto Rico-Aguadilla","2013","On-Tenure track total","8","3","5","0","0","0","0","0","0","0","0","0","8","3","5","0","0","0","0","0","0","0","0","0","0","0","0","0","0","0","-2"
"243106","University of Puerto Rico-Aguadilla","2013","On-tenure track, assistant professors","6","3","3","0","0","0","0","0","0","0","0","0","6","3","3","0","0","0","0","0","0","0","0","0","0","0","0","0","0","0","-2"
"243106","University of Puerto Rico-Aguadilla","2013","On-tenure track, instructors","2","0","2","0","0","0","0","0","0","0","0","0","2","0","2","0","0","0","0","0","0","0","0","0","0","0","0","0","0","0","-2"
"243106","University of Puerto Rico-Aguadilla","2013","Not on tenure track/No tenure system system total","20","8","12","0","0","0","0","0","0","0","0","0","18","7","11","0","0","0","2","1","1","0","0","0","0","0","0","0","0","0","-2"
"243106","University of Puerto Rico-Aguadilla","2013","Not on tenure/no tenure system, assistant professors","9","5","4","0","0","0","0","0","0","0","0","0","8","4","4","0","0","0","1","1","0","0","0","0","0","0","0","0","0","0","-2"
"243106","University of Puerto Rico-Aguadilla","2013","Not on tenure/no tenure system, instructors","11","3","8","0","0","0","0","0","0","0","0","0","10","3","7","0","0","0","1","0","1","0","0","0","0","0","0","0","0","0","-2"
"243115","University of Puerto Rico-Arecibo","2013","Tenured total","165","77","88","0","0","0","0","0","0","1","0","1","164","77","87","0","0","0","0","0","0","0","0","0","0","0","0","0","0","0","-2"
"243115","University of Puerto Rico-Arecibo","2013","Tenured, professors","65","31","34","0","0","0","0","0","0","0","0","0","65","31","34","0","0","0","0","0","0","0","0","0","0","0","0","0","0","0","-2"
"243115","University of Puerto Rico-Arecibo","2013","Tenured, associate professors","54","23","31","0","0","0","0","0","0","0","0","0","54","23","31","0","0","0","0","0","0","0","0","0","0","0","0","0","0","0","-2"
"243115","University of Puerto Rico-Arecibo","2013","Tenured, assistant professors","42","20","22","0","0","0","0","0","0","1","0","1","41","20","21","0","0","0","0","0","0","0","0","0","0","0","0","0","0","0","-2"
"243115","University of Puerto Rico-Arecibo","2013","Tenured, instructors","4","3","1","0","0","0","0","0","0","0","0","0","4","3","1","0","0","0","0","0","0","0","0","0","0","0","0","0","0","0","-2"
"243115","University of Puerto Rico-Arecibo","2013","On-Tenure track total","13","4","9","0","0","0","0","0","0","0","0","0","13","4","9","0","0","0","0","0","0","0","0","0","0","0","0","0","0","0","-2"
"243115","University of Puerto Rico-Arecibo","2013","On-tenure track, associate professors","1","0","1","0","0","0","0","0","0","0","0","0","1","0","1","0","0","0","0","0","0","0","0","0","0","0","0","0","0","0","-2"
"243115","University of Puerto Rico-Arecibo","2013","On-tenure track, assistant professors","5","1","4","0","0","0","0","0","0","0","0","0","5","1","4","0","0","0","0","0","0","0","0","0","0","0","0","0","0","0","-2"
"243115","University of Puerto Rico-Arecibo","2013","On-tenure track, instructors","7","3","4","0","0","0","0","0","0","0","0","0","7","3","4","0","0","0","0","0","0","0","0","0","0","0","0","0","0","0","-2"
"243115","University of Puerto Rico-Arecibo","2013","Not on tenure track/No tenure system system total","6","4","2","0","0","0","0","0","0","0","0","0","6","4","2","0","0","0","0","0","0","0","0","0","0","0","0","0","0","0","-2"
"243115","University of Puerto Rico-Arecibo","2013","Not on tenure/no tenure system, assistant professors","1","1","0","0","0","0","0","0","0","0","0","0","1","1","0","0","0","0","0","0","0","0","0","0","0","0","0","0","0","0","-2"
"243115","University of Puerto Rico-Arecibo","2013","Not on tenure/no tenure system, instructors","5","3","2","0","0","0","0","0","0","0","0","0","5","3","2","0","0","0","0","0","0","0","0","0","0","0","0","0","0","0","-2"
"243133","University of Puerto Rico-Bayamon","2013","Tenured total","137","63","74","0","0","0","0","0","0","0","0","0","137","63","74","0","0","0","0","0","0","0","0","0","0","0","0","0","0","0","-2"
"243133","University of Puerto Rico-Bayamon","2013","Tenured, professors","58","30","28","0","0","0","0","0","0","0","0","0","58","30","28","0","0","0","0","0","0","0","0","0","0","0","0","0","0","0","-2"
"243133","University of Puerto Rico-Bayamon","2013","Tenured, associate professors","49","20","29","0","0","0","0","0","0","0","0","0","49","20","29","0","0","0","0","0","0","0","0","0","0","0","0","0","0","0","-2"
"243133","University of Puerto Rico-Bayamon","2013","Tenured, assistant professors","28","13","15","0","0","0","0","0","0","0","0","0","28","13","15","0","0","0","0","0","0","0","0","0","0","0","0","0","0","0","-2"
"243133","University of Puerto Rico-Bayamon","2013","Tenured, instructors","2","0","2","0","0","0","0","0","0","0","0","0","2","0","2","0","0","0","0","0","0","0","0","0","0","0","0","0","0","0","-2"
"243133","University of Puerto Rico-Bayamon","2013","On-Tenure track total","22","11","11","0","0","0","0","0","0","0","0","0","22","11","11","0","0","0","0","0","0","0","0","0","0","0","0","0","0","0","-2"
"243133","University of Puerto Rico-Bayamon","2013","On-tenure track, assistant professors","15","8","7","0","0","0","0","0","0","0","0","0","15","8","7","0","0","0","0","0","0","0","0","0","0","0","0","0","0","0","-2"
"243133","University of Puerto Rico-Bayamon","2013","On-tenure track, instructors","7","3","4","0","0","0","0","0","0","0","0","0","7","3","4","0","0","0","0","0","0","0","0","0","0","0","0","0","0","0","-2"
"243133","University of Puerto Rico-Bayamon","2013","Not on tenure track/No tenure system system total","44","19","25","0","0","0","0","0","0","0","0","0","44","19","25","0","0","0","0","0","0","0","0","0","0","0","0","0","0","0","-2"
"243133","University of Puerto Rico-Bayamon","2013","Not on tenure/no tenure system, professors","1","0","1","0","0","0","0","0","0","0","0","0","1","0","1","0","0","0","0","0","0","0","0","0","0","0","0","0","0","0","-2"
"243133","University of Puerto Rico-Bayamon","2013","Not on tenure/no tenure system, assistant professors","13","6","7","0","0","0","0","0","0","0","0","0","13","6","7","0","0","0","0","0","0","0","0","0","0","0","0","0","0","0","-2"
"243133","University of Puerto Rico-Bayamon","2013","Not on tenure/no tenure system, instructors","30","13","17","0","0","0","0","0","0","0","0","0","30","13","17","0","0","0","0","0","0","0","0","0","0","0","0","0","0","0","-2"
"243142","University of Puerto Rico-Carolina","2013","Tenured total","95","50","45","0","0","0","0","0","0","0","0","0","93","49","44","0","0","0","1","1","0","0","0","0","1","0","1","0","0","0","-2"
"243142","University of Puerto Rico-Carolina","2013","Tenured, professors","21","9","12","0","0","0","0","0","0","0","0","0","21","9","12","0","0","0","0","0","0","0","0","0","0","0","0","0","0","0","-2"
"243142","University of Puerto Rico-Carolina","2013","Tenured, associate professors","41","22","19","0","0","0","0","0","0","0","0","0","39","21","18","0","0","0","1","1","0","0","0","0","1","0","1","0","0","0","-2"
"243142","University of Puerto Rico-Carolina","2013","Tenured, assistant professors","26","15","11","0","0","0","0","0","0","0","0","0","26","15","11","0","0","0","0","0","0","0","0","0","0","0","0","0","0","0","-2"
"243142","University of Puerto Rico-Carolina","2013","Tenured, instructors","7","4","3","0","0","0","0","0","0","0","0","0","7","4","3","0","0","0","0","0","0","0","0","0","0","0","0","0","0","0","-2"
"243142","University of Puerto Rico-Carolina","2013","On-Tenure track total","8","5","3","0","0","0","0","0","0","0","0","0","8","5","3","0","0","0","0","0","0","0","0","0","0","0","0","0","0","0","-2"
"243142","University of Puerto Rico-Carolina","2013","On-tenure track, professors","3","3","0","0","0","0","0","0","0","0","0","0","3","3","0","0","0","0","0","0","0","0","0","0","0","0","0","0","0","0","-2"
"243142","University of Puerto Rico-Carolina","2013","On-tenure track, assistant professors","1","1","0","0","0","0","0","0","0","0","0","0","1","1","0","0","0","0","0","0","0","0","0","0","0","0","0","0","0","0","-2"
"243142","University of Puerto Rico-Carolina","2013","On-tenure track, instructors","4","1","3","0","0","0","0","0","0","0","0","0","4","1","3","0","0","0","0","0","0","0","0","0","0","0","0","0","0","0","-2"
"243142","University of Puerto Rico-Carolina","2013","Not on tenure track/No tenure system system total","30","15","15","0","0","0","0","0","0","1","0","1","28","14","14","0","0","0","0","0","0","0","0","0","1","1","0","0","0","0","-2"
"243142","University of Puerto Rico-Carolina","2013","Not on tenure/no tenure system, assistant professors","6","4","2","0","0","0","0","0","0","1","0","1","5","4","1","0","0","0","0","0","0","0","0","0","0","0","0","0","0","0","-2"
"243142","University of Puerto Rico-Carolina","2013","Not on tenure/no tenure system, instructors","24","11","13","0","0","0","0","0","0","0","0","0","23","10","13","0","0","0","0","0","0","0","0","0","1","1","0","0","0","0","-2"
"243151","University of Puerto Rico-Cayey","2013","Tenured total","84","45","39","0","0","0","0","0","0","0","0","0","80","41","39","0","0","0","4","4","0","0","0","0","0","0","0","0","0","0","-2"
"243151","University of Puerto Rico-Cayey","2013","Tenured, professors","49","27","22","0","0","0","0","0","0","0","0","0","46","24","22","0","0","0","3","3","0","0","0","0","0","0","0","0","0","0","-2"
"243151","University of Puerto Rico-Cayey","2013","Tenured, associate professors","21","9","12","0","0","0","0","0","0","0","0","0","21","9","12","0","0","0","0","0","0","0","0","0","0","0","0","0","0","0","-2"
"243151","University of Puerto Rico-Cayey","2013","Tenured, assistant professors","13","8","5","0","0","0","0","0","0","0","0","0","12","7","5","0","0","0","1","1","0","0","0","0","0","0","0","0","0","0","-2"
"243151","University of Puerto Rico-Cayey","2013","Tenured, instructors","1","1","0","0","0","0","0","0","0","0","0","0","1","1","0","0","0","0","0","0","0","0","0","0","0","0","0","0","0","0","-2"
"243151","University of Puerto Rico-Cayey","2013","On-Tenure track total","6","2","4","0","0","0","1","0","1","0","0","0","3","2","1","0","0","0","0","0","0","0","0","0","2","0","2","0","0","0","-2"
"243151","University of Puerto Rico-Cayey","2013","On-tenure track, assistant professors","5","2","3","0","0","0","1","0","1","0","0","0","3","2","1","0","0","0","0","0","0","0","0","0","1","0","1","0","0","0","-2"
"243151","University of Puerto Rico-Cayey","2013","On-tenure track, instructors","1","0","1","0","0","0","0","0","0","0","0","0","0","0","0","0","0","0","0","0","0","0","0","0","1","0","1","0","0","0","-2"
"243179","University of Puerto Rico-Humacao","2013","Tenured total","179","86","93","0","0","0","1","1","0","1","0","1","126","57","69","0","0","0","2","1","1","1","1","0","47","25","22","1","1","0","-2"
"243179","University of Puerto Rico-Humacao","2013","Tenured, professors","96","50","46","0","0","0","1","1","0","0","0","0","63","29","34","0","0","0","2","1","1","1","1","0","29","18","11","0","0","0","-2"
"243179","University of Puerto Rico-Humacao","2013","Tenured, associate professors","56","21","35","0","0","0","0","0","0","0","0","0","42","16","26","0","0","0","0","0","0","0","0","0","13","4","9","1","1","0","-2"
"243179","University of Puerto Rico-Humacao","2013","Tenured, assistant professors","26","14","12","0","0","0","0","0","0","1","0","1","21","12","9","0","0","0","0","0","0","0","0","0","4","2","2","0","0","0","-2"
"243179","University of Puerto Rico-Humacao","2013","Tenured, instructors","1","1","0","0","0","0","0","0","0","0","0","0","0","0","0","0","0","0","0","0","0","0","0","0","1","1","0","0","0","0","-2"
"243179","University of Puerto Rico-Humacao","2013","On-Tenure track total","7","5","2","0","0","0","0","0","0","0","0","0","6","4","2","0","0","0","1","1","0","0","0","0","0","0","0","0","0","0","-2"
"243179","University of Puerto Rico-Humacao","2013","On-tenure track, assistant professors","7","5","2","0","0","0","0","0","0","0","0","0","6","4","2","0","0","0","1","1","0","0","0","0","0","0","0","0","0","0","-2"
"243179","University of Puerto Rico-Humacao","2013","Not on tenure track/No tenure system system total","19","7","12","0","0","0","0","0","0","0","0","0","15","3","12","0","0","0","0","0","0","0","0","0","4","4","0","0","0","0","-2"
"243179","University of Puerto Rico-Humacao","2013","Not on tenure/no tenure system, professors","1","1","0","0","0","0","0","0","0","0","0","0","1","1","0","0","0","0","0","0","0","0","0","0","0","0","0","0","0","0","-2"
"243179","University of Puerto Rico-Humacao","2013","Not on tenure/no tenure system, assistant professors","2","1","1","0","0","0","0","0","0","0","0","0","2","1","1","0","0","0","0","0","0","0","0","0","0","0","0","0","0","0","-2"
"243179","University of Puerto Rico-Humacao","2013","Not on tenure/no tenure system, instructors","16","5","11","0","0","0","0","0","0","0","0","0","12","1","11","0","0","0","0","0","0","0","0","0","4","4","0","0","0","0","-2"
"243188","University of Puerto Rico-Utuado","2013","Tenured total","52","29","23","0","0","0","0","0","0","0","0","0","45","25","20","0","0","0","0","0","0","0","0","0","7","4","3","0","0","0","-2"
"243188","University of Puerto Rico-Utuado","2013","Tenured, professors","15","10","5","0","0","0","0","0","0","0","0","0","14","9","5","0","0","0","0","0","0","0","0","0","1","1","0","0","0","0","-2"
"243188","University of Puerto Rico-Utuado","2013","Tenured, associate professors","19","7","12","0","0","0","0","0","0","0","0","0","17","7","10","0","0","0","0","0","0","0","0","0","2","0","2","0","0","0","-2"
"243188","University of Puerto Rico-Utuado","2013","Tenured, assistant professors","16","10","6","0","0","0","0","0","0","0","0","0","12","7","5","0","0","0","0","0","0","0","0","0","4","3","1","0","0","0","-2"
"243188","University of Puerto Rico-Utuado","2013","Tenured, instructors","2","2","0","0","0","0","0","0","0","0","0","0","2","2","0","0","0","0","0","0","0","0","0","0","0","0","0","0","0","0","-2"
"243188","University of Puerto Rico-Utuado","2013","On-Tenure track total","6","2","4","0","0","0","0","0","0","0","0","0","6","2","4","0","0","0","0","0","0","0","0","0","0","0","0","0","0","0","-2"
"243188","University of Puerto Rico-Utuado","2013","On-tenure track, assistant professors","4","2","2","0","0","0","0","0","0","0","0","0","4","2","2","0","0","0","0","0","0","0","0","0","0","0","0","0","0","0","-2"
"243188","University of Puerto Rico-Utuado","2013","On-tenure track, instructors","2","0","2","0","0","0","0","0","0","0","0","0","2","0","2","0","0","0","0","0","0","0","0","0","0","0","0","0","0","0","-2"
"243188","University of Puerto Rico-Utuado","2013","Not on tenure track/No tenure system system total","16","9","7","0","0","0","0","0","0","0","0","0","14","8","6","0","0","0","0","0","0","0","0","0","2","1","1","0","0","0","-2"
"243188","University of Puerto Rico-Utuado","2013","Not on tenure/no tenure system, assistant professors","1","0","1","0","0","0","0","0","0","0","0","0","1","0","1","0","0","0","0","0","0","0","0","0","0","0","0","0","0","0","-2"
"243188","University of Puerto Rico-Utuado","2013","Not on tenure/no tenure system, instructors","15","9","6","0","0","0","0","0","0","0","0","0","13","8","5","0","0","0","0","0","0","0","0","0","2","1","1","0","0","0","-2"
"243197","University of Puerto Rico-Mayaguez","2013","Tenured total","580","371","209","0","0","0","19","16","3","2","2","0","240","150","90","8","6","2","278","177","101","29","17","12","4","3","1","0","0","0","-2"
"243197","University of Puerto Rico-Mayaguez","2013","Tenured, professors","384","263","121","0","0","0","13","11","2","2","2","0","144","100","44","7","6","1","201","133","68","14","9","5","3","2","1","0","0","0","-2"
"243197","University of Puerto Rico-Mayaguez","2013","Tenured, associate professors","159","91","68","0","0","0","5","4","1","0","0","0","76","40","36","1","0","1","64","39","25","12","7","5","1","1","0","0","0","0","-2"
"243197","University of Puerto Rico-Mayaguez","2013","Tenured, assistant professors","35","16","19","0","0","0","1","1","0","0","0","0","19","9","10","0","0","0","12","5","7","3","1","2","0","0","0","0","0","0","-2"
"243197","University of Puerto Rico-Mayaguez","2013","Tenured, instructors","2","1","1","0","0","0","0","0","0","0","0","0","1","1","0","0","0","0","1","0","1","0","0","0","0","0","0","0","0","0","-2"
"243197","University of Puerto Rico-Mayaguez","2013","On-Tenure track total","64","36","28","0","0","0","0","0","0","0","0","0","46","23","23","0","0","0","15","11","4","3","2","1","0","0","0","0","0","0","-2"
"243197","University of Puerto Rico-Mayaguez","2013","On-tenure track, associate professors","4","4","0","0","0","0","0","0","0","0","0","0","3","3","0","0","0","0","1","1","0","0","0","0","0","0","0","0","0","0","-2"
"243197","University of Puerto Rico-Mayaguez","2013","On-tenure track, assistant professors","58","31","27","0","0","0","0","0","0","0","0","0","41","19","22","0","0","0","14","10","4","3","2","1","0","0","0","0","0","0","-2"
"243197","University of Puerto Rico-Mayaguez","2013","On-tenure track, instructors","2","1","1","0","0","0","0","0","0","0","0","0","2","1","1","0","0","0","0","0","0","0","0","0","0","0","0","0","0","0","-2"
"243197","University of Puerto Rico-Mayaguez","2013","Not on tenure track/No tenure system system total","42","16","26","0","0","0","0","0","0","0","0","0","32","14","18","1","0","1","7","1","6","1","1","0","1","0","1","0","0","0","-2"
"243197","University of Puerto Rico-Mayaguez","2013","Not on tenure/no tenure system, professors","6","4","2","0","0","0","0","0","0","0","0","0","2","2","0","0","0","0","3","1","2","1","1","0","0","0","0","0","0","0","-2"
"243197","University of Puerto Rico-Mayaguez","2013","Not on tenure/no tenure system, associate professors","1","1","0","0","0","0","0","0","0","0","0","0","1","1","0","0","0","0","0","0","0","0","0","0","0","0","0","0","0","0","-2"
"243197","University of Puerto Rico-Mayaguez","2013","Not on tenure/no tenure system, assistant professors","17","7","10","0","0","0","0","0","0","0","0","0","16","7","9","0","0","0","0","0","0","0","0","0","1","0","1","0","0","0","-2"
"243197","University of Puerto Rico-Mayaguez","2013","Not on tenure/no tenure system, instructors","18","4","14","0","0","0","0","0","0","0","0","0","13","4","9","1","0","1","4","0","4","0","0","0","0","0","0","0","0","0","-2"
"243203","University of Puerto Rico-Medical Sciences","2013","Tenured total","378","165","213","0","0","0","2","0","2","0","0","0","361","153","208","0","0","0","15","12","3","0","0","0","0","0","0","0","0","0","-2"
"243203","University of Puerto Rico-Medical Sciences","2013","Tenured, professors","235","113","122","0","0","0","1","0","1","0","0","0","222","103","119","0","0","0","12","10","2","0","0","0","0","0","0","0","0","0","-2"
"243203","University of Puerto Rico-Medical Sciences","2013","Tenured, associate professors","103","39","64","0","0","0","1","0","1","0","0","0","100","38","62","0","0","0","2","1","1","0","0","0","0","0","0","0","0","0","-2"
"243203","University of Puerto Rico-Medical Sciences","2013","Tenured, assistant professors","38","13","25","0","0","0","0","0","0","0","0","0","37","12","25","0","0","0","1","1","0","0","0","0","0","0","0","0","0","0","-2"
"243203","University of Puerto Rico-Medical Sciences","2013","Tenured, instructors","2","0","2","0","0","0","0","0","0","0","0","0","2","0","2","0","0","0","0","0","0","0","0","0","0","0","0","0","0","0","-2"
"243203","University of Puerto Rico-Medical Sciences","2013","On-Tenure track total","79","35","44","0","0","0","0","0","0","0","0","0","78","34","44","0","0","0","1","1","0","0","0","0","0","0","0","0","0","0","-2"
"243203","University of Puerto Rico-Medical Sciences","2013","On-tenure track, professors","14","9","5","0","0","0","0","0","0","0","0","0","14","9","5","0","0","0","0","0","0","0","0","0","0","0","0","0","0","0","-2"
"243203","University of Puerto Rico-Medical Sciences","2013","On-tenure track, associate professors","19","8","11","0","0","0","0","0","0","0","0","0","18","7","11","0","0","0","1","1","0","0","0","0","0","0","0","0","0","0","-2"
"243203","University of Puerto Rico-Medical Sciences","2013","On-tenure track, assistant professors","44","18","26","0","0","0","0","0","0","0","0","0","44","18","26","0","0","0","0","0","0","0","0","0","0","0","0","0","0","0","-2"
"243203","University of Puerto Rico-Medical Sciences","2013","On-tenure track, instructors","2","0","2","0","0","0","0","0","0","0","0","0","2","0","2","0","0","0","0","0","0","0","0","0","0","0","0","0","0","0","-2"
"243203","University of Puerto Rico-Medical Sciences","2013","Not on tenure track/No tenure system system total","164","53","111","0","0","0","2","1","1","1","0","1","159","51","108","0","0","0","2","1","1","0","0","0","0","0","0","0","0","0","-2"
"243203","University of Puerto Rico-Medical Sciences","2013","Not on tenure/no tenure system, professors","4","1","3","0","0","0","0","0","0","0","0","0","4","1","3","0","0","0","0","0","0","0","0","0","0","0","0","0","0","0","-2"
"243203","University of Puerto Rico-Medical Sciences","2013","Not on tenure/no tenure system, associate professors","22","11","11","0","0","0","1","0","1","1","0","1","20","11","9","0","0","0","0","0","0","0","0","0","0","0","0","0","0","0","-2"
"243203","University of Puerto Rico-Medical Sciences","2013","Not on tenure/no tenure system, assistant professors","72","30","42","0","0","0","0","0","0","0","0","0","71","29","42","0","0","0","1","1","0","0","0","0","0","0","0","0","0","0","-2"
"243203","University of Puerto Rico-Medical Sciences","2013","Not on tenure/no tenure system, instructors","17","2","15","0","0","0","0","0","0","0","0","0","17","2","15","0","0","0","0","0","0","0","0","0","0","0","0","0","0","0","-2"
"243203","University of Puerto Rico-Medical Sciences","2013","Not on tenure/no tenure system, no academic rank","49","9","40","0","0","0","1","1","0","0","0","0","47","8","39","0","0","0","1","0","1","0","0","0","0","0","0","0","0","0","-2"
"243212","University of Puerto Rico-Ponce","2013","Tenured total","90","38","52","0","0","0","0","0","0","0","0","0","87","36","51","0","0","0","3","2","1","0","0","0","0","0","0","0","0","0","-2"
"243212","University of Puerto Rico-Ponce","2013","Tenured, professors","28","10","18","0","0","0","0","0","0","0","0","0","28","10","18","0","0","0","0","0","0","0","0","0","0","0","0","0","0","0","-2"
"243212","University of Puerto Rico-Ponce","2013","Tenured, associate professors","23","10","13","0","0","0","0","0","0","0","0","0","22","10","12","0","0","0","1","0","1","0","0","0","0","0","0","0","0","0","-2"
"243212","University of Puerto Rico-Ponce","2013","Tenured, assistant professors","26","11","15","0","0","0","0","0","0","0","0","0","25","10","15","0","0","0","1","1","0","0","0","0","0","0","0","0","0","0","-2"
"243212","University of Puerto Rico-Ponce","2013","Tenured, instructors","13","7","6","0","0","0","0","0","0","0","0","0","12","6","6","0","0","0","1","1","0","0","0","0","0","0","0","0","0","0","-2"
"243212","University of Puerto Rico-Ponce","2013","On-Tenure track total","5","1","4","0","0","0","0","0","0","0","0","0","5","1","4","0","0","0","0","0","0","0","0","0","0","0","0","0","0","0","-2"
"243212","University of Puerto Rico-Ponce","2013","On-tenure track, assistant professors","4","1","3","0","0","0","0","0","0","0","0","0","4","1","3","0","0","0","0","0","0","0","0","0","0","0","0","0","0","0","-2"
"243212","University of Puerto Rico-Ponce","2013","On-tenure track, instructors","1","0","1","0","0","0","0","0","0","0","0","0","1","0","1","0","0","0","0","0","0","0","0","0","0","0","0","0","0","0","-2"
"243212","University of Puerto Rico-Ponce","2013","Not on tenure track/No tenure system system total","19","9","10","0","0","0","0","0","0","0","0","0","19","9","10","0","0","0","0","0","0","0","0","0","0","0","0","0","0","0","-2"
"243212","University of Puerto Rico-Ponce","2013","Not on tenure/no tenure system, assistant professors","7","4","3","0","0","0","0","0","0","0","0","0","7","4","3","0","0","0","0","0","0","0","0","0","0","0","0","0","0","0","-2"
"243212","University of Puerto Rico-Ponce","2013","Not on tenure/no tenure system, instructors","12","5","7","0","0","0","0","0","0","0","0","0","12","5","7","0","0","0","0","0","0","0","0","0","0","0","0","0","0","0","-2"
"243221","University of Puerto Rico-Rio Piedras","2013","Tenured total","663","350","313","1","0","1","7","4","3","3","2","1","321","146","175","0","0","0","29","22","7","3","2","1","299","174","125","0","0","0","-2"
"243221","University of Puerto Rico-Rio Piedras","2013","Tenured, professors","451","243","208","1","0","1","5","4","1","1","1","0","207","97","110","0","0","0","20","16","4","2","1","1","215","124","91","0","0","0","-2"
"243221","University of Puerto Rico-Rio Piedras","2013","Tenured, associate professors","157","80","77","0","0","0","1","0","1","1","1","0","84","37","47","0","0","0","7","4","3","0","0","0","64","38","26","0","0","0","-2"
"243221","University of Puerto Rico-Rio Piedras","2013","Tenured, assistant professors","53","25","28","0","0","0","1","0","1","1","0","1","29","11","18","0","0","0","2","2","0","1","1","0","19","11","8","0","0","0","-2"
"243221","University of Puerto Rico-Rio Piedras","2013","Tenured, instructors","2","2","0","0","0","0","0","0","0","0","0","0","1","1","0","0","0","0","0","0","0","0","0","0","1","1","0","0","0","0","-2"
"243221","University of Puerto Rico-Rio Piedras","2013","On-Tenure track total","53","33","20","0","0","0","0","0","0","0","0","0","18","10","8","0","0","0","2","2","0","0","0","0","33","21","12","0","0","0","-2"
"243221","University of Puerto Rico-Rio Piedras","2013","On-tenure track, associate professors","4","3","1","0","0","0","0","0","0","0","0","0","0","0","0","0","0","0","0","0","0","0","0","0","4","3","1","0","0","0","-2"
"243221","University of Puerto Rico-Rio Piedras","2013","On-tenure track, assistant professors","46","27","19","0","0","0","0","0","0","0","0","0","16","8","8","0","0","0","2","2","0","0","0","0","28","17","11","0","0","0","-2"
"243221","University of Puerto Rico-Rio Piedras","2013","On-tenure track, instructors","3","3","0","0","0","0","0","0","0","0","0","0","2","2","0","0","0","0","0","0","0","0","0","0","1","1","0","0","0","0","-2"
"243221","University of Puerto Rico-Rio Piedras","2013","Not on tenure track/No tenure system system total","119","58","61","0","0","0","0","0","0","0","0","0","44","18","26","0","0","0","1","1","0","0","0","0","74","39","35","0","0","0","-2"
"243221","University of Puerto Rico-Rio Piedras","2013","Not on tenure/no tenure system, professors","5","2","3","0","0","0","0","0","0","0","0","0","2","0","2","0","0","0","0","0","0","0","0","0","3","2","1","0","0","0","-2"
"243221","University of Puerto Rico-Rio Piedras","2013","Not on tenure/no tenure system, associate professors","5","3","2","0","0","0","0","0","0","0","0","0","1","1","0","0","0","0","0","0","0","0","0","0","4","2","2","0","0","0","-2"
"243221","University of Puerto Rico-Rio Piedras","2013","Not on tenure/no tenure system, assistant professors","56","24","32","0","0","0","0","0","0","0","0","0","20","5","15","0","0","0","1","1","0","0","0","0","35","18","17","0","0","0","-2"
"243221","University of Puerto Rico-Rio Piedras","2013","Not on tenure/no tenure system, instructors","49","27","22","0","0","0","0","0","0","0","0","0","20","12","8","0","0","0","0","0","0","0","0","0","29","15","14","0","0","0","-2"
"243221","University of Puerto Rico-Rio Piedras","2013","Not on tenure/no tenure system, no academic rank","4","2","2","0","0","0","0","0","0","0","0","0","1","0","1","0","0","0","0","0","0","0","0","0","3","2","1","0","0","0","-2"
"243346","Universidad Ana G. Mendez-Carolina Campus","2013","Tenured total","19","7","12","0","0","0","0","0","0","0","0","0","19","7","12","0","0","0","0","0","0","0","0","0","0","0","0","0","0","0","-2"
"243346","Universidad Ana G. Mendez-Carolina Campus","2013","Tenured, professors","8","2","6","0","0","0","0","0","0","0","0","0","8","2","6","0","0","0","0","0","0","0","0","0","0","0","0","0","0","0","-2"
"243346","Universidad Ana G. Mendez-Carolina Campus","2013","Tenured, associate professors","7","3","4","0","0","0","0","0","0","0","0","0","7","3","4","0","0","0","0","0","0","0","0","0","0","0","0","0","0","0","-2"
"243346","Universidad Ana G. Mendez-Carolina Campus","2013","Tenured, assistant professors","3","1","2","0","0","0","0","0","0","0","0","0","3","1","2","0","0","0","0","0","0","0","0","0","0","0","0","0","0","0","-2"
"243346","Universidad Ana G. Mendez-Carolina Campus","2013","Tenured, instructors","1","1","0","0","0","0","0","0","0","0","0","0","1","1","0","0","0","0","0","0","0","0","0","0","0","0","0","0","0","0","-2"
"243346","Universidad Ana G. Mendez-Carolina Campus","2013","Not on tenure track/No tenure system system total","99","35","64","0","0","0","0","0","0","1","1","0","95","32","63","0","0","0","1","0","1","0","0","0","2","2","0","0","0","0","-2"
"243346","Universidad Ana G. Mendez-Carolina Campus","2013","Not on tenure/no tenure system, professors","4","2","2","0","0","0","0","0","0","0","0","0","4","2","2","0","0","0","0","0","0","0","0","0","0","0","0","0","0","0","-2"
"243346","Universidad Ana G. Mendez-Carolina Campus","2013","Not on tenure/no tenure system, associate professors","22","6","16","0","0","0","0","0","0","0","0","0","22","6","16","0","0","0","0","0","0","0","0","0","0","0","0","0","0","0","-2"
"243346","Universidad Ana G. Mendez-Carolina Campus","2013","Not on tenure/no tenure system, assistant professors","37","12","25","0","0","0","0","0","0","0","0","0","35","11","24","0","0","0","1","0","1","0","0","0","1","1","0","0","0","0","-2"
"243346","Universidad Ana G. Mendez-Carolina Campus","2013","Not on tenure/no tenure system, instructors","36","15","21","0","0","0","0","0","0","1","1","0","34","13","21","0","0","0","0","0","0","0","0","0","1","1","0","0","0","0","-2"
"243443","Universidad del Sagrado Corazon","2013","Tenured total","92","35","57","0","0","0","1","1","0","0","0","0","89","34","55","0","0","0","2","0","2","0","0","0","0","0","0","0","0","0","-2"
"243443","Universidad del Sagrado Corazon","2013","Tenured, professors","64","23","41","0","0","0","1","1","0","0","0","0","61","22","39","0","0","0","2","0","2","0","0","0","0","0","0","0","0","0","-2"
"243443","Universidad del Sagrado Corazon","2013","Tenured, associate professors","12","6","6","0","0","0","0","0","0","0","0","0","12","6","6","0","0","0","0","0","0","0","0","0","0","0","0","0","0","0","-2"
"243443","Universidad del Sagrado Corazon","2013","Tenured, assistant professors","12","4","8","0","0","0","0","0","0","0","0","0","12","4","8","0","0","0","0","0","0","0","0","0","0","0","0","0","0","0","-2"
"243443","Universidad del Sagrado Corazon","2013","Tenured, instructors","4","2","2","0","0","0","0","0","0","0","0","0","4","2","2","0","0","0","0","0","0","0","0","0","0","0","0","0","0","0","-2"
"243443","Universidad del Sagrado Corazon","2013","On-Tenure track total","9","1","8","0","0","0","0","0","0","0","0","0","9","1","8","0","0","0","0","0","0","0","0","0","0","0","0","0","0","0","-2"
"243443","Universidad del Sagrado Corazon","2013","On-tenure track, associate professors","1","1","0","0","0","0","0","0","0","0","0","0","1","1","0","0","0","0","0","0","0","0","0","0","0","0","0","0","0","0","-2"
"243443","Universidad del Sagrado Corazon","2013","On-tenure track, assistant professors","4","0","4","0","0","0","0","0","0","0","0","0","4","0","4","0","0","0","0","0","0","0","0","0","0","0","0","0","0","0","-2"
"243443","Universidad del Sagrado Corazon","2013","On-tenure track, instructors","4","0","4","0","0","0","0","0","0","0","0","0","4","0","4","0","0","0","0","0","0","0","0","0","0","0","0","0","0","0","-2"
"243568","Universidad Central Del Caribe","2013","Not on tenure track/No tenure system system total","43","21","22","0","0","0","2","0","2","0","0","0","29","13","16","0","0","0","12","8","4","0","0","0","0","0","0","0","0","0","-2"
"243568","Universidad Central Del Caribe","2013","Not on tenure/no tenure system, professors","14","9","5","0","0","0","0","0","0","0","0","0","8","6","2","0","0","0","6","3","3","0","0","0","0","0","0","0","0","0","-2"
"243568","Universidad Central Del Caribe","2013","Not on tenure/no tenure system, associate professors","16","6","10","0","0","0","2","0","2","0","0","0","13","5","8","0","0","0","1","1","0","0","0","0","0","0","0","0","0","0","-2"
"243568","Universidad Central Del Caribe","2013","Not on tenure/no tenure system, assistant professors","12","6","6","0","0","0","0","0","0","0","0","0","7","2","5","0","0","0","5","4","1","0","0","0","0","0","0","0","0","0","-2"
"243568","Universidad Central Del Caribe","2013","Not on tenure/no tenure system, instructors","1","0","1","0","0","0","0","0","0","0","0","0","1","0","1","0","0","0","0","0","0","0","0","0","0","0","0","0","0","0","-2"
"243577","Universidad Politecnica de Puerto Rico","2013","Tenured total","28","17","11","0","0","0","1","1","0","0","0","0","27","16","11","0","0","0","0","0","0","0","0","0","0","0","0","0","0","0","-2"
"243577","Universidad Politecnica de Puerto Rico","2013","Tenured, professors","19","14","5","0","0","0","1","1","0","0","0","0","18","13","5","0","0","0","0","0","0","0","0","0","0","0","0","0","0","0","-2"
"243577","Universidad Politecnica de Puerto Rico","2013","Tenured, associate professors","9","3","6","0","0","0","0","0","0","0","0","0","9","3","6","0","0","0","0","0","0","0","0","0","0","0","0","0","0","0","-2"
"243577","Universidad Politecnica de Puerto Rico","2013","Not on tenure track/No tenure system system total","116","77","39","0","0","0","0","0","0","0","0","0","113","74","39","0","0","0","3","3","0","0","0","0","0","0","0","0","0","0","-2"
"243577","Universidad Politecnica de Puerto Rico","2013","Not on tenure/no tenure system, professors","23","20","3","0","0","0","0","0","0","0","0","0","22","19","3","0","0","0","1","1","0","0","0","0","0","0","0","0","0","0","-2"
"243577","Universidad Politecnica de Puerto Rico","2013","Not on tenure/no tenure system, associate professors","66","43","23","0","0","0","0","0","0","0","0","0","64","41","23","0","0","0","2","2","0","0","0","0","0","0","0","0","0","0","-2"
"243577","Universidad Politecnica de Puerto Rico","2013","Not on tenure/no tenure system, assistant professors","22","13","9","0","0","0","0","0","0","0","0","0","22","13","9","0","0","0","0","0","0","0","0","0","0","0","0","0","0","0","-2"
"243577","Universidad Politecnica de Puerto Rico","2013","Not on tenure/no tenure system, instructors","5","1","4","0","0","0","0","0","0","0","0","0","5","1","4","0","0","0","0","0","0","0","0","0","0","0","0","0","0","0","-2"
"243586","Pontifical Catholic University of Puerto Rico-Mayaguez","2013","Not on tenure track/No tenure system system total","39","24","15","0","0","0","0","0","0","0","0","0","37","23","14","0","0","0","2","1","1","0","0","0","0","0","0","0","0","0","-2"
"243586","Pontifical Catholic University of Puerto Rico-Mayaguez","2013","Not on tenure/no tenure system, professors","5","4","1","0","0","0","0","0","0","0","0","0","5","4","1","0","0","0","0","0","0","0","0","0","0","0","0","0","0","0","-2"
"243586","Pontifical Catholic University of Puerto Rico-Mayaguez","2013","Not on tenure/no tenure system, associate professors","7","5","2","0","0","0","0","0","0","0","0","0","7","5","2","0","0","0","0","0","0","0","0","0","0","0","0","0","0","0","-2"
"243586","Pontifical Catholic University of Puerto Rico-Mayaguez","2013","Not on tenure/no tenure system, assistant professors","22","13","9","0","0","0","0","0","0","0","0","0","21","13","8","0","0","0","1","0","1","0","0","0","0","0","0","0","0","0","-2"
"243586","Pontifical Catholic University of Puerto Rico-Mayaguez","2013","Not on tenure/no tenure system, instructors","2","1","1","0","0","0","0","0","0","0","0","0","2","1","1","0","0","0","0","0","0","0","0","0","0","0","0","0","0","0","-2"
"243586","Pontifical Catholic University of Puerto Rico-Mayaguez","2013","Not on tenure/no tenure system, no academic rank","3","1","2","0","0","0","0","0","0","0","0","0","2","0","2","0","0","0","1","1","0","0","0","0","0","0","0","0","0","0","-2"
"243601","Universidad Ana G. Mendez-Gurabo Campus","2013","Tenured total","37","19","18","0","0","0","0","0","0","0","0","0","37","19","18","0","0","0","0","0","0","0","0","0","0","0","0","0","0","0","-2"
"243601","Universidad Ana G. Mendez-Gurabo Campus","2013","Tenured, professors","20","11","9","0","0","0","0","0","0","0","0","0","20","11","9","0","0","0","0","0","0","0","0","0","0","0","0","0","0","0","-2"
"243601","Universidad Ana G. Mendez-Gurabo Campus","2013","Tenured, associate professors","15","6","9","0","0","0","0","0","0","0","0","0","15","6","9","0","0","0","0","0","0","0","0","0","0","0","0","0","0","0","-2"
"243601","Universidad Ana G. Mendez-Gurabo Campus","2013","Tenured, assistant professors","1","1","0","0","0","0","0","0","0","0","0","0","1","1","0","0","0","0","0","0","0","0","0","0","0","0","0","0","0","0","-2"
"243601","Universidad Ana G. Mendez-Gurabo Campus","2013","Tenured, instructors","1","1","0","0","0","0","0","0","0","0","0","0","1","1","0","0","0","0","0","0","0","0","0","0","0","0","0","0","0","0","-2"
"243601","Universidad Ana G. Mendez-Gurabo Campus","2013","Not on tenure track/No tenure system system total","129","61","68","1","0","1","1","1","0","1","1","0","117","51","66","0","0","0","1","1","0","0","0","0","8","7","1","0","0","0","-2"
"243601","Universidad Ana G. Mendez-Gurabo Campus","2013","Not on tenure/no tenure system, professors","11","8","3","0","0","0","0","0","0","0","0","0","7","4","3","0","0","0","1","1","0","0","0","0","3","3","0","0","0","0","-2"
"243601","Universidad Ana G. Mendez-Gurabo Campus","2013","Not on tenure/no tenure system, associate professors","25","13","12","1","0","1","0","0","0","0","0","0","22","11","11","0","0","0","0","0","0","0","0","0","2","2","0","0","0","0","-2"
"243601","Universidad Ana G. Mendez-Gurabo Campus","2013","Not on tenure/no tenure system, assistant professors","50","23","27","0","0","0","1","1","0","1","1","0","46","20","26","0","0","0","0","0","0","0","0","0","2","1","1","0","0","0","-2"
"243601","Universidad Ana G. Mendez-Gurabo Campus","2013","Not on tenure/no tenure system, instructors","43","17","26","0","0","0","0","0","0","0","0","0","42","16","26","0","0","0","0","0","0","0","0","0","1","1","0","0","0","0","-2"
"243832","EDP University of Puerto Rico Inc-San Juan","2013","Not on tenure track/No tenure system system total","17","8","9","0","0","0","0","0","0","0","0","0","17","8","9","0","0","0","0","0","0","0","0","0","0","0","0","0","0","0","-2"
"243832","EDP University of Puerto Rico Inc-San Juan","2013","Not on tenure/no tenure system, instructors","17","8","9","0","0","0","0","0","0","0","0","0","17","8","9","0","0","0","0","0","0","0","0","0","0","0","0","0","0","0","-2"
"245847","Antioch University-Santa Barbara","2013","Not on tenure track/No tenure system system total","10","3","7","0","0","0","0","0","0","0","0","0","2","2","0","0","0","0","8","1","7","0","0","0","0","0","0","0","0","0","-2"
"245847","Antioch University-Santa Barbara","2013","Not on tenure/no tenure system, no academic rank","10","3","7","0","0","0","0","0","0","0","0","0","2","2","0","0","0","0","8","1","7","0","0","0","0","0","0","0","0","0","-2"
"245953","Mid-America Christian University","2013","Not on tenure track/No tenure system system total","37","21","16","2","2","0","2","1","1","2","1","1","1","1","0","0","0","0","28","15","13","0","0","0","2","1","1","0","0","0","-2"
"245953","Mid-America Christian University","2013","Not on tenure/no tenure system, professors","9","8","1","1","1","0","0","0","0","0","0","0","0","0","0","0","0","0","8","7","1","0","0","0","0","0","0","0","0","0","-2"
"245953","Mid-America Christian University","2013","Not on tenure/no tenure system, associate professors","11","5","6","1","1","0","2","1","1","2","1","1","0","0","0","0","0","0","5","1","4","0","0","0","1","1","0","0","0","0","-2"
"245953","Mid-America Christian University","2013","Not on tenure/no tenure system, assistant professors","14","7","7","0","0","0","0","0","0","0","0","0","1","1","0","0","0","0","12","6","6","0","0","0","1","0","1","0","0","0","-2"
"245953","Mid-America Christian University","2013","Not on tenure/no tenure system, instructors","3","1","2","0","0","0","0","0","0","0","0","0","0","0","0","0","0","0","3","1","2","0","0","0","0","0","0","0","0","0","-2"
"363907","Caribbean University-Ponce","2013","Not on tenure track/No tenure system system total","27","11","16","0","0","0","0","0","0","0","0","0","27","11","16","0","0","0","0","0","0","0","0","0","0","0","0","0","0","0","-2"
"363907","Caribbean University-Ponce","2013","Not on tenure/no tenure system, assistant professors","8","4","4","0","0","0","0","0","0","0","0","0","8","4","4","0","0","0","0","0","0","0","0","0","0","0","0","0","0","0","-2"
"363907","Caribbean University-Ponce","2013","Not on tenure/no tenure system, instructors","19","7","12","0","0","0","0","0","0","0","0","0","19","7","12","0","0","0","0","0","0","0","0","0","0","0","0","0","0","0","-2"
"363916","Caribbean University-Vega Baja","2013","Not on tenure track/No tenure system system total","22","9","13","0","0","0","0","0","0","0","0","0","22","9","13","0","0","0","0","0","0","0","0","0","0","0","0","0","0","0","-2"
"363916","Caribbean University-Vega Baja","2013","Not on tenure/no tenure system, assistant professors","7","3","4","0","0","0","0","0","0","0","0","0","7","3","4","0","0","0","0","0","0","0","0","0","0","0","0","0","0","0","-2"
"363916","Caribbean University-Vega Baja","2013","Not on tenure/no tenure system, instructors","15","6","9","0","0","0","0","0","0","0","0","0","15","6","9","0","0","0","0","0","0","0","0","0","0","0","0","0","0","0","-2"
"366711","California State University-San Marcos","2013","Tenured total","178","88","90","1","0","1","23","16","7","5","4","1","26","13","13","1","1","0","111","46","65","1","0","1","7","5","2","3","3","0","-2"
"366711","California State University-San Marcos","2013","Tenured, professors","105","45","60","0","0","0","11","7","4","2","1","1","17","9","8","0","0","0","70","25","45","1","0","1","3","2","1","1","1","0","-2"
"366711","California State University-San Marcos","2013","Tenured, associate professors","72","43","29","1","0","1","11","9","2","3","3","0","9","4","5","1","1","0","41","21","20","0","0","0","4","3","1","2","2","0","-2"
"366711","California State University-San Marcos","2013","Tenured, assistant professors","1","0","1","0","0","0","1","0","1","0","0","0","0","0","0","0","0","0","0","0","0","0","0","0","0","0","0","0","0","0","-2"
"366711","California State University-San Marcos","2013","On-Tenure track total","47","20","27","2","1","1","8","6","2","0","0","0","9","1","8","0","0","0","22","9","13","1","0","1","1","0","1","4","3","1","-2"
"366711","California State University-San Marcos","2013","On-tenure track, associate professors","1","1","0","0","0","0","0","0","0","0","0","0","0","0","0","0","0","0","1","1","0","0","0","0","0","0","0","0","0","0","-2"
"366711","California State University-San Marcos","2013","On-tenure track, assistant professors","46","19","27","2","1","1","8","6","2","0","0","0","9","1","8","0","0","0","21","8","13","1","0","1","1","0","1","4","3","1","-2"
"366711","California State University-San Marcos","2013","Not on tenure track/No tenure system system total","71","16","55","0","0","0","2","0","2","2","1","1","10","2","8","0","0","0","53","12","41","1","0","1","3","1","2","0","0","0","-2"
"366711","California State University-San Marcos","2013","Not on tenure/no tenure system, lecturers","71","16","55","0","0","0","2","0","2","2","1","1","10","2","8","0","0","0","53","12","41","1","0","1","3","1","2","0","0","0","-2"
"367884","Hodges University","2013","Not on tenure track/No tenure system system total","86","47","39","0","0","0","0","0","0","2","2","0","6","4","2","0","0","0","76","41","35","1","0","1","0","0","0","1","0","1","-2"
"367884","Hodges University","2013","Not on tenure/no tenure system, professors","18","14","4","0","0","0","0","0","0","0","0","0","0","0","0","0","0","0","17","14","3","0","0","0","0","0","0","1","0","1","-2"
"367884","Hodges University","2013","Not on tenure/no tenure system, associate professors","16","12","4","0","0","0","0","0","0","0","0","0","2","2","0","0","0","0","14","10","4","0","0","0","0","0","0","0","0","0","-2"
"367884","Hodges University","2013","Not on tenure/no tenure system, assistant professors","49","19","30","0","0","0","0","0","0","2","2","0","3","1","2","0","0","0","43","16","27","1","0","1","0","0","0","0","0","0","-2"
"367884","Hodges University","2013","Not on tenure/no tenure system, instructors","3","2","1","0","0","0","0","0","0","0","0","0","1","1","0","0","0","0","2","1","1","0","0","0","0","0","0","0","0","0","-2"
"376385","Universal Technology College of Puerto Rico","2013","Not on tenure track/No tenure system system total","35","14","21","0","0","0","0","0","0","0","0","0","35","14","21","0","0","0","0","0","0","0","0","0","0","0","0","0","0","0","-2"
"376385","Universal Technology College of Puerto Rico","2013","Not on tenure/no tenure system, professors","35","14","21","0","0","0","0","0","0","0","0","0","35","14","21","0","0","0","0","0","0","0","0","0","0","0","0","0","0","0","-2"
"407009","Arizona State University-West","2013","Tenured total","85","44","41","0","0","0","4","2","2","2","1","1","12","4","8","0","0","0","63","34","29","0","0","0","0","0","0","4","3","1","-2"
"407009","Arizona State University-West","2013","Tenured, professors","22","13","9","0","0","0","0","0","0","0","0","0","0","0","0","0","0","0","22","13","9","0","0","0","0","0","0","0","0","0","-2"
"407009","Arizona State University-West","2013","Tenured, associate professors","62","31","31","0","0","0","4","2","2","2","1","1","11","4","7","0","0","0","41","21","20","0","0","0","0","0","0","4","3","1","-2"
"407009","Arizona State University-West","2013","Tenured, assistant professors","1","0","1","0","0","0","0","0","0","0","0","0","1","0","1","0","0","0","0","0","0","0","0","0","0","0","0","0","0","0","-2"
"407009","Arizona State University-West","2013","On-Tenure track total","40","19","21","0","0","0","5","2","3","1","0","1","7","4","3","0","0","0","25","12","13","1","1","0","1","0","1","0","0","0","-2"
"407009","Arizona State University-West","2013","On-tenure track, associate professors","2","0","2","0","0","0","0","0","0","0","0","0","0","0","0","0","0","0","2","0","2","0","0","0","0","0","0","0","0","0","-2"
"407009","Arizona State University-West","2013","On-tenure track, assistant professors","38","19","19","0","0","0","5","2","3","1","0","1","7","4","3","0","0","0","23","12","11","1","1","0","1","0","1","0","0","0","-2"
"407009","Arizona State University-West","2013","Not on tenure track/No tenure system system total","82","28","54","0","0","0","3","0","3","2","1","1","5","2","3","0","0","0","70","23","47","1","1","0","0","0","0","1","1","0","-2"
"407009","Arizona State University-West","2013","Not on tenure/no tenure system, professors","1","1","0","0","0","0","0","0","0","0","0","0","0","0","0","0","0","0","1","1","0","0","0","0","0","0","0","0","0","0","-2"
"407009","Arizona State University-West","2013","Not on tenure/no tenure system, associate professors","6","1","5","0","0","0","0","0","0","0","0","0","0","0","0","0","0","0","6","1","5","0","0","0","0","0","0","0","0","0","-2"
"407009","Arizona State University-West","2013","Not on tenure/no tenure system, assistant professors","5","3","2","0","0","0","0","0","0","0","0","0","1","1","0","0","0","0","3","1","2","0","0","0","0","0","0","1","1","0","-2"
"407009","Arizona State University-West","2013","Not on tenure/no tenure system, instructors","29","7","22","0","0","0","0","0","0","2","1","1","2","1","1","0","0","0","25","5","20","0","0","0","0","0","0","0","0","0","-2"
"407009","Arizona State University-West","2013","Not on tenure/no tenure system, lecturers","41","16","25","0","0","0","3","0","3","0","0","0","2","0","2","0","0","0","35","15","20","1","1","0","0","0","0","0","0","0","-2"
"409315","South Texas College","2013","Not on tenure track/No tenure system system total","548","319","229","2","1","1","46","22","24","10","9","1","293","173","120","0","0","0","196","114","82","0","0","0","1","0","1","0","0","0","-2"
"409315","South Texas College","2013","Not on tenure/no tenure system, professors","7","5","2","0","0","0","2","1","1","1","1","0","0","0","0","0","0","0","4","3","1","0","0","0","0","0","0","0","0","0","-2"
"409315","South Texas College","2013","Not on tenure/no tenure system, associate professors","26","18","8","0","0","0","1","1","0","0","0","0","9","6","3","0","0","0","16","11","5","0","0","0","0","0","0","0","0","0","-2"
"409315","South Texas College","2013","Not on tenure/no tenure system, assistant professors","30","17","13","0","0","0","1","1","0","0","0","0","11","8","3","0","0","0","18","8","10","0","0","0","0","0","0","0","0","0","-2"
"409315","South Texas College","2013","Not on tenure/no tenure system, instructors","485","279","206","2","1","1","42","19","23","9","8","1","273","159","114","0","0","0","158","92","66","0","0","0","1","0","1","0","0","0","-2"
"409698","California State University-Monterey Bay","2013","Tenured total","84","46","38","1","1","0","18","8","10","4","3","1","17","8","9","1","0","1","40","23","17","0","0","0","3","3","0","0","0","0","-2"
"409698","California State University-Monterey Bay","2013","Tenured, professors","50","32","18","1","1","0","12","6","6","2","1","1","10","7","3","1","0","1","24","17","7","0","0","0","0","0","0","0","0","0","-2"
"409698","California State University-Monterey Bay","2013","Tenured, associate professors","31","12","19","0","0","0","6","2","4","1","1","0","7","1","6","0","0","0","14","5","9","0","0","0","3","3","0","0","0","0","-2"
"409698","California State University-Monterey Bay","2013","Tenured, assistant professors","1","1","0","0","0","0","0","0","0","1","1","0","0","0","0","0","0","0","0","0","0","0","0","0","0","0","0","0","0","0","-2"
"409698","California State University-Monterey Bay","2013","Tenured, no academic rank","2","1","1","0","0","0","0","0","0","0","0","0","0","0","0","0","0","0","2","1","1","0","0","0","0","0","0","0","0","0","-2"
"409698","California State University-Monterey Bay","2013","On-Tenure track total","30","11","19","0","0","0","4","1","3","1","1","0","6","4","2","0","0","0","15","3","12","0","0","0","3","1","2","1","1","0","-2"
"409698","California State University-Monterey Bay","2013","On-tenure track, associate professors","1","0","1","0","0","0","1","0","1","0","0","0","0","0","0","0","0","0","0","0","0","0","0","0","0","0","0","0","0","0","-2"
"409698","California State University-Monterey Bay","2013","On-tenure track, assistant professors","29","11","18","0","0","0","3","1","2","1","1","0","6","4","2","0","0","0","15","3","12","0","0","0","3","1","2","1","1","0","-2"
"409698","California State University-Monterey Bay","2013","Not on tenure track/No tenure system system total","56","17","39","1","0","1","4","2","2","2","0","2","6","2","4","0","0","0","38","12","26","0","0","0","4","0","4","1","1","0","-2"
"409698","California State University-Monterey Bay","2013","Not on tenure/no tenure system, lecturers","56","17","39","1","0","1","4","2","2","2","0","2","6","2","4","0","0","0","38","12","26","0","0","0","4","0","4","1","1","0","-2"
"414823","Johnson & Wales University-North Miami","2013","Not on tenure track/No tenure system system total","61","41","20","2","0","2","4","2","2","9","6","3","5","3","2","0","0","0","39","29","10","2","1","1","0","0","0","0","0","0","-2"
"414823","Johnson & Wales University-North Miami","2013","Not on tenure/no tenure system, professors","8","4","4","1","0","1","1","0","1","0","0","0","0","0","0","0","0","0","6","4","2","0","0","0","0","0","0","0","0","0","-2"
"414823","Johnson & Wales University-North Miami","2013","Not on tenure/no tenure system, associate professors","18","13","5","0","0","0","2","2","0","2","1","1","2","1","1","0","0","0","12","9","3","0","0","0","0","0","0","0","0","0","-2"
"414823","Johnson & Wales University-North Miami","2013","Not on tenure/no tenure system, assistant professors","21","13","8","1","0","1","0","0","0","5","4","1","1","0","1","0","0","0","13","9","4","1","0","1","0","0","0","0","0","0","-2"
"414823","Johnson & Wales University-North Miami","2013","Not on tenure/no tenure system, instructors","14","11","3","0","0","0","1","0","1","2","1","1","2","2","0","0","0","0","8","7","1","1","1","0","0","0","0","0","0","0","-2"
"416801","The University of Texas MD Anderson Cancer Center","2013","Tenured total","197","143","54","1","1","0","64","45","19","8","6","2","11","7","4","0","0","0","113","84","29","0","0","0","0","0","0","0","0","0","-2"
"416801","The University of Texas MD Anderson Cancer Center","2013","Tenured, professors","144","112","32","1","1","0","47","35","12","8","6","2","8","6","2","0","0","0","80","64","16","0","0","0","0","0","0","0","0","0","-2"
"416801","The University of Texas MD Anderson Cancer Center","2013","Tenured, associate professors","53","31","22","0","0","0","17","10","7","0","0","0","3","1","2","0","0","0","33","20","13","0","0","0","0","0","0","0","0","0","-2"
"416801","The University of Texas MD Anderson Cancer Center","2013","On-Tenure track total","74","54","20","0","0","0","35","24","11","2","2","0","1","1","0","0","0","0","36","27","9","0","0","0","0","0","0","0","0","0","-2"
"416801","The University of Texas MD Anderson Cancer Center","2013","On-tenure track, professors","3","2","1","0","0","0","2","2","0","0","0","0","0","0","0","0","0","0","1","0","1","0","0","0","0","0","0","0","0","0","-2"
"416801","The University of Texas MD Anderson Cancer Center","2013","On-tenure track, associate professors","10","9","1","0","0","0","3","2","1","1","1","0","0","0","0","0","0","0","6","6","0","0","0","0","0","0","0","0","0","0","-2"
"416801","The University of Texas MD Anderson Cancer Center","2013","On-tenure track, assistant professors","60","42","18","0","0","0","30","20","10","1","1","0","1","1","0","0","0","0","28","20","8","0","0","0","0","0","0","0","0","0","-2"
"416801","The University of Texas MD Anderson Cancer Center","2013","On-tenure track, lecturers","1","1","0","0","0","0","0","0","0","0","0","0","0","0","0","0","0","0","1","1","0","0","0","0","0","0","0","0","0","0","-2"
"416801","The University of Texas MD Anderson Cancer Center","2013","Not on tenure track/No tenure system system total","708","394","314","1","0","1","228","132","96","30","17","13","68","43","25","2","1","1","379","201","178","0","0","0","0","0","0","0","0","0","-2"
"416801","The University of Texas MD Anderson Cancer Center","2013","Not on tenure/no tenure system, lecturers","708","394","314","1","0","1","228","132","96","30","17","13","68","43","25","2","1","1","379","201","178","0","0","0","0","0","0","0","0","0","-2"
"430670","San Juan Bautista School of Medicine","2013","Tenured total","11","5","6","0","0","0","0","0","0","0","0","0","11","5","6","0","0","0","0","0","0","0","0","0","0","0","0","0","0","0","-2"
"430670","San Juan Bautista School of Medicine","2013","Tenured, associate professors","4","2","2","0","0","0","0","0","0","0","0","0","4","2","2","0","0","0","0","0","0","0","0","0","0","0","0","0","0","0","-2"
"430670","San Juan Bautista School of Medicine","2013","Tenured, assistant professors","6","3","3","0","0","0","0","0","0","0","0","0","6","3","3","0","0","0","0","0","0","0","0","0","0","0","0","0","0","0","-2"
"430670","San Juan Bautista School of Medicine","2013","Tenured, instructors","1","0","1","0","0","0","0","0","0","0","0","0","1","0","1","0","0","0","0","0","0","0","0","0","0","0","0","0","0","0","-2"
"430670","San Juan Bautista School of Medicine","2013","On-Tenure track total","10","3","7","0","0","0","0","0","0","0","0","0","10","3","7","0","0","0","0","0","0","0","0","0","0","0","0","0","0","0","-2"
"430670","San Juan Bautista School of Medicine","2013","On-tenure track, associate professors","2","1","1","0","0","0","0","0","0","0","0","0","2","1","1","0","0","0","0","0","0","0","0","0","0","0","0","0","0","0","-2"
"430670","San Juan Bautista School of Medicine","2013","On-tenure track, assistant professors","6","1","5","0","0","0","0","0","0","0","0","0","6","1","5","0","0","0","0","0","0","0","0","0","0","0","0","0","0","0","-2"
"430670","San Juan Bautista School of Medicine","2013","On-tenure track, instructors","2","1","1","0","0","0","0","0","0","0","0","0","2","1","1","0","0","0","0","0","0","0","0","0","0","0","0","0","0","0","-2"
"430670","San Juan Bautista School of Medicine","2013","Not on tenure track/No tenure system system total","19","17","2","0","0","0","0","0","0","0","0","0","19","17","2","0","0","0","0","0","0","0","0","0","0","0","0","0","0","0","-2"
"430670","San Juan Bautista School of Medicine","2013","Not on tenure/no tenure system, assistant professors","18","16","2","0","0","0","0","0","0","0","0","0","18","16","2","0","0","0","0","0","0","0","0","0","0","0","0","0","0","0","-2"
"430670","San Juan Bautista School of Medicine","2013","Not on tenure/no tenure system, instructors","1","1","0","0","0","0","0","0","0","0","0","0","1","1","0","0","0","0","0","0","0","0","0","0","0","0","0","0","0","0","-2"
"434539","City College-Miami","2013","Not on tenure track/No tenure system system total","8","4","4","0","0","0","0","0","0","0","0","0","2","1","1","0","0","0","1","1","0","0","0","0","5","2","3","0","0","0","-2"
"434539","City College-Miami","2013","Not on tenure/no tenure system, instructors","8","4","4","0","0","0","0","0","0","0","0","0","2","1","1","0","0","0","1","1","0","0","0","0","5","2","3","0","0","0","-2"
"439446","Atlantic Institute of Oriental Medicine","2013","Not on tenure track/No tenure system system total","8","8","0","0","0","0","8","8","0","0","0","0","0","0","0","0","0","0","0","0","0","0","0","0","0","0","0","0","0","0","-2"
"439446","Atlantic Institute of Oriental Medicine","2013","Not on tenure/no tenure system, instructors","8","8","0","0","0","0","8","8","0","0","0","0","0","0","0","0","0","0","0","0","0","0","0","0","0","0","0","0","0","0","-2"
"440651","Atenas College","2013","Tenured total","30","3","27","0","0","0","0","0","0","0","0","0","30","3","27","0","0","0","0","0","0","0","0","0","0","0","0","0","0","0","-2"
"440651","Atenas College","2013","Tenured, professors","30","3","27","0","0","0","0","0","0","0","0","0","30","3","27","0","0","0","0","0","0","0","0","0","0","0","0","0","0","0","-2"
"440794","Pillar College","2013","Tenured total","2","1","1","0","0","0","0","0","0","0","0","0","0","0","0","0","0","0","2","1","1","0","0","0","0","0","0","0","0","0","-2"
"440794","Pillar College","2013","Tenured, professors","2","1","1","0","0","0","0","0","0","0","0","0","0","0","0","0","0","0","2","1","1","0","0","0","0","0","0","0","0","0","-2"
"440794","Pillar College","2013","Not on tenure track/No tenure system system total","5","3","2","0","0","0","1","1","0","2","0","2","0","0","0","0","0","0","2","2","0","0","0","0","0","0","0","0","0","0","-2"
"440794","Pillar College","2013","Not on tenure/no tenure system, professors","2","2","0","0","0","0","1","1","0","0","0","0","0","0","0","0","0","0","1","1","0","0","0","0","0","0","0","0","0","0","-2"
"440794","Pillar College","2013","Not on tenure/no tenure system, associate professors","2","0","2","0","0","0","0","0","0","2","0","2","0","0","0","0","0","0","0","0","0","0","0","0","0","0","0","0","0","0","-2"
"440794","Pillar College","2013","Not on tenure/no tenure system, assistant professors","1","1","0","0","0","0","0","0","0","0","0","0","0","0","0","0","0","0","1","1","0","0","0","0","0","0","0","0","0","0","-2"
"441690","Universidad Pentecostal Mizpa","2013","Tenured total","1","1","0","0","0","0","0","0","0","0","0","0","1","1","0","0","0","0","0","0","0","0","0","0","0","0","0","0","0","0","-2"
"441690","Universidad Pentecostal Mizpa","2013","Tenured, professors","1","1","0","0","0","0","0","0","0","0","0","0","1","1","0","0","0","0","0","0","0","0","0","0","0","0","0","0","0","0","-2"
"441690","Universidad Pentecostal Mizpa","2013","Not on tenure track/No tenure system system total","6","5","1","0","0","0","0","0","0","0","0","0","6","5","1","0","0","0","0","0","0","0","0","0","0","0","0","0","0","0","-2"
"441690","Universidad Pentecostal Mizpa","2013","Not on tenure/no tenure system, professors","6","5","1","0","0","0","0","0","0","0","0","0","6","5","1","0","0","0","0","0","0","0","0","0","0","0","0","0","0","0","-2"
"441900","Nevada State College","2013","Tenured total","14","10","4","0","0","0","1","1","0","1","1","0","1","0","1","0","0","0","11","8","3","0","0","0","0","0","0","0","0","0","-2"
"441900","Nevada State College","2013","Tenured, professors","2","1","1","0","0","0","0","0","0","0","0","0","0","0","0","0","0","0","2","1","1","0","0","0","0","0","0","0","0","0","-2"
"441900","Nevada State College","2013","Tenured, associate professors","12","9","3","0","0","0","1","1","0","1","1","0","1","0","1","0","0","0","9","7","2","0","0","0","0","0","0","0","0","0","-2"
"441900","Nevada State College","2013","On-Tenure track total","20","11","9","0","0","0","1","0","1","1","1","0","3","2","1","0","0","0","15","8","7","0","0","0","0","0","0","0","0","0","-2"
"441900","Nevada State College","2013","On-tenure track, assistant professors","20","11","9","0","0","0","1","0","1","1","1","0","3","2","1","0","0","0","15","8","7","0","0","0","0","0","0","0","0","0","-2"
"441900","Nevada State College","2013","Not on tenure track/No tenure system system total","20","3","17","0","0","0","2","2","0","1","0","1","2","0","2","0","0","0","15","1","14","0","0","0","0","0","0","0","0","0","-2"
"441900","Nevada State College","2013","Not on tenure/no tenure system, lecturers","20","3","17","0","0","0","2","2","0","1","0","1","2","0","2","0","0","0","15","1","14","0","0","0","0","0","0","0","0","0","-2"
"441937","California State University-Channel Islands","2013","Tenured total","69","40","29","0","0","0","4","2","2","1","1","0","13","7","6","0","0","0","45","24","21","1","1","0","4","4","0","1","1","0","-2"
"441937","California State University-Channel Islands","2013","Tenured, professors","45","27","18","0","0","0","3","2","1","1","1","0","6","3","3","0","0","0","32","18","14","1","1","0","1","1","0","1","1","0","-2"
"441937","California State University-Channel Islands","2013","Tenured, associate professors","23","12","11","0","0","0","1","0","1","0","0","0","7","4","3","0","0","0","13","6","7","0","0","0","2","2","0","0","0","0","-2"
"441937","California State University-Channel Islands","2013","Tenured, assistant professors","1","1","0","0","0","0","0","0","0","0","0","0","0","0","0","0","0","0","0","0","0","0","0","0","1","1","0","0","0","0","-2"
"441937","California State University-Channel Islands","2013","On-Tenure track total","24","9","15","0","0","0","2","0","2","2","0","2","4","2","2","0","0","0","16","7","9","0","0","0","0","0","0","0","0","0","-2"
"441937","California State University-Channel Islands","2013","On-tenure track, associate professors","2","0","2","0","0","0","1","0","1","0","0","0","0","0","0","0","0","0","1","0","1","0","0","0","0","0","0","0","0","0","-2"
"441937","California State University-Channel Islands","2013","On-tenure track, assistant professors","22","9","13","0","0","0","1","0","1","2","0","2","4","2","2","0","0","0","15","7","8","0","0","0","0","0","0","0","0","0","-2"
"441937","California State University-Channel Islands","2013","Not on tenure track/No tenure system system total","72","34","38","0","0","0","5","3","2","0","0","0","9","5","4","0","0","0","53","21","32","3","3","0","1","1","0","1","1","0","-2"
"441937","California State University-Channel Islands","2013","Not on tenure/no tenure system, lecturers","72","34","38","0","0","0","5","3","2","0","0","0","9","5","4","0","0","0","53","21","32","3","3","0","1","1","0","1","1","0","-2"
"443562","Dewey University-Hato Rey","2013","Not on tenure track/No tenure system system total","225","103","122","0","0","0","0","0","0","0","0","0","225","103","122","0","0","0","0","0","0","0","0","0","0","0","0","0","0","0","-2"
"443562","Dewey University-Hato Rey","2013","Not on tenure/no tenure system, professors","225","103","122","0","0","0","0","0","0","0","0","0","225","103","122","0","0","0","0","0","0","0","0","0","0","0","0","0","0","0","-2"
"444398","Baptist University of the Americas","2013","Tenured total","2","1","1","0","0","0","0","0","0","0","0","0","2","1","1","0","0","0","0","0","0","0","0","0","0","0","0","0","0","0","-2"
"444398","Baptist University of the Americas","2013","Tenured, professors","1","1","0","0","0","0","0","0","0","0","0","0","1","1","0","0","0","0","0","0","0","0","0","0","0","0","0","0","0","0","-2"
"444398","Baptist University of the Americas","2013","Tenured, associate professors","1","0","1","0","0","0","0","0","0","0","0","0","1","0","1","0","0","0","0","0","0","0","0","0","0","0","0","0","0","0","-2"
"444398","Baptist University of the Americas","2013","On-Tenure track total","5","4","1","0","0","0","0","0","0","0","0","0","2","1","1","0","0","0","3","3","0","0","0","0","0","0","0","0","0","0","-2"
"444398","Baptist University of the Americas","2013","On-tenure track, associate professors","1","1","0","0","0","0","0","0","0","0","0","0","1","1","0","0","0","0","0","0","0","0","0","0","0","0","0","0","0","0","-2"
"444398","Baptist University of the Americas","2013","On-tenure track, assistant professors","3","2","1","0","0","0","0","0","0","0","0","0","1","0","1","0","0","0","2","2","0","0","0","0","0","0","0","0","0","0","-2"
"444398","Baptist University of the Americas","2013","On-tenure track, instructors","1","1","0","0","0","0","0","0","0","0","0","0","0","0","0","0","0","0","1","1","0","0","0","0","0","0","0","0","0","0","-2"
"444398","Baptist University of the Americas","2013","Not on tenure track/No tenure system system total","3","0","3","0","0","0","0","0","0","0","0","0","3","0","3","0","0","0","0","0","0","0","0","0","0","0","0","0","0","0","-2"
"444398","Baptist University of the Americas","2013","Not on tenure/no tenure system, assistant professors","1","0","1","0","0","0","0","0","0","0","0","0","1","0","1","0","0","0","0","0","0","0","0","0","0","0","0","0","0","0","-2"
"444398","Baptist University of the Americas","2013","Not on tenure/no tenure system, instructors","2","0","2","0","0","0","0","0","0","0","0","0","2","0","2","0","0","0","0","0","0","0","0","0","0","0","0","0","0","0","-2"
"448752","CollegeAmerica-Colorado Springs","2013","Not on tenure track/No tenure system system total","11","9","2","0","0","0","0","0","0","0","0","0","1","1","0","0","0","0","10","8","2","0","0","0","0","0","0","0","0","0","-2"
"448752","CollegeAmerica-Colorado Springs","2013","Not on tenure/no tenure system, instructors","11","9","2","0","0","0","0","0","0","0","0","0","1","1","0","0","0","0","10","8","2","0","0","0","0","0","0","0","0","0","-2"
"448886","Arizona State University-Downtown Phoenix","2013","Tenured total","113","54","59","0","0","0","8","4","4","3","1","2","9","5","4","0","0","0","89","43","46","1","0","1","1","0","1","2","1","1","-2"
"448886","Arizona State University-Downtown Phoenix","2013","Tenured, professors","53","33","20","0","0","0","2","2","0","1","1","0","4","3","1","0","0","0","46","27","19","0","0","0","0","0","0","0","0","0","-2"
"448886","Arizona State University-Downtown Phoenix","2013","Tenured, associate professors","60","21","39","0","0","0","6","2","4","2","0","2","5","2","3","0","0","0","43","16","27","1","0","1","1","0","1","2","1","1","-2"
"448886","Arizona State University-Downtown Phoenix","2013","On-Tenure track total","61","25","36","0","0","0","4","0","4","0","0","0","8","3","5","0","0","0","36","15","21","0","0","0","3","1","2","10","6","4","-2"
"448886","Arizona State University-Downtown Phoenix","2013","On-tenure track, associate professors","3","1","2","0","0","0","1","0","1","0","0","0","0","0","0","0","0","0","0","0","0","0","0","0","1","0","1","1","1","0","-2"
"448886","Arizona State University-Downtown Phoenix","2013","On-tenure track, assistant professors","58","24","34","0","0","0","3","0","3","0","0","0","8","3","5","0","0","0","36","15","21","0","0","0","2","1","1","9","5","4","-2"
"448886","Arizona State University-Downtown Phoenix","2013","Not on tenure track/No tenure system system total","171","50","121","1","0","1","2","0","2","10","1","9","9","4","5","0","0","0","142","44","98","3","0","3","3","1","2","1","0","1","-2"
"448886","Arizona State University-Downtown Phoenix","2013","Not on tenure/no tenure system, professors","19","10","9","0","0","0","0","0","0","2","0","2","0","0","0","0","0","0","16","9","7","0","0","0","1","1","0","0","0","0","-2"
"448886","Arizona State University-Downtown Phoenix","2013","Not on tenure/no tenure system, associate professors","23","2","21","0","0","0","0","0","0","3","0","3","2","0","2","0","0","0","17","2","15","1","0","1","0","0","0","0","0","0","-2"
"448886","Arizona State University-Downtown Phoenix","2013","Not on tenure/no tenure system, assistant professors","30","3","27","0","0","0","0","0","0","1","0","1","0","0","0","0","0","0","28","3","25","0","0","0","1","0","1","0","0","0","-2"
"448886","Arizona State University-Downtown Phoenix","2013","Not on tenure/no tenure system, instructors","38","12","26","0","0","0","0","0","0","2","1","1","4","2","2","0","0","0","31","9","22","1","0","1","0","0","0","0","0","0","-2"
"448886","Arizona State University-Downtown Phoenix","2013","Not on tenure/no tenure system, lecturers","60","23","37","1","0","1","2","0","2","2","0","2","3","2","1","0","0","0","50","21","29","1","0","1","1","0","1","0","0","0","-2"
"448886","Arizona State University-Downtown Phoenix","2013","Not on tenure/no tenure system, no academic rank","1","0","1","0","0","0","0","0","0","0","0","0","0","0","0","0","0","0","0","0","0","0","0","0","0","0","0","1","0","1","-2"
"449870","University of the West","2013","Tenured total","4","3","1","0","0","0","2","1","1","0","0","0","0","0","0","0","0","0","2","2","0","0","0","0","0","0","0","0","0","0","-2"
"449870","University of the West","2013","Tenured, associate professors","4","3","1","0","0","0","2","1","1","0","0","0","0","0","0","0","0","0","2","2","0","0","0","0","0","0","0","0","0","0","-2"
"449870","University of the West","2013","On-Tenure track total","2","2","0","0","0","0","2","2","0","0","0","0","0","0","0","0","0","0","0","0","0","0","0","0","0","0","0","0","0","0","-2"
"449870","University of the West","2013","On-tenure track, assistant professors","2","2","0","0","0","0","2","2","0","0","0","0","0","0","0","0","0","0","0","0","0","0","0","0","0","0","0","0","0","0","-2"
"449870","University of the West","2013","Not on tenure track/No tenure system system total","10","8","2","0","0","0","2","2","0","1","0","1","1","1","0","0","0","0","3","2","1","1","1","0","0","0","0","2","2","0","-2"
"449870","University of the West","2013","Not on tenure/no tenure system, associate professors","2","2","0","0","0","0","2","2","0","0","0","0","0","0","0","0","0","0","0","0","0","0","0","0","0","0","0","0","0","0","-2"
"449870","University of the West","2013","Not on tenure/no tenure system, assistant professors","6","4","2","0","0","0","0","0","0","1","0","1","0","0","0","0","0","0","3","2","1","0","0","0","0","0","0","2","2","0","-2"
"449870","University of the West","2013","Not on tenure/no tenure system, instructors","2","2","0","0","0","0","0","0","0","0","0","0","1","1","0","0","0","0","0","0","0","1","1","0","0","0","0","0","0","0","-2"
"462354","John Paul the Great Catholic University","2013","Not on tenure track/No tenure system system total","8","7","1","0","0","0","0","0","0","0","0","0","0","0","0","0","0","0","8","7","1","0","0","0","0","0","0","0","0","0","-2"
"462354","John Paul the Great Catholic University","2013","Not on tenure/no tenure system, no academic rank","8","7","1","0","0","0","0","0","0","0","0","0","0","0","0","0","0","0","8","7","1","0","0","0","0","0","0","0","0","0","-2"
"474863","Los Angeles Pacific University","2013","Not on tenure track/No tenure system system total","6","4","2","0","0","0","1","1","0","0","0","0","0","0","0","0","0","0","5","3","2","0","0","0","0","0","0","0","0","0","-2"
"474863","Los Angeles Pacific University","2013","Not on tenure/no tenure system, no academic rank","6","4","2","0","0","0","1","1","0","0","0","0","0","0","0","0","0","0","5","3","2","0","0","0","0","0","0","0","0","0","-2"
"475273","Springfield College-Regional, Online, and Continuing Education","2013","Tenured total","7","3","4","0","0","0","0","0","0","2","1","1","2","1","1","0","0","0","3","1","2","0","0","0","0","0","0","0","0","0","-2"
"475273","Springfield College-Regional, Online, and Continuing Education","2013","Tenured, professors","4","3","1","0","0","0","0","0","0","1","1","0","1","1","0","0","0","0","2","1","1","0","0","0","0","0","0","0","0","0","-2"
"475273","Springfield College-Regional, Online, and Continuing Education","2013","Tenured, associate professors","3","0","3","0","0","0","0","0","0","1","0","1","1","0","1","0","0","0","1","0","1","0","0","0","0","0","0","0","0","0","-2"
"475273","Springfield College-Regional, Online, and Continuing Education","2013","Not on tenure track/No tenure system system total","15","8","7","0","0","0","0","0","0","6","4","2","1","0","1","0","0","0","7","4","3","0","0","0","1","0","1","0","0","0","-2"
"475273","Springfield College-Regional, Online, and Continuing Education","2013","Not on tenure/no tenure system, professors","2","1","1","0","0","0","0","0","0","0","0","0","0","0","0","0","0","0","2","1","1","0","0","0","0","0","0","0","0","0","-2"
"475273","Springfield College-Regional, Online, and Continuing Education","2013","Not on tenure/no tenure system, associate professors","4","3","1","0","0","0","0","0","0","2","2","0","0","0","0","0","0","0","1","1","0","0","0","0","1","0","1","0","0","0","-2"
"475273","Springfield College-Regional, Online, and Continuing Education","2013","Not on tenure/no tenure system, assistant professors","9","4","5","0","0","0","0","0","0","4","2","2","1","0","1","0","0","0","4","2","2","0","0","0","0","0","0","0","0","0","-2"
"478634","California College San Diego","2013","Not on tenure track/No tenure system system total","3","2","1","0","0","0","0","0","0","0","0","0","1","1","0","0","0","0","2","1","1","0","0","0","0","0","0","0","0","0","-2"
"478634","California College San Diego","2013","Not on tenure/no tenure system, instructors","3","2","1","0","0","0","0","0","0","0","0","0","1","1","0","0","0","0","2","1","1","0","0","0","0","0","0","0","0","0","-2"
"483036","Texas A&M University-Central Texas","2013","Tenured total","14","8","6","0","0","0","0","0","0","1","0","1","2","1","1","0","0","0","11","7","4","0","0","0","0","0","0","0","0","0","-2"
"483036","Texas A&M University-Central Texas","2013","Tenured, professors","4","2","2","0","0","0","0","0","0","0","0","0","0","0","0","0","0","0","4","2","2","0","0","0","0","0","0","0","0","0","-2"
"483036","Texas A&M University-Central Texas","2013","Tenured, associate professors","5","3","2","0","0","0","0","0","0","0","0","0","0","0","0","0","0","0","5","3","2","0","0","0","0","0","0","0","0","0","-2"
"483036","Texas A&M University-Central Texas","2013","Tenured, assistant professors","3","2","1","0","0","0","0","0","0","0","0","0","2","1","1","0","0","0","1","1","0","0","0","0","0","0","0","0","0","0","-2"
"483036","Texas A&M University-Central Texas","2013","Tenured, lecturers","2","1","1","0","0","0","0","0","0","1","0","1","0","0","0","0","0","0","1","1","0","0","0","0","0","0","0","0","0","0","-2"
"483036","Texas A&M University-Central Texas","2013","On-Tenure track total","28","19","9","0","0","0","2","1","1","0","0","0","0","0","0","0","0","0","25","18","7","0","0","0","0","0","0","1","0","1","-2"
"483036","Texas A&M University-Central Texas","2013","On-tenure track, associate professors","8","6","2","0","0","0","0","0","0","0","0","0","0","0","0","0","0","0","8","6","2","0","0","0","0","0","0","0","0","0","-2"
"483036","Texas A&M University-Central Texas","2013","On-tenure track, assistant professors","18","11","7","0","0","0","2","1","1","0","0","0","0","0","0","0","0","0","15","10","5","0","0","0","0","0","0","1","0","1","-2"
"483036","Texas A&M University-Central Texas","2013","On-tenure track, instructors","1","1","0","0","0","0","0","0","0","0","0","0","0","0","0","0","0","0","1","1","0","0","0","0","0","0","0","0","0","0","-2"
"483036","Texas A&M University-Central Texas","2013","On-tenure track, lecturers","1","1","0","0","0","0","0","0","0","0","0","0","0","0","0","0","0","0","1","1","0","0","0","0","0","0","0","0","0","0","-2"
"483036","Texas A&M University-Central Texas","2013","Not on tenure track/No tenure system system total","26","14","12","0","0","0","1","0","1","3","2","1","1","0","1","1","1","0","20","11","9","0","0","0","0","0","0","0","0","0","-2"
"483036","Texas A&M University-Central Texas","2013","Not on tenure/no tenure system, associate professors","1","0","1","0","0","0","0","0","0","0","0","0","0","0","0","0","0","0","1","0","1","0","0","0","0","0","0","0","0","0","-2"
"483036","Texas A&M University-Central Texas","2013","Not on tenure/no tenure system, assistant professors","19","10","9","0","0","0","1","0","1","3","2","1","1","0","1","1","1","0","13","7","6","0","0","0","0","0","0","0","0","0","-2"
"483036","Texas A&M University-Central Texas","2013","Not on tenure/no tenure system, lecturers","6","4","2","0","0","0","0","0","0","0","0","0","0","0","0","0","0","0","6","4","2","0","0","0","0","0","0","0","0","0","-2"
