"unitid","institution name","year","S2017_IS.Instructional staff category","S2017_IS_RV.Grand total","S2017_IS_RV.Grand total men","S2017_IS_RV.Grand total women","S2017_IS_RV.American Indian or Alaska Native total","S2017_IS_RV.American Indian or Alaska Native men","S2017_IS_RV.American Indian or Alaska Native women","S2017_IS_RV.Asian total","S2017_IS_RV.Asian men","S2017_IS_RV.Asian women","S2017_IS_RV.Black or African American total","S2017_IS_RV.Black or African American men","S2017_IS_RV.Black or African American women","S2017_IS_RV.Hispanic or Latino total","S2017_IS_RV.Hispanic or Latino men","S2017_IS_RV.Hispanic or Latino women","S2017_IS_RV.Native Hawaiian or Other Pacific Islander total","S2017_IS_RV.Native Hawaiian or Other Pacific Islander men","S2017_IS_RV.Native Hawaiian or Other Pacific Islander women","S2017_IS_RV.White total","S2017_IS_RV.White men","S2017_IS_RV.White women","S2017_IS_RV.Two or more races total","S2017_IS_RV.Two or more races men","S2017_IS_RV.Two or more races women","S2017_IS_RV.Race/ethnicity unknown total","S2017_IS_RV.Race/ethnicity unknown men","S2017_IS_RV.Race/ethnicity unknown women","S2017_IS_RV.Nonresident alien total","S2017_IS_RV.Nonresident alien men","S2017_IS_RV.Nonresident alien women","IDX_HR"
"100654","Alabama A & M University","2017","Tenured total","85","66","19","0","0","0","11","9","2","66","53","13","0","0","0","0","0","0","4","1","3","1","0","1","0","0","0","3","3","0","-2"
"100654","Alabama A & M University","2017","Tenured, professors","42","33","9","0","0","0","7","7","0","32","25","7","0","0","0","0","0","0","2","1","1","1","0","1","0","0","0","0","0","0","-2"
"100654","Alabama A & M University","2017","Tenured, associate professors","31","26","5","0","0","0","4","2","2","23","21","2","0","0","0","0","0","0","1","0","1","0","0","0","0","0","0","3","3","0","-2"
"100654","Alabama A & M University","2017","Tenured, assistant professors","12","7","5","0","0","0","0","0","0","11","7","4","0","0","0","0","0","0","1","0","1","0","0","0","0","0","0","0","0","0","-2"
"100654","Alabama A & M University","2017","On-Tenure track total","75","34","41","0","0","0","11","4","7","40","14","26","0","0","0","0","0","0","12","8","4","0","0","0","0","0","0","12","8","4","-2"
"100654","Alabama A & M University","2017","On-tenure track, professors","2","2","0","0","0","0","0","0","0","0","0","0","0","0","0","0","0","0","1","1","0","0","0","0","0","0","0","1","1","0","-2"
"100654","Alabama A & M University","2017","On-tenure track, associate professors","17","7","10","0","0","0","6","2","4","6","2","4","0","0","0","0","0","0","3","2","1","0","0","0","0","0","0","2","1","1","-2"
"100654","Alabama A & M University","2017","On-tenure track, assistant professors","51","23","28","0","0","0","5","2","3","29","10","19","0","0","0","0","0","0","8","5","3","0","0","0","0","0","0","9","6","3","-2"
"100654","Alabama A & M University","2017","On-tenure track, instructors","3","1","2","0","0","0","0","0","0","3","1","2","0","0","0","0","0","0","0","0","0","0","0","0","0","0","0","0","0","0","-2"
"100654","Alabama A & M University","2017","On-tenure track, no academic rank","2","1","1","0","0","0","0","0","0","2","1","1","0","0","0","0","0","0","0","0","0","0","0","0","0","0","0","0","0","0","-2"
"100654","Alabama A & M University","2017","Not on tenure track/No tenure system system total","95","39","56","1","0","1","3","2","1","66","26","40","0","0","0","0","0","0","18","6","12","1","0","1","0","0","0","6","5","1","-2"
"100654","Alabama A & M University","2017","Not on tenure/no tenure system, professors","2","0","2","0","0","0","0","0","0","1","0","1","0","0","0","0","0","0","1","0","1","0","0","0","0","0","0","0","0","0","-2"
"100654","Alabama A & M University","2017","Not on tenure/no tenure system, associate professors","10","7","3","0","0","0","0","0","0","7","5","2","0","0","0","0","0","0","2","1","1","0","0","0","0","0","0","1","1","0","-2"
"100654","Alabama A & M University","2017","Not on tenure/no tenure system, assistant professors","37","19","18","0","0","0","1","1","0","23","11","12","0","0","0","0","0","0","9","5","4","1","0","1","0","0","0","3","2","1","-2"
"100654","Alabama A & M University","2017","Not on tenure/no tenure system, instructors","41","13","28","1","0","1","2","1","1","31","10","21","0","0","0","0","0","0","5","0","5","0","0","0","0","0","0","2","2","0","-2"
"100654","Alabama A & M University","2017","Not on tenure/no tenure system, no academic rank","5","0","5","0","0","0","0","0","0","4","0","4","0","0","0","0","0","0","1","0","1","0","0","0","0","0","0","0","0","0","-2"
"100706","University of Alabama in Huntsville","2017","Tenured total","154","119","35","0","0","0","34","32","2","7","4","3","4","3","1","0","0","0","108","80","28","1","0","1","0","0","0","0","0","0","-2"
"100706","University of Alabama in Huntsville","2017","Tenured, professors","62","50","12","0","0","0","13","13","0","1","1","0","1","1","0","0","0","0","47","35","12","0","0","0","0","0","0","0","0","0","-2"
"100706","University of Alabama in Huntsville","2017","Tenured, associate professors","91","69","22","0","0","0","21","19","2","6","3","3","2","2","0","0","0","0","61","45","16","1","0","1","0","0","0","0","0","0","-2"
"100706","University of Alabama in Huntsville","2017","Tenured, assistant professors","1","0","1","0","0","0","0","0","0","0","0","0","1","0","1","0","0","0","0","0","0","0","0","0","0","0","0","0","0","0","-2"
"100706","University of Alabama in Huntsville","2017","On-Tenure track total","71","38","33","0","0","0","18","13","5","4","1","3","0","0","0","0","0","0","37","19","18","0","0","0","0","0","0","12","5","7","-2"
"100706","University of Alabama in Huntsville","2017","On-tenure track, associate professors","6","3","3","0","0","0","2","2","0","0","0","0","0","0","0","0","0","0","4","1","3","0","0","0","0","0","0","0","0","0","-2"
"100706","University of Alabama in Huntsville","2017","On-tenure track, assistant professors","65","35","30","0","0","0","16","11","5","4","1","3","0","0","0","0","0","0","33","18","15","0","0","0","0","0","0","12","5","7","-2"
"100706","University of Alabama in Huntsville","2017","Not on tenure track/No tenure system system total","121","34","87","0","0","0","6","1","5","5","1","4","4","1","3","1","1","0","104","30","74","0","0","0","0","0","0","1","0","1","-2"
"100706","University of Alabama in Huntsville","2017","Not on tenure/no tenure system, associate professors","8","0","8","0","0","0","0","0","0","0","0","0","1","0","1","0","0","0","7","0","7","0","0","0","0","0","0","0","0","0","-2"
"100706","University of Alabama in Huntsville","2017","Not on tenure/no tenure system, assistant professors","29","7","22","0","0","0","0","0","0","1","0","1","0","0","0","0","0","0","28","7","21","0","0","0","0","0","0","0","0","0","-2"
"100706","University of Alabama in Huntsville","2017","Not on tenure/no tenure system, instructors","13","1","12","0","0","0","0","0","0","2","0","2","0","0","0","0","0","0","11","1","10","0","0","0","0","0","0","0","0","0","-2"
"100706","University of Alabama in Huntsville","2017","Not on tenure/no tenure system, lecturers","71","26","45","0","0","0","6","1","5","2","1","1","3","1","2","1","1","0","58","22","36","0","0","0","0","0","0","1","0","1","-2"
"100751","The University of Alabama","2017","Tenured total","584","388","196","0","0","0","53","40","13","34","13","21","18","9","9","1","1","0","475","323","152","0","0","0","1","1","0","2","1","1","-2"
"100751","The University of Alabama","2017","Tenured, professors","285","214","71","0","0","0","27","23","4","14","8","6","6","4","2","1","1","0","237","178","59","0","0","0","0","0","0","0","0","0","-2"
"100751","The University of Alabama","2017","Tenured, associate professors","293","172","121","0","0","0","26","17","9","20","5","15","11","4","7","0","0","0","233","144","89","0","0","0","1","1","0","2","1","1","-2"
"100751","The University of Alabama","2017","Tenured, assistant professors","6","2","4","0","0","0","0","0","0","0","0","0","1","1","0","0","0","0","5","1","4","0","0","0","0","0","0","0","0","0","-2"
"100751","The University of Alabama","2017","On-Tenure track total","365","199","166","2","1","1","41","27","14","28","15","13","2","1","1","1","0","1","245","124","121","0","0","0","0","0","0","46","31","15","-2"
"100751","The University of Alabama","2017","On-tenure track, professors","13","6","7","0","0","0","0","0","0","0","0","0","0","0","0","0","0","0","13","6","7","0","0","0","0","0","0","0","0","0","-2"
"100751","The University of Alabama","2017","On-tenure track, associate professors","17","12","5","0","0","0","4","4","0","2","2","0","0","0","0","0","0","0","11","6","5","0","0","0","0","0","0","0","0","0","-2"
"100751","The University of Alabama","2017","On-tenure track, assistant professors","335","181","154","2","1","1","37","23","14","26","13","13","2","1","1","1","0","1","221","112","109","0","0","0","0","0","0","46","31","15","-2"
"100751","The University of Alabama","2017","Not on tenure track/No tenure system system total","486","201","285","2","1","1","13","4","9","31","7","24","14","7","7","0","0","0","411","176","235","2","0","2","0","0","0","13","6","7","-2"
"100751","The University of Alabama","2017","Not on tenure/no tenure system, professors","13","9","4","0","0","0","1","1","0","0","0","0","1","1","0","0","0","0","10","6","4","0","0","0","0","0","0","1","1","0","-2"
"100751","The University of Alabama","2017","Not on tenure/no tenure system, associate professors","27","9","18","0","0","0","0","0","0","1","0","1","0","0","0","0","0","0","26","9","17","0","0","0","0","0","0","0","0","0","-2"
"100751","The University of Alabama","2017","Not on tenure/no tenure system, assistant professors","120","43","77","0","0","0","5","2","3","12","4","8","0","0","0","0","0","0","99","36","63","1","0","1","0","0","0","3","1","2","-2"
"100751","The University of Alabama","2017","Not on tenure/no tenure system, instructors","308","127","181","1","1","0","7","1","6","18","3","15","13","6","7","0","0","0","260","113","147","1","0","1","0","0","0","8","3","5","-2"
"100751","The University of Alabama","2017","Not on tenure/no tenure system, lecturers","18","13","5","1","0","1","0","0","0","0","0","0","0","0","0","0","0","0","16","12","4","0","0","0","0","0","0","1","1","0","-2"
"101675","Miles College","2017","Tenured total","7","5","2","0","0","0","3","2","1","4","3","1","0","0","0","0","0","0","0","0","0","0","0","0","0","0","0","0","0","0","-2"
"101675","Miles College","2017","Tenured, professors","7","5","2","0","0","0","3","2","1","4","3","1","0","0","0","0","0","0","0","0","0","0","0","0","0","0","0","0","0","0","-2"
"101675","Miles College","2017","On-Tenure track total","85","27","58","0","0","0","3","0","3","66","20","46","1","0","1","0","0","0","14","6","8","0","0","0","1","1","0","0","0","0","-2"
"101675","Miles College","2017","On-tenure track, associate professors","9","6","3","0","0","0","0","0","0","6","3","3","0","0","0","0","0","0","3","3","0","0","0","0","0","0","0","0","0","0","-2"
"101675","Miles College","2017","On-tenure track, assistant professors","27","5","22","0","0","0","2","0","2","20","3","17","0","0","0","0","0","0","4","1","3","0","0","0","1","1","0","0","0","0","-2"
"101675","Miles College","2017","On-tenure track, instructors","49","16","33","0","0","0","1","0","1","40","14","26","1","0","1","0","0","0","7","2","5","0","0","0","0","0","0","0","0","0","-2"
"102094","University of South Alabama","2017","Tenured total","246","164","82","0","0","0","21","14","7","6","4","2","2","2","0","0","0","0","215","143","72","2","1","1","0","0","0","0","0","0","-2"
"102094","University of South Alabama","2017","Tenured, professors","136","105","31","0","0","0","9","8","1","3","3","0","0","0","0","0","0","0","124","94","30","0","0","0","0","0","0","0","0","0","-2"
"102094","University of South Alabama","2017","Tenured, associate professors","104","56","48","0","0","0","11","6","5","2","0","2","2","2","0","0","0","0","87","47","40","2","1","1","0","0","0","0","0","0","-2"
"102094","University of South Alabama","2017","Tenured, assistant professors","6","3","3","0","0","0","1","0","1","1","1","0","0","0","0","0","0","0","4","2","2","0","0","0","0","0","0","0","0","0","-2"
"102094","University of South Alabama","2017","On-Tenure track total","141","94","47","1","0","1","21","17","4","4","2","2","3","3","0","0","0","0","108","70","38","4","2","2","0","0","0","0","0","0","-2"
"102094","University of South Alabama","2017","On-tenure track, professors","4","2","2","0","0","0","0","0","0","0","0","0","0","0","0","0","0","0","4","2","2","0","0","0","0","0","0","0","0","0","-2"
"102094","University of South Alabama","2017","On-tenure track, associate professors","8","7","1","0","0","0","0","0","0","0","0","0","0","0","0","0","0","0","8","7","1","0","0","0","0","0","0","0","0","0","-2"
"102094","University of South Alabama","2017","On-tenure track, assistant professors","129","85","44","1","0","1","21","17","4","4","2","2","3","3","0","0","0","0","96","61","35","4","2","2","0","0","0","0","0","0","-2"
"102094","University of South Alabama","2017","Not on tenure track/No tenure system system total","395","162","233","0","0","0","27","17","10","28","3","25","4","3","1","0","0","0","329","136","193","4","2","2","3","1","2","0","0","0","-2"
"102094","University of South Alabama","2017","Not on tenure/no tenure system, professors","29","21","8","0","0","0","5","5","0","2","0","2","1","1","0","0","0","0","20","14","6","1","1","0","0","0","0","0","0","0","-2"
"102094","University of South Alabama","2017","Not on tenure/no tenure system, associate professors","52","27","25","0","0","0","2","2","0","0","0","0","3","2","1","0","0","0","45","23","22","1","0","1","1","0","1","0","0","0","-2"
"102094","University of South Alabama","2017","Not on tenure/no tenure system, assistant professors","178","72","106","0","0","0","16","10","6","20","3","17","0","0","0","0","0","0","140","58","82","1","0","1","1","1","0","0","0","0","-2"
"102094","University of South Alabama","2017","Not on tenure/no tenure system, instructors","135","42","93","0","0","0","4","0","4","6","0","6","0","0","0","0","0","0","123","41","82","1","1","0","1","0","1","0","0","0","-2"
"102094","University of South Alabama","2017","Not on tenure/no tenure system, lecturers","1","0","1","0","0","0","0","0","0","0","0","0","0","0","0","0","0","0","1","0","1","0","0","0","0","0","0","0","0","0","-2"
"102377","Tuskegee University","2017","Tenured total","86","47","39","0","0","0","13","10","3","51","32","19","1","0","1","0","0","0","6","2","4","0","0","0","15","3","12","0","0","0","-2"
"102377","Tuskegee University","2017","Tenured, professors","44","20","24","0","0","0","7","4","3","24","14","10","0","0","0","0","0","0","4","2","2","0","0","0","9","0","9","0","0","0","-2"
"102377","Tuskegee University","2017","Tenured, associate professors","35","22","13","0","0","0","4","4","0","23","16","7","1","0","1","0","0","0","2","0","2","0","0","0","5","2","3","0","0","0","-2"
"102377","Tuskegee University","2017","Tenured, assistant professors","7","5","2","0","0","0","2","2","0","4","2","2","0","0","0","0","0","0","0","0","0","0","0","0","1","1","0","0","0","0","-2"
"102377","Tuskegee University","2017","On-Tenure track total","61","40","21","0","0","0","9","7","2","43","28","15","1","0","1","0","0","0","1","0","1","0","0","0","7","5","2","0","0","0","-2"
"102377","Tuskegee University","2017","On-tenure track, professors","1","1","0","0","0","0","1","1","0","0","0","0","0","0","0","0","0","0","0","0","0","0","0","0","0","0","0","0","0","0","-2"
"102377","Tuskegee University","2017","On-tenure track, associate professors","6","4","2","0","0","0","0","0","0","6","4","2","0","0","0","0","0","0","0","0","0","0","0","0","0","0","0","0","0","0","-2"
"102377","Tuskegee University","2017","On-tenure track, assistant professors","49","32","17","0","0","0","8","6","2","32","21","11","1","0","1","0","0","0","1","0","1","0","0","0","7","5","2","0","0","0","-2"
"102377","Tuskegee University","2017","On-tenure track, instructors","4","3","1","0","0","0","0","0","0","4","3","1","0","0","0","0","0","0","0","0","0","0","0","0","0","0","0","0","0","0","-2"
"102377","Tuskegee University","2017","On-tenure track, no academic rank","1","0","1","0","0","0","0","0","0","1","0","1","0","0","0","0","0","0","0","0","0","0","0","0","0","0","0","0","0","0","-2"
"102377","Tuskegee University","2017","Not on tenure track/No tenure system system total","108","68","40","0","0","0","11","7","4","77","46","31","0","0","0","0","0","0","3","3","0","0","0","0","17","12","5","0","0","0","-2"
"102377","Tuskegee University","2017","Not on tenure/no tenure system, professors","4","4","0","0","0","0","1","1","0","2","2","0","0","0","0","0","0","0","1","1","0","0","0","0","0","0","0","0","0","0","-2"
"102377","Tuskegee University","2017","Not on tenure/no tenure system, associate professors","13","8","5","0","0","0","7","5","2","5","3","2","0","0","0","0","0","0","0","0","0","0","0","0","1","0","1","0","0","0","-2"
"102377","Tuskegee University","2017","Not on tenure/no tenure system, assistant professors","40","27","13","0","0","0","1","1","0","31","18","13","0","0","0","0","0","0","0","0","0","0","0","0","8","8","0","0","0","0","-2"
"102377","Tuskegee University","2017","Not on tenure/no tenure system, instructors","2","2","0","0","0","0","0","0","0","2","2","0","0","0","0","0","0","0","0","0","0","0","0","0","0","0","0","0","0","0","-2"
"102377","Tuskegee University","2017","Not on tenure/no tenure system, lecturers","11","4","7","0","0","0","0","0","0","11","4","7","0","0","0","0","0","0","0","0","0","0","0","0","0","0","0","0","0","0","-2"
"102377","Tuskegee University","2017","Not on tenure/no tenure system, no academic rank","38","23","15","0","0","0","2","0","2","26","17","9","0","0","0","0","0","0","2","2","0","0","0","0","8","4","4","0","0","0","-2"
"102614","University of Alaska Fairbanks","2017","Tenured total","180","114","66","2","1","1","19","16","3","1","0","1","4","2","2","0","0","0","147","91","56","2","1","1","5","3","2","0","0","0","-2"
"102614","University of Alaska Fairbanks","2017","Tenured, professors","88","63","25","0","0","0","10","10","0","1","0","1","1","1","0","0","0","0","69","48","21","2","1","1","5","3","2","0","0","0","-2"
"102614","University of Alaska Fairbanks","2017","Tenured, associate professors","91","51","40","2","1","1","9","6","3","0","0","0","3","1","2","0","0","0","77","43","34","0","0","0","0","0","0","0","0","0","-2"
"102614","University of Alaska Fairbanks","2017","Tenured, assistant professors","1","0","1","0","0","0","0","0","0","0","0","0","0","0","0","0","0","0","1","0","1","0","0","0","0","0","0","0","0","0","-2"
"102614","University of Alaska Fairbanks","2017","On-Tenure track total","78","39","39","6","1","5","7","5","2","1","1","0","0","0","0","0","0","0","55","26","29","3","1","2","2","2","0","4","3","1","-2"
"102614","University of Alaska Fairbanks","2017","On-tenure track, professors","1","1","0","0","0","0","0","0","0","0","0","0","0","0","0","0","0","0","1","1","0","0","0","0","0","0","0","0","0","0","-2"
"102614","University of Alaska Fairbanks","2017","On-tenure track, associate professors","8","5","3","0","0","0","0","0","0","0","0","0","0","0","0","0","0","0","7","5","2","0","0","0","0","0","0","1","0","1","-2"
"102614","University of Alaska Fairbanks","2017","On-tenure track, assistant professors","60","30","30","4","1","3","7","5","2","1","1","0","0","0","0","0","0","0","42","18","24","2","1","1","2","2","0","2","2","0","-2"
"102614","University of Alaska Fairbanks","2017","On-tenure track, no academic rank","9","3","6","2","0","2","0","0","0","0","0","0","0","0","0","0","0","0","5","2","3","1","0","1","0","0","0","1","1","0","-2"
"102614","University of Alaska Fairbanks","2017","Not on tenure track/No tenure system system total","77","35","42","6","3","3","2","1","1","2","1","1","5","1","4","1","0","1","51","23","28","4","1","3","4","3","1","2","2","0","-2"
"102614","University of Alaska Fairbanks","2017","Not on tenure/no tenure system, associate professors","4","1","3","1","0","1","0","0","0","0","0","0","0","0","0","1","0","1","2","1","1","0","0","0","0","0","0","0","0","0","-2"
"102614","University of Alaska Fairbanks","2017","Not on tenure/no tenure system, assistant professors","35","17","18","3","1","2","1","1","0","1","1","0","3","1","2","0","0","0","23","10","13","2","1","1","2","2","0","0","0","0","-2"
"102614","University of Alaska Fairbanks","2017","Not on tenure/no tenure system, instructors","29","14","15","2","2","0","1","0","1","1","0","1","2","0","2","0","0","0","19","11","8","2","0","2","1","0","1","1","1","0","-2"
"102614","University of Alaska Fairbanks","2017","Not on tenure/no tenure system, no academic rank","9","3","6","0","0","0","0","0","0","0","0","0","0","0","0","0","0","0","7","1","6","0","0","0","1","1","0","1","1","0","-2"
"104151","Arizona State University-Tempe","2017","Tenured total","983","668","315","10","4","6","138","102","36","24","14","10","80","50","30","0","0","0","699","478","221","10","4","6","12","9","3","10","7","3","-2"
"104151","Arizona State University-Tempe","2017","Tenured, professors","571","419","152","4","3","1","70","56","14","11","7","4","42","28","14","0","0","0","426","313","113","7","4","3","6","4","2","5","4","1","-2"
"104151","Arizona State University-Tempe","2017","Tenured, associate professors","411","249","162","6","1","5","68","46","22","13","7","6","38","22","16","0","0","0","272","165","107","3","0","3","6","5","1","5","3","2","-2"
"104151","Arizona State University-Tempe","2017","Tenured, assistant professors","1","0","1","0","0","0","0","0","0","0","0","0","0","0","0","0","0","0","1","0","1","0","0","0","0","0","0","0","0","0","-2"
"104151","Arizona State University-Tempe","2017","On-Tenure track total","369","214","155","11","5","6","72","40","32","8","4","4","20","11","9","0","0","0","191","108","83","5","2","3","11","7","4","51","37","14","-2"
"104151","Arizona State University-Tempe","2017","On-tenure track, professors","2","2","0","0","0","0","0","0","0","0","0","0","0","0","0","0","0","0","2","2","0","0","0","0","0","0","0","0","0","0","-2"
"104151","Arizona State University-Tempe","2017","On-tenure track, associate professors","12","10","2","0","0","0","1","1","0","0","0","0","0","0","0","0","0","0","7","5","2","0","0","0","0","0","0","4","4","0","-2"
"104151","Arizona State University-Tempe","2017","On-tenure track, assistant professors","355","202","153","11","5","6","71","39","32","8","4","4","20","11","9","0","0","0","182","101","81","5","2","3","11","7","4","47","33","14","-2"
"104151","Arizona State University-Tempe","2017","Not on tenure track/No tenure system system total","684","329","355","5","3","2","65","27","38","15","7","8","41","19","22","0","0","0","513","245","268","7","4","3","7","5","2","31","19","12","-2"
"104151","Arizona State University-Tempe","2017","Not on tenure/no tenure system, professors","49","37","12","1","1","0","2","0","2","5","4","1","2","2","0","0","0","0","35","26","9","2","2","0","0","0","0","2","2","0","-2"
"104151","Arizona State University-Tempe","2017","Not on tenure/no tenure system, associate professors","45","30","15","1","1","0","7","6","1","1","1","0","3","2","1","0","0","0","32","19","13","0","0","0","0","0","0","1","1","0","-2"
"104151","Arizona State University-Tempe","2017","Not on tenure/no tenure system, assistant professors","109","52","57","0","0","0","8","4","4","2","0","2","6","1","5","0","0","0","84","41","43","0","0","0","0","0","0","9","6","3","-2"
"104151","Arizona State University-Tempe","2017","Not on tenure/no tenure system, instructors","189","77","112","1","0","1","12","3","9","3","1","2","15","5","10","0","0","0","150","65","85","2","1","1","3","1","2","3","1","2","-2"
"104151","Arizona State University-Tempe","2017","Not on tenure/no tenure system, lecturers","289","131","158","0","0","0","36","14","22","4","1","3","15","9","6","0","0","0","212","94","118","3","1","2","4","4","0","15","8","7","-2"
"104151","Arizona State University-Tempe","2017","Not on tenure/no tenure system, no academic rank","3","2","1","2","1","1","0","0","0","0","0","0","0","0","0","0","0","0","0","0","0","0","0","0","0","0","0","1","1","0","-2"
"104179","University of Arizona","2017","Tenured total","1091","736","355","7","3","4","109","79","30","17","12","5","78","45","33","0","0","0","799","548","251","4","1","3","74","46","28","3","2","1","-2"
"104179","University of Arizona","2017","Tenured, professors","711","506","205","4","2","2","62","46","16","9","6","3","42","27","15","0","0","0","555","397","158","2","1","1","37","27","10","0","0","0","-2"
"104179","University of Arizona","2017","Tenured, associate professors","380","230","150","3","1","2","47","33","14","8","6","2","36","18","18","0","0","0","244","151","93","2","0","2","37","19","18","3","2","1","-2"
"104179","University of Arizona","2017","On-Tenure track total","412","238","174","3","1","2","58","39","19","14","7","7","32","15","17","0","0","0","196","110","86","9","3","6","54","31","23","46","32","14","-2"
"104179","University of Arizona","2017","On-tenure track, professors","3","2","1","0","0","0","1","1","0","0","0","0","0","0","0","0","0","0","1","0","1","0","0","0","0","0","0","1","1","0","-2"
"104179","University of Arizona","2017","On-tenure track, associate professors","27","20","7","0","0","0","7","5","2","0","0","0","2","2","0","0","0","0","10","7","3","0","0","0","6","4","2","2","2","0","-2"
"104179","University of Arizona","2017","On-tenure track, assistant professors","381","215","166","3","1","2","49","32","17","14","7","7","30","13","17","0","0","0","185","103","82","9","3","6","48","27","21","43","29","14","-2"
"104179","University of Arizona","2017","On-tenure track, no academic rank","1","1","0","0","0","0","1","1","0","0","0","0","0","0","0","0","0","0","0","0","0","0","0","0","0","0","0","0","0","0","-2"
"104179","University of Arizona","2017","Not on tenure track/No tenure system system total","452","195","257","1","1","0","26","13","13","10","7","3","50","18","32","0","0","0","301","123","178","7","4","3","35","20","15","22","9","13","-2"
"104179","University of Arizona","2017","Not on tenure/no tenure system, professors","38","22","16","0","0","0","2","1","1","0","0","0","2","1","1","0","0","0","28","17","11","1","0","1","3","2","1","2","1","1","-2"
"104179","University of Arizona","2017","Not on tenure/no tenure system, associate professors","42","19","23","0","0","0","3","2","1","2","1","1","2","1","1","0","0","0","30","12","18","0","0","0","4","2","2","1","1","0","-2"
"104179","University of Arizona","2017","Not on tenure/no tenure system, assistant professors","128","44","84","0","0","0","9","6","3","1","0","1","11","1","10","0","0","0","84","24","60","3","2","1","11","8","3","9","3","6","-2"
"104179","University of Arizona","2017","Not on tenure/no tenure system, instructors","121","61","60","0","0","0","7","3","4","0","0","0","19","10","9","0","0","0","71","37","34","2","1","1","14","6","8","8","4","4","-2"
"104179","University of Arizona","2017","Not on tenure/no tenure system, lecturers","123","49","74","1","1","0","5","1","4","7","6","1","16","5","11","0","0","0","88","33","55","1","1","0","3","2","1","2","0","2","-2"
"104586","Embry-Riddle Aeronautical University-Prescott","2017","Tenured total","41","32","9","0","0","0","5","2","3","0","0","0","1","1","0","0","0","0","35","29","6","0","0","0","0","0","0","0","0","0","-2"
"104586","Embry-Riddle Aeronautical University-Prescott","2017","Tenured, professors","14","11","3","0","0","0","1","0","1","0","0","0","0","0","0","0","0","0","13","11","2","0","0","0","0","0","0","0","0","0","-2"
"104586","Embry-Riddle Aeronautical University-Prescott","2017","Tenured, associate professors","20","16","4","0","0","0","3","2","1","0","0","0","1","1","0","0","0","0","16","13","3","0","0","0","0","0","0","0","0","0","-2"
"104586","Embry-Riddle Aeronautical University-Prescott","2017","Tenured, assistant professors","7","5","2","0","0","0","1","0","1","0","0","0","0","0","0","0","0","0","6","5","1","0","0","0","0","0","0","0","0","0","-2"
"104586","Embry-Riddle Aeronautical University-Prescott","2017","On-Tenure track total","52","37","15","0","0","0","5","3","2","2","2","0","2","2","0","0","0","0","41","29","12","1","0","1","1","1","0","0","0","0","-2"
"104586","Embry-Riddle Aeronautical University-Prescott","2017","On-tenure track, associate professors","8","7","1","0","0","0","1","1","0","1","1","0","1","1","0","0","0","0","5","4","1","0","0","0","0","0","0","0","0","0","-2"
"104586","Embry-Riddle Aeronautical University-Prescott","2017","On-tenure track, assistant professors","44","30","14","0","0","0","4","2","2","1","1","0","1","1","0","0","0","0","36","25","11","1","0","1","1","1","0","0","0","0","-2"
"104586","Embry-Riddle Aeronautical University-Prescott","2017","Not on tenure track/No tenure system system total","24","20","4","0","0","0","0","0","0","0","0","0","0","0","0","0","0","0","23","19","4","0","0","0","1","1","0","0","0","0","-2"
"104586","Embry-Riddle Aeronautical University-Prescott","2017","Not on tenure/no tenure system, associate professors","6","5","1","0","0","0","0","0","0","0","0","0","0","0","0","0","0","0","6","5","1","0","0","0","0","0","0","0","0","0","-2"
"104586","Embry-Riddle Aeronautical University-Prescott","2017","Not on tenure/no tenure system, assistant professors","15","12","3","0","0","0","0","0","0","0","0","0","0","0","0","0","0","0","14","11","3","0","0","0","1","1","0","0","0","0","-2"
"104586","Embry-Riddle Aeronautical University-Prescott","2017","Not on tenure/no tenure system, instructors","3","3","0","0","0","0","0","0","0","0","0","0","0","0","0","0","0","0","3","3","0","0","0","0","0","0","0","0","0","0","-2"
"105330","Northern Arizona University","2017","Tenured total","442","268","174","14","7","7","18","10","8","6","5","1","21","11","10","1","1","0","358","219","139","3","2","1","14","8","6","7","5","2","-2"
"105330","Northern Arizona University","2017","Tenured, professors","284","186","98","7","4","3","10","6","4","4","4","0","12","7","5","0","0","0","234","154","80","2","1","1","9","6","3","6","4","2","-2"
"105330","Northern Arizona University","2017","Tenured, associate professors","158","82","76","7","3","4","8","4","4","2","1","1","9","4","5","1","1","0","124","65","59","1","1","0","5","2","3","1","1","0","-2"
"105330","Northern Arizona University","2017","On-Tenure track total","107","61","46","1","1","0","6","2","4","1","1","0","5","3","2","0","0","0","75","40","35","2","1","1","6","5","1","11","8","3","-2"
"105330","Northern Arizona University","2017","On-tenure track, associate professors","5","3","2","0","0","0","0","0","0","0","0","0","0","0","0","0","0","0","5","3","2","0","0","0","0","0","0","0","0","0","-2"
"105330","Northern Arizona University","2017","On-tenure track, assistant professors","102","58","44","1","1","0","6","2","4","1","1","0","5","3","2","0","0","0","70","37","33","2","1","1","6","5","1","11","8","3","-2"
"105330","Northern Arizona University","2017","Not on tenure track/No tenure system system total","583","229","354","9","2","7","16","4","12","11","4","7","43","16","27","1","0","1","458","181","277","8","2","6","20","11","9","17","9","8","-2"
"105330","Northern Arizona University","2017","Not on tenure/no tenure system, professors","16","4","12","0","0","0","0","0","0","0","0","0","2","0","2","0","0","0","14","4","10","0","0","0","0","0","0","0","0","0","-2"
"105330","Northern Arizona University","2017","Not on tenure/no tenure system, associate professors","55","19","36","0","0","0","2","1","1","1","0","1","5","2","3","1","0","1","45","16","29","1","0","1","0","0","0","0","0","0","-2"
"105330","Northern Arizona University","2017","Not on tenure/no tenure system, assistant professors","149","48","101","3","0","3","2","1","1","6","3","3","11","3","8","0","0","0","116","38","78","3","1","2","4","0","4","4","2","2","-2"
"105330","Northern Arizona University","2017","Not on tenure/no tenure system, instructors","77","32","45","1","0","1","3","1","2","1","1","0","4","2","2","0","0","0","66","27","39","0","0","0","1","1","0","1","0","1","-2"
"105330","Northern Arizona University","2017","Not on tenure/no tenure system, lecturers","286","126","160","5","2","3","9","1","8","3","0","3","21","9","12","0","0","0","217","96","121","4","1","3","15","10","5","12","7","5","-2"
"110404","California Institute of Technology","2017","Tenured total","245","197","48","0","0","0","29","26","3","2","2","0","9","9","0","0","0","0","204","159","45","0","0","0","0","0","0","1","1","0","-2"
"110404","California Institute of Technology","2017","Tenured, professors","245","197","48","0","0","0","29","26","3","2","2","0","9","9","0","0","0","0","204","159","45","0","0","0","0","0","0","1","1","0","-2"
"110404","California Institute of Technology","2017","On-Tenure track total","47","33","14","0","0","0","12","7","5","0","0","0","2","0","2","0","0","0","30","23","7","0","0","0","0","0","0","3","3","0","-2"
"110404","California Institute of Technology","2017","On-tenure track, associate professors","6","5","1","0","0","0","2","1","1","0","0","0","0","0","0","0","0","0","4","4","0","0","0","0","0","0","0","0","0","0","-2"
"110404","California Institute of Technology","2017","On-tenure track, assistant professors","41","28","13","0","0","0","10","6","4","0","0","0","2","0","2","0","0","0","26","19","7","0","0","0","0","0","0","3","3","0","-2"
"110404","California Institute of Technology","2017","Not on tenure track/No tenure system system total","37","28","9","0","0","0","3","1","2","1","1","0","2","1","1","0","0","0","18","14","4","0","0","0","0","0","0","13","11","2","-2"
"110404","California Institute of Technology","2017","Not on tenure/no tenure system, assistant professors","3","3","0","0","0","0","1","1","0","1","1","0","0","0","0","0","0","0","1","1","0","0","0","0","0","0","0","0","0","0","-2"
"110404","California Institute of Technology","2017","Not on tenure/no tenure system, instructors","17","13","4","0","0","0","0","0","0","0","0","0","0","0","0","0","0","0","4","2","2","0","0","0","0","0","0","13","11","2","-2"
"110404","California Institute of Technology","2017","Not on tenure/no tenure system, lecturers","15","10","5","0","0","0","2","0","2","0","0","0","2","1","1","0","0","0","11","9","2","0","0","0","0","0","0","0","0","0","-2"
"110404","California Institute of Technology","2017","Not on tenure/no tenure system, no academic rank","2","2","0","0","0","0","0","0","0","0","0","0","0","0","0","0","0","0","2","2","0","0","0","0","0","0","0","0","0","0","-2"
"110538","California State University-Chico","2017","Tenured total","284","165","119","1","1","0","25","17","8","5","1","4","11","8","3","0","0","0","227","128","99","2","2","0","11","8","3","2","0","2","-2"
"110538","California State University-Chico","2017","Tenured, professors","200","124","76","1","1","0","15","10","5","4","1","3","10","7","3","0","0","0","161","99","62","2","2","0","6","4","2","1","0","1","-2"
"110538","California State University-Chico","2017","Tenured, associate professors","82","41","41","0","0","0","9","7","2","1","0","1","1","1","0","0","0","0","65","29","36","0","0","0","5","4","1","1","0","1","-2"
"110538","California State University-Chico","2017","Tenured, assistant professors","2","0","2","0","0","0","1","0","1","0","0","0","0","0","0","0","0","0","1","0","1","0","0","0","0","0","0","0","0","0","-2"
"110538","California State University-Chico","2017","On-Tenure track total","161","70","91","1","0","1","15","5","10","4","1","3","5","2","3","0","0","0","96","45","51","3","0","3","17","8","9","20","9","11","-2"
"110538","California State University-Chico","2017","On-tenure track, professors","1","0","1","0","0","0","0","0","0","0","0","0","0","0","0","0","0","0","1","0","1","0","0","0","0","0","0","0","0","0","-2"
"110538","California State University-Chico","2017","On-tenure track, associate professors","9","4","5","0","0","0","0","0","0","1","0","1","0","0","0","0","0","0","8","4","4","0","0","0","0","0","0","0","0","0","-2"
"110538","California State University-Chico","2017","On-tenure track, assistant professors","150","65","85","1","0","1","15","5","10","3","1","2","5","2","3","0","0","0","86","40","46","3","0","3","17","8","9","20","9","11","-2"
"110538","California State University-Chico","2017","On-tenure track, no academic rank","1","1","0","0","0","0","0","0","0","0","0","0","0","0","0","0","0","0","1","1","0","0","0","0","0","0","0","0","0","0","-2"
"110538","California State University-Chico","2017","Not on tenure track/No tenure system system total","101","48","53","0","0","0","4","2","2","1","0","1","6","1","5","0","0","0","76","37","39","2","0","2","12","8","4","0","0","0","-2"
"110538","California State University-Chico","2017","Not on tenure/no tenure system, lecturers","101","48","53","0","0","0","4","2","2","1","0","1","6","1","5","0","0","0","76","37","39","2","0","2","12","8","4","0","0","0","-2"
"110635","University of California-Berkeley","2017","Tenured total","1137","787","350","1","0","1","152","98","54","41","28","13","69","46","23","1","1","0","786","554","232","9","2","7","71","53","18","7","5","2","-2"
"110635","University of California-Berkeley","2017","Tenured, professors","827","612","215","0","0","0","113","81","32","28","23","5","47","33","14","1","1","0","602","448","154","3","2","1","29","20","9","4","4","0","-2"
"110635","University of California-Berkeley","2017","Tenured, associate professors","295","166","129","1","0","1","38","16","22","13","5","8","21","12","9","0","0","0","171","99","72","6","0","6","42","33","9","3","1","2","-2"
"110635","University of California-Berkeley","2017","Tenured, lecturers","15","9","6","0","0","0","1","1","0","0","0","0","1","1","0","0","0","0","13","7","6","0","0","0","0","0","0","0","0","0","-2"
"110635","University of California-Berkeley","2017","On-Tenure track total","235","148","87","2","1","1","28","13","15","9","5","4","17","10","7","0","0","0","96","61","35","8","5","3","48","34","14","27","19","8","-2"
"110635","University of California-Berkeley","2017","On-tenure track, professors","8","2","6","0","0","0","2","1","1","1","0","1","0","0","0","0","0","0","4","1","3","0","0","0","1","0","1","0","0","0","-2"
"110635","University of California-Berkeley","2017","On-tenure track, associate professors","1","1","0","0","0","0","0","0","0","0","0","0","0","0","0","0","0","0","0","0","0","0","0","0","1","1","0","0","0","0","-2"
"110635","University of California-Berkeley","2017","On-tenure track, assistant professors","223","142","81","2","1","1","26","12","14","8","5","3","17","10","7","0","0","0","90","58","32","8","5","3","45","32","13","27","19","8","-2"
"110635","University of California-Berkeley","2017","On-tenure track, lecturers","3","3","0","0","0","0","0","0","0","0","0","0","0","0","0","0","0","0","2","2","0","0","0","0","1","1","0","0","0","0","-2"
"110635","University of California-Berkeley","2017","Not on tenure track/No tenure system system total","353","156","197","1","0","1","69","19","50","11","4","7","18","9","9","0","0","0","182","90","92","4","1","3","41","19","22","27","14","13","-2"
"110635","University of California-Berkeley","2017","Not on tenure/no tenure system, professors","42","24","18","0","0","0","3","1","2","1","0","1","3","3","0","0","0","0","28","15","13","0","0","0","3","3","0","4","2","2","-2"
"110635","University of California-Berkeley","2017","Not on tenure/no tenure system, associate professors","19","6","13","0","0","0","5","1","4","1","0","1","1","0","1","0","0","0","6","3","3","0","0","0","6","2","4","0","0","0","-2"
"110635","University of California-Berkeley","2017","Not on tenure/no tenure system, assistant professors","40","23","17","0","0","0","13","6","7","0","0","0","0","0","0","0","0","0","12","7","5","0","0","0","6","3","3","9","7","2","-2"
"110635","University of California-Berkeley","2017","Not on tenure/no tenure system, instructors","4","2","2","0","0","0","0","0","0","1","1","0","0","0","0","0","0","0","2","0","2","0","0","0","1","1","0","0","0","0","-2"
"110635","University of California-Berkeley","2017","Not on tenure/no tenure system, lecturers","238","98","140","1","0","1","47","11","36","8","3","5","13","6","7","0","0","0","129","64","65","4","1","3","22","8","14","14","5","9","-2"
"110635","University of California-Berkeley","2017","Not on tenure/no tenure system, no academic rank","10","3","7","0","0","0","1","0","1","0","0","0","1","0","1","0","0","0","5","1","4","0","0","0","3","2","1","0","0","0","-2"
"110644","University of California-Davis","2017","Tenured total","1300","863","437","5","1","4","209","132","77","21","8","13","72","44","28","0","0","0","936","639","297","1","1","0","44","32","12","12","6","6","-2"
"110644","University of California-Davis","2017","Tenured, professors","973","687","286","5","1","4","151","106","45","9","4","5","38","24","14","0","0","0","739","529","210","1","1","0","25","20","5","5","2","3","-2"
"110644","University of California-Davis","2017","Tenured, associate professors","314","169","145","0","0","0","57","26","31","11","3","8","34","20","14","0","0","0","187","104","83","0","0","0","18","12","6","7","4","3","-2"
"110644","University of California-Davis","2017","Tenured, lecturers","13","7","6","0","0","0","1","0","1","1","1","0","0","0","0","0","0","0","10","6","4","0","0","0","1","0","1","0","0","0","-2"
"110644","University of California-Davis","2017","On-Tenure track total","317","172","145","1","0","1","35","19","16","12","4","8","31","14","17","0","0","0","160","86","74","4","2","2","19","11","8","55","36","19","-2"
"110644","University of California-Davis","2017","On-tenure track, professors","5","2","3","0","0","0","1","1","0","2","0","2","1","0","1","0","0","0","1","1","0","0","0","0","0","0","0","0","0","0","-2"
"110644","University of California-Davis","2017","On-tenure track, assistant professors","288","163","125","1","0","1","34","18","16","8","4","4","29","14","15","0","0","0","141","79","62","4","2","2","17","10","7","54","36","18","-2"
"110644","University of California-Davis","2017","On-tenure track, lecturers","24","7","17","0","0","0","0","0","0","2","0","2","1","0","1","0","0","0","18","6","12","0","0","0","2","1","1","1","0","1","-2"
"110644","University of California-Davis","2017","Not on tenure track/No tenure system system total","933","508","425","0","0","0","209","106","103","17","8","9","46","25","21","1","0","1","589","327","262","6","3","3","19","7","12","46","32","14","-2"
"110644","University of California-Davis","2017","Not on tenure/no tenure system, professors","244","167","77","0","0","0","59","41","18","1","1","0","10","9","1","0","0","0","170","114","56","1","0","1","0","0","0","3","2","1","-2"
"110644","University of California-Davis","2017","Not on tenure/no tenure system, associate professors","177","93","84","0","0","0","58","29","29","3","1","2","9","7","2","0","0","0","99","50","49","2","2","0","2","0","2","4","4","0","-2"
"110644","University of California-Davis","2017","Not on tenure/no tenure system, assistant professors","287","147","140","0","0","0","73","34","39","10","4","6","16","7","9","0","0","0","151","78","73","3","1","2","7","2","5","27","21","6","-2"
"110644","University of California-Davis","2017","Not on tenure/no tenure system, lecturers","224","101","123","0","0","0","19","2","17","3","2","1","11","2","9","1","0","1","168","85","83","0","0","0","10","5","5","12","5","7","-2"
"110644","University of California-Davis","2017","Not on tenure/no tenure system, no academic rank","1","0","1","0","0","0","0","0","0","0","0","0","0","0","0","0","0","0","1","0","1","0","0","0","0","0","0","0","0","0","-2"
"110653","University of California-Irvine","2017","Tenured total","1026","678","348","4","2","2","188","124","64","25","16","9","56","36","20","1","1","0","716","480","236","3","1","2","19","10","9","14","8","6","-2"
"110653","University of California-Irvine","2017","Tenured, professors","714","508","206","2","1","1","130","91","39","17","13","4","36","26","10","0","0","0","511","367","144","2","0","2","11","7","4","5","3","2","-2"
"110653","University of California-Irvine","2017","Tenured, associate professors","265","147","118","2","1","1","55","30","25","8","3","5","18","9","9","1","1","0","163","94","69","1","1","0","8","3","5","9","5","4","-2"
"110653","University of California-Irvine","2017","Tenured, lecturers","47","23","24","0","0","0","3","3","0","0","0","0","2","1","1","0","0","0","42","19","23","0","0","0","0","0","0","0","0","0","-2"
"110653","University of California-Irvine","2017","On-Tenure track total","226","104","122","0","0","0","42","19","23","13","6","7","19","4","15","1","1","0","108","52","56","6","5","1","10","2","8","27","15","12","-2"
"110653","University of California-Irvine","2017","On-tenure track, professors","5","2","3","0","0","0","2","1","1","0","0","0","0","0","0","0","0","0","2","0","2","1","1","0","0","0","0","0","0","0","-2"
"110653","University of California-Irvine","2017","On-tenure track, assistant professors","187","87","100","0","0","0","37","17","20","10","5","5","16","4","12","1","1","0","86","41","45","5","4","1","8","2","6","24","13","11","-2"
"110653","University of California-Irvine","2017","On-tenure track, lecturers","34","15","19","0","0","0","3","1","2","3","1","2","3","0","3","0","0","0","20","11","9","0","0","0","2","0","2","3","2","1","-2"
"110653","University of California-Irvine","2017","Not on tenure track/No tenure system system total","625","355","270","3","0","3","201","110","91","16","7","9","27","14","13","1","1","0","322","182","140","2","1","1","17","11","6","36","29","7","-2"
"110653","University of California-Irvine","2017","Not on tenure/no tenure system, professors","147","96","51","1","0","1","54","34","20","2","1","1","9","6","3","0","0","0","76","51","25","0","0","0","2","2","0","3","2","1","-2"
"110653","University of California-Irvine","2017","Not on tenure/no tenure system, associate professors","126","82","44","1","0","1","41","30","11","8","4","4","3","3","0","1","1","0","65","38","27","0","0","0","4","3","1","3","3","0","-2"
"110653","University of California-Irvine","2017","Not on tenure/no tenure system, assistant professors","165","82","83","0","0","0","65","28","37","3","2","1","9","4","5","0","0","0","62","31","31","0","0","0","7","2","5","19","15","4","-2"
"110653","University of California-Irvine","2017","Not on tenure/no tenure system, instructors","35","18","17","0","0","0","16","8","8","1","0","1","0","0","0","0","0","0","13","5","8","0","0","0","1","1","0","4","4","0","-2"
"110653","University of California-Irvine","2017","Not on tenure/no tenure system, lecturers","152","77","75","1","0","1","25","10","15","2","0","2","6","1","5","0","0","0","106","57","49","2","1","1","3","3","0","7","5","2","-2"
"110662","University of California-Los Angeles","2017","Tenured total","1505","1036","469","9","3","6","279","198","81","62","35","27","99","67","32","1","1","0","1032","719","313","1","0","1","14","8","6","8","5","3","-2"
"110662","University of California-Los Angeles","2017","Tenured, professors","1228","878","350","6","3","3","219","160","59","35","22","13","76","53","23","1","1","0","872","628","244","1","0","1","12","7","5","6","4","2","-2"
"110662","University of California-Los Angeles","2017","Tenured, associate professors","271","154","117","3","0","3","60","38","22","27","13","14","23","14","9","0","0","0","154","87","67","0","0","0","2","1","1","2","1","1","-2"
"110662","University of California-Los Angeles","2017","Tenured, lecturers","6","4","2","0","0","0","0","0","0","0","0","0","0","0","0","0","0","0","6","4","2","0","0","0","0","0","0","0","0","0","-2"
"110662","University of California-Los Angeles","2017","On-Tenure track total","245","137","108","2","1","1","30","13","17","12","6","6","19","12","7","3","0","3","112","68","44","3","1","2","19","10","9","45","26","19","-2"
"110662","University of California-Los Angeles","2017","On-tenure track, professors","8","3","5","0","0","0","2","1","1","2","1","1","0","0","0","0","0","0","4","1","3","0","0","0","0","0","0","0","0","0","-2"
"110662","University of California-Los Angeles","2017","On-tenure track, assistant professors","234","131","103","2","1","1","28","12","16","10","5","5","19","12","7","3","0","3","105","64","41","3","1","2","19","10","9","45","26","19","-2"
"110662","University of California-Los Angeles","2017","On-tenure track, lecturers","3","3","0","0","0","0","0","0","0","0","0","0","0","0","0","0","0","0","3","3","0","0","0","0","0","0","0","0","0","0","-2"
"110662","University of California-Los Angeles","2017","Not on tenure track/No tenure system system total","2026","1132","894","2","1","1","574","289","285","47","14","33","108","52","56","3","1","2","1101","659","442","13","5","8","101","58","43","77","53","24","-2"
"110662","University of California-Los Angeles","2017","Not on tenure/no tenure system, professors","469","326","143","0","0","0","97","67","30","9","4","5","17","12","5","0","0","0","331","229","102","1","0","1","9","9","0","5","5","0","-2"
"110662","University of California-Los Angeles","2017","Not on tenure/no tenure system, associate professors","339","196","143","0","0","0","111","61","50","6","0","6","24","14","10","0","0","0","188","115","73","0","0","0","8","5","3","2","1","1","-2"
"110662","University of California-Los Angeles","2017","Not on tenure/no tenure system, assistant professors","631","329","302","2","1","1","200","93","107","13","5","8","32","13","19","2","1","1","290","153","137","7","4","3","32","23","9","53","36","17","-2"
"110662","University of California-Los Angeles","2017","Not on tenure/no tenure system, instructors","336","173","163","0","0","0","123","54","69","12","3","9","18","5","13","1","0","1","142","91","51","4","1","3","31","15","16","5","4","1","-2"
"110662","University of California-Los Angeles","2017","Not on tenure/no tenure system, lecturers","244","104","140","0","0","0","42","14","28","5","1","4","15","6","9","0","0","0","149","71","78","1","0","1","20","5","15","12","7","5","-2"
"110662","University of California-Los Angeles","2017","Not on tenure/no tenure system, no academic rank","7","4","3","0","0","0","1","0","1","2","1","1","2","2","0","0","0","0","1","0","1","0","0","0","1","1","0","0","0","0","-2"
"110680","University of California-San Diego","2017","Tenured total","1075","807","268","1","1","0","185","145","40","23","8","15","68","47","21","0","0","0","761","574","187","0","0","0","8","8","0","29","24","5","-2"
"110680","University of California-San Diego","2017","Tenured, professors","810","640","170","1","1","0","132","109","23","9","4","5","50","36","14","0","0","0","595","468","127","0","0","0","1","1","0","22","21","1","-2"
"110680","University of California-San Diego","2017","Tenured, associate professors","224","144","80","0","0","0","51","36","15","14","4","10","17","11","6","0","0","0","129","84","45","0","0","0","6","6","0","7","3","4","-2"
"110680","University of California-San Diego","2017","Tenured, lecturers","41","23","18","0","0","0","2","0","2","0","0","0","1","0","1","0","0","0","37","22","15","0","0","0","1","1","0","0","0","0","-2"
"110680","University of California-San Diego","2017","On-Tenure track total","268","153","115","1","1","0","40","26","14","9","1","8","22","13","9","0","0","0","147","79","68","1","0","1","4","2","2","44","31","13","-2"
"110680","University of California-San Diego","2017","On-tenure track, associate professors","1","1","0","0","0","0","0","0","0","0","0","0","0","0","0","0","0","0","1","1","0","0","0","0","0","0","0","0","0","0","-2"
"110680","University of California-San Diego","2017","On-tenure track, assistant professors","241","137","104","1","1","0","36","24","12","8","1","7","22","13","9","0","0","0","128","67","61","1","0","1","4","2","2","41","29","12","-2"
"110680","University of California-San Diego","2017","On-tenure track, lecturers","26","15","11","0","0","0","4","2","2","1","0","1","0","0","0","0","0","0","18","11","7","0","0","0","0","0","0","3","2","1","-2"
"110680","University of California-San Diego","2017","Not on tenure track/No tenure system system total","1112","595","517","8","6","2","223","115","108","15","11","4","73","43","30","1","1","0","707","371","336","0","0","0","28","14","14","57","34","23","-2"
"110680","University of California-San Diego","2017","Not on tenure/no tenure system, professors","365","224","141","1","1","0","57","30","27","8","7","1","18","14","4","0","0","0","274","166","108","0","0","0","2","2","0","5","4","1","-2"
"110680","University of California-San Diego","2017","Not on tenure/no tenure system, associate professors","242","139","103","2","2","0","64","33","31","1","1","0","19","13","6","1","1","0","142","81","61","0","0","0","3","2","1","10","6","4","-2"
"110680","University of California-San Diego","2017","Not on tenure/no tenure system, assistant professors","355","173","182","4","2","2","80","44","36","4","2","2","30","15","15","0","0","0","190","83","107","0","0","0","20","8","12","27","19","8","-2"
"110680","University of California-San Diego","2017","Not on tenure/no tenure system, lecturers","150","59","91","1","1","0","22","8","14","2","1","1","6","1","5","0","0","0","101","41","60","0","0","0","3","2","1","15","5","10","-2"
"115755","Humboldt State University","2017","Tenured total","165","97","68","3","2","1","10","7","3","2","1","1","7","2","5","0","0","0","136","83","53","1","0","1","6","2","4","0","0","0","-2"
"115755","Humboldt State University","2017","Tenured, professors","118","75","43","1","1","0","6","6","0","0","0","0","4","2","2","0","0","0","104","66","38","1","0","1","2","0","2","0","0","0","-2"
"115755","Humboldt State University","2017","Tenured, associate professors","45","20","25","2","1","1","4","1","3","2","1","1","3","0","3","0","0","0","31","16","15","0","0","0","3","1","2","0","0","0","-2"
"115755","Humboldt State University","2017","Tenured, assistant professors","2","2","0","0","0","0","0","0","0","0","0","0","0","0","0","0","0","0","1","1","0","0","0","0","1","1","0","0","0","0","-2"
"115755","Humboldt State University","2017","On-Tenure track total","83","35","48","2","0","2","4","1","3","3","2","1","5","2","3","0","0","0","50","21","29","1","1","0","8","3","5","10","5","5","-2"
"115755","Humboldt State University","2017","On-tenure track, professors","1","0","1","0","0","0","0","0","0","0","0","0","0","0","0","0","0","0","1","0","1","0","0","0","0","0","0","0","0","0","-2"
"115755","Humboldt State University","2017","On-tenure track, associate professors","6","4","2","0","0","0","0","0","0","0","0","0","0","0","0","0","0","0","5","3","2","0","0","0","1","1","0","0","0","0","-2"
"115755","Humboldt State University","2017","On-tenure track, assistant professors","76","31","45","2","0","2","4","1","3","3","2","1","5","2","3","0","0","0","44","18","26","1","1","0","7","2","5","10","5","5","-2"
"115755","Humboldt State University","2017","Not on tenure track/No tenure system system total","57","29","28","3","1","2","0","0","0","1","0","1","2","1","1","1","0","1","44","24","20","2","1","1","4","2","2","0","0","0","-2"
"115755","Humboldt State University","2017","Not on tenure/no tenure system, lecturers","57","29","28","3","1","2","0","0","0","1","0","1","2","1","1","1","0","1","44","24","20","2","1","1","4","2","2","0","0","0","-2"
"119678","Naval Postgraduate School","2017","Tenured total","147","116","31","1","1","0","20","14","6","1","0","1","5","3","2","1","1","0","117","95","22","0","0","0","2","2","0","0","0","0","-2"
"119678","Naval Postgraduate School","2017","Tenured, professors","72","61","11","0","0","0","14","10","4","1","0","1","3","3","0","1","1","0","52","46","6","0","0","0","1","1","0","0","0","0","-2"
"119678","Naval Postgraduate School","2017","Tenured, associate professors","75","55","20","1","1","0","6","4","2","0","0","0","2","0","2","0","0","0","65","49","16","0","0","0","1","1","0","0","0","0","-2"
"119678","Naval Postgraduate School","2017","On-Tenure track total","50","37","13","1","1","0","0","0","0","1","0","1","1","1","0","0","0","0","47","35","12","0","0","0","0","0","0","0","0","0","-2"
"119678","Naval Postgraduate School","2017","On-tenure track, professors","1","1","0","0","0","0","0","0","0","0","0","0","0","0","0","0","0","0","1","1","0","0","0","0","0","0","0","0","0","0","-2"
"119678","Naval Postgraduate School","2017","On-tenure track, associate professors","14","9","5","1","1","0","0","0","0","0","0","0","0","0","0","0","0","0","13","8","5","0","0","0","0","0","0","0","0","0","-2"
"119678","Naval Postgraduate School","2017","On-tenure track, assistant professors","35","27","8","0","0","0","0","0","0","1","0","1","1","1","0","0","0","0","33","26","7","0","0","0","0","0","0","0","0","0","-2"
"119678","Naval Postgraduate School","2017","Not on tenure track/No tenure system system total","125","106","19","1","0","1","4","2","2","0","0","0","6","5","1","0","0","0","114","99","15","0","0","0","0","0","0","0","0","0","-2"
"119678","Naval Postgraduate School","2017","Not on tenure/no tenure system, professors","10","9","1","0","0","0","1","0","1","0","0","0","0","0","0","0","0","0","9","9","0","0","0","0","0","0","0","0","0","0","-2"
"119678","Naval Postgraduate School","2017","Not on tenure/no tenure system, lecturers","115","97","18","1","0","1","3","2","1","0","0","0","6","5","1","0","0","0","105","90","15","0","0","0","0","0","0","0","0","0","-2"
"122409","San Diego State University","2017","Tenured total","537","326","211","3","3","0","82","46","36","17","12","5","45","24","21","0","0","0","374","232","142","1","0","1","10","5","5","5","4","1","-2"
"122409","San Diego State University","2017","Tenured, professors","331","213","118","2","2","0","50","28","22","5","5","0","23","12","11","0","0","0","243","158","85","0","0","0","4","4","0","4","4","0","-2"
"122409","San Diego State University","2017","Tenured, associate professors","202","111","91","1","1","0","32","18","14","12","7","5","21","11","10","0","0","0","128","73","55","1","0","1","6","1","5","1","0","1","-2"
"122409","San Diego State University","2017","Tenured, assistant professors","1","0","1","0","0","0","0","0","0","0","0","0","0","0","0","0","0","0","1","0","1","0","0","0","0","0","0","0","0","0","-2"
"122409","San Diego State University","2017","Tenured, no academic rank","3","2","1","0","0","0","0","0","0","0","0","0","1","1","0","0","0","0","2","1","1","0","0","0","0","0","0","0","0","0","-2"
"122409","San Diego State University","2017","On-Tenure track total","172","93","79","2","1","1","22","11","11","6","2","4","20","12","8","0","0","0","83","44","39","6","4","2","9","6","3","24","13","11","-2"
"122409","San Diego State University","2017","On-tenure track, associate professors","7","4","3","0","0","0","2","1","1","0","0","0","0","0","0","0","0","0","3","2","1","0","0","0","1","1","0","1","0","1","-2"
"122409","San Diego State University","2017","On-tenure track, assistant professors","165","89","76","2","1","1","20","10","10","6","2","4","20","12","8","0","0","0","80","42","38","6","4","2","8","5","3","23","13","10","-2"
"122409","San Diego State University","2017","Not on tenure track/No tenure system system total","179","60","119","0","0","0","11","1","10","4","0","4","19","5","14","2","0","2","138","51","87","2","2","0","2","0","2","1","1","0","-2"
"122409","San Diego State University","2017","Not on tenure/no tenure system, lecturers","179","60","119","0","0","0","11","1","10","4","0","4","19","5","14","2","0","2","138","51","87","2","2","0","2","0","2","1","1","0","-2"
"122597","San Francisco State University","2017","Tenured total","518","265","253","7","4","3","126","60","66","22","11","11","36","16","20","0","0","0","291","157","134","10","5","5","24","12","12","2","0","2","-2"
"122597","San Francisco State University","2017","Tenured, professors","321","184","137","3","2","1","76","41","35","13","7","6","21","10","11","0","0","0","187","111","76","6","3","3","15","10","5","0","0","0","-2"
"122597","San Francisco State University","2017","Tenured, associate professors","191","79","112","4","2","2","50","19","31","9","4","5","14","6","8","0","0","0","100","44","56","4","2","2","8","2","6","2","0","2","-2"
"122597","San Francisco State University","2017","Tenured, assistant professors","3","1","2","0","0","0","0","0","0","0","0","0","1","0","1","0","0","0","1","1","0","0","0","0","1","0","1","0","0","0","-2"
"122597","San Francisco State University","2017","Tenured, no academic rank","3","1","2","0","0","0","0","0","0","0","0","0","0","0","0","0","0","0","3","1","2","0","0","0","0","0","0","0","0","0","-2"
"122597","San Francisco State University","2017","On-Tenure track total","194","72","122","2","1","1","47","15","32","10","5","5","11","4","7","0","0","0","91","39","52","1","0","1","19","3","16","13","5","8","-2"
"122597","San Francisco State University","2017","On-tenure track, professors","10","5","5","0","0","0","2","0","2","1","1","0","2","2","0","0","0","0","4","2","2","0","0","0","1","0","1","0","0","0","-2"
"122597","San Francisco State University","2017","On-tenure track, associate professors","16","7","9","0","0","0","6","3","3","0","0","0","0","0","0","0","0","0","8","4","4","0","0","0","2","0","2","0","0","0","-2"
"122597","San Francisco State University","2017","On-tenure track, assistant professors","168","60","108","2","1","1","39","12","27","9","4","5","9","2","7","0","0","0","79","33","46","1","0","1","16","3","13","13","5","8","-2"
"122597","San Francisco State University","2017","Not on tenure track/No tenure system system total","130","61","69","1","1","0","18","7","11","5","2","3","13","3","10","0","0","0","86","45","41","1","1","0","6","2","4","0","0","0","-2"
"122597","San Francisco State University","2017","Not on tenure/no tenure system, lecturers","130","61","69","1","1","0","18","7","11","5","2","3","13","3","10","0","0","0","86","45","41","1","1","0","6","2","4","0","0","0","-2"
"122755","San Jose State University","2017","Tenured total","437","240","197","5","3","2","109","63","46","11","7","4","28","17","11","0","0","0","247","132","115","1","1","0","33","16","17","3","1","2","-2"
"122755","San Jose State University","2017","Tenured, professors","300","181","119","4","2","2","79","52","27","4","3","1","19","14","5","0","0","0","177","102","75","1","1","0","16","7","9","0","0","0","-2"
"122755","San Jose State University","2017","Tenured, associate professors","130","53","77","1","1","0","28","9","19","7","4","3","8","2","6","0","0","0","68","29","39","0","0","0","15","7","8","3","1","2","-2"
"122755","San Jose State University","2017","Tenured, assistant professors","5","5","0","0","0","0","2","2","0","0","0","0","1","1","0","0","0","0","1","1","0","0","0","0","1","1","0","0","0","0","-2"
"122755","San Jose State University","2017","Tenured, no academic rank","2","1","1","0","0","0","0","0","0","0","0","0","0","0","0","0","0","0","1","0","1","0","0","0","1","1","0","0","0","0","-2"
"122755","San Jose State University","2017","On-Tenure track total","219","92","127","0","0","0","34","10","24","8","1","7","10","5","5","1","0","1","108","43","65","5","3","2","18","9","9","35","21","14","-2"
"122755","San Jose State University","2017","On-tenure track, associate professors","7","3","4","0","0","0","3","3","0","0","0","0","2","0","2","0","0","0","1","0","1","0","0","0","1","0","1","0","0","0","-2"
"122755","San Jose State University","2017","On-tenure track, assistant professors","212","89","123","0","0","0","31","7","24","8","1","7","8","5","3","1","0","1","107","43","64","5","3","2","17","9","8","35","21","14","-2"
"122755","San Jose State University","2017","Not on tenure track/No tenure system system total","127","49","78","1","0","1","19","5","14","1","0","1","9","3","6","0","0","0","80","33","47","4","1","3","12","6","6","1","1","0","-2"
"122755","San Jose State University","2017","Not on tenure/no tenure system, lecturers","127","49","78","1","0","1","19","5","14","1","0","1","9","3","6","0","0","0","80","33","47","4","1","3","12","6","6","1","1","0","-2"
"123961","University of Southern California","2017","Tenured total","1199","878","321","2","2","0","190","139","51","31","20","11","47","30","17","0","0","0","893","661","232","19","15","4","16","11","5","1","0","1","-2"
"123961","University of Southern California","2017","Tenured, professors","842","646","196","2","2","0","118","93","25","16","14","2","25","16","9","0","0","0","660","506","154","9","7","2","11","8","3","1","0","1","-2"
"123961","University of Southern California","2017","Tenured, associate professors","354","229","125","0","0","0","72","46","26","15","6","9","22","14","8","0","0","0","230","152","78","10","8","2","5","3","2","0","0","0","-2"
"123961","University of Southern California","2017","Tenured, assistant professors","3","3","0","0","0","0","0","0","0","0","0","0","0","0","0","0","0","0","3","3","0","0","0","0","0","0","0","0","0","0","-2"
"123961","University of Southern California","2017","On-Tenure track total","294","176","118","1","0","1","59","40","19","7","2","5","14","6","8","0","0","0","123","70","53","7","3","4","30","17","13","53","38","15","-2"
"123961","University of Southern California","2017","On-tenure track, associate professors","12","8","4","0","0","0","3","2","1","0","0","0","0","0","0","0","0","0","8","6","2","0","0","0","0","0","0","1","0","1","-2"
"123961","University of Southern California","2017","On-tenure track, assistant professors","282","168","114","1","0","1","56","38","18","7","2","5","14","6","8","0","0","0","115","64","51","7","3","4","30","17","13","52","38","14","-2"
"123961","University of Southern California","2017","Not on tenure track/No tenure system system total","941","439","502","2","1","1","77","33","44","41","17","24","76","31","45","1","0","1","647","310","337","18","8","10","46","20","26","33","19","14","-2"
"123961","University of Southern California","2017","Not on tenure/no tenure system, professors","175","93","82","0","0","0","15","6","9","10","7","3","16","9","7","0","0","0","123","65","58","4","2","2","6","3","3","1","1","0","-2"
"123961","University of Southern California","2017","Not on tenure/no tenure system, associate professors","285","130","155","0","0","0","19","12","7","18","3","15","17","7","10","0","0","0","218","102","116","6","3","3","6","3","3","1","0","1","-2"
"123961","University of Southern California","2017","Not on tenure/no tenure system, assistant professors","220","102","118","1","1","0","14","3","11","9","5","4","13","4","9","1","0","1","155","72","83","2","0","2","11","6","5","14","11","3","-2"
"123961","University of Southern California","2017","Not on tenure/no tenure system, instructors","2","1","1","0","0","0","0","0","0","0","0","0","0","0","0","0","0","0","2","1","1","0","0","0","0","0","0","0","0","0","-2"
"123961","University of Southern California","2017","Not on tenure/no tenure system, lecturers","259","113","146","1","0","1","29","12","17","4","2","2","30","11","19","0","0","0","149","70","79","6","3","3","23","8","15","17","7","10","-2"
"126614","University of Colorado Boulder","2017","Tenured total","869","585","284","5","2","3","93","52","41","14","9","5","49","36","13","1","1","0","655","452","203","5","1","4","38","26","12","9","6","3","-2"
"126614","University of Colorado Boulder","2017","Tenured, professors","490","367","123","4","2","2","45","27","18","7","7","0","25","22","3","1","1","0","388","292","96","2","1","1","14","11","3","4","4","0","-2"
"126614","University of Colorado Boulder","2017","Tenured, associate professors","368","211","157","1","0","1","44","24","20","7","2","5","24","14","10","0","0","0","260","154","106","3","0","3","24","15","9","5","2","3","-2"
"126614","University of Colorado Boulder","2017","Tenured, assistant professors","11","7","4","0","0","0","4","1","3","0","0","0","0","0","0","0","0","0","7","6","1","0","0","0","0","0","0","0","0","0","-2"
"126614","University of Colorado Boulder","2017","On-Tenure track total","311","187","124","2","1","1","36","24","12","7","5","2","15","7","8","2","1","1","157","98","59","6","2","4","56","32","24","30","17","13","-2"
"126614","University of Colorado Boulder","2017","On-tenure track, professors","1","1","0","0","0","0","0","0","0","0","0","0","0","0","0","0","0","0","1","1","0","0","0","0","0","0","0","0","0","0","-2"
"126614","University of Colorado Boulder","2017","On-tenure track, associate professors","19","12","7","0","0","0","2","2","0","0","0","0","2","0","2","0","0","0","13","9","4","0","0","0","2","1","1","0","0","0","-2"
"126614","University of Colorado Boulder","2017","On-tenure track, assistant professors","291","174","117","2","1","1","34","22","12","7","5","2","13","7","6","2","1","1","143","88","55","6","2","4","54","31","23","30","17","13","-2"
"126614","University of Colorado Boulder","2017","Not on tenure track/No tenure system system total","408","204","204","1","1","0","22","5","17","4","2","2","16","7","9","0","0","0","311","164","147","3","2","1","33","14","19","18","9","9","-2"
"126614","University of Colorado Boulder","2017","Not on tenure/no tenure system, instructors","408","204","204","1","1","0","22","5","17","4","2","2","16","7","9","0","0","0","311","164","147","3","2","1","33","14","19","18","9","9","-2"
"126818","Colorado State University-Fort Collins","2017","Tenured total","756","490","266","1","0","1","34","27","7","7","6","1","31","15","16","0","0","0","577","373","204","5","2","3","3","0","3","98","67","31","-2"
"126818","Colorado State University-Fort Collins","2017","Tenured, professors","425","297","128","1","0","1","25","22","3","4","4","0","16","9","7","0","0","0","344","239","105","0","0","0","3","0","3","32","23","9","-2"
"126818","Colorado State University-Fort Collins","2017","Tenured, associate professors","330","192","138","0","0","0","9","5","4","3","2","1","15","6","9","0","0","0","232","133","99","5","2","3","0","0","0","66","44","22","-2"
"126818","Colorado State University-Fort Collins","2017","Tenured, assistant professors","1","1","0","0","0","0","0","0","0","0","0","0","0","0","0","0","0","0","1","1","0","0","0","0","0","0","0","0","0","0","-2"
"126818","Colorado State University-Fort Collins","2017","On-Tenure track total","279","153","126","1","1","0","19","10","9","3","1","2","9","5","4","0","0","0","185","107","78","10","3","7","22","12","10","30","14","16","-2"
"126818","Colorado State University-Fort Collins","2017","On-tenure track, professors","4","3","1","0","0","0","0","0","0","1","0","1","0","0","0","0","0","0","3","3","0","0","0","0","0","0","0","0","0","0","-2"
"126818","Colorado State University-Fort Collins","2017","On-tenure track, associate professors","17","10","7","0","0","0","0","0","0","0","0","0","0","0","0","0","0","0","11","6","5","0","0","0","5","3","2","1","1","0","-2"
"126818","Colorado State University-Fort Collins","2017","On-tenure track, assistant professors","258","140","118","1","1","0","19","10","9","2","1","1","9","5","4","0","0","0","171","98","73","10","3","7","17","9","8","29","13","16","-2"
"126818","Colorado State University-Fort Collins","2017","Not on tenure track/No tenure system system total","344","130","214","1","0","1","4","1","3","2","1","1","18","2","16","0","0","0","290","118","172","4","1","3","10","2","8","15","5","10","-2"
"126818","Colorado State University-Fort Collins","2017","Not on tenure/no tenure system, associate professors","19","10","9","0","0","0","0","0","0","0","0","0","1","0","1","0","0","0","18","10","8","0","0","0","0","0","0","0","0","0","-2"
"126818","Colorado State University-Fort Collins","2017","Not on tenure/no tenure system, assistant professors","119","42","77","1","0","1","1","0","1","2","1","1","6","0","6","0","0","0","93","36","57","3","1","2","5","1","4","8","3","5","-2"
"126818","Colorado State University-Fort Collins","2017","Not on tenure/no tenure system, instructors","206","78","128","0","0","0","3","1","2","0","0","0","11","2","9","0","0","0","179","72","107","1","0","1","5","1","4","7","2","5","-2"
"127060","University of Denver","2017","Tenured total","370","224","146","0","0","0","29","19","10","8","3","5","22","14","8","0","0","0","264","156","108","5","3","2","40","27","13","2","2","0","-2"
"127060","University of Denver","2017","Tenured, professors","170","116","54","0","0","0","9","7","2","2","1","1","8","6","2","0","0","0","129","87","42","2","1","1","19","13","6","1","1","0","-2"
"127060","University of Denver","2017","Tenured, associate professors","200","108","92","0","0","0","20","12","8","6","2","4","14","8","6","0","0","0","135","69","66","3","2","1","21","14","7","1","1","0","-2"
"127060","University of Denver","2017","On-Tenure track total","122","63","59","1","0","1","10","2","8","4","1","3","7","5","2","0","0","0","69","40","29","3","1","2","17","8","9","11","6","5","-2"
"127060","University of Denver","2017","On-tenure track, professors","1","1","0","0","0","0","0","0","0","0","0","0","0","0","0","0","0","0","1","1","0","0","0","0","0","0","0","0","0","0","-2"
"127060","University of Denver","2017","On-tenure track, associate professors","2","0","2","0","0","0","0","0","0","1","0","1","0","0","0","0","0","0","0","0","0","0","0","0","1","0","1","0","0","0","-2"
"127060","University of Denver","2017","On-tenure track, assistant professors","119","62","57","1","0","1","10","2","8","3","1","2","7","5","2","0","0","0","68","39","29","3","1","2","16","8","8","11","6","5","-2"
"127060","University of Denver","2017","Not on tenure track/No tenure system system total","245","115","130","1","1","0","8","4","4","7","6","1","20","9","11","0","0","0","170","74","96","8","3","5","21","10","11","10","8","2","-2"
"127060","University of Denver","2017","Not on tenure/no tenure system, professors","27","17","10","0","0","0","1","0","1","0","0","0","0","0","0","0","0","0","25","16","9","0","0","0","1","1","0","0","0","0","-2"
"127060","University of Denver","2017","Not on tenure/no tenure system, associate professors","17","7","10","0","0","0","1","1","0","0","0","0","2","2","0","0","0","0","10","2","8","1","0","1","3","2","1","0","0","0","-2"
"127060","University of Denver","2017","Not on tenure/no tenure system, assistant professors","28","7","21","0","0","0","0","0","0","1","0","1","3","1","2","0","0","0","21","6","15","1","0","1","2","0","2","0","0","0","-2"
"127060","University of Denver","2017","Not on tenure/no tenure system, lecturers","173","84","89","1","1","0","6","3","3","6","6","0","15","6","9","0","0","0","114","50","64","6","3","3","15","7","8","10","8","2","-2"
"127565","Metropolitan State University of Denver","2017","Tenured total","344","188","156","2","1","1","27","19","8","15","11","4","29","16","13","0","0","0","267","138","129","4","3","1","0","0","0","0","0","0","-2"
"127565","Metropolitan State University of Denver","2017","Tenured, professors","159","96","63","0","0","0","12","7","5","6","4","2","11","9","2","0","0","0","128","74","54","2","2","0","0","0","0","0","0","0","-2"
"127565","Metropolitan State University of Denver","2017","Tenured, associate professors","181","91","90","2","1","1","15","12","3","9","7","2","18","7","11","0","0","0","135","63","72","2","1","1","0","0","0","0","0","0","-2"
"127565","Metropolitan State University of Denver","2017","Tenured, assistant professors","3","1","2","0","0","0","0","0","0","0","0","0","0","0","0","0","0","0","3","1","2","0","0","0","0","0","0","0","0","0","-2"
"127565","Metropolitan State University of Denver","2017","Tenured, lecturers","1","0","1","0","0","0","0","0","0","0","0","0","0","0","0","0","0","0","1","0","1","0","0","0","0","0","0","0","0","0","-2"
"127565","Metropolitan State University of Denver","2017","On-Tenure track total","106","44","62","1","0","1","9","5","4","7","3","4","15","9","6","1","1","0","68","26","42","3","0","3","2","0","2","0","0","0","-2"
"127565","Metropolitan State University of Denver","2017","On-tenure track, assistant professors","105","44","61","0","0","0","9","5","4","7","3","4","15","9","6","1","1","0","68","26","42","3","0","3","2","0","2","0","0","0","-2"
"127565","Metropolitan State University of Denver","2017","On-tenure track, lecturers","1","0","1","1","0","1","0","0","0","0","0","0","0","0","0","0","0","0","0","0","0","0","0","0","0","0","0","0","0","0","-2"
"127565","Metropolitan State University of Denver","2017","Not on tenure track/No tenure system system total","108","44","64","0","0","0","6","0","6","8","1","7","10","7","3","0","0","0","79","35","44","4","1","3","1","0","1","0","0","0","-2"
"127565","Metropolitan State University of Denver","2017","Not on tenure/no tenure system, associate professors","1","0","1","0","0","0","0","0","0","0","0","0","0","0","0","0","0","0","1","0","1","0","0","0","0","0","0","0","0","0","-2"
"127565","Metropolitan State University of Denver","2017","Not on tenure/no tenure system, assistant professors","3","0","3","0","0","0","0","0","0","0","0","0","0","0","0","0","0","0","3","0","3","0","0","0","0","0","0","0","0","0","-2"
"127565","Metropolitan State University of Denver","2017","Not on tenure/no tenure system, instructors","5","2","3","0","0","0","0","0","0","1","0","1","0","0","0","0","0","0","4","2","2","0","0","0","0","0","0","0","0","0","-2"
"127565","Metropolitan State University of Denver","2017","Not on tenure/no tenure system, lecturers","99","42","57","0","0","0","6","0","6","7","1","6","10","7","3","0","0","0","71","33","38","4","1","3","1","0","1","0","0","0","-2"
"127741","University of Northern Colorado","2017","Tenured total","262","154","108","3","2","1","11","8","3","8","6","2","15","6","9","0","0","0","219","127","92","2","2","0","0","0","0","4","3","1","-2"
"127741","University of Northern Colorado","2017","Tenured, professors","175","106","69","3","2","1","8","6","2","5","3","2","13","5","8","0","0","0","143","87","56","2","2","0","0","0","0","1","1","0","-2"
"127741","University of Northern Colorado","2017","Tenured, associate professors","87","48","39","0","0","0","3","2","1","3","3","0","2","1","1","0","0","0","76","40","36","0","0","0","0","0","0","3","2","1","-2"
"127741","University of Northern Colorado","2017","On-Tenure track total","148","61","87","0","0","0","6","2","4","2","1","1","5","3","2","1","0","1","113","45","68","4","1","3","2","2","0","15","7","8","-2"
"127741","University of Northern Colorado","2017","On-tenure track, professors","5","2","3","0","0","0","0","0","0","0","0","0","0","0","0","0","0","0","5","2","3","0","0","0","0","0","0","0","0","0","-2"
"127741","University of Northern Colorado","2017","On-tenure track, associate professors","26","10","16","0","0","0","0","0","0","0","0","0","0","0","0","0","0","0","25","9","16","0","0","0","0","0","0","1","1","0","-2"
"127741","University of Northern Colorado","2017","On-tenure track, assistant professors","117","49","68","0","0","0","6","2","4","2","1","1","5","3","2","1","0","1","83","34","49","4","1","3","2","2","0","14","6","8","-2"
"127741","University of Northern Colorado","2017","Not on tenure track/No tenure system system total","99","26","73","0","0","0","2","1","1","1","1","0","6","1","5","1","0","1","86","23","63","1","0","1","0","0","0","2","0","2","-2"
"127741","University of Northern Colorado","2017","Not on tenure/no tenure system, professors","2","1","1","0","0","0","0","0","0","0","0","0","1","1","0","0","0","0","1","0","1","0","0","0","0","0","0","0","0","0","-2"
"127741","University of Northern Colorado","2017","Not on tenure/no tenure system, associate professors","12","4","8","0","0","0","0","0","0","0","0","0","0","0","0","0","0","0","12","4","8","0","0","0","0","0","0","0","0","0","-2"
"127741","University of Northern Colorado","2017","Not on tenure/no tenure system, assistant professors","22","2","20","0","0","0","0","0","0","0","0","0","1","0","1","0","0","0","18","2","16","1","0","1","0","0","0","2","0","2","-2"
"127741","University of Northern Colorado","2017","Not on tenure/no tenure system, instructors","14","7","7","0","0","0","0","0","0","1","1","0","0","0","0","0","0","0","13","6","7","0","0","0","0","0","0","0","0","0","-2"
"127741","University of Northern Colorado","2017","Not on tenure/no tenure system, lecturers","49","12","37","0","0","0","2","1","1","0","0","0","4","0","4","1","0","1","42","11","31","0","0","0","0","0","0","0","0","0","-2"
"128328","United States Air Force Academy","2017","Not on tenure track/No tenure system system total","186","131","55","0","0","0","7","3","4","4","1","3","3","1","2","0","0","0","172","126","46","0","0","0","0","0","0","0","0","0","-2"
"128328","United States Air Force Academy","2017","Not on tenure/no tenure system, professors","62","54","8","0","0","0","2","2","0","1","0","1","0","0","0","0","0","0","59","52","7","0","0","0","0","0","0","0","0","0","-2"
"128328","United States Air Force Academy","2017","Not on tenure/no tenure system, associate professors","40","29","11","0","0","0","1","0","1","0","0","0","1","0","1","0","0","0","38","29","9","0","0","0","0","0","0","0","0","0","-2"
"128328","United States Air Force Academy","2017","Not on tenure/no tenure system, assistant professors","66","38","28","0","0","0","4","1","3","3","1","2","1","1","0","0","0","0","58","35","23","0","0","0","0","0","0","0","0","0","-2"
"128328","United States Air Force Academy","2017","Not on tenure/no tenure system, instructors","18","10","8","0","0","0","0","0","0","0","0","0","1","0","1","0","0","0","17","10","7","0","0","0","0","0","0","0","0","0","-2"
"130776","Western Connecticut State University","2017","Tenured total","136","73","63","0","0","0","13","7","6","7","5","2","6","4","2","0","0","0","103","52","51","0","0","0","7","5","2","0","0","0","-2"
"130776","Western Connecticut State University","2017","Tenured, professors","94","52","42","0","0","0","5","3","2","3","2","1","5","3","2","0","0","0","76","41","35","0","0","0","5","3","2","0","0","0","-2"
"130776","Western Connecticut State University","2017","Tenured, associate professors","41","21","20","0","0","0","8","4","4","4","3","1","1","1","0","0","0","0","26","11","15","0","0","0","2","2","0","0","0","0","-2"
"130776","Western Connecticut State University","2017","Tenured, assistant professors","1","0","1","0","0","0","0","0","0","0","0","0","0","0","0","0","0","0","1","0","1","0","0","0","0","0","0","0","0","0","-2"
"130776","Western Connecticut State University","2017","On-Tenure track total","78","30","48","0","0","0","10","7","3","2","0","2","5","0","5","0","0","0","56","20","36","0","0","0","5","3","2","0","0","0","-2"
"130776","Western Connecticut State University","2017","On-tenure track, professors","1","0","1","0","0","0","0","0","0","0","0","0","0","0","0","0","0","0","1","0","1","0","0","0","0","0","0","0","0","0","-2"
"130776","Western Connecticut State University","2017","On-tenure track, associate professors","19","7","12","0","0","0","4","2","2","0","0","0","1","0","1","0","0","0","12","4","8","0","0","0","2","1","1","0","0","0","-2"
"130776","Western Connecticut State University","2017","On-tenure track, assistant professors","56","22","34","0","0","0","5","4","1","2","0","2","4","0","4","0","0","0","42","16","26","0","0","0","3","2","1","0","0","0","-2"
"130776","Western Connecticut State University","2017","On-tenure track, instructors","2","1","1","0","0","0","1","1","0","0","0","0","0","0","0","0","0","0","1","0","1","0","0","0","0","0","0","0","0","0","-2"
"130776","Western Connecticut State University","2017","Not on tenure track/No tenure system system total","6","3","3","0","0","0","0","0","0","0","0","0","1","1","0","0","0","0","5","2","3","0","0","0","0","0","0","0","0","0","-2"
"130776","Western Connecticut State University","2017","Not on tenure/no tenure system, assistant professors","3","1","2","0","0","0","0","0","0","0","0","0","0","0","0","0","0","0","3","1","2","0","0","0","0","0","0","0","0","0","-2"
"130776","Western Connecticut State University","2017","Not on tenure/no tenure system, instructors","3","2","1","0","0","0","0","0","0","0","0","0","1","1","0","0","0","0","2","1","1","0","0","0","0","0","0","0","0","0","-2"
"130794","Yale University","2017","Tenured total","1046","766","280","2","2","0","103","69","34","27","15","12","22","17","5","1","1","0","836","631","205","13","6","7","28","17","11","14","8","6","-2"
"130794","Yale University","2017","Tenured, professors","949","707","242","1","1","0","88","62","26","24","14","10","18","15","3","1","1","0","771","590","181","13","6","7","23","13","10","10","5","5","-2"
"130794","Yale University","2017","Tenured, associate professors","97","59","38","1","1","0","15","7","8","3","1","2","4","2","2","0","0","0","65","41","24","0","0","0","5","4","1","4","3","1","-2"
"130794","Yale University","2017","On-Tenure track total","1086","598","488","1","1","0","186","103","83","43","20","23","42","21","21","4","1","3","622","346","276","20","9","11","93","49","44","75","48","27","-2"
"130794","Yale University","2017","On-tenure track, associate professors","378","227","151","0","0","0","83","52","31","19","8","11","14","9","5","2","0","2","241","143","98","3","2","1","11","9","2","5","4","1","-2"
"130794","Yale University","2017","On-tenure track, assistant professors","707","371","336","1","1","0","103","51","52","24","12","12","28","12","16","2","1","1","380","203","177","17","7","10","82","40","42","70","44","26","-2"
"130794","Yale University","2017","On-tenure track, lecturers","1","0","1","0","0","0","0","0","0","0","0","0","0","0","0","0","0","0","1","0","1","0","0","0","0","0","0","0","0","0","-2"
"130794","Yale University","2017","Not on tenure track/No tenure system system total","768","379","389","1","0","1","76","35","41","27","9","18","20","7","13","0","0","0","427","217","210","17","8","9","148","75","73","52","28","24","-2"
"130794","Yale University","2017","Not on tenure/no tenure system, professors","76","55","21","0","0","0","6","4","2","2","1","1","0","0","0","0","0","0","63","45","18","0","0","0","3","3","0","2","2","0","-2"
"130794","Yale University","2017","Not on tenure/no tenure system, associate professors","15","8","7","0","0","0","4","3","1","2","1","1","1","0","1","0","0","0","8","4","4","0","0","0","0","0","0","0","0","0","-2"
"130794","Yale University","2017","Not on tenure/no tenure system, assistant professors","27","18","9","0","0","0","3","2","1","0","0","0","1","1","0","0","0","0","18","10","8","0","0","0","2","2","0","3","3","0","-2"
"130794","Yale University","2017","Not on tenure/no tenure system, lecturers","650","298","352","1","0","1","63","26","37","23","7","16","18","6","12","0","0","0","338","158","180","17","8","9","143","70","73","47","23","24","-2"
"130934","Delaware State University","2017","Tenured total","114","71","43","3","2","1","23","19","4","45","25","20","3","2","1","0","0","0","38","22","16","2","1","1","0","0","0","0","0","0","-2"
"130934","Delaware State University","2017","Tenured, professors","48","36","12","2","2","0","9","9","0","17","13","4","1","1","0","0","0","0","17","10","7","2","1","1","0","0","0","0","0","0","-2"
"130934","Delaware State University","2017","Tenured, associate professors","66","35","31","1","0","1","14","10","4","28","12","16","2","1","1","0","0","0","21","12","9","0","0","0","0","0","0","0","0","0","-2"
"130934","Delaware State University","2017","On-Tenure track total","69","33","36","0","0","0","15","8","7","24","9","15","2","2","0","0","0","0","27","14","13","1","0","1","0","0","0","0","0","0","-2"
"130934","Delaware State University","2017","On-tenure track, professors","1","1","0","0","0","0","0","0","0","0","0","0","0","0","0","0","0","0","1","1","0","0","0","0","0","0","0","0","0","0","-2"
"130934","Delaware State University","2017","On-tenure track, associate professors","31","16","15","0","0","0","8","4","4","12","6","6","1","1","0","0","0","0","10","5","5","0","0","0","0","0","0","0","0","0","-2"
"130934","Delaware State University","2017","On-tenure track, assistant professors","37","16","21","0","0","0","7","4","3","12","3","9","1","1","0","0","0","0","16","8","8","1","0","1","0","0","0","0","0","0","-2"
"130934","Delaware State University","2017","Not on tenure track/No tenure system system total","29","11","18","0","0","0","6","2","4","12","6","6","2","0","2","0","0","0","9","3","6","0","0","0","0","0","0","0","0","0","-2"
"130934","Delaware State University","2017","Not on tenure/no tenure system, professors","1","1","0","0","0","0","0","0","0","1","1","0","0","0","0","0","0","0","0","0","0","0","0","0","0","0","0","0","0","0","-2"
"130934","Delaware State University","2017","Not on tenure/no tenure system, associate professors","1","1","0","0","0","0","0","0","0","1","1","0","0","0","0","0","0","0","0","0","0","0","0","0","0","0","0","0","0","0","-2"
"130934","Delaware State University","2017","Not on tenure/no tenure system, assistant professors","13","6","7","0","0","0","4","2","2","5","2","3","1","0","1","0","0","0","3","2","1","0","0","0","0","0","0","0","0","0","-2"
"130934","Delaware State University","2017","Not on tenure/no tenure system, instructors","9","3","6","0","0","0","0","0","0","4","2","2","1","0","1","0","0","0","4","1","3","0","0","0","0","0","0","0","0","0","-2"
"130934","Delaware State University","2017","Not on tenure/no tenure system, lecturers","5","0","5","0","0","0","2","0","2","1","0","1","0","0","0","0","0","0","2","0","2","0","0","0","0","0","0","0","0","0","-2"
"130943","University of Delaware","2017","Tenured total","671","442","229","0","0","0","104","71","33","28","16","12","22","15","7","0","0","0","513","338","175","0","0","0","2","1","1","2","1","1","-2"
"130943","University of Delaware","2017","Tenured, professors","373","273","100","0","0","0","51","41","10","13","9","4","10","10","0","0","0","0","299","213","86","0","0","0","0","0","0","0","0","0","-2"
"130943","University of Delaware","2017","Tenured, associate professors","298","169","129","0","0","0","53","30","23","15","7","8","12","5","7","0","0","0","214","125","89","0","0","0","2","1","1","2","1","1","-2"
"130943","University of Delaware","2017","On-Tenure track total","190","87","103","0","0","0","31","12","19","8","4","4","11","6","5","0","0","0","119","55","64","2","1","1","0","0","0","19","9","10","-2"
"130943","University of Delaware","2017","On-tenure track, associate professors","9","2","7","0","0","0","1","0","1","1","0","1","1","0","1","0","0","0","6","2","4","0","0","0","0","0","0","0","0","0","-2"
"130943","University of Delaware","2017","On-tenure track, assistant professors","181","85","96","0","0","0","30","12","18","7","4","3","10","6","4","0","0","0","113","53","60","2","1","1","0","0","0","19","9","10","-2"
"130943","University of Delaware","2017","Not on tenure track/No tenure system system total","324","132","192","1","0","1","15","8","7","18","6","12","11","4","7","0","0","0","269","107","162","0","0","0","0","0","0","10","7","3","-2"
"130943","University of Delaware","2017","Not on tenure/no tenure system, professors","17","10","7","0","0","0","3","2","1","1","1","0","0","0","0","0","0","0","13","7","6","0","0","0","0","0","0","0","0","0","-2"
"130943","University of Delaware","2017","Not on tenure/no tenure system, associate professors","56","33","23","1","0","1","3","3","0","3","2","1","0","0","0","0","0","0","49","28","21","0","0","0","0","0","0","0","0","0","-2"
"130943","University of Delaware","2017","Not on tenure/no tenure system, assistant professors","156","65","91","0","0","0","8","3","5","10","2","8","5","4","1","0","0","0","124","49","75","0","0","0","0","0","0","9","7","2","-2"
"130943","University of Delaware","2017","Not on tenure/no tenure system, instructors","95","24","71","0","0","0","1","0","1","4","1","3","6","0","6","0","0","0","83","23","60","0","0","0","0","0","0","1","0","1","-2"
"131520","Howard University","2017","Tenured total","444","273","171","1","0","1","17","13","4","283","176","107","17","2","15","0","0","0","73","47","26","0","0","0","53","35","18","0","0","0","-2"
"131520","Howard University","2017","Tenured, professors","216","148","68","1","0","1","8","8","0","139","96","43","7","1","6","0","0","0","39","28","11","0","0","0","22","15","7","0","0","0","-2"
"131520","Howard University","2017","Tenured, associate professors","224","123","101","0","0","0","9","5","4","141","78","63","9","1","8","0","0","0","34","19","15","0","0","0","31","20","11","0","0","0","-2"
"131520","Howard University","2017","Tenured, assistant professors","4","2","2","0","0","0","0","0","0","3","2","1","1","0","1","0","0","0","0","0","0","0","0","0","0","0","0","0","0","0","-2"
"131520","Howard University","2017","On-Tenure track total","188","88","100","0","0","0","18","13","5","90","38","52","2","1","1","0","0","0","24","8","16","0","0","0","54","28","26","0","0","0","-2"
"131520","Howard University","2017","On-tenure track, professors","3","2","1","0","0","0","0","0","0","1","1","0","0","0","0","0","0","0","1","0","1","0","0","0","1","1","0","0","0","0","-2"
"131520","Howard University","2017","On-tenure track, associate professors","18","10","8","0","0","0","3","3","0","3","1","2","2","1","1","0","0","0","2","1","1","0","0","0","8","4","4","0","0","0","-2"
"131520","Howard University","2017","On-tenure track, assistant professors","166","76","90","0","0","0","15","10","5","85","36","49","0","0","0","0","0","0","21","7","14","0","0","0","45","23","22","0","0","0","-2"
"131520","Howard University","2017","On-tenure track, instructors","1","0","1","0","0","0","0","0","0","1","0","1","0","0","0","0","0","0","0","0","0","0","0","0","0","0","0","0","0","0","-2"
"131520","Howard University","2017","Not on tenure track/No tenure system system total","325","148","177","3","3","0","14","4","10","192","83","109","10","6","4","0","0","0","34","17","17","1","1","0","71","34","37","0","0","0","-2"
"131520","Howard University","2017","Not on tenure/no tenure system, professors","6","5","1","0","0","0","0","0","0","2","2","0","0","0","0","0","0","0","2","2","0","0","0","0","2","1","1","0","0","0","-2"
"131520","Howard University","2017","Not on tenure/no tenure system, associate professors","55","27","28","3","3","0","3","1","2","38","16","22","0","0","0","0","0","0","2","1","1","0","0","0","9","6","3","0","0","0","-2"
"131520","Howard University","2017","Not on tenure/no tenure system, assistant professors","109","50","59","0","0","0","8","3","5","61","24","37","1","1","0","0","0","0","11","7","4","0","0","0","28","15","13","0","0","0","-2"
"131520","Howard University","2017","Not on tenure/no tenure system, instructors","51","19","32","0","0","0","1","0","1","28","11","17","2","1","1","0","0","0","9","3","6","0","0","0","11","4","7","0","0","0","-2"
"131520","Howard University","2017","Not on tenure/no tenure system, lecturers","100","45","55","0","0","0","2","0","2","60","29","31","7","4","3","0","0","0","9","3","6","1","1","0","21","8","13","0","0","0","-2"
"131520","Howard University","2017","Not on tenure/no tenure system, no academic rank","4","2","2","0","0","0","0","0","0","3","1","2","0","0","0","0","0","0","1","1","0","0","0","0","0","0","0","0","0","0","-2"
"133553","Embry-Riddle Aeronautical University-Daytona Beach","2017","Tenured total","131","101","30","0","0","0","17","13","4","1","0","1","1","0","1","0","0","0","108","87","21","0","0","0","3","1","2","1","0","1","-2"
"133553","Embry-Riddle Aeronautical University-Daytona Beach","2017","Tenured, professors","75","64","11","0","0","0","10","9","1","0","0","0","0","0","0","0","0","0","62","54","8","0","0","0","2","1","1","1","0","1","-2"
"133553","Embry-Riddle Aeronautical University-Daytona Beach","2017","Tenured, associate professors","55","37","18","0","0","0","7","4","3","1","0","1","1","0","1","0","0","0","46","33","13","0","0","0","0","0","0","0","0","0","-2"
"133553","Embry-Riddle Aeronautical University-Daytona Beach","2017","Tenured, assistant professors","1","0","1","0","0","0","0","0","0","0","0","0","0","0","0","0","0","0","0","0","0","0","0","0","1","0","1","0","0","0","-2"
"133553","Embry-Riddle Aeronautical University-Daytona Beach","2017","On-Tenure track total","73","50","23","0","0","0","4","2","2","2","2","0","4","1","3","0","0","0","39","27","12","0","0","0","12","8","4","12","10","2","-2"
"133553","Embry-Riddle Aeronautical University-Daytona Beach","2017","On-tenure track, professors","2","2","0","0","0","0","0","0","0","0","0","0","0","0","0","0","0","0","2","2","0","0","0","0","0","0","0","0","0","0","-2"
"133553","Embry-Riddle Aeronautical University-Daytona Beach","2017","On-tenure track, associate professors","10","8","2","0","0","0","0","0","0","0","0","0","1","0","1","0","0","0","8","7","1","0","0","0","1","1","0","0","0","0","-2"
"133553","Embry-Riddle Aeronautical University-Daytona Beach","2017","On-tenure track, assistant professors","61","40","21","0","0","0","4","2","2","2","2","0","3","1","2","0","0","0","29","18","11","0","0","0","11","7","4","12","10","2","-2"
"133553","Embry-Riddle Aeronautical University-Daytona Beach","2017","Not on tenure track/No tenure system system total","112","81","31","0","0","0","8","4","4","3","2","1","4","3","1","1","1","0","82","62","20","0","0","0","9","6","3","5","3","2","-2"
"133553","Embry-Riddle Aeronautical University-Daytona Beach","2017","Not on tenure/no tenure system, professors","6","5","1","0","0","0","1","1","0","0","0","0","1","0","1","0","0","0","4","4","0","0","0","0","0","0","0","0","0","0","-2"
"133553","Embry-Riddle Aeronautical University-Daytona Beach","2017","Not on tenure/no tenure system, associate professors","30","26","4","0","0","0","1","0","1","2","2","0","1","1","0","1","1","0","25","22","3","0","0","0","0","0","0","0","0","0","-2"
"133553","Embry-Riddle Aeronautical University-Daytona Beach","2017","Not on tenure/no tenure system, assistant professors","52","36","16","0","0","0","5","3","2","1","0","1","2","2","0","0","0","0","34","25","9","0","0","0","6","3","3","4","3","1","-2"
"133553","Embry-Riddle Aeronautical University-Daytona Beach","2017","Not on tenure/no tenure system, instructors","24","14","10","0","0","0","1","0","1","0","0","0","0","0","0","0","0","0","19","11","8","0","0","0","3","3","0","1","0","1","-2"
"133650","Florida Agricultural and Mechanical University","2017","Tenured total","290","179","111","0","0","0","17","13","4","192","113","79","10","4","6","0","0","0","53","36","17","1","0","1","0","0","0","17","13","4","-2"
"133650","Florida Agricultural and Mechanical University","2017","Tenured, professors","135","98","37","0","0","0","10","9","1","87","60","27","3","1","2","0","0","0","26","20","6","0","0","0","0","0","0","9","8","1","-2"
"133650","Florida Agricultural and Mechanical University","2017","Tenured, associate professors","140","71","69","0","0","0","7","4","3","91","44","47","7","3","4","0","0","0","26","15","11","1","0","1","0","0","0","8","5","3","-2"
"133650","Florida Agricultural and Mechanical University","2017","Tenured, assistant professors","15","10","5","0","0","0","0","0","0","14","9","5","0","0","0","0","0","0","1","1","0","0","0","0","0","0","0","0","0","0","-2"
"133650","Florida Agricultural and Mechanical University","2017","On-Tenure track total","118","55","63","0","0","0","7","5","2","78","28","50","5","4","1","0","0","0","15","9","6","0","0","0","0","0","0","13","9","4","-2"
"133650","Florida Agricultural and Mechanical University","2017","On-tenure track, professors","1","0","1","0","0","0","1","0","1","0","0","0","0","0","0","0","0","0","0","0","0","0","0","0","0","0","0","0","0","0","-2"
"133650","Florida Agricultural and Mechanical University","2017","On-tenure track, associate professors","18","6","12","0","0","0","1","1","0","15","4","11","0","0","0","0","0","0","0","0","0","0","0","0","0","0","0","2","1","1","-2"
"133650","Florida Agricultural and Mechanical University","2017","On-tenure track, assistant professors","98","49","49","0","0","0","5","4","1","62","24","38","5","4","1","0","0","0","15","9","6","0","0","0","0","0","0","11","8","3","-2"
"133650","Florida Agricultural and Mechanical University","2017","On-tenure track, instructors","1","0","1","0","0","0","0","0","0","1","0","1","0","0","0","0","0","0","0","0","0","0","0","0","0","0","0","0","0","0","-2"
"133650","Florida Agricultural and Mechanical University","2017","Not on tenure track/No tenure system system total","144","52","92","0","0","0","2","1","1","107","33","74","3","1","2","0","0","0","20","11","9","1","0","1","0","0","0","11","6","5","-2"
"133650","Florida Agricultural and Mechanical University","2017","Not on tenure/no tenure system, professors","4","3","1","0","0","0","0","0","0","2","1","1","0","0","0","0","0","0","2","2","0","0","0","0","0","0","0","0","0","0","-2"
"133650","Florida Agricultural and Mechanical University","2017","Not on tenure/no tenure system, associate professors","6","1","5","0","0","0","1","0","1","4","0","4","0","0","0","0","0","0","1","1","0","0","0","0","0","0","0","0","0","0","-2"
"133650","Florida Agricultural and Mechanical University","2017","Not on tenure/no tenure system, assistant professors","34","18","16","0","0","0","0","0","0","28","14","14","0","0","0","0","0","0","4","3","1","1","0","1","0","0","0","1","1","0","-2"
"133650","Florida Agricultural and Mechanical University","2017","Not on tenure/no tenure system, instructors","100","30","70","0","0","0","1","1","0","73","18","55","3","1","2","0","0","0","13","5","8","0","0","0","0","0","0","10","5","5","-2"
"133881","Florida Institute of Technology","2017","Not on tenure track/No tenure system system total","305","229","76","2","2","0","34","28","6","7","3","4","21","12","9","16","16","0","220","164","56","4","3","1","1","1","0","0","0","0","-2"
"133881","Florida Institute of Technology","2017","Not on tenure/no tenure system, professors","84","69","15","0","0","0","6","5","1","0","0","0","4","3","1","10","10","0","64","51","13","0","0","0","0","0","0","0","0","0","-2"
"133881","Florida Institute of Technology","2017","Not on tenure/no tenure system, associate professors","90","72","18","1","1","0","11","9","2","2","2","0","5","5","0","5","5","0","64","48","16","2","2","0","0","0","0","0","0","0","-2"
"133881","Florida Institute of Technology","2017","Not on tenure/no tenure system, assistant professors","108","78","30","1","1","0","16","13","3","2","1","1","12","4","8","1","1","0","73","56","17","2","1","1","1","1","0","0","0","0","-2"
"133881","Florida Institute of Technology","2017","Not on tenure/no tenure system, instructors","23","10","13","0","0","0","1","1","0","3","0","3","0","0","0","0","0","0","19","9","10","0","0","0","0","0","0","0","0","0","-2"
"133951","Florida International University","2017","Tenured total","470","329","141","1","0","1","104","84","20","23","12","11","62","46","16","0","0","0","272","184","88","0","0","0","0","0","0","8","3","5","-2"
"133951","Florida International University","2017","Tenured, professors","241","187","54","1","0","1","44","39","5","9","8","1","45","36","9","0","0","0","141","103","38","0","0","0","0","0","0","1","1","0","-2"
"133951","Florida International University","2017","Tenured, associate professors","229","142","87","0","0","0","60","45","15","14","4","10","17","10","7","0","0","0","131","81","50","0","0","0","0","0","0","7","2","5","-2"
"133951","Florida International University","2017","On-Tenure track total","224","126","98","1","1","0","39","25","14","8","2","6","21","11","10","0","0","0","119","64","55","0","0","0","0","0","0","36","23","13","-2"
"133951","Florida International University","2017","On-tenure track, professors","1","1","0","0","0","0","0","0","0","0","0","0","0","0","0","0","0","0","0","0","0","0","0","0","0","0","0","1","1","0","-2"
"133951","Florida International University","2017","On-tenure track, associate professors","38","22","16","0","0","0","10","7","3","2","0","2","5","3","2","0","0","0","20","12","8","0","0","0","0","0","0","1","0","1","-2"
"133951","Florida International University","2017","On-tenure track, assistant professors","184","102","82","1","1","0","29","18","11","6","2","4","16","8","8","0","0","0","98","51","47","0","0","0","0","0","0","34","22","12","-2"
"133951","Florida International University","2017","On-tenure track, instructors","1","1","0","0","0","0","0","0","0","0","0","0","0","0","0","0","0","0","1","1","0","0","0","0","0","0","0","0","0","0","-2"
"133951","Florida International University","2017","Not on tenure track/No tenure system system total","532","257","275","2","1","1","32","15","17","43","14","29","148","64","84","0","0","0","261","129","132","6","2","4","0","0","0","40","32","8","-2"
"133951","Florida International University","2017","Not on tenure/no tenure system, professors","19","13","6","0","0","0","2","1","1","0","0","0","3","3","0","0","0","0","12","7","5","0","0","0","0","0","0","2","2","0","-2"
"133951","Florida International University","2017","Not on tenure/no tenure system, associate professors","43","21","22","0","0","0","2","1","1","5","2","3","11","4","7","0","0","0","22","11","11","0","0","0","0","0","0","3","3","0","-2"
"133951","Florida International University","2017","Not on tenure/no tenure system, assistant professors","120","41","79","0","0","0","9","5","4","14","0","14","36","15","21","0","0","0","49","13","36","3","1","2","0","0","0","9","7","2","-2"
"133951","Florida International University","2017","Not on tenure/no tenure system, instructors","300","156","144","1","0","1","16","7","9","20","11","9","82","38","44","0","0","0","152","79","73","3","1","2","0","0","0","26","20","6","-2"
"133951","Florida International University","2017","Not on tenure/no tenure system, lecturers","35","17","18","1","1","0","3","1","2","4","1","3","9","3","6","0","0","0","18","11","7","0","0","0","0","0","0","0","0","0","-2"
"133951","Florida International University","2017","Not on tenure/no tenure system, no academic rank","15","9","6","0","0","0","0","0","0","0","0","0","7","1","6","0","0","0","8","8","0","0","0","0","0","0","0","0","0","0","-2"
"133979","Florida Memorial University","2017","Tenured total","25","14","11","0","0","0","3","3","0","13","7","6","1","1","0","0","0","0","8","3","5","0","0","0","0","0","0","0","0","0","-2"
"133979","Florida Memorial University","2017","Tenured, professors","5","2","3","0","0","0","1","1","0","3","1","2","0","0","0","0","0","0","1","0","1","0","0","0","0","0","0","0","0","0","-2"
"133979","Florida Memorial University","2017","Tenured, associate professors","20","12","8","0","0","0","2","2","0","10","6","4","1","1","0","0","0","0","7","3","4","0","0","0","0","0","0","0","0","0","-2"
"133979","Florida Memorial University","2017","On-Tenure track total","34","20","14","0","0","0","2","1","1","24","14","10","5","3","2","0","0","0","3","2","1","0","0","0","0","0","0","0","0","0","-2"
"133979","Florida Memorial University","2017","On-tenure track, professors","1","0","1","0","0","0","0","0","0","1","0","1","0","0","0","0","0","0","0","0","0","0","0","0","0","0","0","0","0","0","-2"
"133979","Florida Memorial University","2017","On-tenure track, associate professors","13","8","5","0","0","0","1","0","1","9","6","3","2","1","1","0","0","0","1","1","0","0","0","0","0","0","0","0","0","0","-2"
"133979","Florida Memorial University","2017","On-tenure track, assistant professors","20","12","8","0","0","0","1","1","0","14","8","6","3","2","1","0","0","0","2","1","1","0","0","0","0","0","0","0","0","0","-2"
"133979","Florida Memorial University","2017","Not on tenure track/No tenure system system total","10","6","4","0","0","0","1","1","0","5","3","2","4","2","2","0","0","0","0","0","0","0","0","0","0","0","0","0","0","0","-2"
"133979","Florida Memorial University","2017","Not on tenure/no tenure system, instructors","10","6","4","0","0","0","1","1","0","5","3","2","4","2","2","0","0","0","0","0","0","0","0","0","0","0","0","0","0","0","-2"
"134097","Florida State University","2017","Tenured total","780","537","243","3","3","0","104","81","23","32","15","17","28","21","7","0","0","0","605","415","190","6","1","5","0","0","0","2","1","1","-2"
"134097","Florida State University","2017","Tenured, professors","487","366","121","2","2","0","57","46","11","18","11","7","17","13","4","0","0","0","390","293","97","3","1","2","0","0","0","0","0","0","-2"
"134097","Florida State University","2017","Tenured, associate professors","293","171","122","1","1","0","47","35","12","14","4","10","11","8","3","0","0","0","215","122","93","3","0","3","0","0","0","2","1","1","-2"
"134097","Florida State University","2017","On-Tenure track total","321","177","144","0","0","0","43","27","16","15","7","8","18","9","9","0","0","0","196","103","93","5","2","3","0","0","0","44","29","15","-2"
"134097","Florida State University","2017","On-tenure track, professors","5","2","3","0","0","0","0","0","0","0","0","0","0","0","0","0","0","0","5","2","3","0","0","0","0","0","0","0","0","0","-2"
"134097","Florida State University","2017","On-tenure track, associate professors","14","6","8","0","0","0","5","4","1","1","1","0","1","0","1","0","0","0","7","1","6","0","0","0","0","0","0","0","0","0","-2"
"134097","Florida State University","2017","On-tenure track, assistant professors","302","169","133","0","0","0","38","23","15","14","6","8","17","9","8","0","0","0","184","100","84","5","2","3","0","0","0","44","29","15","-2"
"134097","Florida State University","2017","Not on tenure track/No tenure system system total","370","166","204","0","0","0","15","4","11","22","7","15","21","7","14","0","0","0","292","139","153","8","2","6","0","0","0","12","7","5","-2"
"134097","Florida State University","2017","Not on tenure/no tenure system, professors","14","8","6","0","0","0","0","0","0","1","1","0","2","0","2","0","0","0","10","7","3","1","0","1","0","0","0","0","0","0","-2"
"134097","Florida State University","2017","Not on tenure/no tenure system, associate professors","11","7","4","0","0","0","1","0","1","1","0","1","2","2","0","0","0","0","6","4","2","1","1","0","0","0","0","0","0","0","-2"
"134097","Florida State University","2017","Not on tenure/no tenure system, assistant professors","30","11","19","0","0","0","0","0","0","5","2","3","2","0","2","0","0","0","18","6","12","1","0","1","0","0","0","4","3","1","-2"
"134097","Florida State University","2017","Not on tenure/no tenure system, no academic rank","315","140","175","0","0","0","14","4","10","15","4","11","15","5","10","0","0","0","258","122","136","5","1","4","0","0","0","8","4","4","-2"
"135726","University of Miami","2017","Tenured total","859","623","236","4","4","0","112","83","29","23","14","9","95","61","34","0","0","0","612","453","159","3","2","1","4","3","1","6","3","3","-2"
"135726","University of Miami","2017","Tenured, professors","588","461","127","3","3","0","66","53","13","14","9","5","65","47","18","0","0","0","432","343","89","3","2","1","3","3","0","2","1","1","-2"
"135726","University of Miami","2017","Tenured, associate professors","271","162","109","1","1","0","46","30","16","9","5","4","30","14","16","0","0","0","180","110","70","0","0","0","1","0","1","4","2","2","-2"
"135726","University of Miami","2017","On-Tenure track total","208","131","77","1","1","0","39","29","10","10","7","3","20","13","7","0","0","0","104","56","48","1","0","1","0","0","0","33","25","8","-2"
"135726","University of Miami","2017","On-tenure track, professors","8","5","3","0","0","0","2","2","0","1","1","0","1","0","1","0","0","0","3","1","2","0","0","0","0","0","0","1","1","0","-2"
"135726","University of Miami","2017","On-tenure track, associate professors","38","29","9","0","0","0","12","10","2","1","1","0","4","4","0","0","0","0","20","13","7","0","0","0","0","0","0","1","1","0","-2"
"135726","University of Miami","2017","On-tenure track, assistant professors","162","97","65","1","1","0","25","17","8","8","5","3","15","9","6","0","0","0","81","42","39","1","0","1","0","0","0","31","23","8","-2"
"135726","University of Miami","2017","Not on tenure track/No tenure system system total","443","210","233","0","0","0","21","5","16","33","13","20","109","45","64","0","0","0","250","126","124","6","2","4","6","5","1","18","14","4","-2"
"135726","University of Miami","2017","Not on tenure/no tenure system, professors","19","13","6","0","0","0","0","0","0","1","0","1","2","2","0","0","0","0","15","10","5","0","0","0","0","0","0","1","1","0","-2"
"135726","University of Miami","2017","Not on tenure/no tenure system, associate professors","35","18","17","0","0","0","3","2","1","4","2","2","8","3","5","0","0","0","20","11","9","0","0","0","0","0","0","0","0","0","-2"
"135726","University of Miami","2017","Not on tenure/no tenure system, assistant professors","86","38","48","0","0","0","5","2","3","11","3","8","23","5","18","0","0","0","34","19","15","2","1","1","3","2","1","8","6","2","-2"
"135726","University of Miami","2017","Not on tenure/no tenure system, instructors","1","1","0","0","0","0","0","0","0","1","1","0","0","0","0","0","0","0","0","0","0","0","0","0","0","0","0","0","0","0","-2"
"135726","University of Miami","2017","Not on tenure/no tenure system, lecturers","302","140","162","0","0","0","13","1","12","16","7","9","76","35","41","0","0","0","181","86","95","4","1","3","3","3","0","9","7","2","-2"
"137351","University of South Florida-Main Campus","2017","Tenured total","713","481","232","3","2","1","100","80","20","30","14","16","38","20","18","0","0","0","530","355","175","0","0","0","3","3","0","9","7","2","-2"
"137351","University of South Florida-Main Campus","2017","Tenured, professors","385","287","98","3","2","1","48","46","2","6","5","1","23","14","9","0","0","0","303","218","85","0","0","0","2","2","0","0","0","0","-2"
"137351","University of South Florida-Main Campus","2017","Tenured, associate professors","326","194","132","0","0","0","52","34","18","24","9","15","15","6","9","0","0","0","225","137","88","0","0","0","1","1","0","9","7","2","-2"
"137351","University of South Florida-Main Campus","2017","Tenured, assistant professors","1","0","1","0","0","0","0","0","0","0","0","0","0","0","0","0","0","0","1","0","1","0","0","0","0","0","0","0","0","0","-2"
"137351","University of South Florida-Main Campus","2017","Tenured, instructors","1","0","1","0","0","0","0","0","0","0","0","0","0","0","0","0","0","0","1","0","1","0","0","0","0","0","0","0","0","0","-2"
"137351","University of South Florida-Main Campus","2017","On-Tenure track total","274","145","129","1","0","1","54","31","23","15","6","9","19","9","10","0","0","0","149","78","71","0","0","0","4","3","1","32","18","14","-2"
"137351","University of South Florida-Main Campus","2017","On-tenure track, professors","13","9","4","0","0","0","1","1","0","0","0","0","0","0","0","0","0","0","12","8","4","0","0","0","0","0","0","0","0","0","-2"
"137351","University of South Florida-Main Campus","2017","On-tenure track, associate professors","54","29","25","0","0","0","11","9","2","2","0","2","6","3","3","0","0","0","32","16","16","0","0","0","0","0","0","3","1","2","-2"
"137351","University of South Florida-Main Campus","2017","On-tenure track, assistant professors","202","104","98","1","0","1","41","20","21","13","6","7","13","6","7","0","0","0","102","52","50","0","0","0","4","3","1","28","17","11","-2"
"137351","University of South Florida-Main Campus","2017","On-tenure track, instructors","5","3","2","0","0","0","1","1","0","0","0","0","0","0","0","0","0","0","3","2","1","0","0","0","0","0","0","1","0","1","-2"
"137351","University of South Florida-Main Campus","2017","Not on tenure track/No tenure system system total","794","361","433","1","1","0","86","42","44","39","16","23","111","59","52","2","0","2","530","229","301","0","0","0","0","0","0","25","14","11","-2"
"137351","University of South Florida-Main Campus","2017","Not on tenure/no tenure system, professors","50","36","14","0","0","0","4","2","2","2","1","1","2","1","1","0","0","0","42","32","10","0","0","0","0","0","0","0","0","0","-2"
"137351","University of South Florida-Main Campus","2017","Not on tenure/no tenure system, associate professors","84","45","39","1","1","0","8","5","3","6","3","3","14","9","5","0","0","0","54","27","27","0","0","0","0","0","0","1","0","1","-2"
"137351","University of South Florida-Main Campus","2017","Not on tenure/no tenure system, assistant professors","237","112","125","0","0","0","29","15","14","11","3","8","59","35","24","1","0","1","127","54","73","0","0","0","0","0","0","10","5","5","-2"
"137351","University of South Florida-Main Campus","2017","Not on tenure/no tenure system, instructors","356","137","219","0","0","0","25","9","16","19","9","10","25","7","18","0","0","0","276","104","172","0","0","0","0","0","0","11","8","3","-2"
"137351","University of South Florida-Main Campus","2017","Not on tenure/no tenure system, no academic rank","67","31","36","0","0","0","20","11","9","1","0","1","11","7","4","1","0","1","31","12","19","0","0","0","0","0","0","3","1","2","-2"
"139755","Georgia Institute of Technology-Main Campus","2017","Tenured total","654","518","136","0","0","0","71","60","11","20","13","7","20","13","7","0","0","0","340","277","63","1","1","0","1","1","0","201","153","48","-2"
"139755","Georgia Institute of Technology-Main Campus","2017","Tenured, professors","402","332","70","0","0","0","51","45","6","8","5","3","8","6","2","0","0","0","229","189","40","0","0","0","0","0","0","106","87","19","-2"
"139755","Georgia Institute of Technology-Main Campus","2017","Tenured, associate professors","252","186","66","0","0","0","20","15","5","12","8","4","12","7","5","0","0","0","111","88","23","1","1","0","1","1","0","95","66","29","-2"
"139755","Georgia Institute of Technology-Main Campus","2017","On-Tenure track total","175","120","55","0","0","0","19","9","10","5","3","2","3","3","0","0","0","0","74","52","22","1","1","0","2","1","1","71","51","20","-2"
"139755","Georgia Institute of Technology-Main Campus","2017","On-tenure track, professors","1","1","0","0","0","0","0","0","0","0","0","0","0","0","0","0","0","0","1","1","0","0","0","0","0","0","0","0","0","0","-2"
"139755","Georgia Institute of Technology-Main Campus","2017","On-tenure track, associate professors","8","6","2","0","0","0","1","0","1","1","1","0","0","0","0","0","0","0","1","1","0","0","0","0","0","0","0","5","4","1","-2"
"139755","Georgia Institute of Technology-Main Campus","2017","On-tenure track, assistant professors","166","113","53","0","0","0","18","9","9","4","2","2","3","3","0","0","0","0","72","50","22","1","1","0","2","1","1","66","47","19","-2"
"139755","Georgia Institute of Technology-Main Campus","2017","Not on tenure track/No tenure system system total","177","93","84","0","0","0","12","6","6","6","5","1","2","0","2","0","0","0","128","66","62","0","0","0","2","0","2","27","16","11","-2"
"139755","Georgia Institute of Technology-Main Campus","2017","Not on tenure/no tenure system, instructors","9","3","6","0","0","0","0","0","0","0","0","0","0","0","0","0","0","0","8","3","5","0","0","0","0","0","0","1","0","1","-2"
"139755","Georgia Institute of Technology-Main Campus","2017","Not on tenure/no tenure system, lecturers","94","47","47","0","0","0","8","3","5","4","3","1","2","0","2","0","0","0","65","32","33","0","0","0","1","0","1","14","9","5","-2"
"139755","Georgia Institute of Technology-Main Campus","2017","Not on tenure/no tenure system, no academic rank","74","43","31","0","0","0","4","3","1","2","2","0","0","0","0","0","0","0","55","31","24","0","0","0","1","0","1","12","7","5","-2"
"139959","University of Georgia","2017","Tenured total","1220","820","400","4","2","2","126","94","32","74","39","35","53","33","20","0","0","0","927","627","300","5","4","1","29","20","9","2","1","1","-2"
"139959","University of Georgia","2017","Tenured, professors","717","526","191","4","2","2","62","48","14","45","25","20","26","18","8","0","0","0","559","417","142","3","3","0","17","13","4","1","0","1","-2"
"139959","University of Georgia","2017","Tenured, associate professors","502","293","209","0","0","0","64","46","18","29","14","15","27","15","12","0","0","0","367","209","158","2","1","1","12","7","5","1","1","0","-2"
"139959","University of Georgia","2017","Tenured, assistant professors","1","1","0","0","0","0","0","0","0","0","0","0","0","0","0","0","0","0","1","1","0","0","0","0","0","0","0","0","0","0","-2"
"139959","University of Georgia","2017","On-Tenure track total","391","224","167","1","1","0","47","30","17","18","8","10","15","5","10","0","0","0","229","136","93","2","0","2","63","35","28","16","9","7","-2"
"139959","University of Georgia","2017","On-tenure track, associate professors","19","11","8","0","0","0","3","1","2","1","1","0","1","0","1","0","0","0","8","5","3","1","0","1","5","4","1","0","0","0","-2"
"139959","University of Georgia","2017","On-tenure track, assistant professors","372","213","159","1","1","0","44","29","15","17","7","10","14","5","9","0","0","0","221","131","90","1","0","1","58","31","27","16","9","7","-2"
"139959","University of Georgia","2017","Not on tenure track/No tenure system system total","422","186","236","2","0","2","14","5","9","12","4","8","14","2","12","0","0","0","318","140","178","3","1","2","51","26","25","8","8","0","-2"
"139959","University of Georgia","2017","Not on tenure/no tenure system, professors","15","7","8","0","0","0","0","0","0","1","1","0","0","0","0","0","0","0","13","5","8","0","0","0","1","1","0","0","0","0","-2"
"139959","University of Georgia","2017","Not on tenure/no tenure system, associate professors","33","10","23","0","0","0","1","0","1","1","0","1","1","0","1","0","0","0","27","9","18","1","0","1","2","1","1","0","0","0","-2"
"139959","University of Georgia","2017","Not on tenure/no tenure system, assistant professors","79","30","49","0","0","0","2","1","1","2","0","2","0","0","0","0","0","0","46","12","34","1","0","1","25","14","11","3","3","0","-2"
"139959","University of Georgia","2017","Not on tenure/no tenure system, instructors","78","37","41","1","0","1","2","1","1","1","1","0","9","2","7","0","0","0","58","29","29","0","0","0","7","4","3","0","0","0","-2"
"139959","University of Georgia","2017","Not on tenure/no tenure system, lecturers","217","102","115","1","0","1","9","3","6","7","2","5","4","0","4","0","0","0","174","85","89","1","1","0","16","6","10","5","5","0","-2"
"140720","Paine College","2017","Tenured total","3","3","0","0","0","0","1","1","0","1","1","0","0","0","0","0","0","0","1","1","0","0","0","0","0","0","0","0","0","0","-2"
"140720","Paine College","2017","Tenured, professors","2","2","0","0","0","0","1","1","0","0","0","0","0","0","0","0","0","0","1","1","0","0","0","0","0","0","0","0","0","0","-2"
"140720","Paine College","2017","Tenured, associate professors","1","1","0","0","0","0","0","0","0","1","1","0","0","0","0","0","0","0","0","0","0","0","0","0","0","0","0","0","0","0","-2"
"140720","Paine College","2017","On-Tenure track total","19","13","6","0","0","0","4","4","0","11","6","5","1","1","0","0","0","0","3","2","1","0","0","0","0","0","0","0","0","0","-2"
"140720","Paine College","2017","On-tenure track, associate professors","4","3","1","0","0","0","1","1","0","3","2","1","0","0","0","0","0","0","0","0","0","0","0","0","0","0","0","0","0","0","-2"
"140720","Paine College","2017","On-tenure track, assistant professors","15","10","5","0","0","0","3","3","0","8","4","4","1","1","0","0","0","0","3","2","1","0","0","0","0","0","0","0","0","0","-2"
"140720","Paine College","2017","Not on tenure track/No tenure system system total","8","5","3","0","0","0","0","0","0","7","5","2","0","0","0","0","0","0","1","0","1","0","0","0","0","0","0","0","0","0","-2"
"140720","Paine College","2017","Not on tenure/no tenure system, assistant professors","4","3","1","0","0","0","0","0","0","3","3","0","0","0","0","0","0","0","1","0","1","0","0","0","0","0","0","0","0","0","-2"
"140720","Paine College","2017","Not on tenure/no tenure system, instructors","4","2","2","0","0","0","0","0","0","4","2","2","0","0","0","0","0","0","0","0","0","0","0","0","0","0","0","0","0","0","-2"
"140960","Savannah State University","2017","Tenured total","45","32","13","0","0","0","15","11","4","23","17","6","0","0","0","0","0","0","7","4","3","0","0","0","0","0","0","0","0","0","-2"
"140960","Savannah State University","2017","Tenured, professors","21","16","5","0","0","0","7","6","1","12","9","3","0","0","0","0","0","0","2","1","1","0","0","0","0","0","0","0","0","0","-2"
"140960","Savannah State University","2017","Tenured, associate professors","19","13","6","0","0","0","7","5","2","8","6","2","0","0","0","0","0","0","4","2","2","0","0","0","0","0","0","0","0","0","-2"
"140960","Savannah State University","2017","Tenured, assistant professors","4","3","1","0","0","0","0","0","0","3","2","1","0","0","0","0","0","0","1","1","0","0","0","0","0","0","0","0","0","0","-2"
"140960","Savannah State University","2017","Tenured, instructors","1","0","1","0","0","0","1","0","1","0","0","0","0","0","0","0","0","0","0","0","0","0","0","0","0","0","0","0","0","0","-2"
"140960","Savannah State University","2017","On-Tenure track total","84","45","39","0","0","0","7","6","1","33","16","17","1","1","0","1","0","1","24","14","10","1","0","1","1","0","1","16","8","8","-2"
"140960","Savannah State University","2017","On-tenure track, professors","3","3","0","0","0","0","1","1","0","2","2","0","0","0","0","0","0","0","0","0","0","0","0","0","0","0","0","0","0","0","-2"
"140960","Savannah State University","2017","On-tenure track, associate professors","18","9","9","0","0","0","2","2","0","3","2","1","0","0","0","0","0","0","9","5","4","1","0","1","0","0","0","3","0","3","-2"
"140960","Savannah State University","2017","On-tenure track, assistant professors","60","33","27","0","0","0","4","3","1","27","12","15","1","1","0","1","0","1","13","9","4","0","0","0","1","0","1","13","8","5","-2"
"140960","Savannah State University","2017","On-tenure track, instructors","2","0","2","0","0","0","0","0","0","1","0","1","0","0","0","0","0","0","1","0","1","0","0","0","0","0","0","0","0","0","-2"
"140960","Savannah State University","2017","On-tenure track, lecturers","1","0","1","0","0","0","0","0","0","0","0","0","0","0","0","0","0","0","1","0","1","0","0","0","0","0","0","0","0","0","-2"
"140960","Savannah State University","2017","Not on tenure track/No tenure system system total","76","32","44","0","0","0","5","4","1","32","8","24","2","1","1","0","0","0","28","15","13","1","0","1","4","1","3","4","3","1","-2"
"140960","Savannah State University","2017","Not on tenure/no tenure system, professors","1","1","0","0","0","0","0","0","0","1","1","0","0","0","0","0","0","0","0","0","0","0","0","0","0","0","0","0","0","0","-2"
"140960","Savannah State University","2017","Not on tenure/no tenure system, associate professors","1","1","0","0","0","0","0","0","0","0","0","0","0","0","0","0","0","0","1","1","0","0","0","0","0","0","0","0","0","0","-2"
"140960","Savannah State University","2017","Not on tenure/no tenure system, assistant professors","6","1","5","0","0","0","0","0","0","3","0","3","0","0","0","0","0","0","3","1","2","0","0","0","0","0","0","0","0","0","-2"
"140960","Savannah State University","2017","Not on tenure/no tenure system, instructors","47","21","26","0","0","0","4","4","0","19","6","13","2","1","1","0","0","0","15","8","7","1","0","1","3","0","3","3","2","1","-2"
"140960","Savannah State University","2017","Not on tenure/no tenure system, lecturers","14","4","10","0","0","0","1","0","1","6","1","5","0","0","0","0","0","0","6","2","4","0","0","0","1","1","0","0","0","0","-2"
"140960","Savannah State University","2017","Not on tenure/no tenure system, no academic rank","7","4","3","0","0","0","0","0","0","3","0","3","0","0","0","0","0","0","3","3","0","0","0","0","0","0","0","1","1","0","-2"
"141060","Spelman College","2017","Tenured total","82","28","54","2","1","1","9","4","5","54","14","40","4","2","2","0","0","0","12","7","5","1","0","1","0","0","0","0","0","0","-2"
"141060","Spelman College","2017","Tenured, professors","21","9","12","0","0","0","5","2","3","11","3","8","1","0","1","0","0","0","4","4","0","0","0","0","0","0","0","0","0","0","-2"
"141060","Spelman College","2017","Tenured, associate professors","61","19","42","2","1","1","4","2","2","43","11","32","3","2","1","0","0","0","8","3","5","1","0","1","0","0","0","0","0","0","-2"
"141060","Spelman College","2017","On-Tenure track total","46","13","33","0","0","0","9","5","4","25","5","20","3","1","2","1","1","0","6","0","6","2","1","1","0","0","0","0","0","0","-2"
"141060","Spelman College","2017","On-tenure track, assistant professors","46","13","33","0","0","0","9","5","4","25","5","20","3","1","2","1","1","0","6","0","6","2","1","1","0","0","0","0","0","0","-2"
"141060","Spelman College","2017","Not on tenure track/No tenure system system total","45","9","36","0","0","0","0","0","0","34","6","28","5","1","4","0","0","0","6","2","4","0","0","0","0","0","0","0","0","0","-2"
"141060","Spelman College","2017","Not on tenure/no tenure system, instructors","15","3","12","0","0","0","0","0","0","14","3","11","1","0","1","0","0","0","0","0","0","0","0","0","0","0","0","0","0","0","-2"
"141060","Spelman College","2017","Not on tenure/no tenure system, lecturers","30","6","24","0","0","0","0","0","0","20","3","17","4","1","3","0","0","0","6","2","4","0","0","0","0","0","0","0","0","0","-2"
"141574","University of Hawaii at Manoa","2017","Tenured total","737","447","290","1","1","0","211","127","84","5","3","2","13","8","5","34","10","24","433","280","153","8","2","6","0","0","0","32","16","16","-2"
"141574","University of Hawaii at Manoa","2017","Tenured, professors","431","294","137","1","1","0","117","85","32","2","1","1","7","3","4","14","4","10","276","194","82","3","0","3","0","0","0","11","6","5","-2"
"141574","University of Hawaii at Manoa","2017","Tenured, associate professors","305","153","152","0","0","0","93","42","51","3","2","1","6","5","1","20","6","14","157","86","71","5","2","3","0","0","0","21","10","11","-2"
"141574","University of Hawaii at Manoa","2017","Tenured, assistant professors","1","0","1","0","0","0","1","0","1","0","0","0","0","0","0","0","0","0","0","0","0","0","0","0","0","0","0","0","0","0","-2"
"141574","University of Hawaii at Manoa","2017","On-Tenure track total","198","88","110","0","0","0","44","23","21","5","2","3","4","1","3","16","4","12","95","45","50","12","4","8","0","0","0","22","9","13","-2"
"141574","University of Hawaii at Manoa","2017","On-tenure track, professors","5","4","1","0","0","0","3","3","0","0","0","0","0","0","0","0","0","0","2","1","1","0","0","0","0","0","0","0","0","0","-2"
"141574","University of Hawaii at Manoa","2017","On-tenure track, associate professors","8","5","3","0","0","0","2","1","1","0","0","0","0","0","0","1","1","0","5","3","2","0","0","0","0","0","0","0","0","0","-2"
"141574","University of Hawaii at Manoa","2017","On-tenure track, assistant professors","185","79","106","0","0","0","39","19","20","5","2","3","4","1","3","15","3","12","88","41","47","12","4","8","0","0","0","22","9","13","-2"
"141574","University of Hawaii at Manoa","2017","Not on tenure track/No tenure system system total","218","91","127","1","0","1","71","22","49","4","0","4","6","2","4","30","9","21","78","45","33","11","3","8","0","0","0","17","10","7","-2"
"141574","University of Hawaii at Manoa","2017","Not on tenure/no tenure system, professors","13","10","3","0","0","0","6","4","2","0","0","0","0","0","0","0","0","0","6","5","1","0","0","0","0","0","0","1","1","0","-2"
"141574","University of Hawaii at Manoa","2017","Not on tenure/no tenure system, associate professors","24","12","12","0","0","0","11","5","6","0","0","0","0","0","0","1","0","1","11","6","5","1","1","0","0","0","0","0","0","0","-2"
"141574","University of Hawaii at Manoa","2017","Not on tenure/no tenure system, assistant professors","85","35","50","1","0","1","25","7","18","2","0","2","3","1","2","9","3","6","31","18","13","4","0","4","0","0","0","10","6","4","-2"
"141574","University of Hawaii at Manoa","2017","Not on tenure/no tenure system, instructors","96","34","62","0","0","0","29","6","23","2","0","2","3","1","2","20","6","14","30","16","14","6","2","4","0","0","0","6","3","3","-2"
"141644","Hawaii Pacific University","2017","Tenured total","2","2","0","0","0","0","0","0","0","0","0","0","0","0","0","0","0","0","2","2","0","0","0","0","0","0","0","0","0","0","-2"
"141644","Hawaii Pacific University","2017","Tenured, professors","1","1","0","0","0","0","0","0","0","0","0","0","0","0","0","0","0","0","1","1","0","0","0","0","0","0","0","0","0","0","-2"
"141644","Hawaii Pacific University","2017","Tenured, associate professors","1","1","0","0","0","0","0","0","0","0","0","0","0","0","0","0","0","0","1","1","0","0","0","0","0","0","0","0","0","0","-2"
"141644","Hawaii Pacific University","2017","Not on tenure track/No tenure system system total","147","81","66","4","2","2","27","14","13","2","1","1","6","0","6","4","2","2","100","61","39","4","1","3","0","0","0","0","0","0","-2"
"141644","Hawaii Pacific University","2017","Not on tenure/no tenure system, professors","24","13","11","1","0","1","3","2","1","0","0","0","0","0","0","1","0","1","18","11","7","1","0","1","0","0","0","0","0","0","-2"
"141644","Hawaii Pacific University","2017","Not on tenure/no tenure system, associate professors","47","27","20","2","1","1","11","6","5","0","0","0","1","0","1","1","1","0","30","18","12","2","1","1","0","0","0","0","0","0","-2"
"141644","Hawaii Pacific University","2017","Not on tenure/no tenure system, assistant professors","47","24","23","1","1","0","7","3","4","0","0","0","4","0","4","0","0","0","34","20","14","1","0","1","0","0","0","0","0","0","-2"
"141644","Hawaii Pacific University","2017","Not on tenure/no tenure system, instructors","14","8","6","0","0","0","3","1","2","0","0","0","1","0","1","2","1","1","8","6","2","0","0","0","0","0","0","0","0","0","-2"
"141644","Hawaii Pacific University","2017","Not on tenure/no tenure system, lecturers","15","9","6","0","0","0","3","2","1","2","1","1","0","0","0","0","0","0","10","6","4","0","0","0","0","0","0","0","0","0","-2"
"142115","Boise State University","2017","Tenured total","364","209","155","3","1","2","28","20","8","2","2","0","12","4","8","0","0","0","312","176","136","3","3","0","0","0","0","4","3","1","-2"
"142115","Boise State University","2017","Tenured, professors","172","110","62","3","1","2","10","8","2","0","0","0","6","3","3","0","0","0","151","96","55","1","1","0","0","0","0","1","1","0","-2"
"142115","Boise State University","2017","Tenured, associate professors","189","98","91","0","0","0","18","12","6","2","2","0","6","1","5","0","0","0","158","79","79","2","2","0","0","0","0","3","2","1","-2"
"142115","Boise State University","2017","Tenured, assistant professors","3","1","2","0","0","0","0","0","0","0","0","0","0","0","0","0","0","0","3","1","2","0","0","0","0","0","0","0","0","0","-2"
"142115","Boise State University","2017","On-Tenure track total","159","83","76","0","0","0","8","4","4","0","0","0","5","3","2","0","0","0","124","61","63","1","1","0","2","2","0","19","12","7","-2"
"142115","Boise State University","2017","On-tenure track, associate professors","6","3","3","0","0","0","0","0","0","0","0","0","0","0","0","0","0","0","6","3","3","0","0","0","0","0","0","0","0","0","-2"
"142115","Boise State University","2017","On-tenure track, assistant professors","153","80","73","0","0","0","8","4","4","0","0","0","5","3","2","0","0","0","118","58","60","1","1","0","2","2","0","19","12","7","-2"
"142115","Boise State University","2017","Not on tenure track/No tenure system system total","234","98","136","0","0","0","8","3","5","0","0","0","9","1","8","1","1","0","209","89","120","2","1","1","0","0","0","5","3","2","-2"
"142115","Boise State University","2017","Not on tenure/no tenure system, professors","1","0","1","0","0","0","0","0","0","0","0","0","0","0","0","0","0","0","0","0","0","0","0","0","0","0","0","1","0","1","-2"
"142115","Boise State University","2017","Not on tenure/no tenure system, associate professors","11","3","8","0","0","0","0","0","0","0","0","0","0","0","0","1","1","0","10","2","8","0","0","0","0","0","0","0","0","0","-2"
"142115","Boise State University","2017","Not on tenure/no tenure system, assistant professors","58","21","37","0","0","0","2","1","1","0","0","0","3","0","3","0","0","0","51","18","33","0","0","0","0","0","0","2","2","0","-2"
"142115","Boise State University","2017","Not on tenure/no tenure system, instructors","3","2","1","0","0","0","0","0","0","0","0","0","1","0","1","0","0","0","2","2","0","0","0","0","0","0","0","0","0","0","-2"
"142115","Boise State University","2017","Not on tenure/no tenure system, lecturers","138","60","78","0","0","0","6","2","4","0","0","0","3","1","2","0","0","0","125","55","70","2","1","1","0","0","0","2","1","1","-2"
"142115","Boise State University","2017","Not on tenure/no tenure system, no academic rank","23","12","11","0","0","0","0","0","0","0","0","0","2","0","2","0","0","0","21","12","9","0","0","0","0","0","0","0","0","0","-2"
"142294","The College of Idaho","2017","Tenured total","42","25","17","0","0","0","2","0","2","0","0","0","0","0","0","0","0","0","38","25","13","1","0","1","0","0","0","1","0","1","-2"
"142294","The College of Idaho","2017","Tenured, professors","25","15","10","0","0","0","2","0","2","0","0","0","0","0","0","0","0","0","22","15","7","0","0","0","0","0","0","1","0","1","-2"
"142294","The College of Idaho","2017","Tenured, associate professors","17","10","7","0","0","0","0","0","0","0","0","0","0","0","0","0","0","0","16","10","6","1","0","1","0","0","0","0","0","0","-2"
"142294","The College of Idaho","2017","On-Tenure track total","23","11","12","0","0","0","2","2","0","0","0","0","1","0","1","0","0","0","19","9","10","0","0","0","0","0","0","1","0","1","-2"
"142294","The College of Idaho","2017","On-tenure track, assistant professors","22","10","12","0","0","0","2","2","0","0","0","0","1","0","1","0","0","0","18","8","10","0","0","0","0","0","0","1","0","1","-2"
"142294","The College of Idaho","2017","On-tenure track, instructors","1","1","0","0","0","0","0","0","0","0","0","0","0","0","0","0","0","0","1","1","0","0","0","0","0","0","0","0","0","0","-2"
"142294","The College of Idaho","2017","Not on tenure track/No tenure system system total","18","11","7","0","0","0","0","0","0","0","0","0","0","0","0","0","0","0","17","10","7","0","0","0","0","0","0","1","1","0","-2"
"142294","The College of Idaho","2017","Not on tenure/no tenure system, assistant professors","1","0","1","0","0","0","0","0","0","0","0","0","0","0","0","0","0","0","1","0","1","0","0","0","0","0","0","0","0","0","-2"
"142294","The College of Idaho","2017","Not on tenure/no tenure system, instructors","14","8","6","0","0","0","0","0","0","0","0","0","0","0","0","0","0","0","14","8","6","0","0","0","0","0","0","0","0","0","-2"
"142294","The College of Idaho","2017","Not on tenure/no tenure system, no academic rank","3","3","0","0","0","0","0","0","0","0","0","0","0","0","0","0","0","0","2","2","0","0","0","0","0","0","0","1","1","0","-2"
"144050","University of Chicago","2017","Tenured total","852","633","219","1","1","0","108","87","21","27","19","8","25","20","5","0","0","0","659","481","178","7","5","2","17","13","4","8","7","1","-2"
"144050","University of Chicago","2017","Tenured, professors","653","508","145","0","0","0","80","71","9","17","12","5","20","16","4","0","0","0","515","391","124","3","3","0","13","11","2","5","4","1","-2"
"144050","University of Chicago","2017","Tenured, associate professors","199","125","74","1","1","0","28","16","12","10","7","3","5","4","1","0","0","0","144","90","54","4","2","2","4","2","2","3","3","0","-2"
"144050","University of Chicago","2017","On-Tenure track total","274","185","89","0","0","0","38","25","13","5","2","3","14","7","7","0","0","0","161","112","49","4","2","2","22","18","4","30","19","11","-2"
"144050","University of Chicago","2017","On-tenure track, professors","3","3","0","0","0","0","0","0","0","0","0","0","0","0","0","0","0","0","3","3","0","0","0","0","0","0","0","0","0","0","-2"
"144050","University of Chicago","2017","On-tenure track, associate professors","29","19","10","0","0","0","7","5","2","0","0","0","0","0","0","0","0","0","19","11","8","1","1","0","2","2","0","0","0","0","-2"
"144050","University of Chicago","2017","On-tenure track, assistant professors","242","163","79","0","0","0","31","20","11","5","2","3","14","7","7","0","0","0","139","98","41","3","1","2","20","16","4","30","19","11","-2"
"144050","University of Chicago","2017","Not on tenure track/No tenure system system total","1087","594","493","0","0","0","220","123","97","41","15","26","27","15","12","1","1","0","652","365","287","8","1","7","64","33","31","74","41","33","-2"
"144050","University of Chicago","2017","Not on tenure/no tenure system, professors","217","158","59","0","0","0","32","21","11","6","4","2","2","0","2","0","0","0","167","127","40","0","0","0","4","4","0","6","2","4","-2"
"144050","University of Chicago","2017","Not on tenure/no tenure system, associate professors","179","106","73","0","0","0","45","31","14","11","4","7","2","1","1","0","0","0","112","63","49","1","0","1","5","5","0","3","2","1","-2"
"144050","University of Chicago","2017","Not on tenure/no tenure system, assistant professors","378","177","201","0","0","0","94","50","44","17","4","13","13","9","4","0","0","0","201","93","108","2","1","1","29","10","19","22","10","12","-2"
"144050","University of Chicago","2017","Not on tenure/no tenure system, instructors","69","45","24","0","0","0","5","3","2","3","2","1","4","2","2","0","0","0","28","15","13","1","0","1","8","6","2","20","17","3","-2"
"144050","University of Chicago","2017","Not on tenure/no tenure system, lecturers","181","81","100","0","0","0","21","10","11","2","1","1","4","1","3","0","0","0","118","54","64","3","0","3","14","7","7","19","8","11","-2"
"144050","University of Chicago","2017","Not on tenure/no tenure system, no academic rank","63","27","36","0","0","0","23","8","15","2","0","2","2","2","0","1","1","0","26","13","13","1","0","1","4","1","3","4","2","2","-2"
"144865","College of DuPage","2017","Tenured total","278","142","136","2","1","1","25","9","16","13","8","5","8","5","3","0","0","0","224","116","108","1","0","1","5","3","2","0","0","0","-2"
"144865","College of DuPage","2017","Tenured, professors","126","68","58","1","1","0","12","5","7","5","3","2","2","1","1","0","0","0","103","57","46","1","0","1","2","1","1","0","0","0","-2"
"144865","College of DuPage","2017","Tenured, associate professors","61","32","29","0","0","0","4","2","2","3","3","0","4","2","2","0","0","0","50","25","25","0","0","0","0","0","0","0","0","0","-2"
"144865","College of DuPage","2017","Tenured, assistant professors","76","37","39","0","0","0","7","2","5","4","2","2","2","2","0","0","0","0","61","30","31","0","0","0","2","1","1","0","0","0","-2"
"144865","College of DuPage","2017","Tenured, instructors","15","5","10","1","0","1","2","0","2","1","0","1","0","0","0","0","0","0","10","4","6","0","0","0","1","1","0","0","0","0","-2"
"144865","College of DuPage","2017","Not on tenure track/No tenure system system total","2","1","1","0","0","0","0","0","0","0","0","0","0","0","0","0","0","0","2","1","1","0","0","0","0","0","0","0","0","0","-2"
"144865","College of DuPage","2017","Not on tenure/no tenure system, instructors","2","1","1","0","0","0","0","0","0","0","0","0","0","0","0","0","0","0","2","1","1","0","0","0","0","0","0","0","0","0","-2"
"145637","University of Illinois at Urbana-Champaign","2017","Tenured total","1282","885","397","3","1","2","224","167","57","55","30","25","73","44","29","0","0","0","906","629","277","10","6","4","9","7","2","2","1","1","-2"
"145637","University of Illinois at Urbana-Champaign","2017","Tenured, professors","810","605","205","1","0","1","122","103","19","29","18","11","40","25","15","0","0","0","608","451","157","5","3","2","4","4","0","1","1","0","-2"
"145637","University of Illinois at Urbana-Champaign","2017","Tenured, associate professors","472","280","192","2","1","1","102","64","38","26","12","14","33","19","14","0","0","0","298","178","120","5","3","2","5","3","2","1","0","1","-2"
"145637","University of Illinois at Urbana-Champaign","2017","On-Tenure track total","480","279","201","2","1","1","75","38","37","29","13","16","26","17","9","0","0","0","255","151","104","10","4","6","13","7","6","70","48","22","-2"
"145637","University of Illinois at Urbana-Champaign","2017","On-tenure track, professors","1","1","0","0","0","0","0","0","0","1","1","0","0","0","0","0","0","0","0","0","0","0","0","0","0","0","0","0","0","0","-2"
"145637","University of Illinois at Urbana-Champaign","2017","On-tenure track, associate professors","4","3","1","0","0","0","1","1","0","1","0","1","0","0","0","0","0","0","2","2","0","0","0","0","0","0","0","0","0","0","-2"
"145637","University of Illinois at Urbana-Champaign","2017","On-tenure track, assistant professors","475","275","200","2","1","1","74","37","37","27","12","15","26","17","9","0","0","0","253","149","104","10","4","6","13","7","6","70","48","22","-2"
"145637","University of Illinois at Urbana-Champaign","2017","Not on tenure track/No tenure system system total","521","255","266","1","1","0","37","22","15","18","5","13","24","15","9","0","0","0","403","188","215","7","6","1","6","5","1","25","13","12","-2"
"145637","University of Illinois at Urbana-Champaign","2017","Not on tenure/no tenure system, professors","30","15","15","0","0","0","2","2","0","1","0","1","1","1","0","0","0","0","25","11","14","0","0","0","0","0","0","1","1","0","-2"
"145637","University of Illinois at Urbana-Champaign","2017","Not on tenure/no tenure system, associate professors","25","11","14","0","0","0","0","0","0","1","0","1","1","1","0","0","0","0","23","10","13","0","0","0","0","0","0","0","0","0","-2"
"145637","University of Illinois at Urbana-Champaign","2017","Not on tenure/no tenure system, assistant professors","126","55","71","1","1","0","10","6","4","8","3","5","6","2","4","0","0","0","92","38","54","2","1","1","1","1","0","6","3","3","-2"
"145637","University of Illinois at Urbana-Champaign","2017","Not on tenure/no tenure system, instructors","89","33","56","0","0","0","1","1","0","4","0","4","5","3","2","0","0","0","72","26","46","1","1","0","1","0","1","5","2","3","-2"
"145637","University of Illinois at Urbana-Champaign","2017","Not on tenure/no tenure system, lecturers","214","118","96","0","0","0","22","12","10","4","2","2","10","7","3","0","0","0","158","83","75","3","3","0","4","4","0","13","7","6","-2"
"145637","University of Illinois at Urbana-Champaign","2017","Not on tenure/no tenure system, no academic rank","37","23","14","0","0","0","2","1","1","0","0","0","1","1","0","0","0","0","33","20","13","1","1","0","0","0","0","0","0","0","-2"
"147703","Northern Illinois University","2017","Tenured total","468","273","195","1","0","1","38","24","14","17","9","8","12","6","6","0","0","0","322","193","129","3","2","1","6","3","3","69","36","33","-2"
"147703","Northern Illinois University","2017","Tenured, professors","210","147","63","0","0","0","22","16","6","8","5","3","4","1","3","0","0","0","151","107","44","2","1","1","2","2","0","21","15","6","-2"
"147703","Northern Illinois University","2017","Tenured, associate professors","254","124","130","1","0","1","16","8","8","8","4","4","8","5","3","0","0","0","168","84","84","1","1","0","4","1","3","48","21","27","-2"
"147703","Northern Illinois University","2017","Tenured, assistant professors","4","2","2","0","0","0","0","0","0","1","0","1","0","0","0","0","0","0","3","2","1","0","0","0","0","0","0","0","0","0","-2"
"147703","Northern Illinois University","2017","On-Tenure track total","152","75","77","1","0","1","13","7","6","2","0","2","6","3","3","0","0","0","95","44","51","2","0","2","0","0","0","33","21","12","-2"
"147703","Northern Illinois University","2017","On-tenure track, associate professors","3","1","2","0","0","0","0","0","0","0","0","0","0","0","0","0","0","0","3","1","2","0","0","0","0","0","0","0","0","0","-2"
"147703","Northern Illinois University","2017","On-tenure track, assistant professors","148","73","75","1","0","1","13","7","6","2","0","2","6","3","3","0","0","0","92","43","49","2","0","2","0","0","0","32","20","12","-2"
"147703","Northern Illinois University","2017","On-tenure track, instructors","1","1","0","0","0","0","0","0","0","0","0","0","0","0","0","0","0","0","0","0","0","0","0","0","0","0","0","1","1","0","-2"
"147703","Northern Illinois University","2017","Not on tenure track/No tenure system system total","231","97","134","0","0","0","5","1","4","6","2","4","3","2","1","0","0","0","194","80","114","1","1","0","2","0","2","20","11","9","-2"
"147703","Northern Illinois University","2017","Not on tenure/no tenure system, professors","6","5","1","0","0","0","0","0","0","0","0","0","0","0","0","0","0","0","6","5","1","0","0","0","0","0","0","0","0","0","-2"
"147703","Northern Illinois University","2017","Not on tenure/no tenure system, associate professors","3","3","0","0","0","0","0","0","0","0","0","0","0","0","0","0","0","0","3","3","0","0","0","0","0","0","0","0","0","0","-2"
"147703","Northern Illinois University","2017","Not on tenure/no tenure system, assistant professors","36","13","23","0","0","0","0","0","0","2","0","2","0","0","0","0","0","0","27","8","19","0","0","0","0","0","0","7","5","2","-2"
"147703","Northern Illinois University","2017","Not on tenure/no tenure system, instructors","159","62","97","0","0","0","5","1","4","3","2","1","3","2","1","0","0","0","139","54","85","1","1","0","2","0","2","6","2","4","-2"
"147703","Northern Illinois University","2017","Not on tenure/no tenure system, no academic rank","27","14","13","0","0","0","0","0","0","1","0","1","0","0","0","0","0","0","19","10","9","0","0","0","0","0","0","7","4","3","-2"
"147767","Northwestern University","2017","Tenured total","1023","742","281","1","0","1","127","97","30","41","25","16","44","30","14","0","0","0","791","578","213","5","2","3","10","7","3","4","3","1","-2"
"147767","Northwestern University","2017","Tenured, professors","731","552","179","1","0","1","86","70","16","21","12","9","23","16","7","0","0","0","596","451","145","0","0","0","4","3","1","0","0","0","-2"
"147767","Northwestern University","2017","Tenured, associate professors","292","190","102","0","0","0","41","27","14","20","13","7","21","14","7","0","0","0","195","127","68","5","2","3","6","4","2","4","3","1","-2"
"147767","Northwestern University","2017","On-Tenure track total","322","190","132","1","1","0","40","25","15","16","4","12","15","8","7","0","0","0","193","120","73","8","2","6","9","6","3","40","24","16","-2"
"147767","Northwestern University","2017","On-tenure track, associate professors","30","21","9","0","0","0","5","3","2","1","0","1","1","0","1","0","0","0","21","16","5","0","0","0","0","0","0","2","2","0","-2"
"147767","Northwestern University","2017","On-tenure track, assistant professors","292","169","123","1","1","0","35","22","13","15","4","11","14","8","6","0","0","0","172","104","68","8","2","6","9","6","3","38","22","16","-2"
"147767","Northwestern University","2017","Not on tenure track/No tenure system system total","921","454","467","0","0","0","107","46","61","31","14","17","29","11","18","0","0","0","688","347","341","7","1","6","17","10","7","42","25","17","-2"
"147767","Northwestern University","2017","Not on tenure/no tenure system, professors","184","129","55","0","0","0","21","13","8","6","4","2","6","3","3","0","0","0","149","107","42","0","0","0","0","0","0","2","2","0","-2"
"147767","Northwestern University","2017","Not on tenure/no tenure system, associate professors","176","85","91","0","0","0","27","10","17","5","2","3","6","3","3","0","0","0","132","67","65","0","0","0","1","0","1","5","3","2","-2"
"147767","Northwestern University","2017","Not on tenure/no tenure system, assistant professors","232","106","126","0","0","0","35","15","20","12","4","8","6","2","4","0","0","0","160","73","87","2","1","1","4","1","3","13","10","3","-2"
"147767","Northwestern University","2017","Not on tenure/no tenure system, instructors","18","8","10","0","0","0","5","4","1","1","1","0","1","0","1","0","0","0","11","3","8","0","0","0","0","0","0","0","0","0","-2"
"147767","Northwestern University","2017","Not on tenure/no tenure system, lecturers","311","126","185","0","0","0","19","4","15","7","3","4","10","3","7","0","0","0","236","97","139","5","0","5","12","9","3","22","10","12","-2"
"149772","Western Illinois University","2017","Tenured total","354","225","129","3","1","2","48","33","15","21","15","6","7","4","3","0","0","0","269","169","100","4","3","1","0","0","0","2","0","2","-2"
"149772","Western Illinois University","2017","Tenured, professors","210","145","65","2","1","1","22","21","1","12","7","5","3","2","1","0","0","0","168","112","56","3","2","1","0","0","0","0","0","0","-2"
"149772","Western Illinois University","2017","Tenured, associate professors","142","79","63","1","0","1","26","12","14","9","8","1","4","2","2","0","0","0","99","56","43","1","1","0","0","0","0","2","0","2","-2"
"149772","Western Illinois University","2017","Tenured, assistant professors","2","1","1","0","0","0","0","0","0","0","0","0","0","0","0","0","0","0","2","1","1","0","0","0","0","0","0","0","0","0","-2"
"149772","Western Illinois University","2017","On-Tenure track total","89","43","46","0","0","0","9","6","3","6","2","4","5","4","1","1","1","0","60","25","35","0","0","0","3","3","0","5","2","3","-2"
"149772","Western Illinois University","2017","On-tenure track, assistant professors","89","43","46","0","0","0","9","6","3","6","2","4","5","4","1","1","1","0","60","25","35","0","0","0","3","3","0","5","2","3","-2"
"149772","Western Illinois University","2017","Not on tenure track/No tenure system system total","113","39","74","0","0","0","5","1","4","3","2","1","1","0","1","0","0","0","103","36","67","0","0","0","1","0","1","0","0","0","-2"
"149772","Western Illinois University","2017","Not on tenure/no tenure system, professors","2","1","1","0","0","0","0","0","0","0","0","0","0","0","0","0","0","0","2","1","1","0","0","0","0","0","0","0","0","0","-2"
"149772","Western Illinois University","2017","Not on tenure/no tenure system, associate professors","1","0","1","0","0","0","0","0","0","0","0","0","0","0","0","0","0","0","1","0","1","0","0","0","0","0","0","0","0","0","-2"
"149772","Western Illinois University","2017","Not on tenure/no tenure system, assistant professors","21","8","13","0","0","0","0","0","0","0","0","0","0","0","0","0","0","0","21","8","13","0","0","0","0","0","0","0","0","0","-2"
"149772","Western Illinois University","2017","Not on tenure/no tenure system, instructors","85","29","56","0","0","0","5","1","4","3","2","1","1","0","1","0","0","0","75","26","49","0","0","0","1","0","1","0","0","0","-2"
"149772","Western Illinois University","2017","Not on tenure/no tenure system, lecturers","4","1","3","0","0","0","0","0","0","0","0","0","0","0","0","0","0","0","4","1","3","0","0","0","0","0","0","0","0","0","-2"
"150136","Ball State University","2017","Tenured total","442","273","169","0","0","0","9","6","3","8","4","4","7","5","2","0","0","0","351","220","131","3","2","1","1","0","1","63","36","27","-2"
"150136","Ball State University","2017","Tenured, professors","208","144","64","0","0","0","5","4","1","3","2","1","3","3","0","0","0","0","167","117","50","2","2","0","0","0","0","28","16","12","-2"
"150136","Ball State University","2017","Tenured, associate professors","214","119","95","0","0","0","3","2","1","5","2","3","4","2","2","0","0","0","165","93","72","1","0","1","1","0","1","35","20","15","-2"
"150136","Ball State University","2017","Tenured, assistant professors","20","10","10","0","0","0","1","0","1","0","0","0","0","0","0","0","0","0","19","10","9","0","0","0","0","0","0","0","0","0","-2"
"150136","Ball State University","2017","On-Tenure track total","225","111","114","0","0","0","11","6","5","9","3","6","8","2","6","0","0","0","162","83","79","4","1","3","0","0","0","31","16","15","-2"
"150136","Ball State University","2017","On-tenure track, associate professors","12","4","8","0","0","0","0","0","0","0","0","0","0","0","0","0","0","0","11","4","7","0","0","0","0","0","0","1","0","1","-2"
"150136","Ball State University","2017","On-tenure track, assistant professors","213","107","106","0","0","0","11","6","5","9","3","6","8","2","6","0","0","0","151","79","72","4","1","3","0","0","0","30","16","14","-2"
"150136","Ball State University","2017","Not on tenure track/No tenure system system total","355","145","210","0","0","0","10","2","8","12","5","7","10","5","5","0","0","0","303","124","179","3","2","1","2","2","0","15","5","10","-2"
"150136","Ball State University","2017","Not on tenure/no tenure system, professors","2","1","1","0","0","0","0","0","0","0","0","0","0","0","0","0","0","0","1","1","0","0","0","0","0","0","0","1","0","1","-2"
"150136","Ball State University","2017","Not on tenure/no tenure system, associate professors","1","1","0","0","0","0","0","0","0","0","0","0","0","0","0","0","0","0","1","1","0","0","0","0","0","0","0","0","0","0","-2"
"150136","Ball State University","2017","Not on tenure/no tenure system, assistant professors","105","48","57","0","0","0","2","0","2","2","0","2","4","2","2","0","0","0","88","43","45","0","0","0","1","1","0","8","2","6","-2"
"150136","Ball State University","2017","Not on tenure/no tenure system, instructors","247","95","152","0","0","0","8","2","6","10","5","5","6","3","3","0","0","0","213","79","134","3","2","1","1","1","0","6","3","3","-2"
"151351","Indiana University-Bloomington","2017","Tenured total","1011","682","329","1","1","0","91","52","39","34","21","13","35","22","13","0","0","0","838","575","263","12","11","1","0","0","0","0","0","0","-2"
"151351","Indiana University-Bloomington","2017","Tenured, professors","621","459","162","1","1","0","46","32","14","11","5","6","17","14","3","0","0","0","539","400","139","7","7","0","0","0","0","0","0","0","-2"
"151351","Indiana University-Bloomington","2017","Tenured, associate professors","390","223","167","0","0","0","45","20","25","23","16","7","18","8","10","0","0","0","299","175","124","5","4","1","0","0","0","0","0","0","-2"
"151351","Indiana University-Bloomington","2017","On-Tenure track total","368","226","142","1","1","0","78","53","25","22","13","9","31","22","9","0","0","0","230","135","95","3","0","3","2","1","1","1","1","0","-2"
"151351","Indiana University-Bloomington","2017","On-tenure track, professors","2","1","1","0","0","0","0","0","0","0","0","0","0","0","0","0","0","0","2","1","1","0","0","0","0","0","0","0","0","0","-2"
"151351","Indiana University-Bloomington","2017","On-tenure track, associate professors","60","39","21","1","1","0","6","6","0","9","6","3","5","4","1","0","0","0","39","22","17","0","0","0","0","0","0","0","0","0","-2"
"151351","Indiana University-Bloomington","2017","On-tenure track, assistant professors","306","186","120","0","0","0","72","47","25","13","7","6","26","18","8","0","0","0","189","112","77","3","0","3","2","1","1","1","1","0","-2"
"151351","Indiana University-Bloomington","2017","Not on tenure track/No tenure system system total","659","325","334","2","2","0","42","16","26","29","18","11","34","19","15","0","0","0","546","268","278","4","2","2","0","0","0","2","0","2","-2"
"151351","Indiana University-Bloomington","2017","Not on tenure/no tenure system, professors","67","47","20","0","0","0","6","3","3","8","7","1","3","3","0","0","0","0","50","34","16","0","0","0","0","0","0","0","0","0","-2"
"151351","Indiana University-Bloomington","2017","Not on tenure/no tenure system, associate professors","51","21","30","0","0","0","0","0","0","3","2","1","0","0","0","0","0","0","47","18","29","1","1","0","0","0","0","0","0","0","-2"
"151351","Indiana University-Bloomington","2017","Not on tenure/no tenure system, assistant professors","100","47","53","0","0","0","6","4","2","3","1","2","6","2","4","0","0","0","83","39","44","2","1","1","0","0","0","0","0","0","-2"
"151351","Indiana University-Bloomington","2017","Not on tenure/no tenure system, lecturers","441","210","231","2","2","0","30","9","21","15","8","7","25","14","11","0","0","0","366","177","189","1","0","1","0","0","0","2","0","2","-2"
"152600","Valparaiso University","2017","Tenured total","149","89","60","1","1","0","9","6","3","4","4","0","3","1","2","0","0","0","125","74","51","0","0","0","6","2","4","1","1","0","-2"
"152600","Valparaiso University","2017","Tenured, professors","54","41","13","1","1","0","3","2","1","0","0","0","1","1","0","0","0","0","48","37","11","0","0","0","1","0","1","0","0","0","-2"
"152600","Valparaiso University","2017","Tenured, associate professors","92","46","46","0","0","0","6","4","2","4","4","0","2","0","2","0","0","0","75","36","39","0","0","0","4","1","3","1","1","0","-2"
"152600","Valparaiso University","2017","Tenured, assistant professors","3","2","1","0","0","0","0","0","0","0","0","0","0","0","0","0","0","0","2","1","1","0","0","0","1","1","0","0","0","0","-2"
"152600","Valparaiso University","2017","On-Tenure track total","69","43","26","0","0","0","9","4","5","0","0","0","1","1","0","0","0","0","46","32","14","0","0","0","8","4","4","5","2","3","-2"
"152600","Valparaiso University","2017","On-tenure track, professors","1","1","0","0","0","0","0","0","0","0","0","0","0","0","0","0","0","0","1","1","0","0","0","0","0","0","0","0","0","0","-2"
"152600","Valparaiso University","2017","On-tenure track, associate professors","2","2","0","0","0","0","0","0","0","0","0","0","0","0","0","0","0","0","2","2","0","0","0","0","0","0","0","0","0","0","-2"
"152600","Valparaiso University","2017","On-tenure track, assistant professors","64","39","25","0","0","0","9","4","5","0","0","0","1","1","0","0","0","0","41","28","13","0","0","0","8","4","4","5","2","3","-2"
"152600","Valparaiso University","2017","On-tenure track, instructors","2","1","1","0","0","0","0","0","0","0","0","0","0","0","0","0","0","0","2","1","1","0","0","0","0","0","0","0","0","0","-2"
"152600","Valparaiso University","2017","Not on tenure track/No tenure system system total","87","35","52","0","0","0","4","0","4","2","2","0","1","0","1","0","0","0","54","21","33","0","0","0","25","11","14","1","1","0","-2"
"152600","Valparaiso University","2017","Not on tenure/no tenure system, professors","1","1","0","0","0","0","0","0","0","0","0","0","0","0","0","0","0","0","1","1","0","0","0","0","0","0","0","0","0","0","-2"
"152600","Valparaiso University","2017","Not on tenure/no tenure system, associate professors","5","1","4","0","0","0","1","0","1","0","0","0","0","0","0","0","0","0","4","1","3","0","0","0","0","0","0","0","0","0","-2"
"152600","Valparaiso University","2017","Not on tenure/no tenure system, assistant professors","34","13","21","0","0","0","2","0","2","0","0","0","0","0","0","0","0","0","21","7","14","0","0","0","10","5","5","1","1","0","-2"
"152600","Valparaiso University","2017","Not on tenure/no tenure system, instructors","4","2","2","0","0","0","0","0","0","0","0","0","0","0","0","0","0","0","3","1","2","0","0","0","1","1","0","0","0","0","-2"
"152600","Valparaiso University","2017","Not on tenure/no tenure system, lecturers","43","18","25","0","0","0","1","0","1","2","2","0","1","0","1","0","0","0","25","11","14","0","0","0","14","5","9","0","0","0","-2"
"153603","Iowa State University","2017","Tenured total","877","634","243","2","2","0","165","138","27","19","12","7","26","14","12","1","1","0","657","464","193","1","0","1","0","0","0","6","3","3","-2"
"153603","Iowa State University","2017","Tenured, professors","502","395","107","1","1","0","87","75","12","10","7","3","15","10","5","0","0","0","388","302","86","0","0","0","0","0","0","1","0","1","-2"
"153603","Iowa State University","2017","Tenured, associate professors","374","239","135","1","1","0","78","63","15","9","5","4","11","4","7","1","1","0","268","162","106","1","0","1","0","0","0","5","3","2","-2"
"153603","Iowa State University","2017","Tenured, assistant professors","1","0","1","0","0","0","0","0","0","0","0","0","0","0","0","0","0","0","1","0","1","0","0","0","0","0","0","0","0","0","-2"
"153603","Iowa State University","2017","On-Tenure track total","382","217","165","1","1","0","64","36","28","11","7","4","15","9","6","0","0","0","231","128","103","5","3","2","0","0","0","55","33","22","-2"
"153603","Iowa State University","2017","On-tenure track, associate professors","12","9","3","0","0","0","2","2","0","0","0","0","0","0","0","0","0","0","9","6","3","0","0","0","0","0","0","1","1","0","-2"
"153603","Iowa State University","2017","On-tenure track, assistant professors","370","208","162","1","1","0","62","34","28","11","7","4","15","9","6","0","0","0","222","122","100","5","3","2","0","0","0","54","32","22","-2"
"153603","Iowa State University","2017","Not on tenure track/No tenure system system total","314","146","168","1","0","1","15","6","9","11","8","3","14","6","8","0","0","0","247","109","138","3","1","2","0","0","0","23","16","7","-2"
"153603","Iowa State University","2017","Not on tenure/no tenure system, professors","4","3","1","0","0","0","0","0","0","0","0","0","0","0","0","0","0","0","4","3","1","0","0","0","0","0","0","0","0","0","-2"
"153603","Iowa State University","2017","Not on tenure/no tenure system, associate professors","18","10","8","0","0","0","1","1","0","0","0","0","0","0","0","0","0","0","16","8","8","0","0","0","0","0","0","1","1","0","-2"
"153603","Iowa State University","2017","Not on tenure/no tenure system, assistant professors","53","17","36","0","0","0","6","1","5","2","1","1","4","3","1","0","0","0","32","7","25","2","1","1","0","0","0","7","4","3","-2"
"153603","Iowa State University","2017","Not on tenure/no tenure system, lecturers","239","116","123","1","0","1","8","4","4","9","7","2","10","3","7","0","0","0","195","91","104","1","0","1","0","0","0","15","11","4","-2"
"153658","University of Iowa","2017","Tenured total","1017","713","304","3","1","2","123","100","23","23","15","8","41","27","14","0","0","0","805","557","248","5","1","4","14","10","4","3","2","1","-2"
"153658","University of Iowa","2017","Tenured, professors","608","469","139","1","1","0","67","60","7","9","7","2","21","12","9","0","0","0","497","381","116","3","1","2","9","7","2","1","0","1","-2"
"153658","University of Iowa","2017","Tenured, associate professors","409","244","165","2","0","2","56","40","16","14","8","6","20","15","5","0","0","0","308","176","132","2","0","2","5","3","2","2","2","0","-2"
"153658","University of Iowa","2017","On-Tenure track total","331","193","138","0","0","0","49","29","20","5","0","5","16","11","5","0","0","0","214","120","94","3","2","1","8","6","2","36","25","11","-2"
"153658","University of Iowa","2017","On-tenure track, professors","1","0","1","0","0","0","0","0","0","0","0","0","0","0","0","0","0","0","1","0","1","0","0","0","0","0","0","0","0","0","-2"
"153658","University of Iowa","2017","On-tenure track, associate professors","23","17","6","0","0","0","5","1","4","0","0","0","0","0","0","0","0","0","17","15","2","0","0","0","0","0","0","1","1","0","-2"
"153658","University of Iowa","2017","On-tenure track, assistant professors","307","176","131","0","0","0","44","28","16","5","0","5","16","11","5","0","0","0","196","105","91","3","2","1","8","6","2","35","24","11","-2"
"153658","University of Iowa","2017","Not on tenure track/No tenure system system total","1050","552","498","4","1","3","106","56","50","20","11","9","44","24","20","0","0","0","735","371","364","6","2","4","48","26","22","87","61","26","-2"
"153658","University of Iowa","2017","Not on tenure/no tenure system, professors","143","96","47","1","1","0","10","9","1","2","2","0","3","3","0","0","0","0","116","74","42","2","0","2","8","6","2","1","1","0","-2"
"153658","University of Iowa","2017","Not on tenure/no tenure system, associate professors","218","116","102","1","0","1","30","16","14","7","4","3","12","8","4","0","0","0","159","82","77","0","0","0","7","5","2","2","1","1","-2"
"153658","University of Iowa","2017","Not on tenure/no tenure system, assistant professors","397","208","189","0","0","0","48","25","23","9","4","5","20","9","11","0","0","0","237","115","122","3","2","1","23","10","13","57","43","14","-2"
"153658","University of Iowa","2017","Not on tenure/no tenure system, instructors","4","3","1","0","0","0","0","0","0","0","0","0","0","0","0","0","0","0","4","3","1","0","0","0","0","0","0","0","0","0","-2"
"153658","University of Iowa","2017","Not on tenure/no tenure system, lecturers","205","84","121","2","0","2","8","2","6","2","1","1","7","2","5","0","0","0","167","71","96","1","0","1","8","3","5","10","5","5","-2"
"153658","University of Iowa","2017","Not on tenure/no tenure system, no academic rank","83","45","38","0","0","0","10","4","6","0","0","0","2","2","0","0","0","0","52","26","26","0","0","0","2","2","0","17","11","6","-2"
"155317","University of Kansas","2017","Tenured total","945","639","306","6","4","2","132","93","39","26","16","10","34","20","14","0","0","0","733","501","232","12","4","8","2","1","1","0","0","0","-2"
"155317","University of Kansas","2017","Tenured, professors","515","395","120","3","2","1","67","59","8","12","8","4","13","10","3","0","0","0","417","315","102","3","1","2","0","0","0","0","0","0","-2"
"155317","University of Kansas","2017","Tenured, associate professors","430","244","186","3","2","1","65","34","31","14","8","6","21","10","11","0","0","0","316","186","130","9","3","6","2","1","1","0","0","0","-2"
"155317","University of Kansas","2017","On-Tenure track total","269","160","109","1","1","0","43","26","17","14","2","12","10","9","1","0","0","0","168","100","68","5","2","3","2","0","2","26","20","6","-2"
"155317","University of Kansas","2017","On-tenure track, professors","4","0","4","0","0","0","0","0","0","1","0","1","0","0","0","0","0","0","3","0","3","0","0","0","0","0","0","0","0","0","-2"
"155317","University of Kansas","2017","On-tenure track, associate professors","7","3","4","0","0","0","3","1","2","1","0","1","0","0","0","0","0","0","3","2","1","0","0","0","0","0","0","0","0","0","-2"
"155317","University of Kansas","2017","On-tenure track, assistant professors","257","157","100","1","1","0","40","25","15","12","2","10","10","9","1","0","0","0","161","98","63","5","2","3","2","0","2","26","20","6","-2"
"155317","University of Kansas","2017","On-tenure track, instructors","1","0","1","0","0","0","0","0","0","0","0","0","0","0","0","0","0","0","1","0","1","0","0","0","0","0","0","0","0","0","-2"
"155317","University of Kansas","2017","Not on tenure track/No tenure system system total","1044","512","532","3","2","1","110","52","58","34","14","20","21","8","13","0","0","0","782","384","398","25","8","17","6","3","3","63","41","22","-2"
"155317","University of Kansas","2017","Not on tenure/no tenure system, professors","57","35","22","0","0","0","5","4","1","0","0","0","2","0","2","0","0","0","50","31","19","0","0","0","0","0","0","0","0","0","-2"
"155317","University of Kansas","2017","Not on tenure/no tenure system, associate professors","187","96","91","0","0","0","23","14","9","5","4","1","4","1","3","0","0","0","145","70","75","4","2","2","1","1","0","5","4","1","-2"
"155317","University of Kansas","2017","Not on tenure/no tenure system, assistant professors","562","277","285","1","0","1","70","29","41","20","5","15","7","3","4","0","0","0","404","208","196","13","4","9","4","1","3","43","27","16","-2"
"155317","University of Kansas","2017","Not on tenure/no tenure system, instructors","61","26","35","2","2","0","7","4","3","5","2","3","2","0","2","0","0","0","36","11","25","2","0","2","1","1","0","6","6","0","-2"
"155317","University of Kansas","2017","Not on tenure/no tenure system, lecturers","177","78","99","0","0","0","5","1","4","4","3","1","6","4","2","0","0","0","147","64","83","6","2","4","0","0","0","9","4","5","-2"
"157447","Northern Kentucky University","2017","Tenured total","266","149","117","1","1","0","20","10","10","13","11","2","3","3","0","0","0","0","224","121","103","2","0","2","0","0","0","3","3","0","-2"
"157447","Northern Kentucky University","2017","Tenured, professors","119","77","42","0","0","0","10","4","6","6","5","1","2","2","0","0","0","0","99","65","34","1","0","1","0","0","0","1","1","0","-2"
"157447","Northern Kentucky University","2017","Tenured, associate professors","147","72","75","1","1","0","10","6","4","7","6","1","1","1","0","0","0","0","125","56","69","1","0","1","0","0","0","2","2","0","-2"
"157447","Northern Kentucky University","2017","On-Tenure track total","92","32","60","0","0","0","6","3","3","8","2","6","5","2","3","0","0","0","64","22","42","2","1","1","0","0","0","7","2","5","-2"
"157447","Northern Kentucky University","2017","On-tenure track, associate professors","1","0","1","0","0","0","0","0","0","1","0","1","0","0","0","0","0","0","0","0","0","0","0","0","0","0","0","0","0","0","-2"
"157447","Northern Kentucky University","2017","On-tenure track, assistant professors","90","32","58","0","0","0","6","3","3","7","2","5","5","2","3","0","0","0","63","22","41","2","1","1","0","0","0","7","2","5","-2"
"157447","Northern Kentucky University","2017","On-tenure track, lecturers","1","0","1","0","0","0","0","0","0","0","0","0","0","0","0","0","0","0","1","0","1","0","0","0","0","0","0","0","0","0","-2"
"157447","Northern Kentucky University","2017","Not on tenure track/No tenure system system total","210","84","126","1","1","0","6","3","3","8","4","4","5","1","4","1","1","0","188","74","114","0","0","0","0","0","0","1","0","1","-2"
"157447","Northern Kentucky University","2017","Not on tenure/no tenure system, professors","2","2","0","0","0","0","0","0","0","1","1","0","0","0","0","0","0","0","1","1","0","0","0","0","0","0","0","0","0","0","-2"
"157447","Northern Kentucky University","2017","Not on tenure/no tenure system, associate professors","1","1","0","0","0","0","0","0","0","1","1","0","0","0","0","0","0","0","0","0","0","0","0","0","0","0","0","0","0","0","-2"
"157447","Northern Kentucky University","2017","Not on tenure/no tenure system, assistant professors","9","5","4","0","0","0","0","0","0","0","0","0","0","0","0","0","0","0","9","5","4","0","0","0","0","0","0","0","0","0","-2"
"157447","Northern Kentucky University","2017","Not on tenure/no tenure system, lecturers","198","76","122","1","1","0","6","3","3","6","2","4","5","1","4","1","1","0","178","68","110","0","0","0","0","0","0","1","0","1","-2"
"157951","Western Kentucky University","2017","Tenured total","406","233","173","5","4","1","33","20","13","20","9","11","6","3","3","0","0","0","334","191","143","6","5","1","1","1","0","1","0","1","-2"
"157951","Western Kentucky University","2017","Tenured, professors","172","114","58","3","3","0","13","12","1","8","3","5","0","0","0","0","0","0","143","93","50","3","2","1","1","1","0","1","0","1","-2"
"157951","Western Kentucky University","2017","Tenured, associate professors","223","112","111","2","1","1","20","8","12","11","5","6","6","3","3","0","0","0","181","92","89","3","3","0","0","0","0","0","0","0","-2"
"157951","Western Kentucky University","2017","Tenured, assistant professors","11","7","4","0","0","0","0","0","0","1","1","0","0","0","0","0","0","0","10","6","4","0","0","0","0","0","0","0","0","0","-2"
"157951","Western Kentucky University","2017","On-Tenure track total","164","62","102","1","0","1","19","4","15","8","1","7","3","3","0","0","0","0","130","53","77","2","1","1","1","0","1","0","0","0","-2"
"157951","Western Kentucky University","2017","On-tenure track, professors","1","1","0","0","0","0","1","1","0","0","0","0","0","0","0","0","0","0","0","0","0","0","0","0","0","0","0","0","0","0","-2"
"157951","Western Kentucky University","2017","On-tenure track, associate professors","10","3","7","0","0","0","2","1","1","0","0","0","0","0","0","0","0","0","8","2","6","0","0","0","0","0","0","0","0","0","-2"
"157951","Western Kentucky University","2017","On-tenure track, assistant professors","153","58","95","1","0","1","16","2","14","8","1","7","3","3","0","0","0","0","122","51","71","2","1","1","1","0","1","0","0","0","-2"
"157951","Western Kentucky University","2017","Not on tenure track/No tenure system system total","183","74","109","0","0","0","12","5","7","9","4","5","4","1","3","0","0","0","152","60","92","3","1","2","1","1","0","2","2","0","-2"
"157951","Western Kentucky University","2017","Not on tenure/no tenure system, professors","1","1","0","0","0","0","0","0","0","0","0","0","0","0","0","0","0","0","1","1","0","0","0","0","0","0","0","0","0","0","-2"
"157951","Western Kentucky University","2017","Not on tenure/no tenure system, associate professors","3","0","3","0","0","0","0","0","0","0","0","0","1","0","1","0","0","0","2","0","2","0","0","0","0","0","0","0","0","0","-2"
"157951","Western Kentucky University","2017","Not on tenure/no tenure system, assistant professors","8","4","4","0","0","0","2","0","2","0","0","0","0","0","0","0","0","0","5","3","2","1","1","0","0","0","0","0","0","0","-2"
"157951","Western Kentucky University","2017","Not on tenure/no tenure system, instructors","131","46","85","0","0","0","7","3","4","7","4","3","2","1","1","0","0","0","113","37","76","1","0","1","0","0","0","1","1","0","-2"
"157951","Western Kentucky University","2017","Not on tenure/no tenure system, lecturers","2","2","0","0","0","0","0","0","0","0","0","0","0","0","0","0","0","0","2","2","0","0","0","0","0","0","0","0","0","0","-2"
"157951","Western Kentucky University","2017","Not on tenure/no tenure system, no academic rank","38","21","17","0","0","0","3","2","1","2","0","2","1","0","1","0","0","0","29","17","12","1","0","1","1","1","0","1","1","0","-2"
"159993","University of Louisiana at Monroe","2017","Tenured total","132","71","61","0","0","0","7","6","1","7","3","4","2","1","1","0","0","0","114","60","54","2","1","1","0","0","0","0","0","0","-2"
"159993","University of Louisiana at Monroe","2017","Tenured, professors","51","34","17","0","0","0","3","3","0","1","0","1","1","0","1","0","0","0","44","30","14","2","1","1","0","0","0","0","0","0","-2"
"159993","University of Louisiana at Monroe","2017","Tenured, associate professors","68","36","32","0","0","0","4","3","1","6","3","3","1","1","0","0","0","0","57","29","28","0","0","0","0","0","0","0","0","0","-2"
"159993","University of Louisiana at Monroe","2017","Tenured, assistant professors","13","1","12","0","0","0","0","0","0","0","0","0","0","0","0","0","0","0","13","1","12","0","0","0","0","0","0","0","0","0","-2"
"159993","University of Louisiana at Monroe","2017","On-Tenure track total","94","34","60","0","0","0","4","3","1","7","1","6","2","0","2","0","0","0","81","30","51","0","0","0","0","0","0","0","0","0","-2"
"159993","University of Louisiana at Monroe","2017","On-tenure track, associate professors","12","1","11","0","0","0","0","0","0","0","0","0","2","0","2","0","0","0","10","1","9","0","0","0","0","0","0","0","0","0","-2"
"159993","University of Louisiana at Monroe","2017","On-tenure track, assistant professors","82","33","49","0","0","0","4","3","1","7","1","6","0","0","0","0","0","0","71","29","42","0","0","0","0","0","0","0","0","0","-2"
"159993","University of Louisiana at Monroe","2017","Not on tenure track/No tenure system system total","82","28","54","2","1","1","1","0","1","4","2","2","3","1","2","0","0","0","72","24","48","0","0","0","0","0","0","0","0","0","-2"
"159993","University of Louisiana at Monroe","2017","Not on tenure/no tenure system, professors","1","1","0","0","0","0","0","0","0","0","0","0","0","0","0","0","0","0","1","1","0","0","0","0","0","0","0","0","0","0","-2"
"159993","University of Louisiana at Monroe","2017","Not on tenure/no tenure system, associate professors","10","2","8","0","0","0","0","0","0","0","0","0","0","0","0","0","0","0","10","2","8","0","0","0","0","0","0","0","0","0","-2"
"159993","University of Louisiana at Monroe","2017","Not on tenure/no tenure system, assistant professors","9","4","5","0","0","0","0","0","0","1","1","0","0","0","0","0","0","0","8","3","5","0","0","0","0","0","0","0","0","0","-2"
"159993","University of Louisiana at Monroe","2017","Not on tenure/no tenure system, instructors","62","21","41","2","1","1","1","0","1","3","1","2","3","1","2","0","0","0","53","18","35","0","0","0","0","0","0","0","0","0","-2"
"160755","Tulane University of Louisiana","2017","Tenured total","444","316","128","2","2","0","49","40","9","12","5","7","19","14","5","0","0","0","349","246","103","5","2","3","2","2","0","6","5","1","-2"
"160755","Tulane University of Louisiana","2017","Tenured, professors","277","216","61","2","2","0","28","24","4","6","4","2","10","9","1","0","0","0","221","170","51","4","2","2","2","2","0","4","3","1","-2"
"160755","Tulane University of Louisiana","2017","Tenured, associate professors","167","100","67","0","0","0","21","16","5","6","1","5","9","5","4","0","0","0","128","76","52","1","0","1","0","0","0","2","2","0","-2"
"160755","Tulane University of Louisiana","2017","On-Tenure track total","172","96","76","1","1","0","25","19","6","10","3","7","6","3","3","0","0","0","97","48","49","3","1","2","5","2","3","25","19","6","-2"
"160755","Tulane University of Louisiana","2017","On-tenure track, associate professors","4","1","3","0","0","0","2","1","1","0","0","0","0","0","0","0","0","0","2","0","2","0","0","0","0","0","0","0","0","0","-2"
"160755","Tulane University of Louisiana","2017","On-tenure track, assistant professors","168","95","73","1","1","0","23","18","5","10","3","7","6","3","3","0","0","0","95","48","47","3","1","2","5","2","3","25","19","6","-2"
"160755","Tulane University of Louisiana","2017","Not on tenure track/No tenure system system total","474","227","247","2","1","1","42","19","23","19","7","12","24","8","16","0","0","0","336","161","175","8","4","4","9","7","2","34","20","14","-2"
"160755","Tulane University of Louisiana","2017","Not on tenure/no tenure system, professors","30","26","4","0","0","0","3","3","0","1","0","1","2","1","1","0","0","0","23","21","2","0","0","0","1","1","0","0","0","0","-2"
"160755","Tulane University of Louisiana","2017","Not on tenure/no tenure system, associate professors","56","20","36","0","0","0","9","5","4","1","0","1","4","1","3","0","0","0","40","14","26","1","0","1","0","0","0","1","0","1","-2"
"160755","Tulane University of Louisiana","2017","Not on tenure/no tenure system, assistant professors","167","81","86","1","1","0","19","8","11","8","5","3","6","2","4","0","0","0","105","50","55","3","1","2","4","3","1","21","11","10","-2"
"160755","Tulane University of Louisiana","2017","Not on tenure/no tenure system, instructors","43","16","27","0","0","0","4","2","2","6","0","6","1","0","1","0","0","0","29","12","17","1","1","0","1","0","1","1","1","0","-2"
"160755","Tulane University of Louisiana","2017","Not on tenure/no tenure system, lecturers","176","84","92","1","0","1","7","1","6","3","2","1","10","4","6","0","0","0","138","64","74","3","2","1","3","3","0","11","8","3","-2"
"160755","Tulane University of Louisiana","2017","Not on tenure/no tenure system, no academic rank","2","0","2","0","0","0","0","0","0","0","0","0","1","0","1","0","0","0","1","0","1","0","0","0","0","0","0","0","0","0","-2"
"162928","Johns Hopkins University","2017","Tenured total","1071","804","267","2","2","0","136","98","38","23","15","8","31","27","4","0","0","0","872","656","216","0","0","0","0","0","0","7","6","1","-2"
"162928","Johns Hopkins University","2017","Tenured, professors","1010","764","246","2","2","0","125","93","32","19","12","7","26","23","3","0","0","0","831","628","203","0","0","0","0","0","0","7","6","1","-2"
"162928","Johns Hopkins University","2017","Tenured, associate professors","61","40","21","0","0","0","11","5","6","4","3","1","5","4","1","0","0","0","41","28","13","0","0","0","0","0","0","0","0","0","-2"
"162928","Johns Hopkins University","2017","On-Tenure track total","1964","1043","921","5","2","3","469","257","212","118","37","81","66","38","28","3","0","3","1195","634","561","0","0","0","0","0","0","108","75","33","-2"
"162928","Johns Hopkins University","2017","On-tenure track, professors","26","19","7","0","0","0","5","3","2","0","0","0","2","2","0","0","0","0","19","14","5","0","0","0","0","0","0","0","0","0","-2"
"162928","Johns Hopkins University","2017","On-tenure track, associate professors","668","409","259","0","0","0","160","109","51","26","8","18","26","16","10","2","0","2","438","263","175","0","0","0","0","0","0","16","13","3","-2"
"162928","Johns Hopkins University","2017","On-tenure track, assistant professors","1270","615","655","5","2","3","304","145","159","92","29","63","38","20","18","1","0","1","738","357","381","0","0","0","0","0","0","92","62","30","-2"
"162928","Johns Hopkins University","2017","Not on tenure track/No tenure system system total","733","313","420","1","1","0","106","42","64","53","19","34","22","8","14","0","0","0","516","223","293","0","0","0","0","0","0","35","20","15","-2"
"162928","Johns Hopkins University","2017","Not on tenure/no tenure system, professors","29","15","14","0","0","0","1","0","1","3","1","2","0","0","0","0","0","0","25","14","11","0","0","0","0","0","0","0","0","0","-2"
"162928","Johns Hopkins University","2017","Not on tenure/no tenure system, associate professors","34","11","23","0","0","0","3","3","0","5","0","5","0","0","0","0","0","0","25","8","17","0","0","0","0","0","0","1","0","1","-2"
"162928","Johns Hopkins University","2017","Not on tenure/no tenure system, assistant professors","61","18","43","0","0","0","10","4","6","6","3","3","1","0","1","0","0","0","44","11","33","0","0","0","0","0","0","0","0","0","-2"
"162928","Johns Hopkins University","2017","Not on tenure/no tenure system, instructors","223","104","119","1","1","0","54","23","31","20","10","10","7","3","4","0","0","0","125","57","68","0","0","0","0","0","0","16","10","6","-2"
"162928","Johns Hopkins University","2017","Not on tenure/no tenure system, lecturers","246","86","160","0","0","0","24","9","15","16","4","12","12","3","9","0","0","0","183","65","118","0","0","0","0","0","0","11","5","6","-2"
"162928","Johns Hopkins University","2017","Not on tenure/no tenure system, no academic rank","140","79","61","0","0","0","14","3","11","3","1","2","2","2","0","0","0","0","114","68","46","0","0","0","0","0","0","7","5","2","-2"
"163268","University of Maryland-Baltimore County","2017","Tenured total","295","174","121","0","0","0","50","31","19","19","10","9","9","4","5","0","0","0","216","129","87","1","0","1","0","0","0","0","0","0","-2"
"163268","University of Maryland-Baltimore County","2017","Tenured, professors","153","107","46","0","0","0","25","20","5","6","4","2","2","2","0","0","0","0","120","81","39","0","0","0","0","0","0","0","0","0","-2"
"163268","University of Maryland-Baltimore County","2017","Tenured, associate professors","141","66","75","0","0","0","25","11","14","12","5","7","7","2","5","0","0","0","96","48","48","1","0","1","0","0","0","0","0","0","-2"
"163268","University of Maryland-Baltimore County","2017","Tenured, assistant professors","1","1","0","0","0","0","0","0","0","1","1","0","0","0","0","0","0","0","0","0","0","0","0","0","0","0","0","0","0","0","-2"
"163268","University of Maryland-Baltimore County","2017","On-Tenure track total","106","53","53","0","0","0","25","11","14","6","1","5","4","3","1","0","0","0","56","30","26","2","0","2","0","0","0","13","8","5","-2"
"163268","University of Maryland-Baltimore County","2017","On-tenure track, associate professors","6","2","4","0","0","0","4","2","2","0","0","0","0","0","0","0","0","0","2","0","2","0","0","0","0","0","0","0","0","0","-2"
"163268","University of Maryland-Baltimore County","2017","On-tenure track, assistant professors","100","51","49","0","0","0","21","9","12","6","1","5","4","3","1","0","0","0","54","30","24","2","0","2","0","0","0","13","8","5","-2"
"163268","University of Maryland-Baltimore County","2017","Not on tenure track/No tenure system system total","147","59","88","0","0","0","10","4","6","8","4","4","6","2","4","0","0","0","121","47","74","0","0","0","0","0","0","2","2","0","-2"
"163268","University of Maryland-Baltimore County","2017","Not on tenure/no tenure system, professors","10","8","2","0","0","0","1","1","0","0","0","0","0","0","0","0","0","0","9","7","2","0","0","0","0","0","0","0","0","0","-2"
"163268","University of Maryland-Baltimore County","2017","Not on tenure/no tenure system, associate professors","4","1","3","0","0","0","0","0","0","0","0","0","0","0","0","0","0","0","4","1","3","0","0","0","0","0","0","0","0","0","-2"
"163268","University of Maryland-Baltimore County","2017","Not on tenure/no tenure system, assistant professors","12","4","8","0","0","0","0","0","0","2","2","0","1","1","0","0","0","0","8","0","8","0","0","0","0","0","0","1","1","0","-2"
"163268","University of Maryland-Baltimore County","2017","Not on tenure/no tenure system, instructors","12","2","10","0","0","0","0","0","0","0","0","0","0","0","0","0","0","0","12","2","10","0","0","0","0","0","0","0","0","0","-2"
"163268","University of Maryland-Baltimore County","2017","Not on tenure/no tenure system, lecturers","108","44","64","0","0","0","9","3","6","6","2","4","5","1","4","0","0","0","87","37","50","0","0","0","0","0","0","1","1","0","-2"
"163268","University of Maryland-Baltimore County","2017","Not on tenure/no tenure system, no academic rank","1","0","1","0","0","0","0","0","0","0","0","0","0","0","0","0","0","0","1","0","1","0","0","0","0","0","0","0","0","0","-2"
"163286","University of Maryland-College Park","2017","Tenured total","1108","788","320","1","1","0","181","129","52","40","22","18","45","24","21","0","0","0","780","568","212","7","5","2","48","34","14","6","5","1","-2"
"163286","University of Maryland-College Park","2017","Tenured, professors","705","535","170","0","0","0","113","86","27","16","9","7","24","15","9","0","0","0","527","406","121","2","2","0","19","13","6","4","4","0","-2"
"163286","University of Maryland-College Park","2017","Tenured, associate professors","402","252","150","1","1","0","68","43","25","24","13","11","21","9","12","0","0","0","252","161","91","5","3","2","29","21","8","2","1","1","-2"
"163286","University of Maryland-College Park","2017","Tenured, assistant professors","1","1","0","0","0","0","0","0","0","0","0","0","0","0","0","0","0","0","1","1","0","0","0","0","0","0","0","0","0","0","-2"
"163286","University of Maryland-College Park","2017","On-Tenure track total","288","141","147","1","0","1","39","20","19","23","10","13","17","9","8","2","1","1","122","60","62","3","0","3","48","23","25","33","18","15","-2"
"163286","University of Maryland-College Park","2017","On-tenure track, associate professors","2","1","1","0","0","0","1","1","0","0","0","0","0","0","0","0","0","0","1","0","1","0","0","0","0","0","0","0","0","0","-2"
"163286","University of Maryland-College Park","2017","On-tenure track, assistant professors","286","140","146","1","0","1","38","19","19","23","10","13","17","9","8","2","1","1","121","60","61","3","0","3","48","23","25","33","18","15","-2"
"163286","University of Maryland-College Park","2017","Not on tenure track/No tenure system system total","434","209","225","1","1","0","28","13","15","35","14","21","34","17","17","0","0","0","276","138","138","3","0","3","42","18","24","15","8","7","-2"
"163286","University of Maryland-College Park","2017","Not on tenure/no tenure system, professors","30","20","10","0","0","0","1","1","0","2","2","0","3","3","0","0","0","0","23","14","9","0","0","0","1","0","1","0","0","0","-2"
"163286","University of Maryland-College Park","2017","Not on tenure/no tenure system, associate professors","22","8","14","0","0","0","0","0","0","1","0","1","2","1","1","0","0","0","18","7","11","0","0","0","1","0","1","0","0","0","-2"
"163286","University of Maryland-College Park","2017","Not on tenure/no tenure system, assistant professors","39","8","31","0","0","0","2","1","1","8","0","8","5","1","4","0","0","0","15","5","10","1","0","1","5","1","4","3","0","3","-2"
"163286","University of Maryland-College Park","2017","Not on tenure/no tenure system, instructors","8","4","4","0","0","0","1","0","1","3","2","1","0","0","0","0","0","0","4","2","2","0","0","0","0","0","0","0","0","0","-2"
"163286","University of Maryland-College Park","2017","Not on tenure/no tenure system, lecturers","335","169","166","1","1","0","24","11","13","21","10","11","24","12","12","0","0","0","216","110","106","2","0","2","35","17","18","12","8","4","-2"
"163338","University of Maryland Eastern Shore","2017","Tenured total","108","73","35","1","1","0","24","15","9","36","26","10","2","2","0","1","1","0","41","26","15","1","1","0","1","0","1","1","1","0","-2"
"163338","University of Maryland Eastern Shore","2017","Tenured, professors","39","24","15","1","1","0","10","5","5","14","9","5","0","0","0","0","0","0","13","8","5","1","1","0","0","0","0","0","0","0","-2"
"163338","University of Maryland Eastern Shore","2017","Tenured, associate professors","61","42","19","0","0","0","13","9","4","19","15","4","2","2","0","1","1","0","24","14","10","0","0","0","1","0","1","1","1","0","-2"
"163338","University of Maryland Eastern Shore","2017","Tenured, assistant professors","8","7","1","0","0","0","1","1","0","3","2","1","0","0","0","0","0","0","4","4","0","0","0","0","0","0","0","0","0","0","-2"
"163338","University of Maryland Eastern Shore","2017","On-Tenure track total","41","21","20","0","0","0","6","4","2","19","10","9","1","1","0","1","1","0","7","1","6","2","1","1","0","0","0","5","3","2","-2"
"163338","University of Maryland Eastern Shore","2017","On-tenure track, associate professors","5","3","2","0","0","0","0","0","0","5","3","2","0","0","0","0","0","0","0","0","0","0","0","0","0","0","0","0","0","0","-2"
"163338","University of Maryland Eastern Shore","2017","On-tenure track, assistant professors","35","17","18","0","0","0","6","4","2","13","6","7","1","1","0","1","1","0","7","1","6","2","1","1","0","0","0","5","3","2","-2"
"163338","University of Maryland Eastern Shore","2017","On-tenure track, instructors","1","1","0","0","0","0","0","0","0","1","1","0","0","0","0","0","0","0","0","0","0","0","0","0","0","0","0","0","0","0","-2"
"163338","University of Maryland Eastern Shore","2017","Not on tenure track/No tenure system system total","60","24","36","0","0","0","8","5","3","17","5","12","3","0","3","0","0","0","29","12","17","0","0","0","0","0","0","3","2","1","-2"
"163338","University of Maryland Eastern Shore","2017","Not on tenure/no tenure system, professors","2","1","1","0","0","0","0","0","0","0","0","0","0","0","0","0","0","0","2","1","1","0","0","0","0","0","0","0","0","0","-2"
"163338","University of Maryland Eastern Shore","2017","Not on tenure/no tenure system, associate professors","3","2","1","0","0","0","0","0","0","1","0","1","0","0","0","0","0","0","1","1","0","0","0","0","0","0","0","1","1","0","-2"
"163338","University of Maryland Eastern Shore","2017","Not on tenure/no tenure system, assistant professors","17","7","10","0","0","0","3","2","1","3","1","2","1","0","1","0","0","0","8","3","5","0","0","0","0","0","0","2","1","1","-2"
"163338","University of Maryland Eastern Shore","2017","Not on tenure/no tenure system, lecturers","38","14","24","0","0","0","5","3","2","13","4","9","2","0","2","0","0","0","18","7","11","0","0","0","0","0","0","0","0","0","-2"
"163851","Salisbury University","2017","Tenured total","231","135","96","0","0","0","21","12","9","16","11","5","1","0","1","0","0","0","190","109","81","0","0","0","1","1","0","2","2","0","-2"
"163851","Salisbury University","2017","Tenured, professors","99","62","37","0","0","0","11","6","5","2","2","0","0","0","0","0","0","0","86","54","32","0","0","0","0","0","0","0","0","0","-2"
"163851","Salisbury University","2017","Tenured, associate professors","120","66","54","0","0","0","9","6","3","13","9","4","1","0","1","0","0","0","94","48","46","0","0","0","1","1","0","2","2","0","-2"
"163851","Salisbury University","2017","Tenured, assistant professors","12","7","5","0","0","0","1","0","1","1","0","1","0","0","0","0","0","0","10","7","3","0","0","0","0","0","0","0","0","0","-2"
"163851","Salisbury University","2017","On-Tenure track total","116","56","60","0","0","0","8","4","4","7","3","4","3","3","0","0","0","0","89","43","46","2","0","2","1","1","0","6","2","4","-2"
"163851","Salisbury University","2017","On-tenure track, professors","1","1","0","0","0","0","0","0","0","1","1","0","0","0","0","0","0","0","0","0","0","0","0","0","0","0","0","0","0","0","-2"
"163851","Salisbury University","2017","On-tenure track, associate professors","2","1","1","0","0","0","1","1","0","0","0","0","0","0","0","0","0","0","1","0","1","0","0","0","0","0","0","0","0","0","-2"
"163851","Salisbury University","2017","On-tenure track, assistant professors","105","53","52","0","0","0","7","3","4","5","2","3","3","3","0","0","0","0","81","42","39","2","0","2","1","1","0","6","2","4","-2"
"163851","Salisbury University","2017","On-tenure track, instructors","8","1","7","0","0","0","0","0","0","1","0","1","0","0","0","0","0","0","7","1","6","0","0","0","0","0","0","0","0","0","-2"
"163851","Salisbury University","2017","Not on tenure track/No tenure system system total","87","21","66","1","0","1","5","0","5","1","0","1","2","1","1","0","0","0","78","20","58","0","0","0","0","0","0","0","0","0","-2"
"163851","Salisbury University","2017","Not on tenure/no tenure system, lecturers","87","21","66","1","0","1","5","0","5","1","0","1","2","1","1","0","0","0","78","20","58","0","0","0","0","0","0","0","0","0","-2"
"164155","United States Naval Academy","2017","Tenured total","217","152","65","1","0","1","16","12","4","5","3","2","8","3","5","1","0","1","186","134","52","0","0","0","0","0","0","0","0","0","-2"
"164155","United States Naval Academy","2017","Tenured, professors","131","91","40","1","0","1","4","3","1","1","1","0","3","1","2","1","0","1","121","86","35","0","0","0","0","0","0","0","0","0","-2"
"164155","United States Naval Academy","2017","Tenured, associate professors","86","61","25","0","0","0","12","9","3","4","2","2","5","2","3","0","0","0","65","48","17","0","0","0","0","0","0","0","0","0","-2"
"164155","United States Naval Academy","2017","On-Tenure track total","81","46","35","0","0","0","7","2","5","5","2","3","4","1","3","0","0","0","65","41","24","0","0","0","0","0","0","0","0","0","-2"
"164155","United States Naval Academy","2017","On-tenure track, professors","1","0","1","0","0","0","0","0","0","1","0","1","0","0","0","0","0","0","0","0","0","0","0","0","0","0","0","0","0","0","-2"
"164155","United States Naval Academy","2017","On-tenure track, assistant professors","80","46","34","0","0","0","7","2","5","4","2","2","4","1","3","0","0","0","65","41","24","0","0","0","0","0","0","0","0","0","-2"
"164155","United States Naval Academy","2017","Not on tenure track/No tenure system system total","29","23","6","0","0","0","0","0","0","1","1","0","0","0","0","0","0","0","28","22","6","0","0","0","0","0","0","0","0","0","-2"
"164155","United States Naval Academy","2017","Not on tenure/no tenure system, professors","1","1","0","0","0","0","0","0","0","0","0","0","0","0","0","0","0","0","1","1","0","0","0","0","0","0","0","0","0","0","-2"
"164155","United States Naval Academy","2017","Not on tenure/no tenure system, instructors","8","6","2","0","0","0","0","0","0","1","1","0","0","0","0","0","0","0","7","5","2","0","0","0","0","0","0","0","0","0","-2"
"164155","United States Naval Academy","2017","Not on tenure/no tenure system, no academic rank","20","16","4","0","0","0","0","0","0","0","0","0","0","0","0","0","0","0","20","16","4","0","0","0","0","0","0","0","0","0","-2"
"166027","Harvard University","2017","Tenured total","1107","827","280","0","0","0","110","84","26","42","26","16","34","21","13","0","0","0","884","664","220","6","5","1","0","0","0","31","27","4","-2"
"166027","Harvard University","2017","Tenured, professors","1107","827","280","0","0","0","110","84","26","42","26","16","34","21","13","0","0","0","884","664","220","6","5","1","0","0","0","31","27","4","-2"
"166027","Harvard University","2017","On-Tenure track total","387","227","160","0","0","0","62","35","27","19","7","12","18","11","7","0","0","0","218","130","88","7","6","1","0","0","0","63","38","25","-2"
"166027","Harvard University","2017","On-tenure track, associate professors","162","102","60","0","0","0","25","16","9","6","2","4","11","6","5","0","0","0","99","64","35","4","4","0","0","0","0","17","10","7","-2"
"166027","Harvard University","2017","On-tenure track, assistant professors","225","125","100","0","0","0","37","19","18","13","5","8","7","5","2","0","0","0","119","66","53","3","2","1","0","0","0","46","28","18","-2"
"166027","Harvard University","2017","Not on tenure track/No tenure system system total","637","348","289","1","1","0","58","33","25","28","13","15","21","13","8","0","0","0","400","225","175","10","4","6","6","1","5","113","58","55","-2"
"166027","Harvard University","2017","Not on tenure/no tenure system, professors","118","75","43","1","1","0","8","4","4","12","6","6","3","2","1","0","0","0","73","52","21","2","2","0","1","0","1","18","8","10","-2"
"166027","Harvard University","2017","Not on tenure/no tenure system, associate professors","15","7","8","0","0","0","6","2","4","0","0","0","1","1","0","0","0","0","7","4","3","0","0","0","0","0","0","1","0","1","-2"
"166027","Harvard University","2017","Not on tenure/no tenure system, assistant professors","31","20","11","0","0","0","7","6","1","0","0","0","0","0","0","0","0","0","17","9","8","0","0","0","0","0","0","7","5","2","-2"
"166027","Harvard University","2017","Not on tenure/no tenure system, instructors","199","92","107","0","0","0","25","13","12","3","2","1","10","5","5","0","0","0","106","51","55","4","2","2","1","0","1","50","19","31","-2"
"166027","Harvard University","2017","Not on tenure/no tenure system, lecturers","274","154","120","0","0","0","12","8","4","13","5","8","7","5","2","0","0","0","197","109","88","4","0","4","4","1","3","37","26","11","-2"
"166513","University of Massachusetts-Lowell","2017","Tenured total","285","177","108","0","0","0","77","53","24","6","5","1","8","6","2","0","0","0","191","111","80","2","1","1","0","0","0","1","1","0","-2"
"166513","University of Massachusetts-Lowell","2017","Tenured, professors","140","102","38","0","0","0","41","31","10","2","2","0","2","2","0","0","0","0","94","66","28","0","0","0","0","0","0","1","1","0","-2"
"166513","University of Massachusetts-Lowell","2017","Tenured, associate professors","145","75","70","0","0","0","36","22","14","4","3","1","6","4","2","0","0","0","97","45","52","2","1","1","0","0","0","0","0","0","-2"
"166513","University of Massachusetts-Lowell","2017","On-Tenure track total","146","89","57","0","0","0","31","19","12","3","1","2","7","6","1","0","0","0","74","43","31","2","1","1","0","0","0","29","19","10","-2"
"166513","University of Massachusetts-Lowell","2017","On-tenure track, professors","3","3","0","0","0","0","0","0","0","0","0","0","1","1","0","0","0","0","2","2","0","0","0","0","0","0","0","0","0","0","-2"
"166513","University of Massachusetts-Lowell","2017","On-tenure track, associate professors","10","8","2","0","0","0","6","5","1","0","0","0","1","1","0","0","0","0","2","1","1","0","0","0","0","0","0","1","1","0","-2"
"166513","University of Massachusetts-Lowell","2017","On-tenure track, assistant professors","133","78","55","0","0","0","25","14","11","3","1","2","5","4","1","0","0","0","70","40","30","2","1","1","0","0","0","28","18","10","-2"
"166513","University of Massachusetts-Lowell","2017","Not on tenure track/No tenure system system total","185","79","106","0","0","0","16","9","7","4","2","2","3","3","0","0","0","0","153","60","93","1","1","0","1","0","1","7","4","3","-2"
"166513","University of Massachusetts-Lowell","2017","Not on tenure/no tenure system, associate professors","8","3","5","0","0","0","0","0","0","0","0","0","1","1","0","0","0","0","7","2","5","0","0","0","0","0","0","0","0","0","-2"
"166513","University of Massachusetts-Lowell","2017","Not on tenure/no tenure system, assistant professors","6","0","6","0","0","0","1","0","1","0","0","0","0","0","0","0","0","0","5","0","5","0","0","0","0","0","0","0","0","0","-2"
"166513","University of Massachusetts-Lowell","2017","Not on tenure/no tenure system, instructors","2","0","2","0","0","0","0","0","0","0","0","0","0","0","0","0","0","0","2","0","2","0","0","0","0","0","0","0","0","0","-2"
"166513","University of Massachusetts-Lowell","2017","Not on tenure/no tenure system, lecturers","95","41","54","0","0","0","7","4","3","2","0","2","2","2","0","0","0","0","80","32","48","1","1","0","0","0","0","3","2","1","-2"
"166513","University of Massachusetts-Lowell","2017","Not on tenure/no tenure system, no academic rank","74","35","39","0","0","0","8","5","3","2","2","0","0","0","0","0","0","0","59","26","33","0","0","0","1","0","1","4","2","2","-2"
"166629","University of Massachusetts-Amherst","2017","Tenured total","760","486","274","3","2","1","93","65","28","31","18","13","33","18","15","0","0","0","567","366","201","8","3","5","19","9","10","6","5","1","-2"
"166629","University of Massachusetts-Amherst","2017","Tenured, professors","446","324","122","1","1","0","46","38","8","11","6","5","14","6","8","0","0","0","360","264","96","5","3","2","8","5","3","1","1","0","-2"
"166629","University of Massachusetts-Amherst","2017","Tenured, associate professors","313","161","152","2","1","1","46","26","20","20","12","8","19","12","7","0","0","0","207","102","105","3","0","3","11","4","7","5","4","1","-2"
"166629","University of Massachusetts-Amherst","2017","Tenured, assistant professors","1","1","0","0","0","0","1","1","0","0","0","0","0","0","0","0","0","0","0","0","0","0","0","0","0","0","0","0","0","0","-2"
"166629","University of Massachusetts-Amherst","2017","On-Tenure track total","301","149","152","1","0","1","55","28","27","15","6","9","6","2","4","0","0","0","171","78","93","4","4","0","21","14","7","28","17","11","-2"
"166629","University of Massachusetts-Amherst","2017","On-tenure track, professors","2","2","0","0","0","0","1","1","0","0","0","0","0","0","0","0","0","0","1","1","0","0","0","0","0","0","0","0","0","0","-2"
"166629","University of Massachusetts-Amherst","2017","On-tenure track, associate professors","10","5","5","0","0","0","2","1","1","0","0","0","0","0","0","0","0","0","4","1","3","1","1","0","1","1","0","2","1","1","-2"
"166629","University of Massachusetts-Amherst","2017","On-tenure track, assistant professors","289","142","147","1","0","1","52","26","26","15","6","9","6","2","4","0","0","0","166","76","90","3","3","0","20","13","7","26","16","10","-2"
"166629","University of Massachusetts-Amherst","2017","Not on tenure track/No tenure system system total","313","133","180","3","0","3","18","6","12","10","6","4","8","1","7","0","0","0","242","104","138","3","2","1","10","3","7","19","11","8","-2"
"166629","University of Massachusetts-Amherst","2017","Not on tenure/no tenure system, professors","2","1","1","0","0","0","0","0","0","0","0","0","1","0","1","0","0","0","0","0","0","0","0","0","0","0","0","1","1","0","-2"
"166629","University of Massachusetts-Amherst","2017","Not on tenure/no tenure system, associate professors","3","2","1","0","0","0","0","0","0","0","0","0","0","0","0","0","0","0","3","2","1","0","0","0","0","0","0","0","0","0","-2"
"166629","University of Massachusetts-Amherst","2017","Not on tenure/no tenure system, assistant professors","20","1","19","0","0","0","1","1","0","2","0","2","1","0","1","0","0","0","16","0","16","0","0","0","0","0","0","0","0","0","-2"
"166629","University of Massachusetts-Amherst","2017","Not on tenure/no tenure system, instructors","8","2","6","0","0","0","0","0","0","1","0","1","0","0","0","0","0","0","4","1","3","0","0","0","1","0","1","2","1","1","-2"
"166629","University of Massachusetts-Amherst","2017","Not on tenure/no tenure system, lecturers","280","127","153","3","0","3","17","5","12","7","6","1","6","1","5","0","0","0","219","101","118","3","2","1","9","3","6","16","9","7","-2"
"166683","Massachusetts Institute of Technology","2017","Tenured total","770","615","155","0","0","0","93","76","17","25","19","6","25","23","2","0","0","0","565","450","115","10","7","3","48","37","11","4","3","1","-2"
"166683","Massachusetts Institute of Technology","2017","Tenured, professors","644","523","121","0","0","0","70","59","11","19","15","4","18","17","1","0","0","0","497","400","97","5","4","1","32","25","7","3","3","0","-2"
"166683","Massachusetts Institute of Technology","2017","Tenured, associate professors","126","92","34","0","0","0","23","17","6","6","4","2","7","6","1","0","0","0","68","50","18","5","3","2","16","12","4","1","0","1","-2"
"166683","Massachusetts Institute of Technology","2017","On-Tenure track total","245","173","72","0","0","0","24","19","5","5","3","2","16","11","5","0","0","0","119","90","29","3","2","1","52","32","20","26","16","10","-2"
"166683","Massachusetts Institute of Technology","2017","On-tenure track, associate professors","83","61","22","0","0","0","12","9","3","1","1","0","6","5","1","0","0","0","42","33","9","1","0","1","18","10","8","3","3","0","-2"
"166683","Massachusetts Institute of Technology","2017","On-tenure track, assistant professors","162","112","50","0","0","0","12","10","2","4","2","2","10","6","4","0","0","0","77","57","20","2","2","0","34","22","12","23","13","10","-2"
"166683","Massachusetts Institute of Technology","2017","Not on tenure track/No tenure system system total","9","7","2","0","0","0","1","0","1","1","1","0","0","0","0","0","0","0","6","5","1","0","0","0","1","1","0","0","0","0","-2"
"166683","Massachusetts Institute of Technology","2017","Not on tenure/no tenure system, associate professors","7","5","2","0","0","0","1","0","1","1","1","0","0","0","0","0","0","0","5","4","1","0","0","0","0","0","0","0","0","0","-2"
"166683","Massachusetts Institute of Technology","2017","Not on tenure/no tenure system, assistant professors","2","2","0","0","0","0","0","0","0","0","0","0","0","0","0","0","0","0","1","1","0","0","0","0","1","1","0","0","0","0","-2"
"169248","Central Michigan University","2017","Tenured total","458","287","171","1","1","0","55","34","21","16","9","7","18","10","8","0","0","0","358","227","131","5","4","1","0","0","0","5","2","3","-2"
"169248","Central Michigan University","2017","Tenured, professors","292","194","98","1","1","0","31","22","9","13","8","5","11","6","5","0","0","0","233","154","79","2","2","0","0","0","0","1","1","0","-2"
"169248","Central Michigan University","2017","Tenured, associate professors","160","89","71","0","0","0","24","12","12","3","1","2","7","4","3","0","0","0","119","69","50","3","2","1","0","0","0","4","1","3","-2"
"169248","Central Michigan University","2017","Tenured, assistant professors","6","4","2","0","0","0","0","0","0","0","0","0","0","0","0","0","0","0","6","4","2","0","0","0","0","0","0","0","0","0","-2"
"169248","Central Michigan University","2017","On-Tenure track total","135","65","70","0","0","0","15","11","4","4","2","2","1","1","0","0","0","0","88","40","48","0","0","0","1","0","1","26","11","15","-2"
"169248","Central Michigan University","2017","On-tenure track, professors","1","1","0","0","0","0","0","0","0","0","0","0","0","0","0","0","0","0","1","1","0","0","0","0","0","0","0","0","0","0","-2"
"169248","Central Michigan University","2017","On-tenure track, associate professors","15","12","3","0","0","0","3","2","1","0","0","0","0","0","0","0","0","0","12","10","2","0","0","0","0","0","0","0","0","0","-2"
"169248","Central Michigan University","2017","On-tenure track, assistant professors","119","52","67","0","0","0","12","9","3","4","2","2","1","1","0","0","0","0","75","29","46","0","0","0","1","0","1","26","11","15","-2"
"169248","Central Michigan University","2017","Not on tenure track/No tenure system system total","232","124","108","1","1","0","7","4","3","2","1","1","3","0","3","0","0","0","209","112","97","1","0","1","1","1","0","8","5","3","-2"
"169248","Central Michigan University","2017","Not on tenure/no tenure system, professors","4","2","2","0","0","0","2","1","1","0","0","0","0","0","0","0","0","0","2","1","1","0","0","0","0","0","0","0","0","0","-2"
"169248","Central Michigan University","2017","Not on tenure/no tenure system, associate professors","1","1","0","0","0","0","0","0","0","0","0","0","0","0","0","0","0","0","1","1","0","0","0","0","0","0","0","0","0","0","-2"
"169248","Central Michigan University","2017","Not on tenure/no tenure system, assistant professors","10","6","4","0","0","0","0","0","0","0","0","0","0","0","0","0","0","0","9","6","3","1","0","1","0","0","0","0","0","0","-2"
"169248","Central Michigan University","2017","Not on tenure/no tenure system, instructors","3","2","1","0","0","0","0","0","0","0","0","0","0","0","0","0","0","0","3","2","1","0","0","0","0","0","0","0","0","0","-2"
"169248","Central Michigan University","2017","Not on tenure/no tenure system, lecturers","207","110","97","1","1","0","5","3","2","1","1","0","3","0","3","0","0","0","188","99","89","0","0","0","1","1","0","8","5","3","-2"
"169248","Central Michigan University","2017","Not on tenure/no tenure system, no academic rank","7","3","4","0","0","0","0","0","0","1","0","1","0","0","0","0","0","0","6","3","3","0","0","0","0","0","0","0","0","0","-2"
"170976","University of Michigan-Ann Arbor","2017","Tenured total","2140","1492","648","9","6","3","313","231","82","90","57","33","92","56","36","3","1","2","1588","1107","481","20","14","6","16","12","4","9","8","1","-2"
"170976","University of Michigan-Ann Arbor","2017","Tenured, professors","1463","1076","387","6","4","2","189","146","43","55","33","22","51","32","19","3","1","2","1132","840","292","9","6","3","11","8","3","7","6","1","-2"
"170976","University of Michigan-Ann Arbor","2017","Tenured, associate professors","677","416","261","3","2","1","124","85","39","35","24","11","41","24","17","0","0","0","456","267","189","11","8","3","5","4","1","2","2","0","-2"
"170976","University of Michigan-Ann Arbor","2017","On-Tenure track total","650","351","299","1","1","0","120","67","53","35","17","18","22","14","8","0","0","0","389","209","180","11","7","4","16","7","9","56","29","27","-2"
"170976","University of Michigan-Ann Arbor","2017","On-tenure track, professors","4","4","0","0","0","0","1","1","0","0","0","0","0","0","0","0","0","0","3","3","0","0","0","0","0","0","0","0","0","0","-2"
"170976","University of Michigan-Ann Arbor","2017","On-tenure track, associate professors","19","11","8","0","0","0","8","6","2","1","1","0","0","0","0","0","0","0","9","4","5","0","0","0","1","0","1","0","0","0","-2"
"170976","University of Michigan-Ann Arbor","2017","On-tenure track, assistant professors","627","336","291","1","1","0","111","60","51","34","16","18","22","14","8","0","0","0","377","202","175","11","7","4","15","7","8","56","29","27","-2"
"170976","University of Michigan-Ann Arbor","2017","Not on tenure track/No tenure system system total","3769","2126","1643","7","4","3","530","296","234","103","47","56","117","55","62","0","0","0","2020","1076","944","35","16","19","45","24","21","912","608","304","-2"
"170976","University of Michigan-Ann Arbor","2017","Not on tenure/no tenure system, professors","230","156","74","1","1","0","29","19","10","4","2","2","8","5","3","0","0","0","183","126","57","0","0","0","2","1","1","3","2","1","-2"
"170976","University of Michigan-Ann Arbor","2017","Not on tenure/no tenure system, associate professors","301","171","130","0","0","0","61","38","23","11","5","6","11","6","5","0","0","0","205","115","90","5","3","2","3","1","2","5","3","2","-2"
"170976","University of Michigan-Ann Arbor","2017","Not on tenure/no tenure system, assistant professors","749","400","349","2","0","2","134","78","56","27","11","16","16","9","7","0","0","0","482","245","237","11","4","7","16","11","5","61","42","19","-2"
"170976","University of Michigan-Ann Arbor","2017","Not on tenure/no tenure system, instructors","139","52","87","0","0","0","22","9","13","10","5","5","7","0","7","0","0","0","94","36","58","1","0","1","1","0","1","4","2","2","-2"
"170976","University of Michigan-Ann Arbor","2017","Not on tenure/no tenure system, lecturers","728","332","396","2","1","1","75","26","49","23","11","12","37","13","24","0","0","0","529","249","280","8","4","4","15","6","9","39","22","17","-2"
"170976","University of Michigan-Ann Arbor","2017","Not on tenure/no tenure system, no academic rank","1622","1015","607","2","2","0","209","126","83","28","13","15","38","22","16","0","0","0","527","305","222","10","5","5","8","5","3","800","537","263","-2"
"171100","Michigan State University","2017","Tenured total","1415","960","455","10","9","1","198","129","69","54","36","18","53","37","16","2","2","0","1088","742","346","7","2","5","0","0","0","3","3","0","-2"
"171100","Michigan State University","2017","Tenured, professors","838","623","215","6","5","1","107","82","25","28","20","8","19","13","6","1","1","0","671","498","173","4","2","2","0","0","0","2","2","0","-2"
"171100","Michigan State University","2017","Tenured, associate professors","577","337","240","4","4","0","91","47","44","26","16","10","34","24","10","1","1","0","417","244","173","3","0","3","0","0","0","1","1","0","-2"
"171100","Michigan State University","2017","On-Tenure track total","455","233","222","2","0","2","80","53","27","22","9","13","38","16","22","1","0","1","245","113","132","1","0","1","0","0","0","66","42","24","-2"
"171100","Michigan State University","2017","On-tenure track, associate professors","18","9","9","0","0","0","6","4","2","1","1","0","1","1","0","0","0","0","7","1","6","0","0","0","0","0","0","3","2","1","-2"
"171100","Michigan State University","2017","On-tenure track, assistant professors","437","224","213","2","0","2","74","49","25","21","8","13","37","15","22","1","0","1","238","112","126","1","0","1","0","0","0","63","40","23","-2"
"171100","Michigan State University","2017","Not on tenure track/No tenure system system total","854","436","418","1","1","0","100","56","44","44","23","21","29","17","12","1","1","0","610","300","310","2","0","2","0","0","0","67","38","29","-2"
"171100","Michigan State University","2017","Not on tenure/no tenure system, professors","73","52","21","0","0","0","13","11","2","6","4","2","1","1","0","1","1","0","51","34","17","0","0","0","0","0","0","1","1","0","-2"
"171100","Michigan State University","2017","Not on tenure/no tenure system, associate professors","110","74","36","0","0","0","14","9","5","8","5","3","0","0","0","0","0","0","84","56","28","0","0","0","0","0","0","4","4","0","-2"
"171100","Michigan State University","2017","Not on tenure/no tenure system, assistant professors","475","237","238","1","1","0","62","30","32","26","13","13","24","14","10","0","0","0","310","149","161","2","0","2","0","0","0","50","30","20","-2"
"171100","Michigan State University","2017","Not on tenure/no tenure system, instructors","188","70","118","0","0","0","10","6","4","4","1","3","4","2","2","0","0","0","159","58","101","0","0","0","0","0","0","11","3","8","-2"
"171100","Michigan State University","2017","Not on tenure/no tenure system, lecturers","8","3","5","0","0","0","1","0","1","0","0","0","0","0","0","0","0","0","6","3","3","0","0","0","0","0","0","1","0","1","-2"
"171128","Michigan Technological University","2017","Tenured total","243","184","59","0","0","0","47","40","7","4","2","2","4","2","2","0","0","0","156","113","43","1","1","0","29","24","5","2","2","0","-2"
"171128","Michigan Technological University","2017","Tenured, professors","116","93","23","0","0","0","21","20","1","2","1","1","3","2","1","0","0","0","78","59","19","0","0","0","12","11","1","0","0","0","-2"
"171128","Michigan Technological University","2017","Tenured, associate professors","127","91","36","0","0","0","26","20","6","2","1","1","1","0","1","0","0","0","78","54","24","1","1","0","17","13","4","2","2","0","-2"
"171128","Michigan Technological University","2017","On-Tenure track total","95","63","32","0","0","0","18","11","7","0","0","0","6","5","1","0","0","0","44","25","19","0","0","0","11","7","4","16","15","1","-2"
"171128","Michigan Technological University","2017","On-tenure track, associate professors","4","3","1","0","0","0","2","2","0","0","0","0","0","0","0","0","0","0","1","0","1","0","0","0","0","0","0","1","1","0","-2"
"171128","Michigan Technological University","2017","On-tenure track, assistant professors","91","60","31","0","0","0","16","9","7","0","0","0","6","5","1","0","0","0","43","25","18","0","0","0","11","7","4","15","14","1","-2"
"171128","Michigan Technological University","2017","Not on tenure track/No tenure system system total","77","46","31","0","0","0","4","3","1","0","0","0","1","0","1","0","0","0","65","37","28","0","0","0","2","2","0","5","4","1","-2"
"171128","Michigan Technological University","2017","Not on tenure/no tenure system, assistant professors","1","1","0","0","0","0","0","0","0","0","0","0","0","0","0","0","0","0","0","0","0","0","0","0","1","1","0","0","0","0","-2"
"171128","Michigan Technological University","2017","Not on tenure/no tenure system, instructors","21","16","5","0","0","0","0","0","0","0","0","0","0","0","0","0","0","0","18","14","4","0","0","0","1","1","0","2","1","1","-2"
"171128","Michigan Technological University","2017","Not on tenure/no tenure system, lecturers","55","29","26","0","0","0","4","3","1","0","0","0","1","0","1","0","0","0","47","23","24","0","0","0","0","0","0","3","3","0","-2"
"174066","University of Minnesota-Twin Cities","2017","Tenured total","1678","1117","561","7","2","5","234","170","64","39","21","18","42","23","19","1","1","0","1322","876","446","18","10","8","5","5","0","10","9","1","-2"
"174066","University of Minnesota-Twin Cities","2017","Tenured, professors","1093","780","313","3","1","2","139","110","29","16","10","6","23","14","9","0","0","0","899","636","263","8","4","4","2","2","0","3","3","0","-2"
"174066","University of Minnesota-Twin Cities","2017","Tenured, associate professors","584","336","248","4","1","3","95","60","35","23","11","12","19","9","10","1","1","0","422","239","183","10","6","4","3","3","0","7","6","1","-2"
"174066","University of Minnesota-Twin Cities","2017","Tenured, assistant professors","1","1","0","0","0","0","0","0","0","0","0","0","0","0","0","0","0","0","1","1","0","0","0","0","0","0","0","0","0","0","-2"
"174066","University of Minnesota-Twin Cities","2017","On-Tenure track total","493","276","217","6","4","2","53","33","20","20","8","12","22","12","10","1","0","1","274","146","128","13","8","5","30","20","10","74","45","29","-2"
"174066","University of Minnesota-Twin Cities","2017","On-tenure track, professors","3","2","1","1","1","0","0","0","0","0","0","0","0","0","0","0","0","0","2","1","1","0","0","0","0","0","0","0","0","0","-2"
"174066","University of Minnesota-Twin Cities","2017","On-tenure track, associate professors","36","18","18","1","0","1","3","1","2","2","1","1","2","1","1","0","0","0","26","14","12","1","1","0","0","0","0","1","0","1","-2"
"174066","University of Minnesota-Twin Cities","2017","On-tenure track, assistant professors","454","256","198","4","3","1","50","32","18","18","7","11","20","11","9","1","0","1","246","131","115","12","7","5","30","20","10","73","45","28","-2"
"174066","University of Minnesota-Twin Cities","2017","Not on tenure track/No tenure system system total","1033","539","494","4","1","3","126","73","53","19","12","7","31","20","11","2","2","0","757","371","386","12","5","7","21","16","5","61","39","22","-2"
"174066","University of Minnesota-Twin Cities","2017","Not on tenure/no tenure system, professors","90","67","23","0","0","0","11","10","1","1","1","0","2","2","0","0","0","0","70","50","20","0","0","0","1","1","0","5","3","2","-2"
"174066","University of Minnesota-Twin Cities","2017","Not on tenure/no tenure system, associate professors","211","111","100","0","0","0","33","15","18","3","3","0","4","3","1","1","1","0","162","82","80","1","1","0","3","3","0","4","3","1","-2"
"174066","University of Minnesota-Twin Cities","2017","Not on tenure/no tenure system, assistant professors","683","337","346","3","1","2","77","45","32","14","7","7","23","14","9","1","1","0","487","222","265","11","4","7","17","12","5","50","31","19","-2"
"174066","University of Minnesota-Twin Cities","2017","Not on tenure/no tenure system, instructors","44","20","24","0","0","0","4","2","2","1","1","0","2","1","1","0","0","0","35","14","21","0","0","0","0","0","0","2","2","0","-2"
"174066","University of Minnesota-Twin Cities","2017","Not on tenure/no tenure system, no academic rank","5","4","1","1","0","1","1","1","0","0","0","0","0","0","0","0","0","0","3","3","0","0","0","0","0","0","0","0","0","0","-2"
"174783","Saint Cloud State University","2017","Tenured total","303","176","127","5","1","4","46","28","18","15","13","2","14","9","5","0","0","0","214","121","93","1","0","1","7","3","4","1","1","0","-2"
"174783","Saint Cloud State University","2017","Tenured, professors","208","121","87","2","1","1","31","19","12","13","11","2","8","6","2","0","0","0","150","82","68","0","0","0","4","2","2","0","0","0","-2"
"174783","Saint Cloud State University","2017","Tenured, associate professors","88","50","38","3","0","3","15","9","6","2","2","0","5","3","2","0","0","0","58","34","24","1","0","1","3","1","2","1","1","0","-2"
"174783","Saint Cloud State University","2017","Tenured, assistant professors","7","5","2","0","0","0","0","0","0","0","0","0","1","0","1","0","0","0","6","5","1","0","0","0","0","0","0","0","0","0","-2"
"174783","Saint Cloud State University","2017","On-Tenure track total","48","29","19","0","0","0","7","3","4","3","2","1","0","0","0","0","0","0","36","22","14","0","0","0","0","0","0","2","2","0","-2"
"174783","Saint Cloud State University","2017","On-tenure track, associate professors","6","4","2","0","0","0","2","2","0","0","0","0","0","0","0","0","0","0","4","2","2","0","0","0","0","0","0","0","0","0","-2"
"174783","Saint Cloud State University","2017","On-tenure track, assistant professors","42","25","17","0","0","0","5","1","4","3","2","1","0","0","0","0","0","0","32","20","12","0","0","0","0","0","0","2","2","0","-2"
"174783","Saint Cloud State University","2017","Not on tenure track/No tenure system system total","65","27","38","0","0","0","5","3","2","1","1","0","0","0","0","1","0","1","55","20","35","0","0","0","0","0","0","3","3","0","-2"
"174783","Saint Cloud State University","2017","Not on tenure/no tenure system, associate professors","6","2","4","0","0","0","0","0","0","0","0","0","0","0","0","0","0","0","6","2","4","0","0","0","0","0","0","0","0","0","-2"
"174783","Saint Cloud State University","2017","Not on tenure/no tenure system, assistant professors","43","19","24","0","0","0","4","2","2","1","1","0","0","0","0","1","0","1","35","14","21","0","0","0","0","0","0","2","2","0","-2"
"174783","Saint Cloud State University","2017","Not on tenure/no tenure system, instructors","16","6","10","0","0","0","1","1","0","0","0","0","0","0","0","0","0","0","14","4","10","0","0","0","0","0","0","1","1","0","-2"
"175856","Jackson State University","2017","Tenured total","186","118","68","1","1","0","34","30","4","104","51","53","1","1","0","1","1","0","35","25","10","0","0","0","0","0","0","10","9","1","-2"
"175856","Jackson State University","2017","Tenured, professors","91","64","27","1","1","0","19","16","3","46","27","19","1","1","0","0","0","0","20","15","5","0","0","0","0","0","0","4","4","0","-2"
"175856","Jackson State University","2017","Tenured, associate professors","88","50","38","0","0","0","15","14","1","52","21","31","0","0","0","1","1","0","15","10","5","0","0","0","0","0","0","5","4","1","-2"
"175856","Jackson State University","2017","Tenured, assistant professors","7","4","3","0","0","0","0","0","0","6","3","3","0","0","0","0","0","0","0","0","0","0","0","0","0","0","0","1","1","0","-2"
"175856","Jackson State University","2017","On-Tenure track total","64","28","36","0","0","0","4","3","1","38","11","27","1","1","0","0","0","0","10","5","5","1","1","0","0","0","0","10","7","3","-2"
"175856","Jackson State University","2017","On-tenure track, professors","2","2","0","0","0","0","0","0","0","1","1","0","0","0","0","0","0","0","1","1","0","0","0","0","0","0","0","0","0","0","-2"
"175856","Jackson State University","2017","On-tenure track, associate professors","7","4","3","0","0","0","0","0","0","4","2","2","1","1","0","0","0","0","1","0","1","0","0","0","0","0","0","1","1","0","-2"
"175856","Jackson State University","2017","On-tenure track, assistant professors","55","22","33","0","0","0","4","3","1","33","8","25","0","0","0","0","0","0","8","4","4","1","1","0","0","0","0","9","6","3","-2"
"175856","Jackson State University","2017","Not on tenure track/No tenure system system total","120","53","67","0","0","0","9","4","5","88","38","50","2","0","2","0","0","0","17","8","9","0","0","0","0","0","0","4","3","1","-2"
"175856","Jackson State University","2017","Not on tenure/no tenure system, professors","2","1","1","0","0","0","0","0","0","1","0","1","0","0","0","0","0","0","1","1","0","0","0","0","0","0","0","0","0","0","-2"
"175856","Jackson State University","2017","Not on tenure/no tenure system, associate professors","6","5","1","0","0","0","0","0","0","6","5","1","0","0","0","0","0","0","0","0","0","0","0","0","0","0","0","0","0","0","-2"
"175856","Jackson State University","2017","Not on tenure/no tenure system, assistant professors","37","20","17","0","0","0","5","4","1","24","11","13","0","0","0","0","0","0","5","3","2","0","0","0","0","0","0","3","2","1","-2"
"175856","Jackson State University","2017","Not on tenure/no tenure system, instructors","69","23","46","0","0","0","4","0","4","53","19","34","2","0","2","0","0","0","9","3","6","0","0","0","0","0","0","1","1","0","-2"
"175856","Jackson State University","2017","Not on tenure/no tenure system, lecturers","6","4","2","0","0","0","0","0","0","4","3","1","0","0","0","0","0","0","2","1","1","0","0","0","0","0","0","0","0","0","-2"
"176017","University of Mississippi","2017","Tenured total","603","393","210","1","1","0","44","31","13","45","19","26","10","8","2","1","0","1","483","318","165","18","15","3","0","0","0","1","1","0","-2"
"176017","University of Mississippi","2017","Tenured, professors","340","228","112","1","1","0","28","24","4","26","10","16","5","4","1","0","0","0","269","178","91","11","11","0","0","0","0","0","0","0","-2"
"176017","University of Mississippi","2017","Tenured, associate professors","257","163","94","0","0","0","15","6","9","19","9","10","5","4","1","1","0","1","209","139","70","7","4","3","0","0","0","1","1","0","-2"
"176017","University of Mississippi","2017","Tenured, assistant professors","6","2","4","0","0","0","1","1","0","0","0","0","0","0","0","0","0","0","5","1","4","0","0","0","0","0","0","0","0","0","-2"
"176017","University of Mississippi","2017","On-Tenure track total","330","199","131","2","1","1","38","27","11","22","9","13","7","3","4","0","0","0","206","120","86","2","2","0","0","0","0","53","37","16","-2"
"176017","University of Mississippi","2017","On-tenure track, professors","21","17","4","0","0","0","5","4","1","0","0","0","0","0","0","0","0","0","15","12","3","0","0","0","0","0","0","1","1","0","-2"
"176017","University of Mississippi","2017","On-tenure track, associate professors","46","31","15","0","0","0","8","6","2","4","2","2","1","0","1","0","0","0","32","23","9","0","0","0","0","0","0","1","0","1","-2"
"176017","University of Mississippi","2017","On-tenure track, assistant professors","263","151","112","2","1","1","25","17","8","18","7","11","6","3","3","0","0","0","159","85","74","2","2","0","0","0","0","51","36","15","-2"
"176017","University of Mississippi","2017","Not on tenure track/No tenure system system total","864","391","473","2","2","0","62","32","30","61","16","45","32","9","23","0","0","0","615","283","332","6","2","4","1","1","0","85","46","39","-2"
"176017","University of Mississippi","2017","Not on tenure/no tenure system, professors","75","56","19","1","1","0","8","6","2","1","0","1","1","1","0","0","0","0","63","47","16","1","1","0","0","0","0","0","0","0","-2"
"176017","University of Mississippi","2017","Not on tenure/no tenure system, associate professors","151","77","74","0","0","0","14","7","7","18","6","12","4","2","2","0","0","0","112","60","52","1","0","1","0","0","0","2","2","0","-2"
"176017","University of Mississippi","2017","Not on tenure/no tenure system, assistant professors","354","168","186","0","0","0","27","13","14","24","4","20","12","3","9","0","0","0","221","107","114","1","0","1","0","0","0","69","41","28","-2"
"176017","University of Mississippi","2017","Not on tenure/no tenure system, instructors","250","78","172","1","1","0","13","6","7","18","6","12","11","2","9","0","0","0","190","58","132","2","1","1","1","1","0","14","3","11","-2"
"176017","University of Mississippi","2017","Not on tenure/no tenure system, lecturers","34","12","22","0","0","0","0","0","0","0","0","0","4","1","3","0","0","0","29","11","18","1","0","1","0","0","0","0","0","0","-2"
"176044","Mississippi Valley State University","2017","Tenured total","54","31","23","0","0","0","11","8","3","33","17","16","0","0","0","0","0","0","10","6","4","0","0","0","0","0","0","0","0","0","-2"
"176044","Mississippi Valley State University","2017","Tenured, professors","16","12","4","0","0","0","5","3","2","7","6","1","0","0","0","0","0","0","4","3","1","0","0","0","0","0","0","0","0","0","-2"
"176044","Mississippi Valley State University","2017","Tenured, associate professors","22","13","9","0","0","0","5","4","1","11","6","5","0","0","0","0","0","0","6","3","3","0","0","0","0","0","0","0","0","0","-2"
"176044","Mississippi Valley State University","2017","Tenured, assistant professors","16","6","10","0","0","0","1","1","0","15","5","10","0","0","0","0","0","0","0","0","0","0","0","0","0","0","0","0","0","0","-2"
"176044","Mississippi Valley State University","2017","On-Tenure track total","31","15","16","0","0","0","3","2","1","20","7","13","0","0","0","0","0","0","8","6","2","0","0","0","0","0","0","0","0","0","-2"
"176044","Mississippi Valley State University","2017","On-tenure track, associate professors","6","4","2","0","0","0","1","1","0","2","1","1","0","0","0","0","0","0","3","2","1","0","0","0","0","0","0","0","0","0","-2"
"176044","Mississippi Valley State University","2017","On-tenure track, assistant professors","25","11","14","0","0","0","2","1","1","18","6","12","0","0","0","0","0","0","5","4","1","0","0","0","0","0","0","0","0","0","-2"
"176044","Mississippi Valley State University","2017","Not on tenure track/No tenure system system total","29","13","16","0","0","0","2","2","0","26","11","15","0","0","0","0","0","0","1","0","1","0","0","0","0","0","0","0","0","0","-2"
"176044","Mississippi Valley State University","2017","Not on tenure/no tenure system, instructors","29","13","16","0","0","0","2","2","0","26","11","15","0","0","0","0","0","0","1","0","1","0","0","0","0","0","0","0","0","0","-2"
"176080","Mississippi State University","2017","Tenured total","442","327","115","0","0","0","44","35","9","19","6","13","8","7","1","0","0","0","365","277","88","5","1","4","0","0","0","1","1","0","-2"
"176080","Mississippi State University","2017","Tenured, professors","231","185","46","0","0","0","26","22","4","7","1","6","5","5","0","0","0","0","192","157","35","1","0","1","0","0","0","0","0","0","-2"
"176080","Mississippi State University","2017","Tenured, associate professors","203","137","66","0","0","0","18","13","5","10","4","6","3","2","1","0","0","0","167","116","51","4","1","3","0","0","0","1","1","0","-2"
"176080","Mississippi State University","2017","Tenured, assistant professors","8","5","3","0","0","0","0","0","0","2","1","1","0","0","0","0","0","0","6","4","2","0","0","0","0","0","0","0","0","0","-2"
"176080","Mississippi State University","2017","On-Tenure track total","279","167","112","2","1","1","35","29","6","19","5","14","10","4","6","0","0","0","160","94","66","4","2","2","1","0","1","48","32","16","-2"
"176080","Mississippi State University","2017","On-tenure track, professors","4","3","1","0","0","0","0","0","0","0","0","0","0","0","0","0","0","0","4","3","1","0","0","0","0","0","0","0","0","0","-2"
"176080","Mississippi State University","2017","On-tenure track, associate professors","10","10","0","0","0","0","4","4","0","0","0","0","0","0","0","0","0","0","3","3","0","0","0","0","0","0","0","3","3","0","-2"
"176080","Mississippi State University","2017","On-tenure track, assistant professors","265","154","111","2","1","1","31","25","6","19","5","14","10","4","6","0","0","0","153","88","65","4","2","2","1","0","1","45","29","16","-2"
"176080","Mississippi State University","2017","Not on tenure track/No tenure system system total","223","76","147","1","1","0","5","1","4","16","5","11","5","1","4","1","0","1","187","63","124","3","3","0","1","1","0","4","1","3","-2"
"176080","Mississippi State University","2017","Not on tenure/no tenure system, professors","1","0","1","0","0","0","0","0","0","0","0","0","0","0","0","0","0","0","1","0","1","0","0","0","0","0","0","0","0","0","-2"
"176080","Mississippi State University","2017","Not on tenure/no tenure system, associate professors","1","1","0","0","0","0","0","0","0","0","0","0","0","0","0","0","0","0","1","1","0","0","0","0","0","0","0","0","0","0","-2"
"176080","Mississippi State University","2017","Not on tenure/no tenure system, assistant professors","8","3","5","0","0","0","0","0","0","2","0","2","0","0","0","0","0","0","5","2","3","0","0","0","0","0","0","1","1","0","-2"
"176080","Mississippi State University","2017","Not on tenure/no tenure system, instructors","148","48","100","1","1","0","4","1","3","11","4","7","2","0","2","1","0","1","127","40","87","1","1","0","1","1","0","0","0","0","-2"
"176080","Mississippi State University","2017","Not on tenure/no tenure system, lecturers","65","24","41","0","0","0","1","0","1","3","1","2","3","1","2","0","0","0","53","20","33","2","2","0","0","0","0","3","0","3","-2"
"178396","University of Missouri-Columbia","2017","Tenured total","735","512","223","3","3","0","114","91","23","14","9","5","26","14","12","1","1","0","564","385","179","2","2","0","9","6","3","2","1","1","-2"
"178396","University of Missouri-Columbia","2017","Tenured, professors","414","307","107","1","1","0","76","68","8","8","4","4","10","6","4","0","0","0","312","223","89","2","2","0","5","3","2","0","0","0","-2"
"178396","University of Missouri-Columbia","2017","Tenured, associate professors","321","205","116","2","2","0","38","23","15","6","5","1","16","8","8","1","1","0","252","162","90","0","0","0","4","3","1","2","1","1","-2"
"178396","University of Missouri-Columbia","2017","On-Tenure track total","238","131","107","1","0","1","37","25","12","27","16","11","16","7","9","0","0","0","125","64","61","1","0","1","3","1","2","28","18","10","-2"
"178396","University of Missouri-Columbia","2017","On-tenure track, professors","3","1","2","0","0","0","0","0","0","1","1","0","0","0","0","0","0","0","1","0","1","0","0","0","1","0","1","0","0","0","-2"
"178396","University of Missouri-Columbia","2017","On-tenure track, associate professors","13","9","4","0","0","0","2","2","0","0","0","0","3","2","1","0","0","0","7","4","3","0","0","0","0","0","0","1","1","0","-2"
"178396","University of Missouri-Columbia","2017","On-tenure track, assistant professors","222","121","101","1","0","1","35","23","12","26","15","11","13","5","8","0","0","0","117","60","57","1","0","1","2","1","1","27","17","10","-2"
"178396","University of Missouri-Columbia","2017","Not on tenure track/No tenure system system total","854","430","424","2","0","2","68","39","29","26","13","13","31","13","18","2","0","2","616","296","320","11","9","2","22","9","13","76","51","25","-2"
"178396","University of Missouri-Columbia","2017","Not on tenure/no tenure system, professors","67","38","29","0","0","0","4","3","1","1","1","0","3","2","1","0","0","0","59","32","27","0","0","0","0","0","0","0","0","0","-2"
"178396","University of Missouri-Columbia","2017","Not on tenure/no tenure system, associate professors","215","114","101","1","0","1","26","14","12","6","4","2","5","1","4","1","0","1","168","89","79","3","3","0","3","1","2","2","2","0","-2"
"178396","University of Missouri-Columbia","2017","Not on tenure/no tenure system, assistant professors","388","199","189","0","0","0","33","20","13","12","6","6","17","6","11","0","0","0","267","131","136","4","4","0","12","5","7","43","27","16","-2"
"178396","University of Missouri-Columbia","2017","Not on tenure/no tenure system, instructors","86","29","57","0","0","0","0","0","0","3","0","3","2","1","1","1","0","1","71","24","47","1","0","1","5","2","3","3","2","1","-2"
"178396","University of Missouri-Columbia","2017","Not on tenure/no tenure system, lecturers","15","3","12","1","0","1","0","0","0","0","0","0","1","1","0","0","0","0","11","2","9","1","0","1","1","0","1","0","0","0","-2"
"178396","University of Missouri-Columbia","2017","Not on tenure/no tenure system, no academic rank","83","47","36","0","0","0","5","2","3","4","2","2","3","2","1","0","0","0","40","18","22","2","2","0","1","1","0","28","20","8","-2"
"178411","Missouri University of Science and Technology","2017","Tenured total","223","179","44","0","0","0","53","44","9","7","5","2","5","5","0","0","0","0","148","117","31","2","2","0","0","0","0","8","6","2","-2"
"178411","Missouri University of Science and Technology","2017","Tenured, professors","126","107","19","0","0","0","29","26","3","4","3","1","1","1","0","0","0","0","89","74","15","0","0","0","0","0","0","3","3","0","-2"
"178411","Missouri University of Science and Technology","2017","Tenured, associate professors","97","72","25","0","0","0","24","18","6","3","2","1","4","4","0","0","0","0","59","43","16","2","2","0","0","0","0","5","3","2","-2"
"178411","Missouri University of Science and Technology","2017","On-Tenure track total","86","63","23","0","0","0","14","8","6","0","0","0","0","0","0","0","0","0","35","25","10","0","0","0","5","3","2","32","27","5","-2"
"178411","Missouri University of Science and Technology","2017","On-tenure track, associate professors","2","1","1","0","0","0","0","0","0","0","0","0","0","0","0","0","0","0","2","1","1","0","0","0","0","0","0","0","0","0","-2"
"178411","Missouri University of Science and Technology","2017","On-tenure track, assistant professors","84","62","22","0","0","0","14","8","6","0","0","0","0","0","0","0","0","0","33","24","9","0","0","0","5","3","2","32","27","5","-2"
"178411","Missouri University of Science and Technology","2017","Not on tenure track/No tenure system system total","73","36","37","2","0","2","5","2","3","2","1","1","1","1","0","0","0","0","48","21","27","0","0","0","3","2","1","12","9","3","-2"
"178411","Missouri University of Science and Technology","2017","Not on tenure/no tenure system, professors","5","2","3","0","0","0","1","0","1","0","0","0","0","0","0","0","0","0","4","2","2","0","0","0","0","0","0","0","0","0","-2"
"178411","Missouri University of Science and Technology","2017","Not on tenure/no tenure system, associate professors","23","12","11","0","0","0","3","2","1","0","0","0","0","0","0","0","0","0","19","9","10","0","0","0","0","0","0","1","1","0","-2"
"178411","Missouri University of Science and Technology","2017","Not on tenure/no tenure system, assistant professors","29","13","16","1","0","1","1","0","1","2","1","1","1","1","0","0","0","0","16","6","10","0","0","0","3","2","1","5","3","2","-2"
"178411","Missouri University of Science and Technology","2017","Not on tenure/no tenure system, lecturers","9","4","5","1","0","1","0","0","0","0","0","0","0","0","0","0","0","0","8","4","4","0","0","0","0","0","0","0","0","0","-2"
"178411","Missouri University of Science and Technology","2017","Not on tenure/no tenure system, no academic rank","7","5","2","0","0","0","0","0","0","0","0","0","0","0","0","0","0","0","1","0","1","0","0","0","0","0","0","6","5","1","-2"
"179159","Saint Louis University","2017","Tenured total","499","334","165","4","1","3","52","38","14","19","11","8","21","10","11","0","0","0","387","260","127","0","0","0","3","3","0","13","11","2","-2"
"179159","Saint Louis University","2017","Tenured, professors","265","198","67","2","1","1","27","21","6","3","2","1","8","5","3","0","0","0","221","165","56","0","0","0","2","2","0","2","2","0","-2"
"179159","Saint Louis University","2017","Tenured, associate professors","233","135","98","2","0","2","25","17","8","16","9","7","13","5","8","0","0","0","165","94","71","0","0","0","1","1","0","11","9","2","-2"
"179159","Saint Louis University","2017","Tenured, assistant professors","1","1","0","0","0","0","0","0","0","0","0","0","0","0","0","0","0","0","1","1","0","0","0","0","0","0","0","0","0","0","-2"
"179159","Saint Louis University","2017","On-Tenure track total","178","88","90","0","0","0","18","13","5","10","2","8","5","2","3","1","0","1","121","56","65","0","0","0","2","1","1","21","14","7","-2"
"179159","Saint Louis University","2017","On-tenure track, professors","4","4","0","0","0","0","0","0","0","0","0","0","0","0","0","0","0","0","4","4","0","0","0","0","0","0","0","0","0","0","-2"
"179159","Saint Louis University","2017","On-tenure track, associate professors","19","9","10","0","0","0","3","3","0","2","0","2","1","0","1","0","0","0","13","6","7","0","0","0","0","0","0","0","0","0","-2"
"179159","Saint Louis University","2017","On-tenure track, assistant professors","153","74","79","0","0","0","15","10","5","8","2","6","4","2","2","1","0","1","103","46","57","0","0","0","2","1","1","20","13","7","-2"
"179159","Saint Louis University","2017","On-tenure track, instructors","2","1","1","0","0","0","0","0","0","0","0","0","0","0","0","0","0","0","1","0","1","0","0","0","0","0","0","1","1","0","-2"
"179159","Saint Louis University","2017","Not on tenure track/No tenure system system total","616","290","326","5","1","4","100","45","55","22","8","14","13","8","5","0","0","0","434","205","229","0","0","0","9","4","5","33","19","14","-2"
"179159","Saint Louis University","2017","Not on tenure/no tenure system, professors","80","47","33","0","0","0","10","5","5","1","0","1","0","0","0","0","0","0","67","41","26","0","0","0","1","0","1","1","1","0","-2"
"179159","Saint Louis University","2017","Not on tenure/no tenure system, associate professors","149","77","72","1","0","1","29","16","13","4","3","1","2","0","2","0","0","0","105","52","53","0","0","0","3","2","1","5","4","1","-2"
"179159","Saint Louis University","2017","Not on tenure/no tenure system, assistant professors","324","141","183","3","0","3","55","22","33","11","4","7","9","7","2","0","0","0","215","92","123","0","0","0","5","2","3","26","14","12","-2"
"179159","Saint Louis University","2017","Not on tenure/no tenure system, instructors","63","25","38","1","1","0","6","2","4","6","1","5","2","1","1","0","0","0","47","20","27","0","0","0","0","0","0","1","0","1","-2"
"179867","Washington University in St Louis","2017","Tenured total","958","726","232","1","1","0","121","93","28","35","18","17","22","18","4","0","0","0","774","591","183","5","5","0","0","0","0","0","0","0","-2"
"179867","Washington University in St Louis","2017","Tenured, professors","674","538","136","0","0","0","65","54","11","16","8","8","12","10","2","0","0","0","577","462","115","4","4","0","0","0","0","0","0","0","-2"
"179867","Washington University in St Louis","2017","Tenured, associate professors","284","188","96","1","1","0","56","39","17","19","10","9","10","8","2","0","0","0","197","129","68","1","1","0","0","0","0","0","0","0","-2"
"179867","Washington University in St Louis","2017","On-Tenure track total","352","218","134","0","0","0","77","54","23","21","9","12","15","9","6","1","0","1","233","143","90","3","1","2","0","0","0","2","2","0","-2"
"179867","Washington University in St Louis","2017","On-tenure track, professors","2","2","0","0","0","0","0","0","0","0","0","0","0","0","0","0","0","0","2","2","0","0","0","0","0","0","0","0","0","0","-2"
"179867","Washington University in St Louis","2017","On-tenure track, associate professors","14","10","4","0","0","0","2","2","0","1","1","0","1","0","1","0","0","0","10","7","3","0","0","0","0","0","0","0","0","0","-2"
"179867","Washington University in St Louis","2017","On-tenure track, assistant professors","336","206","130","0","0","0","75","52","23","20","8","12","14","9","5","1","0","1","221","134","87","3","1","2","0","0","0","2","2","0","-2"
"179867","Washington University in St Louis","2017","Not on tenure track/No tenure system system total","294","141","153","0","0","0","34","12","22","6","3","3","11","1","10","0","0","0","235","123","112","4","0","4","0","0","0","4","2","2","-2"
"179867","Washington University in St Louis","2017","Not on tenure/no tenure system, professors","1","1","0","0","0","0","0","0","0","0","0","0","0","0","0","0","0","0","1","1","0","0","0","0","0","0","0","0","0","0","-2"
"179867","Washington University in St Louis","2017","Not on tenure/no tenure system, associate professors","1","1","0","0","0","0","0","0","0","0","0","0","0","0","0","0","0","0","1","1","0","0","0","0","0","0","0","0","0","0","-2"
"179867","Washington University in St Louis","2017","Not on tenure/no tenure system, assistant professors","4","3","1","0","0","0","0","0","0","0","0","0","0","0","0","0","0","0","4","3","1","0","0","0","0","0","0","0","0","0","-2"
"179867","Washington University in St Louis","2017","Not on tenure/no tenure system, instructors","85","46","39","0","0","0","10","5","5","1","1","0","3","0","3","0","0","0","68","38","30","0","0","0","0","0","0","3","2","1","-2"
"179867","Washington University in St Louis","2017","Not on tenure/no tenure system, lecturers","196","86","110","0","0","0","24","7","17","5","2","3","8","1","7","0","0","0","154","76","78","4","0","4","0","0","0","1","0","1","-2"
"179867","Washington University in St Louis","2017","Not on tenure/no tenure system, no academic rank","7","4","3","0","0","0","0","0","0","0","0","0","0","0","0","0","0","0","7","4","3","0","0","0","0","0","0","0","0","0","-2"
"180461","Montana State University","2017","Tenured total","339","228","111","1","1","0","14","8","6","0","0","0","4","3","1","0","0","0","307","206","101","2","2","0","9","6","3","2","2","0","-2"
"180461","Montana State University","2017","Tenured, professors","183","141","42","1","1","0","3","3","0","0","0","0","0","0","0","0","0","0","171","131","40","2","2","0","5","3","2","1","1","0","-2"
"180461","Montana State University","2017","Tenured, associate professors","151","84","67","0","0","0","11","5","6","0","0","0","4","3","1","0","0","0","132","73","59","0","0","0","3","2","1","1","1","0","-2"
"180461","Montana State University","2017","Tenured, assistant professors","2","1","1","0","0","0","0","0","0","0","0","0","0","0","0","0","0","0","1","0","1","0","0","0","1","1","0","0","0","0","-2"
"180461","Montana State University","2017","Tenured, instructors","3","2","1","0","0","0","0","0","0","0","0","0","0","0","0","0","0","0","3","2","1","0","0","0","0","0","0","0","0","0","-2"
"180461","Montana State University","2017","On-Tenure track total","161","73","88","3","1","2","6","0","6","1","1","0","2","1","1","0","0","0","127","61","66","2","1","1","3","2","1","17","6","11","-2"
"180461","Montana State University","2017","On-tenure track, professors","2","1","1","0","0","0","0","0","0","0","0","0","0","0","0","0","0","0","2","1","1","0","0","0","0","0","0","0","0","0","-2"
"180461","Montana State University","2017","On-tenure track, assistant professors","149","68","81","3","1","2","6","0","6","1","1","0","2","1","1","0","0","0","115","56","59","2","1","1","3","2","1","17","6","11","-2"
"180461","Montana State University","2017","On-tenure track, instructors","9","4","5","0","0","0","0","0","0","0","0","0","0","0","0","0","0","0","9","4","5","0","0","0","0","0","0","0","0","0","-2"
"180461","Montana State University","2017","On-tenure track, no academic rank","1","0","1","0","0","0","0","0","0","0","0","0","0","0","0","0","0","0","1","0","1","0","0","0","0","0","0","0","0","0","-2"
"180461","Montana State University","2017","Not on tenure track/No tenure system system total","102","43","59","0","0","0","1","0","1","0","0","0","1","1","0","1","1","0","94","38","56","2","2","0","1","0","1","2","1","1","-2"
"180461","Montana State University","2017","Not on tenure/no tenure system, instructors","86","40","46","0","0","0","1","0","1","0","0","0","1","1","0","1","1","0","78","35","43","2","2","0","1","0","1","2","1","1","-2"
"180461","Montana State University","2017","Not on tenure/no tenure system, no academic rank","16","3","13","0","0","0","0","0","0","0","0","0","0","0","0","0","0","0","16","3","13","0","0","0","0","0","0","0","0","0","-2"
"181002","Creighton University","2017","Tenured total","350","230","120","1","0","1","30","26","4","8","3","5","12","5","7","0","0","0","295","194","101","1","0","1","1","0","1","2","2","0","-2"
"181002","Creighton University","2017","Tenured, professors","172","125","47","0","0","0","22","20","2","4","0","4","5","2","3","0","0","0","139","103","36","1","0","1","1","0","1","0","0","0","-2"
"181002","Creighton University","2017","Tenured, associate professors","152","90","62","1","0","1","8","6","2","3","2","1","6","2","4","0","0","0","133","79","54","0","0","0","0","0","0","1","1","0","-2"
"181002","Creighton University","2017","Tenured, assistant professors","26","15","11","0","0","0","0","0","0","1","1","0","1","1","0","0","0","0","23","12","11","0","0","0","0","0","0","1","1","0","-2"
"181002","Creighton University","2017","On-Tenure track total","118","65","53","1","1","0","5","3","2","6","3","3","2","2","0","0","0","0","94","49","45","2","2","0","4","2","2","4","3","1","-2"
"181002","Creighton University","2017","On-tenure track, professors","2","1","1","0","0","0","0","0","0","0","0","0","0","0","0","0","0","0","1","0","1","1","1","0","0","0","0","0","0","0","-2"
"181002","Creighton University","2017","On-tenure track, associate professors","10","8","2","1","1","0","0","0","0","0","0","0","0","0","0","0","0","0","8","6","2","0","0","0","1","1","0","0","0","0","-2"
"181002","Creighton University","2017","On-tenure track, assistant professors","105","56","49","0","0","0","5","3","2","6","3","3","2","2","0","0","0","0","84","43","41","1","1","0","3","1","2","4","3","1","-2"
"181002","Creighton University","2017","On-tenure track, instructors","1","0","1","0","0","0","0","0","0","0","0","0","0","0","0","0","0","0","1","0","1","0","0","0","0","0","0","0","0","0","-2"
"181002","Creighton University","2017","Not on tenure track/No tenure system system total","181","65","116","1","1","0","10","4","6","4","2","2","3","1","2","0","0","0","158","55","103","1","0","1","1","0","1","3","2","1","-2"
"181002","Creighton University","2017","Not on tenure/no tenure system, professors","4","4","0","0","0","0","0","0","0","0","0","0","0","0","0","0","0","0","4","4","0","0","0","0","0","0","0","0","0","0","-2"
"181002","Creighton University","2017","Not on tenure/no tenure system, associate professors","31","12","19","0","0","0","1","0","1","0","0","0","2","1","1","0","0","0","28","11","17","0","0","0","0","0","0","0","0","0","-2"
"181002","Creighton University","2017","Not on tenure/no tenure system, assistant professors","108","37","71","0","0","0","5","4","1","3","2","1","1","0","1","0","0","0","96","30","66","1","0","1","0","0","0","2","1","1","-2"
"181002","Creighton University","2017","Not on tenure/no tenure system, instructors","38","12","26","1","1","0","4","0","4","1","0","1","0","0","0","0","0","0","30","10","20","0","0","0","1","0","1","1","1","0","-2"
"181464","University of Nebraska-Lincoln","2017","Tenured total","761","555","206","4","2","2","101","75","26","19","7","12","32","26","6","0","0","0","603","445","158","2","0","2","0","0","0","0","0","0","-2"
"181464","University of Nebraska-Lincoln","2017","Tenured, professors","452","356","96","2","1","1","48","39","9","6","4","2","15","13","2","0","0","0","381","299","82","0","0","0","0","0","0","0","0","0","-2"
"181464","University of Nebraska-Lincoln","2017","Tenured, associate professors","309","199","110","2","1","1","53","36","17","13","3","10","17","13","4","0","0","0","222","146","76","2","0","2","0","0","0","0","0","0","-2"
"181464","University of Nebraska-Lincoln","2017","On-Tenure track total","319","194","125","0","0","0","52","32","20","5","3","2","12","6","6","1","0","1","186","111","75","2","1","1","0","0","0","61","41","20","-2"
"181464","University of Nebraska-Lincoln","2017","On-tenure track, professors","2","1","1","0","0","0","1","0","1","0","0","0","0","0","0","0","0","0","0","0","0","0","0","0","0","0","0","1","1","0","-2"
"181464","University of Nebraska-Lincoln","2017","On-tenure track, associate professors","10","8","2","0","0","0","5","4","1","0","0","0","0","0","0","0","0","0","5","4","1","0","0","0","0","0","0","0","0","0","-2"
"181464","University of Nebraska-Lincoln","2017","On-tenure track, assistant professors","307","185","122","0","0","0","46","28","18","5","3","2","12","6","6","1","0","1","181","107","74","2","1","1","0","0","0","60","40","20","-2"
"181464","University of Nebraska-Lincoln","2017","Not on tenure track/No tenure system system total","242","104","138","1","0","1","18","8","10","4","2","2","8","5","3","0","0","0","199","84","115","1","0","1","0","0","0","11","5","6","-2"
"181464","University of Nebraska-Lincoln","2017","Not on tenure/no tenure system, professors","2","0","2","0","0","0","0","0","0","0","0","0","0","0","0","0","0","0","2","0","2","0","0","0","0","0","0","0","0","0","-2"
"181464","University of Nebraska-Lincoln","2017","Not on tenure/no tenure system, assistant professors","1","1","0","0","0","0","0","0","0","0","0","0","0","0","0","0","0","0","1","1","0","0","0","0","0","0","0","0","0","0","-2"
"181464","University of Nebraska-Lincoln","2017","Not on tenure/no tenure system, lecturers","239","103","136","1","0","1","18","8","10","4","2","2","8","5","3","0","0","0","196","83","113","1","0","1","0","0","0","11","5","6","-2"
"182281","University of Nevada-Las Vegas","2017","Tenured total","515","357","158","3","2","1","95","75","20","19","12","7","26","15","11","0","0","0","367","252","115","5","1","4","0","0","0","0","0","0","-2"
"182281","University of Nevada-Las Vegas","2017","Tenured, professors","308","231","77","2","2","0","51","43","8","12","7","5","14","10","4","0","0","0","227","169","58","2","0","2","0","0","0","0","0","0","-2"
"182281","University of Nevada-Las Vegas","2017","Tenured, associate professors","203","123","80","1","0","1","43","31","12","7","5","2","12","5","7","0","0","0","137","81","56","3","1","2","0","0","0","0","0","0","-2"
"182281","University of Nevada-Las Vegas","2017","Tenured, assistant professors","4","3","1","0","0","0","1","1","0","0","0","0","0","0","0","0","0","0","3","2","1","0","0","0","0","0","0","0","0","0","-2"
"182281","University of Nevada-Las Vegas","2017","On-Tenure track total","194","94","100","0","0","0","37","18","19","10","5","5","13","5","8","1","1","0","104","51","53","5","1","4","0","0","0","24","13","11","-2"
"182281","University of Nevada-Las Vegas","2017","On-tenure track, associate professors","18","6","12","0","0","0","3","1","2","0","0","0","0","0","0","1","1","0","13","4","9","1","0","1","0","0","0","0","0","0","-2"
"182281","University of Nevada-Las Vegas","2017","On-tenure track, assistant professors","176","88","88","0","0","0","34","17","17","10","5","5","13","5","8","0","0","0","91","47","44","4","1","3","0","0","0","24","13","11","-2"
"182281","University of Nevada-Las Vegas","2017","Not on tenure track/No tenure system system total","412","223","189","3","3","0","50","28","22","21","9","12","24","12","12","1","1","0","287","160","127","12","5","7","0","0","0","14","5","9","-2"
"182281","University of Nevada-Las Vegas","2017","Not on tenure/no tenure system, professors","33","23","10","0","0","0","7","4","3","1","0","1","0","0","0","0","0","0","25","19","6","0","0","0","0","0","0","0","0","0","-2"
"182281","University of Nevada-Las Vegas","2017","Not on tenure/no tenure system, associate professors","75","46","29","0","0","0","8","5","3","7","3","4","3","2","1","0","0","0","54","34","20","1","1","0","0","0","0","2","1","1","-2"
"182281","University of Nevada-Las Vegas","2017","Not on tenure/no tenure system, assistant professors","197","105","92","2","2","0","27","14","13","11","6","5","12","7","5","1","1","0","129","72","57","7","2","5","0","0","0","8","1","7","-2"
"182281","University of Nevada-Las Vegas","2017","Not on tenure/no tenure system, lecturers","107","49","58","1","1","0","8","5","3","2","0","2","9","3","6","0","0","0","79","35","44","4","2","2","0","0","0","4","3","1","-2"
"182290","University of Nevada-Reno","2017","Tenured total","377","254","123","2","1","1","39","32","7","3","2","1","18","13","5","0","0","0","311","203","108","3","2","1","0","0","0","1","1","0","-2"
"182290","University of Nevada-Reno","2017","Tenured, professors","187","145","42","2","1","1","20","19","1","0","0","0","5","4","1","0","0","0","156","118","38","3","2","1","0","0","0","1","1","0","-2"
"182290","University of Nevada-Reno","2017","Tenured, associate professors","189","109","80","0","0","0","19","13","6","3","2","1","13","9","4","0","0","0","154","85","69","0","0","0","0","0","0","0","0","0","-2"
"182290","University of Nevada-Reno","2017","Tenured, assistant professors","1","0","1","0","0","0","0","0","0","0","0","0","0","0","0","0","0","0","1","0","1","0","0","0","0","0","0","0","0","0","-2"
"182290","University of Nevada-Reno","2017","On-Tenure track total","268","155","113","2","1","1","34","19","15","5","4","1","22","11","11","1","1","0","151","83","68","3","2","1","0","0","0","50","34","16","-2"
"182290","University of Nevada-Reno","2017","On-tenure track, associate professors","11","7","4","0","0","0","2","0","2","0","0","0","0","0","0","0","0","0","7","6","1","0","0","0","0","0","0","2","1","1","-2"
"182290","University of Nevada-Reno","2017","On-tenure track, assistant professors","256","147","109","2","1","1","32","19","13","5","4","1","22","11","11","1","1","0","144","77","67","3","2","1","0","0","0","47","32","15","-2"
"182290","University of Nevada-Reno","2017","On-tenure track, lecturers","1","1","0","0","0","0","0","0","0","0","0","0","0","0","0","0","0","0","0","0","0","0","0","0","0","0","0","1","1","0","-2"
"182290","University of Nevada-Reno","2017","Not on tenure track/No tenure system system total","234","111","123","1","0","1","17","10","7","10","3","7","6","3","3","0","0","0","182","86","96","6","2","4","0","0","0","12","7","5","-2"
"182290","University of Nevada-Reno","2017","Not on tenure/no tenure system, instructors","2","1","1","0","0","0","0","0","0","0","0","0","0","0","0","0","0","0","2","1","1","0","0","0","0","0","0","0","0","0","-2"
"182290","University of Nevada-Reno","2017","Not on tenure/no tenure system, lecturers","139","64","75","1","0","1","8","4","4","3","0","3","5","2","3","0","0","0","107","50","57","4","1","3","0","0","0","11","7","4","-2"
"182290","University of Nevada-Reno","2017","Not on tenure/no tenure system, no academic rank","93","46","47","0","0","0","9","6","3","7","3","4","1","1","0","0","0","0","73","35","38","2","1","1","0","0","0","1","0","1","-2"
"182670","Dartmouth College","2017","Tenured total","432","303","129","3","2","1","30","21","9","13","5","8","14","7","7","0","0","0","364","264","100","8","4","4","0","0","0","0","0","0","-2"
"182670","Dartmouth College","2017","Tenured, professors","296","220","76","1","1","0","22","16","6","1","1","0","7","2","5","0","0","0","260","197","63","5","3","2","0","0","0","0","0","0","-2"
"182670","Dartmouth College","2017","Tenured, associate professors","136","83","53","2","1","1","8","5","3","12","4","8","7","5","2","0","0","0","104","67","37","3","1","2","0","0","0","0","0","0","-2"
"182670","Dartmouth College","2017","On-Tenure track total","172","101","71","1","1","0","22","13","9","3","2","1","12","4","8","1","0","1","117","73","44","6","2","4","0","0","0","10","6","4","-2"
"182670","Dartmouth College","2017","On-tenure track, professors","7","6","1","0","0","0","1","1","0","0","0","0","1","1","0","0","0","0","5","4","1","0","0","0","0","0","0","0","0","0","-2"
"182670","Dartmouth College","2017","On-tenure track, associate professors","32","14","18","0","0","0","4","1","3","0","0","0","3","0","3","1","0","1","23","12","11","0","0","0","0","0","0","1","1","0","-2"
"182670","Dartmouth College","2017","On-tenure track, assistant professors","133","81","52","1","1","0","17","11","6","3","2","1","8","3","5","0","0","0","89","57","32","6","2","4","0","0","0","9","5","4","-2"
"182670","Dartmouth College","2017","Not on tenure track/No tenure system system total","121","60","61","1","0","1","9","3","6","2","1","1","5","0","5","0","0","0","92","50","42","0","0","0","0","0","0","12","6","6","-2"
"182670","Dartmouth College","2017","Not on tenure/no tenure system, professors","20","13","7","0","0","0","1","1","0","1","0","1","1","0","1","0","0","0","16","12","4","0","0","0","0","0","0","1","0","1","-2"
"182670","Dartmouth College","2017","Not on tenure/no tenure system, associate professors","6","4","2","0","0","0","0","0","0","1","1","0","0","0","0","0","0","0","5","3","2","0","0","0","0","0","0","0","0","0","-2"
"182670","Dartmouth College","2017","Not on tenure/no tenure system, assistant professors","11","9","2","0","0","0","0","0","0","0","0","0","0","0","0","0","0","0","9","7","2","0","0","0","0","0","0","2","2","0","-2"
"182670","Dartmouth College","2017","Not on tenure/no tenure system, instructors","18","7","11","0","0","0","4","0","4","0","0","0","0","0","0","0","0","0","12","6","6","0","0","0","0","0","0","2","1","1","-2"
"182670","Dartmouth College","2017","Not on tenure/no tenure system, lecturers","56","21","35","1","0","1","3","1","2","0","0","0","4","0","4","0","0","0","45","18","27","0","0","0","0","0","0","3","2","1","-2"
"182670","Dartmouth College","2017","Not on tenure/no tenure system, no academic rank","10","6","4","0","0","0","1","1","0","0","0","0","0","0","0","0","0","0","5","4","1","0","0","0","0","0","0","4","1","3","-2"
"183044","University of New Hampshire-Main Campus","2017","Tenured total","404","250","154","0","0","0","33","14","19","4","4","0","10","7","3","0","0","0","325","206","119","3","2","1","29","17","12","0","0","0","-2"
"183044","University of New Hampshire-Main Campus","2017","Tenured, professors","197","146","51","0","0","0","10","6","4","0","0","0","3","2","1","0","0","0","170","128","42","2","1","1","12","9","3","0","0","0","-2"
"183044","University of New Hampshire-Main Campus","2017","Tenured, associate professors","207","104","103","0","0","0","23","8","15","4","4","0","7","5","2","0","0","0","155","78","77","1","1","0","17","8","9","0","0","0","-2"
"183044","University of New Hampshire-Main Campus","2017","On-Tenure track total","151","70","81","2","2","0","29","13","16","6","1","5","5","4","1","1","1","0","82","36","46","4","1","3","17","10","7","5","2","3","-2"
"183044","University of New Hampshire-Main Campus","2017","On-tenure track, associate professors","7","4","3","0","0","0","0","0","0","0","0","0","0","0","0","0","0","0","5","2","3","0","0","0","2","2","0","0","0","0","-2"
"183044","University of New Hampshire-Main Campus","2017","On-tenure track, assistant professors","144","66","78","2","2","0","29","13","16","6","1","5","5","4","1","1","1","0","77","34","43","4","1","3","15","8","7","5","2","3","-2"
"183044","University of New Hampshire-Main Campus","2017","Not on tenure track/No tenure system system total","99","36","63","0","0","0","4","2","2","0","0","0","1","1","0","0","0","0","86","31","55","0","0","0","8","2","6","0","0","0","-2"
"183044","University of New Hampshire-Main Campus","2017","Not on tenure/no tenure system, professors","1","1","0","0","0","0","0","0","0","0","0","0","0","0","0","0","0","0","1","1","0","0","0","0","0","0","0","0","0","0","-2"
"183044","University of New Hampshire-Main Campus","2017","Not on tenure/no tenure system, associate professors","18","3","15","0","0","0","0","0","0","0","0","0","0","0","0","0","0","0","16","3","13","0","0","0","2","0","2","0","0","0","-2"
"183044","University of New Hampshire-Main Campus","2017","Not on tenure/no tenure system, assistant professors","45","12","33","0","0","0","2","1","1","0","0","0","1","1","0","0","0","0","38","9","29","0","0","0","4","1","3","0","0","0","-2"
"183044","University of New Hampshire-Main Campus","2017","Not on tenure/no tenure system, lecturers","34","20","14","0","0","0","1","1","0","0","0","0","0","0","0","0","0","0","31","18","13","0","0","0","2","1","1","0","0","0","-2"
"183044","University of New Hampshire-Main Campus","2017","Not on tenure/no tenure system, no academic rank","1","0","1","0","0","0","1","0","1","0","0","0","0","0","0","0","0","0","0","0","0","0","0","0","0","0","0","0","0","0","-2"
"183080","Plymouth State University","2017","Tenured total","117","60","57","0","0","0","8","8","0","1","1","0","3","0","3","0","0","0","100","49","51","0","0","0","5","2","3","0","0","0","-2"
"183080","Plymouth State University","2017","Tenured, professors","73","38","35","0","0","0","3","3","0","1","1","0","2","0","2","0","0","0","62","32","30","0","0","0","5","2","3","0","0","0","-2"
"183080","Plymouth State University","2017","Tenured, associate professors","43","22","21","0","0","0","5","5","0","0","0","0","1","0","1","0","0","0","37","17","20","0","0","0","0","0","0","0","0","0","-2"
"183080","Plymouth State University","2017","Tenured, no academic rank","1","0","1","0","0","0","0","0","0","0","0","0","0","0","0","0","0","0","1","0","1","0","0","0","0","0","0","0","0","0","-2"
"183080","Plymouth State University","2017","On-Tenure track total","42","19","23","0","0","0","3","3","0","0","0","0","0","0","0","0","0","0","32","12","20","0","0","0","5","2","3","2","2","0","-2"
"183080","Plymouth State University","2017","On-tenure track, associate professors","1","0","1","0","0","0","0","0","0","0","0","0","0","0","0","0","0","0","1","0","1","0","0","0","0","0","0","0","0","0","-2"
"183080","Plymouth State University","2017","On-tenure track, assistant professors","39","18","21","0","0","0","3","3","0","0","0","0","0","0","0","0","0","0","30","11","19","0","0","0","4","2","2","2","2","0","-2"
"183080","Plymouth State University","2017","On-tenure track, instructors","2","1","1","0","0","0","0","0","0","0","0","0","0","0","0","0","0","0","1","1","0","0","0","0","1","0","1","0","0","0","-2"
"183080","Plymouth State University","2017","Not on tenure track/No tenure system system total","33","13","20","0","0","0","2","0","2","0","0","0","2","2","0","0","0","0","28","11","17","0","0","0","1","0","1","0","0","0","-2"
"183080","Plymouth State University","2017","Not on tenure/no tenure system, associate professors","2","0","2","0","0","0","0","0","0","0","0","0","0","0","0","0","0","0","2","0","2","0","0","0","0","0","0","0","0","0","-2"
"183080","Plymouth State University","2017","Not on tenure/no tenure system, assistant professors","5","0","5","0","0","0","0","0","0","0","0","0","0","0","0","0","0","0","4","0","4","0","0","0","1","0","1","0","0","0","-2"
"183080","Plymouth State University","2017","Not on tenure/no tenure system, lecturers","25","12","13","0","0","0","2","0","2","0","0","0","2","2","0","0","0","0","21","10","11","0","0","0","0","0","0","0","0","0","-2"
"183080","Plymouth State University","2017","Not on tenure/no tenure system, no academic rank","1","1","0","0","0","0","0","0","0","0","0","0","0","0","0","0","0","0","1","1","0","0","0","0","0","0","0","0","0","0","-2"
"185262","Kean University","2017","Tenured total","189","92","97","0","0","0","30","12","18","20","10","10","12","6","6","0","0","0","127","64","63","0","0","0","0","0","0","0","0","0","-2"
"185262","Kean University","2017","Tenured, professors","65","35","30","0","0","0","6","5","1","8","5","3","2","1","1","0","0","0","49","24","25","0","0","0","0","0","0","0","0","0","-2"
"185262","Kean University","2017","Tenured, associate professors","67","30","37","0","0","0","14","4","10","6","2","4","6","4","2","0","0","0","41","20","21","0","0","0","0","0","0","0","0","0","-2"
"185262","Kean University","2017","Tenured, assistant professors","57","27","30","0","0","0","10","3","7","6","3","3","4","1","3","0","0","0","37","20","17","0","0","0","0","0","0","0","0","0","-2"
"185262","Kean University","2017","On-Tenure track total","44","19","25","0","0","0","9","6","3","0","0","0","1","1","0","0","0","0","27","8","19","0","0","0","1","0","1","6","4","2","-2"
"185262","Kean University","2017","On-tenure track, associate professors","3","0","3","0","0","0","0","0","0","0","0","0","0","0","0","0","0","0","3","0","3","0","0","0","0","0","0","0","0","0","-2"
"185262","Kean University","2017","On-tenure track, assistant professors","40","19","21","0","0","0","9","6","3","0","0","0","1","1","0","0","0","0","23","8","15","0","0","0","1","0","1","6","4","2","-2"
"185262","Kean University","2017","On-tenure track, no academic rank","1","0","1","0","0","0","0","0","0","0","0","0","0","0","0","0","0","0","1","0","1","0","0","0","0","0","0","0","0","0","-2"
"185262","Kean University","2017","Not on tenure track/No tenure system system total","100","39","61","1","1","0","6","2","4","11","5","6","6","2","4","0","0","0","72","25","47","2","2","0","0","0","0","2","2","0","-2"
"185262","Kean University","2017","Not on tenure/no tenure system, lecturers","98","38","60","1","1","0","6","2","4","10","4","6","6","2","4","0","0","0","71","25","46","2","2","0","0","0","0","2","2","0","-2"
"185262","Kean University","2017","Not on tenure/no tenure system, no academic rank","2","1","1","0","0","0","0","0","0","1","1","0","0","0","0","0","0","0","1","0","1","0","0","0","0","0","0","0","0","0","-2"
"186131","Princeton University","2017","Tenured total","581","423","158","0","0","0","52","40","12","20","12","8","17","12","5","0","0","0","479","352","127","1","1","0","5","3","2","7","3","4","-2"
"186131","Princeton University","2017","Tenured, professors","486","368","118","0","0","0","45","37","8","17","10","7","12","9","3","0","0","0","400","305","95","1","1","0","5","3","2","6","3","3","-2"
"186131","Princeton University","2017","Tenured, associate professors","95","55","40","0","0","0","7","3","4","3","2","1","5","3","2","0","0","0","79","47","32","0","0","0","0","0","0","1","0","1","-2"
"186131","Princeton University","2017","On-Tenure track total","195","118","77","0","0","0","19","5","14","9","3","6","13","7","6","0","0","0","102","70","32","3","2","1","11","6","5","38","25","13","-2"
"186131","Princeton University","2017","On-tenure track, assistant professors","195","118","77","0","0","0","19","5","14","9","3","6","13","7","6","0","0","0","102","70","32","3","2","1","11","6","5","38","25","13","-2"
"186131","Princeton University","2017","Not on tenure track/No tenure system system total","190","89","101","0","0","0","20","5","15","5","4","1","12","2","10","0","0","0","92","48","44","0","0","0","12","4","8","49","26","23","-2"
"186131","Princeton University","2017","Not on tenure/no tenure system, instructors","22","16","6","0","0","0","0","0","0","0","0","0","0","0","0","0","0","0","2","1","1","0","0","0","0","0","0","20","15","5","-2"
"186131","Princeton University","2017","Not on tenure/no tenure system, lecturers","168","73","95","0","0","0","20","5","15","5","4","1","12","2","10","0","0","0","90","47","43","0","0","0","12","4","8","29","11","18","-2"
"186380","Rutgers University-New Brunswick","2017","Tenured total","1335","877","458","1","1","0","163","121","42","39","15","24","51","33","18","0","0","0","946","628","318","5","3","2","66","35","31","64","41","23","-2"
"186380","Rutgers University-New Brunswick","2017","Tenured, professors","914","663","251","0","0","0","118","94","24","21","13","8","25","20","5","0","0","0","704","503","201","2","2","0","24","17","7","20","14","6","-2"
"186380","Rutgers University-New Brunswick","2017","Tenured, associate professors","421","214","207","1","1","0","45","27","18","18","2","16","26","13","13","0","0","0","242","125","117","3","1","2","42","18","24","44","27","17","-2"
"186380","Rutgers University-New Brunswick","2017","On-Tenure track total","363","194","169","0","0","0","39","22","17","16","6","10","12","7","5","0","0","0","106","51","55","5","2","3","117","61","56","68","45","23","-2"
"186380","Rutgers University-New Brunswick","2017","On-tenure track, professors","22","10","12","0","0","0","0","0","0","2","0","2","0","0","0","0","0","0","11","7","4","1","0","1","7","2","5","1","1","0","-2"
"186380","Rutgers University-New Brunswick","2017","On-tenure track, associate professors","56","32","24","0","0","0","8","5","3","3","1","2","0","0","0","0","0","0","28","15","13","0","0","0","13","9","4","4","2","2","-2"
"186380","Rutgers University-New Brunswick","2017","On-tenure track, assistant professors","285","152","133","0","0","0","31","17","14","11","5","6","12","7","5","0","0","0","67","29","38","4","2","2","97","50","47","63","42","21","-2"
"186380","Rutgers University-New Brunswick","2017","Not on tenure track/No tenure system system total","1535","706","829","0","0","0","243","118","125","70","24","46","60","15","45","0","0","0","737","351","386","9","4","5","317","141","176","99","53","46","-2"
"186380","Rutgers University-New Brunswick","2017","Not on tenure/no tenure system, professors","178","106","72","0","0","0","27","15","12","6","4","2","6","1","5","0","0","0","89","56","33","0","0","0","42","25","17","8","5","3","-2"
"186380","Rutgers University-New Brunswick","2017","Not on tenure/no tenure system, associate professors","285","147","138","0","0","0","57","32","25","14","5","9","9","4","5","0","0","0","167","82","85","2","1","1","17","10","7","19","13","6","-2"
"186380","Rutgers University-New Brunswick","2017","Not on tenure/no tenure system, assistant professors","708","309","399","0","0","0","111","53","58","37","14","23","27","6","21","0","0","0","327","148","179","3","1","2","156","65","91","47","22","25","-2"
"186380","Rutgers University-New Brunswick","2017","Not on tenure/no tenure system, instructors","314","125","189","0","0","0","47","17","30","11","1","10","16","4","12","0","0","0","129","58","71","3","2","1","90","34","56","18","9","9","-2"
"186380","Rutgers University-New Brunswick","2017","Not on tenure/no tenure system, lecturers","50","19","31","0","0","0","1","1","0","2","0","2","2","0","2","0","0","0","25","7","18","1","0","1","12","7","5","7","4","3","-2"
"187967","New Mexico Institute of Mining and Technology","2017","Tenured total","73","62","11","0","0","0","12","12","0","0","0","0","4","4","0","0","0","0","56","45","11","0","0","0","0","0","0","1","1","0","-2"
"187967","New Mexico Institute of Mining and Technology","2017","Tenured, professors","41","34","7","0","0","0","5","5","0","0","0","0","2","2","0","0","0","0","33","26","7","0","0","0","0","0","0","1","1","0","-2"
"187967","New Mexico Institute of Mining and Technology","2017","Tenured, associate professors","32","28","4","0","0","0","7","7","0","0","0","0","2","2","0","0","0","0","23","19","4","0","0","0","0","0","0","0","0","0","-2"
"187967","New Mexico Institute of Mining and Technology","2017","On-Tenure track total","43","29","14","0","0","0","13","9","4","0","0","0","3","3","0","0","0","0","26","16","10","0","0","0","0","0","0","1","1","0","-2"
"187967","New Mexico Institute of Mining and Technology","2017","On-tenure track, associate professors","5","4","1","0","0","0","0","0","0","0","0","0","0","0","0","0","0","0","4","3","1","0","0","0","0","0","0","1","1","0","-2"
"187967","New Mexico Institute of Mining and Technology","2017","On-tenure track, assistant professors","38","25","13","0","0","0","13","9","4","0","0","0","3","3","0","0","0","0","22","13","9","0","0","0","0","0","0","0","0","0","-2"
"187967","New Mexico Institute of Mining and Technology","2017","Not on tenure track/No tenure system system total","16","11","5","0","0","0","3","2","1","0","0","0","1","1","0","0","0","0","12","8","4","0","0","0","0","0","0","0","0","0","-2"
"187967","New Mexico Institute of Mining and Technology","2017","Not on tenure/no tenure system, professors","1","1","0","0","0","0","0","0","0","0","0","0","0","0","0","0","0","0","1","1","0","0","0","0","0","0","0","0","0","0","-2"
"187967","New Mexico Institute of Mining and Technology","2017","Not on tenure/no tenure system, associate professors","1","1","0","0","0","0","0","0","0","0","0","0","0","0","0","0","0","0","1","1","0","0","0","0","0","0","0","0","0","0","-2"
"187967","New Mexico Institute of Mining and Technology","2017","Not on tenure/no tenure system, assistant professors","6","6","0","0","0","0","2","2","0","0","0","0","1","1","0","0","0","0","3","3","0","0","0","0","0","0","0","0","0","0","-2"
"187967","New Mexico Institute of Mining and Technology","2017","Not on tenure/no tenure system, instructors","8","3","5","0","0","0","1","0","1","0","0","0","0","0","0","0","0","0","7","3","4","0","0","0","0","0","0","0","0","0","-2"
"190150","Columbia University in the City of New York","2017","Tenured total","1123","816","307","2","1","1","161","119","42","41","26","15","27","20","7","0","0","0","852","617","235","3","2","1","22","16","6","15","15","0","-2"
"190150","Columbia University in the City of New York","2017","Tenured, professors","943","703","240","2","1","1","118","91","27","31","20","11","23","17","6","0","0","0","734","544","190","2","2","0","21","16","5","12","12","0","-2"
"190150","Columbia University in the City of New York","2017","Tenured, associate professors","180","113","67","0","0","0","43","28","15","10","6","4","4","3","1","0","0","0","118","73","45","1","0","1","1","0","1","3","3","0","-2"
"190150","Columbia University in the City of New York","2017","On-Tenure track total","533","326","207","0","0","0","85","54","31","30","12","18","28","13","15","1","0","1","262","164","98","8","3","5","23","15","8","96","65","31","-2"
"190150","Columbia University in the City of New York","2017","On-tenure track, professors","41","34","7","0","0","0","5","5","0","0","0","0","1","0","1","0","0","0","24","19","5","1","1","0","2","2","0","8","7","1","-2"
"190150","Columbia University in the City of New York","2017","On-tenure track, associate professors","85","56","29","0","0","0","10","8","2","9","4","5","4","2","2","0","0","0","54","37","17","1","0","1","3","3","0","4","2","2","-2"
"190150","Columbia University in the City of New York","2017","On-tenure track, assistant professors","393","230","163","0","0","0","67","39","28","20","8","12","21","10","11","1","0","1","179","106","73","5","2","3","18","10","8","82","55","27","-2"
"190150","Columbia University in the City of New York","2017","On-tenure track, instructors","2","2","0","0","0","0","1","1","0","0","0","0","0","0","0","0","0","0","0","0","0","0","0","0","0","0","0","1","1","0","-2"
"190150","Columbia University in the City of New York","2017","On-tenure track, lecturers","12","4","8","0","0","0","2","1","1","1","0","1","2","1","1","0","0","0","5","2","3","1","0","1","0","0","0","1","0","1","-2"
"190150","Columbia University in the City of New York","2017","Not on tenure track/No tenure system system total","2327","1112","1215","1","1","0","424","193","231","108","49","59","128","50","78","1","1","0","1484","736","748","22","7","15","75","36","39","84","39","45","-2"
"190150","Columbia University in the City of New York","2017","Not on tenure/no tenure system, professors","381","252","129","0","0","0","30","19","11","16","9","7","13","10","3","0","0","0","308","210","98","2","1","1","7","2","5","5","1","4","-2"
"190150","Columbia University in the City of New York","2017","Not on tenure/no tenure system, associate professors","381","209","172","0","0","0","68","41","27","14","9","5","16","4","12","0","0","0","268","145","123","0","0","0","12","9","3","3","1","2","-2"
"190150","Columbia University in the City of New York","2017","Not on tenure/no tenure system, assistant professors","1084","457","627","0","0","0","248","103","145","59","24","35","68","25","43","1","1","0","625","269","356","15","5","10","41","17","24","27","13","14","-2"
"190150","Columbia University in the City of New York","2017","Not on tenure/no tenure system, instructors","160","53","107","1","1","0","39","14","25","12","2","10","13","2","11","0","0","0","81","26","55","1","1","0","7","3","4","6","4","2","-2"
"190150","Columbia University in the City of New York","2017","Not on tenure/no tenure system, lecturers","321","141","180","0","0","0","39","16","23","7","5","2","18","9","9","0","0","0","202","86","116","4","0","4","8","5","3","43","20","23","-2"
"190415","Cornell University","2017","Tenured total","1071","751","320","5","3","2","111","81","30","40","22","18","35","21","14","0","0","0","860","614","246","4","0","4","2","1","1","14","9","5","-2"
"190415","Cornell University","2017","Tenured, professors","707","532","175","2","2","0","66","53","13","23","15","8","16","10","6","0","0","0","589","445","144","2","0","2","1","1","0","8","6","2","-2"
"190415","Cornell University","2017","Tenured, associate professors","364","219","145","3","1","2","45","28","17","17","7","10","19","11","8","0","0","0","271","169","102","2","0","2","1","0","1","6","3","3","-2"
"190415","Cornell University","2017","On-Tenure track total","327","205","122","1","0","1","44","25","19","17","6","11","21","12","9","0","0","0","181","119","62","5","3","2","1","0","1","57","40","17","-2"
"190415","Cornell University","2017","On-tenure track, professors","6","5","1","0","0","0","2","2","0","0","0","0","1","1","0","0","0","0","3","2","1","0","0","0","0","0","0","0","0","0","-2"
"190415","Cornell University","2017","On-tenure track, associate professors","14","10","4","0","0","0","3","1","2","0","0","0","1","1","0","0","0","0","10","8","2","0","0","0","0","0","0","0","0","0","-2"
"190415","Cornell University","2017","On-tenure track, assistant professors","307","190","117","1","0","1","39","22","17","17","6","11","19","10","9","0","0","0","168","109","59","5","3","2","1","0","1","57","40","17","-2"
"190415","Cornell University","2017","Not on tenure track/No tenure system system total","398","183","215","0","0","0","39","10","29","13","8","5","10","5","5","0","0","0","292","142","150","3","0","3","2","1","1","39","17","22","-2"
"190415","Cornell University","2017","Not on tenure/no tenure system, professors","40","22","18","0","0","0","6","1","5","0","0","0","1","1","0","0","0","0","30","18","12","0","0","0","0","0","0","3","2","1","-2"
"190415","Cornell University","2017","Not on tenure/no tenure system, associate professors","15","7","8","0","0","0","1","0","1","1","1","0","0","0","0","0","0","0","12","5","7","0","0","0","0","0","0","1","1","0","-2"
"190415","Cornell University","2017","Not on tenure/no tenure system, assistant professors","34","16","18","0","0","0","3","2","1","0","0","0","0","0","0","0","0","0","24","11","13","0","0","0","0","0","0","7","3","4","-2"
"190415","Cornell University","2017","Not on tenure/no tenure system, instructors","25","10","15","0","0","0","4","0","4","1","1","0","1","0","1","0","0","0","14","6","8","0","0","0","0","0","0","5","3","2","-2"
"190415","Cornell University","2017","Not on tenure/no tenure system, lecturers","284","128","156","0","0","0","25","7","18","11","6","5","8","4","4","0","0","0","212","102","110","3","0","3","2","1","1","23","8","15","-2"
"190567","CUNY City College","2017","Tenured total","436","275","161","0","0","0","67","47","20","33","17","16","38","19","19","0","0","0","289","186","103","0","0","0","0","0","0","9","6","3","-2"
"190567","CUNY City College","2017","Tenured, professors","235","169","66","0","0","0","33","26","7","13","8","5","17","9","8","0","0","0","170","124","46","0","0","0","0","0","0","2","2","0","-2"
"190567","CUNY City College","2017","Tenured, associate professors","151","83","68","0","0","0","28","18","10","12","6","6","16","7","9","0","0","0","89","48","41","0","0","0","0","0","0","6","4","2","-2"
"190567","CUNY City College","2017","Tenured, assistant professors","11","5","6","0","0","0","2","1","1","1","0","1","2","1","1","0","0","0","6","3","3","0","0","0","0","0","0","0","0","0","-2"
"190567","CUNY City College","2017","Tenured, lecturers","39","18","21","0","0","0","4","2","2","7","3","4","3","2","1","0","0","0","24","11","13","0","0","0","0","0","0","1","0","1","-2"
"190567","CUNY City College","2017","On-Tenure track total","123","70","53","0","0","0","17","12","5","13","7","6","10","1","9","0","0","0","72","42","30","0","0","0","0","0","0","11","8","3","-2"
"190567","CUNY City College","2017","On-tenure track, professors","1","0","1","0","0","0","1","0","1","0","0","0","0","0","0","0","0","0","0","0","0","0","0","0","0","0","0","0","0","0","-2"
"190567","CUNY City College","2017","On-tenure track, associate professors","13","7","6","0","0","0","1","1","0","1","1","0","1","0","1","0","0","0","9","4","5","0","0","0","0","0","0","1","1","0","-2"
"190567","CUNY City College","2017","On-tenure track, assistant professors","97","54","43","0","0","0","15","11","4","9","3","6","9","1","8","0","0","0","55","33","22","0","0","0","0","0","0","9","6","3","-2"
"190567","CUNY City College","2017","On-tenure track, lecturers","12","9","3","0","0","0","0","0","0","3","3","0","0","0","0","0","0","0","8","5","3","0","0","0","0","0","0","1","1","0","-2"
"190567","CUNY City College","2017","Not on tenure track/No tenure system system total","30","18","12","0","0","0","2","1","1","1","0","1","3","1","2","0","0","0","22","14","8","0","0","0","0","0","0","2","2","0","-2"
"190567","CUNY City College","2017","Not on tenure/no tenure system, professors","15","11","4","0","0","0","0","0","0","1","0","1","1","1","0","0","0","0","12","9","3","0","0","0","0","0","0","1","1","0","-2"
"190567","CUNY City College","2017","Not on tenure/no tenure system, associate professors","2","2","0","0","0","0","1","1","0","0","0","0","0","0","0","0","0","0","1","1","0","0","0","0","0","0","0","0","0","0","-2"
"190567","CUNY City College","2017","Not on tenure/no tenure system, assistant professors","1","1","0","0","0","0","0","0","0","0","0","0","0","0","0","0","0","0","0","0","0","0","0","0","0","0","0","1","1","0","-2"
"190567","CUNY City College","2017","Not on tenure/no tenure system, lecturers","12","4","8","0","0","0","1","0","1","0","0","0","2","0","2","0","0","0","9","4","5","0","0","0","0","0","0","0","0","0","-2"
"190576","CUNY Graduate School and University Center","2017","Tenured total","149","83","66","1","0","1","8","6","2","9","5","4","8","2","6","0","0","0","120","68","52","0","0","0","0","0","0","3","2","1","-2"
"190576","CUNY Graduate School and University Center","2017","Tenured, professors","121","72","49","1","0","1","6","5","1","6","5","1","6","1","5","0","0","0","100","60","40","0","0","0","0","0","0","2","1","1","-2"
"190576","CUNY Graduate School and University Center","2017","Tenured, associate professors","26","11","15","0","0","0","2","1","1","2","0","2","2","1","1","0","0","0","19","8","11","0","0","0","0","0","0","1","1","0","-2"
"190576","CUNY Graduate School and University Center","2017","Tenured, assistant professors","2","0","2","0","0","0","0","0","0","1","0","1","0","0","0","0","0","0","1","0","1","0","0","0","0","0","0","0","0","0","-2"
"190576","CUNY Graduate School and University Center","2017","On-Tenure track total","38","19","19","0","0","0","5","3","2","5","2","3","2","0","2","0","0","0","26","14","12","0","0","0","0","0","0","0","0","0","-2"
"190576","CUNY Graduate School and University Center","2017","On-tenure track, professors","3","1","2","0","0","0","0","0","0","0","0","0","0","0","0","0","0","0","3","1","2","0","0","0","0","0","0","0","0","0","-2"
"190576","CUNY Graduate School and University Center","2017","On-tenure track, associate professors","13","5","8","0","0","0","1","0","1","3","0","3","1","0","1","0","0","0","8","5","3","0","0","0","0","0","0","0","0","0","-2"
"190576","CUNY Graduate School and University Center","2017","On-tenure track, assistant professors","20","12","8","0","0","0","4","3","1","2","2","0","1","0","1","0","0","0","13","7","6","0","0","0","0","0","0","0","0","0","-2"
"190576","CUNY Graduate School and University Center","2017","On-tenure track, lecturers","2","1","1","0","0","0","0","0","0","0","0","0","0","0","0","0","0","0","2","1","1","0","0","0","0","0","0","0","0","0","-2"
"190576","CUNY Graduate School and University Center","2017","Not on tenure track/No tenure system system total","62","33","29","0","0","0","6","1","5","7","2","5","6","3","3","0","0","0","41","27","14","0","0","0","0","0","0","2","0","2","-2"
"190576","CUNY Graduate School and University Center","2017","Not on tenure/no tenure system, professors","28","17","11","0","0","0","4","1","3","1","1","0","3","2","1","0","0","0","20","13","7","0","0","0","0","0","0","0","0","0","-2"
"190576","CUNY Graduate School and University Center","2017","Not on tenure/no tenure system, associate professors","4","3","1","0","0","0","0","0","0","1","1","0","1","1","0","0","0","0","2","1","1","0","0","0","0","0","0","0","0","0","-2"
"190576","CUNY Graduate School and University Center","2017","Not on tenure/no tenure system, assistant professors","21","7","14","0","0","0","2","0","2","4","0","4","2","0","2","0","0","0","11","7","4","0","0","0","0","0","0","2","0","2","-2"
"190576","CUNY Graduate School and University Center","2017","Not on tenure/no tenure system, lecturers","9","6","3","0","0","0","0","0","0","1","0","1","0","0","0","0","0","0","8","6","2","0","0","0","0","0","0","0","0","0","-2"
"191630","Hobart William Smith Colleges","2017","Tenured total","132","75","57","0","0","0","12","7","5","3","1","2","5","4","1","0","0","0","108","62","46","2","0","2","2","1","1","0","0","0","-2"
"191630","Hobart William Smith Colleges","2017","Tenured, professors","52","37","15","0","0","0","3","2","1","0","0","0","1","1","0","0","0","0","45","33","12","1","0","1","2","1","1","0","0","0","-2"
"191630","Hobart William Smith Colleges","2017","Tenured, associate professors","80","38","42","0","0","0","9","5","4","3","1","2","4","3","1","0","0","0","63","29","34","1","0","1","0","0","0","0","0","0","-2"
"191630","Hobart William Smith Colleges","2017","On-Tenure track total","53","19","34","1","0","1","2","1","1","3","1","2","0","0","0","0","0","0","43","17","26","1","0","1","0","0","0","3","0","3","-2"
"191630","Hobart William Smith Colleges","2017","On-tenure track, associate professors","1","1","0","0","0","0","0","0","0","0","0","0","0","0","0","0","0","0","1","1","0","0","0","0","0","0","0","0","0","0","-2"
"191630","Hobart William Smith Colleges","2017","On-tenure track, assistant professors","52","18","34","1","0","1","2","1","1","3","1","2","0","0","0","0","0","0","42","16","26","1","0","1","0","0","0","3","0","3","-2"
"191630","Hobart William Smith Colleges","2017","Not on tenure track/No tenure system system total","34","15","19","0","0","0","5","4","1","0","0","0","1","1","0","0","0","0","23","8","15","0","0","0","0","0","0","5","2","3","-2"
"191630","Hobart William Smith Colleges","2017","Not on tenure/no tenure system, associate professors","1","0","1","0","0","0","0","0","0","0","0","0","0","0","0","0","0","0","1","0","1","0","0","0","0","0","0","0","0","0","-2"
"191630","Hobart William Smith Colleges","2017","Not on tenure/no tenure system, assistant professors","27","14","13","0","0","0","4","4","0","0","0","0","1","1","0","0","0","0","17","7","10","0","0","0","0","0","0","5","2","3","-2"
"191630","Hobart William Smith Colleges","2017","Not on tenure/no tenure system, instructors","5","1","4","0","0","0","0","0","0","0","0","0","0","0","0","0","0","0","5","1","4","0","0","0","0","0","0","0","0","0","-2"
"191630","Hobart William Smith Colleges","2017","Not on tenure/no tenure system, lecturers","1","0","1","0","0","0","1","0","1","0","0","0","0","0","0","0","0","0","0","0","0","0","0","0","0","0","0","0","0","0","-2"
"193900","New York University","2017","Tenured total","1515","1024","491","0","0","0","174","118","56","59","36","23","64","40","24","1","0","1","1200","820","380","3","1","2","1","1","0","13","8","5","-2"
"193900","New York University","2017","Tenured, professors","1007","729","278","0","0","0","96","77","19","29","19","10","38","28","10","0","0","0","834","598","236","2","1","1","1","1","0","7","5","2","-2"
"193900","New York University","2017","Tenured, associate professors","469","275","194","0","0","0","78","41","37","27","16","11","25","12","13","1","0","1","331","203","128","1","0","1","0","0","0","6","3","3","-2"
"193900","New York University","2017","Tenured, no academic rank","39","20","19","0","0","0","0","0","0","3","1","2","1","0","1","0","0","0","35","19","16","0","0","0","0","0","0","0","0","0","-2"
"193900","New York University","2017","On-Tenure track total","431","233","198","2","1","1","78","34","44","17","6","11","23","13","10","1","1","0","242","135","107","6","4","2","3","3","0","59","36","23","-2"
"193900","New York University","2017","On-tenure track, professors","6","3","3","0","0","0","1","0","1","0","0","0","1","0","1","0","0","0","3","2","1","0","0","0","0","0","0","1","1","0","-2"
"193900","New York University","2017","On-tenure track, associate professors","74","43","31","0","0","0","17","6","11","4","2","2","5","4","1","0","0","0","39","26","13","0","0","0","0","0","0","9","5","4","-2"
"193900","New York University","2017","On-tenure track, assistant professors","320","173","147","2","1","1","57","26","31","11","3","8","15","9","6","1","1","0","177","97","80","6","4","2","3","3","0","48","29","19","-2"
"193900","New York University","2017","On-tenure track, no academic rank","31","14","17","0","0","0","3","2","1","2","1","1","2","0","2","0","0","0","23","10","13","0","0","0","0","0","0","1","1","0","-2"
"193900","New York University","2017","Not on tenure track/No tenure system system total","3771","2048","1723","4","4","0","685","332","353","202","82","120","179","78","101","6","4","2","2491","1422","1069","18","13","5","11","2","9","175","111","64","-2"
"193900","New York University","2017","Not on tenure/no tenure system, professors","431","292","139","1","1","0","91","55","36","43","21","22","23","13","10","0","0","0","262","192","70","2","2","0","0","0","0","9","8","1","-2"
"193900","New York University","2017","Not on tenure/no tenure system, associate professors","488","312","176","0","0","0","88","52","36","22","9","13","27","14","13","2","2","0","339","228","111","1","1","0","0","0","0","9","6","3","-2"
"193900","New York University","2017","Not on tenure/no tenure system, assistant professors","1274","658","616","2","2","0","285","136","149","70","25","45","55","19","36","2","1","1","765","412","353","5","3","2","2","0","2","88","60","28","-2"
"193900","New York University","2017","Not on tenure/no tenure system, instructors","362","190","172","0","0","0","94","43","51","16","6","10","14","9","5","1","0","1","223","127","96","2","2","0","0","0","0","12","3","9","-2"
"193900","New York University","2017","Not on tenure/no tenure system, lecturers","231","98","133","0","0","0","32","7","25","0","0","0","18","11","7","0","0","0","172","74","98","1","1","0","1","0","1","7","5","2","-2"
"193900","New York University","2017","Not on tenure/no tenure system, no academic rank","985","498","487","1","1","0","95","39","56","51","21","30","42","12","30","1","1","0","730","389","341","7","4","3","8","2","6","50","29","21","-2"
"196060","SUNY at Albany","2017","Tenured total","370","239","131","4","0","4","60","38","22","16","7","9","16","10","6","0","0","0","273","183","90","0","0","0","0","0","0","1","1","0","-2"
"196060","SUNY at Albany","2017","Tenured, professors","160","120","40","1","0","1","16","13","3","5","2","3","5","3","2","0","0","0","133","102","31","0","0","0","0","0","0","0","0","0","-2"
"196060","SUNY at Albany","2017","Tenured, associate professors","210","119","91","3","0","3","44","25","19","11","5","6","11","7","4","0","0","0","140","81","59","0","0","0","0","0","0","1","1","0","-2"
"196060","SUNY at Albany","2017","On-Tenure track total","188","98","90","0","0","0","32","20","12","9","2","7","12","3","9","0","0","0","103","56","47","0","0","0","0","0","0","32","17","15","-2"
"196060","SUNY at Albany","2017","On-tenure track, associate professors","6","4","2","0","0","0","2","1","1","0","0","0","0","0","0","0","0","0","4","3","1","0","0","0","0","0","0","0","0","0","-2"
"196060","SUNY at Albany","2017","On-tenure track, assistant professors","182","94","88","0","0","0","30","19","11","9","2","7","12","3","9","0","0","0","99","53","46","0","0","0","0","0","0","32","17","15","-2"
"196060","SUNY at Albany","2017","Not on tenure track/No tenure system system total","102","49","53","0","0","0","7","2","5","4","1","3","4","2","2","0","0","0","83","42","41","1","0","1","0","0","0","3","2","1","-2"
"196060","SUNY at Albany","2017","Not on tenure/no tenure system, professors","2","2","0","0","0","0","0","0","0","0","0","0","0","0","0","0","0","0","2","2","0","0","0","0","0","0","0","0","0","0","-2"
"196060","SUNY at Albany","2017","Not on tenure/no tenure system, associate professors","2","2","0","0","0","0","0","0","0","0","0","0","0","0","0","0","0","0","2","2","0","0","0","0","0","0","0","0","0","0","-2"
"196060","SUNY at Albany","2017","Not on tenure/no tenure system, assistant professors","19","13","6","0","0","0","2","2","0","1","0","1","1","1","0","0","0","0","15","10","5","0","0","0","0","0","0","0","0","0","-2"
"196060","SUNY at Albany","2017","Not on tenure/no tenure system, lecturers","79","32","47","0","0","0","5","0","5","3","1","2","3","1","2","0","0","0","64","28","36","1","0","1","0","0","0","3","2","1","-2"
"196097","Stony Brook University","2017","Tenured total","709","508","201","1","1","0","97","70","27","18","10","8","25","17","8","0","0","0","527","386","141","1","1","0","20","8","12","20","15","5","-2"
"196097","Stony Brook University","2017","Tenured, professors","451","349","102","0","0","0","59","45","14","10","7","3","9","6","3","0","0","0","356","278","78","0","0","0","8","5","3","9","8","1","-2"
"196097","Stony Brook University","2017","Tenured, associate professors","256","159","97","1","1","0","38","25","13","8","3","5","16","11","5","0","0","0","169","108","61","1","1","0","12","3","9","11","7","4","-2"
"196097","Stony Brook University","2017","Tenured, assistant professors","2","0","2","0","0","0","0","0","0","0","0","0","0","0","0","0","0","0","2","0","2","0","0","0","0","0","0","0","0","0","-2"
"196097","Stony Brook University","2017","On-Tenure track total","291","180","111","0","0","0","52","32","20","10","3","7","10","6","4","0","0","0","141","90","51","3","3","0","23","14","9","52","32","20","-2"
"196097","Stony Brook University","2017","On-tenure track, professors","18","12","6","0","0","0","1","1","0","2","1","1","0","0","0","0","0","0","9","5","4","0","0","0","3","2","1","3","3","0","-2"
"196097","Stony Brook University","2017","On-tenure track, associate professors","17","8","9","0","0","0","2","2","0","1","0","1","2","2","0","0","0","0","7","2","5","0","0","0","1","0","1","4","2","2","-2"
"196097","Stony Brook University","2017","On-tenure track, assistant professors","256","160","96","0","0","0","49","29","20","7","2","5","8","4","4","0","0","0","125","83","42","3","3","0","19","12","7","45","27","18","-2"
"196097","Stony Brook University","2017","Not on tenure track/No tenure system system total","810","384","426","1","1","0","142","64","78","38","13","25","33","8","25","1","1","0","552","270","282","6","4","2","12","5","7","25","18","7","-2"
"196097","Stony Brook University","2017","Not on tenure/no tenure system, professors","43","26","17","0","0","0","9","5","4","0","0","0","0","0","0","0","0","0","33","20","13","0","0","0","0","0","0","1","1","0","-2"
"196097","Stony Brook University","2017","Not on tenure/no tenure system, associate professors","164","94","70","0","0","0","23","13","10","6","3","3","4","2","2","0","0","0","122","69","53","1","1","0","3","1","2","5","5","0","-2"
"196097","Stony Brook University","2017","Not on tenure/no tenure system, assistant professors","426","196","230","0","0","0","93","43","50","26","7","19","19","2","17","1","1","0","269","133","136","5","3","2","6","3","3","7","4","3","-2"
"196097","Stony Brook University","2017","Not on tenure/no tenure system, instructors","53","14","39","0","0","0","5","1","4","2","1","1","3","3","0","0","0","0","43","9","34","0","0","0","0","0","0","0","0","0","-2"
"196097","Stony Brook University","2017","Not on tenure/no tenure system, lecturers","124","54","70","1","1","0","12","2","10","4","2","2","7","1","6","0","0","0","85","39","46","0","0","0","3","1","2","12","8","4","-2"
"196121","SUNY College at Brockport","2017","Tenured total","186","97","89","1","0","1","22","17","5","6","4","2","6","3","3","0","0","0","150","72","78","1","1","0","0","0","0","0","0","0","-2"
"196121","SUNY College at Brockport","2017","Tenured, professors","54","32","22","1","0","1","11","10","1","2","1","1","2","1","1","0","0","0","38","20","18","0","0","0","0","0","0","0","0","0","-2"
"196121","SUNY College at Brockport","2017","Tenured, associate professors","129","65","64","0","0","0","11","7","4","4","3","1","3","2","1","0","0","0","110","52","58","1","1","0","0","0","0","0","0","0","-2"
"196121","SUNY College at Brockport","2017","Tenured, assistant professors","3","0","3","0","0","0","0","0","0","0","0","0","1","0","1","0","0","0","2","0","2","0","0","0","0","0","0","0","0","0","-2"
"196121","SUNY College at Brockport","2017","On-Tenure track total","91","36","55","0","0","0","4","4","0","8","3","5","3","2","1","0","0","0","58","19","39","0","0","0","0","0","0","18","8","10","-2"
"196121","SUNY College at Brockport","2017","On-tenure track, associate professors","9","4","5","0","0","0","1","1","0","1","1","0","0","0","0","0","0","0","7","2","5","0","0","0","0","0","0","0","0","0","-2"
"196121","SUNY College at Brockport","2017","On-tenure track, assistant professors","79","32","47","0","0","0","3","3","0","7","2","5","3","2","1","0","0","0","48","17","31","0","0","0","0","0","0","18","8","10","-2"
"196121","SUNY College at Brockport","2017","On-tenure track, instructors","3","0","3","0","0","0","0","0","0","0","0","0","0","0","0","0","0","0","3","0","3","0","0","0","0","0","0","0","0","0","-2"
"196121","SUNY College at Brockport","2017","Not on tenure track/No tenure system system total","49","17","32","0","0","0","1","0","1","1","0","1","0","0","0","0","0","0","44","16","28","0","0","0","0","0","0","3","1","2","-2"
"196121","SUNY College at Brockport","2017","Not on tenure/no tenure system, associate professors","1","0","1","0","0","0","0","0","0","0","0","0","0","0","0","0","0","0","1","0","1","0","0","0","0","0","0","0","0","0","-2"
"196121","SUNY College at Brockport","2017","Not on tenure/no tenure system, assistant professors","22","10","12","0","0","0","0","0","0","1","0","1","0","0","0","0","0","0","19","9","10","0","0","0","0","0","0","2","1","1","-2"
"196121","SUNY College at Brockport","2017","Not on tenure/no tenure system, instructors","2","1","1","0","0","0","0","0","0","0","0","0","0","0","0","0","0","0","2","1","1","0","0","0","0","0","0","0","0","0","-2"
"196121","SUNY College at Brockport","2017","Not on tenure/no tenure system, lecturers","24","6","18","0","0","0","1","0","1","0","0","0","0","0","0","0","0","0","22","6","16","0","0","0","0","0","0","1","0","1","-2"
"196130","SUNY Buffalo State","2017","Tenured total","261","146","115","1","1","0","27","14","13","13","9","4","13","5","8","0","0","0","202","115","87","0","0","0","0","0","0","5","2","3","-2"
"196130","SUNY Buffalo State","2017","Tenured, professors","95","64","31","0","0","0","10","7","3","6","3","3","4","1","3","0","0","0","73","51","22","0","0","0","0","0","0","2","2","0","-2"
"196130","SUNY Buffalo State","2017","Tenured, associate professors","164","81","83","1","1","0","16","7","9","7","6","1","9","4","5","0","0","0","128","63","65","0","0","0","0","0","0","3","0","3","-2"
"196130","SUNY Buffalo State","2017","Tenured, assistant professors","2","1","1","0","0","0","1","0","1","0","0","0","0","0","0","0","0","0","1","1","0","0","0","0","0","0","0","0","0","0","-2"
"196130","SUNY Buffalo State","2017","On-Tenure track total","63","28","35","1","1","0","8","5","3","2","1","1","4","3","1","0","0","0","41","14","27","1","0","1","0","0","0","6","4","2","-2"
"196130","SUNY Buffalo State","2017","On-tenure track, associate professors","2","0","2","0","0","0","1","0","1","0","0","0","0","0","0","0","0","0","1","0","1","0","0","0","0","0","0","0","0","0","-2"
"196130","SUNY Buffalo State","2017","On-tenure track, assistant professors","61","28","33","1","1","0","7","5","2","2","1","1","4","3","1","0","0","0","40","14","26","1","0","1","0","0","0","6","4","2","-2"
"196130","SUNY Buffalo State","2017","Not on tenure track/No tenure system system total","50","20","30","0","0","0","3","0","3","3","1","2","0","0","0","0","0","0","43","18","25","0","0","0","0","0","0","1","1","0","-2"
"196130","SUNY Buffalo State","2017","Not on tenure/no tenure system, professors","1","1","0","0","0","0","0","0","0","0","0","0","0","0","0","0","0","0","1","1","0","0","0","0","0","0","0","0","0","0","-2"
"196130","SUNY Buffalo State","2017","Not on tenure/no tenure system, assistant professors","2","0","2","0","0","0","1","0","1","0","0","0","0","0","0","0","0","0","1","0","1","0","0","0","0","0","0","0","0","0","-2"
"196130","SUNY Buffalo State","2017","Not on tenure/no tenure system, lecturers","47","19","28","0","0","0","2","0","2","3","1","2","0","0","0","0","0","0","41","17","24","0","0","0","0","0","0","1","1","0","-2"
"196185","SUNY Oneonta","2017","Tenured total","142","79","63","0","0","0","21","12","9","5","0","5","2","2","0","0","0","0","114","65","49","0","0","0","0","0","0","0","0","0","-2"
"196185","SUNY Oneonta","2017","Tenured, professors","49","33","16","0","0","0","10","8","2","2","0","2","1","1","0","0","0","0","36","24","12","0","0","0","0","0","0","0","0","0","-2"
"196185","SUNY Oneonta","2017","Tenured, associate professors","83","42","41","0","0","0","10","4","6","3","0","3","1","1","0","0","0","0","69","37","32","0","0","0","0","0","0","0","0","0","-2"
"196185","SUNY Oneonta","2017","Tenured, assistant professors","10","4","6","0","0","0","1","0","1","0","0","0","0","0","0","0","0","0","9","4","5","0","0","0","0","0","0","0","0","0","-2"
"196185","SUNY Oneonta","2017","On-Tenure track total","88","40","48","0","0","0","9","2","7","5","2","3","5","1","4","0","0","0","57","27","30","0","0","0","0","0","0","12","8","4","-2"
"196185","SUNY Oneonta","2017","On-tenure track, associate professors","15","6","9","0","0","0","3","1","2","1","0","1","1","0","1","0","0","0","10","5","5","0","0","0","0","0","0","0","0","0","-2"
"196185","SUNY Oneonta","2017","On-tenure track, assistant professors","73","34","39","0","0","0","6","1","5","4","2","2","4","1","3","0","0","0","47","22","25","0","0","0","0","0","0","12","8","4","-2"
"196185","SUNY Oneonta","2017","Not on tenure track/No tenure system system total","53","28","25","0","0","0","1","0","1","5","4","1","4","3","1","0","0","0","41","21","20","0","0","0","0","0","0","2","0","2","-2"
"196185","SUNY Oneonta","2017","Not on tenure/no tenure system, professors","1","1","0","0","0","0","0","0","0","0","0","0","0","0","0","0","0","0","1","1","0","0","0","0","0","0","0","0","0","0","-2"
"196185","SUNY Oneonta","2017","Not on tenure/no tenure system, assistant professors","4","2","2","0","0","0","0","0","0","1","0","1","1","1","0","0","0","0","2","1","1","0","0","0","0","0","0","0","0","0","-2"
"196185","SUNY Oneonta","2017","Not on tenure/no tenure system, lecturers","48","25","23","0","0","0","1","0","1","4","4","0","3","2","1","0","0","0","38","19","19","0","0","0","0","0","0","2","0","2","-2"
"196194","SUNY College at Oswego","2017","Tenured total","172","103","69","1","1","0","16","13","3","10","4","6","6","5","1","0","0","0","137","80","57","2","0","2","0","0","0","0","0","0","-2"
"196194","SUNY College at Oswego","2017","Tenured, professors","77","50","27","0","0","0","8","7","1","3","2","1","2","1","1","0","0","0","63","40","23","1","0","1","0","0","0","0","0","0","-2"
"196194","SUNY College at Oswego","2017","Tenured, associate professors","85","45","40","0","0","0","7","5","2","6","2","4","4","4","0","0","0","0","67","34","33","1","0","1","0","0","0","0","0","0","-2"
"196194","SUNY College at Oswego","2017","Tenured, assistant professors","10","8","2","1","1","0","1","1","0","1","0","1","0","0","0","0","0","0","7","6","1","0","0","0","0","0","0","0","0","0","-2"
"196194","SUNY College at Oswego","2017","On-Tenure track total","117","50","67","0","0","0","12","4","8","3","1","2","8","4","4","0","0","0","74","32","42","1","0","1","0","0","0","19","9","10","-2"
"196194","SUNY College at Oswego","2017","On-tenure track, professors","1","0","1","0","0","0","0","0","0","0","0","0","0","0","0","0","0","0","1","0","1","0","0","0","0","0","0","0","0","0","-2"
"196194","SUNY College at Oswego","2017","On-tenure track, associate professors","11","7","4","0","0","0","0","0","0","1","1","0","0","0","0","0","0","0","9","5","4","0","0","0","0","0","0","1","1","0","-2"
"196194","SUNY College at Oswego","2017","On-tenure track, assistant professors","104","43","61","0","0","0","11","4","7","2","0","2","8","4","4","0","0","0","64","27","37","1","0","1","0","0","0","18","8","10","-2"
"196194","SUNY College at Oswego","2017","On-tenure track, instructors","1","0","1","0","0","0","1","0","1","0","0","0","0","0","0","0","0","0","0","0","0","0","0","0","0","0","0","0","0","0","-2"
"196194","SUNY College at Oswego","2017","Not on tenure track/No tenure system system total","88","48","40","0","0","0","2","1","1","1","1","0","3","1","2","0","0","0","78","41","37","1","1","0","0","0","0","3","3","0","-2"
"196194","SUNY College at Oswego","2017","Not on tenure/no tenure system, assistant professors","66","32","34","0","0","0","2","1","1","1","1","0","3","1","2","0","0","0","56","25","31","1","1","0","0","0","0","3","3","0","-2"
"196194","SUNY College at Oswego","2017","Not on tenure/no tenure system, instructors","15","11","4","0","0","0","0","0","0","0","0","0","0","0","0","0","0","0","15","11","4","0","0","0","0","0","0","0","0","0","-2"
"196194","SUNY College at Oswego","2017","Not on tenure/no tenure system, lecturers","7","5","2","0","0","0","0","0","0","0","0","0","0","0","0","0","0","0","7","5","2","0","0","0","0","0","0","0","0","0","-2"
"196291","SUNY Maritime College","2017","Tenured total","41","30","11","0","0","0","2","2","0","0","0","0","0","0","0","0","0","0","39","28","11","0","0","0","0","0","0","0","0","0","-2"
"196291","SUNY Maritime College","2017","Tenured, professors","23","17","6","0","0","0","0","0","0","0","0","0","0","0","0","0","0","0","23","17","6","0","0","0","0","0","0","0","0","0","-2"
"196291","SUNY Maritime College","2017","Tenured, associate professors","16","11","5","0","0","0","2","2","0","0","0","0","0","0","0","0","0","0","14","9","5","0","0","0","0","0","0","0","0","0","-2"
"196291","SUNY Maritime College","2017","Tenured, assistant professors","2","2","0","0","0","0","0","0","0","0","0","0","0","0","0","0","0","0","2","2","0","0","0","0","0","0","0","0","0","0","-2"
"196291","SUNY Maritime College","2017","On-Tenure track total","15","10","5","0","0","0","1","1","0","1","0","1","0","0","0","0","0","0","11","7","4","0","0","0","0","0","0","2","2","0","-2"
"196291","SUNY Maritime College","2017","On-tenure track, associate professors","2","2","0","0","0","0","0","0","0","0","0","0","0","0","0","0","0","0","2","2","0","0","0","0","0","0","0","0","0","0","-2"
"196291","SUNY Maritime College","2017","On-tenure track, assistant professors","13","8","5","0","0","0","1","1","0","1","0","1","0","0","0","0","0","0","9","5","4","0","0","0","0","0","0","2","2","0","-2"
"196291","SUNY Maritime College","2017","Not on tenure track/No tenure system system total","36","33","3","0","0","0","2","2","0","2","2","0","1","1","0","0","0","0","30","27","3","0","0","0","0","0","0","1","1","0","-2"
"196291","SUNY Maritime College","2017","Not on tenure/no tenure system, professors","1","1","0","0","0","0","1","1","0","0","0","0","0","0","0","0","0","0","0","0","0","0","0","0","0","0","0","0","0","0","-2"
"196291","SUNY Maritime College","2017","Not on tenure/no tenure system, instructors","1","1","0","0","0","0","0","0","0","0","0","0","0","0","0","0","0","0","1","1","0","0","0","0","0","0","0","0","0","0","-2"
"196291","SUNY Maritime College","2017","Not on tenure/no tenure system, lecturers","34","31","3","0","0","0","1","1","0","2","2","0","1","1","0","0","0","0","29","26","3","0","0","0","0","0","0","1","1","0","-2"
"197869","Appalachian State University","2017","Tenured total","519","291","228","2","0","2","16","10","6","7","7","0","7","3","4","0","0","0","463","254","209","3","2","1","6","5","1","15","10","5","-2"
"197869","Appalachian State University","2017","Tenured, professors","295","173","122","0","0","0","7","5","2","3","3","0","4","1","3","0","0","0","270","155","115","0","0","0","5","4","1","6","5","1","-2"
"197869","Appalachian State University","2017","Tenured, associate professors","224","118","106","2","0","2","9","5","4","4","4","0","3","2","1","0","0","0","193","99","94","3","2","1","1","1","0","9","5","4","-2"
"197869","Appalachian State University","2017","On-Tenure track total","211","107","104","0","0","0","9","7","2","9","2","7","0","0","0","0","0","0","168","88","80","7","2","5","4","1","3","14","7","7","-2"
"197869","Appalachian State University","2017","On-tenure track, associate professors","7","5","2","0","0","0","0","0","0","0","0","0","0","0","0","0","0","0","6","4","2","0","0","0","0","0","0","1","1","0","-2"
"197869","Appalachian State University","2017","On-tenure track, assistant professors","204","102","102","0","0","0","9","7","2","9","2","7","0","0","0","0","0","0","162","84","78","7","2","5","4","1","3","13","6","7","-2"
"197869","Appalachian State University","2017","Not on tenure track/No tenure system system total","239","105","134","0","0","0","4","1","3","1","1","0","3","0","3","0","0","0","217","99","118","2","0","2","5","1","4","7","3","4","-2"
"197869","Appalachian State University","2017","Not on tenure/no tenure system, professors","3","2","1","0","0","0","0","0","0","0","0","0","0","0","0","0","0","0","3","2","1","0","0","0","0","0","0","0","0","0","-2"
"197869","Appalachian State University","2017","Not on tenure/no tenure system, associate professors","1","0","1","0","0","0","0","0","0","0","0","0","0","0","0","0","0","0","1","0","1","0","0","0","0","0","0","0","0","0","-2"
"197869","Appalachian State University","2017","Not on tenure/no tenure system, assistant professors","2","2","0","0","0","0","0","0","0","0","0","0","0","0","0","0","0","0","2","2","0","0","0","0","0","0","0","0","0","0","-2"
"197869","Appalachian State University","2017","Not on tenure/no tenure system, instructors","3","2","1","0","0","0","0","0","0","0","0","0","0","0","0","0","0","0","3","2","1","0","0","0","0","0","0","0","0","0","-2"
"197869","Appalachian State University","2017","Not on tenure/no tenure system, lecturers","176","75","101","0","0","0","3","1","2","0","0","0","3","0","3","0","0","0","164","73","91","2","0","2","2","0","2","2","1","1","-2"
"197869","Appalachian State University","2017","Not on tenure/no tenure system, no academic rank","54","24","30","0","0","0","1","0","1","1","1","0","0","0","0","0","0","0","44","20","24","0","0","0","3","1","2","5","2","3","-2"
"198419","Duke University","2017","Tenured total","1300","964","336","1","1","0","165","120","45","48","27","21","35","25","10","1","1","0","1049","789","260","1","1","0","0","0","0","0","0","0","-2"
"198419","Duke University","2017","Tenured, professors","971","755","216","1","1","0","112","88","24","30","21","9","21","17","4","1","1","0","805","626","179","1","1","0","0","0","0","0","0","0","-2"
"198419","Duke University","2017","Tenured, associate professors","329","209","120","0","0","0","53","32","21","18","6","12","14","8","6","0","0","0","244","163","81","0","0","0","0","0","0","0","0","0","-2"
"198419","Duke University","2017","On-Tenure track total","347","206","141","0","0","0","64","42","22","18","12","6","18","11","7","0","0","0","241","137","104","6","4","2","0","0","0","0","0","0","-2"
"198419","Duke University","2017","On-tenure track, associate professors","121","73","48","0","0","0","24","16","8","4","3","1","5","2","3","0","0","0","86","51","35","2","1","1","0","0","0","0","0","0","-2"
"198419","Duke University","2017","On-tenure track, assistant professors","226","133","93","0","0","0","40","26","14","14","9","5","13","9","4","0","0","0","155","86","69","4","3","1","0","0","0","0","0","0","-2"
"198419","Duke University","2017","Not on tenure track/No tenure system system total","2192","1132","1060","4","1","3","345","190","155","111","48","63","78","38","40","6","2","4","1638","849","789","10","4","6","0","0","0","0","0","0","-2"
"198419","Duke University","2017","Not on tenure/no tenure system, professors","283","175","108","0","0","0","32","22","10","6","5","1","6","3","3","0","0","0","239","145","94","0","0","0","0","0","0","0","0","0","-2"
"198419","Duke University","2017","Not on tenure/no tenure system, associate professors","422","239","183","1","0","1","68","42","26","21","8","13","12","9","3","0","0","0","319","180","139","1","0","1","0","0","0","0","0","0","-2"
"198419","Duke University","2017","Not on tenure/no tenure system, assistant professors","924","463","461","2","1","1","168","95","73","53","22","31","34","17","17","2","0","2","660","326","334","5","2","3","0","0","0","0","0","0","-2"
"198419","Duke University","2017","Not on tenure/no tenure system, instructors","420","201","219","1","0","1","62","27","35","25","9","16","16","6","10","4","2","2","308","155","153","4","2","2","0","0","0","0","0","0","-2"
"198419","Duke University","2017","Not on tenure/no tenure system, lecturers","143","54","89","0","0","0","15","4","11","6","4","2","10","3","7","0","0","0","112","43","69","0","0","0","0","0","0","0","0","0","-2"
"199102","North Carolina A & T State University","2017","Tenured total","261","169","92","1","0","1","49","38","11","128","72","56","5","4","1","0","0","0","72","49","23","1","1","0","1","1","0","4","4","0","-2"
"199102","North Carolina A & T State University","2017","Tenured, professors","102","74","28","1","0","1","24","20","4","45","30","15","2","1","1","0","0","0","28","21","7","1","1","0","1","1","0","0","0","0","-2"
"199102","North Carolina A & T State University","2017","Tenured, associate professors","158","95","63","0","0","0","25","18","7","82","42","40","3","3","0","0","0","0","44","28","16","0","0","0","0","0","0","4","4","0","-2"
"199102","North Carolina A & T State University","2017","Tenured, assistant professors","1","0","1","0","0","0","0","0","0","1","0","1","0","0","0","0","0","0","0","0","0","0","0","0","0","0","0","0","0","0","-2"
"199102","North Carolina A & T State University","2017","On-Tenure track total","105","56","49","0","0","0","19","13","6","46","17","29","0","0","0","0","0","0","19","14","5","0","0","0","12","6","6","9","6","3","-2"
"199102","North Carolina A & T State University","2017","On-tenure track, professors","4","4","0","0","0","0","0","0","0","3","3","0","0","0","0","0","0","0","1","1","0","0","0","0","0","0","0","0","0","0","-2"
"199102","North Carolina A & T State University","2017","On-tenure track, associate professors","21","10","11","0","0","0","3","3","0","12","5","7","0","0","0","0","0","0","3","2","1","0","0","0","2","0","2","1","0","1","-2"
"199102","North Carolina A & T State University","2017","On-tenure track, assistant professors","78","41","37","0","0","0","16","10","6","30","9","21","0","0","0","0","0","0","15","11","4","0","0","0","10","6","4","7","5","2","-2"
"199102","North Carolina A & T State University","2017","On-tenure track, lecturers","1","1","0","0","0","0","0","0","0","0","0","0","0","0","0","0","0","0","0","0","0","0","0","0","0","0","0","1","1","0","-2"
"199102","North Carolina A & T State University","2017","On-tenure track, no academic rank","1","0","1","0","0","0","0","0","0","1","0","1","0","0","0","0","0","0","0","0","0","0","0","0","0","0","0","0","0","0","-2"
"199102","North Carolina A & T State University","2017","Not on tenure track/No tenure system system total","79","32","47","1","0","1","2","1","1","48","18","30","1","0","1","0","0","0","20","11","9","0","0","0","4","0","4","3","2","1","-2"
"199102","North Carolina A & T State University","2017","Not on tenure/no tenure system, assistant professors","8","4","4","0","0","0","0","0","0","5","2","3","0","0","0","0","0","0","3","2","1","0","0","0","0","0","0","0","0","0","-2"
"199102","North Carolina A & T State University","2017","Not on tenure/no tenure system, instructors","3","3","0","0","0","0","0","0","0","2","2","0","0","0","0","0","0","0","1","1","0","0","0","0","0","0","0","0","0","0","-2"
"199102","North Carolina A & T State University","2017","Not on tenure/no tenure system, lecturers","8","3","5","0","0","0","0","0","0","6","2","4","0","0","0","0","0","0","2","1","1","0","0","0","0","0","0","0","0","0","-2"
"199102","North Carolina A & T State University","2017","Not on tenure/no tenure system, no academic rank","60","22","38","1","0","1","2","1","1","35","12","23","1","0","1","0","0","0","14","7","7","0","0","0","4","0","4","3","2","1","-2"
"199111","University of North Carolina at Asheville","2017","Tenured total","119","68","51","0","0","0","8","3","5","8","5","3","4","1","3","1","0","1","97","59","38","1","0","1","0","0","0","0","0","0","-2"
"199111","University of North Carolina at Asheville","2017","Tenured, professors","68","49","19","0","0","0","3","2","1","3","2","1","1","1","0","0","0","0","61","44","17","0","0","0","0","0","0","0","0","0","-2"
"199111","University of North Carolina at Asheville","2017","Tenured, associate professors","50","18","32","0","0","0","5","1","4","4","2","2","3","0","3","1","0","1","36","15","21","1","0","1","0","0","0","0","0","0","-2"
"199111","University of North Carolina at Asheville","2017","Tenured, assistant professors","1","1","0","0","0","0","0","0","0","1","1","0","0","0","0","0","0","0","0","0","0","0","0","0","0","0","0","0","0","0","-2"
"199111","University of North Carolina at Asheville","2017","On-Tenure track total","62","35","27","1","1","0","3","1","2","3","3","0","4","1","3","0","0","0","45","26","19","0","0","0","0","0","0","6","3","3","-2"
"199111","University of North Carolina at Asheville","2017","On-tenure track, professors","2","2","0","0","0","0","0","0","0","0","0","0","0","0","0","0","0","0","2","2","0","0","0","0","0","0","0","0","0","0","-2"
"199111","University of North Carolina at Asheville","2017","On-tenure track, associate professors","3","3","0","0","0","0","0","0","0","0","0","0","0","0","0","0","0","0","3","3","0","0","0","0","0","0","0","0","0","0","-2"
"199111","University of North Carolina at Asheville","2017","On-tenure track, assistant professors","57","30","27","1","1","0","3","1","2","3","3","0","4","1","3","0","0","0","40","21","19","0","0","0","0","0","0","6","3","3","-2"
"199111","University of North Carolina at Asheville","2017","Not on tenure track/No tenure system system total","43","18","25","0","0","0","0","0","0","1","1","0","0","0","0","0","0","0","39","17","22","0","0","0","0","0","0","3","0","3","-2"
"199111","University of North Carolina at Asheville","2017","Not on tenure/no tenure system, instructors","1","0","1","0","0","0","0","0","0","0","0","0","0","0","0","0","0","0","1","0","1","0","0","0","0","0","0","0","0","0","-2"
"199111","University of North Carolina at Asheville","2017","Not on tenure/no tenure system, lecturers","40","16","24","0","0","0","0","0","0","1","1","0","0","0","0","0","0","0","36","15","21","0","0","0","0","0","0","3","0","3","-2"
"199111","University of North Carolina at Asheville","2017","Not on tenure/no tenure system, no academic rank","2","2","0","0","0","0","0","0","0","0","0","0","0","0","0","0","0","0","2","2","0","0","0","0","0","0","0","0","0","0","-2"
"199120","University of North Carolina at Chapel Hill","2017","Tenured total","1032","653","379","4","2","2","95","66","29","52","20","32","37","20","17","0","0","0","827","535","292","7","3","4","5","3","2","5","4","1","-2"
"199120","University of North Carolina at Chapel Hill","2017","Tenured, professors","646","436","210","2","2","0","53","42","11","18","9","9","11","6","5","0","0","0","553","370","183","3","2","1","3","2","1","3","3","0","-2"
"199120","University of North Carolina at Chapel Hill","2017","Tenured, associate professors","386","217","169","2","0","2","42","24","18","34","11","23","26","14","12","0","0","0","274","165","109","4","1","3","2","1","1","2","1","1","-2"
"199120","University of North Carolina at Chapel Hill","2017","On-Tenure track total","301","162","139","3","2","1","27","12","15","24","11","13","23","12","11","0","0","0","150","78","72","2","1","1","32","19","13","40","27","13","-2"
"199120","University of North Carolina at Chapel Hill","2017","On-tenure track, associate professors","20","13","7","0","0","0","1","0","1","1","1","0","3","2","1","0","0","0","12","8","4","0","0","0","3","2","1","0","0","0","-2"
"199120","University of North Carolina at Chapel Hill","2017","On-tenure track, assistant professors","276","146","130","3","2","1","25","12","13","23","10","13","19","10","9","0","0","0","138","70","68","2","1","1","26","14","12","40","27","13","-2"
"199120","University of North Carolina at Chapel Hill","2017","On-tenure track, instructors","4","3","1","0","0","0","1","0","1","0","0","0","0","0","0","0","0","0","0","0","0","0","0","0","3","3","0","0","0","0","-2"
"199120","University of North Carolina at Chapel Hill","2017","On-tenure track, no academic rank","1","0","1","0","0","0","0","0","0","0","0","0","1","0","1","0","0","0","0","0","0","0","0","0","0","0","0","0","0","0","-2"
"199120","University of North Carolina at Chapel Hill","2017","Not on tenure track/No tenure system system total","618","238","380","6","3","3","37","14","23","34","13","21","33","17","16","0","0","0","456","164","292","2","0","2","29","17","12","21","10","11","-2"
"199120","University of North Carolina at Chapel Hill","2017","Not on tenure/no tenure system, professors","14","9","5","0","0","0","2","2","0","1","1","0","0","0","0","0","0","0","9","4","5","0","0","0","2","2","0","0","0","0","-2"
"199120","University of North Carolina at Chapel Hill","2017","Not on tenure/no tenure system, associate professors","18","13","5","0","0","0","1","1","0","0","0","0","0","0","0","0","0","0","17","12","5","0","0","0","0","0","0","0","0","0","-2"
"199120","University of North Carolina at Chapel Hill","2017","Not on tenure/no tenure system, assistant professors","22","13","9","0","0","0","3","0","3","2","1","1","1","1","0","0","0","0","12","7","5","0","0","0","1","1","0","3","3","0","-2"
"199120","University of North Carolina at Chapel Hill","2017","Not on tenure/no tenure system, instructors","6","4","2","0","0","0","1","1","0","0","0","0","0","0","0","0","0","0","4","2","2","0","0","0","0","0","0","1","1","0","-2"
"199120","University of North Carolina at Chapel Hill","2017","Not on tenure/no tenure system, lecturers","194","83","111","0","0","0","14","5","9","8","5","3","17","7","10","0","0","0","128","55","73","0","0","0","13","7","6","14","4","10","-2"
"199120","University of North Carolina at Chapel Hill","2017","Not on tenure/no tenure system, no academic rank","364","116","248","6","3","3","16","5","11","23","6","17","15","9","6","0","0","0","286","84","202","2","0","2","13","7","6","3","2","1","-2"
"199139","University of North Carolina at Charlotte","2017","Tenured total","525","332","193","0","0","0","78","59","19","31","14","17","17","9","8","0","0","0","374","234","140","0","0","0","3","2","1","22","14","8","-2"
"199139","University of North Carolina at Charlotte","2017","Tenured, professors","229","171","58","0","0","0","40","34","6","6","6","0","7","3","4","0","0","0","174","126","48","0","0","0","0","0","0","2","2","0","-2"
"199139","University of North Carolina at Charlotte","2017","Tenured, associate professors","295","161","134","0","0","0","38","25","13","25","8","17","10","6","4","0","0","0","199","108","91","0","0","0","3","2","1","20","12","8","-2"
"199139","University of North Carolina at Charlotte","2017","Tenured, assistant professors","1","0","1","0","0","0","0","0","0","0","0","0","0","0","0","0","0","0","1","0","1","0","0","0","0","0","0","0","0","0","-2"
"199139","University of North Carolina at Charlotte","2017","On-Tenure track total","214","104","110","0","0","0","26","14","12","19","7","12","7","3","4","0","0","0","117","57","60","1","0","1","7","1","6","37","22","15","-2"
"199139","University of North Carolina at Charlotte","2017","On-tenure track, associate professors","1","1","0","0","0","0","1","1","0","0","0","0","0","0","0","0","0","0","0","0","0","0","0","0","0","0","0","0","0","0","-2"
"199139","University of North Carolina at Charlotte","2017","On-tenure track, assistant professors","213","103","110","0","0","0","25","13","12","19","7","12","7","3","4","0","0","0","117","57","60","1","0","1","7","1","6","37","22","15","-2"
"199139","University of North Carolina at Charlotte","2017","Not on tenure track/No tenure system system total","340","126","214","0","0","0","16","8","8","25","5","20","11","3","8","0","0","0","256","99","157","1","0","1","9","1","8","22","10","12","-2"
"199139","University of North Carolina at Charlotte","2017","Not on tenure/no tenure system, professors","2","2","0","0","0","0","0","0","0","0","0","0","0","0","0","0","0","0","2","2","0","0","0","0","0","0","0","0","0","0","-2"
"199139","University of North Carolina at Charlotte","2017","Not on tenure/no tenure system, associate professors","1","1","0","0","0","0","0","0","0","0","0","0","0","0","0","0","0","0","1","1","0","0","0","0","0","0","0","0","0","0","-2"
"199139","University of North Carolina at Charlotte","2017","Not on tenure/no tenure system, assistant professors","6","3","3","0","0","0","2","1","1","0","0","0","1","0","1","0","0","0","2","1","1","0","0","0","0","0","0","1","1","0","-2"
"199139","University of North Carolina at Charlotte","2017","Not on tenure/no tenure system, lecturers","228","84","144","0","0","0","10","4","6","16","3","13","9","2","7","0","0","0","177","70","107","0","0","0","4","0","4","12","5","7","-2"
"199139","University of North Carolina at Charlotte","2017","Not on tenure/no tenure system, no academic rank","103","36","67","0","0","0","4","3","1","9","2","7","1","1","0","0","0","0","74","25","49","1","0","1","5","1","4","9","4","5","-2"
"199157","North Carolina Central University","2017","Tenured total","181","99","82","0","0","0","23","13","10","103","55","48","3","2","1","0","0","0","44","23","21","0","0","0","1","0","1","7","6","1","-2"
"199157","North Carolina Central University","2017","Tenured, professors","68","42","26","0","0","0","12","7","5","38","22","16","1","0","1","0","0","0","15","11","4","0","0","0","0","0","0","2","2","0","-2"
"199157","North Carolina Central University","2017","Tenured, associate professors","103","52","51","0","0","0","10","5","5","56","29","27","2","2","0","0","0","0","29","12","17","0","0","0","1","0","1","5","4","1","-2"
"199157","North Carolina Central University","2017","Tenured, assistant professors","9","5","4","0","0","0","1","1","0","8","4","4","0","0","0","0","0","0","0","0","0","0","0","0","0","0","0","0","0","0","-2"
"199157","North Carolina Central University","2017","Tenured, no academic rank","1","0","1","0","0","0","0","0","0","1","0","1","0","0","0","0","0","0","0","0","0","0","0","0","0","0","0","0","0","0","-2"
"199157","North Carolina Central University","2017","On-Tenure track total","82","42","40","0","0","0","7","5","2","45","17","28","1","1","0","0","0","0","22","15","7","1","0","1","4","2","2","2","2","0","-2"
"199157","North Carolina Central University","2017","On-tenure track, professors","3","3","0","0","0","0","1","1","0","0","0","0","0","0","0","0","0","0","2","2","0","0","0","0","0","0","0","0","0","0","-2"
"199157","North Carolina Central University","2017","On-tenure track, associate professors","7","5","2","0","0","0","2","2","0","3","1","2","0","0","0","0","0","0","1","1","0","0","0","0","0","0","0","1","1","0","-2"
"199157","North Carolina Central University","2017","On-tenure track, assistant professors","63","29","34","0","0","0","4","2","2","37","15","22","1","1","0","0","0","0","15","8","7","1","0","1","4","2","2","1","1","0","-2"
"199157","North Carolina Central University","2017","On-tenure track, lecturers","1","1","0","0","0","0","0","0","0","1","1","0","0","0","0","0","0","0","0","0","0","0","0","0","0","0","0","0","0","0","-2"
"199157","North Carolina Central University","2017","On-tenure track, no academic rank","8","4","4","0","0","0","0","0","0","4","0","4","0","0","0","0","0","0","4","4","0","0","0","0","0","0","0","0","0","0","-2"
"199157","North Carolina Central University","2017","Not on tenure track/No tenure system system total","117","42","75","0","0","0","5","2","3","75","26","49","2","1","1","0","0","0","30","10","20","0","0","0","2","0","2","3","3","0","-2"
"199157","North Carolina Central University","2017","Not on tenure/no tenure system, professors","1","0","1","0","0","0","0","0","0","0","0","0","0","0","0","0","0","0","1","0","1","0","0","0","0","0","0","0","0","0","-2"
"199157","North Carolina Central University","2017","Not on tenure/no tenure system, associate professors","6","2","4","0","0","0","0","0","0","5","1","4","0","0","0","0","0","0","1","1","0","0","0","0","0","0","0","0","0","0","-2"
"199157","North Carolina Central University","2017","Not on tenure/no tenure system, assistant professors","16","7","9","0","0","0","0","0","0","7","3","4","1","1","0","0","0","0","6","2","4","0","0","0","1","0","1","1","1","0","-2"
"199157","North Carolina Central University","2017","Not on tenure/no tenure system, instructors","6","3","3","0","0","0","1","1","0","3","1","2","0","0","0","0","0","0","1","0","1","0","0","0","0","0","0","1","1","0","-2"
"199157","North Carolina Central University","2017","Not on tenure/no tenure system, lecturers","25","4","21","0","0","0","0","0","0","22","3","19","0","0","0","0","0","0","2","1","1","0","0","0","1","0","1","0","0","0","-2"
"199157","North Carolina Central University","2017","Not on tenure/no tenure system, no academic rank","63","26","37","0","0","0","4","1","3","38","18","20","1","0","1","0","0","0","19","6","13","0","0","0","0","0","0","1","1","0","-2"
"199193","North Carolina State University at Raleigh","2017","Tenured total","1052","766","286","1","1","0","126","103","23","38","22","16","41","20","21","1","1","0","812","595","217","7","6","1","21","13","8","5","5","0","-2"
"199193","North Carolina State University at Raleigh","2017","Tenured, professors","649","503","146","0","0","0","81","70","11","13","8","5","25","14","11","1","1","0","513","397","116","6","5","1","8","6","2","2","2","0","-2"
"199193","North Carolina State University at Raleigh","2017","Tenured, associate professors","403","263","140","1","1","0","45","33","12","25","14","11","16","6","10","0","0","0","299","198","101","1","1","0","13","7","6","3","3","0","-2"
"199193","North Carolina State University at Raleigh","2017","On-Tenure track total","321","183","138","0","0","0","31","23","8","23","10","13","21","13","8","0","0","0","159","91","68","3","2","1","29","11","18","55","33","22","-2"
"199193","North Carolina State University at Raleigh","2017","On-tenure track, associate professors","27","17","10","0","0","0","4","4","0","0","0","0","1","0","1","0","0","0","16","11","5","1","0","1","3","0","3","2","2","0","-2"
"199193","North Carolina State University at Raleigh","2017","On-tenure track, assistant professors","293","166","127","0","0","0","27","19","8","22","10","12","20","13","7","0","0","0","143","80","63","2","2","0","26","11","15","53","31","22","-2"
"199193","North Carolina State University at Raleigh","2017","On-tenure track, instructors","1","0","1","0","0","0","0","0","0","1","0","1","0","0","0","0","0","0","0","0","0","0","0","0","0","0","0","0","0","0","-2"
"199193","North Carolina State University at Raleigh","2017","Not on tenure track/No tenure system system total","348","152","196","0","0","0","16","4","12","12","5","7","14","8","6","0","0","0","279","121","158","1","0","1","20","11","9","6","3","3","-2"
"199193","North Carolina State University at Raleigh","2017","Not on tenure/no tenure system, professors","13","7","6","0","0","0","0","0","0","0","0","0","1","1","0","0","0","0","12","6","6","0","0","0","0","0","0","0","0","0","-2"
"199193","North Carolina State University at Raleigh","2017","Not on tenure/no tenure system, associate professors","54","25","29","0","0","0","4","1","3","2","1","1","3","1","2","0","0","0","44","21","23","0","0","0","1","1","0","0","0","0","-2"
"199193","North Carolina State University at Raleigh","2017","Not on tenure/no tenure system, assistant professors","97","34","63","0","0","0","6","1","5","2","0","2","4","2","2","0","0","0","76","26","50","0","0","0","6","3","3","3","2","1","-2"
"199193","North Carolina State University at Raleigh","2017","Not on tenure/no tenure system, lecturers","172","79","93","0","0","0","6","2","4","7","3","4","5","3","2","0","0","0","139","65","74","1","0","1","12","6","6","2","0","2","-2"
"199193","North Carolina State University at Raleigh","2017","Not on tenure/no tenure system, no academic rank","12","7","5","0","0","0","0","0","0","1","1","0","1","1","0","0","0","0","8","3","5","0","0","0","1","1","0","1","1","0","-2"
"199847","Wake Forest University","2017","Tenured total","528","345","183","1","1","0","36","28","8","19","13","6","25","14","11","0","0","0","435","279","156","1","1","0","5","5","0","6","4","2","-2"
"199847","Wake Forest University","2017","Tenured, professors","314","217","97","0","0","0","18","16","2","11","7","4","12","9","3","0","0","0","267","181","86","0","0","0","3","3","0","3","1","2","-2"
"199847","Wake Forest University","2017","Tenured, associate professors","180","102","78","1","1","0","17","11","6","6","4","2","13","5","8","0","0","0","137","75","62","1","1","0","2","2","0","3","3","0","-2"
"199847","Wake Forest University","2017","Tenured, assistant professors","1","1","0","0","0","0","0","0","0","0","0","0","0","0","0","0","0","0","1","1","0","0","0","0","0","0","0","0","0","0","-2"
"199847","Wake Forest University","2017","Tenured, no academic rank","33","25","8","0","0","0","1","1","0","2","2","0","0","0","0","0","0","0","30","22","8","0","0","0","0","0","0","0","0","0","-2"
"199847","Wake Forest University","2017","On-Tenure track total","163","87","76","0","0","0","23","16","7","10","3","7","6","3","3","1","1","0","108","54","54","1","1","0","4","2","2","10","7","3","-2"
"199847","Wake Forest University","2017","On-tenure track, professors","3","0","3","0","0","0","0","0","0","0","0","0","1","0","1","0","0","0","2","0","2","0","0","0","0","0","0","0","0","0","-2"
"199847","Wake Forest University","2017","On-tenure track, associate professors","14","10","4","0","0","0","4","4","0","0","0","0","0","0","0","0","0","0","8","4","4","1","1","0","0","0","0","1","1","0","-2"
"199847","Wake Forest University","2017","On-tenure track, assistant professors","145","77","68","0","0","0","18","12","6","10","3","7","5","3","2","1","1","0","98","50","48","0","0","0","4","2","2","9","6","3","-2"
"199847","Wake Forest University","2017","On-tenure track, instructors","1","0","1","0","0","0","1","0","1","0","0","0","0","0","0","0","0","0","0","0","0","0","0","0","0","0","0","0","0","0","-2"
"199847","Wake Forest University","2017","Not on tenure track/No tenure system system total","1133","660","473","6","4","2","147","94","53","53","16","37","30","14","16","2","0","2","848","509","339","8","3","5","7","0","7","32","20","12","-2"
"199847","Wake Forest University","2017","Not on tenure/no tenure system, professors","127","100","27","0","0","0","14","13","1","1","1","0","1","0","1","0","0","0","108","83","25","0","0","0","0","0","0","3","3","0","-2"
"199847","Wake Forest University","2017","Not on tenure/no tenure system, associate professors","223","144","79","1","0","1","23","14","9","9","3","6","6","3","3","0","0","0","181","122","59","1","0","1","0","0","0","2","2","0","-2"
"199847","Wake Forest University","2017","Not on tenure/no tenure system, assistant professors","473","248","225","3","3","0","80","47","33","23","8","15","12","7","5","2","0","2","336","175","161","6","3","3","4","0","4","7","5","2","-2"
"199847","Wake Forest University","2017","Not on tenure/no tenure system, instructors","214","102","112","1","1","0","18","10","8","13","3","10","8","2","6","0","0","0","153","77","76","0","0","0","2","0","2","19","9","10","-2"
"199847","Wake Forest University","2017","Not on tenure/no tenure system, lecturers","40","27","13","0","0","0","9","7","2","2","0","2","3","2","1","0","0","0","24","17","7","1","0","1","0","0","0","1","1","0","-2"
"199847","Wake Forest University","2017","Not on tenure/no tenure system, no academic rank","56","39","17","1","0","1","3","3","0","5","1","4","0","0","0","0","0","0","46","35","11","0","0","0","1","0","1","0","0","0","-2"
"200280","University of North Dakota","2017","Tenured total","328","223","105","2","1","1","15","11","4","4","3","1","2","1","1","0","0","0","242","161","81","4","1","3","3","3","0","56","42","14","-2"
"200280","University of North Dakota","2017","Tenured, professors","160","113","47","1","1","0","11","10","1","2","2","0","0","0","0","0","0","0","126","85","41","1","1","0","2","2","0","17","12","5","-2"
"200280","University of North Dakota","2017","Tenured, associate professors","163","106","57","1","0","1","4","1","3","2","1","1","1","0","1","0","0","0","112","73","39","3","0","3","1","1","0","39","30","9","-2"
"200280","University of North Dakota","2017","Tenured, assistant professors","5","4","1","0","0","0","0","0","0","0","0","0","1","1","0","0","0","0","4","3","1","0","0","0","0","0","0","0","0","0","-2"
"200280","University of North Dakota","2017","On-Tenure track total","88","57","31","0","0","0","8","7","1","0","0","0","0","0","0","0","0","0","51","29","22","0","0","0","2","2","0","27","19","8","-2"
"200280","University of North Dakota","2017","On-tenure track, associate professors","6","3","3","0","0","0","0","0","0","0","0","0","0","0","0","0","0","0","5","2","3","0","0","0","0","0","0","1","1","0","-2"
"200280","University of North Dakota","2017","On-tenure track, assistant professors","82","54","28","0","0","0","8","7","1","0","0","0","0","0","0","0","0","0","46","27","19","0","0","0","2","2","0","26","18","8","-2"
"200280","University of North Dakota","2017","Not on tenure track/No tenure system system total","295","144","151","4","1","3","10","3","7","5","3","2","2","0","2","0","0","0","233","109","124","6","2","4","1","1","0","34","25","9","-2"
"200280","University of North Dakota","2017","Not on tenure/no tenure system, professors","7","3","4","0","0","0","0","0","0","0","0","0","0","0","0","0","0","0","6","3","3","1","0","1","0","0","0","0","0","0","-2"
"200280","University of North Dakota","2017","Not on tenure/no tenure system, associate professors","44","19","25","1","0","1","1","1","0","0","0","0","0","0","0","0","0","0","39","15","24","1","1","0","1","1","0","1","1","0","-2"
"200280","University of North Dakota","2017","Not on tenure/no tenure system, assistant professors","95","36","59","2","1","1","7","2","5","4","3","1","1","0","1","0","0","0","73","25","48","2","1","1","0","0","0","6","4","2","-2"
"200280","University of North Dakota","2017","Not on tenure/no tenure system, instructors","65","26","39","1","0","1","2","0","2","1","0","1","0","0","0","0","0","0","56","24","32","1","0","1","0","0","0","4","2","2","-2"
"200280","University of North Dakota","2017","Not on tenure/no tenure system, lecturers","57","41","16","0","0","0","0","0","0","0","0","0","1","0","1","0","0","0","50","38","12","1","0","1","0","0","0","5","3","2","-2"
"200280","University of North Dakota","2017","Not on tenure/no tenure system, no academic rank","27","19","8","0","0","0","0","0","0","0","0","0","0","0","0","0","0","0","9","4","5","0","0","0","0","0","0","18","15","3","-2"
"201885","University of Cincinnati-Main Campus","2017","Tenured total","749","492","257","1","1","0","120","85","35","25","12","13","19","10","9","1","0","1","569","373","196","1","1","0","1","0","1","12","10","2","-2"
"201885","University of Cincinnati-Main Campus","2017","Tenured, professors","419","310","109","0","0","0","74","62","12","11","8","3","8","6","2","0","0","0","323","232","91","0","0","0","0","0","0","3","2","1","-2"
"201885","University of Cincinnati-Main Campus","2017","Tenured, associate professors","327","180","147","1","1","0","46","23","23","14","4","10","11","4","7","1","0","1","243","139","104","1","1","0","1","0","1","9","8","1","-2"
"201885","University of Cincinnati-Main Campus","2017","Tenured, assistant professors","3","2","1","0","0","0","0","0","0","0","0","0","0","0","0","0","0","0","3","2","1","0","0","0","0","0","0","0","0","0","-2"
"201885","University of Cincinnati-Main Campus","2017","On-Tenure track total","260","153","107","0","0","0","37","25","12","24","9","15","12","8","4","0","0","0","143","78","65","2","1","1","1","1","0","41","31","10","-2"
"201885","University of Cincinnati-Main Campus","2017","On-tenure track, professors","5","2","3","0","0","0","0","0","0","0","0","0","0","0","0","0","0","0","5","2","3","0","0","0","0","0","0","0","0","0","-2"
"201885","University of Cincinnati-Main Campus","2017","On-tenure track, associate professors","20","12","8","0","0","0","4","4","0","2","1","1","2","0","2","0","0","0","11","6","5","0","0","0","0","0","0","1","1","0","-2"
"201885","University of Cincinnati-Main Campus","2017","On-tenure track, assistant professors","235","139","96","0","0","0","33","21","12","22","8","14","10","8","2","0","0","0","127","70","57","2","1","1","1","1","0","40","30","10","-2"
"201885","University of Cincinnati-Main Campus","2017","Not on tenure track/No tenure system system total","1156","587","569","1","1","0","118","60","58","49","26","23","24","9","15","0","0","0","873","437","436","10","7","3","17","12","5","64","35","29","-2"
"201885","University of Cincinnati-Main Campus","2017","Not on tenure/no tenure system, professors","145","86","59","0","0","0","16","11","5","5","4","1","2","1","1","0","0","0","118","68","50","0","0","0","0","0","0","4","2","2","-2"
"201885","University of Cincinnati-Main Campus","2017","Not on tenure/no tenure system, associate professors","265","144","121","1","1","0","33","14","19","14","8","6","7","3","4","0","0","0","207","117","90","0","0","0","0","0","0","3","1","2","-2"
"201885","University of Cincinnati-Main Campus","2017","Not on tenure/no tenure system, assistant professors","584","292","292","0","0","0","62","33","29","27","14","13","10","3","7","0","0","0","412","200","212","7","5","2","13","8","5","53","29","24","-2"
"201885","University of Cincinnati-Main Campus","2017","Not on tenure/no tenure system, instructors","162","65","97","0","0","0","7","2","5","3","0","3","5","2","3","0","0","0","136","52","84","3","2","1","4","4","0","4","3","1","-2"
"204796","Ohio State University-Main Campus","2017","Tenured total","1824","1200","624","2","1","1","249","186","63","64","35","29","62","40","22","0","0","0","1311","849","462","14","9","5","66","44","22","56","36","20","-2"
"204796","Ohio State University-Main Campus","2017","Tenured, professors","1036","754","282","1","0","1","135","114","21","23","16","7","30","21","9","0","0","0","767","546","221","10","7","3","35","25","10","35","25","10","-2"
"204796","Ohio State University-Main Campus","2017","Tenured, associate professors","769","437","332","1","1","0","114","72","42","39","19","20","32","19","13","0","0","0","527","294","233","4","2","2","31","19","12","21","11","10","-2"
"204796","Ohio State University-Main Campus","2017","Tenured, assistant professors","18","9","9","0","0","0","0","0","0","2","0","2","0","0","0","0","0","0","16","9","7","0","0","0","0","0","0","0","0","0","-2"
"204796","Ohio State University-Main Campus","2017","Tenured, instructors","1","0","1","0","0","0","0","0","0","0","0","0","0","0","0","0","0","0","1","0","1","0","0","0","0","0","0","0","0","0","-2"
"204796","Ohio State University-Main Campus","2017","On-Tenure track total","631","346","285","1","0","1","98","61","37","29","20","9","29","11","18","1","1","0","336","179","157","9","1","8","49","17","32","79","56","23","-2"
"204796","Ohio State University-Main Campus","2017","On-tenure track, professors","3","2","1","0","0","0","1","1","0","0","0","0","0","0","0","0","0","0","1","0","1","0","0","0","0","0","0","1","1","0","-2"
"204796","Ohio State University-Main Campus","2017","On-tenure track, associate professors","20","15","5","0","0","0","4","3","1","1","1","0","1","0","1","0","0","0","11","8","3","0","0","0","0","0","0","3","3","0","-2"
"204796","Ohio State University-Main Campus","2017","On-tenure track, assistant professors","599","326","273","1","0","1","92","57","35","28","19","9","27","11","16","1","1","0","319","169","150","9","1","8","48","17","31","74","51","23","-2"
"204796","Ohio State University-Main Campus","2017","On-tenure track, instructors","9","3","6","0","0","0","1","0","1","0","0","0","1","0","1","0","0","0","5","2","3","0","0","0","1","0","1","1","1","0","-2"
"204796","Ohio State University-Main Campus","2017","Not on tenure track/No tenure system system total","1453","750","703","1","0","1","213","93","120","58","28","30","46","27","19","1","1","0","982","509","473","7","3","4","74","48","26","71","41","30","-2"
"204796","Ohio State University-Main Campus","2017","Not on tenure/no tenure system, professors","161","106","55","0","0","0","14","9","5","6","2","4","5","4","1","1","1","0","123","79","44","0","0","0","8","7","1","4","4","0","-2"
"204796","Ohio State University-Main Campus","2017","Not on tenure/no tenure system, associate professors","317","186","131","1","0","1","32","23","9","10","5","5","11","6","5","0","0","0","236","130","106","1","0","1","14","13","1","12","9","3","-2"
"204796","Ohio State University-Main Campus","2017","Not on tenure/no tenure system, assistant professors","972","457","515","0","0","0","167","61","106","42","21","21","30","17","13","0","0","0","620","299","321","6","3","3","52","28","24","55","28","27","-2"
"204796","Ohio State University-Main Campus","2017","Not on tenure/no tenure system, instructors","3","1","2","0","0","0","0","0","0","0","0","0","0","0","0","0","0","0","3","1","2","0","0","0","0","0","0","0","0","0","-2"
"204857","Ohio University-Main Campus","2017","Tenured total","536","350","186","2","1","1","56","43","13","27","17","10","25","15","10","0","0","0","407","263","144","5","2","3","12","7","5","2","2","0","-2"
"204857","Ohio University-Main Campus","2017","Tenured, professors","248","171","77","1","1","0","23","20","3","9","6","3","13","7","6","0","0","0","197","134","63","2","1","1","3","2","1","0","0","0","-2"
"204857","Ohio University-Main Campus","2017","Tenured, associate professors","285","177","108","1","0","1","33","23","10","18","11","7","12","8","4","0","0","0","207","127","80","3","1","2","9","5","4","2","2","0","-2"
"204857","Ohio University-Main Campus","2017","Tenured, assistant professors","3","2","1","0","0","0","0","0","0","0","0","0","0","0","0","0","0","0","3","2","1","0","0","0","0","0","0","0","0","0","-2"
"204857","Ohio University-Main Campus","2017","On-Tenure track total","221","130","91","2","1","1","24","12","12","9","3","6","7","5","2","0","0","0","139","86","53","4","1","3","19","12","7","17","10","7","-2"
"204857","Ohio University-Main Campus","2017","On-tenure track, associate professors","14","11","3","0","0","0","4","2","2","0","0","0","0","0","0","0","0","0","9","8","1","0","0","0","1","1","0","0","0","0","-2"
"204857","Ohio University-Main Campus","2017","On-tenure track, assistant professors","207","119","88","2","1","1","20","10","10","9","3","6","7","5","2","0","0","0","130","78","52","4","1","3","18","11","7","17","10","7","-2"
"204857","Ohio University-Main Campus","2017","Not on tenure track/No tenure system system total","317","137","180","0","0","0","16","5","11","8","4","4","8","4","4","0","0","0","251","104","147","2","2","0","25","13","12","7","5","2","-2"
"204857","Ohio University-Main Campus","2017","Not on tenure/no tenure system, professors","1","1","0","0","0","0","0","0","0","0","0","0","0","0","0","0","0","0","1","1","0","0","0","0","0","0","0","0","0","0","-2"
"204857","Ohio University-Main Campus","2017","Not on tenure/no tenure system, associate professors","2","1","1","0","0","0","1","1","0","0","0","0","0","0","0","0","0","0","1","0","1","0","0","0","0","0","0","0","0","0","-2"
"204857","Ohio University-Main Campus","2017","Not on tenure/no tenure system, assistant professors","45","25","20","0","0","0","4","0","4","1","1","0","1","1","0","0","0","0","34","19","15","0","0","0","2","1","1","3","3","0","-2"
"204857","Ohio University-Main Campus","2017","Not on tenure/no tenure system, instructors","12","6","6","0","0","0","1","0","1","0","0","0","0","0","0","0","0","0","11","6","5","0","0","0","0","0","0","0","0","0","-2"
"204857","Ohio University-Main Campus","2017","Not on tenure/no tenure system, lecturers","177","66","111","0","0","0","7","2","5","6","2","4","5","1","4","0","0","0","134","48","86","2","2","0","19","9","10","4","2","2","-2"
"204857","Ohio University-Main Campus","2017","Not on tenure/no tenure system, no academic rank","80","38","42","0","0","0","3","2","1","1","1","0","2","2","0","0","0","0","70","30","40","0","0","0","4","3","1","0","0","0","-2"
"207500","University of Oklahoma-Norman Campus","2017","Tenured total","647","453","194","14","8","6","59","46","13","10","5","5","16","12","4","0","0","0","492","340","152","4","2","2","18","14","4","34","26","8","-2"
"207500","University of Oklahoma-Norman Campus","2017","Tenured, professors","364","272","92","7","3","4","45","37","8","5","2","3","8","7","1","0","0","0","280","207","73","2","1","1","4","4","0","13","11","2","-2"
"207500","University of Oklahoma-Norman Campus","2017","Tenured, associate professors","283","181","102","7","5","2","14","9","5","5","3","2","8","5","3","0","0","0","212","133","79","2","1","1","14","10","4","21","15","6","-2"
"207500","University of Oklahoma-Norman Campus","2017","On-Tenure track total","259","145","114","3","2","1","38","21","17","8","4","4","8","4","4","0","0","0","154","82","72","6","2","4","7","4","3","35","26","9","-2"
"207500","University of Oklahoma-Norman Campus","2017","On-tenure track, associate professors","12","5","7","1","0","1","4","2","2","1","0","1","0","0","0","0","0","0","5","3","2","0","0","0","0","0","0","1","0","1","-2"
"207500","University of Oklahoma-Norman Campus","2017","On-tenure track, assistant professors","247","140","107","2","2","0","34","19","15","7","4","3","8","4","4","0","0","0","149","79","70","6","2","4","7","4","3","34","26","8","-2"
"207500","University of Oklahoma-Norman Campus","2017","Not on tenure track/No tenure system system total","299","150","149","16","10","6","7","2","5","5","4","1","12","0","12","1","0","1","220","113","107","6","4","2","6","5","1","26","12","14","-2"
"207500","University of Oklahoma-Norman Campus","2017","Not on tenure/no tenure system, professors","12","8","4","0","0","0","1","1","0","0","0","0","0","0","0","0","0","0","7","5","2","1","1","0","0","0","0","3","1","2","-2"
"207500","University of Oklahoma-Norman Campus","2017","Not on tenure/no tenure system, associate professors","21","11","10","0","0","0","1","0","1","0","0","0","0","0","0","1","0","1","18","10","8","0","0","0","0","0","0","1","1","0","-2"
"207500","University of Oklahoma-Norman Campus","2017","Not on tenure/no tenure system, assistant professors","63","36","27","3","2","1","1","1","0","1","0","1","1","0","1","0","0","0","52","31","21","1","0","1","2","2","0","2","0","2","-2"
"207500","University of Oklahoma-Norman Campus","2017","Not on tenure/no tenure system, instructors","106","45","61","9","6","3","4","0","4","3","3","0","9","0","9","0","0","0","73","34","39","2","1","1","2","1","1","4","0","4","-2"
"207500","University of Oklahoma-Norman Campus","2017","Not on tenure/no tenure system, lecturers","97","50","47","4","2","2","0","0","0","1","1","0","2","0","2","0","0","0","70","33","37","2","2","0","2","2","0","16","10","6","-2"
"207971","University of Tulsa","2017","Tenured total","194","155","39","6","4","2","14","14","0","2","1","1","3","3","0","0","0","0","160","126","34","0","0","0","0","0","0","9","7","2","-2"
"207971","University of Tulsa","2017","Tenured, professors","114","93","21","4","3","1","10","10","0","2","1","1","2","2","0","0","0","0","95","76","19","0","0","0","0","0","0","1","1","0","-2"
"207971","University of Tulsa","2017","Tenured, associate professors","80","62","18","2","1","1","4","4","0","0","0","0","1","1","0","0","0","0","65","50","15","0","0","0","0","0","0","8","6","2","-2"
"207971","University of Tulsa","2017","On-Tenure track total","61","38","23","1","0","1","13","6","7","2","1","1","2","1","1","0","0","0","40","27","13","1","1","0","0","0","0","2","2","0","-2"
"207971","University of Tulsa","2017","On-tenure track, associate professors","5","4","1","0","0","0","0","0","0","0","0","0","0","0","0","0","0","0","5","4","1","0","0","0","0","0","0","0","0","0","-2"
"207971","University of Tulsa","2017","On-tenure track, assistant professors","56","34","22","1","0","1","13","6","7","2","1","1","2","1","1","0","0","0","35","23","12","1","1","0","0","0","0","2","2","0","-2"
"207971","University of Tulsa","2017","Not on tenure track/No tenure system system total","95","38","57","6","1","5","3","2","1","2","0","2","5","0","5","0","0","0","77","34","43","2","1","1","0","0","0","0","0","0","-2"
"207971","University of Tulsa","2017","Not on tenure/no tenure system, professors","9","4","5","1","0","1","0","0","0","0","0","0","1","0","1","0","0","0","7","4","3","0","0","0","0","0","0","0","0","0","-2"
"207971","University of Tulsa","2017","Not on tenure/no tenure system, associate professors","21","9","12","2","0","2","0","0","0","0","0","0","0","0","0","0","0","0","19","9","10","0","0","0","0","0","0","0","0","0","-2"
"207971","University of Tulsa","2017","Not on tenure/no tenure system, assistant professors","39","14","25","1","1","0","2","1","1","1","0","1","0","0","0","0","0","0","35","12","23","0","0","0","0","0","0","0","0","0","-2"
"207971","University of Tulsa","2017","Not on tenure/no tenure system, instructors","26","11","15","2","0","2","1","1","0","1","0","1","4","0","4","0","0","0","16","9","7","2","1","1","0","0","0","0","0","0","-2"
"209542","Oregon State University","2017","Tenured total","614","420","194","2","1","1","83","58","25","7","5","2","35","23","12","1","1","0","444","304","140","3","2","1","29","19","10","10","7","3","209542"
"209542","Oregon State University","2017","Tenured, professors","350","262","88","0","0","0","39","34","5","5","3","2","12","10","2","1","1","0","272","201","71","0","0","0","17","10","7","4","3","1","209542"
"209542","Oregon State University","2017","Tenured, associate professors","258","156","102","2","1","1","43","24","19","2","2","0","20","12","8","0","0","0","170","102","68","3","2","1","12","9","3","6","4","2","209542"
"209542","Oregon State University","2017","Tenured, assistant professors","1","1","0","0","0","0","0","0","0","0","0","0","1","1","0","0","0","0","0","0","0","0","0","0","0","0","0","0","0","0","209542"
"209542","Oregon State University","2017","Tenured, instructors","5","1","4","0","0","0","1","0","1","0","0","0","2","0","2","0","0","0","2","1","1","0","0","0","0","0","0","0","0","0","209542"
"209542","Oregon State University","2017","On-Tenure track total","300","180","120","2","2","0","26","23","3","1","0","1","14","10","4","0","0","0","152","78","74","5","3","2","45","28","17","55","36","19","209542"
"209542","Oregon State University","2017","On-tenure track, associate professors","14","9","5","0","0","0","0","0","0","0","0","0","0","0","0","0","0","0","13","8","5","0","0","0","1","1","0","0","0","0","209542"
"209542","Oregon State University","2017","On-tenure track, assistant professors","285","170","115","2","2","0","26","23","3","1","0","1","14","10","4","0","0","0","138","69","69","5","3","2","44","27","17","55","36","19","209542"
"209542","Oregon State University","2017","On-tenure track, instructors","1","1","0","0","0","0","0","0","0","0","0","0","0","0","0","0","0","0","1","1","0","0","0","0","0","0","0","0","0","0","209542"
"209542","Oregon State University","2017","Not on tenure track/No tenure system system total","451","216","235","3","1","2","18","9","9","5","3","2","21","11","10","0","0","0","354","172","182","10","1","9","22","8","14","18","11","7","209542"
"209542","Oregon State University","2017","Not on tenure/no tenure system, professors","8","5","3","0","0","0","1","1","0","0","0","0","1","1","0","0","0","0","6","3","3","0","0","0","0","0","0","0","0","0","209542"
"209542","Oregon State University","2017","Not on tenure/no tenure system, associate professors","18","10","8","0","0","0","2","1","1","0","0","0","2","1","1","0","0","0","14","8","6","0","0","0","0","0","0","0","0","0","209542"
"209542","Oregon State University","2017","Not on tenure/no tenure system, assistant professors","44","22","22","0","0","0","3","2","1","1","1","0","1","1","0","0","0","0","29","14","15","2","0","2","4","2","2","4","2","2","209542"
"209542","Oregon State University","2017","Not on tenure/no tenure system, instructors","381","179","202","3","1","2","12","5","7","4","2","2","17","8","9","0","0","0","305","147","158","8","1","7","18","6","12","14","9","5","209542"
"211361","California University of Pennsylvania","2017","Tenured total","162","89","73","0","0","0","7","5","2","10","5","5","1","1","0","0","0","0","143","78","65","1","0","1","0","0","0","0","0","0","-2"
"211361","California University of Pennsylvania","2017","Tenured, professors","93","52","41","0","0","0","4","4","0","5","2","3","0","0","0","0","0","0","83","46","37","1","0","1","0","0","0","0","0","0","-2"
"211361","California University of Pennsylvania","2017","Tenured, associate professors","53","30","23","0","0","0","3","1","2","3","2","1","0","0","0","0","0","0","47","27","20","0","0","0","0","0","0","0","0","0","-2"
"211361","California University of Pennsylvania","2017","Tenured, assistant professors","15","7","8","0","0","0","0","0","0","2","1","1","1","1","0","0","0","0","12","5","7","0","0","0","0","0","0","0","0","0","-2"
"211361","California University of Pennsylvania","2017","Tenured, instructors","1","0","1","0","0","0","0","0","0","0","0","0","0","0","0","0","0","0","1","0","1","0","0","0","0","0","0","0","0","0","-2"
"211361","California University of Pennsylvania","2017","On-Tenure track total","67","27","40","0","0","0","5","1","4","7","2","5","2","2","0","0","0","0","52","21","31","0","0","0","0","0","0","1","1","0","-2"
"211361","California University of Pennsylvania","2017","On-tenure track, associate professors","22","8","14","0","0","0","2","0","2","2","0","2","1","1","0","0","0","0","17","7","10","0","0","0","0","0","0","0","0","0","-2"
"211361","California University of Pennsylvania","2017","On-tenure track, assistant professors","44","19","25","0","0","0","3","1","2","5","2","3","1","1","0","0","0","0","34","14","20","0","0","0","0","0","0","1","1","0","-2"
"211361","California University of Pennsylvania","2017","On-tenure track, instructors","1","0","1","0","0","0","0","0","0","0","0","0","0","0","0","0","0","0","1","0","1","0","0","0","0","0","0","0","0","0","-2"
"211361","California University of Pennsylvania","2017","Not on tenure track/No tenure system system total","31","10","21","0","0","0","0","0","0","2","1","1","1","0","1","0","0","0","28","9","19","0","0","0","0","0","0","0","0","0","-2"
"211361","California University of Pennsylvania","2017","Not on tenure/no tenure system, assistant professors","11","4","7","0","0","0","0","0","0","2","1","1","0","0","0","0","0","0","9","3","6","0","0","0","0","0","0","0","0","0","-2"
"211361","California University of Pennsylvania","2017","Not on tenure/no tenure system, instructors","20","6","14","0","0","0","0","0","0","0","0","0","1","0","1","0","0","0","19","6","13","0","0","0","0","0","0","0","0","0","-2"
"212054","Drexel University","2017","Tenured total","465","297","168","1","1","0","78","55","23","20","14","6","12","6","6","0","0","0","325","206","119","3","1","2","17","11","6","9","3","6","-2"
"212054","Drexel University","2017","Tenured, professors","245","188","57","0","0","0","44","39","5","12","9","3","5","3","2","0","0","0","173","128","45","0","0","0","9","8","1","2","1","1","-2"
"212054","Drexel University","2017","Tenured, associate professors","218","109","109","1","1","0","33","16","17","8","5","3","7","3","4","0","0","0","151","78","73","3","1","2","8","3","5","7","2","5","-2"
"212054","Drexel University","2017","Tenured, assistant professors","2","0","2","0","0","0","1","0","1","0","0","0","0","0","0","0","0","0","1","0","1","0","0","0","0","0","0","0","0","0","-2"
"212054","Drexel University","2017","On-Tenure track total","218","131","87","0","0","0","22","16","6","13","8","5","10","8","2","1","0","1","132","75","57","4","1","3","9","5","4","27","18","9","-2"
"212054","Drexel University","2017","On-tenure track, professors","24","20","4","0","0","0","2","2","0","0","0","0","1","1","0","0","0","0","21","17","4","0","0","0","0","0","0","0","0","0","-2"
"212054","Drexel University","2017","On-tenure track, associate professors","30","16","14","0","0","0","2","1","1","0","0","0","3","1","2","0","0","0","25","14","11","0","0","0","0","0","0","0","0","0","-2"
"212054","Drexel University","2017","On-tenure track, assistant professors","164","95","69","0","0","0","18","13","5","13","8","5","6","6","0","1","0","1","86","44","42","4","1","3","9","5","4","27","18","9","-2"
"212054","Drexel University","2017","Not on tenure track/No tenure system system total","753","340","413","1","0","1","74","32","42","36","14","22","19","13","6","1","1","0","562","244","318","7","3","4","15","9","6","38","24","14","-2"
"212054","Drexel University","2017","Not on tenure/no tenure system, instructors","753","340","413","1","0","1","74","32","42","36","14","22","19","13","6","1","1","0","562","244","318","7","3","4","15","9","6","38","24","14","-2"
"213598","Lincoln University","2017","Tenured total","54","35","19","6","6","0","2","0","2","27","19","8","1","0","1","0","0","0","18","10","8","0","0","0","0","0","0","0","0","0","-2"
"213598","Lincoln University","2017","Tenured, professors","27","21","6","1","1","0","0","0","0","17","14","3","0","0","0","0","0","0","9","6","3","0","0","0","0","0","0","0","0","0","-2"
"213598","Lincoln University","2017","Tenured, associate professors","27","14","13","5","5","0","2","0","2","10","5","5","1","0","1","0","0","0","9","4","5","0","0","0","0","0","0","0","0","0","-2"
"213598","Lincoln University","2017","On-Tenure track total","36","19","17","0","0","0","2","2","0","14","7","7","0","0","0","0","0","0","12","6","6","2","1","1","6","3","3","0","0","0","-2"
"213598","Lincoln University","2017","On-tenure track, associate professors","2","1","1","0","0","0","1","1","0","0","0","0","0","0","0","0","0","0","1","0","1","0","0","0","0","0","0","0","0","0","-2"
"213598","Lincoln University","2017","On-tenure track, assistant professors","25","12","13","0","0","0","1","1","0","11","6","5","0","0","0","0","0","0","9","4","5","0","0","0","4","1","3","0","0","0","-2"
"213598","Lincoln University","2017","On-tenure track, instructors","2","2","0","0","0","0","0","0","0","0","0","0","0","0","0","0","0","0","1","1","0","1","1","0","0","0","0","0","0","0","-2"
"213598","Lincoln University","2017","On-tenure track, lecturers","7","4","3","0","0","0","0","0","0","3","1","2","0","0","0","0","0","0","1","1","0","1","0","1","2","2","0","0","0","0","-2"
"213598","Lincoln University","2017","Not on tenure track/No tenure system system total","7","4","3","0","0","0","0","0","0","2","0","2","0","0","0","0","0","0","2","1","1","0","0","0","3","3","0","0","0","0","-2"
"213598","Lincoln University","2017","Not on tenure/no tenure system, assistant professors","6","4","2","0","0","0","0","0","0","2","0","2","0","0","0","0","0","0","1","1","0","0","0","0","3","3","0","0","0","0","-2"
"213598","Lincoln University","2017","Not on tenure/no tenure system, lecturers","1","0","1","0","0","0","0","0","0","0","0","0","0","0","0","0","0","0","1","0","1","0","0","0","0","0","0","0","0","0","-2"
"214041","Millersville University of Pennsylvania","2017","Tenured total","226","123","103","0","0","0","18","11","7","12","7","5","13","4","9","0","0","0","181","99","82","1","1","0","1","1","0","0","0","0","-2"
"214041","Millersville University of Pennsylvania","2017","Tenured, professors","93","53","40","0","0","0","8","6","2","6","3","3","3","0","3","0","0","0","76","44","32","0","0","0","0","0","0","0","0","0","-2"
"214041","Millersville University of Pennsylvania","2017","Tenured, associate professors","106","54","52","0","0","0","9","5","4","4","2","2","6","1","5","0","0","0","87","46","41","0","0","0","0","0","0","0","0","0","-2"
"214041","Millersville University of Pennsylvania","2017","Tenured, assistant professors","27","16","11","0","0","0","1","0","1","2","2","0","4","3","1","0","0","0","18","9","9","1","1","0","1","1","0","0","0","0","-2"
"214041","Millersville University of Pennsylvania","2017","On-Tenure track total","54","27","27","2","2","0","3","1","2","4","1","3","2","2","0","0","0","0","38","18","20","0","0","0","2","1","1","3","2","1","-2"
"214041","Millersville University of Pennsylvania","2017","On-tenure track, associate professors","3","1","2","0","0","0","1","0","1","0","0","0","0","0","0","0","0","0","2","1","1","0","0","0","0","0","0","0","0","0","-2"
"214041","Millersville University of Pennsylvania","2017","On-tenure track, assistant professors","50","26","24","2","2","0","2","1","1","4","1","3","2","2","0","0","0","0","35","17","18","0","0","0","2","1","1","3","2","1","-2"
"214041","Millersville University of Pennsylvania","2017","On-tenure track, instructors","1","0","1","0","0","0","0","0","0","0","0","0","0","0","0","0","0","0","1","0","1","0","0","0","0","0","0","0","0","0","-2"
"214041","Millersville University of Pennsylvania","2017","Not on tenure track/No tenure system system total","6","3","3","0","0","0","0","0","0","0","0","0","1","0","1","0","0","0","4","3","1","0","0","0","1","0","1","0","0","0","-2"
"214041","Millersville University of Pennsylvania","2017","Not on tenure/no tenure system, assistant professors","2","1","1","0","0","0","0","0","0","0","0","0","1","0","1","0","0","0","1","1","0","0","0","0","0","0","0","0","0","0","-2"
"214041","Millersville University of Pennsylvania","2017","Not on tenure/no tenure system, instructors","4","2","2","0","0","0","0","0","0","0","0","0","0","0","0","0","0","0","3","2","1","0","0","0","1","0","1","0","0","0","-2"
"214777","Pennsylvania State University-Main Campus","2017","Tenured total","1313","921","392","4","4","0","183","146","37","50","28","22","50","32","18","0","0","0","936","644","292","8","5","3","72","52","20","10","10","0","-2"
"214777","Pennsylvania State University-Main Campus","2017","Tenured, professors","813","625","188","3","3","0","117","100","17","21","16","5","23","18","5","0","0","0","599","448","151","4","3","1","41","32","9","5","5","0","-2"
"214777","Pennsylvania State University-Main Campus","2017","Tenured, associate professors","498","294","204","1","1","0","65","45","20","29","12","17","27","14","13","0","0","0","336","195","141","4","2","2","31","20","11","5","5","0","-2"
"214777","Pennsylvania State University-Main Campus","2017","Tenured, assistant professors","2","2","0","0","0","0","1","1","0","0","0","0","0","0","0","0","0","0","1","1","0","0","0","0","0","0","0","0","0","0","-2"
"214777","Pennsylvania State University-Main Campus","2017","On-Tenure track total","431","248","183","3","3","0","59","35","24","19","6","13","15","8","7","0","0","0","201","109","92","2","1","1","44","27","17","88","59","29","-2"
"214777","Pennsylvania State University-Main Campus","2017","On-tenure track, professors","1","1","0","0","0","0","0","0","0","0","0","0","0","0","0","0","0","0","1","1","0","0","0","0","0","0","0","0","0","0","-2"
"214777","Pennsylvania State University-Main Campus","2017","On-tenure track, associate professors","30","20","10","0","0","0","9","6","3","0","0","0","1","0","1","0","0","0","14","9","5","0","0","0","2","2","0","4","3","1","-2"
"214777","Pennsylvania State University-Main Campus","2017","On-tenure track, assistant professors","400","227","173","3","3","0","50","29","21","19","6","13","14","8","6","0","0","0","186","99","87","2","1","1","42","25","17","84","56","28","-2"
"214777","Pennsylvania State University-Main Campus","2017","Not on tenure track/No tenure system system total","1029","483","546","0","0","0","41","18","23","34","15","19","38","15","23","0","0","0","800","383","417","10","5","5","46","18","28","60","29","31","-2"
"214777","Pennsylvania State University-Main Campus","2017","Not on tenure/no tenure system, professors","38","33","5","0","0","0","0","0","0","1","1","0","0","0","0","0","0","0","33","28","5","0","0","0","3","3","0","1","1","0","-2"
"214777","Pennsylvania State University-Main Campus","2017","Not on tenure/no tenure system, associate professors","55","27","28","0","0","0","6","4","2","2","2","0","0","0","0","0","0","0","42","20","22","0","0","0","5","1","4","0","0","0","-2"
"214777","Pennsylvania State University-Main Campus","2017","Not on tenure/no tenure system, assistant professors","148","72","76","0","0","0","6","5","1","7","1","6","6","3","3","0","0","0","102","47","55","0","0","0","9","3","6","18","13","5","-2"
"214777","Pennsylvania State University-Main Campus","2017","Not on tenure/no tenure system, instructors","265","111","154","0","0","0","9","4","5","5","3","2","6","2","4","0","0","0","222","93","129","5","2","3","13","4","9","5","3","2","-2"
"214777","Pennsylvania State University-Main Campus","2017","Not on tenure/no tenure system, lecturers","523","240","283","0","0","0","20","5","15","19","8","11","26","10","16","0","0","0","401","195","206","5","3","2","16","7","9","36","12","24","-2"
"217156","Brown University","2017","Tenured total","532","385","147","0","0","0","59","41","18","20","15","5","18","14","4","0","0","0","415","297","118","5","3","2","4","4","0","11","11","0","-2"
"217156","Brown University","2017","Tenured, professors","397","297","100","0","0","0","41","34","7","11","9","2","11","8","3","0","0","0","320","234","86","4","2","2","2","2","0","8","8","0","-2"
"217156","Brown University","2017","Tenured, associate professors","135","88","47","0","0","0","18","7","11","9","6","3","7","6","1","0","0","0","95","63","32","1","1","0","2","2","0","3","3","0","-2"
"217156","Brown University","2017","On-Tenure track total","143","89","54","1","0","1","16","8","8","12","5","7","13","9","4","0","0","0","76","53","23","4","1","3","5","3","2","16","10","6","-2"
"217156","Brown University","2017","On-tenure track, associate professors","2","2","0","0","0","0","0","0","0","1","1","0","0","0","0","0","0","0","0","0","0","0","0","0","0","0","0","1","1","0","-2"
"217156","Brown University","2017","On-tenure track, assistant professors","141","87","54","1","0","1","16","8","8","11","4","7","13","9","4","0","0","0","76","53","23","4","1","3","5","3","2","15","9","6","-2"
"217156","Brown University","2017","Not on tenure track/No tenure system system total","176","73","103","0","0","0","13","2","11","6","3","3","6","1","5","0","0","0","107","45","62","4","2","2","17","9","8","23","11","12","-2"
"217156","Brown University","2017","Not on tenure/no tenure system, professors","8","7","1","0","0","0","0","0","0","0","0","0","0","0","0","0","0","0","8","7","1","0","0","0","0","0","0","0","0","0","-2"
"217156","Brown University","2017","Not on tenure/no tenure system, associate professors","3","1","2","0","0","0","1","0","1","0","0","0","0","0","0","0","0","0","2","1","1","0","0","0","0","0","0","0","0","0","-2"
"217156","Brown University","2017","Not on tenure/no tenure system, assistant professors","8","3","5","0","0","0","0","0","0","0","0","0","0","0","0","0","0","0","6","2","4","1","1","0","0","0","0","1","0","1","-2"
"217156","Brown University","2017","Not on tenure/no tenure system, lecturers","69","21","48","0","0","0","7","2","5","1","0","1","4","0","4","0","0","0","53","18","35","1","0","1","2","1","1","1","0","1","-2"
"217156","Brown University","2017","Not on tenure/no tenure system, no academic rank","88","41","47","0","0","0","5","0","5","5","3","2","2","1","1","0","0","0","38","17","21","2","1","1","15","8","7","21","11","10","-2"
"217484","University of Rhode Island","2017","Tenured total","405","244","161","2","1","1","49","36","13","12","6","6","13","7","6","0","0","0","326","192","134","0","0","0","0","0","0","3","2","1","-2"
"217484","University of Rhode Island","2017","Tenured, professors","271","180","91","1","1","0","31","26","5","6","5","1","6","5","1","0","0","0","227","143","84","0","0","0","0","0","0","0","0","0","-2"
"217484","University of Rhode Island","2017","Tenured, associate professors","134","64","70","1","0","1","18","10","8","6","1","5","7","2","5","0","0","0","99","49","50","0","0","0","0","0","0","3","2","1","-2"
"217484","University of Rhode Island","2017","On-Tenure track total","160","72","88","1","0","1","26","12","14","6","5","1","2","0","2","0","0","0","101","43","58","0","0","0","1","0","1","23","12","11","-2"
"217484","University of Rhode Island","2017","On-tenure track, professors","1","1","0","0","0","0","1","1","0","0","0","0","0","0","0","0","0","0","0","0","0","0","0","0","0","0","0","0","0","0","-2"
"217484","University of Rhode Island","2017","On-tenure track, associate professors","4","2","2","0","0","0","2","1","1","0","0","0","0","0","0","0","0","0","2","1","1","0","0","0","0","0","0","0","0","0","-2"
"217484","University of Rhode Island","2017","On-tenure track, assistant professors","155","69","86","1","0","1","23","10","13","6","5","1","2","0","2","0","0","0","99","42","57","0","0","0","1","0","1","23","12","11","-2"
"217484","University of Rhode Island","2017","Not on tenure track/No tenure system system total","192","68","124","0","0","0","8","0","8","5","5","0","7","3","4","0","0","0","163","59","104","0","0","0","1","0","1","8","1","7","-2"
"217484","University of Rhode Island","2017","Not on tenure/no tenure system, professors","9","4","5","0","0","0","0","0","0","0","0","0","0","0","0","0","0","0","9","4","5","0","0","0","0","0","0","0","0","0","-2"
"217484","University of Rhode Island","2017","Not on tenure/no tenure system, associate professors","17","2","15","0","0","0","0","0","0","0","0","0","1","0","1","0","0","0","16","2","14","0","0","0","0","0","0","0","0","0","-2"
"217484","University of Rhode Island","2017","Not on tenure/no tenure system, assistant professors","23","5","18","0","0","0","0","0","0","2","2","0","0","0","0","0","0","0","21","3","18","0","0","0","0","0","0","0","0","0","-2"
"217484","University of Rhode Island","2017","Not on tenure/no tenure system, lecturers","143","57","86","0","0","0","8","0","8","3","3","0","6","3","3","0","0","0","117","50","67","0","0","0","1","0","1","8","1","7","-2"
"217819","College of Charleston","2017","Tenured total","326","196","130","0","0","0","15","12","3","13","6","7","14","6","8","0","0","0","261","152","109","5","5","0","17","14","3","1","1","0","-2"
"217819","College of Charleston","2017","Tenured, professors","152","94","58","0","0","0","4","4","0","5","3","2","7","3","4","0","0","0","123","73","50","3","3","0","9","7","2","1","1","0","-2"
"217819","College of Charleston","2017","Tenured, associate professors","173","102","71","0","0","0","11","8","3","8","3","5","7","3","4","0","0","0","137","79","58","2","2","0","8","7","1","0","0","0","-2"
"217819","College of Charleston","2017","Tenured, assistant professors","1","0","1","0","0","0","0","0","0","0","0","0","0","0","0","0","0","0","1","0","1","0","0","0","0","0","0","0","0","0","-2"
"217819","College of Charleston","2017","On-Tenure track total","115","63","52","0","0","0","1","1","0","6","3","3","8","5","3","0","0","0","84","43","41","5","3","2","2","1","1","9","7","2","-2"
"217819","College of Charleston","2017","On-tenure track, professors","1","1","0","0","0","0","0","0","0","0","0","0","0","0","0","0","0","0","1","1","0","0","0","0","0","0","0","0","0","0","-2"
"217819","College of Charleston","2017","On-tenure track, assistant professors","114","62","52","0","0","0","1","1","0","6","3","3","8","5","3","0","0","0","83","42","41","5","3","2","2","1","1","9","7","2","-2"
"217819","College of Charleston","2017","Not on tenure track/No tenure system system total","81","33","48","0","0","0","2","2","0","2","0","2","5","2","3","1","1","0","66","26","40","1","0","1","1","1","0","3","1","2","-2"
"217819","College of Charleston","2017","Not on tenure/no tenure system, professors","1","1","0","0","0","0","0","0","0","0","0","0","0","0","0","0","0","0","1","1","0","0","0","0","0","0","0","0","0","0","-2"
"217819","College of Charleston","2017","Not on tenure/no tenure system, associate professors","3","1","2","0","0","0","0","0","0","1","0","1","0","0","0","0","0","0","2","1","1","0","0","0","0","0","0","0","0","0","-2"
"217819","College of Charleston","2017","Not on tenure/no tenure system, assistant professors","24","11","13","0","0","0","0","0","0","0","0","0","2","1","1","0","0","0","19","9","10","0","0","0","0","0","0","3","1","2","-2"
"217819","College of Charleston","2017","Not on tenure/no tenure system, instructors","53","20","33","0","0","0","2","2","0","1","0","1","3","1","2","1","1","0","44","15","29","1","0","1","1","1","0","0","0","0","-2"
"217873","Claflin University","2017","Tenured total","30","20","10","0","0","0","13","11","2","9","5","4","0","0","0","0","0","0","8","4","4","0","0","0","0","0","0","0","0","0","-2"
"217873","Claflin University","2017","Tenured, professors","14","10","4","0","0","0","7","6","1","5","3","2","0","0","0","0","0","0","2","1","1","0","0","0","0","0","0","0","0","0","-2"
"217873","Claflin University","2017","Tenured, associate professors","12","8","4","0","0","0","6","5","1","1","0","1","0","0","0","0","0","0","5","3","2","0","0","0","0","0","0","0","0","0","-2"
"217873","Claflin University","2017","Tenured, assistant professors","4","2","2","0","0","0","0","0","0","3","2","1","0","0","0","0","0","0","1","0","1","0","0","0","0","0","0","0","0","0","-2"
"217873","Claflin University","2017","On-Tenure track total","28","15","13","0","0","0","7","3","4","12","6","6","2","2","0","0","0","0","6","3","3","0","0","0","0","0","0","1","1","0","-2"
"217873","Claflin University","2017","On-tenure track, professors","2","0","2","0","0","0","0","0","0","2","0","2","0","0","0","0","0","0","0","0","0","0","0","0","0","0","0","0","0","0","-2"
"217873","Claflin University","2017","On-tenure track, associate professors","17","10","7","0","0","0","5","2","3","5","3","2","2","2","0","0","0","0","4","2","2","0","0","0","0","0","0","1","1","0","-2"
"217873","Claflin University","2017","On-tenure track, assistant professors","7","4","3","0","0","0","2","1","1","3","2","1","0","0","0","0","0","0","2","1","1","0","0","0","0","0","0","0","0","0","-2"
"217873","Claflin University","2017","On-tenure track, instructors","2","1","1","0","0","0","0","0","0","2","1","1","0","0","0","0","0","0","0","0","0","0","0","0","0","0","0","0","0","0","-2"
"217873","Claflin University","2017","Not on tenure track/No tenure system system total","69","28","41","0","0","0","4","4","0","39","13","26","1","0","1","1","0","1","17","8","9","0","0","0","3","2","1","4","1","3","-2"
"217873","Claflin University","2017","Not on tenure/no tenure system, professors","6","2","4","0","0","0","0","0","0","5","2","3","0","0","0","0","0","0","0","0","0","0","0","0","1","0","1","0","0","0","-2"
"217873","Claflin University","2017","Not on tenure/no tenure system, associate professors","9","5","4","0","0","0","0","0","0","5","2","3","0","0","0","0","0","0","2","2","0","0","0","0","1","1","0","1","0","1","-2"
"217873","Claflin University","2017","Not on tenure/no tenure system, assistant professors","34","15","19","0","0","0","3","3","0","14","4","10","1","0","1","1","0","1","11","6","5","0","0","0","1","1","0","3","1","2","-2"
"217873","Claflin University","2017","Not on tenure/no tenure system, instructors","19","6","13","0","0","0","1","1","0","14","5","9","0","0","0","0","0","0","4","0","4","0","0","0","0","0","0","0","0","0","-2"
"217873","Claflin University","2017","Not on tenure/no tenure system, lecturers","1","0","1","0","0","0","0","0","0","1","0","1","0","0","0","0","0","0","0","0","0","0","0","0","0","0","0","0","0","0","-2"
"217882","Clemson University","2017","Tenured total","613","441","172","0","0","0","76","61","15","18","13","5","11","7","4","1","1","0","502","355","147","1","0","1","4","4","0","0","0","0","-2"
"217882","Clemson University","2017","Tenured, professors","345","268","77","0","0","0","46","40","6","9","7","2","6","5","1","0","0","0","280","213","67","1","0","1","3","3","0","0","0","0","-2"
"217882","Clemson University","2017","Tenured, associate professors","266","171","95","0","0","0","30","21","9","9","6","3","5","2","3","1","1","0","220","140","80","0","0","0","1","1","0","0","0","0","-2"
"217882","Clemson University","2017","Tenured, assistant professors","2","2","0","0","0","0","0","0","0","0","0","0","0","0","0","0","0","0","2","2","0","0","0","0","0","0","0","0","0","0","-2"
"217882","Clemson University","2017","On-Tenure track total","297","172","125","0","0","0","59","36","23","15","8","7","19","12","7","1","0","1","191","110","81","0","0","0","11","5","6","1","1","0","-2"
"217882","Clemson University","2017","On-tenure track, professors","2","1","1","0","0","0","1","0","1","0","0","0","0","0","0","0","0","0","1","1","0","0","0","0","0","0","0","0","0","0","-2"
"217882","Clemson University","2017","On-tenure track, associate professors","21","14","7","0","0","0","4","2","2","2","1","1","0","0","0","1","0","1","13","10","3","0","0","0","1","1","0","0","0","0","-2"
"217882","Clemson University","2017","On-tenure track, assistant professors","274","157","117","0","0","0","54","34","20","13","7","6","19","12","7","0","0","0","177","99","78","0","0","0","10","4","6","1","1","0","-2"
"217882","Clemson University","2017","Not on tenure track/No tenure system system total","338","153","185","1","1","0","10","5","5","22","4","18","11","3","8","0","0","0","280","133","147","1","0","1","12","6","6","1","1","0","-2"
"217882","Clemson University","2017","Not on tenure/no tenure system, professors","1","1","0","0","0","0","0","0","0","0","0","0","0","0","0","0","0","0","1","1","0","0","0","0","0","0","0","0","0","0","-2"
"217882","Clemson University","2017","Not on tenure/no tenure system, assistant professors","1","1","0","0","0","0","0","0","0","0","0","0","1","1","0","0","0","0","0","0","0","0","0","0","0","0","0","0","0","0","-2"
"217882","Clemson University","2017","Not on tenure/no tenure system, instructors","3","0","3","0","0","0","0","0","0","0","0","0","0","0","0","0","0","0","3","0","3","0","0","0","0","0","0","0","0","0","-2"
"217882","Clemson University","2017","Not on tenure/no tenure system, lecturers","310","134","176","1","1","0","8","3","5","19","3","16","10","2","8","0","0","0","261","121","140","1","0","1","10","4","6","0","0","0","-2"
"217882","Clemson University","2017","Not on tenure/no tenure system, no academic rank","23","17","6","0","0","0","2","2","0","3","1","2","0","0","0","0","0","0","15","11","4","0","0","0","2","2","0","1","1","0","-2"
"218724","Coastal Carolina University","2017","Tenured total","192","120","72","1","1","0","11","7","4","10","4","6","5","4","1","0","0","0","165","104","61","0","0","0","0","0","0","0","0","0","-2"
"218724","Coastal Carolina University","2017","Tenured, professors","95","68","27","0","0","0","5","4","1","4","2","2","1","1","0","0","0","0","85","61","24","0","0","0","0","0","0","0","0","0","-2"
"218724","Coastal Carolina University","2017","Tenured, associate professors","94","51","43","0","0","0","6","3","3","5","2","3","4","3","1","0","0","0","79","43","36","0","0","0","0","0","0","0","0","0","-2"
"218724","Coastal Carolina University","2017","Tenured, assistant professors","3","1","2","1","1","0","0","0","0","1","0","1","0","0","0","0","0","0","1","0","1","0","0","0","0","0","0","0","0","0","-2"
"218724","Coastal Carolina University","2017","On-Tenure track total","131","75","56","0","0","0","8","7","1","10","4","6","1","1","0","0","0","0","111","62","49","0","0","0","1","1","0","0","0","0","-2"
"218724","Coastal Carolina University","2017","On-tenure track, associate professors","16","10","6","0","0","0","0","0","0","0","0","0","0","0","0","0","0","0","16","10","6","0","0","0","0","0","0","0","0","0","-2"
"218724","Coastal Carolina University","2017","On-tenure track, assistant professors","115","65","50","0","0","0","8","7","1","10","4","6","1","1","0","0","0","0","95","52","43","0","0","0","1","1","0","0","0","0","-2"
"218724","Coastal Carolina University","2017","Not on tenure track/No tenure system system total","126","63","63","0","0","0","1","1","0","3","0","3","4","2","2","0","0","0","116","60","56","1","0","1","1","0","1","0","0","0","-2"
"218724","Coastal Carolina University","2017","Not on tenure/no tenure system, assistant professors","6","4","2","0","0","0","0","0","0","0","0","0","0","0","0","0","0","0","6","4","2","0","0","0","0","0","0","0","0","0","-2"
"218724","Coastal Carolina University","2017","Not on tenure/no tenure system, instructors","9","6","3","0","0","0","0","0","0","0","0","0","2","2","0","0","0","0","7","4","3","0","0","0","0","0","0","0","0","0","-2"
"218724","Coastal Carolina University","2017","Not on tenure/no tenure system, lecturers","110","52","58","0","0","0","1","1","0","3","0","3","2","0","2","0","0","0","102","51","51","1","0","1","1","0","1","0","0","0","-2"
"218724","Coastal Carolina University","2017","Not on tenure/no tenure system, no academic rank","1","1","0","0","0","0","0","0","0","0","0","0","0","0","0","0","0","0","1","1","0","0","0","0","0","0","0","0","0","0","-2"
"219347","South Dakota School of Mines and Technology","2017","Tenured total","74","67","7","1","1","0","7","7","0","0","0","0","2","2","0","0","0","0","62","55","7","0","0","0","0","0","0","2","2","0","-2"
"219347","South Dakota School of Mines and Technology","2017","Tenured, professors","38","34","4","0","0","0","2","2","0","0","0","0","1","1","0","0","0","0","35","31","4","0","0","0","0","0","0","0","0","0","-2"
"219347","South Dakota School of Mines and Technology","2017","Tenured, associate professors","36","33","3","1","1","0","5","5","0","0","0","0","1","1","0","0","0","0","27","24","3","0","0","0","0","0","0","2","2","0","-2"
"219347","South Dakota School of Mines and Technology","2017","On-Tenure track total","41","26","15","0","0","0","4","3","1","1","1","0","0","0","0","0","0","0","31","19","12","0","0","0","0","0","0","5","3","2","-2"
"219347","South Dakota School of Mines and Technology","2017","On-tenure track, associate professors","3","2","1","0","0","0","0","0","0","0","0","0","0","0","0","0","0","0","3","2","1","0","0","0","0","0","0","0","0","0","-2"
"219347","South Dakota School of Mines and Technology","2017","On-tenure track, assistant professors","37","23","14","0","0","0","4","3","1","1","1","0","0","0","0","0","0","0","27","16","11","0","0","0","0","0","0","5","3","2","-2"
"219347","South Dakota School of Mines and Technology","2017","On-tenure track, lecturers","1","1","0","0","0","0","0","0","0","0","0","0","0","0","0","0","0","0","1","1","0","0","0","0","0","0","0","0","0","0","-2"
"219347","South Dakota School of Mines and Technology","2017","Not on tenure track/No tenure system system total","30","15","15","1","1","0","1","1","0","0","0","0","0","0","0","0","0","0","28","13","15","0","0","0","0","0","0","0","0","0","-2"
"219347","South Dakota School of Mines and Technology","2017","Not on tenure/no tenure system, professors","2","2","0","0","0","0","0","0","0","0","0","0","0","0","0","0","0","0","2","2","0","0","0","0","0","0","0","0","0","0","-2"
"219347","South Dakota School of Mines and Technology","2017","Not on tenure/no tenure system, associate professors","2","1","1","0","0","0","1","1","0","0","0","0","0","0","0","0","0","0","1","0","1","0","0","0","0","0","0","0","0","0","-2"
"219347","South Dakota School of Mines and Technology","2017","Not on tenure/no tenure system, assistant professors","4","2","2","0","0","0","0","0","0","0","0","0","0","0","0","0","0","0","4","2","2","0","0","0","0","0","0","0","0","0","-2"
"219347","South Dakota School of Mines and Technology","2017","Not on tenure/no tenure system, instructors","8","5","3","1","1","0","0","0","0","0","0","0","0","0","0","0","0","0","7","4","3","0","0","0","0","0","0","0","0","0","-2"
"219347","South Dakota School of Mines and Technology","2017","Not on tenure/no tenure system, lecturers","14","5","9","0","0","0","0","0","0","0","0","0","0","0","0","0","0","0","14","5","9","0","0","0","0","0","0","0","0","0","-2"
"221759","The University of Tennessee-Knoxville","2017","Tenured total","818","559","259","3","1","2","97","77","20","24","15","9","25","20","5","0","0","0","664","445","219","2","0","2","0","0","0","3","1","2","-2"
"221759","The University of Tennessee-Knoxville","2017","Tenured, professors","489","362","127","2","1","1","54","46","8","8","6","2","10","7","3","0","0","0","414","302","112","1","0","1","0","0","0","0","0","0","-2"
"221759","The University of Tennessee-Knoxville","2017","Tenured, associate professors","329","197","132","1","0","1","43","31","12","16","9","7","15","13","2","0","0","0","250","143","107","1","0","1","0","0","0","3","1","2","-2"
"221759","The University of Tennessee-Knoxville","2017","On-Tenure track total","313","168","145","1","1","0","25","13","12","27","13","14","18","10","8","0","0","0","207","111","96","4","1","3","0","0","0","31","19","12","-2"
"221759","The University of Tennessee-Knoxville","2017","On-tenure track, professors","7","6","1","0","0","0","1","1","0","1","0","1","0","0","0","0","0","0","5","5","0","0","0","0","0","0","0","0","0","0","-2"
"221759","The University of Tennessee-Knoxville","2017","On-tenure track, associate professors","28","12","16","0","0","0","4","3","1","1","0","1","1","0","1","0","0","0","20","8","12","1","0","1","0","0","0","1","1","0","-2"
"221759","The University of Tennessee-Knoxville","2017","On-tenure track, assistant professors","278","150","128","1","1","0","20","9","11","25","13","12","17","10","7","0","0","0","182","98","84","3","1","2","0","0","0","30","18","12","-2"
"221759","The University of Tennessee-Knoxville","2017","Not on tenure track/No tenure system system total","436","148","288","0","0","0","18","6","12","11","5","6","16","5","11","0","0","0","374","122","252","2","0","2","1","0","1","14","10","4","-2"
"221759","The University of Tennessee-Knoxville","2017","Not on tenure/no tenure system, professors","9","2","7","0","0","0","2","1","1","0","0","0","0","0","0","0","0","0","7","1","6","0","0","0","0","0","0","0","0","0","-2"
"221759","The University of Tennessee-Knoxville","2017","Not on tenure/no tenure system, associate professors","24","2","22","0","0","0","2","0","2","0","0","0","1","0","1","0","0","0","21","2","19","0","0","0","0","0","0","0","0","0","-2"
"221759","The University of Tennessee-Knoxville","2017","Not on tenure/no tenure system, assistant professors","68","16","52","0","0","0","3","2","1","2","0","2","1","1","0","0","0","0","59","12","47","0","0","0","0","0","0","3","1","2","-2"
"221759","The University of Tennessee-Knoxville","2017","Not on tenure/no tenure system, instructors","31","3","28","0","0","0","1","1","0","2","0","2","2","0","2","0","0","0","23","1","22","1","0","1","1","0","1","1","1","0","-2"
"221759","The University of Tennessee-Knoxville","2017","Not on tenure/no tenure system, lecturers","302","124","178","0","0","0","10","2","8","7","5","2","12","4","8","0","0","0","262","105","157","1","0","1","0","0","0","10","8","2","-2"
"221759","The University of Tennessee-Knoxville","2017","Not on tenure/no tenure system, no academic rank","2","1","1","0","0","0","0","0","0","0","0","0","0","0","0","0","0","0","2","1","1","0","0","0","0","0","0","0","0","0","-2"
"221768","The University of Tennessee-Martin","2017","Tenured total","153","98","55","0","0","0","3","2","1","9","5","4","2","1","1","0","0","0","139","90","49","0","0","0","0","0","0","0","0","0","-2"
"221768","The University of Tennessee-Martin","2017","Tenured, professors","79","53","26","0","0","0","1","0","1","5","2","3","1","1","0","0","0","0","72","50","22","0","0","0","0","0","0","0","0","0","-2"
"221768","The University of Tennessee-Martin","2017","Tenured, associate professors","61","39","22","0","0","0","1","1","0","4","3","1","1","0","1","0","0","0","55","35","20","0","0","0","0","0","0","0","0","0","-2"
"221768","The University of Tennessee-Martin","2017","Tenured, assistant professors","7","1","6","0","0","0","1","1","0","0","0","0","0","0","0","0","0","0","6","0","6","0","0","0","0","0","0","0","0","0","-2"
"221768","The University of Tennessee-Martin","2017","Tenured, instructors","6","5","1","0","0","0","0","0","0","0","0","0","0","0","0","0","0","0","6","5","1","0","0","0","0","0","0","0","0","0","-2"
"221768","The University of Tennessee-Martin","2017","On-Tenure track total","63","34","29","0","0","0","7","3","4","1","0","1","3","2","1","0","0","0","49","26","23","0","0","0","0","0","0","3","3","0","-2"
"221768","The University of Tennessee-Martin","2017","On-tenure track, associate professors","17","9","8","0","0","0","2","0","2","0","0","0","2","2","0","0","0","0","13","7","6","0","0","0","0","0","0","0","0","0","-2"
"221768","The University of Tennessee-Martin","2017","On-tenure track, assistant professors","45","25","20","0","0","0","5","3","2","1","0","1","1","0","1","0","0","0","35","19","16","0","0","0","0","0","0","3","3","0","-2"
"221768","The University of Tennessee-Martin","2017","On-tenure track, lecturers","1","0","1","0","0","0","0","0","0","0","0","0","0","0","0","0","0","0","1","0","1","0","0","0","0","0","0","0","0","0","-2"
"221768","The University of Tennessee-Martin","2017","Not on tenure track/No tenure system system total","69","22","47","0","0","0","1","0","1","4","0","4","1","1","0","0","0","0","61","21","40","0","0","0","0","0","0","2","0","2","-2"
"221768","The University of Tennessee-Martin","2017","Not on tenure/no tenure system, assistant professors","1","0","1","0","0","0","0","0","0","0","0","0","0","0","0","0","0","0","1","0","1","0","0","0","0","0","0","0","0","0","-2"
"221768","The University of Tennessee-Martin","2017","Not on tenure/no tenure system, instructors","4","1","3","0","0","0","0","0","0","1","0","1","0","0","0","0","0","0","3","1","2","0","0","0","0","0","0","0","0","0","-2"
"221768","The University of Tennessee-Martin","2017","Not on tenure/no tenure system, lecturers","64","21","43","0","0","0","1","0","1","3","0","3","1","1","0","0","0","0","57","20","37","0","0","0","0","0","0","2","0","2","-2"
"221838","Tennessee State University","2017","Tenured total","219","127","92","1","0","1","28","21","7","88","40","48","4","2","2","0","0","0","79","48","31","3","3","0","1","1","0","15","12","3","-2"
"221838","Tennessee State University","2017","Tenured, professors","104","68","36","0","0","0","21","17","4","39","21","18","3","1","2","0","0","0","35","23","12","2","2","0","0","0","0","4","4","0","-2"
"221838","Tennessee State University","2017","Tenured, associate professors","91","47","44","1","0","1","5","3","2","35","14","21","1","1","0","0","0","0","36","19","17","1","1","0","1","1","0","11","8","3","-2"
"221838","Tennessee State University","2017","Tenured, assistant professors","22","10","12","0","0","0","2","1","1","12","3","9","0","0","0","0","0","0","8","6","2","0","0","0","0","0","0","0","0","0","-2"
"221838","Tennessee State University","2017","Tenured, instructors","2","2","0","0","0","0","0","0","0","2","2","0","0","0","0","0","0","0","0","0","0","0","0","0","0","0","0","0","0","0","-2"
"221838","Tennessee State University","2017","On-Tenure track total","113","58","55","0","0","0","6","6","0","44","18","26","1","1","0","0","0","0","42","20","22","3","1","2","0","0","0","17","12","5","-2"
"221838","Tennessee State University","2017","On-tenure track, professors","3","1","2","0","0","0","0","0","0","3","1","2","0","0","0","0","0","0","0","0","0","0","0","0","0","0","0","0","0","0","-2"
"221838","Tennessee State University","2017","On-tenure track, associate professors","21","11","10","0","0","0","3","3","0","4","1","3","1","1","0","0","0","0","8","3","5","2","1","1","0","0","0","3","2","1","-2"
"221838","Tennessee State University","2017","On-tenure track, assistant professors","86","43","43","0","0","0","3","3","0","36","15","21","0","0","0","0","0","0","32","15","17","1","0","1","0","0","0","14","10","4","-2"
"221838","Tennessee State University","2017","On-tenure track, instructors","2","2","0","0","0","0","0","0","0","1","1","0","0","0","0","0","0","0","1","1","0","0","0","0","0","0","0","0","0","0","-2"
"221838","Tennessee State University","2017","On-tenure track, no academic rank","1","1","0","0","0","0","0","0","0","0","0","0","0","0","0","0","0","0","1","1","0","0","0","0","0","0","0","0","0","0","-2"
"221838","Tennessee State University","2017","Not on tenure track/No tenure system system total","31","15","16","0","0","0","1","0","1","15","8","7","1","1","0","0","0","0","13","6","7","0","0","0","0","0","0","1","0","1","-2"
"221838","Tennessee State University","2017","Not on tenure/no tenure system, instructors","5","3","2","0","0","0","0","0","0","4","2","2","0","0","0","0","0","0","1","1","0","0","0","0","0","0","0","0","0","0","-2"
"221838","Tennessee State University","2017","Not on tenure/no tenure system, no academic rank","26","12","14","0","0","0","1","0","1","11","6","5","1","1","0","0","0","0","12","5","7","0","0","0","0","0","0","1","0","1","-2"
"221999","Vanderbilt University","2017","Tenured total","597","430","167","1","1","0","38","29","9","26","14","12","17","11","6","0","0","0","474","348","126","2","2","0","28","18","10","11","7","4","-2"
"221999","Vanderbilt University","2017","Tenured, professors","396","306","90","0","0","0","24","20","4","15","9","6","11","8","3","0","0","0","328","254","74","0","0","0","13","11","2","5","4","1","-2"
"221999","Vanderbilt University","2017","Tenured, associate professors","201","124","77","1","1","0","14","9","5","11","5","6","6","3","3","0","0","0","146","94","52","2","2","0","15","7","8","6","3","3","-2"
"221999","Vanderbilt University","2017","On-Tenure track total","171","95","76","0","0","0","13","6","7","8","2","6","19","13","6","1","1","0","94","54","40","3","3","0","23","9","14","10","7","3","-2"
"221999","Vanderbilt University","2017","On-tenure track, professors","1","0","1","0","0","0","0","0","0","0","0","0","0","0","0","0","0","0","1","0","1","0","0","0","0","0","0","0","0","0","-2"
"221999","Vanderbilt University","2017","On-tenure track, associate professors","7","5","2","0","0","0","0","0","0","1","0","1","2","2","0","0","0","0","4","3","1","0","0","0","0","0","0","0","0","0","-2"
"221999","Vanderbilt University","2017","On-tenure track, assistant professors","163","90","73","0","0","0","13","6","7","7","2","5","17","11","6","1","1","0","89","51","38","3","3","0","23","9","14","10","7","3","-2"
"221999","Vanderbilt University","2017","Not on tenure track/No tenure system system total","449","153","296","0","0","0","18","5","13","22","8","14","17","2","15","0","0","0","336","112","224","3","0","3","37","18","19","16","8","8","-2"
"221999","Vanderbilt University","2017","Not on tenure/no tenure system, professors","43","21","22","0","0","0","2","2","0","2","1","1","1","0","1","0","0","0","38","18","20","0","0","0","0","0","0","0","0","0","-2"
"221999","Vanderbilt University","2017","Not on tenure/no tenure system, associate professors","53","28","25","0","0","0","3","0","3","4","4","0","1","0","1","0","0","0","38","22","16","0","0","0","5","1","4","2","1","1","-2"
"221999","Vanderbilt University","2017","Not on tenure/no tenure system, assistant professors","104","30","74","0","0","0","4","1","3","4","0","4","4","1","3","0","0","0","74","17","57","2","0","2","9","6","3","7","5","2","-2"
"221999","Vanderbilt University","2017","Not on tenure/no tenure system, instructors","64","9","55","0","0","0","1","0","1","5","0","5","0","0","0","0","0","0","56","8","48","0","0","0","1","1","0","1","0","1","-2"
"221999","Vanderbilt University","2017","Not on tenure/no tenure system, lecturers","184","64","120","0","0","0","8","2","6","7","3","4","11","1","10","0","0","0","130","47","83","1","0","1","22","10","12","5","1","4","-2"
"221999","Vanderbilt University","2017","Not on tenure/no tenure system, no academic rank","1","1","0","0","0","0","0","0","0","0","0","0","0","0","0","0","0","0","0","0","0","0","0","0","0","0","0","1","1","0","-2"
"224147","Texas A & M University-Corpus Christi","2017","Tenured total","158","103","55","2","2","0","14","10","4","4","4","0","23","14","9","0","0","0","112","72","40","2","1","1","1","0","1","0","0","0","-2"
"224147","Texas A & M University-Corpus Christi","2017","Tenured, professors","91","66","25","2","2","0","8","7","1","2","2","0","10","7","3","0","0","0","67","47","20","1","1","0","1","0","1","0","0","0","-2"
"224147","Texas A & M University-Corpus Christi","2017","Tenured, associate professors","64","37","27","0","0","0","6","3","3","2","2","0","12","7","5","0","0","0","43","25","18","1","0","1","0","0","0","0","0","0","-2"
"224147","Texas A & M University-Corpus Christi","2017","Tenured, assistant professors","3","0","3","0","0","0","0","0","0","0","0","0","1","0","1","0","0","0","2","0","2","0","0","0","0","0","0","0","0","0","-2"
"224147","Texas A & M University-Corpus Christi","2017","On-Tenure track total","134","70","64","0","0","0","17","12","5","3","2","1","17","8","9","0","0","0","73","32","41","4","2","2","5","2","3","15","12","3","-2"
"224147","Texas A & M University-Corpus Christi","2017","On-tenure track, professors","1","1","0","0","0","0","0","0","0","0","0","0","0","0","0","0","0","0","1","1","0","0","0","0","0","0","0","0","0","0","-2"
"224147","Texas A & M University-Corpus Christi","2017","On-tenure track, associate professors","28","16","12","0","0","0","5","5","0","0","0","0","6","2","4","0","0","0","16","8","8","0","0","0","0","0","0","1","1","0","-2"
"224147","Texas A & M University-Corpus Christi","2017","On-tenure track, assistant professors","105","53","52","0","0","0","12","7","5","3","2","1","11","6","5","0","0","0","56","23","33","4","2","2","5","2","3","14","11","3","-2"
"224147","Texas A & M University-Corpus Christi","2017","Not on tenure track/No tenure system system total","142","47","95","0","0","0","9","4","5","3","1","2","22","5","17","0","0","0","95","30","65","3","1","2","0","0","0","10","6","4","-2"
"224147","Texas A & M University-Corpus Christi","2017","Not on tenure/no tenure system, professors","1","0","1","0","0","0","0","0","0","0","0","0","0","0","0","0","0","0","1","0","1","0","0","0","0","0","0","0","0","0","-2"
"224147","Texas A & M University-Corpus Christi","2017","Not on tenure/no tenure system, associate professors","8","4","4","0","0","0","1","1","0","0","0","0","0","0","0","0","0","0","7","3","4","0","0","0","0","0","0","0","0","0","-2"
"224147","Texas A & M University-Corpus Christi","2017","Not on tenure/no tenure system, assistant professors","100","33","67","0","0","0","7","3","4","3","1","2","12","2","10","0","0","0","70","23","47","2","1","1","0","0","0","6","3","3","-2"
"224147","Texas A & M University-Corpus Christi","2017","Not on tenure/no tenure system, instructors","8","3","5","0","0","0","1","0","1","0","0","0","0","0","0","0","0","0","4","1","3","0","0","0","0","0","0","3","2","1","-2"
"224147","Texas A & M University-Corpus Christi","2017","Not on tenure/no tenure system, no academic rank","25","7","18","0","0","0","0","0","0","0","0","0","10","3","7","0","0","0","13","3","10","1","0","1","0","0","0","1","1","0","-2"
"225511","University of Houston","2017","Tenured total","748","522","226","1","1","0","157","109","48","29","19","10","61","33","28","1","1","0","493","355","138","5","3","2","0","0","0","1","1","0","-2"
"225511","University of Houston","2017","Tenured, professors","412","333","79","0","0","0","89","71","18","13","12","1","23","13","10","1","1","0","285","235","50","0","0","0","0","0","0","1","1","0","-2"
"225511","University of Houston","2017","Tenured, associate professors","336","189","147","1","1","0","68","38","30","16","7","9","38","20","18","0","0","0","208","120","88","5","3","2","0","0","0","0","0","0","-2"
"225511","University of Houston","2017","On-Tenure track total","270","164","106","0","0","0","65","47","18","10","4","6","24","13","11","0","0","0","121","67","54","0","0","0","1","0","1","49","33","16","-2"
"225511","University of Houston","2017","On-tenure track, professors","2","2","0","0","0","0","0","0","0","0","0","0","0","0","0","0","0","0","2","2","0","0","0","0","0","0","0","0","0","0","-2"
"225511","University of Houston","2017","On-tenure track, associate professors","14","10","4","0","0","0","3","3","0","1","0","1","1","1","0","0","0","0","7","5","2","0","0","0","0","0","0","2","1","1","-2"
"225511","University of Houston","2017","On-tenure track, assistant professors","253","151","102","0","0","0","62","44","18","9","4","5","23","12","11","0","0","0","111","59","52","0","0","0","1","0","1","47","32","15","-2"
"225511","University of Houston","2017","On-tenure track, instructors","1","1","0","0","0","0","0","0","0","0","0","0","0","0","0","0","0","0","1","1","0","0","0","0","0","0","0","0","0","0","-2"
"225511","University of Houston","2017","Not on tenure track/No tenure system system total","258","117","141","0","0","0","22","9","13","12","5","7","27","11","16","0","0","0","182","87","95","4","0","4","1","1","0","10","4","6","-2"
"225511","University of Houston","2017","Not on tenure/no tenure system, lecturers","66","32","34","0","0","0","7","2","5","3","2","1","8","4","4","0","0","0","45","24","21","1","0","1","0","0","0","2","0","2","-2"
"225511","University of Houston","2017","Not on tenure/no tenure system, no academic rank","192","85","107","0","0","0","15","7","8","9","3","6","19","7","12","0","0","0","137","63","74","3","0","3","1","1","0","8","4","4","-2"
"225627","University of the Incarnate Word","2017","Tenured total","133","64","69","0","0","0","9","5","4","4","1","3","27","14","13","0","0","0","92","44","48","0","0","0","0","0","0","1","0","1","-2"
"225627","University of the Incarnate Word","2017","Tenured, professors","58","29","29","0","0","0","4","3","1","0","0","0","10","4","6","0","0","0","44","22","22","0","0","0","0","0","0","0","0","0","-2"
"225627","University of the Incarnate Word","2017","Tenured, associate professors","75","35","40","0","0","0","5","2","3","4","1","3","17","10","7","0","0","0","48","22","26","0","0","0","0","0","0","1","0","1","-2"
"225627","University of the Incarnate Word","2017","On-Tenure track total","120","54","66","1","0","1","7","2","5","8","4","4","24","10","14","0","0","0","77","36","41","1","0","1","0","0","0","2","2","0","-2"
"225627","University of the Incarnate Word","2017","On-tenure track, professors","2","2","0","0","0","0","0","0","0","0","0","0","1","1","0","0","0","0","1","1","0","0","0","0","0","0","0","0","0","0","-2"
"225627","University of the Incarnate Word","2017","On-tenure track, associate professors","18","9","9","0","0","0","3","2","1","1","1","0","4","3","1","0","0","0","9","3","6","1","0","1","0","0","0","0","0","0","-2"
"225627","University of the Incarnate Word","2017","On-tenure track, assistant professors","98","42","56","1","0","1","4","0","4","7","3","4","18","6","12","0","0","0","66","31","35","0","0","0","0","0","0","2","2","0","-2"
"225627","University of the Incarnate Word","2017","On-tenure track, instructors","2","1","1","0","0","0","0","0","0","0","0","0","1","0","1","0","0","0","1","1","0","0","0","0","0","0","0","0","0","0","-2"
"225627","University of the Incarnate Word","2017","Not on tenure track/No tenure system system total","99","43","56","0","0","0","7","3","4","5","2","3","24","8","16","0","0","0","60","30","30","2","0","2","0","0","0","1","0","1","-2"
"225627","University of the Incarnate Word","2017","Not on tenure/no tenure system, professors","12","9","3","0","0","0","0","0","0","0","0","0","2","1","1","0","0","0","10","8","2","0","0","0","0","0","0","0","0","0","-2"
"225627","University of the Incarnate Word","2017","Not on tenure/no tenure system, associate professors","13","7","6","0","0","0","3","1","2","0","0","0","1","0","1","0","0","0","8","6","2","1","0","1","0","0","0","0","0","0","-2"
"225627","University of the Incarnate Word","2017","Not on tenure/no tenure system, assistant professors","39","17","22","0","0","0","4","2","2","4","1","3","7","3","4","0","0","0","23","11","12","1","0","1","0","0","0","0","0","0","-2"
"225627","University of the Incarnate Word","2017","Not on tenure/no tenure system, instructors","35","10","25","0","0","0","0","0","0","1","1","0","14","4","10","0","0","0","19","5","14","0","0","0","0","0","0","1","0","1","-2"
"227757","Rice University","2017","Tenured total","413","311","102","0","0","0","51","33","18","9","7","2","23","20","3","0","0","0","328","250","78","1","0","1","0","0","0","1","1","0","-2"
"227757","Rice University","2017","Tenured, professors","308","243","65","0","0","0","36","27","9","5","5","0","15","13","2","0","0","0","251","197","54","0","0","0","0","0","0","1","1","0","-2"
"227757","Rice University","2017","Tenured, associate professors","105","68","37","0","0","0","15","6","9","4","2","2","8","7","1","0","0","0","77","53","24","1","0","1","0","0","0","0","0","0","-2"
"227757","Rice University","2017","On-Tenure track total","106","68","38","0","0","0","16","11","5","3","2","1","11","8","3","0","0","0","57","35","22","4","2","2","0","0","0","15","10","5","-2"
"227757","Rice University","2017","On-tenure track, associate professors","1","1","0","0","0","0","0","0","0","0","0","0","0","0","0","0","0","0","1","1","0","0","0","0","0","0","0","0","0","0","-2"
"227757","Rice University","2017","On-tenure track, assistant professors","105","67","38","0","0","0","16","11","5","3","2","1","11","8","3","0","0","0","56","34","22","4","2","2","0","0","0","15","10","5","-2"
"227757","Rice University","2017","Not on tenure track/No tenure system system total","161","77","84","0","0","0","18","9","9","5","2","3","8","2","6","0","0","0","111","58","53","1","0","1","0","0","0","18","6","12","-2"
"227757","Rice University","2017","Not on tenure/no tenure system, associate professors","1","0","1","0","0","0","0","0","0","0","0","0","0","0","0","0","0","0","1","0","1","0","0","0","0","0","0","0","0","0","-2"
"227757","Rice University","2017","Not on tenure/no tenure system, instructors","23","14","9","0","0","0","6","4","2","0","0","0","0","0","0","0","0","0","10","5","5","0","0","0","0","0","0","7","5","2","-2"
"227757","Rice University","2017","Not on tenure/no tenure system, lecturers","132","58","74","0","0","0","10","3","7","5","2","3","8","2","6","0","0","0","97","50","47","1","0","1","0","0","0","11","1","10","-2"
"227757","Rice University","2017","Not on tenure/no tenure system, no academic rank","5","5","0","0","0","0","2","2","0","0","0","0","0","0","0","0","0","0","3","3","0","0","0","0","0","0","0","0","0","0","-2"
"228459","Texas State University","2017","Tenured total","514","307","207","1","0","1","38","27","11","17","8","9","49","26","23","0","0","0","353","201","152","4","4","0","24","18","6","28","23","5","-2"
"228459","Texas State University","2017","Tenured, professors","263","170","93","0","0","0","17","13","4","6","2","4","24","19","5","0","0","0","200","123","77","1","1","0","11","10","1","4","2","2","-2"
"228459","Texas State University","2017","Tenured, associate professors","247","135","112","1","0","1","21","14","7","11","6","5","24","7","17","0","0","0","150","76","74","3","3","0","13","8","5","24","21","3","-2"
"228459","Texas State University","2017","Tenured, assistant professors","4","2","2","0","0","0","0","0","0","0","0","0","1","0","1","0","0","0","3","2","1","0","0","0","0","0","0","0","0","0","-2"
"228459","Texas State University","2017","On-Tenure track total","203","80","123","0","0","0","25","7","18","14","5","9","27","10","17","0","0","0","130","55","75","2","1","1","5","2","3","0","0","0","-2"
"228459","Texas State University","2017","On-tenure track, professors","1","0","1","0","0","0","0","0","0","0","0","0","0","0","0","0","0","0","1","0","1","0","0","0","0","0","0","0","0","0","-2"
"228459","Texas State University","2017","On-tenure track, associate professors","6","1","5","0","0","0","1","0","1","1","0","1","0","0","0","0","0","0","3","0","3","0","0","0","1","1","0","0","0","0","-2"
"228459","Texas State University","2017","On-tenure track, assistant professors","196","79","117","0","0","0","24","7","17","13","5","8","27","10","17","0","0","0","126","55","71","2","1","1","4","1","3","0","0","0","-2"
"228459","Texas State University","2017","Not on tenure track/No tenure system system total","585","258","327","3","2","1","23","11","12","15","5","10","53","20","33","0","0","0","463","206","257","7","4","3","14","6","8","7","4","3","-2"
"228459","Texas State University","2017","Not on tenure/no tenure system, professors","8","6","2","0","0","0","0","0","0","0","0","0","0","0","0","0","0","0","7","5","2","0","0","0","1","1","0","0","0","0","-2"
"228459","Texas State University","2017","Not on tenure/no tenure system, associate professors","12","2","10","0","0","0","1","0","1","0","0","0","0","0","0","0","0","0","11","2","9","0","0","0","0","0","0","0","0","0","-2"
"228459","Texas State University","2017","Not on tenure/no tenure system, assistant professors","28","4","24","0","0","0","0","0","0","4","1","3","2","0","2","0","0","0","21","2","19","1","1","0","0","0","0","0","0","0","-2"
"228459","Texas State University","2017","Not on tenure/no tenure system, lecturers","523","239","284","3","2","1","20","10","10","10","3","7","50","20","30","0","0","0","414","192","222","6","3","3","13","5","8","7","4","3","-2"
"228459","Texas State University","2017","Not on tenure/no tenure system, no academic rank","14","7","7","0","0","0","2","1","1","1","1","0","1","0","1","0","0","0","10","5","5","0","0","0","0","0","0","0","0","0","-2"
"228723","Texas A & M University-College Station","2017","Tenured total","1591","1181","410","5","3","2","282","221","61","55","33","22","99","69","30","0","0","0","1108","822","286","6","5","1","24","19","5","12","9","3","-2"
"228723","Texas A & M University-College Station","2017","Tenured, professors","998","797","201","3","1","2","157","135","22","23","19","4","50","36","14","0","0","0","746","590","156","3","3","0","12","9","3","4","4","0","-2"
"228723","Texas A & M University-College Station","2017","Tenured, associate professors","592","383","209","2","2","0","125","86","39","32","14","18","48","32","16","0","0","0","362","232","130","3","2","1","12","10","2","8","5","3","-2"
"228723","Texas A & M University-College Station","2017","Tenured, instructors","1","1","0","0","0","0","0","0","0","0","0","0","1","1","0","0","0","0","0","0","0","0","0","0","0","0","0","0","0","0","-2"
"228723","Texas A & M University-College Station","2017","On-Tenure track total","420","249","171","1","0","1","77","56","21","17","8","9","20","10","10","0","0","0","229","123","106","8","4","4","11","7","4","57","41","16","-2"
"228723","Texas A & M University-College Station","2017","On-tenure track, professors","6","6","0","0","0","0","3","3","0","0","0","0","0","0","0","0","0","0","3","3","0","0","0","0","0","0","0","0","0","0","-2"
"228723","Texas A & M University-College Station","2017","On-tenure track, associate professors","33","22","11","0","0","0","7","6","1","2","1","1","5","3","2","0","0","0","14","9","5","0","0","0","3","2","1","2","1","1","-2"
"228723","Texas A & M University-College Station","2017","On-tenure track, assistant professors","380","220","160","1","0","1","67","47","20","15","7","8","15","7","8","0","0","0","212","111","101","7","3","4","8","5","3","55","40","15","-2"
"228723","Texas A & M University-College Station","2017","On-tenure track, instructors","1","1","0","0","0","0","0","0","0","0","0","0","0","0","0","0","0","0","0","0","0","1","1","0","0","0","0","0","0","0","-2"
"228723","Texas A & M University-College Station","2017","Not on tenure track/No tenure system system total","1072","540","532","3","1","2","77","35","42","34","12","22","65","36","29","2","2","0","794","391","403","14","4","10","17","12","5","66","47","19","-2"
"228723","Texas A & M University-College Station","2017","Not on tenure/no tenure system, professors","114","86","28","1","0","1","14","13","1","4","2","2","7","6","1","0","0","0","84","61","23","0","0","0","1","1","0","3","3","0","-2"
"228723","Texas A & M University-College Station","2017","Not on tenure/no tenure system, associate professors","90","45","45","0","0","0","3","2","1","3","0","3","7","3","4","0","0","0","74","37","37","0","0","0","1","1","0","2","2","0","-2"
"228723","Texas A & M University-College Station","2017","Not on tenure/no tenure system, assistant professors","255","119","136","1","1","0","25","10","15","9","4","5","15","9","6","1","1","0","163","65","98","3","2","1","5","2","3","33","25","8","-2"
"228723","Texas A & M University-College Station","2017","Not on tenure/no tenure system, instructors","365","170","195","1","0","1","20","6","14","10","4","6","23","11","12","0","0","0","281","134","147","8","1","7","7","6","1","15","8","7","-2"
"228723","Texas A & M University-College Station","2017","Not on tenure/no tenure system, lecturers","248","120","128","0","0","0","15","4","11","8","2","6","13","7","6","1","1","0","192","94","98","3","1","2","3","2","1","13","9","4","-2"
"228769","The University of Texas at Arlington","2017","Tenured total","464","341","123","4","3","1","129","102","27","17","9","8","23","18","5","0","0","0","279","200","79","0","0","0","2","2","0","10","7","3","-2"
"228769","The University of Texas at Arlington","2017","Tenured, professors","231","190","41","1","1","0","72","60","12","4","3","1","9","9","0","0","0","0","143","115","28","0","0","0","1","1","0","1","1","0","-2"
"228769","The University of Texas at Arlington","2017","Tenured, associate professors","233","151","82","3","2","1","57","42","15","13","6","7","14","9","5","0","0","0","136","85","51","0","0","0","1","1","0","9","6","3","-2"
"228769","The University of Texas at Arlington","2017","On-Tenure track total","105","60","45","1","1","0","32","19","13","4","2","2","7","4","3","0","0","0","48","24","24","0","0","0","4","4","0","9","6","3","-2"
"228769","The University of Texas at Arlington","2017","On-tenure track, assistant professors","105","60","45","1","1","0","32","19","13","4","2","2","7","4","3","0","0","0","48","24","24","0","0","0","4","4","0","9","6","3","-2"
"228769","The University of Texas at Arlington","2017","Not on tenure track/No tenure system system total","389","155","234","4","1","3","29","17","12","27","2","25","24","14","10","6","6","0","280","103","177","1","1","0","8","3","5","10","8","2","-2"
"228769","The University of Texas at Arlington","2017","Not on tenure/no tenure system, lecturers","156","84","72","1","1","0","9","6","3","5","0","5","15","10","5","3","3","0","118","60","58","0","0","0","1","0","1","4","4","0","-2"
"228769","The University of Texas at Arlington","2017","Not on tenure/no tenure system, no academic rank","233","71","162","3","0","3","20","11","9","22","2","20","9","4","5","3","3","0","162","43","119","1","1","0","7","3","4","6","4","2","-2"
"228778","The University of Texas at Austin","2017","Tenured total","1514","1039","475","4","1","3","155","113","42","60","34","26","90","55","35","0","0","0","1178","823","355","13","5","8","0","0","0","14","8","6","-2"
"228778","The University of Texas at Austin","2017","Tenured, professors","979","730","249","4","1","3","95","76","19","23","15","8","54","36","18","0","0","0","791","595","196","6","2","4","0","0","0","6","5","1","-2"
"228778","The University of Texas at Austin","2017","Tenured, associate professors","520","297","223","0","0","0","60","37","23","36","18","18","36","19","17","0","0","0","373","217","156","7","3","4","0","0","0","8","3","5","-2"
"228778","The University of Texas at Austin","2017","Tenured, no academic rank","15","12","3","0","0","0","0","0","0","1","1","0","0","0","0","0","0","0","14","11","3","0","0","0","0","0","0","0","0","0","-2"
"228778","The University of Texas at Austin","2017","On-Tenure track total","326","189","137","0","0","0","39","24","15","14","8","6","36","14","22","0","0","0","179","106","73","6","4","2","0","0","0","52","33","19","-2"
"228778","The University of Texas at Austin","2017","On-tenure track, associate professors","5","1","4","0","0","0","0","0","0","1","1","0","2","0","2","0","0","0","2","0","2","0","0","0","0","0","0","0","0","0","-2"
"228778","The University of Texas at Austin","2017","On-tenure track, assistant professors","320","188","132","0","0","0","39","24","15","12","7","5","34","14","20","0","0","0","177","106","71","6","4","2","0","0","0","52","33","19","-2"
"228778","The University of Texas at Austin","2017","On-tenure track, no academic rank","1","0","1","0","0","0","0","0","0","1","0","1","0","0","0","0","0","0","0","0","0","0","0","0","0","0","0","0","0","0","-2"
"228778","The University of Texas at Austin","2017","Not on tenure track/No tenure system system total","797","339","458","0","0","0","68","26","42","22","11","11","71","21","50","0","0","0","583","255","328","12","6","6","0","0","0","41","20","21","-2"
"228778","The University of Texas at Austin","2017","Not on tenure/no tenure system, lecturers","501","221","280","0","0","0","48","18","30","9","5","4","36","11","25","0","0","0","375","175","200","7","3","4","0","0","0","26","9","17","-2"
"228778","The University of Texas at Austin","2017","Not on tenure/no tenure system, no academic rank","296","118","178","0","0","0","20","8","12","13","6","7","35","10","25","0","0","0","208","80","128","5","3","2","0","0","0","15","11","4","-2"
"228796","The University of Texas at El Paso","2017","Tenured total","353","251","102","0","0","0","54","40","14","4","4","0","102","66","36","0","0","0","186","136","50","4","3","1","0","0","0","3","2","1","-2"
"228796","The University of Texas at El Paso","2017","Tenured, professors","170","132","38","0","0","0","25","21","4","3","3","0","40","25","15","0","0","0","100","81","19","2","2","0","0","0","0","0","0","0","-2"
"228796","The University of Texas at El Paso","2017","Tenured, associate professors","183","119","64","0","0","0","29","19","10","1","1","0","62","41","21","0","0","0","86","55","31","2","1","1","0","0","0","3","2","1","-2"
"228796","The University of Texas at El Paso","2017","On-Tenure track total","158","85","73","0","0","0","26","16","10","9","4","5","35","16","19","0","0","0","68","39","29","1","1","0","0","0","0","19","9","10","-2"
"228796","The University of Texas at El Paso","2017","On-tenure track, associate professors","10","9","1","0","0","0","2","2","0","0","0","0","3","3","0","0","0","0","5","4","1","0","0","0","0","0","0","0","0","0","-2"
"228796","The University of Texas at El Paso","2017","On-tenure track, assistant professors","148","76","72","0","0","0","24","14","10","9","4","5","32","13","19","0","0","0","63","35","28","1","1","0","0","0","0","19","9","10","-2"
"228796","The University of Texas at El Paso","2017","Not on tenure track/No tenure system system total","256","106","150","1","0","1","9","4","5","5","3","2","113","49","64","1","0","1","112","41","71","1","0","1","0","0","0","14","9","5","-2"
"228796","The University of Texas at El Paso","2017","Not on tenure/no tenure system, lecturers","256","106","150","1","0","1","9","4","5","5","3","2","113","49","64","1","0","1","112","41","71","1","0","1","0","0","0","14","9","5","-2"
"229063","Texas Southern University","2017","Tenured total","188","115","73","0","0","0","28","18","10","113","67","46","4","3","1","0","0","0","25","15","10","0","0","0","0","0","0","18","12","6","-2"
"229063","Texas Southern University","2017","Tenured, professors","94","69","25","0","0","0","9","7","2","58","42","16","3","3","0","0","0","0","13","10","3","0","0","0","0","0","0","11","7","4","-2"
"229063","Texas Southern University","2017","Tenured, associate professors","88","42","46","0","0","0","19","11","8","51","22","29","1","0","1","0","0","0","11","5","6","0","0","0","0","0","0","6","4","2","-2"
"229063","Texas Southern University","2017","Tenured, assistant professors","6","4","2","0","0","0","0","0","0","4","3","1","0","0","0","0","0","0","1","0","1","0","0","0","0","0","0","1","1","0","-2"
"229063","Texas Southern University","2017","On-Tenure track total","46","16","30","0","0","0","9","6","3","32","7","25","0","0","0","0","0","0","5","3","2","0","0","0","0","0","0","0","0","0","-2"
"229063","Texas Southern University","2017","On-tenure track, associate professors","7","1","6","0","0","0","1","0","1","5","1","4","0","0","0","0","0","0","1","0","1","0","0","0","0","0","0","0","0","0","-2"
"229063","Texas Southern University","2017","On-tenure track, assistant professors","39","15","24","0","0","0","8","6","2","27","6","21","0","0","0","0","0","0","4","3","1","0","0","0","0","0","0","0","0","0","-2"
"229063","Texas Southern University","2017","Not on tenure track/No tenure system system total","184","89","95","1","1","0","11","5","6","142","62","80","12","7","5","0","0","0","15","12","3","1","1","0","0","0","0","2","1","1","-2"
"229063","Texas Southern University","2017","Not on tenure/no tenure system, no academic rank","184","89","95","1","1","0","11","5","6","142","62","80","12","7","5","0","0","0","15","12","3","1","1","0","0","0","0","2","1","1","-2"
"229115","Texas Tech University","2017","Tenured total","758","540","218","3","2","1","107","83","24","23","14","9","53","33","20","1","1","0","563","400","163","2","2","0","0","0","0","6","5","1","-2"
"229115","Texas Tech University","2017","Tenured, professors","377","289","88","2","1","1","50","43","7","14","9","5","16","11","5","1","1","0","289","220","69","2","2","0","0","0","0","3","2","1","-2"
"229115","Texas Tech University","2017","Tenured, associate professors","341","229","112","1","1","0","54","37","17","7","3","4","35","21","14","0","0","0","241","164","77","0","0","0","0","0","0","3","3","0","-2"
"229115","Texas Tech University","2017","Tenured, assistant professors","4","4","0","0","0","0","2","2","0","1","1","0","0","0","0","0","0","0","1","1","0","0","0","0","0","0","0","0","0","0","-2"
"229115","Texas Tech University","2017","Tenured, no academic rank","36","18","18","0","0","0","1","1","0","1","1","0","2","1","1","0","0","0","32","15","17","0","0","0","0","0","0","0","0","0","-2"
"229115","Texas Tech University","2017","On-Tenure track total","329","196","133","1","1","0","28","20","8","7","4","3","26","14","12","0","0","0","211","119","92","3","2","1","1","1","0","52","35","17","-2"
"229115","Texas Tech University","2017","On-tenure track, professors","1","1","0","0","0","0","0","0","0","0","0","0","0","0","0","0","0","0","1","1","0","0","0","0","0","0","0","0","0","0","-2"
"229115","Texas Tech University","2017","On-tenure track, associate professors","22","17","5","1","1","0","3","3","0","0","0","0","1","1","0","0","0","0","15","10","5","0","0","0","0","0","0","2","2","0","-2"
"229115","Texas Tech University","2017","On-tenure track, assistant professors","297","175","122","0","0","0","25","17","8","6","4","2","23","13","10","0","0","0","190","105","85","3","2","1","1","1","0","49","33","16","-2"
"229115","Texas Tech University","2017","On-tenure track, no academic rank","9","3","6","0","0","0","0","0","0","1","0","1","2","0","2","0","0","0","5","3","2","0","0","0","0","0","0","1","0","1","-2"
"229115","Texas Tech University","2017","Not on tenure track/No tenure system system total","443","184","259","1","0","1","22","12","10","12","6","6","51","16","35","0","0","0","307","120","187","2","1","1","0","0","0","48","29","19","-2"
"229115","Texas Tech University","2017","Not on tenure/no tenure system, professors","16","12","4","1","0","1","1","1","0","0","0","0","1","1","0","0","0","0","13","10","3","0","0","0","0","0","0","0","0","0","-2"
"229115","Texas Tech University","2017","Not on tenure/no tenure system, associate professors","23","13","10","0","0","0","4","3","1","0","0","0","1","1","0","0","0","0","15","6","9","1","1","0","0","0","0","2","2","0","-2"
"229115","Texas Tech University","2017","Not on tenure/no tenure system, assistant professors","84","39","45","0","0","0","7","5","2","4","2","2","10","4","6","0","0","0","43","18","25","0","0","0","0","0","0","20","10","10","-2"
"229115","Texas Tech University","2017","Not on tenure/no tenure system, instructors","294","104","190","0","0","0","10","3","7","8","4","4","38","10","28","0","0","0","221","79","142","1","0","1","0","0","0","16","8","8","-2"
"229115","Texas Tech University","2017","Not on tenure/no tenure system, no academic rank","26","16","10","0","0","0","0","0","0","0","0","0","1","0","1","0","0","0","15","7","8","0","0","0","0","0","0","10","9","1","-2"
"230728","Utah State University","2017","Tenured total","488","351","137","0","0","0","28","19","9","2","2","0","17","8","9","0","0","0","433","317","116","3","1","2","5","4","1","0","0","0","-2"
"230728","Utah State University","2017","Tenured, professors","248","187","61","0","0","0","13","10","3","1","1","0","9","4","5","0","0","0","220","170","50","3","1","2","2","1","1","0","0","0","-2"
"230728","Utah State University","2017","Tenured, associate professors","238","162","76","0","0","0","15","9","6","1","1","0","8","4","4","0","0","0","211","145","66","0","0","0","3","3","0","0","0","0","-2"
"230728","Utah State University","2017","Tenured, assistant professors","1","1","0","0","0","0","0","0","0","0","0","0","0","0","0","0","0","0","1","1","0","0","0","0","0","0","0","0","0","0","-2"
"230728","Utah State University","2017","Tenured, instructors","1","1","0","0","0","0","0","0","0","0","0","0","0","0","0","0","0","0","1","1","0","0","0","0","0","0","0","0","0","0","-2"
"230728","Utah State University","2017","On-Tenure track total","233","134","99","1","0","1","19","10","9","1","0","1","17","11","6","1","1","0","138","77","61","4","2","2","50","31","19","2","2","0","-2"
"230728","Utah State University","2017","On-tenure track, associate professors","4","4","0","0","0","0","2","2","0","0","0","0","0","0","0","0","0","0","2","2","0","0","0","0","0","0","0","0","0","0","-2"
"230728","Utah State University","2017","On-tenure track, assistant professors","225","126","99","1","0","1","17","8","9","1","0","1","17","11","6","1","1","0","132","71","61","4","2","2","50","31","19","2","2","0","-2"
"230728","Utah State University","2017","On-tenure track, instructors","4","4","0","0","0","0","0","0","0","0","0","0","0","0","0","0","0","0","4","4","0","0","0","0","0","0","0","0","0","0","-2"
"230728","Utah State University","2017","Not on tenure track/No tenure system system total","251","121","130","2","1","1","3","1","2","1","1","0","3","1","2","0","0","0","225","106","119","2","1","1","14","9","5","1","1","0","-2"
"230728","Utah State University","2017","Not on tenure/no tenure system, professors","9","7","2","0","0","0","0","0","0","0","0","0","0","0","0","0","0","0","7","5","2","0","0","0","2","2","0","0","0","0","-2"
"230728","Utah State University","2017","Not on tenure/no tenure system, associate professors","20","10","10","0","0","0","0","0","0","0","0","0","0","0","0","0","0","0","20","10","10","0","0","0","0","0","0","0","0","0","-2"
"230728","Utah State University","2017","Not on tenure/no tenure system, assistant professors","71","29","42","0","0","0","0","0","0","0","0","0","0","0","0","0","0","0","66","24","42","1","1","0","3","3","0","1","1","0","-2"
"230728","Utah State University","2017","Not on tenure/no tenure system, instructors","25","10","15","1","1","0","0","0","0","0","0","0","0","0","0","0","0","0","22","8","14","0","0","0","2","1","1","0","0","0","-2"
"230728","Utah State University","2017","Not on tenure/no tenure system, lecturers","126","65","61","1","0","1","3","1","2","1","1","0","3","1","2","0","0","0","110","59","51","1","0","1","7","3","4","0","0","0","-2"
"230764","University of Utah","2017","Tenured total","786","549","237","2","1","1","85","68","17","8","4","4","26","17","9","1","0","1","614","422","192","6","4","2","38","28","10","6","5","1","-2"
"230764","University of Utah","2017","Tenured, professors","508","381","127","2","1","1","56","46","10","2","1","1","12","9","3","0","0","0","412","306","106","4","2","2","15","12","3","5","4","1","-2"
"230764","University of Utah","2017","Tenured, associate professors","278","168","110","0","0","0","29","22","7","6","3","3","14","8","6","1","0","1","202","116","86","2","2","0","23","16","7","1","1","0","-2"
"230764","University of Utah","2017","On-Tenure track total","330","188","142","1","0","1","40","23","17","5","2","3","25","15","10","2","0","2","202","116","86","5","3","2","19","12","7","31","17","14","-2"
"230764","University of Utah","2017","On-tenure track, professors","10","5","5","0","0","0","0","0","0","0","0","0","2","2","0","0","0","0","8","3","5","0","0","0","0","0","0","0","0","0","-2"
"230764","University of Utah","2017","On-tenure track, associate professors","41","19","22","0","0","0","3","2","1","0","0","0","3","1","2","1","0","1","31","14","17","0","0","0","2","2","0","1","0","1","-2"
"230764","University of Utah","2017","On-tenure track, assistant professors","279","164","115","1","0","1","37","21","16","5","2","3","20","12","8","1","0","1","163","99","64","5","3","2","17","10","7","30","17","13","-2"
"230764","University of Utah","2017","Not on tenure track/No tenure system system total","628","336","292","3","1","2","24","10","14","3","2","1","15","7","8","1","0","1","493","262","231","13","6","7","47","27","20","29","21","8","-2"
"230764","University of Utah","2017","Not on tenure/no tenure system, lecturers","577","316","261","3","1","2","23","10","13","3","2","1","15","7","8","1","0","1","450","246","204","13","6","7","44","25","19","25","19","6","-2"
"230764","University of Utah","2017","Not on tenure/no tenure system, no academic rank","51","20","31","0","0","0","1","0","1","0","0","0","0","0","0","0","0","0","43","16","27","0","0","0","3","2","1","4","2","2","-2"
"230913","Northern Vermont University","2017","Tenured total","24","15","9","0","0","0","0","0","0","0","0","0","0","0","0","0","0","0","22","14","8","1","0","1","1","1","0","0","0","0","-2"
"230913","Northern Vermont University","2017","Tenured, professors","19","12","7","0","0","0","0","0","0","0","0","0","0","0","0","0","0","0","18","12","6","1","0","1","0","0","0","0","0","0","-2"
"230913","Northern Vermont University","2017","Tenured, associate professors","5","3","2","0","0","0","0","0","0","0","0","0","0","0","0","0","0","0","4","2","2","0","0","0","1","1","0","0","0","0","-2"
"230913","Northern Vermont University","2017","On-Tenure track total","20","11","9","0","0","0","0","0","0","0","0","0","0","0","0","0","0","0","8","4","4","0","0","0","12","7","5","0","0","0","-2"
"230913","Northern Vermont University","2017","On-tenure track, associate professors","11","6","5","0","0","0","0","0","0","0","0","0","0","0","0","0","0","0","7","4","3","0","0","0","4","2","2","0","0","0","-2"
"230913","Northern Vermont University","2017","On-tenure track, assistant professors","9","5","4","0","0","0","0","0","0","0","0","0","0","0","0","0","0","0","1","0","1","0","0","0","8","5","3","0","0","0","-2"
"232186","George Mason University","2017","Tenured total","672","442","230","1","1","0","91","68","23","25","13","12","21","14","7","0","0","0","484","311","173","7","5","2","40","29","11","3","1","2","-2"
"232186","George Mason University","2017","Tenured, professors","332","246","86","1","1","0","38","31","7","9","4","5","9","8","1","0","0","0","252","184","68","2","2","0","20","15","5","1","1","0","-2"
"232186","George Mason University","2017","Tenured, associate professors","340","196","144","0","0","0","53","37","16","16","9","7","12","6","6","0","0","0","232","127","105","5","3","2","20","14","6","2","0","2","-2"
"232186","George Mason University","2017","On-Tenure track total","214","118","96","1","1","0","37","19","18","7","3","4","8","3","5","0","0","0","100","52","48","8","4","4","26","17","9","27","19","8","-2"
"232186","George Mason University","2017","On-tenure track, professors","1","1","0","0","0","0","0","0","0","0","0","0","0","0","0","0","0","0","1","1","0","0","0","0","0","0","0","0","0","0","-2"
"232186","George Mason University","2017","On-tenure track, associate professors","13","9","4","0","0","0","3","0","3","1","1","0","0","0","0","0","0","0","6","6","0","0","0","0","2","1","1","1","1","0","-2"
"232186","George Mason University","2017","On-tenure track, assistant professors","200","108","92","1","1","0","34","19","15","6","2","4","8","3","5","0","0","0","93","45","48","8","4","4","24","16","8","26","18","8","-2"
"232186","George Mason University","2017","Not on tenure track/No tenure system system total","420","173","247","1","1","0","31","15","16","23","9","14","8","2","6","0","0","0","309","124","185","4","2","2","30","15","15","14","5","9","-2"
"232186","George Mason University","2017","Not on tenure/no tenure system, professors","30","14","16","0","0","0","1","1","0","1","1","0","0","0","0","0","0","0","26","11","15","0","0","0","2","1","1","0","0","0","-2"
"232186","George Mason University","2017","Not on tenure/no tenure system, associate professors","92","40","52","0","0","0","6","1","5","7","2","5","1","1","0","0","0","0","68","30","38","2","1","1","5","4","1","3","1","2","-2"
"232186","George Mason University","2017","Not on tenure/no tenure system, assistant professors","202","75","127","1","1","0","19","10","9","12","4","8","4","0","4","0","0","0","139","49","90","2","1","1","15","6","9","10","4","6","-2"
"232186","George Mason University","2017","Not on tenure/no tenure system, instructors","96","44","52","0","0","0","5","3","2","3","2","1","3","1","2","0","0","0","76","34","42","0","0","0","8","4","4","1","0","1","-2"
"232265","Hampton University","2017","Tenured total","69","38","31","0","0","0","9","6","3","40","18","22","4","2","2","0","0","0","15","12","3","1","0","1","0","0","0","0","0","0","-2"
"232265","Hampton University","2017","Tenured, professors","37","23","14","0","0","0","6","5","1","20","9","11","3","2","1","0","0","0","8","7","1","0","0","0","0","0","0","0","0","0","-2"
"232265","Hampton University","2017","Tenured, associate professors","26","11","15","0","0","0","3","1","2","17","7","10","1","0","1","0","0","0","5","3","2","0","0","0","0","0","0","0","0","0","-2"
"232265","Hampton University","2017","Tenured, assistant professors","6","4","2","0","0","0","0","0","0","3","2","1","0","0","0","0","0","0","2","2","0","1","0","1","0","0","0","0","0","0","-2"
"232265","Hampton University","2017","On-Tenure track total","24","14","10","0","0","0","4","3","1","14","6","8","0","0","0","0","0","0","6","5","1","0","0","0","0","0","0","0","0","0","-2"
"232265","Hampton University","2017","On-tenure track, professors","1","1","0","0","0","0","1","1","0","0","0","0","0","0","0","0","0","0","0","0","0","0","0","0","0","0","0","0","0","0","-2"
"232265","Hampton University","2017","On-tenure track, associate professors","7","2","5","0","0","0","1","1","0","6","1","5","0","0","0","0","0","0","0","0","0","0","0","0","0","0","0","0","0","0","-2"
"232265","Hampton University","2017","On-tenure track, assistant professors","16","11","5","0","0","0","2","1","1","8","5","3","0","0","0","0","0","0","6","5","1","0","0","0","0","0","0","0","0","0","-2"
"232265","Hampton University","2017","Not on tenure track/No tenure system system total","116","49","67","0","0","0","11","6","5","72","23","49","5","3","2","0","0","0","28","17","11","0","0","0","0","0","0","0","0","0","-2"
"232265","Hampton University","2017","Not on tenure/no tenure system, professors","3","3","0","0","0","0","0","0","0","1","1","0","0","0","0","0","0","0","2","2","0","0","0","0","0","0","0","0","0","0","-2"
"232265","Hampton University","2017","Not on tenure/no tenure system, associate professors","15","10","5","0","0","0","0","0","0","9","5","4","0","0","0","0","0","0","6","5","1","0","0","0","0","0","0","0","0","0","-2"
"232265","Hampton University","2017","Not on tenure/no tenure system, assistant professors","78","30","48","0","0","0","8","5","3","46","13","33","4","2","2","0","0","0","20","10","10","0","0","0","0","0","0","0","0","0","-2"
"232265","Hampton University","2017","Not on tenure/no tenure system, instructors","8","3","5","0","0","0","2","0","2","5","2","3","1","1","0","0","0","0","0","0","0","0","0","0","0","0","0","0","0","0","-2"
"232265","Hampton University","2017","Not on tenure/no tenure system, lecturers","1","1","0","0","0","0","1","1","0","0","0","0","0","0","0","0","0","0","0","0","0","0","0","0","0","0","0","0","0","0","-2"
"232265","Hampton University","2017","Not on tenure/no tenure system, no academic rank","11","2","9","0","0","0","0","0","0","11","2","9","0","0","0","0","0","0","0","0","0","0","0","0","0","0","0","0","0","0","-2"
"232982","Old Dominion University","2017","Tenured total","419","291","128","2","1","1","66","48","18","22","14","8","13","9","4","0","0","0","260","179","81","1","0","1","47","35","12","8","5","3","-2"
"232982","Old Dominion University","2017","Tenured, professors","214","165","49","1","0","1","34","27","7","11","8","3","6","5","1","0","0","0","128","98","30","0","0","0","30","24","6","4","3","1","-2"
"232982","Old Dominion University","2017","Tenured, associate professors","205","126","79","1","1","0","32","21","11","11","6","5","7","4","3","0","0","0","132","81","51","1","0","1","17","11","6","4","2","2","-2"
"232982","Old Dominion University","2017","On-Tenure track total","174","85","89","0","0","0","30","20","10","13","4","9","6","4","2","0","0","0","97","43","54","1","1","0","1","0","1","26","13","13","-2"
"232982","Old Dominion University","2017","On-tenure track, professors","2","2","0","0","0","0","0","0","0","1","1","0","0","0","0","0","0","0","1","1","0","0","0","0","0","0","0","0","0","0","-2"
"232982","Old Dominion University","2017","On-tenure track, associate professors","12","5","7","0","0","0","1","0","1","2","0","2","0","0","0","0","0","0","7","4","3","0","0","0","0","0","0","2","1","1","-2"
"232982","Old Dominion University","2017","On-tenure track, assistant professors","160","78","82","0","0","0","29","20","9","10","3","7","6","4","2","0","0","0","89","38","51","1","1","0","1","0","1","24","12","12","-2"
"232982","Old Dominion University","2017","Not on tenure track/No tenure system system total","246","81","165","0","0","0","10","4","6","18","0","18","10","4","6","0","0","0","180","59","121","2","2","0","17","8","9","9","4","5","-2"
"232982","Old Dominion University","2017","Not on tenure/no tenure system, professors","2","1","1","0","0","0","0","0","0","0","0","0","0","0","0","0","0","0","2","1","1","0","0","0","0","0","0","0","0","0","-2"
"232982","Old Dominion University","2017","Not on tenure/no tenure system, associate professors","3","3","0","0","0","0","1","1","0","0","0","0","0","0","0","0","0","0","1","1","0","0","0","0","0","0","0","1","1","0","-2"
"232982","Old Dominion University","2017","Not on tenure/no tenure system, assistant professors","12","5","7","0","0","0","0","0","0","0","0","0","0","0","0","0","0","0","11","4","7","0","0","0","0","0","0","1","1","0","-2"
"232982","Old Dominion University","2017","Not on tenure/no tenure system, instructors","4","1","3","0","0","0","0","0","0","1","0","1","0","0","0","0","0","0","2","0","2","0","0","0","1","1","0","0","0","0","-2"
"232982","Old Dominion University","2017","Not on tenure/no tenure system, lecturers","225","71","154","0","0","0","9","3","6","17","0","17","10","4","6","0","0","0","164","53","111","2","2","0","16","7","9","7","2","5","-2"
"233921","Virginia Polytechnic Institute and State University","2017","Tenured total","1023","746","277","5","3","2","129","100","29","31","21","10","35","27","8","1","0","1","814","591","223","4","1","3","0","0","0","4","3","1","-2"
"233921","Virginia Polytechnic Institute and State University","2017","Tenured, professors","565","466","99","1","0","1","75","67","8","13","10","3","17","14","3","1","0","1","454","373","81","2","1","1","0","0","0","2","1","1","-2"
"233921","Virginia Polytechnic Institute and State University","2017","Tenured, associate professors","458","280","178","4","3","1","54","33","21","18","11","7","18","13","5","0","0","0","360","218","142","2","0","2","0","0","0","2","2","0","-2"
"233921","Virginia Polytechnic Institute and State University","2017","On-Tenure track total","421","260","161","1","1","0","72","46","26","10","4","6","9","7","2","1","1","0","261","157","104","2","2","0","0","0","0","65","42","23","-2"
"233921","Virginia Polytechnic Institute and State University","2017","On-tenure track, associate professors","18","16","2","0","0","0","2","2","0","0","0","0","0","0","0","0","0","0","14","12","2","0","0","0","0","0","0","2","2","0","-2"
"233921","Virginia Polytechnic Institute and State University","2017","On-tenure track, assistant professors","403","244","159","1","1","0","70","44","26","10","4","6","9","7","2","1","1","0","247","145","102","2","2","0","0","0","0","63","40","23","-2"
"233921","Virginia Polytechnic Institute and State University","2017","Not on tenure track/No tenure system system total","362","183","179","0","0","0","17","8","9","11","7","4","17","4","13","0","0","0","294","146","148","4","3","1","0","0","0","19","15","4","-2"
"233921","Virginia Polytechnic Institute and State University","2017","Not on tenure/no tenure system, professors","11","10","1","0","0","0","1","1","0","0","0","0","0","0","0","0","0","0","9","8","1","0","0","0","0","0","0","1","1","0","-2"
"233921","Virginia Polytechnic Institute and State University","2017","Not on tenure/no tenure system, associate professors","31","16","15","0","0","0","0","0","0","1","1","0","1","0","1","0","0","0","28","14","14","0","0","0","0","0","0","1","1","0","-2"
"233921","Virginia Polytechnic Institute and State University","2017","Not on tenure/no tenure system, assistant professors","88","49","39","0","0","0","5","5","0","4","1","3","6","3","3","0","0","0","66","35","31","0","0","0","0","0","0","7","5","2","-2"
"233921","Virginia Polytechnic Institute and State University","2017","Not on tenure/no tenure system, instructors","232","108","124","0","0","0","11","2","9","6","5","1","10","1","9","0","0","0","191","89","102","4","3","1","0","0","0","10","8","2","-2"
"234076","University of Virginia-Main Campus","2017","Tenured total","1048","757","291","0","0","0","89","65","24","48","29","19","29","19","10","0","0","0","862","634","228","9","4","5","0","0","0","11","6","5","-2"
"234076","University of Virginia-Main Campus","2017","Tenured, professors","693","543","150","0","0","0","52","46","6","20","15","5","15","11","4","0","0","0","597","467","130","3","1","2","0","0","0","6","3","3","-2"
"234076","University of Virginia-Main Campus","2017","Tenured, associate professors","355","214","141","0","0","0","37","19","18","28","14","14","14","8","6","0","0","0","265","167","98","6","3","3","0","0","0","5","3","2","-2"
"234076","University of Virginia-Main Campus","2017","On-Tenure track total","412","255","157","0","0","0","55","32","23","19","10","9","14","9","5","1","1","0","271","167","104","4","2","2","0","0","0","48","34","14","-2"
"234076","University of Virginia-Main Campus","2017","On-tenure track, associate professors","78","55","23","0","0","0","12","12","0","2","1","1","2","1","1","0","0","0","58","39","19","2","2","0","0","0","0","2","0","2","-2"
"234076","University of Virginia-Main Campus","2017","On-tenure track, assistant professors","334","200","134","0","0","0","43","20","23","17","9","8","12","8","4","1","1","0","213","128","85","2","0","2","0","0","0","46","34","12","-2"
"234076","University of Virginia-Main Campus","2017","Not on tenure track/No tenure system system total","823","409","414","3","1","2","68","32","36","30","10","20","25","10","15","0","0","0","640","329","311","7","2","5","0","0","0","50","25","25","-2"
"234076","University of Virginia-Main Campus","2017","Not on tenure/no tenure system, professors","76","47","29","0","0","0","1","0","1","1","0","1","0","0","0","0","0","0","74","47","27","0","0","0","0","0","0","0","0","0","-2"
"234076","University of Virginia-Main Campus","2017","Not on tenure/no tenure system, associate professors","211","124","87","0","0","0","17","11","6","10","5","5","5","3","2","0","0","0","176","103","73","2","1","1","0","0","0","1","1","0","-2"
"234076","University of Virginia-Main Campus","2017","Not on tenure/no tenure system, assistant professors","389","170","219","2","1","1","41","19","22","13","4","9","15","3","12","0","0","0","295","132","163","3","1","2","0","0","0","20","10","10","-2"
"234076","University of Virginia-Main Campus","2017","Not on tenure/no tenure system, instructors","34","21","13","0","0","0","3","2","1","3","1","2","1","0","1","0","0","0","20","13","7","0","0","0","0","0","0","7","5","2","-2"
"234076","University of Virginia-Main Campus","2017","Not on tenure/no tenure system, lecturers","113","47","66","1","0","1","6","0","6","3","0","3","4","4","0","0","0","0","75","34","41","2","0","2","0","0","0","22","9","13","-2"
"236939","Washington State University","2017","Tenured total","624","422","202","4","3","1","83","68","15","7","5","2","19","11","8","3","2","1","389","247","142","9","4","5","109","81","28","1","1","0","-2"
"236939","Washington State University","2017","Tenured, professors","332","243","89","2","2","0","42","37","5","1","1","0","11","7","4","3","2","1","219","157","62","7","3","4","46","33","13","1","1","0","-2"
"236939","Washington State University","2017","Tenured, associate professors","292","179","113","2","1","1","41","31","10","6","4","2","8","4","4","0","0","0","170","90","80","2","1","1","63","48","15","0","0","0","-2"
"236939","Washington State University","2017","On-Tenure track total","259","151","108","0","0","0","16","8","8","0","0","0","6","2","4","0","0","0","79","32","47","3","0","3","121","86","35","34","23","11","-2"
"236939","Washington State University","2017","On-tenure track, professors","2","1","1","0","0","0","0","0","0","0","0","0","0","0","0","0","0","0","1","0","1","0","0","0","1","1","0","0","0","0","-2"
"236939","Washington State University","2017","On-tenure track, associate professors","16","11","5","0","0","0","1","1","0","0","0","0","0","0","0","0","0","0","6","2","4","0","0","0","9","8","1","0","0","0","-2"
"236939","Washington State University","2017","On-tenure track, assistant professors","241","139","102","0","0","0","15","7","8","0","0","0","6","2","4","0","0","0","72","30","42","3","0","3","111","77","34","34","23","11","-2"
"236939","Washington State University","2017","Not on tenure track/No tenure system system total","500","208","292","2","0","2","16","3","13","4","3","1","22","9","13","0","0","0","302","117","185","4","1","3","126","57","69","24","18","6","-2"
"236939","Washington State University","2017","Not on tenure/no tenure system, instructors","182","59","123","0","0","0","5","0","5","1","1","0","8","2","6","0","0","0","111","33","78","2","0","2","47","18","29","8","5","3","-2"
"236939","Washington State University","2017","Not on tenure/no tenure system, lecturers","5","2","3","0","0","0","0","0","0","0","0","0","0","0","0","0","0","0","2","1","1","0","0","0","3","1","2","0","0","0","-2"
"236939","Washington State University","2017","Not on tenure/no tenure system, no academic rank","313","147","166","2","0","2","11","3","8","3","2","1","14","7","7","0","0","0","189","83","106","2","1","1","76","38","38","16","13","3","-2"
"236948","University of Washington-Seattle Campus","2017","Tenured total","1299","827","472","9","3","6","171","113","58","25","10","15","52","34","18","0","0","0","960","618","342","25","8","17","52","38","14","5","3","2","-2"
"236948","University of Washington-Seattle Campus","2017","Tenured, professors","884","599","285","4","2","2","105","79","26","13","7","6","24","19","5","0","0","0","701","466","235","6","4","2","29","20","9","2","2","0","-2"
"236948","University of Washington-Seattle Campus","2017","Tenured, associate professors","415","228","187","5","1","4","66","34","32","12","3","9","28","15","13","0","0","0","259","152","107","19","4","15","23","18","5","3","1","2","-2"
"236948","University of Washington-Seattle Campus","2017","On-Tenure track total","318","167","151","1","0","1","41","26","15","6","1","5","14","7","7","1","0","1","175","90","85","4","2","2","36","17","19","40","24","16","-2"
"236948","University of Washington-Seattle Campus","2017","On-tenure track, associate professors","8","6","2","0","0","0","0","0","0","0","0","0","0","0","0","0","0","0","5","5","0","1","0","1","2","1","1","0","0","0","-2"
"236948","University of Washington-Seattle Campus","2017","On-tenure track, assistant professors","310","161","149","1","0","1","41","26","15","6","1","5","14","7","7","1","0","1","170","85","85","3","2","1","34","16","18","40","24","16","-2"
"236948","University of Washington-Seattle Campus","2017","Not on tenure track/No tenure system system total","2262","1176","1086","4","1","3","370","190","180","32","16","16","90","47","43","2","2","0","1409","733","676","48","18","30","215","111","104","92","58","34","-2"
"236948","University of Washington-Seattle Campus","2017","Not on tenure/no tenure system, professors","433","296","137","1","1","0","56","38","18","3","2","1","13","10","3","0","0","0","338","226","112","4","4","0","17","14","3","1","1","0","-2"
"236948","University of Washington-Seattle Campus","2017","Not on tenure/no tenure system, associate professors","484","292","192","0","0","0","102","62","40","3","3","0","18","11","7","0","0","0","322","192","130","8","3","5","26","17","9","5","4","1","-2"
"236948","University of Washington-Seattle Campus","2017","Not on tenure/no tenure system, assistant professors","624","309","315","3","0","3","135","65","70","12","5","7","26","12","14","1","1","0","314","146","168","13","5","8","67","38","29","53","37","16","-2"
"236948","University of Washington-Seattle Campus","2017","Not on tenure/no tenure system, instructors","129","71","58","0","0","0","21","9","12","1","0","1","5","4","1","1","1","0","49","25","24","5","2","3","28","19","9","19","11","8","-2"
"236948","University of Washington-Seattle Campus","2017","Not on tenure/no tenure system, lecturers","592","208","384","0","0","0","56","16","40","13","6","7","28","10","18","0","0","0","386","144","242","18","4","14","77","23","54","14","5","9","-2"
"237057","Whitman College","2017","Tenured total","84","50","34","1","0","1","7","2","5","3","1","2","2","2","0","0","0","0","65","44","21","0","0","0","0","0","0","6","1","5","-2"
"237057","Whitman College","2017","Tenured, professors","37","25","12","1","0","1","2","0","2","0","0","0","0","0","0","0","0","0","33","25","8","0","0","0","0","0","0","1","0","1","-2"
"237057","Whitman College","2017","Tenured, associate professors","46","24","22","0","0","0","4","1","3","3","1","2","2","2","0","0","0","0","32","19","13","0","0","0","0","0","0","5","1","4","-2"
"237057","Whitman College","2017","Tenured, assistant professors","1","1","0","0","0","0","1","1","0","0","0","0","0","0","0","0","0","0","0","0","0","0","0","0","0","0","0","0","0","0","-2"
"237057","Whitman College","2017","On-Tenure track total","47","22","25","0","0","0","2","1","1","0","0","0","4","4","0","0","0","0","33","13","20","0","0","0","3","2","1","5","2","3","-2"
"237057","Whitman College","2017","On-tenure track, associate professors","1","1","0","0","0","0","0","0","0","0","0","0","0","0","0","0","0","0","1","1","0","0","0","0","0","0","0","0","0","0","-2"
"237057","Whitman College","2017","On-tenure track, assistant professors","46","21","25","0","0","0","2","1","1","0","0","0","4","4","0","0","0","0","32","12","20","0","0","0","3","2","1","5","2","3","-2"
"237057","Whitman College","2017","Not on tenure track/No tenure system system total","56","30","26","0","0","0","4","2","2","2","1","1","3","3","0","1","1","0","41","21","20","0","0","0","1","0","1","4","2","2","-2"
"237057","Whitman College","2017","Not on tenure/no tenure system, associate professors","1","0","1","0","0","0","0","0","0","0","0","0","0","0","0","0","0","0","1","0","1","0","0","0","0","0","0","0","0","0","-2"
"237057","Whitman College","2017","Not on tenure/no tenure system, assistant professors","18","9","9","0","0","0","1","0","1","1","1","0","1","1","0","0","0","0","13","6","7","0","0","0","0","0","0","2","1","1","-2"
"237057","Whitman College","2017","Not on tenure/no tenure system, instructors","12","6","6","0","0","0","3","2","1","1","0","1","1","1","0","0","0","0","5","3","2","0","0","0","1","0","1","1","0","1","-2"
"237057","Whitman College","2017","Not on tenure/no tenure system, lecturers","25","15","10","0","0","0","0","0","0","0","0","0","1","1","0","1","1","0","22","12","10","0","0","0","0","0","0","1","1","0","-2"
"237525","Marshall University","2017","Tenured total","378","232","146","1","0","1","41","30","11","9","7","2","7","4","3","0","0","0","311","189","122","0","0","0","1","0","1","8","2","6","-2"
"237525","Marshall University","2017","Tenured, professors","224","145","79","1","0","1","25","19","6","7","6","1","6","3","3","0","0","0","181","117","64","0","0","0","0","0","0","4","0","4","-2"
"237525","Marshall University","2017","Tenured, associate professors","151","87","64","0","0","0","16","11","5","2","1","1","1","1","0","0","0","0","127","72","55","0","0","0","1","0","1","4","2","2","-2"
"237525","Marshall University","2017","Tenured, assistant professors","3","0","3","0","0","0","0","0","0","0","0","0","0","0","0","0","0","0","3","0","3","0","0","0","0","0","0","0","0","0","-2"
"237525","Marshall University","2017","On-Tenure track total","183","88","95","1","0","1","28","19","9","6","4","2","3","1","2","0","0","0","134","58","76","0","0","0","9","5","4","2","1","1","-2"
"237525","Marshall University","2017","On-tenure track, professors","6","6","0","0","0","0","0","0","0","0","0","0","0","0","0","0","0","0","4","4","0","0","0","0","2","2","0","0","0","0","-2"
"237525","Marshall University","2017","On-tenure track, associate professors","28","9","19","0","0","0","4","1","3","1","1","0","0","0","0","0","0","0","23","7","16","0","0","0","0","0","0","0","0","0","-2"
"237525","Marshall University","2017","On-tenure track, assistant professors","149","73","76","1","0","1","24","18","6","5","3","2","3","1","2","0","0","0","107","47","60","0","0","0","7","3","4","2","1","1","-2"
"237525","Marshall University","2017","Not on tenure track/No tenure system system total","239","127","112","0","0","0","22","10","12","7","3","4","3","0","3","0","0","0","182","100","82","0","0","0","20","10","10","5","4","1","-2"
"237525","Marshall University","2017","Not on tenure/no tenure system, professors","10","5","5","0","0","0","1","0","1","0","0","0","0","0","0","0","0","0","8","4","4","0","0","0","1","1","0","0","0","0","-2"
"237525","Marshall University","2017","Not on tenure/no tenure system, associate professors","27","21","6","0","0","0","2","1","1","3","2","1","1","0","1","0","0","0","18","15","3","0","0","0","2","2","0","1","1","0","-2"
"237525","Marshall University","2017","Not on tenure/no tenure system, assistant professors","118","71","47","0","0","0","16","9","7","3","1","2","1","0","1","0","0","0","86","53","33","0","0","0","10","6","4","2","2","0","-2"
"237525","Marshall University","2017","Not on tenure/no tenure system, instructors","83","29","54","0","0","0","3","0","3","1","0","1","1","0","1","0","0","0","69","27","42","0","0","0","7","1","6","2","1","1","-2"
"237525","Marshall University","2017","Not on tenure/no tenure system, lecturers","1","1","0","0","0","0","0","0","0","0","0","0","0","0","0","0","0","0","1","1","0","0","0","0","0","0","0","0","0","0","-2"
"239512","Northland College","2017","Tenured total","22","13","9","0","0","0","1","1","0","0","0","0","0","0","0","0","0","0","21","12","9","0","0","0","0","0","0","0","0","0","-2"
"239512","Northland College","2017","Tenured, professors","16","11","5","0","0","0","1","1","0","0","0","0","0","0","0","0","0","0","15","10","5","0","0","0","0","0","0","0","0","0","-2"
"239512","Northland College","2017","Tenured, associate professors","6","2","4","0","0","0","0","0","0","0","0","0","0","0","0","0","0","0","6","2","4","0","0","0","0","0","0","0","0","0","-2"
"239512","Northland College","2017","On-Tenure track total","18","14","4","0","0","0","0","0","0","0","0","0","0","0","0","0","0","0","18","14","4","0","0","0","0","0","0","0","0","0","-2"
"239512","Northland College","2017","On-tenure track, assistant professors","18","14","4","0","0","0","0","0","0","0","0","0","0","0","0","0","0","0","18","14","4","0","0","0","0","0","0","0","0","0","-2"
"239512","Northland College","2017","Not on tenure track/No tenure system system total","9","3","6","0","0","0","0","0","0","0","0","0","0","0","0","0","0","0","9","3","6","0","0","0","0","0","0","0","0","0","-2"
"239512","Northland College","2017","Not on tenure/no tenure system, assistant professors","6","3","3","0","0","0","0","0","0","0","0","0","0","0","0","0","0","0","6","3","3","0","0","0","0","0","0","0","0","0","-2"
"239512","Northland College","2017","Not on tenure/no tenure system, instructors","3","0","3","0","0","0","0","0","0","0","0","0","0","0","0","0","0","0","3","0","3","0","0","0","0","0","0","0","0","0","-2"
"240444","University of Wisconsin-Madison","2017","Tenured total","1496","1011","485","4","2","2","181","128","53","27","13","14","48","27","21","1","0","1","1194","816","378","13","7","6","22","14","8","6","4","2","-2"
"240444","University of Wisconsin-Madison","2017","Tenured, professors","1139","808","331","3","1","2","136","99","37","20","10","10","29","19","10","1","0","1","928","666","262","8","6","2","12","6","6","2","1","1","-2"
"240444","University of Wisconsin-Madison","2017","Tenured, associate professors","357","203","154","1","1","0","45","29","16","7","3","4","19","8","11","0","0","0","266","150","116","5","1","4","10","8","2","4","3","1","-2"
"240444","University of Wisconsin-Madison","2017","On-Tenure track total","428","243","185","1","1","0","61","33","28","19","6","13","19","11","8","1","0","1","237","135","102","9","5","4","39","23","16","42","29","13","-2"
"240444","University of Wisconsin-Madison","2017","On-tenure track, assistant professors","428","243","185","1","1","0","61","33","28","19","6","13","19","11","8","1","0","1","237","135","102","9","5","4","39","23","16","42","29","13","-2"
"240444","University of Wisconsin-Madison","2017","Not on tenure track/No tenure system system total","1518","842","676","3","2","1","113","56","57","20","10","10","34","20","14","1","0","1","1120","605","515","18","6","12","158","106","52","51","37","14","-2"
"240444","University of Wisconsin-Madison","2017","Not on tenure/no tenure system, professors","366","218","148","1","0","1","20","10","10","4","2","2","7","5","2","0","0","0","315","184","131","3","1","2","13","13","0","3","3","0","-2"
"240444","University of Wisconsin-Madison","2017","Not on tenure/no tenure system, associate professors","370","219","151","0","0","0","28","19","9","3","2","1","3","1","2","0","0","0","310","179","131","1","0","1","22","15","7","3","3","0","-2"
"240444","University of Wisconsin-Madison","2017","Not on tenure/no tenure system, assistant professors","515","275","240","2","2","0","42","18","24","11","5","6","16","9","7","1","0","1","307","159","148","10","3","7","94","56","38","32","23","9","-2"
"240444","University of Wisconsin-Madison","2017","Not on tenure/no tenure system, instructors","166","79","87","0","0","0","16","6","10","1","0","1","5","3","2","0","0","0","106","43","63","2","0","2","27","21","6","9","6","3","-2"
"240444","University of Wisconsin-Madison","2017","Not on tenure/no tenure system, lecturers","101","51","50","0","0","0","7","3","4","1","1","0","3","2","1","0","0","0","82","40","42","2","2","0","2","1","1","4","2","2","-2"
"240453","University of Wisconsin-Milwaukee","2017","Tenured total","543","348","195","5","4","1","108","80","28","25","16","9","25","17","8","0","0","0","374","228","146","4","2","2","0","0","0","2","1","1","240453"
"240453","University of Wisconsin-Milwaukee","2017","Tenured, professors","216","154","62","1","0","1","39","34","5","9","6","3","10","7","3","0","0","0","155","106","49","2","1","1","0","0","0","0","0","0","240453"
"240453","University of Wisconsin-Milwaukee","2017","Tenured, associate professors","322","190","132","4","4","0","68","45","23","16","10","6","14","9","5","0","0","0","216","120","96","2","1","1","0","0","0","2","1","1","240453"
"240453","University of Wisconsin-Milwaukee","2017","Tenured, assistant professors","5","4","1","0","0","0","1","1","0","0","0","0","1","1","0","0","0","0","3","2","1","0","0","0","0","0","0","0","0","0","240453"
"240453","University of Wisconsin-Milwaukee","2017","On-Tenure track total","102","46","56","0","0","0","15","6","9","3","1","2","8","2","6","0","0","0","61","26","35","0","0","0","0","0","0","15","11","4","240453"
"240453","University of Wisconsin-Milwaukee","2017","On-tenure track, associate professors","10","3","7","0","0","0","2","0","2","0","0","0","2","0","2","0","0","0","4","1","3","0","0","0","0","0","0","2","2","0","240453"
"240453","University of Wisconsin-Milwaukee","2017","On-tenure track, assistant professors","92","43","49","0","0","0","13","6","7","3","1","2","6","2","4","0","0","0","57","25","32","0","0","0","0","0","0","13","9","4","240453"
"240453","University of Wisconsin-Milwaukee","2017","Not on tenure track/No tenure system system total","351","119","232","1","0","1","22","11","11","14","2","12","7","1","6","0","0","0","293","98","195","4","2","2","0","0","0","10","5","5","240453"
"240453","University of Wisconsin-Milwaukee","2017","Not on tenure/no tenure system, professors","17","7","10","0","0","0","2","2","0","1","0","1","0","0","0","0","0","0","14","5","9","0","0","0","0","0","0","0","0","0","240453"
"240453","University of Wisconsin-Milwaukee","2017","Not on tenure/no tenure system, associate professors","23","1","22","0","0","0","1","1","0","2","0","2","1","0","1","0","0","0","19","0","19","0","0","0","0","0","0","0","0","0","240453"
"240453","University of Wisconsin-Milwaukee","2017","Not on tenure/no tenure system, assistant professors","77","17","60","1","0","1","6","3","3","7","0","7","1","0","1","0","0","0","52","8","44","2","1","1","0","0","0","8","5","3","240453"
"240453","University of Wisconsin-Milwaukee","2017","Not on tenure/no tenure system, instructors","31","6","25","0","0","0","1","1","0","2","0","2","0","0","0","0","0","0","27","4","23","1","1","0","0","0","0","0","0","0","240453"
"240453","University of Wisconsin-Milwaukee","2017","Not on tenure/no tenure system, lecturers","203","88","115","0","0","0","12","4","8","2","2","0","5","1","4","0","0","0","181","81","100","1","0","1","0","0","0","2","0","2","240453"
"240727","University of Wyoming","2017","Tenured total","386","259","127","3","2","1","25","18","7","8","4","4","10","5","5","1","1","0","278","192","86","0","0","0","50","27","23","11","10","1","-2"
"240727","University of Wyoming","2017","Tenured, professors","190","142","48","0","0","0","10","10","0","5","2","3","7","5","2","1","1","0","150","111","39","0","0","0","16","12","4","1","1","0","-2"
"240727","University of Wyoming","2017","Tenured, associate professors","196","117","79","3","2","1","15","8","7","3","2","1","3","0","3","0","0","0","128","81","47","0","0","0","34","15","19","10","9","1","-2"
"240727","University of Wyoming","2017","On-Tenure track total","146","87","59","0","0","0","12","8","4","1","0","1","1","0","1","0","0","0","47","29","18","0","0","0","65","35","30","20","15","5","-2"
"240727","University of Wyoming","2017","On-tenure track, associate professors","9","5","4","0","0","0","0","0","0","0","0","0","0","0","0","0","0","0","4","3","1","0","0","0","5","2","3","0","0","0","-2"
"240727","University of Wyoming","2017","On-tenure track, assistant professors","136","81","55","0","0","0","12","8","4","1","0","1","1","0","1","0","0","0","43","26","17","0","0","0","59","32","27","20","15","5","-2"
"240727","University of Wyoming","2017","On-tenure track, instructors","1","1","0","0","0","0","0","0","0","0","0","0","0","0","0","0","0","0","0","0","0","0","0","0","1","1","0","0","0","0","-2"
"240727","University of Wyoming","2017","Not on tenure track/No tenure system system total","191","93","98","0","0","0","3","1","2","0","0","0","2","0","2","0","0","0","120","55","65","1","0","1","54","32","22","11","5","6","-2"
"240727","University of Wyoming","2017","Not on tenure/no tenure system, professors","1","1","0","0","0","0","0","0","0","0","0","0","0","0","0","0","0","0","0","0","0","0","0","0","1","1","0","0","0","0","-2"
"240727","University of Wyoming","2017","Not on tenure/no tenure system, instructors","15","13","2","0","0","0","0","0","0","0","0","0","0","0","0","0","0","0","7","7","0","0","0","0","7","5","2","1","1","0","-2"
"240727","University of Wyoming","2017","Not on tenure/no tenure system, lecturers","175","79","96","0","0","0","3","1","2","0","0","0","2","0","2","0","0","0","113","48","65","1","0","1","46","26","20","10","4","6","-2"
"243665","University of the Virgin Islands","2017","Tenured total","41","26","15","0","0","0","1","1","0","15","11","4","2","0","2","0","0","0","22","14","8","0","0","0","1","0","1","0","0","0","-2"
"243665","University of the Virgin Islands","2017","Tenured, professors","19","13","6","0","0","0","0","0","0","7","5","2","0","0","0","0","0","0","12","8","4","0","0","0","0","0","0","0","0","0","-2"
"243665","University of the Virgin Islands","2017","Tenured, associate professors","13","10","3","0","0","0","1","1","0","5","4","1","0","0","0","0","0","0","7","5","2","0","0","0","0","0","0","0","0","0","-2"
"243665","University of the Virgin Islands","2017","Tenured, assistant professors","8","3","5","0","0","0","0","0","0","3","2","1","1","0","1","0","0","0","3","1","2","0","0","0","1","0","1","0","0","0","-2"
"243665","University of the Virgin Islands","2017","Tenured, instructors","1","0","1","0","0","0","0","0","0","0","0","0","1","0","1","0","0","0","0","0","0","0","0","0","0","0","0","0","0","0","-2"
"243665","University of the Virgin Islands","2017","On-Tenure track total","17","11","6","0","0","0","2","2","0","7","2","5","0","0","0","0","0","0","8","7","1","0","0","0","0","0","0","0","0","0","-2"
"243665","University of the Virgin Islands","2017","On-tenure track, professors","1","1","0","0","0","0","0","0","0","0","0","0","0","0","0","0","0","0","1","1","0","0","0","0","0","0","0","0","0","0","-2"
"243665","University of the Virgin Islands","2017","On-tenure track, associate professors","5","4","1","0","0","0","1","1","0","3","2","1","0","0","0","0","0","0","1","1","0","0","0","0","0","0","0","0","0","0","-2"
"243665","University of the Virgin Islands","2017","On-tenure track, assistant professors","11","6","5","0","0","0","1","1","0","4","0","4","0","0","0","0","0","0","6","5","1","0","0","0","0","0","0","0","0","0","-2"
"243665","University of the Virgin Islands","2017","Not on tenure track/No tenure system system total","39","14","25","0","0","0","1","0","1","18","6","12","1","1","0","0","0","0","17","6","11","0","0","0","2","1","1","0","0","0","-2"
"243665","University of the Virgin Islands","2017","Not on tenure/no tenure system, professors","2","0","2","0","0","0","0","0","0","1","0","1","0","0","0","0","0","0","1","0","1","0","0","0","0","0","0","0","0","0","-2"
"243665","University of the Virgin Islands","2017","Not on tenure/no tenure system, associate professors","7","3","4","0","0","0","0","0","0","5","2","3","1","1","0","0","0","0","1","0","1","0","0","0","0","0","0","0","0","0","-2"
"243665","University of the Virgin Islands","2017","Not on tenure/no tenure system, assistant professors","23","7","16","0","0","0","1","0","1","10","3","7","0","0","0","0","0","0","10","3","7","0","0","0","2","1","1","0","0","0","-2"
"243665","University of the Virgin Islands","2017","Not on tenure/no tenure system, instructors","7","4","3","0","0","0","0","0","0","2","1","1","0","0","0","0","0","0","5","3","2","0","0","0","0","0","0","0","0","0","-2"
"243744","Stanford University","2017","Tenured total","1127","867","260","1","1","0","129","100","29","26","16","10","35","24","11","0","0","0","787","611","176","9","3","6","37","32","5","103","80","23","-2"
"243744","Stanford University","2017","Tenured, professors","905","713","192","1","1","0","91","74","17","18","13","5","23","17","6","0","0","0","653","514","139","5","1","4","32","27","5","82","66","16","-2"
"243744","Stanford University","2017","Tenured, associate professors","222","154","68","0","0","0","38","26","12","8","3","5","12","7","5","0","0","0","134","97","37","4","2","2","5","5","0","21","14","7","-2"
"243744","Stanford University","2017","On-Tenure track total","342","206","136","1","0","1","51","32","19","5","1","4","19","12","7","0","0","0","176","107","69","5","1","4","25","19","6","60","34","26","-2"
"243744","Stanford University","2017","On-tenure track, professors","8","5","3","0","0","0","1","1","0","0","0","0","1","1","0","0","0","0","5","2","3","0","0","0","0","0","0","1","1","0","-2"
"243744","Stanford University","2017","On-tenure track, associate professors","29","21","8","0","0","0","4","2","2","0","0","0","2","2","0","0","0","0","19","13","6","0","0","0","1","1","0","3","3","0","-2"
"243744","Stanford University","2017","On-tenure track, assistant professors","305","180","125","1","0","1","46","29","17","5","1","4","16","9","7","0","0","0","152","92","60","5","1","4","24","18","6","56","30","26","-2"
"243744","Stanford University","2017","Not on tenure track/No tenure system system total","583","390","193","1","1","0","143","85","58","11","4","7","25","22","3","0","0","0","356","245","111","4","3","1","16","11","5","27","19","8","-2"
"243744","Stanford University","2017","Not on tenure/no tenure system, professors","285","208","77","0","0","0","53","33","20","2","0","2","11","11","0","0","0","0","198","146","52","2","2","0","5","5","0","14","11","3","-2"
"243744","Stanford University","2017","Not on tenure/no tenure system, associate professors","168","110","58","0","0","0","45","27","18","5","2","3","8","6","2","0","0","0","99","69","30","1","0","1","5","3","2","5","3","2","-2"
"243744","Stanford University","2017","Not on tenure/no tenure system, assistant professors","130","72","58","1","1","0","45","25","20","4","2","2","6","5","1","0","0","0","59","30","29","1","1","0","6","3","3","8","5","3","-2"
"243780","Purdue University-Main Campus","2017","Tenured total","1227","915","312","1","1","0","248","193","55","36","24","12","50","38","12","1","1","0","878","651","227","11","6","5","1","0","1","1","1","0","-2"
"243780","Purdue University-Main Campus","2017","Tenured, professors","758","610","148","1","1","0","167","140","27","15","15","0","27","20","7","0","0","0","542","432","110","5","2","3","1","0","1","0","0","0","-2"
"243780","Purdue University-Main Campus","2017","Tenured, associate professors","467","304","163","0","0","0","81","53","28","21","9","12","23","18","5","1","1","0","334","218","116","6","4","2","0","0","0","1","1","0","-2"
"243780","Purdue University-Main Campus","2017","Tenured, assistant professors","2","1","1","0","0","0","0","0","0","0","0","0","0","0","0","0","0","0","2","1","1","0","0","0","0","0","0","0","0","0","-2"
"243780","Purdue University-Main Campus","2017","On-Tenure track total","461","276","185","1","0","1","84","53","31","14","7","7","16","12","4","0","0","0","251","141","110","8","3","5","2","0","2","85","60","25","-2"
"243780","Purdue University-Main Campus","2017","On-tenure track, professors","3","3","0","0","0","0","0","0","0","0","0","0","0","0","0","0","0","0","1","1","0","0","0","0","0","0","0","2","2","0","-2"
"243780","Purdue University-Main Campus","2017","On-tenure track, associate professors","13","9","4","0","0","0","2","2","0","2","1","1","0","0","0","0","0","0","4","2","2","0","0","0","0","0","0","5","4","1","-2"
"243780","Purdue University-Main Campus","2017","On-tenure track, assistant professors","445","264","181","1","0","1","82","51","31","12","6","6","16","12","4","0","0","0","246","138","108","8","3","5","2","0","2","78","54","24","-2"
"243780","Purdue University-Main Campus","2017","Not on tenure track/No tenure system system total","84","60","24","0","0","0","8","5","3","2","0","2","2","2","0","0","0","0","38","24","14","1","0","1","1","1","0","32","28","4","-2"
"243780","Purdue University-Main Campus","2017","Not on tenure/no tenure system, professors","6","6","0","0","0","0","0","0","0","0","0","0","0","0","0","0","0","0","3","3","0","0","0","0","0","0","0","3","3","0","-2"
"243780","Purdue University-Main Campus","2017","Not on tenure/no tenure system, associate professors","3","2","1","0","0","0","0","0","0","0","0","0","0","0","0","0","0","0","2","1","1","0","0","0","0","0","0","1","1","0","-2"
"243780","Purdue University-Main Campus","2017","Not on tenure/no tenure system, assistant professors","56","38","18","0","0","0","6","4","2","1","0","1","1","1","0","0","0","0","20","9","11","1","0","1","1","1","0","26","23","3","-2"
"243780","Purdue University-Main Campus","2017","Not on tenure/no tenure system, instructors","5","4","1","0","0","0","1","0","1","0","0","0","1","1","0","0","0","0","3","3","0","0","0","0","0","0","0","0","0","0","-2"
"243780","Purdue University-Main Campus","2017","Not on tenure/no tenure system, lecturers","14","10","4","0","0","0","1","1","0","1","0","1","0","0","0","0","0","0","10","8","2","0","0","0","0","0","0","2","1","1","-2"
"409698","California State University-Monterey Bay","2017","Tenured total","91","47","44","1","1","0","17","7","10","4","3","1","18","11","7","1","0","1","44","23","21","1","0","1","5","2","3","0","0","0","-2"
"409698","California State University-Monterey Bay","2017","Tenured, professors","59","33","26","1","1","0","13","6","7","2","1","1","10","7","3","1","0","1","30","18","12","1","0","1","1","0","1","0","0","0","-2"
"409698","California State University-Monterey Bay","2017","Tenured, associate professors","31","14","17","0","0","0","4","1","3","2","2","0","8","4","4","0","0","0","13","5","8","0","0","0","4","2","2","0","0","0","-2"
"409698","California State University-Monterey Bay","2017","Tenured, no academic rank","1","0","1","0","0","0","0","0","0","0","0","0","0","0","0","0","0","0","1","0","1","0","0","0","0","0","0","0","0","0","-2"
"409698","California State University-Monterey Bay","2017","On-Tenure track total","65","29","36","1","1","0","6","3","3","2","1","1","10","4","6","0","0","0","40","16","24","1","1","0","1","1","0","4","2","2","-2"
"409698","California State University-Monterey Bay","2017","On-tenure track, associate professors","5","4","1","0","0","0","0","0","0","0","0","0","0","0","0","0","0","0","4","3","1","0","0","0","0","0","0","1","1","0","-2"
"409698","California State University-Monterey Bay","2017","On-tenure track, assistant professors","60","25","35","1","1","0","6","3","3","2","1","1","10","4","6","0","0","0","36","13","23","1","1","0","1","1","0","3","1","2","-2"
"409698","California State University-Monterey Bay","2017","Not on tenure track/No tenure system system total","43","17","26","0","0","0","2","1","1","1","0","1","9","4","5","0","0","0","28","10","18","1","1","0","2","1","1","0","0","0","-2"
"409698","California State University-Monterey Bay","2017","Not on tenure/no tenure system, lecturers","43","17","26","0","0","0","2","1","1","1","0","1","9","4","5","0","0","0","28","10","18","1","1","0","2","1","1","0","0","0","-2"
"445188","University of California-Merced","2017","Tenured total","127","83","44","2","0","2","23","17","6","2","1","1","16","13","3","0","0","0","82","51","31","1","1","0","1","0","1","0","0","0","-2"
"445188","University of California-Merced","2017","Tenured, professors","58","43","15","1","0","1","9","9","0","0","0","0","7","7","0","0","0","0","40","27","13","0","0","0","1","0","1","0","0","0","-2"
"445188","University of California-Merced","2017","Tenured, associate professors","63","38","25","1","0","1","13","8","5","2","1","1","7","5","2","0","0","0","39","23","16","1","1","0","0","0","0","0","0","0","-2"
"445188","University of California-Merced","2017","Tenured, lecturers","6","2","4","0","0","0","1","0","1","0","0","0","2","1","1","0","0","0","3","1","2","0","0","0","0","0","0","0","0","0","-2"
"445188","University of California-Merced","2017","On-Tenure track total","118","66","52","1","0","1","25","13","12","2","1","1","19","7","12","0","0","0","50","29","21","3","1","2","3","3","0","15","12","3","-2"
"445188","University of California-Merced","2017","On-tenure track, associate professors","3","1","2","0","0","0","0","0","0","0","0","0","3","1","2","0","0","0","0","0","0","0","0","0","0","0","0","0","0","0","-2"
"445188","University of California-Merced","2017","On-tenure track, assistant professors","105","58","47","1","0","1","25","13","12","2","1","1","14","4","10","0","0","0","43","25","18","3","1","2","3","3","0","14","11","3","-2"
"445188","University of California-Merced","2017","On-tenure track, lecturers","10","7","3","0","0","0","0","0","0","0","0","0","2","2","0","0","0","0","7","4","3","0","0","0","0","0","0","1","1","0","-2"
"445188","University of California-Merced","2017","Not on tenure track/No tenure system system total","107","48","59","0","0","0","7","1","6","1","1","0","22","8","14","0","0","0","68","32","36","2","2","0","3","2","1","4","2","2","-2"
"445188","University of California-Merced","2017","Not on tenure/no tenure system, assistant professors","2","1","1","0","0","0","0","0","0","0","0","0","1","1","0","0","0","0","0","0","0","0","0","0","0","0","0","1","0","1","-2"
"445188","University of California-Merced","2017","Not on tenure/no tenure system, lecturers","105","47","58","0","0","0","7","1","6","1","1","0","21","7","14","0","0","0","68","32","36","2","2","0","3","2","1","3","2","1","-2"
