"unitid","institution name","year","S2015_IS.Instructional staff category","S2015_IS_RV.Grand total","S2015_IS_RV.Grand total men","S2015_IS_RV.Grand total women","S2015_IS_RV.American Indian or Alaska Native total","S2015_IS_RV.American Indian or Alaska Native men","S2015_IS_RV.American Indian or Alaska Native women","S2015_IS_RV.Asian total","S2015_IS_RV.Asian men","S2015_IS_RV.Asian women","S2015_IS_RV.Black or African American total","S2015_IS_RV.Black or African American men","S2015_IS_RV.Black or African American women","S2015_IS_RV.Hispanic or Latino total","S2015_IS_RV.Hispanic or Latino men","S2015_IS_RV.Hispanic or Latino women","S2015_IS_RV.Native Hawaiian or Other Pacific Islander total","S2015_IS_RV.Native Hawaiian or Other Pacific Islander men","S2015_IS_RV.Native Hawaiian or Other Pacific Islander women","S2015_IS_RV.White total","S2015_IS_RV.White men","S2015_IS_RV.White women","S2015_IS_RV.Two or more races total","S2015_IS_RV.Two or more races men","S2015_IS_RV.Two or more races women","S2015_IS_RV.Race/ethnicity unknown total","S2015_IS_RV.Race/ethnicity unknown men","S2015_IS_RV.Race/ethnicity unknown women","S2015_IS_RV.Nonresident alien total","S2015_IS_RV.Nonresident alien men","S2015_IS_RV.Nonresident alien women","IDX_HR"
"100654","Alabama A & M University","2015","Tenured total","91","67","24","0","0","0","10","9","1","75","56","19","0","0","0","0","0","0","3","0","3","0","0","0","1","0","1","2","2","0","-2"
"100654","Alabama A & M University","2015","Tenured, professors","45","34","11","0","0","0","6","6","0","35","27","8","0","0","0","0","0","0","2","0","2","0","0","0","1","0","1","1","1","0","-2"
"100654","Alabama A & M University","2015","Tenured, associate professors","34","27","7","0","0","0","4","3","1","29","23","6","0","0","0","0","0","0","0","0","0","0","0","0","0","0","0","1","1","0","-2"
"100654","Alabama A & M University","2015","Tenured, assistant professors","12","6","6","0","0","0","0","0","0","11","6","5","0","0","0","0","0","0","1","0","1","0","0","0","0","0","0","0","0","0","-2"
"100654","Alabama A & M University","2015","On-Tenure track total","49","25","24","0","0","0","3","1","2","27","9","18","0","0","0","0","0","0","7","6","1","0","0","0","0","0","0","12","9","3","-2"
"100654","Alabama A & M University","2015","On-tenure track, professors","4","4","0","0","0","0","1","1","0","1","1","0","0","0","0","0","0","0","1","1","0","0","0","0","0","0","0","1","1","0","-2"
"100654","Alabama A & M University","2015","On-tenure track, associate professors","14","4","10","0","0","0","1","0","1","7","1","6","0","0","0","0","0","0","3","2","1","0","0","0","0","0","0","3","1","2","-2"
"100654","Alabama A & M University","2015","On-tenure track, assistant professors","30","17","13","0","0","0","1","0","1","18","7","11","0","0","0","0","0","0","3","3","0","0","0","0","0","0","0","8","7","1","-2"
"100654","Alabama A & M University","2015","On-tenure track, instructors","1","0","1","0","0","0","0","0","0","1","0","1","0","0","0","0","0","0","0","0","0","0","0","0","0","0","0","0","0","0","-2"
"100654","Alabama A & M University","2015","Not on tenure track/No tenure system system total","104","47","57","0","0","0","1","1","0","71","32","39","0","0","0","0","0","0","20","8","12","0","0","0","1","0","1","11","6","5","-2"
"100654","Alabama A & M University","2015","Not on tenure/no tenure system, professors","2","1","1","0","0","0","0","0","0","2","1","1","0","0","0","0","0","0","0","0","0","0","0","0","0","0","0","0","0","0","-2"
"100654","Alabama A & M University","2015","Not on tenure/no tenure system, associate professors","13","10","3","0","0","0","0","0","0","8","6","2","0","0","0","0","0","0","4","3","1","0","0","0","0","0","0","1","1","0","-2"
"100654","Alabama A & M University","2015","Not on tenure/no tenure system, assistant professors","49","25","24","0","0","0","0","0","0","31","17","14","0","0","0","0","0","0","10","5","5","0","0","0","0","0","0","8","3","5","-2"
"100654","Alabama A & M University","2015","Not on tenure/no tenure system, instructors","37","11","26","0","0","0","1","1","0","28","8","20","0","0","0","0","0","0","6","0","6","0","0","0","0","0","0","2","2","0","-2"
"100654","Alabama A & M University","2015","Not on tenure/no tenure system, no academic rank","3","0","3","0","0","0","0","0","0","2","0","2","0","0","0","0","0","0","0","0","0","0","0","0","1","0","1","0","0","0","-2"
"100706","University of Alabama in Huntsville","2015","Tenured total","155","117","38","0","0","0","34","31","3","6","3","3","5","4","1","0","0","0","109","79","30","1","0","1","0","0","0","0","0","0","-2"
"100706","University of Alabama in Huntsville","2015","Tenured, professors","69","57","12","0","0","0","13","13","0","1","1","0","2","2","0","0","0","0","53","41","12","0","0","0","0","0","0","0","0","0","-2"
"100706","University of Alabama in Huntsville","2015","Tenured, associate professors","85","60","25","0","0","0","21","18","3","5","2","3","2","2","0","0","0","0","56","38","18","1","0","1","0","0","0","0","0","0","-2"
"100706","University of Alabama in Huntsville","2015","Tenured, assistant professors","1","0","1","0","0","0","0","0","0","0","0","0","1","0","1","0","0","0","0","0","0","0","0","0","0","0","0","0","0","0","-2"
"100706","University of Alabama in Huntsville","2015","On-Tenure track total","74","47","27","0","0","0","13","10","3","1","0","1","0","0","0","0","0","0","45","28","17","0","0","0","0","0","0","15","9","6","-2"
"100706","University of Alabama in Huntsville","2015","On-tenure track, associate professors","8","4","4","0","0","0","2","2","0","0","0","0","0","0","0","0","0","0","6","2","4","0","0","0","0","0","0","0","0","0","-2"
"100706","University of Alabama in Huntsville","2015","On-tenure track, assistant professors","66","43","23","0","0","0","11","8","3","1","0","1","0","0","0","0","0","0","39","26","13","0","0","0","0","0","0","15","9","6","-2"
"100706","University of Alabama in Huntsville","2015","Not on tenure track/No tenure system system total","92","23","69","0","0","0","3","1","2","6","1","5","3","0","3","1","0","1","78","20","58","0","0","0","0","0","0","1","1","0","-2"
"100706","University of Alabama in Huntsville","2015","Not on tenure/no tenure system, associate professors","7","2","5","0","0","0","0","0","0","0","0","0","1","0","1","0","0","0","6","2","4","0","0","0","0","0","0","0","0","0","-2"
"100706","University of Alabama in Huntsville","2015","Not on tenure/no tenure system, assistant professors","24","3","21","0","0","0","0","0","0","2","0","2","0","0","0","0","0","0","22","3","19","0","0","0","0","0","0","0","0","0","-2"
"100706","University of Alabama in Huntsville","2015","Not on tenure/no tenure system, instructors","11","0","11","0","0","0","0","0","0","1","0","1","0","0","0","1","0","1","9","0","9","0","0","0","0","0","0","0","0","0","-2"
"100706","University of Alabama in Huntsville","2015","Not on tenure/no tenure system, lecturers","50","18","32","0","0","0","3","1","2","3","1","2","2","0","2","0","0","0","41","15","26","0","0","0","0","0","0","1","1","0","-2"
"100751","The University of Alabama","2015","Tenured total","588","389","199","0","0","0","54","42","12","31","12","19","17","10","7","0","0","0","481","324","157","1","0","1","0","0","0","4","1","3","-2"
"100751","The University of Alabama","2015","Tenured, professors","290","220","70","0","0","0","28","25","3","11","6","5","6","5","1","0","0","0","243","183","60","1","0","1","0","0","0","1","1","0","-2"
"100751","The University of Alabama","2015","Tenured, associate professors","291","167","124","0","0","0","26","17","9","19","6","13","10","4","6","0","0","0","233","140","93","0","0","0","0","0","0","3","0","3","-2"
"100751","The University of Alabama","2015","Tenured, assistant professors","7","2","5","0","0","0","0","0","0","1","0","1","1","1","0","0","0","0","5","1","4","0","0","0","0","0","0","0","0","0","-2"
"100751","The University of Alabama","2015","On-Tenure track total","307","172","135","0","0","0","28","16","12","21","9","12","3","0","3","0","0","0","202","115","87","1","0","1","16","8","8","36","24","12","-2"
"100751","The University of Alabama","2015","On-tenure track, professors","4","3","1","0","0","0","0","0","0","0","0","0","0","0","0","0","0","0","4","3","1","0","0","0","0","0","0","0","0","0","-2"
"100751","The University of Alabama","2015","On-tenure track, associate professors","18","12","6","0","0","0","3","3","0","1","0","1","0","0","0","0","0","0","12","7","5","0","0","0","2","2","0","0","0","0","-2"
"100751","The University of Alabama","2015","On-tenure track, assistant professors","285","157","128","0","0","0","25","13","12","20","9","11","3","0","3","0","0","0","186","105","81","1","0","1","14","6","8","36","24","12","-2"
"100751","The University of Alabama","2015","Not on tenure track/No tenure system system total","433","188","245","0","0","0","6","1","5","24","9","15","15","7","8","0","0","0","367","160","207","2","0","2","6","4","2","13","7","6","-2"
"100751","The University of Alabama","2015","Not on tenure/no tenure system, professors","10","7","3","0","0","0","0","0","0","0","0","0","1","1","0","0","0","0","8","5","3","0","0","0","0","0","0","1","1","0","-2"
"100751","The University of Alabama","2015","Not on tenure/no tenure system, associate professors","24","11","13","0","0","0","1","0","1","2","0","2","0","0","0","0","0","0","21","11","10","0","0","0","0","0","0","0","0","0","-2"
"100751","The University of Alabama","2015","Not on tenure/no tenure system, assistant professors","106","37","69","0","0","0","2","1","1","6","2","4","1","0","1","0","0","0","89","29","60","1","0","1","3","2","1","4","3","1","-2"
"100751","The University of Alabama","2015","Not on tenure/no tenure system, instructors","279","123","156","0","0","0","3","0","3","15","6","9","13","6","7","0","0","0","236","106","130","1","0","1","3","2","1","8","3","5","-2"
"100751","The University of Alabama","2015","Not on tenure/no tenure system, lecturers","14","10","4","0","0","0","0","0","0","1","1","0","0","0","0","0","0","0","13","9","4","0","0","0","0","0","0","0","0","0","-2"
"101675","Miles College","2015","Tenured total","9","6","3","0","0","0","3","2","1","6","4","2","0","0","0","0","0","0","0","0","0","0","0","0","0","0","0","0","0","0","-2"
"101675","Miles College","2015","Tenured, professors","9","6","3","0","0","0","3","2","1","6","4","2","0","0","0","0","0","0","0","0","0","0","0","0","0","0","0","0","0","0","-2"
"101675","Miles College","2015","On-Tenure track total","90","29","61","0","0","0","5","2","3","73","20","53","0","0","0","0","0","0","10","6","4","0","0","0","2","1","1","0","0","0","-2"
"101675","Miles College","2015","On-tenure track, professors","1","1","0","0","0","0","1","1","0","0","0","0","0","0","0","0","0","0","0","0","0","0","0","0","0","0","0","0","0","0","-2"
"101675","Miles College","2015","On-tenure track, associate professors","11","6","5","0","0","0","2","1","1","7","3","4","0","0","0","0","0","0","2","2","0","0","0","0","0","0","0","0","0","0","-2"
"101675","Miles College","2015","On-tenure track, assistant professors","27","5","22","0","0","0","2","0","2","19","2","17","0","0","0","0","0","0","4","2","2","0","0","0","2","1","1","0","0","0","-2"
"101675","Miles College","2015","On-tenure track, instructors","51","17","34","0","0","0","0","0","0","47","15","32","0","0","0","0","0","0","4","2","2","0","0","0","0","0","0","0","0","0","-2"
"102094","University of South Alabama","2015","Tenured total","260","180","80","0","0","0","21","16","5","8","5","3","2","2","0","0","0","0","228","157","71","1","0","1","0","0","0","0","0","0","-2"
"102094","University of South Alabama","2015","Tenured, professors","139","106","33","0","0","0","7","6","1","4","4","0","0","0","0","0","0","0","128","96","32","0","0","0","0","0","0","0","0","0","-2"
"102094","University of South Alabama","2015","Tenured, associate professors","117","72","45","0","0","0","14","10","4","3","0","3","2","2","0","0","0","0","97","60","37","1","0","1","0","0","0","0","0","0","-2"
"102094","University of South Alabama","2015","Tenured, assistant professors","4","2","2","0","0","0","0","0","0","1","1","0","0","0","0","0","0","0","3","1","2","0","0","0","0","0","0","0","0","0","-2"
"102094","University of South Alabama","2015","On-Tenure track total","128","82","46","2","0","2","20","14","6","4","2","2","3","3","0","0","0","0","97","61","36","2","2","0","0","0","0","0","0","0","-2"
"102094","University of South Alabama","2015","On-tenure track, professors","3","3","0","0","0","0","0","0","0","1","1","0","0","0","0","0","0","0","2","2","0","0","0","0","0","0","0","0","0","0","-2"
"102094","University of South Alabama","2015","On-tenure track, associate professors","15","10","5","0","0","0","0","0","0","0","0","0","0","0","0","0","0","0","14","9","5","1","1","0","0","0","0","0","0","0","-2"
"102094","University of South Alabama","2015","On-tenure track, assistant professors","109","68","41","2","0","2","20","14","6","3","1","2","3","3","0","0","0","0","80","49","31","1","1","0","0","0","0","0","0","0","-2"
"102094","University of South Alabama","2015","On-tenure track, instructors","1","1","0","0","0","0","0","0","0","0","0","0","0","0","0","0","0","0","1","1","0","0","0","0","0","0","0","0","0","0","-2"
"102094","University of South Alabama","2015","Not on tenure track/No tenure system system total","400","186","214","2","2","0","35","26","9","24","1","23","7","4","3","0","0","0","325","150","175","2","1","1","5","2","3","0","0","0","-2"
"102094","University of South Alabama","2015","Not on tenure/no tenure system, professors","34","24","10","0","0","0","3","3","0","2","0","2","3","2","1","0","0","0","26","19","7","0","0","0","0","0","0","0","0","0","-2"
"102094","University of South Alabama","2015","Not on tenure/no tenure system, associate professors","55","36","19","1","1","0","7","7","0","2","0","2","2","1","1","0","0","0","42","27","15","0","0","0","1","0","1","0","0","0","-2"
"102094","University of South Alabama","2015","Not on tenure/no tenure system, assistant professors","180","82","98","1","1","0","20","14","6","11","1","10","2","1","1","0","0","0","141","62","79","2","1","1","3","2","1","0","0","0","-2"
"102094","University of South Alabama","2015","Not on tenure/no tenure system, instructors","131","44","87","0","0","0","5","2","3","9","0","9","0","0","0","0","0","0","116","42","74","0","0","0","1","0","1","0","0","0","-2"
"102377","Tuskegee University","2015","Tenured total","97","67","30","0","0","0","24","20","4","62","40","22","1","1","0","0","0","0","5","3","2","0","0","0","5","3","2","0","0","0","-2"
"102377","Tuskegee University","2015","Tenured, professors","37","27","10","0","0","0","9","9","0","22","14","8","1","1","0","0","0","0","2","2","0","0","0","0","3","1","2","0","0","0","-2"
"102377","Tuskegee University","2015","Tenured, associate professors","46","32","14","0","0","0","12","8","4","30","21","9","0","0","0","0","0","0","2","1","1","0","0","0","2","2","0","0","0","0","-2"
"102377","Tuskegee University","2015","Tenured, assistant professors","5","3","2","0","0","0","2","2","0","3","1","2","0","0","0","0","0","0","0","0","0","0","0","0","0","0","0","0","0","0","-2"
"102377","Tuskegee University","2015","Tenured, instructors","9","5","4","0","0","0","1","1","0","7","4","3","0","0","0","0","0","0","1","0","1","0","0","0","0","0","0","0","0","0","-2"
"102377","Tuskegee University","2015","On-Tenure track total","60","31","29","0","0","0","11","6","5","44","25","19","0","0","0","0","0","0","3","0","3","0","0","0","2","0","2","0","0","0","-2"
"102377","Tuskegee University","2015","On-tenure track, professors","3","3","0","0","0","0","2","2","0","1","1","0","0","0","0","0","0","0","0","0","0","0","0","0","0","0","0","0","0","0","-2"
"102377","Tuskegee University","2015","On-tenure track, associate professors","7","3","4","0","0","0","0","0","0","7","3","4","0","0","0","0","0","0","0","0","0","0","0","0","0","0","0","0","0","0","-2"
"102377","Tuskegee University","2015","On-tenure track, assistant professors","46","23","23","0","0","0","9","4","5","32","19","13","0","0","0","0","0","0","3","0","3","0","0","0","2","0","2","0","0","0","-2"
"102377","Tuskegee University","2015","On-tenure track, instructors","4","2","2","0","0","0","0","0","0","4","2","2","0","0","0","0","0","0","0","0","0","0","0","0","0","0","0","0","0","0","-2"
"102377","Tuskegee University","2015","Not on tenure track/No tenure system system total","90","55","35","0","0","0","21","17","4","60","34","26","0","0","0","0","0","0","7","2","5","0","0","0","2","2","0","0","0","0","-2"
"102377","Tuskegee University","2015","Not on tenure/no tenure system, associate professors","18","13","5","0","0","0","3","3","0","13","8","5","0","0","0","0","0","0","0","0","0","0","0","0","2","2","0","0","0","0","-2"
"102377","Tuskegee University","2015","Not on tenure/no tenure system, assistant professors","72","42","30","0","0","0","18","14","4","47","26","21","0","0","0","0","0","0","7","2","5","0","0","0","0","0","0","0","0","0","-2"
"102614","University of Alaska Fairbanks","2015","Tenured total","210","136","74","3","1","2","24","19","5","1","0","1","6","5","1","0","0","0","166","105","61","3","2","1","7","4","3","0","0","0","-2"
"102614","University of Alaska Fairbanks","2015","Tenured, professors","96","68","28","0","0","0","15","14","1","1","0","1","2","2","0","0","0","0","70","48","22","2","1","1","6","3","3","0","0","0","-2"
"102614","University of Alaska Fairbanks","2015","Tenured, associate professors","114","68","46","3","1","2","9","5","4","0","0","0","4","3","1","0","0","0","96","57","39","1","1","0","1","1","0","0","0","0","-2"
"102614","University of Alaska Fairbanks","2015","On-Tenure track total","85","47","38","6","3","3","4","3","1","1","0","1","1","0","1","0","0","0","63","32","31","2","1","1","3","3","0","5","5","0","-2"
"102614","University of Alaska Fairbanks","2015","On-tenure track, professors","2","2","0","0","0","0","0","0","0","0","0","0","0","0","0","0","0","0","2","2","0","0","0","0","0","0","0","0","0","0","-2"
"102614","University of Alaska Fairbanks","2015","On-tenure track, associate professors","6","5","1","0","0","0","0","0","0","0","0","0","0","0","0","0","0","0","6","5","1","0","0","0","0","0","0","0","0","0","-2"
"102614","University of Alaska Fairbanks","2015","On-tenure track, assistant professors","77","40","37","6","3","3","4","3","1","1","0","1","1","0","1","0","0","0","55","25","30","2","1","1","3","3","0","5","5","0","-2"
"102614","University of Alaska Fairbanks","2015","Not on tenure track/No tenure system system total","99","46","53","8","4","4","2","1","1","3","2","1","5","1","4","1","0","1","71","32","39","5","3","2","2","2","0","2","1","1","-2"
"102614","University of Alaska Fairbanks","2015","Not on tenure/no tenure system, professors","1","1","0","0","0","0","0","0","0","0","0","0","0","0","0","0","0","0","1","1","0","0","0","0","0","0","0","0","0","0","-2"
"102614","University of Alaska Fairbanks","2015","Not on tenure/no tenure system, associate professors","4","1","3","1","0","1","0","0","0","0","0","0","0","0","0","1","0","1","2","1","1","0","0","0","0","0","0","0","0","0","-2"
"102614","University of Alaska Fairbanks","2015","Not on tenure/no tenure system, assistant professors","59","28","31","4","2","2","1","1","0","2","2","0","3","1","2","0","0","0","42","17","25","4","3","1","2","2","0","1","0","1","-2"
"102614","University of Alaska Fairbanks","2015","Not on tenure/no tenure system, instructors","34","16","18","3","2","1","1","0","1","1","0","1","2","0","2","0","0","0","25","13","12","1","0","1","0","0","0","1","1","0","-2"
"102614","University of Alaska Fairbanks","2015","Not on tenure/no tenure system, no academic rank","1","0","1","0","0","0","0","0","0","0","0","0","0","0","0","0","0","0","1","0","1","0","0","0","0","0","0","0","0","0","-2"
"104151","Arizona State University-Tempe","2015","Tenured total","985","676","309","11","7","4","127","91","36","28","18","10","78","51","27","0","0","0","717","492","225","11","7","4","2","1","1","11","9","2","-2"
"104151","Arizona State University-Tempe","2015","Tenured, professors","574","430","144","7","6","1","62","48","14","11","8","3","40","31","9","0","0","0","438","325","113","9","6","3","2","1","1","5","5","0","-2"
"104151","Arizona State University-Tempe","2015","Tenured, associate professors","409","246","163","4","1","3","65","43","22","17","10","7","38","20","18","0","0","0","277","167","110","2","1","1","0","0","0","6","4","2","-2"
"104151","Arizona State University-Tempe","2015","Tenured, assistant professors","2","0","2","0","0","0","0","0","0","0","0","0","0","0","0","0","0","0","2","0","2","0","0","0","0","0","0","0","0","0","-2"
"104151","Arizona State University-Tempe","2015","On-Tenure track total","344","198","146","10","3","7","56","32","24","6","2","4","23","15","8","0","0","0","190","107","83","4","0","4","12","8","4","43","31","12","-2"
"104151","Arizona State University-Tempe","2015","On-tenure track, professors","1","1","0","0","0","0","0","0","0","0","0","0","0","0","0","0","0","0","1","1","0","0","0","0","0","0","0","0","0","0","-2"
"104151","Arizona State University-Tempe","2015","On-tenure track, associate professors","20","14","6","0","0","0","2","2","0","0","0","0","0","0","0","0","0","0","14","8","6","0","0","0","2","2","0","2","2","0","-2"
"104151","Arizona State University-Tempe","2015","On-tenure track, assistant professors","323","183","140","10","3","7","54","30","24","6","2","4","23","15","8","0","0","0","175","98","77","4","0","4","10","6","4","41","29","12","-2"
"104151","Arizona State University-Tempe","2015","Not on tenure track/No tenure system system total","606","283","323","5","3","2","56","23","33","14","4","10","36","17","19","2","1","1","467","219","248","4","3","1","7","4","3","15","9","6","-2"
"104151","Arizona State University-Tempe","2015","Not on tenure/no tenure system, professors","51","37","14","1","1","0","2","1","1","2","1","1","1","1","0","0","0","0","42","30","12","2","2","0","0","0","0","1","1","0","-2"
"104151","Arizona State University-Tempe","2015","Not on tenure/no tenure system, associate professors","46","23","23","1","1","0","2","0","2","3","2","1","6","3","3","0","0","0","33","16","17","0","0","0","0","0","0","1","1","0","-2"
"104151","Arizona State University-Tempe","2015","Not on tenure/no tenure system, assistant professors","83","44","39","0","0","0","10","7","3","1","0","1","4","3","1","0","0","0","63","32","31","0","0","0","0","0","0","5","2","3","-2"
"104151","Arizona State University-Tempe","2015","Not on tenure/no tenure system, instructors","170","68","102","2","1","1","11","3","8","4","1","3","14","4","10","0","0","0","134","57","77","1","1","0","3","1","2","1","0","1","-2"
"104151","Arizona State University-Tempe","2015","Not on tenure/no tenure system, lecturers","253","110","143","1","0","1","31","12","19","4","0","4","11","6","5","2","1","1","194","84","110","1","0","1","3","3","0","6","4","2","-2"
"104151","Arizona State University-Tempe","2015","Not on tenure/no tenure system, no academic rank","3","1","2","0","0","0","0","0","0","0","0","0","0","0","0","0","0","0","1","0","1","0","0","0","1","0","1","1","1","0","-2"
"104179","University of Arizona","2015","Tenured total","1100","744","356","8","3","5","106","71","35","15","11","4","73","42","31","0","0","0","828","570","258","2","1","1","61","41","20","7","5","2","-2"
"104179","University of Arizona","2015","Tenured, professors","706","508","198","3","2","1","60","40","20","10","7","3","37","27","10","0","0","0","574","414","160","1","1","0","21","17","4","0","0","0","-2"
"104179","University of Arizona","2015","Tenured, associate professors","394","236","158","5","1","4","46","31","15","5","4","1","36","15","21","0","0","0","254","156","98","1","0","1","40","24","16","7","5","2","-2"
"104179","University of Arizona","2015","On-Tenure track total","349","208","141","3","1","2","40","31","9","8","4","4","28","13","15","0","0","0","177","99","78","2","1","1","51","28","23","40","31","9","-2"
"104179","University of Arizona","2015","On-tenure track, professors","6","6","0","0","0","0","1","1","0","0","0","0","0","0","0","0","0","0","4","4","0","0","0","0","1","1","0","0","0","0","-2"
"104179","University of Arizona","2015","On-tenure track, associate professors","34","28","6","0","0","0","6","6","0","0","0","0","2","2","0","0","0","0","18","14","4","0","0","0","5","3","2","3","3","0","-2"
"104179","University of Arizona","2015","On-tenure track, assistant professors","309","174","135","3","1","2","33","24","9","8","4","4","26","11","15","0","0","0","155","81","74","2","1","1","45","24","21","37","28","9","-2"
"104179","University of Arizona","2015","Not on tenure track/No tenure system system total","371","170","201","2","2","0","18","8","10","9","6","3","37","18","19","0","0","0","256","112","144","5","2","3","30","13","17","14","9","5","-2"
"104179","University of Arizona","2015","Not on tenure/no tenure system, professors","27","14","13","0","0","0","3","1","2","0","0","0","1","1","0","0","0","0","19","10","9","1","0","1","1","0","1","2","2","0","-2"
"104179","University of Arizona","2015","Not on tenure/no tenure system, associate professors","39","16","23","1","1","0","3","3","0","2","1","1","3","1","2","0","0","0","27","8","19","1","1","0","2","1","1","0","0","0","-2"
"104179","University of Arizona","2015","Not on tenure/no tenure system, assistant professors","95","34","61","0","0","0","4","2","2","1","0","1","6","0","6","0","0","0","68","22","46","1","0","1","10","7","3","5","3","2","-2"
"104179","University of Arizona","2015","Not on tenure/no tenure system, instructors","80","37","43","0","0","0","5","0","5","1","1","0","16","12","4","0","0","0","43","18","25","0","0","0","8","2","6","7","4","3","-2"
"104179","University of Arizona","2015","Not on tenure/no tenure system, lecturers","125","67","58","1","1","0","3","2","1","5","4","1","11","4","7","0","0","0","94","52","42","2","1","1","9","3","6","0","0","0","-2"
"104179","University of Arizona","2015","Not on tenure/no tenure system, no academic rank","5","2","3","0","0","0","0","0","0","0","0","0","0","0","0","0","0","0","5","2","3","0","0","0","0","0","0","0","0","0","-2"
"104586","Embry-Riddle Aeronautical University-Prescott","2015","Tenured total","29","24","5","0","0","0","4","2","2","0","0","0","1","1","0","0","0","0","24","21","3","0","0","0","0","0","0","0","0","0","-2"
"104586","Embry-Riddle Aeronautical University-Prescott","2015","Tenured, professors","13","11","2","0","0","0","1","0","1","0","0","0","0","0","0","0","0","0","12","11","1","0","0","0","0","0","0","0","0","0","-2"
"104586","Embry-Riddle Aeronautical University-Prescott","2015","Tenured, associate professors","13","10","3","0","0","0","3","2","1","0","0","0","1","1","0","0","0","0","9","7","2","0","0","0","0","0","0","0","0","0","-2"
"104586","Embry-Riddle Aeronautical University-Prescott","2015","Tenured, assistant professors","3","3","0","0","0","0","0","0","0","0","0","0","0","0","0","0","0","0","3","3","0","0","0","0","0","0","0","0","0","0","-2"
"104586","Embry-Riddle Aeronautical University-Prescott","2015","On-Tenure track total","41","32","9","0","0","0","5","3","2","0","0","0","1","1","0","0","0","0","35","28","7","0","0","0","0","0","0","0","0","0","-2"
"104586","Embry-Riddle Aeronautical University-Prescott","2015","On-tenure track, professors","1","1","0","0","0","0","0","0","0","0","0","0","0","0","0","0","0","0","1","1","0","0","0","0","0","0","0","0","0","0","-2"
"104586","Embry-Riddle Aeronautical University-Prescott","2015","On-tenure track, associate professors","12","10","2","0","0","0","0","0","0","0","0","0","0","0","0","0","0","0","12","10","2","0","0","0","0","0","0","0","0","0","-2"
"104586","Embry-Riddle Aeronautical University-Prescott","2015","On-tenure track, assistant professors","28","21","7","0","0","0","5","3","2","0","0","0","1","1","0","0","0","0","22","17","5","0","0","0","0","0","0","0","0","0","-2"
"104586","Embry-Riddle Aeronautical University-Prescott","2015","Not on tenure track/No tenure system system total","31","23","8","0","0","0","0","0","0","0","0","0","1","1","0","0","0","0","29","21","8","0","0","0","1","1","0","0","0","0","-2"
"104586","Embry-Riddle Aeronautical University-Prescott","2015","Not on tenure/no tenure system, associate professors","6","4","2","0","0","0","0","0","0","0","0","0","0","0","0","0","0","0","6","4","2","0","0","0","0","0","0","0","0","0","-2"
"104586","Embry-Riddle Aeronautical University-Prescott","2015","Not on tenure/no tenure system, assistant professors","21","16","5","0","0","0","0","0","0","0","0","0","1","1","0","0","0","0","19","14","5","0","0","0","1","1","0","0","0","0","-2"
"104586","Embry-Riddle Aeronautical University-Prescott","2015","Not on tenure/no tenure system, instructors","4","3","1","0","0","0","0","0","0","0","0","0","0","0","0","0","0","0","4","3","1","0","0","0","0","0","0","0","0","0","-2"
"105330","Northern Arizona University","2015","Tenured total","433","257","176","13","6","7","17","9","8","6","5","1","23","10","13","1","1","0","352","214","138","3","2","1","12","7","5","6","3","3","-2"
"105330","Northern Arizona University","2015","Tenured, professors","271","169","102","8","4","4","7","3","4","4","4","0","13","5","8","0","0","0","226","146","80","2","1","1","7","4","3","4","2","2","-2"
"105330","Northern Arizona University","2015","Tenured, associate professors","162","88","74","5","2","3","10","6","4","2","1","1","10","5","5","1","1","0","126","68","58","1","1","0","5","3","2","2","1","1","-2"
"105330","Northern Arizona University","2015","On-Tenure track total","93","53","40","1","0","1","5","2","3","1","1","0","5","4","1","1","1","0","65","36","29","1","0","1","6","4","2","8","5","3","-2"
"105330","Northern Arizona University","2015","On-tenure track, professors","1","1","0","0","0","0","0","0","0","0","0","0","0","0","0","0","0","0","1","1","0","0","0","0","0","0","0","0","0","0","-2"
"105330","Northern Arizona University","2015","On-tenure track, associate professors","8","4","4","0","0","0","0","0","0","0","0","0","0","0","0","0","0","0","8","4","4","0","0","0","0","0","0","0","0","0","-2"
"105330","Northern Arizona University","2015","On-tenure track, assistant professors","84","48","36","1","0","1","5","2","3","1","1","0","5","4","1","1","1","0","56","31","25","1","0","1","6","4","2","8","5","3","-2"
"105330","Northern Arizona University","2015","Not on tenure track/No tenure system system total","531","215","316","7","3","4","16","4","12","11","2","9","40","17","23","1","0","1","408","164","244","9","3","6","24","13","11","15","9","6","-2"
"105330","Northern Arizona University","2015","Not on tenure/no tenure system, professors","11","5","6","0","0","0","0","0","0","0","0","0","1","0","1","0","0","0","10","5","5","0","0","0","0","0","0","0","0","0","-2"
"105330","Northern Arizona University","2015","Not on tenure/no tenure system, associate professors","39","11","28","0","0","0","0","0","0","0","0","0","3","1","2","0","0","0","34","10","24","1","0","1","1","0","1","0","0","0","-2"
"105330","Northern Arizona University","2015","Not on tenure/no tenure system, assistant professors","134","43","91","2","1","1","3","2","1","5","1","4","10","1","9","1","0","1","105","37","68","2","1","1","4","0","4","2","0","2","-2"
"105330","Northern Arizona University","2015","Not on tenure/no tenure system, instructors","85","42","43","1","0","1","4","0","4","1","1","0","7","6","1","0","0","0","61","26","35","2","1","1","5","4","1","4","4","0","-2"
"105330","Northern Arizona University","2015","Not on tenure/no tenure system, lecturers","262","114","148","4","2","2","9","2","7","5","0","5","19","9","10","0","0","0","198","86","112","4","1","3","14","9","5","9","5","4","-2"
"110404","California Institute of Technology","2015","Tenured total","237","194","43","0","0","0","24","21","3","2","2","0","6","6","0","0","0","0","205","165","40","0","0","0","0","0","0","0","0","0","-2"
"110404","California Institute of Technology","2015","Tenured, professors","237","194","43","0","0","0","24","21","3","2","2","0","6","6","0","0","0","0","205","165","40","0","0","0","0","0","0","0","0","0","-2"
"110404","California Institute of Technology","2015","On-Tenure track total","49","37","12","0","0","0","14","9","5","1","1","0","2","2","0","0","0","0","27","20","7","0","0","0","0","0","0","5","5","0","-2"
"110404","California Institute of Technology","2015","On-tenure track, associate professors","5","5","0","0","0","0","1","1","0","0","0","0","0","0","0","0","0","0","3","3","0","0","0","0","0","0","0","1","1","0","-2"
"110404","California Institute of Technology","2015","On-tenure track, assistant professors","44","32","12","0","0","0","13","8","5","1","1","0","2","2","0","0","0","0","24","17","7","0","0","0","0","0","0","4","4","0","-2"
"110404","California Institute of Technology","2015","Not on tenure track/No tenure system system total","37","25","12","0","0","0","1","1","0","0","0","0","3","2","1","0","0","0","21","13","8","0","0","0","0","0","0","12","9","3","-2"
"110404","California Institute of Technology","2015","Not on tenure/no tenure system, instructors","14","12","2","0","0","0","0","0","0","0","0","0","1","1","0","0","0","0","5","4","1","0","0","0","0","0","0","8","7","1","-2"
"110404","California Institute of Technology","2015","Not on tenure/no tenure system, lecturers","19","11","8","0","0","0","1","1","0","0","0","0","2","1","1","0","0","0","12","7","5","0","0","0","0","0","0","4","2","2","-2"
"110404","California Institute of Technology","2015","Not on tenure/no tenure system, no academic rank","4","2","2","0","0","0","0","0","0","0","0","0","0","0","0","0","0","0","4","2","2","0","0","0","0","0","0","0","0","0","-2"
"110538","California State University-Chico","2015","Tenured total","311","182","129","1","1","0","28","19","9","6","2","4","12","9","3","0","0","0","253","145","108","2","2","0","7","4","3","2","0","2","-2"
"110538","California State University-Chico","2015","Tenured, professors","212","136","76","1","1","0","18","14","4","5","2","3","10","8","2","0","0","0","172","107","65","2","2","0","4","2","2","0","0","0","-2"
"110538","California State University-Chico","2015","Tenured, associate professors","97","46","51","0","0","0","10","5","5","1","0","1","2","1","1","0","0","0","79","38","41","0","0","0","3","2","1","2","0","2","-2"
"110538","California State University-Chico","2015","Tenured, assistant professors","1","0","1","0","0","0","0","0","0","0","0","0","0","0","0","0","0","0","1","0","1","0","0","0","0","0","0","0","0","0","-2"
"110538","California State University-Chico","2015","Tenured, no academic rank","1","0","1","0","0","0","0","0","0","0","0","0","0","0","0","0","0","0","1","0","1","0","0","0","0","0","0","0","0","0","-2"
"110538","California State University-Chico","2015","On-Tenure track total","114","54","60","0","0","0","13","6","7","0","0","0","2","1","1","0","0","0","75","35","40","2","0","2","18","10","8","4","2","2","-2"
"110538","California State University-Chico","2015","On-tenure track, associate professors","7","4","3","0","0","0","0","0","0","0","0","0","0","0","0","0","0","0","4","2","2","0","0","0","3","2","1","0","0","0","-2"
"110538","California State University-Chico","2015","On-tenure track, assistant professors","107","50","57","0","0","0","13","6","7","0","0","0","2","1","1","0","0","0","71","33","38","2","0","2","15","8","7","4","2","2","-2"
"110538","California State University-Chico","2015","Not on tenure track/No tenure system system total","86","53","33","0","0","0","5","3","2","0","0","0","1","0","1","0","0","0","73","45","28","2","1","1","5","4","1","0","0","0","-2"
"110538","California State University-Chico","2015","Not on tenure/no tenure system, lecturers","86","53","33","0","0","0","5","3","2","0","0","0","1","0","1","0","0","0","73","45","28","2","1","1","5","4","1","0","0","0","-2"
"110635","University of California-Berkeley","2015","Tenured total","1145","796","349","1","0","1","152","100","52","40","27","13","72","49","23","1","1","0","817","576","241","3","0","3","51","38","13","8","5","3","-2"
"110635","University of California-Berkeley","2015","Tenured, professors","827","615","212","0","0","0","105","74","31","25","21","4","47","34","13","1","1","0","621","465","156","1","0","1","25","19","6","2","1","1","-2"
"110635","University of California-Berkeley","2015","Tenured, associate professors","303","172","131","1","0","1","45","25","20","15","6","9","24","14","10","0","0","0","184","104","80","2","0","2","26","19","7","6","4","2","-2"
"110635","University of California-Berkeley","2015","Tenured, lecturers","15","9","6","0","0","0","2","1","1","0","0","0","1","1","0","0","0","0","12","7","5","0","0","0","0","0","0","0","0","0","-2"
"110635","University of California-Berkeley","2015","On-Tenure track total","236","151","85","0","0","0","17","7","10","7","2","5","12","7","5","0","0","0","89","59","30","9","5","4","53","38","15","49","33","16","-2"
"110635","University of California-Berkeley","2015","On-tenure track, professors","9","4","5","0","0","0","1","0","1","0","0","0","0","0","0","0","0","0","3","1","2","0","0","0","3","1","2","2","2","0","-2"
"110635","University of California-Berkeley","2015","On-tenure track, assistant professors","223","143","80","0","0","0","16","7","9","7","2","5","12","7","5","0","0","0","83","55","28","9","5","4","49","36","13","47","31","16","-2"
"110635","University of California-Berkeley","2015","On-tenure track, lecturers","4","4","0","0","0","0","0","0","0","0","0","0","0","0","0","0","0","0","3","3","0","0","0","0","1","1","0","0","0","0","-2"
"110635","University of California-Berkeley","2015","Not on tenure track/No tenure system system total","269","130","139","0","0","0","49","16","33","7","2","5","14","8","6","0","0","0","143","75","68","2","1","1","21","9","12","33","19","14","-2"
"110635","University of California-Berkeley","2015","Not on tenure/no tenure system, professors","40","23","17","0","0","0","3","1","2","0","0","0","2","2","0","0","0","0","28","14","14","0","0","0","0","0","0","7","6","1","-2"
"110635","University of California-Berkeley","2015","Not on tenure/no tenure system, associate professors","15","5","10","0","0","0","3","2","1","2","0","2","2","1","1","0","0","0","5","1","4","0","0","0","3","1","2","0","0","0","-2"
"110635","University of California-Berkeley","2015","Not on tenure/no tenure system, assistant professors","32","23","9","0","0","0","10","5","5","0","0","0","0","0","0","0","0","0","10","8","2","0","0","0","3","2","1","9","8","1","-2"
"110635","University of California-Berkeley","2015","Not on tenure/no tenure system, instructors","8","4","4","0","0","0","2","1","1","0","0","0","0","0","0","0","0","0","3","2","1","0","0","0","2","1","1","1","0","1","-2"
"110635","University of California-Berkeley","2015","Not on tenure/no tenure system, lecturers","162","73","89","0","0","0","30","7","23","4","2","2","9","5","4","0","0","0","90","48","42","2","1","1","11","5","6","16","5","11","-2"
"110635","University of California-Berkeley","2015","Not on tenure/no tenure system, no academic rank","12","2","10","0","0","0","1","0","1","1","0","1","1","0","1","0","0","0","7","2","5","0","0","0","2","0","2","0","0","0","-2"
"110644","University of California-Davis","2015","Tenured total","1196","812","384","6","1","5","184","123","61","21","9","12","61","36","25","0","0","0","885","616","269","1","1","0","32","22","10","6","4","2","-2"
"110644","University of California-Davis","2015","Tenured, professors","897","649","248","5","1","4","127","95","32","11","6","5","34","21","13","0","0","0","698","508","190","1","1","0","18","15","3","3","2","1","-2"
"110644","University of California-Davis","2015","Tenured, associate professors","285","154","131","1","0","1","56","28","28","10","3","7","27","15","12","0","0","0","175","99","76","0","0","0","13","7","6","3","2","1","-2"
"110644","University of California-Davis","2015","Tenured, lecturers","14","9","5","0","0","0","1","0","1","0","0","0","0","0","0","0","0","0","12","9","3","0","0","0","1","0","1","0","0","0","-2"
"110644","University of California-Davis","2015","On-Tenure track total","235","121","114","1","0","1","31","13","18","5","2","3","19","8","11","0","0","0","122","67","55","3","1","2","19","11","8","35","19","16","-2"
"110644","University of California-Davis","2015","On-tenure track, professors","3","1","2","0","0","0","0","0","0","1","0","1","1","0","1","0","0","0","1","1","0","0","0","0","0","0","0","0","0","0","-2"
"110644","University of California-Davis","2015","On-tenure track, associate professors","2","0","2","0","0","0","1","0","1","0","0","0","0","0","0","0","0","0","1","0","1","0","0","0","0","0","0","0","0","0","-2"
"110644","University of California-Davis","2015","On-tenure track, assistant professors","214","115","99","1","0","1","30","13","17","4","2","2","17","8","9","0","0","0","107","62","45","3","1","2","17","10","7","35","19","16","-2"
"110644","University of California-Davis","2015","On-tenure track, lecturers","16","5","11","0","0","0","0","0","0","0","0","0","1","0","1","0","0","0","13","4","9","0","0","0","2","1","1","0","0","0","-2"
"110644","University of California-Davis","2015","Not on tenure track/No tenure system system total","780","456","324","1","0","1","190","107","83","15","8","7","37","21","16","0","0","0","490","293","197","5","3","2","10","4","6","32","20","12","-2"
"110644","University of California-Davis","2015","Not on tenure/no tenure system, professors","234","174","60","1","0","1","53","42","11","2","2","0","9","7","2","0","0","0","168","122","46","0","0","0","0","0","0","1","1","0","-2"
"110644","University of California-Davis","2015","Not on tenure/no tenure system, associate professors","157","88","69","0","0","0","52","25","27","3","2","1","8","8","0","0","0","0","92","51","41","1","1","0","0","0","0","1","1","0","-2"
"110644","University of California-Davis","2015","Not on tenure/no tenure system, assistant professors","248","124","124","0","0","0","75","35","40","7","2","5","12","5","7","0","0","0","122","64","58","4","2","2","2","0","2","26","16","10","-2"
"110644","University of California-Davis","2015","Not on tenure/no tenure system, lecturers","141","70","71","0","0","0","10","5","5","3","2","1","8","1","7","0","0","0","108","56","52","0","0","0","8","4","4","4","2","2","-2"
"110653","University of California-Irvine","2015","Tenured total","935","628","307","4","2","2","177","118","59","24","15","9","50","33","17","1","1","0","661","450","211","4","1","3","7","3","4","7","5","2","-2"
"110653","University of California-Irvine","2015","Tenured, professors","652","478","174","2","1","1","118","86","32","15","11","4","30","22","8","0","0","0","474","351","123","4","1","3","5","3","2","4","3","1","-2"
"110653","University of California-Irvine","2015","Tenured, associate professors","243","131","112","2","1","1","55","28","27","9","4","5","18","10","8","1","1","0","153","85","68","0","0","0","2","0","2","3","2","1","-2"
"110653","University of California-Irvine","2015","Tenured, lecturers","40","19","21","0","0","0","4","4","0","0","0","0","2","1","1","0","0","0","34","14","20","0","0","0","0","0","0","0","0","0","-2"
"110653","University of California-Irvine","2015","On-Tenure track total","224","119","105","0","0","0","42","19","23","8","5","3","13","6","7","1","1","0","116","63","53","5","5","0","8","4","4","31","16","15","-2"
"110653","University of California-Irvine","2015","On-tenure track, professors","6","5","1","0","0","0","2","1","1","1","1","0","0","0","0","0","0","0","1","1","0","1","1","0","1","1","0","0","0","0","-2"
"110653","University of California-Irvine","2015","On-tenure track, associate professors","1","0","1","0","0","0","0","0","0","0","0","0","0","0","0","0","0","0","0","0","0","0","0","0","0","0","0","1","0","1","-2"
"110653","University of California-Irvine","2015","On-tenure track, assistant professors","189","104","85","0","0","0","39","18","21","5","4","1","11","6","5","1","1","0","95","53","42","4","4","0","6","3","3","28","15","13","-2"
"110653","University of California-Irvine","2015","On-tenure track, lecturers","28","10","18","0","0","0","1","0","1","2","0","2","2","0","2","0","0","0","20","9","11","0","0","0","1","0","1","2","1","1","-2"
"110653","University of California-Irvine","2015","Not on tenure track/No tenure system system total","564","321","243","4","1","3","175","103","72","16","9","7","29","16","13","1","1","0","295","161","134","5","4","1","9","5","4","30","21","9","-2"
"110653","University of California-Irvine","2015","Not on tenure/no tenure system, professors","134","92","42","2","1","1","50","31","19","2","1","1","7","5","2","0","0","0","70","52","18","0","0","0","1","1","0","2","1","1","-2"
"110653","University of California-Irvine","2015","Not on tenure/no tenure system, associate professors","105","65","40","1","0","1","38","26","12","3","3","0","5","3","2","1","1","0","54","30","24","0","0","0","1","1","0","2","1","1","-2"
"110653","University of California-Irvine","2015","Not on tenure/no tenure system, assistant professors","156","83","73","1","0","1","50","26","24","9","4","5","5","4","1","0","0","0","69","34","35","0","0","0","5","2","3","17","13","4","-2"
"110653","University of California-Irvine","2015","Not on tenure/no tenure system, instructors","52","31","21","0","0","0","18","13","5","1","1","0","6","4","2","0","0","0","22","10","12","3","2","1","0","0","0","2","1","1","-2"
"110653","University of California-Irvine","2015","Not on tenure/no tenure system, lecturers","117","50","67","0","0","0","19","7","12","1","0","1","6","0","6","0","0","0","80","35","45","2","2","0","2","1","1","7","5","2","-2"
"110662","University of California-Los Angeles","2015","Tenured total","1499","1053","446","8","3","5","257","187","70","52","30","22","96","67","29","1","1","0","1070","754","316","1","0","1","4","3","1","10","8","2","-2"
"110662","University of California-Los Angeles","2015","Tenured, professors","1204","882","322","7","3","4","183","139","44","32","21","11","74","52","22","1","1","0","897","658","239","0","0","0","4","3","1","6","5","1","-2"
"110662","University of California-Los Angeles","2015","Tenured, associate professors","289","167","122","1","0","1","74","48","26","20","9","11","22","15","7","0","0","0","167","92","75","1","0","1","0","0","0","4","3","1","-2"
"110662","University of California-Los Angeles","2015","Tenured, lecturers","6","4","2","0","0","0","0","0","0","0","0","0","0","0","0","0","0","0","6","4","2","0","0","0","0","0","0","0","0","0","-2"
"110662","University of California-Los Angeles","2015","On-Tenure track total","189","113","76","2","1","1","29","14","15","15","9","6","15","9","6","1","0","1","94","60","34","1","0","1","4","4","0","28","16","12","-2"
"110662","University of California-Los Angeles","2015","On-tenure track, professors","8","5","3","0","0","0","2","2","0","2","1","1","0","0","0","0","0","0","4","2","2","0","0","0","0","0","0","0","0","0","-2"
"110662","University of California-Los Angeles","2015","On-tenure track, assistant professors","181","108","73","2","1","1","27","12","15","13","8","5","15","9","6","1","0","1","90","58","32","1","0","1","4","4","0","28","16","12","-2"
"110662","University of California-Los Angeles","2015","Not on tenure track/No tenure system system total","1602","946","656","2","1","1","471","253","218","27","14","13","65","39","26","2","1","1","893","548","345","8","5","3","62","36","26","72","49","23","-2"
"110662","University of California-Los Angeles","2015","Not on tenure/no tenure system, professors","356","255","101","0","0","0","73","50","23","6","4","2","10","6","4","0","0","0","258","186","72","0","0","0","4","4","0","5","5","0","-2"
"110662","University of California-Los Angeles","2015","Not on tenure/no tenure system, associate professors","279","176","103","0","0","0","89","52","37","4","3","1","17","13","4","0","0","0","159","101","58","0","0","0","6","5","1","4","2","2","-2"
"110662","University of California-Los Angeles","2015","Not on tenure/no tenure system, assistant professors","522","303","219","0","0","0","166","85","81","10","4","6","24","14","10","1","1","0","247","147","100","4","3","1","28","17","11","42","32","10","-2"
"110662","University of California-Los Angeles","2015","Not on tenure/no tenure system, instructors","251","129","122","1","1","0","113","58","55","2","1","1","6","2","4","1","0","1","110","59","51","3","1","2","9","3","6","6","4","2","-2"
"110662","University of California-Los Angeles","2015","Not on tenure/no tenure system, lecturers","187","78","109","1","0","1","30","8","22","3","1","2","6","2","4","0","0","0","117","54","63","1","1","0","14","6","8","15","6","9","-2"
"110662","University of California-Los Angeles","2015","Not on tenure/no tenure system, no academic rank","7","5","2","0","0","0","0","0","0","2","1","1","2","2","0","0","0","0","2","1","1","0","0","0","1","1","0","0","0","0","-2"
"110680","University of California-San Diego","2015","Tenured total","1040","786","254","1","1","0","163","126","37","20","7","13","60","43","17","0","0","0","756","574","182","0","0","0","5","5","0","35","30","5","-2"
"110680","University of California-San Diego","2015","Tenured, professors","769","618","151","1","1","0","114","98","16","8","2","6","39","29","10","0","0","0","585","467","118","0","0","0","0","0","0","22","21","1","-2"
"110680","University of California-San Diego","2015","Tenured, associate professors","236","150","86","0","0","0","46","28","18","12","5","7","20","14","6","0","0","0","141","90","51","0","0","0","4","4","0","13","9","4","-2"
"110680","University of California-San Diego","2015","Tenured, lecturers","35","18","17","0","0","0","3","0","3","0","0","0","1","0","1","0","0","0","30","17","13","0","0","0","1","1","0","0","0","0","-2"
"110680","University of California-San Diego","2015","On-Tenure track total","186","112","74","2","1","1","27","19","8","7","3","4","13","5","8","0","0","0","96","54","42","1","0","1","2","2","0","38","28","10","-2"
"110680","University of California-San Diego","2015","On-tenure track, professors","1","1","0","0","0","0","0","0","0","0","0","0","0","0","0","0","0","0","1","1","0","0","0","0","0","0","0","0","0","0","-2"
"110680","University of California-San Diego","2015","On-tenure track, associate professors","1","1","0","0","0","0","0","0","0","0","0","0","0","0","0","0","0","0","1","1","0","0","0","0","0","0","0","0","0","0","-2"
"110680","University of California-San Diego","2015","On-tenure track, assistant professors","166","98","68","2","1","1","27","19","8","6","3","3","13","5","8","0","0","0","81","43","38","1","0","1","2","2","0","34","25","9","-2"
"110680","University of California-San Diego","2015","On-tenure track, lecturers","18","12","6","0","0","0","0","0","0","1","0","1","0","0","0","0","0","0","13","9","4","0","0","0","0","0","0","4","3","1","-2"
"110680","University of California-San Diego","2015","Not on tenure track/No tenure system system total","849","479","370","5","3","2","173","84","89","12","7","5","43","27","16","0","0","0","559","323","236","1","0","1","12","7","5","44","28","16","-2"
"110680","University of California-San Diego","2015","Not on tenure/no tenure system, professors","299","197","102","1","1","0","38","22","16","8","6","2","11","11","0","0","0","0","234","151","83","0","0","0","1","1","0","6","5","1","-2"
"110680","University of California-San Diego","2015","Not on tenure/no tenure system, associate professors","197","108","89","0","0","0","47","21","26","0","0","0","16","10","6","0","0","0","124","71","53","0","0","0","1","1","0","9","5","4","-2"
"110680","University of California-San Diego","2015","Not on tenure/no tenure system, assistant professors","262","135","127","4","2","2","66","35","31","4","1","3","14","6","8","0","0","0","144","73","71","0","0","0","9","5","4","21","13","8","-2"
"110680","University of California-San Diego","2015","Not on tenure/no tenure system, lecturers","91","39","52","0","0","0","22","6","16","0","0","0","2","0","2","0","0","0","57","28","29","1","0","1","1","0","1","8","5","3","-2"
"115755","Humboldt State University","2015","Tenured total","159","98","61","2","2","0","8","8","0","1","1","0","6","3","3","0","0","0","138","83","55","1","0","1","2","0","2","1","1","0","-2"
"115755","Humboldt State University","2015","Tenured, professors","115","73","42","1","1","0","6","6","0","0","0","0","4","2","2","0","0","0","102","64","38","1","0","1","1","0","1","0","0","0","-2"
"115755","Humboldt State University","2015","Tenured, associate professors","43","24","19","1","1","0","2","2","0","1","1","0","2","1","1","0","0","0","35","18","17","0","0","0","1","0","1","1","1","0","-2"
"115755","Humboldt State University","2015","Tenured, assistant professors","1","1","0","0","0","0","0","0","0","0","0","0","0","0","0","0","0","0","1","1","0","0","0","0","0","0","0","0","0","0","-2"
"115755","Humboldt State University","2015","On-Tenure track total","63","26","37","1","0","1","7","3","4","2","0","2","3","0","3","0","0","0","36","17","19","0","0","0","12","5","7","2","1","1","-2"
"115755","Humboldt State University","2015","On-tenure track, associate professors","3","2","1","0","0","0","0","0","0","0","0","0","0","0","0","0","0","0","2","1","1","0","0","0","1","1","0","0","0","0","-2"
"115755","Humboldt State University","2015","On-tenure track, assistant professors","60","24","36","1","0","1","7","3","4","2","0","2","3","0","3","0","0","0","34","16","18","0","0","0","11","4","7","2","1","1","-2"
"115755","Humboldt State University","2015","Not on tenure track/No tenure system system total","58","27","31","3","1","2","0","0","0","1","1","0","2","2","0","0","0","0","50","23","27","0","0","0","2","0","2","0","0","0","-2"
"115755","Humboldt State University","2015","Not on tenure/no tenure system, lecturers","58","27","31","3","1","2","0","0","0","1","1","0","2","2","0","0","0","0","50","23","27","0","0","0","2","0","2","0","0","0","-2"
"119678","Naval Postgraduate School","2015","Tenured total","148","121","27","0","0","0","20","15","5","1","0","1","6","4","2","1","1","0","120","101","19","0","0","0","0","0","0","0","0","0","-2"
"119678","Naval Postgraduate School","2015","Tenured, professors","78","66","12","0","0","0","15","11","4","1","0","1","3","3","0","1","1","0","58","51","7","0","0","0","0","0","0","0","0","0","-2"
"119678","Naval Postgraduate School","2015","Tenured, associate professors","70","55","15","0","0","0","5","4","1","0","0","0","3","1","2","0","0","0","62","50","12","0","0","0","0","0","0","0","0","0","-2"
"119678","Naval Postgraduate School","2015","On-Tenure track total","45","32","13","0","0","0","4","3","1","1","0","1","1","1","0","1","1","0","36","26","10","0","0","0","0","0","0","2","1","1","-2"
"119678","Naval Postgraduate School","2015","On-tenure track, associate professors","17","11","6","0","0","0","0","0","0","0","0","0","0","0","0","1","1","0","16","10","6","0","0","0","0","0","0","0","0","0","-2"
"119678","Naval Postgraduate School","2015","On-tenure track, assistant professors","28","21","7","0","0","0","4","3","1","1","0","1","1","1","0","0","0","0","20","16","4","0","0","0","0","0","0","2","1","1","-2"
"119678","Naval Postgraduate School","2015","Not on tenure track/No tenure system system total","122","99","23","1","0","1","3","1","2","0","0","0","5","4","1","0","0","0","112","93","19","0","0","0","0","0","0","1","1","0","-2"
"119678","Naval Postgraduate School","2015","Not on tenure/no tenure system, professors","10","9","1","0","0","0","1","0","1","0","0","0","0","0","0","0","0","0","9","9","0","0","0","0","0","0","0","0","0","0","-2"
"119678","Naval Postgraduate School","2015","Not on tenure/no tenure system, lecturers","112","90","22","1","0","1","2","1","1","0","0","0","5","4","1","0","0","0","103","84","19","0","0","0","0","0","0","1","1","0","-2"
"122409","San Diego State University","2015","Tenured total","541","337","204","2","2","0","77","44","33","17","11","6","43","23","20","0","0","0","389","249","140","1","0","1","7","4","3","5","4","1","-2"
"122409","San Diego State University","2015","Tenured, professors","325","217","108","2","2","0","45","26","19","2","2","0","25","14","11","0","0","0","244","166","78","0","0","0","3","3","0","4","4","0","-2"
"122409","San Diego State University","2015","Tenured, associate professors","212","118","94","0","0","0","31","17","14","15","9","6","17","8","9","0","0","0","143","83","60","1","0","1","4","1","3","1","0","1","-2"
"122409","San Diego State University","2015","Tenured, no academic rank","4","2","2","0","0","0","1","1","0","0","0","0","1","1","0","0","0","0","2","0","2","0","0","0","0","0","0","0","0","0","-2"
"122409","San Diego State University","2015","On-Tenure track total","150","68","82","2","1","1","21","12","9","4","2","2","16","7","9","0","0","0","74","27","47","4","1","3","11","6","5","18","12","6","-2"
"122409","San Diego State University","2015","On-tenure track, professors","3","3","0","0","0","0","2","2","0","0","0","0","0","0","0","0","0","0","1","1","0","0","0","0","0","0","0","0","0","0","-2"
"122409","San Diego State University","2015","On-tenure track, associate professors","7","2","5","0","0","0","0","0","0","0","0","0","1","0","1","0","0","0","6","2","4","0","0","0","0","0","0","0","0","0","-2"
"122409","San Diego State University","2015","On-tenure track, assistant professors","140","63","77","2","1","1","19","10","9","4","2","2","15","7","8","0","0","0","67","24","43","4","1","3","11","6","5","18","12","6","-2"
"122409","San Diego State University","2015","Not on tenure track/No tenure system system total","164","57","107","0","0","0","9","0","9","1","0","1","13","4","9","2","0","2","133","50","83","0","0","0","2","0","2","4","3","1","-2"
"122409","San Diego State University","2015","Not on tenure/no tenure system, lecturers","164","57","107","0","0","0","9","0","9","1","0","1","13","4","9","2","0","2","133","50","83","0","0","0","2","0","2","4","3","1","-2"
"122597","San Francisco State University","2015","Tenured total","512","273","239","7","3","4","118","57","61","25","13","12","37","18","19","0","0","0","291","163","128","9","5","4","23","13","10","2","1","1","-2"
"122597","San Francisco State University","2015","Tenured, professors","306","189","117","4","2","2","68","42","26","12","6","6","20","11","9","0","0","0","187","117","70","3","2","1","12","9","3","0","0","0","-2"
"122597","San Francisco State University","2015","Tenured, associate professors","195","80","115","2","1","1","50","15","35","13","7","6","16","7","9","0","0","0","96","42","54","6","3","3","10","4","6","2","1","1","-2"
"122597","San Francisco State University","2015","Tenured, assistant professors","8","4","4","1","0","1","0","0","0","0","0","0","1","0","1","0","0","0","5","4","1","0","0","0","1","0","1","0","0","0","-2"
"122597","San Francisco State University","2015","Tenured, no academic rank","3","0","3","0","0","0","0","0","0","0","0","0","0","0","0","0","0","0","3","0","3","0","0","0","0","0","0","0","0","0","-2"
"122597","San Francisco State University","2015","On-Tenure track total","183","75","108","3","2","1","43","15","28","6","4","2","7","3","4","0","0","0","92","45","47","1","0","1","24","4","20","7","2","5","-2"
"122597","San Francisco State University","2015","On-tenure track, professors","17","6","11","0","0","0","3","1","2","1","0","1","1","1","0","0","0","0","10","4","6","0","0","0","2","0","2","0","0","0","-2"
"122597","San Francisco State University","2015","On-tenure track, associate professors","40","20","20","0","0","0","11","7","4","0","0","0","5","2","3","0","0","0","19","11","8","1","0","1","3","0","3","1","0","1","-2"
"122597","San Francisco State University","2015","On-tenure track, assistant professors","126","49","77","3","2","1","29","7","22","5","4","1","1","0","1","0","0","0","63","30","33","0","0","0","19","4","15","6","2","4","-2"
"122597","San Francisco State University","2015","Not on tenure track/No tenure system system total","124","55","69","0","0","0","15","3","12","2","1","1","10","4","6","0","0","0","84","42","42","0","0","0","13","5","8","0","0","0","-2"
"122597","San Francisco State University","2015","Not on tenure/no tenure system, lecturers","124","55","69","0","0","0","15","3","12","2","1","1","10","4","6","0","0","0","84","42","42","0","0","0","13","5","8","0","0","0","-2"
"122755","San Jose State University","2015","Tenured total","462","255","207","4","2","2","109","63","46","11","7","4","25","15","10","0","0","0","276","150","126","4","1","3","32","16","16","1","1","0","-2"
"122755","San Jose State University","2015","Tenured, professors","305","187","118","3","2","1","71","48","23","5","3","2","18","13","5","0","0","0","191","112","79","1","0","1","16","9","7","0","0","0","-2"
"122755","San Jose State University","2015","Tenured, associate professors","149","62","87","1","0","1","36","13","23","6","4","2","6","1","5","0","0","0","82","37","45","3","1","2","14","5","9","1","1","0","-2"
"122755","San Jose State University","2015","Tenured, assistant professors","6","5","1","0","0","0","2","2","0","0","0","0","1","1","0","0","0","0","2","1","1","0","0","0","1","1","0","0","0","0","-2"
"122755","San Jose State University","2015","Tenured, no academic rank","2","1","1","0","0","0","0","0","0","0","0","0","0","0","0","0","0","0","1","0","1","0","0","0","1","1","0","0","0","0","-2"
"122755","San Jose State University","2015","On-Tenure track total","149","63","86","1","1","0","27","8","19","5","1","4","8","5","3","1","0","1","70","29","41","2","2","0","15","8","7","20","9","11","-2"
"122755","San Jose State University","2015","On-tenure track, professors","5","4","1","0","0","0","4","4","0","0","0","0","0","0","0","0","0","0","1","0","1","0","0","0","0","0","0","0","0","0","-2"
"122755","San Jose State University","2015","On-tenure track, associate professors","5","3","2","0","0","0","2","2","0","0","0","0","1","0","1","0","0","0","2","1","1","0","0","0","0","0","0","0","0","0","-2"
"122755","San Jose State University","2015","On-tenure track, assistant professors","139","56","83","1","1","0","21","2","19","5","1","4","7","5","2","1","0","1","67","28","39","2","2","0","15","8","7","20","9","11","-2"
"122755","San Jose State University","2015","Not on tenure track/No tenure system system total","87","35","52","1","0","1","13","6","7","0","0","0","6","2","4","0","0","0","59","25","34","1","0","1","7","2","5","0","0","0","-2"
"122755","San Jose State University","2015","Not on tenure/no tenure system, lecturers","87","35","52","1","0","1","13","6","7","0","0","0","6","2","4","0","0","0","59","25","34","1","0","1","7","2","5","0","0","0","-2"
"123961","University of Southern California","2015","Tenured total","1172","870","302","2","2","0","169","132","37","31","17","14","39","23","16","0","0","0","875","646","229","13","11","2","42","38","4","1","1","0","-2"
"123961","University of Southern California","2015","Tenured, professors","824","640","184","2","2","0","104","83","21","14","12","2","22","15","7","0","0","0","643","493","150","8","7","1","30","27","3","1","1","0","-2"
"123961","University of Southern California","2015","Tenured, associate professors","344","226","118","0","0","0","65","49","16","17","5","12","17","8","9","0","0","0","228","149","79","5","4","1","12","11","1","0","0","0","-2"
"123961","University of Southern California","2015","Tenured, assistant professors","4","4","0","0","0","0","0","0","0","0","0","0","0","0","0","0","0","0","4","4","0","0","0","0","0","0","0","0","0","0","-2"
"123961","University of Southern California","2015","On-Tenure track total","294","177","117","0","0","0","69","40","29","8","3","5","19","12","7","0","0","0","135","87","48","5","3","2","55","29","26","3","3","0","-2"
"123961","University of Southern California","2015","On-tenure track, professors","1","0","1","0","0","0","0","0","0","0","0","0","0","0","0","0","0","0","0","0","0","0","0","0","1","0","1","0","0","0","-2"
"123961","University of Southern California","2015","On-tenure track, associate professors","12","9","3","0","0","0","4","3","1","2","1","1","0","0","0","0","0","0","4","3","1","0","0","0","2","2","0","0","0","0","-2"
"123961","University of Southern California","2015","On-tenure track, assistant professors","281","168","113","0","0","0","65","37","28","6","2","4","19","12","7","0","0","0","131","84","47","5","3","2","52","27","25","3","3","0","-2"
"123961","University of Southern California","2015","Not on tenure track/No tenure system system total","831","403","428","0","0","0","79","37","42","34","11","23","60","25","35","1","0","1","568","289","279","16","8","8","70","31","39","3","2","1","-2"
"123961","University of Southern California","2015","Not on tenure/no tenure system, professors","143","78","65","0","0","0","11","5","6","8","5","3","13","8","5","0","0","0","103","54","49","2","1","1","6","5","1","0","0","0","-2"
"123961","University of Southern California","2015","Not on tenure/no tenure system, associate professors","232","108","124","0","0","0","18","9","9","15","2","13","13","5","8","0","0","0","172","86","86","3","2","1","11","4","7","0","0","0","-2"
"123961","University of Southern California","2015","Not on tenure/no tenure system, assistant professors","181","91","90","0","0","0","12","6","6","9","3","6","8","2","6","1","0","1","134","69","65","3","1","2","12","8","4","2","2","0","-2"
"123961","University of Southern California","2015","Not on tenure/no tenure system, instructors","1","1","0","0","0","0","0","0","0","0","0","0","0","0","0","0","0","0","1","1","0","0","0","0","0","0","0","0","0","0","-2"
"123961","University of Southern California","2015","Not on tenure/no tenure system, lecturers","274","125","149","0","0","0","38","17","21","2","1","1","26","10","16","0","0","0","158","79","79","8","4","4","41","14","27","1","0","1","-2"
"126614","University of Colorado Boulder","2015","Tenured total","808","557","251","4","1","3","90","54","36","17","9","8","45","35","10","1","1","0","642","450","192","0","0","0","1","1","0","8","6","2","-2"
"126614","University of Colorado Boulder","2015","Tenured, professors","459","346","113","3","1","2","40","26","14","9","7","2","25","21","4","1","1","0","376","285","91","0","0","0","0","0","0","5","5","0","-2"
"126614","University of Colorado Boulder","2015","Tenured, associate professors","348","210","138","1","0","1","49","27","22","8","2","6","20","14","6","0","0","0","266","165","101","0","0","0","1","1","0","3","1","2","-2"
"126614","University of Colorado Boulder","2015","Tenured, assistant professors","1","1","0","0","0","0","1","1","0","0","0","0","0","0","0","0","0","0","0","0","0","0","0","0","0","0","0","0","0","0","-2"
"126614","University of Colorado Boulder","2015","On-Tenure track total","272","165","107","2","1","1","35","20","15","8","5","3","21","10","11","1","1","0","185","114","71","4","1","3","0","0","0","16","13","3","-2"
"126614","University of Colorado Boulder","2015","On-tenure track, professors","1","1","0","1","1","0","0","0","0","0","0","0","0","0","0","0","0","0","0","0","0","0","0","0","0","0","0","0","0","0","-2"
"126614","University of Colorado Boulder","2015","On-tenure track, associate professors","14","8","6","0","0","0","1","0","1","0","0","0","2","0","2","0","0","0","11","8","3","0","0","0","0","0","0","0","0","0","-2"
"126614","University of Colorado Boulder","2015","On-tenure track, assistant professors","257","156","101","1","0","1","34","20","14","8","5","3","19","10","9","1","1","0","174","106","68","4","1","3","0","0","0","16","13","3","-2"
"126614","University of Colorado Boulder","2015","Not on tenure track/No tenure system system total","377","186","191","1","1","0","22","7","15","3","2","1","19","9","10","0","0","0","319","160","159","0","0","0","0","0","0","13","7","6","-2"
"126614","University of Colorado Boulder","2015","Not on tenure/no tenure system, instructors","377","186","191","1","1","0","22","7","15","3","2","1","19","9","10","0","0","0","319","160","159","0","0","0","0","0","0","13","7","6","-2"
"126818","Colorado State University-Fort Collins","2015","Tenured total","753","512","241","2","1","1","61","47","14","7","6","1","39","23","16","0","0","0","631","426","205","6","4","2","1","1","0","6","4","2","-2"
"126818","Colorado State University-Fort Collins","2015","Tenured, professors","427","317","110","1","1","0","30","25","5","5","4","1","17","11","6","0","0","0","371","274","97","1","1","0","1","1","0","1","0","1","-2"
"126818","Colorado State University-Fort Collins","2015","Tenured, associate professors","326","195","131","1","0","1","31","22","9","2","2","0","22","12","10","0","0","0","260","152","108","5","3","2","0","0","0","5","4","1","-2"
"126818","Colorado State University-Fort Collins","2015","On-Tenure track total","242","125","117","2","2","0","19","7","12","3","2","1","9","6","3","0","0","0","155","82","73","8","2","6","31","19","12","15","5","10","-2"
"126818","Colorado State University-Fort Collins","2015","On-tenure track, professors","4","3","1","0","0","0","0","0","0","0","0","0","0","0","0","0","0","0","1","0","1","0","0","0","3","3","0","0","0","0","-2"
"126818","Colorado State University-Fort Collins","2015","On-tenure track, associate professors","10","3","7","0","0","0","0","0","0","0","0","0","0","0","0","0","0","0","8","2","6","0","0","0","2","1","1","0","0","0","-2"
"126818","Colorado State University-Fort Collins","2015","On-tenure track, assistant professors","227","119","108","2","2","0","19","7","12","3","2","1","9","6","3","0","0","0","145","80","65","8","2","6","26","15","11","15","5","10","-2"
"126818","Colorado State University-Fort Collins","2015","On-tenure track, instructors","1","0","1","0","0","0","0","0","0","0","0","0","0","0","0","0","0","0","1","0","1","0","0","0","0","0","0","0","0","0","-2"
"126818","Colorado State University-Fort Collins","2015","Not on tenure track/No tenure system system total","306","121","185","0","0","0","11","3","8","2","1","1","13","5","8","0","0","0","243","92","151","1","0","1","26","13","13","10","7","3","-2"
"126818","Colorado State University-Fort Collins","2015","Not on tenure/no tenure system, professors","3","2","1","0","0","0","1","0","1","0","0","0","0","0","0","0","0","0","1","1","0","0","0","0","0","0","0","1","1","0","-2"
"126818","Colorado State University-Fort Collins","2015","Not on tenure/no tenure system, associate professors","14","8","6","0","0","0","0","0","0","0","0","0","1","0","1","0","0","0","12","7","5","0","0","0","1","1","0","0","0","0","-2"
"126818","Colorado State University-Fort Collins","2015","Not on tenure/no tenure system, assistant professors","98","33","65","0","0","0","5","2","3","2","1","1","4","2","2","0","0","0","69","19","50","0","0","0","12","5","7","6","4","2","-2"
"126818","Colorado State University-Fort Collins","2015","Not on tenure/no tenure system, instructors","191","78","113","0","0","0","5","1","4","0","0","0","8","3","5","0","0","0","161","65","96","1","0","1","13","7","6","3","2","1","-2"
"127060","University of Denver","2015","Tenured total","344","216","128","0","0","0","28","18","10","5","2","3","20","11","9","0","0","0","250","155","95","4","3","1","36","26","10","1","1","0","-2"
"127060","University of Denver","2015","Tenured, professors","157","115","42","0","0","0","7","6","1","2","1","1","8","5","3","0","0","0","123","89","34","1","1","0","15","12","3","1","1","0","-2"
"127060","University of Denver","2015","Tenured, associate professors","187","101","86","0","0","0","21","12","9","3","1","2","12","6","6","0","0","0","127","66","61","3","2","1","21","14","7","0","0","0","-2"
"127060","University of Denver","2015","On-Tenure track total","110","56","54","0","0","0","8","3","5","6","0","6","5","5","0","0","0","0","67","37","30","0","0","0","14","6","8","10","5","5","-2"
"127060","University of Denver","2015","On-tenure track, professors","1","1","0","0","0","0","0","0","0","0","0","0","0","0","0","0","0","0","1","1","0","0","0","0","0","0","0","0","0","0","-2"
"127060","University of Denver","2015","On-tenure track, associate professors","4","1","3","0","0","0","0","0","0","1","0","1","1","1","0","0","0","0","1","0","1","0","0","0","1","0","1","0","0","0","-2"
"127060","University of Denver","2015","On-tenure track, assistant professors","105","54","51","0","0","0","8","3","5","5","0","5","4","4","0","0","0","0","65","36","29","0","0","0","13","6","7","10","5","5","-2"
"127060","University of Denver","2015","Not on tenure track/No tenure system system total","247","120","127","1","1","0","11","6","5","8","6","2","15","9","6","0","0","0","172","74","98","5","1","4","24","16","8","11","7","4","-2"
"127060","University of Denver","2015","Not on tenure/no tenure system, professors","30","21","9","0","0","0","1","0","1","1","1","0","1","1","0","0","0","0","26","18","8","0","0","0","1","1","0","0","0","0","-2"
"127060","University of Denver","2015","Not on tenure/no tenure system, associate professors","24","8","16","0","0","0","1","1","0","1","0","1","2","2","0","0","0","0","18","5","13","1","0","1","1","0","1","0","0","0","-2"
"127060","University of Denver","2015","Not on tenure/no tenure system, assistant professors","68","28","40","0","0","0","3","2","1","2","1","1","4","2","2","0","0","0","42","14","28","3","0","3","10","8","2","4","1","3","-2"
"127060","University of Denver","2015","Not on tenure/no tenure system, lecturers","125","63","62","1","1","0","6","3","3","4","4","0","8","4","4","0","0","0","86","37","49","1","1","0","12","7","5","7","6","1","-2"
"127565","Metropolitan State University of Denver","2015","Tenured total","263","154","109","2","1","1","22","16","6","14","11","3","24","15","9","0","0","0","195","108","87","5","3","2","1","0","1","0","0","0","-2"
"127565","Metropolitan State University of Denver","2015","Tenured, professors","141","87","54","1","1","0","9","5","4","7","5","2","8","7","1","0","0","0","113","67","46","3","2","1","0","0","0","0","0","0","-2"
"127565","Metropolitan State University of Denver","2015","Tenured, associate professors","121","67","54","1","0","1","13","11","2","7","6","1","16","8","8","0","0","0","81","41","40","2","1","1","1","0","1","0","0","0","-2"
"127565","Metropolitan State University of Denver","2015","Tenured, assistant professors","1","0","1","0","0","0","0","0","0","0","0","0","0","0","0","0","0","0","1","0","1","0","0","0","0","0","0","0","0","0","-2"
"127565","Metropolitan State University of Denver","2015","On-Tenure track total","173","78","95","1","1","0","11","8","3","8","5","3","16","8","8","0","0","0","135","55","80","2","1","1","0","0","0","0","0","0","-2"
"127565","Metropolitan State University of Denver","2015","On-tenure track, professors","5","3","2","0","0","0","0","0","0","0","0","0","0","0","0","0","0","0","4","2","2","1","1","0","0","0","0","0","0","0","-2"
"127565","Metropolitan State University of Denver","2015","On-tenure track, associate professors","50","19","31","0","0","0","1","1","0","2","0","2","4","3","1","0","0","0","43","15","28","0","0","0","0","0","0","0","0","0","-2"
"127565","Metropolitan State University of Denver","2015","On-tenure track, assistant professors","117","56","61","1","1","0","10","7","3","6","5","1","11","5","6","0","0","0","88","38","50","1","0","1","0","0","0","0","0","0","-2"
"127565","Metropolitan State University of Denver","2015","On-tenure track, lecturers","1","0","1","0","0","0","0","0","0","0","0","0","1","0","1","0","0","0","0","0","0","0","0","0","0","0","0","0","0","0","-2"
"127565","Metropolitan State University of Denver","2015","Not on tenure track/No tenure system system total","120","49","71","1","0","1","4","0","4","9","1","8","6","3","3","0","0","0","98","43","55","1","1","0","1","1","0","0","0","0","-2"
"127565","Metropolitan State University of Denver","2015","Not on tenure/no tenure system, associate professors","1","0","1","0","0","0","0","0","0","0","0","0","0","0","0","0","0","0","1","0","1","0","0","0","0","0","0","0","0","0","-2"
"127565","Metropolitan State University of Denver","2015","Not on tenure/no tenure system, assistant professors","21","7","14","0","0","0","1","0","1","1","0","1","2","1","1","0","0","0","17","6","11","0","0","0","0","0","0","0","0","0","-2"
"127565","Metropolitan State University of Denver","2015","Not on tenure/no tenure system, instructors","2","1","1","0","0","0","0","0","0","0","0","0","0","0","0","0","0","0","2","1","1","0","0","0","0","0","0","0","0","0","-2"
"127565","Metropolitan State University of Denver","2015","Not on tenure/no tenure system, lecturers","96","41","55","1","0","1","3","0","3","8","1","7","4","2","2","0","0","0","78","36","42","1","1","0","1","1","0","0","0","0","-2"
"127741","University of Northern Colorado","2015","Tenured total","281","162","119","3","2","1","10","6","4","8","6","2","18","7","11","0","0","0","238","138","100","1","1","0","0","0","0","3","2","1","-2"
"127741","University of Northern Colorado","2015","Tenured, professors","163","100","63","3","2","1","5","3","2","5","3","2","15","6","9","0","0","0","134","85","49","1","1","0","0","0","0","0","0","0","-2"
"127741","University of Northern Colorado","2015","Tenured, associate professors","118","62","56","0","0","0","5","3","2","3","3","0","3","1","2","0","0","0","104","53","51","0","0","0","0","0","0","3","2","1","-2"
"127741","University of Northern Colorado","2015","On-Tenure track total","100","45","55","0","0","0","4","1","3","1","0","1","3","0","3","0","0","0","81","36","45","1","1","0","0","0","0","10","7","3","-2"
"127741","University of Northern Colorado","2015","On-tenure track, associate professors","10","3","7","0","0","0","1","0","1","0","0","0","0","0","0","0","0","0","9","3","6","0","0","0","0","0","0","0","0","0","-2"
"127741","University of Northern Colorado","2015","On-tenure track, assistant professors","90","42","48","0","0","0","3","1","2","1","0","1","3","0","3","0","0","0","72","33","39","1","1","0","0","0","0","10","7","3","-2"
"127741","University of Northern Colorado","2015","Not on tenure track/No tenure system system total","104","31","73","0","0","0","3","2","1","0","0","0","6","2","4","1","0","1","91","27","64","1","0","1","0","0","0","2","0","2","-2"
"127741","University of Northern Colorado","2015","Not on tenure/no tenure system, professors","1","1","0","0","0","0","0","0","0","0","0","0","1","1","0","0","0","0","0","0","0","0","0","0","0","0","0","0","0","0","-2"
"127741","University of Northern Colorado","2015","Not on tenure/no tenure system, associate professors","9","3","6","0","0","0","0","0","0","0","0","0","0","0","0","0","0","0","9","3","6","0","0","0","0","0","0","0","0","0","-2"
"127741","University of Northern Colorado","2015","Not on tenure/no tenure system, assistant professors","21","4","17","0","0","0","1","1","0","0","0","0","1","0","1","0","0","0","18","3","15","1","0","1","0","0","0","0","0","0","-2"
"127741","University of Northern Colorado","2015","Not on tenure/no tenure system, instructors","16","5","11","0","0","0","0","0","0","0","0","0","1","1","0","0","0","0","14","4","10","0","0","0","0","0","0","1","0","1","-2"
"127741","University of Northern Colorado","2015","Not on tenure/no tenure system, lecturers","57","18","39","0","0","0","2","1","1","0","0","0","3","0","3","1","0","1","50","17","33","0","0","0","0","0","0","1","0","1","-2"
"128328","United States Air Force Academy","2015","Not on tenure track/No tenure system system total","169","118","51","0","0","0","6","3","3","0","0","0","1","1","0","3","2","1","159","112","47","0","0","0","0","0","0","0","0","0","-2"
"128328","United States Air Force Academy","2015","Not on tenure/no tenure system, professors","62","50","12","0","0","0","1","1","0","0","0","0","0","0","0","0","0","0","61","49","12","0","0","0","0","0","0","0","0","0","-2"
"128328","United States Air Force Academy","2015","Not on tenure/no tenure system, associate professors","36","26","10","0","0","0","1","0","1","0","0","0","0","0","0","1","1","0","34","25","9","0","0","0","0","0","0","0","0","0","-2"
"128328","United States Air Force Academy","2015","Not on tenure/no tenure system, assistant professors","53","35","18","0","0","0","4","2","2","0","0","0","0","0","0","2","1","1","47","32","15","0","0","0","0","0","0","0","0","0","-2"
"128328","United States Air Force Academy","2015","Not on tenure/no tenure system, instructors","18","7","11","0","0","0","0","0","0","0","0","0","1","1","0","0","0","0","17","6","11","0","0","0","0","0","0","0","0","0","-2"
"130776","Western Connecticut State University","2015","Tenured total","151","79","72","3","0","3","10","7","3","7","5","2","4","4","0","0","0","0","120","58","62","0","0","0","7","5","2","0","0","0","-2"
"130776","Western Connecticut State University","2015","Tenured, professors","96","52","44","2","0","2","5","3","2","3","2","1","2","2","0","0","0","0","82","44","38","0","0","0","2","1","1","0","0","0","-2"
"130776","Western Connecticut State University","2015","Tenured, associate professors","48","24","24","1","0","1","5","4","1","3","2","1","2","2","0","0","0","0","33","13","20","0","0","0","4","3","1","0","0","0","-2"
"130776","Western Connecticut State University","2015","Tenured, assistant professors","7","3","4","0","0","0","0","0","0","1","1","0","0","0","0","0","0","0","5","1","4","0","0","0","1","1","0","0","0","0","-2"
"130776","Western Connecticut State University","2015","On-Tenure track total","55","16","39","0","0","0","10","4","6","2","0","2","2","0","2","0","0","0","38","11","27","0","0","0","3","1","2","0","0","0","-2"
"130776","Western Connecticut State University","2015","On-tenure track, associate professors","11","5","6","0","0","0","4","1","3","0","0","0","0","0","0","0","0","0","6","3","3","0","0","0","1","1","0","0","0","0","-2"
"130776","Western Connecticut State University","2015","On-tenure track, assistant professors","44","11","33","0","0","0","6","3","3","2","0","2","2","0","2","0","0","0","32","8","24","0","0","0","2","0","2","0","0","0","-2"
"130776","Western Connecticut State University","2015","Not on tenure track/No tenure system system total","3","3","0","0","0","0","1","1","0","0","0","0","0","0","0","0","0","0","2","2","0","0","0","0","0","0","0","0","0","0","-2"
"130776","Western Connecticut State University","2015","Not on tenure/no tenure system, associate professors","1","1","0","0","0","0","0","0","0","0","0","0","0","0","0","0","0","0","1","1","0","0","0","0","0","0","0","0","0","0","-2"
"130776","Western Connecticut State University","2015","Not on tenure/no tenure system, assistant professors","1","1","0","0","0","0","0","0","0","0","0","0","0","0","0","0","0","0","1","1","0","0","0","0","0","0","0","0","0","0","-2"
"130776","Western Connecticut State University","2015","Not on tenure/no tenure system, instructors","1","1","0","0","0","0","1","1","0","0","0","0","0","0","0","0","0","0","0","0","0","0","0","0","0","0","0","0","0","0","-2"
"130794","Yale University","2015","Tenured total","1002","749","253","1","1","0","93","66","27","26","15","11","23","17","6","1","1","0","798","609","189","2","1","1","46","32","14","12","7","5","-2"
"130794","Yale University","2015","Tenured, professors","923","701","222","1","1","0","80","59","21","24","14","10","20","16","4","1","1","0","744","574","170","2","1","1","43","30","13","8","5","3","-2"
"130794","Yale University","2015","Tenured, associate professors","79","48","31","0","0","0","13","7","6","2","1","1","3","1","2","0","0","0","54","35","19","0","0","0","3","2","1","4","2","2","-2"
"130794","Yale University","2015","On-Tenure track total","1126","652","474","1","1","0","177","101","76","44","22","22","39","22","17","3","0","3","631","367","264","5","2","3","165","97","68","61","40","21","-2"
"130794","Yale University","2015","On-tenure track, associate professors","339","206","133","1","1","0","64","40","24","16","6","10","12","7","5","2","0","2","218","139","79","3","1","2","17","8","9","6","4","2","-2"
"130794","Yale University","2015","On-tenure track, assistant professors","785","445","340","0","0","0","113","61","52","28","16","12","27","15","12","1","0","1","412","227","185","2","1","1","148","89","59","54","36","18","-2"
"130794","Yale University","2015","On-tenure track, lecturers","2","1","1","0","0","0","0","0","0","0","0","0","0","0","0","0","0","0","1","1","0","0","0","0","0","0","0","1","0","1","-2"
"130794","Yale University","2015","Not on tenure track/No tenure system system total","637","324","313","0","0","0","61","24","37","12","7","5","16","2","14","0","0","0","339","179","160","1","0","1","155","83","72","53","29","24","-2"
"130794","Yale University","2015","Not on tenure/no tenure system, professors","68","52","16","0","0","0","5","3","2","1","1","0","0","0","0","0","0","0","59","45","14","0","0","0","2","2","0","1","1","0","-2"
"130794","Yale University","2015","Not on tenure/no tenure system, associate professors","21","6","15","0","0","0","1","1","0","1","0","1","0","0","0","0","0","0","15","4","11","0","0","0","2","0","2","2","1","1","-2"
"130794","Yale University","2015","Not on tenure/no tenure system, assistant professors","14","10","4","0","0","0","0","0","0","0","0","0","0","0","0","0","0","0","8","5","3","0","0","0","3","2","1","3","3","0","-2"
"130794","Yale University","2015","Not on tenure/no tenure system, lecturers","534","256","278","0","0","0","55","20","35","10","6","4","16","2","14","0","0","0","257","125","132","1","0","1","148","79","69","47","24","23","-2"
"130934","Delaware State University","2015","Tenured total","124","80","44","4","3","1","23","20","3","48","26","22","3","2","1","0","0","0","45","29","16","0","0","0","1","0","1","0","0","0","-2"
"130934","Delaware State University","2015","Tenured, professors","38","29","9","1","1","0","8","8","0","15","12","3","1","1","0","0","0","0","13","7","6","0","0","0","0","0","0","0","0","0","-2"
"130934","Delaware State University","2015","Tenured, associate professors","86","51","35","3","2","1","15","12","3","33","14","19","2","1","1","0","0","0","32","22","10","0","0","0","1","0","1","0","0","0","-2"
"130934","Delaware State University","2015","On-Tenure track total","61","34","27","0","0","0","16","8","8","19","8","11","2","2","0","0","0","0","23","15","8","0","0","0","1","1","0","0","0","0","-2"
"130934","Delaware State University","2015","On-tenure track, associate professors","15","6","9","0","0","0","4","1","3","7","4","3","0","0","0","0","0","0","4","1","3","0","0","0","0","0","0","0","0","0","-2"
"130934","Delaware State University","2015","On-tenure track, assistant professors","46","28","18","0","0","0","12","7","5","12","4","8","2","2","0","0","0","0","19","14","5","0","0","0","1","1","0","0","0","0","-2"
"130934","Delaware State University","2015","Not on tenure track/No tenure system system total","36","14","22","0","0","0","6","4","2","13","7","6","1","0","1","0","0","0","16","3","13","0","0","0","0","0","0","0","0","0","-2"
"130934","Delaware State University","2015","Not on tenure/no tenure system, associate professors","4","3","1","0","0","0","0","0","0","2","2","0","0","0","0","0","0","0","2","1","1","0","0","0","0","0","0","0","0","0","-2"
"130934","Delaware State University","2015","Not on tenure/no tenure system, assistant professors","9","3","6","0","0","0","0","0","0","4","2","2","0","0","0","0","0","0","5","1","4","0","0","0","0","0","0","0","0","0","-2"
"130934","Delaware State University","2015","Not on tenure/no tenure system, instructors","16","6","10","0","0","0","3","3","0","6","2","4","1","0","1","0","0","0","6","1","5","0","0","0","0","0","0","0","0","0","-2"
"130934","Delaware State University","2015","Not on tenure/no tenure system, lecturers","7","2","5","0","0","0","3","1","2","1","1","0","0","0","0","0","0","0","3","0","3","0","0","0","0","0","0","0","0","0","-2"
"130943","University of Delaware","2015","Tenured total","667","445","222","0","0","0","88","66","22","25","12","13","23","14","9","0","0","0","528","353","175","0","0","0","1","0","1","2","0","2","-2"
"130943","University of Delaware","2015","Tenured, professors","374","278","96","0","0","0","45","39","6","8","4","4","13","10","3","0","0","0","308","225","83","0","0","0","0","0","0","0","0","0","-2"
"130943","University of Delaware","2015","Tenured, associate professors","293","167","126","0","0","0","43","27","16","17","8","9","10","4","6","0","0","0","220","128","92","0","0","0","1","0","1","2","0","2","-2"
"130943","University of Delaware","2015","On-Tenure track total","172","82","90","0","0","0","28","12","16","7","2","5","6","5","1","0","0","0","101","45","56","2","1","1","2","1","1","26","16","10","-2"
"130943","University of Delaware","2015","On-tenure track, associate professors","9","2","7","0","0","0","1","0","1","1","0","1","1","1","0","0","0","0","6","1","5","0","0","0","0","0","0","0","0","0","-2"
"130943","University of Delaware","2015","On-tenure track, assistant professors","163","80","83","0","0","0","27","12","15","6","2","4","5","4","1","0","0","0","95","44","51","2","1","1","2","1","1","26","16","10","-2"
"130943","University of Delaware","2015","Not on tenure track/No tenure system system total","280","126","154","1","0","1","13","7","6","11","5","6","9","2","7","1","0","1","235","106","129","2","0","2","1","1","0","7","5","2","-2"
"130943","University of Delaware","2015","Not on tenure/no tenure system, professors","10","7","3","0","0","0","0","0","0","1","1","0","0","0","0","0","0","0","9","6","3","0","0","0","0","0","0","0","0","0","-2"
"130943","University of Delaware","2015","Not on tenure/no tenure system, associate professors","53","32","21","0","0","0","4","4","0","2","1","1","1","0","1","0","0","0","44","25","19","0","0","0","0","0","0","2","2","0","-2"
"130943","University of Delaware","2015","Not on tenure/no tenure system, assistant professors","129","59","70","1","0","1","8","3","5","7","3","4","4","2","2","1","0","1","101","47","54","2","0","2","1","1","0","4","3","1","-2"
"130943","University of Delaware","2015","Not on tenure/no tenure system, instructors","88","28","60","0","0","0","1","0","1","1","0","1","4","0","4","0","0","0","81","28","53","0","0","0","0","0","0","1","0","1","-2"
"131520","Howard University","2015","Tenured total","472","305","167","0","0","0","38","31","7","266","173","93","12","2","10","0","0","0","80","50","30","0","0","0","76","49","27","0","0","0","-2"
"131520","Howard University","2015","Tenured, professors","215","159","56","0","0","0","15","14","1","122","92","30","5","2","3","0","0","0","38","24","14","0","0","0","35","27","8","0","0","0","-2"
"131520","Howard University","2015","Tenured, associate professors","251","144","107","0","0","0","23","17","6","139","79","60","6","0","6","0","0","0","42","26","16","0","0","0","41","22","19","0","0","0","-2"
"131520","Howard University","2015","Tenured, assistant professors","5","2","3","0","0","0","0","0","0","4","2","2","1","0","1","0","0","0","0","0","0","0","0","0","0","0","0","0","0","0","-2"
"131520","Howard University","2015","Tenured, no academic rank","1","0","1","0","0","0","0","0","0","1","0","1","0","0","0","0","0","0","0","0","0","0","0","0","0","0","0","0","0","0","-2"
"131520","Howard University","2015","On-Tenure track total","171","82","89","0","0","0","22","14","8","91","38","53","3","2","1","0","0","0","9","5","4","0","0","0","46","23","23","0","0","0","-2"
"131520","Howard University","2015","On-tenure track, professors","1","0","1","0","0","0","0","0","0","1","0","1","0","0","0","0","0","0","0","0","0","0","0","0","0","0","0","0","0","0","-2"
"131520","Howard University","2015","On-tenure track, associate professors","21","14","7","0","0","0","3","3","0","11","8","3","1","0","1","0","0","0","0","0","0","0","0","0","6","3","3","0","0","0","-2"
"131520","Howard University","2015","On-tenure track, assistant professors","147","68","79","0","0","0","19","11","8","77","30","47","2","2","0","0","0","0","9","5","4","0","0","0","40","20","20","0","0","0","-2"
"131520","Howard University","2015","On-tenure track, instructors","2","0","2","0","0","0","0","0","0","2","0","2","0","0","0","0","0","0","0","0","0","0","0","0","0","0","0","0","0","0","-2"
"131520","Howard University","2015","Not on tenure track/No tenure system system total","451","244","207","1","1","0","15","5","10","251","125","126","8","3","5","0","0","0","47","29","18","0","0","0","129","81","48","0","0","0","-2"
"131520","Howard University","2015","Not on tenure/no tenure system, professors","41","27","14","0","0","0","3","2","1","23","13","10","0","0","0","0","0","0","10","9","1","0","0","0","5","3","2","0","0","0","-2"
"131520","Howard University","2015","Not on tenure/no tenure system, associate professors","63","36","27","0","0","0","2","1","1","36","18","18","1","0","1","0","0","0","4","3","1","0","0","0","20","14","6","0","0","0","-2"
"131520","Howard University","2015","Not on tenure/no tenure system, assistant professors","151","82","69","0","0","0","4","1","3","83","47","36","2","1","1","0","0","0","19","10","9","0","0","0","43","23","20","0","0","0","-2"
"131520","Howard University","2015","Not on tenure/no tenure system, instructors","36","18","18","0","0","0","0","0","0","22","11","11","0","0","0","0","0","0","3","0","3","0","0","0","11","7","4","0","0","0","-2"
"131520","Howard University","2015","Not on tenure/no tenure system, lecturers","91","48","43","0","0","0","1","0","1","53","23","30","3","1","2","0","0","0","6","4","2","0","0","0","28","20","8","0","0","0","-2"
"131520","Howard University","2015","Not on tenure/no tenure system, no academic rank","69","33","36","1","1","0","5","1","4","34","13","21","2","1","1","0","0","0","5","3","2","0","0","0","22","14","8","0","0","0","-2"
"133553","Embry-Riddle Aeronautical University-Daytona Beach","2015","Tenured total","115","90","25","0","0","0","12","11","1","1","0","1","1","0","1","0","0","0","98","79","19","0","0","0","0","0","0","3","0","3","-2"
"133553","Embry-Riddle Aeronautical University-Daytona Beach","2015","Tenured, professors","57","51","6","0","0","0","7","6","1","0","0","0","0","0","0","0","0","0","49","45","4","0","0","0","0","0","0","1","0","1","-2"
"133553","Embry-Riddle Aeronautical University-Daytona Beach","2015","Tenured, associate professors","58","39","19","0","0","0","5","5","0","1","0","1","1","0","1","0","0","0","49","34","15","0","0","0","0","0","0","2","0","2","-2"
"133553","Embry-Riddle Aeronautical University-Daytona Beach","2015","On-Tenure track total","78","54","24","0","0","0","7","4","3","2","2","0","3","1","2","0","0","0","53","37","16","0","0","0","2","1","1","11","9","2","-2"
"133553","Embry-Riddle Aeronautical University-Daytona Beach","2015","On-tenure track, professors","1","1","0","0","0","0","0","0","0","0","0","0","0","0","0","0","0","0","1","1","0","0","0","0","0","0","0","0","0","0","-2"
"133553","Embry-Riddle Aeronautical University-Daytona Beach","2015","On-tenure track, associate professors","14","13","1","0","0","0","2","1","1","0","0","0","1","1","0","0","0","0","11","11","0","0","0","0","0","0","0","0","0","0","-2"
"133553","Embry-Riddle Aeronautical University-Daytona Beach","2015","On-tenure track, assistant professors","63","40","23","0","0","0","5","3","2","2","2","0","2","0","2","0","0","0","41","25","16","0","0","0","2","1","1","11","9","2","-2"
"133553","Embry-Riddle Aeronautical University-Daytona Beach","2015","Not on tenure track/No tenure system system total","93","71","22","0","0","0","6","3","3","2","1","1","4","4","0","1","1","0","76","58","18","0","0","0","1","1","0","3","3","0","-2"
"133553","Embry-Riddle Aeronautical University-Daytona Beach","2015","Not on tenure/no tenure system, professors","4","4","0","0","0","0","0","0","0","0","0","0","0","0","0","0","0","0","4","4","0","0","0","0","0","0","0","0","0","0","-2"
"133553","Embry-Riddle Aeronautical University-Daytona Beach","2015","Not on tenure/no tenure system, associate professors","26","21","5","0","0","0","2","1","1","1","1","0","1","1","0","0","0","0","22","18","4","0","0","0","0","0","0","0","0","0","-2"
"133553","Embry-Riddle Aeronautical University-Daytona Beach","2015","Not on tenure/no tenure system, assistant professors","46","37","9","0","0","0","3","2","1","1","0","1","3","3","0","1","1","0","34","27","7","0","0","0","1","1","0","3","3","0","-2"
"133553","Embry-Riddle Aeronautical University-Daytona Beach","2015","Not on tenure/no tenure system, instructors","17","9","8","0","0","0","1","0","1","0","0","0","0","0","0","0","0","0","16","9","7","0","0","0","0","0","0","0","0","0","-2"
"133650","Florida Agricultural and Mechanical University","2015","Tenured total","307","187","120","1","0","1","19","15","4","201","116","85","8","3","5","0","0","0","59","39","20","4","2","2","0","0","0","15","12","3","-2"
"133650","Florida Agricultural and Mechanical University","2015","Tenured, professors","144","105","39","1","0","1","12","10","2","95","65","30","1","1","0","0","0","0","27","23","4","1","0","1","0","0","0","7","6","1","-2"
"133650","Florida Agricultural and Mechanical University","2015","Tenured, associate professors","148","75","73","0","0","0","6","5","1","93","44","49","7","2","5","0","0","0","31","16","15","3","2","1","0","0","0","8","6","2","-2"
"133650","Florida Agricultural and Mechanical University","2015","Tenured, assistant professors","15","7","8","0","0","0","1","0","1","13","7","6","0","0","0","0","0","0","1","0","1","0","0","0","0","0","0","0","0","0","-2"
"133650","Florida Agricultural and Mechanical University","2015","On-Tenure track total","89","39","50","0","0","0","3","2","1","58","20","38","4","4","0","0","0","0","14","8","6","2","1","1","0","0","0","8","4","4","-2"
"133650","Florida Agricultural and Mechanical University","2015","On-tenure track, professors","1","1","0","0","0","0","0","0","0","1","1","0","0","0","0","0","0","0","0","0","0","0","0","0","0","0","0","0","0","0","-2"
"133650","Florida Agricultural and Mechanical University","2015","On-tenure track, associate professors","20","7","13","0","0","0","1","0","1","15","4","11","0","0","0","0","0","0","1","1","0","2","1","1","0","0","0","1","1","0","-2"
"133650","Florida Agricultural and Mechanical University","2015","On-tenure track, assistant professors","67","30","37","0","0","0","2","2","0","42","15","27","3","3","0","0","0","0","13","7","6","0","0","0","0","0","0","7","3","4","-2"
"133650","Florida Agricultural and Mechanical University","2015","On-tenure track, no academic rank","1","1","0","0","0","0","0","0","0","0","0","0","1","1","0","0","0","0","0","0","0","0","0","0","0","0","0","0","0","0","-2"
"133650","Florida Agricultural and Mechanical University","2015","Not on tenure track/No tenure system system total","151","66","85","0","0","0","2","1","1","110","44","66","3","0","3","0","0","0","22","12","10","2","1","1","0","0","0","12","8","4","-2"
"133650","Florida Agricultural and Mechanical University","2015","Not on tenure/no tenure system, professors","3","2","1","0","0","0","0","0","0","2","1","1","0","0","0","0","0","0","1","1","0","0","0","0","0","0","0","0","0","0","-2"
"133650","Florida Agricultural and Mechanical University","2015","Not on tenure/no tenure system, associate professors","4","3","1","0","0","0","0","0","0","1","1","0","0","0","0","0","0","0","1","1","0","1","0","1","0","0","0","1","1","0","-2"
"133650","Florida Agricultural and Mechanical University","2015","Not on tenure/no tenure system, assistant professors","67","32","35","0","0","0","1","0","1","54","26","28","1","0","1","0","0","0","6","3","3","1","1","0","0","0","0","4","2","2","-2"
"133650","Florida Agricultural and Mechanical University","2015","Not on tenure/no tenure system, instructors","73","27","46","0","0","0","1","1","0","50","15","35","2","0","2","0","0","0","13","6","7","0","0","0","0","0","0","7","5","2","-2"
"133650","Florida Agricultural and Mechanical University","2015","Not on tenure/no tenure system, lecturers","1","1","0","0","0","0","0","0","0","0","0","0","0","0","0","0","0","0","1","1","0","0","0","0","0","0","0","0","0","0","-2"
"133650","Florida Agricultural and Mechanical University","2015","Not on tenure/no tenure system, no academic rank","3","1","2","0","0","0","0","0","0","3","1","2","0","0","0","0","0","0","0","0","0","0","0","0","0","0","0","0","0","0","-2"
"133881","Florida Institute of Technology","2015","Not on tenure track/No tenure system system total","321","240","81","2","2","0","39","35","4","9","6","3","19","10","9","0","0","0","206","152","54","2","1","1","11","9","2","33","25","8","-2"
"133881","Florida Institute of Technology","2015","Not on tenure/no tenure system, professors","79","69","10","0","0","0","12","12","0","0","0","0","3","1","2","0","0","0","55","48","7","0","0","0","1","1","0","8","7","1","-2"
"133881","Florida Institute of Technology","2015","Not on tenure/no tenure system, associate professors","99","85","14","1","1","0","12","11","1","3","3","0","4","4","0","0","0","0","59","49","10","1","1","0","5","5","0","14","11","3","-2"
"133881","Florida Institute of Technology","2015","Not on tenure/no tenure system, assistant professors","118","75","43","1","1","0","14","11","3","4","3","1","12","5","7","0","0","0","73","46","27","1","0","1","4","2","2","9","7","2","-2"
"133881","Florida Institute of Technology","2015","Not on tenure/no tenure system, instructors","25","11","14","0","0","0","1","1","0","2","0","2","0","0","0","0","0","0","19","9","10","0","0","0","1","1","0","2","0","2","-2"
"133951","Florida International University","2015","Tenured total","492","341","151","2","1","1","104","83","21","27","14","13","69","52","17","0","0","0","282","186","96","0","0","0","0","0","0","8","5","3","-2"
"133951","Florida International University","2015","Tenured, professors","235","184","51","1","0","1","46","41","5","8","7","1","44","37","7","0","0","0","134","97","37","0","0","0","0","0","0","2","2","0","-2"
"133951","Florida International University","2015","Tenured, associate professors","257","157","100","1","1","0","58","42","16","19","7","12","25","15","10","0","0","0","148","89","59","0","0","0","0","0","0","6","3","3","-2"
"133951","Florida International University","2015","On-Tenure track total","230","133","97","2","1","1","34","24","10","6","2","4","17","11","6","0","0","0","125","66","59","0","0","0","0","0","0","46","29","17","-2"
"133951","Florida International University","2015","On-tenure track, associate professors","10","5","5","0","0","0","3","2","1","2","0","2","1","1","0","0","0","0","3","1","2","0","0","0","0","0","0","1","1","0","-2"
"133951","Florida International University","2015","On-tenure track, assistant professors","217","126","91","2","1","1","31","22","9","4","2","2","16","10","6","0","0","0","120","64","56","0","0","0","0","0","0","44","27","17","-2"
"133951","Florida International University","2015","On-tenure track, instructors","3","2","1","0","0","0","0","0","0","0","0","0","0","0","0","0","0","0","2","1","1","0","0","0","0","0","0","1","1","0","-2"
"133951","Florida International University","2015","Not on tenure track/No tenure system system total","510","240","270","1","0","1","30","14","16","41","15","26","135","57","78","0","0","0","265","128","137","4","2","2","0","0","0","34","24","10","-2"
"133951","Florida International University","2015","Not on tenure/no tenure system, professors","23","16","7","0","0","0","3","2","1","0","0","0","2","2","0","0","0","0","15","9","6","0","0","0","0","0","0","3","3","0","-2"
"133951","Florida International University","2015","Not on tenure/no tenure system, associate professors","31","14","17","0","0","0","0","0","0","5","1","4","11","4","7","0","0","0","12","6","6","0","0","0","0","0","0","3","3","0","-2"
"133951","Florida International University","2015","Not on tenure/no tenure system, assistant professors","124","47","77","0","0","0","9","5","4","14","2","12","34","14","20","0","0","0","55","18","37","2","1","1","0","0","0","10","7","3","-2"
"133951","Florida International University","2015","Not on tenure/no tenure system, instructors","266","133","133","1","0","1","15","6","9","19","11","8","68","30","38","0","0","0","144","75","69","1","0","1","0","0","0","18","11","7","-2"
"133951","Florida International University","2015","Not on tenure/no tenure system, lecturers","40","17","23","0","0","0","3","1","2","3","1","2","10","3","7","0","0","0","24","12","12","0","0","0","0","0","0","0","0","0","-2"
"133951","Florida International University","2015","Not on tenure/no tenure system, no academic rank","26","13","13","0","0","0","0","0","0","0","0","0","10","4","6","0","0","0","15","8","7","1","1","0","0","0","0","0","0","0","-2"
"133979","Florida Memorial University","2015","Tenured total","32","20","12","0","0","0","5","5","0","15","8","7","2","2","0","0","0","0","10","5","5","0","0","0","0","0","0","0","0","0","-2"
"133979","Florida Memorial University","2015","Tenured, professors","8","5","3","0","0","0","2","2","0","4","2","2","0","0","0","0","0","0","2","1","1","0","0","0","0","0","0","0","0","0","-2"
"133979","Florida Memorial University","2015","Tenured, associate professors","24","15","9","0","0","0","3","3","0","11","6","5","2","2","0","0","0","0","8","4","4","0","0","0","0","0","0","0","0","0","-2"
"133979","Florida Memorial University","2015","On-Tenure track total","30","21","9","0","0","0","2","1","1","23","17","6","1","0","1","0","0","0","4","3","1","0","0","0","0","0","0","0","0","0","-2"
"133979","Florida Memorial University","2015","On-tenure track, associate professors","11","8","3","0","0","0","0","0","0","9","7","2","1","0","1","0","0","0","1","1","0","0","0","0","0","0","0","0","0","0","-2"
"133979","Florida Memorial University","2015","On-tenure track, assistant professors","19","13","6","0","0","0","2","1","1","14","10","4","0","0","0","0","0","0","3","2","1","0","0","0","0","0","0","0","0","0","-2"
"133979","Florida Memorial University","2015","Not on tenure track/No tenure system system total","11","6","5","0","0","0","1","1","0","5","2","3","4","2","2","0","0","0","1","1","0","0","0","0","0","0","0","0","0","0","-2"
"133979","Florida Memorial University","2015","Not on tenure/no tenure system, instructors","11","6","5","0","0","0","1","1","0","5","2","3","4","2","2","0","0","0","1","1","0","0","0","0","0","0","0","0","0","0","-2"
"134097","Florida State University","2015","Tenured total","777","538","239","2","2","0","100","77","23","30","15","15","29","21","8","0","0","0","611","422","189","5","1","4","0","0","0","0","0","0","-2"
"134097","Florida State University","2015","Tenured, professors","447","339","108","1","1","0","44","36","8","18","11","7","15","11","4","0","0","0","366","279","87","3","1","2","0","0","0","0","0","0","-2"
"134097","Florida State University","2015","Tenured, associate professors","310","181","129","1","1","0","53","38","15","12","4","8","13","9","4","0","0","0","229","129","100","2","0","2","0","0","0","0","0","0","-2"
"134097","Florida State University","2015","Tenured, no academic rank","20","18","2","0","0","0","3","3","0","0","0","0","1","1","0","0","0","0","16","14","2","0","0","0","0","0","0","0","0","0","-2"
"134097","Florida State University","2015","On-Tenure track total","290","174","116","0","0","0","38","25","13","12","3","9","13","8","5","0","0","0","176","107","69","4","1","3","0","0","0","47","30","17","-2"
"134097","Florida State University","2015","On-tenure track, professors","3","1","2","0","0","0","1","0","1","0","0","0","0","0","0","0","0","0","2","1","1","0","0","0","0","0","0","0","0","0","-2"
"134097","Florida State University","2015","On-tenure track, associate professors","12","8","4","0","0","0","3","2","1","1","0","1","0","0","0","0","0","0","8","6","2","0","0","0","0","0","0","0","0","0","-2"
"134097","Florida State University","2015","On-tenure track, assistant professors","274","165","109","0","0","0","34","23","11","11","3","8","13","8","5","0","0","0","165","100","65","4","1","3","0","0","0","47","30","17","-2"
"134097","Florida State University","2015","On-tenure track, no academic rank","1","0","1","0","0","0","0","0","0","0","0","0","0","0","0","0","0","0","1","0","1","0","0","0","0","0","0","0","0","0","-2"
"134097","Florida State University","2015","Not on tenure track/No tenure system system total","419","182","237","0","0","0","20","6","14","24","8","16","25","7","18","0","0","0","336","156","180","6","1","5","0","0","0","8","4","4","-2"
"134097","Florida State University","2015","Not on tenure/no tenure system, professors","13","9","4","0","0","0","0","0","0","2","1","1","0","0","0","0","0","0","9","7","2","1","0","1","0","0","0","1","1","0","-2"
"134097","Florida State University","2015","Not on tenure/no tenure system, associate professors","27","15","12","0","0","0","3","2","1","2","1","1","4","2","2","0","0","0","18","10","8","0","0","0","0","0","0","0","0","0","-2"
"134097","Florida State University","2015","Not on tenure/no tenure system, assistant professors","35","12","23","0","0","0","1","1","0","5","2","3","5","1","4","0","0","0","21","7","14","0","0","0","0","0","0","3","1","2","-2"
"134097","Florida State University","2015","Not on tenure/no tenure system, instructors","1","0","1","0","0","0","0","0","0","0","0","0","0","0","0","0","0","0","1","0","1","0","0","0","0","0","0","0","0","0","-2"
"134097","Florida State University","2015","Not on tenure/no tenure system, no academic rank","343","146","197","0","0","0","16","3","13","15","4","11","16","4","12","0","0","0","287","132","155","5","1","4","0","0","0","4","2","2","-2"
"135726","University of Miami","2015","Tenured total","868","640","228","4","4","0","106","83","23","24","14","10","92","61","31","0","0","0","632","471","161","3","2","1","3","3","0","4","2","2","-2"
"135726","University of Miami","2015","Tenured, professors","594","478","116","2","2","0","61","51","10","12","9","3","65","48","17","0","0","0","447","363","84","3","2","1","2","2","0","2","1","1","-2"
"135726","University of Miami","2015","Tenured, associate professors","274","162","112","2","2","0","45","32","13","12","5","7","27","13","14","0","0","0","185","108","77","0","0","0","1","1","0","2","1","1","-2"
"135726","University of Miami","2015","On-Tenure track total","238","162","76","0","0","0","41","28","13","6","5","1","31","23","8","1","0","1","114","69","45","1","1","0","1","1","0","43","35","8","-2"
"135726","University of Miami","2015","On-tenure track, professors","10","8","2","0","0","0","2","1","1","1","1","0","1","1","0","0","0","0","4","3","1","0","0","0","1","1","0","1","1","0","-2"
"135726","University of Miami","2015","On-tenure track, associate professors","57","44","13","0","0","0","12","11","1","0","0","0","13","11","2","1","0","1","30","21","9","0","0","0","0","0","0","1","1","0","-2"
"135726","University of Miami","2015","On-tenure track, assistant professors","171","110","61","0","0","0","27","16","11","5","4","1","17","11","6","0","0","0","80","45","35","1","1","0","0","0","0","41","33","8","-2"
"135726","University of Miami","2015","Not on tenure track/No tenure system system total","440","197","243","0","0","0","22","4","18","22","7","15","97","41","56","0","0","0","272","126","146","7","4","3","5","4","1","15","11","4","-2"
"135726","University of Miami","2015","Not on tenure/no tenure system, professors","19","14","5","0","0","0","0","0","0","2","1","1","2","2","0","0","0","0","14","10","4","0","0","0","1","1","0","0","0","0","-2"
"135726","University of Miami","2015","Not on tenure/no tenure system, associate professors","22","10","12","0","0","0","4","2","2","3","2","1","5","3","2","0","0","0","10","3","7","0","0","0","0","0","0","0","0","0","-2"
"135726","University of Miami","2015","Not on tenure/no tenure system, assistant professors","87","33","54","0","0","0","5","1","4","8","0","8","20","6","14","0","0","0","45","20","25","1","0","1","1","0","1","7","6","1","-2"
"135726","University of Miami","2015","Not on tenure/no tenure system, lecturers","312","140","172","0","0","0","13","1","12","9","4","5","70","30","40","0","0","0","203","93","110","6","4","2","3","3","0","8","5","3","-2"
"137351","University of South Florida-Main Campus","2015","Tenured total","713","478","235","3","2","1","92","72","20","35","18","17","36","21","15","0","0","0","535","357","178","1","1","0","0","0","0","11","7","4","-2"
"137351","University of South Florida-Main Campus","2015","Tenured, professors","371","275","96","3","2","1","40","38","2","10","9","1","22","14","8","0","0","0","293","210","83","1","1","0","0","0","0","2","1","1","-2"
"137351","University of South Florida-Main Campus","2015","Tenured, associate professors","339","201","138","0","0","0","51","33","18","24","9","15","14","7","7","0","0","0","241","146","95","0","0","0","0","0","0","9","6","3","-2"
"137351","University of South Florida-Main Campus","2015","Tenured, assistant professors","3","2","1","0","0","0","1","1","0","1","0","1","0","0","0","0","0","0","1","1","0","0","0","0","0","0","0","0","0","0","-2"
"137351","University of South Florida-Main Campus","2015","On-Tenure track total","287","152","135","1","0","1","47","27","20","14","6","8","16","7","9","0","0","0","153","81","72","2","0","2","0","0","0","54","31","23","-2"
"137351","University of South Florida-Main Campus","2015","On-tenure track, professors","16","14","2","0","0","0","2","2","0","1","1","0","1","0","1","0","0","0","12","11","1","0","0","0","0","0","0","0","0","0","-2"
"137351","University of South Florida-Main Campus","2015","On-tenure track, associate professors","25","19","6","0","0","0","4","4","0","1","0","1","1","1","0","0","0","0","18","13","5","0","0","0","0","0","0","1","1","0","-2"
"137351","University of South Florida-Main Campus","2015","On-tenure track, assistant professors","242","117","125","1","0","1","40","20","20","12","5","7","14","6","8","0","0","0","121","56","65","2","0","2","0","0","0","52","30","22","-2"
"137351","University of South Florida-Main Campus","2015","On-tenure track, instructors","4","2","2","0","0","0","1","1","0","0","0","0","0","0","0","0","0","0","2","1","1","0","0","0","0","0","0","1","0","1","-2"
"137351","University of South Florida-Main Campus","2015","Not on tenure track/No tenure system system total","730","336","394","1","1","0","69","33","36","33","12","21","85","45","40","0","0","0","496","227","269","1","0","1","1","0","1","44","18","26","-2"
"137351","University of South Florida-Main Campus","2015","Not on tenure/no tenure system, professors","39","30","9","0","0","0","3","2","1","1","1","0","3","3","0","0","0","0","32","24","8","0","0","0","0","0","0","0","0","0","-2"
"137351","University of South Florida-Main Campus","2015","Not on tenure/no tenure system, associate professors","68","36","32","0","0","0","3","2","1","3","1","2","12","7","5","0","0","0","47","25","22","0","0","0","0","0","0","3","1","2","-2"
"137351","University of South Florida-Main Campus","2015","Not on tenure/no tenure system, assistant professors","229","121","108","1","1","0","33","17","16","13","4","9","40","26","14","0","0","0","128","67","61","0","0","0","1","0","1","13","6","7","-2"
"137351","University of South Florida-Main Campus","2015","Not on tenure/no tenure system, instructors","324","122","202","0","0","0","16","7","9","14","6","8","22","7","15","0","0","0","248","93","155","1","0","1","0","0","0","23","9","14","-2"
"137351","University of South Florida-Main Campus","2015","Not on tenure/no tenure system, no academic rank","70","27","43","0","0","0","14","5","9","2","0","2","8","2","6","0","0","0","41","18","23","0","0","0","0","0","0","5","2","3","-2"
"139755","Georgia Institute of Technology-Main Campus","2015","Tenured total","714","576","138","0","0","0","169","139","30","21","17","4","21","16","5","0","0","0","499","401","98","0","0","0","2","1","1","2","2","0","-2"
"139755","Georgia Institute of Technology-Main Campus","2015","Tenured, professors","439","370","69","0","0","0","102","89","13","9","7","2","10","9","1","0","0","0","316","263","53","0","0","0","1","1","0","1","1","0","-2"
"139755","Georgia Institute of Technology-Main Campus","2015","Tenured, associate professors","275","206","69","0","0","0","67","50","17","12","10","2","11","7","4","0","0","0","183","138","45","0","0","0","1","0","1","1","1","0","-2"
"139755","Georgia Institute of Technology-Main Campus","2015","On-Tenure track total","209","147","62","0","0","0","57","38","19","3","2","1","9","7","2","0","0","0","128","89","39","2","2","0","4","3","1","6","6","0","-2"
"139755","Georgia Institute of Technology-Main Campus","2015","On-tenure track, associate professors","15","13","2","0","0","0","11","10","1","0","0","0","0","0","0","0","0","0","4","3","1","0","0","0","0","0","0","0","0","0","-2"
"139755","Georgia Institute of Technology-Main Campus","2015","On-tenure track, assistant professors","194","134","60","0","0","0","46","28","18","3","2","1","9","7","2","0","0","0","124","86","38","2","2","0","4","3","1","6","6","0","-2"
"139755","Georgia Institute of Technology-Main Campus","2015","Not on tenure track/No tenure system system total","108","55","53","0","0","0","9","6","3","5","3","2","1","0","1","0","0","0","87","44","43","1","0","1","3","0","3","2","2","0","-2"
"139755","Georgia Institute of Technology-Main Campus","2015","Not on tenure/no tenure system, assistant professors","4","3","1","0","0","0","1","1","0","0","0","0","0","0","0","0","0","0","3","2","1","0","0","0","0","0","0","0","0","0","-2"
"139755","Georgia Institute of Technology-Main Campus","2015","Not on tenure/no tenure system, instructors","30","10","20","0","0","0","2","2","0","0","0","0","0","0","0","0","0","0","26","8","18","1","0","1","1","0","1","0","0","0","-2"
"139755","Georgia Institute of Technology-Main Campus","2015","Not on tenure/no tenure system, lecturers","52","25","27","0","0","0","5","2","3","4","2","2","0","0","0","0","0","0","42","21","21","0","0","0","1","0","1","0","0","0","-2"
"139755","Georgia Institute of Technology-Main Campus","2015","Not on tenure/no tenure system, no academic rank","22","17","5","0","0","0","1","1","0","1","1","0","1","0","1","0","0","0","16","13","3","0","0","0","1","0","1","2","2","0","-2"
"139959","University of Georgia","2015","Tenured total","1217","831","386","4","2","2","112","85","27","81","42","39","46","29","17","0","0","0","955","661","294","5","4","1","13","7","6","1","1","0","-2"
"139959","University of Georgia","2015","Tenured, professors","705","526","179","4","2","2","50","42","8","45","26","19","22","16","6","0","0","0","573","432","141","3","3","0","8","5","3","0","0","0","-2"
"139959","University of Georgia","2015","Tenured, associate professors","511","304","207","0","0","0","62","43","19","36","16","20","24","13","11","0","0","0","381","228","153","2","1","1","5","2","3","1","1","0","-2"
"139959","University of Georgia","2015","Tenured, assistant professors","1","1","0","0","0","0","0","0","0","0","0","0","0","0","0","0","0","0","1","1","0","0","0","0","0","0","0","0","0","0","-2"
"139959","University of Georgia","2015","On-Tenure track total","389","221","168","1","1","0","64","42","22","18","6","12","18","10","8","0","0","0","254","146","108","1","0","1","22","10","12","11","6","5","-2"
"139959","University of Georgia","2015","On-tenure track, professors","2","1","1","0","0","0","0","0","0","0","0","0","0","0","0","0","0","0","2","1","1","0","0","0","0","0","0","0","0","0","-2"
"139959","University of Georgia","2015","On-tenure track, associate professors","20","13","7","0","0","0","5","4","1","0","0","0","1","0","1","0","0","0","10","7","3","1","0","1","3","2","1","0","0","0","-2"
"139959","University of Georgia","2015","On-tenure track, assistant professors","367","207","160","1","1","0","59","38","21","18","6","12","17","10","7","0","0","0","242","138","104","0","0","0","19","8","11","11","6","5","-2"
"139959","University of Georgia","2015","Not on tenure track/No tenure system system total","312","135","177","2","0","2","12","5","7","9","2","7","7","0","7","0","0","0","260","116","144","3","1","2","15","8","7","4","3","1","-2"
"139959","University of Georgia","2015","Not on tenure/no tenure system, professors","8","4","4","0","0","0","0","0","0","0","0","0","0","0","0","0","0","0","7","3","4","0","0","0","0","0","0","1","1","0","-2"
"139959","University of Georgia","2015","Not on tenure/no tenure system, associate professors","24","12","12","0","0","0","0","0","0","1","0","1","0","0","0","0","0","0","23","12","11","0","0","0","0","0","0","0","0","0","-2"
"139959","University of Georgia","2015","Not on tenure/no tenure system, assistant professors","58","21","37","1","0","1","3","1","2","1","0","1","1","0","1","0","0","0","38","12","26","1","0","1","10","6","4","3","2","1","-2"
"139959","University of Georgia","2015","Not on tenure/no tenure system, instructors","61","27","34","1","0","1","1","1","0","0","0","0","3","0","3","0","0","0","54","25","29","1","0","1","1","1","0","0","0","0","-2"
"139959","University of Georgia","2015","Not on tenure/no tenure system, lecturers","161","71","90","0","0","0","8","3","5","7","2","5","3","0","3","0","0","0","138","64","74","1","1","0","4","1","3","0","0","0","-2"
"140720","Paine College","2015","Tenured total","6","6","0","0","0","0","3","3","0","1","1","0","0","0","0","0","0","0","2","2","0","0","0","0","0","0","0","0","0","0","-2"
"140720","Paine College","2015","Tenured, professors","4","4","0","0","0","0","2","2","0","0","0","0","0","0","0","0","0","0","2","2","0","0","0","0","0","0","0","0","0","0","-2"
"140720","Paine College","2015","Tenured, associate professors","2","2","0","0","0","0","1","1","0","1","1","0","0","0","0","0","0","0","0","0","0","0","0","0","0","0","0","0","0","0","-2"
"140720","Paine College","2015","On-Tenure track total","33","22","11","0","0","0","5","5","0","20","10","10","1","1","0","0","0","0","3","3","0","0","0","0","2","1","1","2","2","0","-2"
"140720","Paine College","2015","On-tenure track, associate professors","5","3","2","0","0","0","1","1","0","3","1","2","0","0","0","0","0","0","0","0","0","0","0","0","0","0","0","1","1","0","-2"
"140720","Paine College","2015","On-tenure track, assistant professors","28","19","9","0","0","0","4","4","0","17","9","8","1","1","0","0","0","0","3","3","0","0","0","0","2","1","1","1","1","0","-2"
"140720","Paine College","2015","Not on tenure track/No tenure system system total","11","5","6","0","0","0","1","0","1","9","5","4","0","0","0","0","0","0","1","0","1","0","0","0","0","0","0","0","0","0","-2"
"140720","Paine College","2015","Not on tenure/no tenure system, assistant professors","6","4","2","0","0","0","1","0","1","5","4","1","0","0","0","0","0","0","0","0","0","0","0","0","0","0","0","0","0","0","-2"
"140720","Paine College","2015","Not on tenure/no tenure system, instructors","5","1","4","0","0","0","0","0","0","4","1","3","0","0","0","0","0","0","1","0","1","0","0","0","0","0","0","0","0","0","-2"
"140960","Savannah State University","2015","Tenured total","51","35","16","0","0","0","16","12","4","25","17","8","0","0","0","0","0","0","8","5","3","0","0","0","0","0","0","2","1","1","-2"
"140960","Savannah State University","2015","Tenured, professors","24","18","6","0","0","0","9","8","1","12","8","4","0","0","0","0","0","0","3","2","1","0","0","0","0","0","0","0","0","0","-2"
"140960","Savannah State University","2015","Tenured, associate professors","21","13","8","0","0","0","6","4","2","9","6","3","0","0","0","0","0","0","4","2","2","0","0","0","0","0","0","2","1","1","-2"
"140960","Savannah State University","2015","Tenured, assistant professors","5","4","1","0","0","0","0","0","0","4","3","1","0","0","0","0","0","0","1","1","0","0","0","0","0","0","0","0","0","0","-2"
"140960","Savannah State University","2015","Tenured, instructors","1","0","1","0","0","0","1","0","1","0","0","0","0","0","0","0","0","0","0","0","0","0","0","0","0","0","0","0","0","0","-2"
"140960","Savannah State University","2015","On-Tenure track total","76","43","33","0","0","0","6","6","0","25","11","14","2","2","0","1","0","1","20","11","9","0","0","0","3","2","1","19","11","8","-2"
"140960","Savannah State University","2015","On-tenure track, professors","3","3","0","0","0","0","1","1","0","2","2","0","0","0","0","0","0","0","0","0","0","0","0","0","0","0","0","0","0","0","-2"
"140960","Savannah State University","2015","On-tenure track, associate professors","19","9","10","0","0","0","2","2","0","4","3","1","0","0","0","0","0","0","8","3","5","0","0","0","1","1","0","4","0","4","-2"
"140960","Savannah State University","2015","On-tenure track, assistant professors","54","31","23","0","0","0","3","3","0","19","6","13","2","2","0","1","0","1","12","8","4","0","0","0","2","1","1","15","11","4","-2"
"140960","Savannah State University","2015","Not on tenure track/No tenure system system total","71","30","41","0","0","0","5","3","2","27","9","18","3","2","1","0","0","0","28","12","16","1","0","1","3","1","2","4","3","1","-2"
"140960","Savannah State University","2015","Not on tenure/no tenure system, professors","1","1","0","0","0","0","0","0","0","1","1","0","0","0","0","0","0","0","0","0","0","0","0","0","0","0","0","0","0","0","-2"
"140960","Savannah State University","2015","Not on tenure/no tenure system, associate professors","1","1","0","0","0","0","0","0","0","0","0","0","0","0","0","0","0","0","1","1","0","0","0","0","0","0","0","0","0","0","-2"
"140960","Savannah State University","2015","Not on tenure/no tenure system, assistant professors","7","2","5","0","0","0","0","0","0","3","0","3","1","1","0","0","0","0","3","1","2","0","0","0","0","0","0","0","0","0","-2"
"140960","Savannah State University","2015","Not on tenure/no tenure system, instructors","51","23","28","0","0","0","5","3","2","16","6","10","2","1","1","0","0","0","21","10","11","1","0","1","2","0","2","4","3","1","-2"
"140960","Savannah State University","2015","Not on tenure/no tenure system, lecturers","10","3","7","0","0","0","0","0","0","6","2","4","0","0","0","0","0","0","3","0","3","0","0","0","1","1","0","0","0","0","-2"
"140960","Savannah State University","2015","Not on tenure/no tenure system, no academic rank","1","0","1","0","0","0","0","0","0","1","0","1","0","0","0","0","0","0","0","0","0","0","0","0","0","0","0","0","0","0","-2"
"141060","Spelman College","2015","Tenured total","80","28","52","3","1","2","9","4","5","49","14","35","6","1","5","0","0","0","13","8","5","0","0","0","0","0","0","0","0","0","-2"
"141060","Spelman College","2015","Tenured, professors","23","10","13","0","0","0","3","2","1","13","4","9","2","0","2","0","0","0","5","4","1","0","0","0","0","0","0","0","0","0","-2"
"141060","Spelman College","2015","Tenured, associate professors","57","18","39","3","1","2","6","2","4","36","10","26","4","1","3","0","0","0","8","4","4","0","0","0","0","0","0","0","0","0","-2"
"141060","Spelman College","2015","On-Tenure track total","45","11","34","2","1","1","7","3","4","26","5","21","3","1","2","0","0","0","6","1","5","1","0","1","0","0","0","0","0","0","-2"
"141060","Spelman College","2015","On-tenure track, assistant professors","45","11","34","2","1","1","7","3","4","26","5","21","3","1","2","0","0","0","6","1","5","1","0","1","0","0","0","0","0","0","-2"
"141060","Spelman College","2015","Not on tenure track/No tenure system system total","55","13","42","0","0","0","2","0","2","43","8","35","3","1","2","0","0","0","7","4","3","0","0","0","0","0","0","0","0","0","-2"
"141060","Spelman College","2015","Not on tenure/no tenure system, instructors","25","5","20","0","0","0","0","0","0","23","4","19","1","0","1","0","0","0","1","1","0","0","0","0","0","0","0","0","0","0","-2"
"141060","Spelman College","2015","Not on tenure/no tenure system, lecturers","30","8","22","0","0","0","2","0","2","20","4","16","2","1","1","0","0","0","6","3","3","0","0","0","0","0","0","0","0","0","-2"
"141574","University of Hawaii at Manoa","2015","Tenured total","757","471","286","1","1","0","211","128","83","5","3","2","12","6","6","32","10","22","466","310","156","3","0","3","0","0","0","27","13","14","-2"
"141574","University of Hawaii at Manoa","2015","Tenured, professors","447","314","133","1","1","0","108","80","28","1","1","0","5","2","3","14","4","10","307","221","86","2","0","2","0","0","0","9","5","4","-2"
"141574","University of Hawaii at Manoa","2015","Tenured, associate professors","309","157","152","0","0","0","102","48","54","4","2","2","7","4","3","18","6","12","159","89","70","1","0","1","0","0","0","18","8","10","-2"
"141574","University of Hawaii at Manoa","2015","Tenured, assistant professors","1","0","1","0","0","0","1","0","1","0","0","0","0","0","0","0","0","0","0","0","0","0","0","0","0","0","0","0","0","0","-2"
"141574","University of Hawaii at Manoa","2015","On-Tenure track total","208","86","122","0","0","0","42","21","21","5","2","3","4","2","2","19","5","14","93","43","50","13","3","10","0","0","0","32","10","22","-2"
"141574","University of Hawaii at Manoa","2015","On-tenure track, professors","3","2","1","0","0","0","2","2","0","0","0","0","0","0","0","0","0","0","1","0","1","0","0","0","0","0","0","0","0","0","-2"
"141574","University of Hawaii at Manoa","2015","On-tenure track, associate professors","6","2","4","0","0","0","1","1","0","1","0","1","0","0","0","1","0","1","2","1","1","0","0","0","0","0","0","1","0","1","-2"
"141574","University of Hawaii at Manoa","2015","On-tenure track, assistant professors","199","82","117","0","0","0","39","18","21","4","2","2","4","2","2","18","5","13","90","42","48","13","3","10","0","0","0","31","10","21","-2"
"141574","University of Hawaii at Manoa","2015","Not on tenure track/No tenure system system total","236","93","143","1","0","1","66","17","49","3","0","3","7","4","3","27","10","17","101","50","51","12","2","10","0","0","0","19","10","9","-2"
"141574","University of Hawaii at Manoa","2015","Not on tenure/no tenure system, professors","15","12","3","0","0","0","5","3","2","0","0","0","0","0","0","1","1","0","8","7","1","0","0","0","0","0","0","1","1","0","-2"
"141574","University of Hawaii at Manoa","2015","Not on tenure/no tenure system, associate professors","27","13","14","0","0","0","11","4","7","0","0","0","0","0","0","1","0","1","15","9","6","0","0","0","0","0","0","0","0","0","-2"
"141574","University of Hawaii at Manoa","2015","Not on tenure/no tenure system, assistant professors","73","28","45","0","0","0","16","5","11","1","0","1","3","1","2","6","2","4","31","13","18","5","0","5","0","0","0","11","7","4","-2"
"141574","University of Hawaii at Manoa","2015","Not on tenure/no tenure system, instructors","121","40","81","1","0","1","34","5","29","2","0","2","4","3","1","19","7","12","47","21","26","7","2","5","0","0","0","7","2","5","-2"
"141644","Hawaii Pacific University","2015","Tenured total","3","3","0","0","0","0","0","0","0","0","0","0","0","0","0","0","0","0","3","3","0","0","0","0","0","0","0","0","0","0","-2"
"141644","Hawaii Pacific University","2015","Tenured, professors","2","2","0","0","0","0","0","0","0","0","0","0","0","0","0","0","0","0","2","2","0","0","0","0","0","0","0","0","0","0","-2"
"141644","Hawaii Pacific University","2015","Tenured, associate professors","1","1","0","0","0","0","0","0","0","0","0","0","0","0","0","0","0","0","1","1","0","0","0","0","0","0","0","0","0","0","-2"
"141644","Hawaii Pacific University","2015","Not on tenure track/No tenure system system total","155","82","73","3","1","2","37","13","24","2","0","2","5","2","3","4","2","2","99","62","37","0","0","0","5","2","3","0","0","0","-2"
"141644","Hawaii Pacific University","2015","Not on tenure/no tenure system, professors","28","18","10","1","0","1","4","2","2","0","0","0","1","1","0","0","0","0","22","15","7","0","0","0","0","0","0","0","0","0","-2"
"141644","Hawaii Pacific University","2015","Not on tenure/no tenure system, associate professors","50","28","22","1","0","1","13","6","7","1","0","1","0","0","0","2","2","0","30","19","11","0","0","0","3","1","2","0","0","0","-2"
"141644","Hawaii Pacific University","2015","Not on tenure/no tenure system, assistant professors","43","17","26","1","1","0","12","2","10","0","0","0","2","0","2","1","0","1","26","13","13","0","0","0","1","1","0","0","0","0","-2"
"141644","Hawaii Pacific University","2015","Not on tenure/no tenure system, instructors","18","10","8","0","0","0","4","2","2","0","0","0","2","1","1","1","0","1","10","7","3","0","0","0","1","0","1","0","0","0","-2"
"141644","Hawaii Pacific University","2015","Not on tenure/no tenure system, lecturers","16","9","7","0","0","0","4","1","3","1","0","1","0","0","0","0","0","0","11","8","3","0","0","0","0","0","0","0","0","0","-2"
"142115","Boise State University","2015","Tenured total","346","197","149","3","1","2","19","14","5","2","2","0","9","4","5","0","0","0","308","172","136","2","2","0","0","0","0","3","2","1","-2"
"142115","Boise State University","2015","Tenured, professors","162","107","55","3","1","2","7","6","1","0","0","0","3","2","1","0","0","0","147","96","51","1","1","0","0","0","0","1","1","0","-2"
"142115","Boise State University","2015","Tenured, associate professors","175","87","88","0","0","0","12","8","4","2","2","0","6","2","4","0","0","0","152","73","79","1","1","0","0","0","0","2","1","1","-2"
"142115","Boise State University","2015","Tenured, assistant professors","9","3","6","0","0","0","0","0","0","0","0","0","0","0","0","0","0","0","9","3","6","0","0","0","0","0","0","0","0","0","-2"
"142115","Boise State University","2015","On-Tenure track total","151","83","68","0","0","0","12","7","5","1","1","0","5","2","3","0","0","0","117","61","56","0","0","0","1","1","0","15","11","4","-2"
"142115","Boise State University","2015","On-tenure track, associate professors","10","7","3","0","0","0","1","1","0","0","0","0","1","0","1","0","0","0","7","5","2","0","0","0","0","0","0","1","1","0","-2"
"142115","Boise State University","2015","On-tenure track, assistant professors","141","76","65","0","0","0","11","6","5","1","1","0","4","2","2","0","0","0","110","56","54","0","0","0","1","1","0","14","10","4","-2"
"142115","Boise State University","2015","Not on tenure track/No tenure system system total","216","92","124","1","1","0","10","3","7","0","0","0","8","1","7","1","1","0","188","81","107","1","0","1","0","0","0","7","5","2","-2"
"142115","Boise State University","2015","Not on tenure/no tenure system, professors","4","3","1","0","0","0","0","0","0","0","0","0","0","0","0","0","0","0","4","3","1","0","0","0","0","0","0","0","0","0","-2"
"142115","Boise State University","2015","Not on tenure/no tenure system, associate professors","5","2","3","0","0","0","0","0","0","0","0","0","1","0","1","0","0","0","4","2","2","0","0","0","0","0","0","0","0","0","-2"
"142115","Boise State University","2015","Not on tenure/no tenure system, assistant professors","47","18","29","0","0","0","2","1","1","0","0","0","3","0","3","1","1","0","36","12","24","0","0","0","0","0","0","5","4","1","-2"
"142115","Boise State University","2015","Not on tenure/no tenure system, instructors","8","4","4","0","0","0","0","0","0","0","0","0","1","0","1","0","0","0","7","4","3","0","0","0","0","0","0","0","0","0","-2"
"142115","Boise State University","2015","Not on tenure/no tenure system, lecturers","136","57","79","1","1","0","8","2","6","0","0","0","2","1","1","0","0","0","123","52","71","1","0","1","0","0","0","1","1","0","-2"
"142115","Boise State University","2015","Not on tenure/no tenure system, no academic rank","16","8","8","0","0","0","0","0","0","0","0","0","1","0","1","0","0","0","14","8","6","0","0","0","0","0","0","1","0","1","-2"
"142294","The College of Idaho","2015","Tenured total","38","23","15","0","0","0","2","0","2","0","0","0","0","0","0","0","0","0","34","23","11","1","0","1","0","0","0","1","0","1","-2"
"142294","The College of Idaho","2015","Tenured, professors","25","16","9","0","0","0","2","0","2","0","0","0","0","0","0","0","0","0","23","16","7","0","0","0","0","0","0","0","0","0","-2"
"142294","The College of Idaho","2015","Tenured, associate professors","13","7","6","0","0","0","0","0","0","0","0","0","0","0","0","0","0","0","11","7","4","1","0","1","0","0","0","1","0","1","-2"
"142294","The College of Idaho","2015","On-Tenure track total","20","10","10","0","0","0","0","0","0","0","0","0","1","0","1","0","0","0","18","10","8","0","0","0","0","0","0","1","0","1","-2"
"142294","The College of Idaho","2015","On-tenure track, professors","1","1","0","0","0","0","0","0","0","0","0","0","0","0","0","0","0","0","1","1","0","0","0","0","0","0","0","0","0","0","-2"
"142294","The College of Idaho","2015","On-tenure track, assistant professors","19","9","10","0","0","0","0","0","0","0","0","0","1","0","1","0","0","0","17","9","8","0","0","0","0","0","0","1","0","1","-2"
"142294","The College of Idaho","2015","Not on tenure track/No tenure system system total","29","17","12","0","0","0","1","1","0","0","0","0","0","0","0","1","1","0","26","14","12","0","0","0","0","0","0","1","1","0","-2"
"142294","The College of Idaho","2015","Not on tenure/no tenure system, assistant professors","11","6","5","0","0","0","1","1","0","0","0","0","0","0","0","0","0","0","10","5","5","0","0","0","0","0","0","0","0","0","-2"
"142294","The College of Idaho","2015","Not on tenure/no tenure system, instructors","15","8","7","0","0","0","0","0","0","0","0","0","0","0","0","1","1","0","14","7","7","0","0","0","0","0","0","0","0","0","-2"
"142294","The College of Idaho","2015","Not on tenure/no tenure system, no academic rank","3","3","0","0","0","0","0","0","0","0","0","0","0","0","0","0","0","0","2","2","0","0","0","0","0","0","0","1","1","0","-2"
"144050","University of Chicago","2015","Tenured total","798","600","198","0","0","0","99","85","14","25","19","6","24","20","4","0","0","0","631","463","168","6","5","1","10","7","3","3","1","2","-2"
"144050","University of Chicago","2015","Tenured, professors","617","487","130","0","0","0","72","68","4","16","12","4","18","15","3","0","0","0","499","383","116","3","3","0","7","5","2","2","1","1","-2"
"144050","University of Chicago","2015","Tenured, associate professors","181","113","68","0","0","0","27","17","10","9","7","2","6","5","1","0","0","0","132","80","52","3","2","1","3","2","1","1","0","1","-2"
"144050","University of Chicago","2015","On-Tenure track total","304","208","96","0","0","0","35","19","16","7","4","3","8","4","4","0","0","0","209","151","58","5","3","2","13","11","2","27","16","11","-2"
"144050","University of Chicago","2015","On-tenure track, professors","4","4","0","0","0","0","0","0","0","0","0","0","0","0","0","0","0","0","4","4","0","0","0","0","0","0","0","0","0","0","-2"
"144050","University of Chicago","2015","On-tenure track, associate professors","41","30","11","0","0","0","6","4","2","1","0","1","0","0","0","0","0","0","31","23","8","0","0","0","1","1","0","2","2","0","-2"
"144050","University of Chicago","2015","On-tenure track, assistant professors","259","174","85","0","0","0","29","15","14","6","4","2","8","4","4","0","0","0","174","124","50","5","3","2","12","10","2","25","14","11","-2"
"144050","University of Chicago","2015","Not on tenure track/No tenure system system total","987","564","423","0","0","0","193","114","79","41","13","28","16","6","10","1","0","1","628","366","262","4","0","4","27","15","12","77","50","27","-2"
"144050","University of Chicago","2015","Not on tenure/no tenure system, professors","207","154","53","0","0","0","22","15","7","8","5","3","2","0","2","0","0","0","160","122","38","0","0","0","3","3","0","12","9","3","-2"
"144050","University of Chicago","2015","Not on tenure/no tenure system, associate professors","198","123","75","0","0","0","46","34","12","10","3","7","3","1","2","0","0","0","131","80","51","1","0","1","2","1","1","5","4","1","-2"
"144050","University of Chicago","2015","Not on tenure/no tenure system, assistant professors","323","161","162","0","0","0","88","48","40","16","3","13","5","3","2","0","0","0","175","84","91","1","0","1","12","6","6","26","17","9","-2"
"144050","University of Chicago","2015","Not on tenure/no tenure system, instructors","47","35","12","0","0","0","4","3","1","0","0","0","0","0","0","0","0","0","24","17","7","0","0","0","3","2","1","16","13","3","-2"
"144050","University of Chicago","2015","Not on tenure/no tenure system, lecturers","164","72","92","0","0","0","16","7","9","2","1","1","6","2","4","0","0","0","117","53","64","1","0","1","5","3","2","17","6","11","-2"
"144050","University of Chicago","2015","Not on tenure/no tenure system, no academic rank","48","19","29","0","0","0","17","7","10","5","1","4","0","0","0","1","0","1","21","10","11","1","0","1","2","0","2","1","1","0","-2"
"144865","College of DuPage","2015","Tenured total","211","112","99","1","1","0","18","7","11","7","4","3","5","3","2","0","0","0","180","97","83","0","0","0","0","0","0","0","0","0","-2"
"144865","College of DuPage","2015","Tenured, professors","138","72","66","1","1","0","14","5","9","5","3","2","2","1","1","0","0","0","116","62","54","0","0","0","0","0","0","0","0","0","-2"
"144865","College of DuPage","2015","Tenured, associate professors","41","23","18","0","0","0","3","1","2","2","1","1","2","1","1","0","0","0","34","20","14","0","0","0","0","0","0","0","0","0","-2"
"144865","College of DuPage","2015","Tenured, assistant professors","30","17","13","0","0","0","1","1","0","0","0","0","1","1","0","0","0","0","28","15","13","0","0","0","0","0","0","0","0","0","-2"
"144865","College of DuPage","2015","Tenured, instructors","2","0","2","0","0","0","0","0","0","0","0","0","0","0","0","0","0","0","2","0","2","0","0","0","0","0","0","0","0","0","-2"
"144865","College of DuPage","2015","On-Tenure track total","72","35","37","1","0","1","6","2","4","5","4","1","2","1","1","0","0","0","58","28","30","0","0","0","0","0","0","0","0","0","-2"
"144865","College of DuPage","2015","On-tenure track, associate professors","2","1","1","0","0","0","0","0","0","1","1","0","0","0","0","0","0","0","1","0","1","0","0","0","0","0","0","0","0","0","-2"
"144865","College of DuPage","2015","On-tenure track, assistant professors","39","19","20","0","0","0","4","2","2","3","2","1","2","1","1","0","0","0","30","14","16","0","0","0","0","0","0","0","0","0","-2"
"144865","College of DuPage","2015","On-tenure track, instructors","31","15","16","1","0","1","2","0","2","1","1","0","0","0","0","0","0","0","27","14","13","0","0","0","0","0","0","0","0","0","-2"
"144865","College of DuPage","2015","Not on tenure track/No tenure system system total","1","0","1","0","0","0","0","0","0","1","0","1","0","0","0","0","0","0","0","0","0","0","0","0","0","0","0","0","0","0","-2"
"144865","College of DuPage","2015","Not on tenure/no tenure system, instructors","1","0","1","0","0","0","0","0","0","1","0","1","0","0","0","0","0","0","0","0","0","0","0","0","0","0","0","0","0","0","-2"
"145637","University of Illinois at Urbana-Champaign","2015","Tenured total","1309","923","386","5","2","3","209","157","52","59","34","25","70","43","27","0","0","0","945","672","273","10","6","4","7","7","0","4","2","2","-2"
"145637","University of Illinois at Urbana-Champaign","2015","Tenured, professors","809","616","193","2","1","1","103","83","20","28","19","9","38","23","15","0","0","0","626","479","147","5","4","1","5","5","0","2","2","0","-2"
"145637","University of Illinois at Urbana-Champaign","2015","Tenured, associate professors","500","307","193","3","1","2","106","74","32","31","15","16","32","20","12","0","0","0","319","193","126","5","2","3","2","2","0","2","0","2","-2"
"145637","University of Illinois at Urbana-Champaign","2015","On-Tenure track total","490","278","212","2","1","1","74","40","34","32","12","20","23","13","10","0","0","0","277","161","116","5","3","2","15","7","8","62","41","21","-2"
"145637","University of Illinois at Urbana-Champaign","2015","On-tenure track, professors","3","1","2","0","0","0","0","0","0","1","1","0","0","0","0","0","0","0","2","0","2","0","0","0","0","0","0","0","0","0","-2"
"145637","University of Illinois at Urbana-Champaign","2015","On-tenure track, associate professors","16","10","6","0","0","0","5","4","1","1","0","1","1","0","1","0","0","0","6","5","1","0","0","0","1","0","1","2","1","1","-2"
"145637","University of Illinois at Urbana-Champaign","2015","On-tenure track, assistant professors","471","267","204","2","1","1","69","36","33","30","11","19","22","13","9","0","0","0","269","156","113","5","3","2","14","7","7","60","40","20","-2"
"145637","University of Illinois at Urbana-Champaign","2015","Not on tenure track/No tenure system system total","479","233","246","0","0","0","26","17","9","16","5","11","14","7","7","0","0","0","390","188","202","4","4","0","3","2","1","26","10","16","-2"
"145637","University of Illinois at Urbana-Champaign","2015","Not on tenure/no tenure system, professors","24","15","9","0","0","0","1","1","0","0","0","0","1","1","0","0","0","0","22","13","9","0","0","0","0","0","0","0","0","0","-2"
"145637","University of Illinois at Urbana-Champaign","2015","Not on tenure/no tenure system, associate professors","21","4","17","0","0","0","0","0","0","1","0","1","0","0","0","0","0","0","20","4","16","0","0","0","0","0","0","0","0","0","-2"
"145637","University of Illinois at Urbana-Champaign","2015","Not on tenure/no tenure system, assistant professors","92","46","46","0","0","0","5","4","1","8","2","6","1","1","0","0","0","0","72","36","36","1","1","0","0","0","0","5","2","3","-2"
"145637","University of Illinois at Urbana-Champaign","2015","Not on tenure/no tenure system, instructors","66","23","43","0","0","0","1","1","0","3","1","2","3","1","2","0","0","0","56","19","37","0","0","0","0","0","0","3","1","2","-2"
"145637","University of Illinois at Urbana-Champaign","2015","Not on tenure/no tenure system, lecturers","228","121","107","0","0","0","17","10","7","4","2","2","7","3","4","0","0","0","177","95","82","2","2","0","3","2","1","18","7","11","-2"
"145637","University of Illinois at Urbana-Champaign","2015","Not on tenure/no tenure system, no academic rank","48","24","24","0","0","0","2","1","1","0","0","0","2","1","1","0","0","0","43","21","22","1","1","0","0","0","0","0","0","0","-2"
"147703","Northern Illinois University","2015","Tenured total","484","285","199","1","0","1","41","29","12","16","9","7","12","6","6","0","0","0","344","204","140","3","2","1","6","4","2","61","31","30","-2"
"147703","Northern Illinois University","2015","Tenured, professors","199","142","57","0","0","0","26","21","5","7","3","4","5","2","3","0","0","0","150","108","42","2","1","1","2","2","0","7","5","2","-2"
"147703","Northern Illinois University","2015","Tenured, associate professors","281","141","140","1","0","1","15","8","7","8","6","2","7","4","3","0","0","0","191","94","97","1","1","0","4","2","2","54","26","28","-2"
"147703","Northern Illinois University","2015","Tenured, assistant professors","4","2","2","0","0","0","0","0","0","1","0","1","0","0","0","0","0","0","3","2","1","0","0","0","0","0","0","0","0","0","-2"
"147703","Northern Illinois University","2015","On-Tenure track total","152","77","75","1","0","1","12","6","6","5","1","4","6","3","3","0","0","0","100","51","49","0","0","0","1","0","1","27","16","11","-2"
"147703","Northern Illinois University","2015","On-tenure track, associate professors","6","2","4","0","0","0","0","0","0","1","0","1","0","0","0","0","0","0","2","0","2","0","0","0","1","0","1","2","2","0","-2"
"147703","Northern Illinois University","2015","On-tenure track, assistant professors","140","71","69","1","0","1","12","6","6","4","1","3","6","3","3","0","0","0","93","48","45","0","0","0","0","0","0","24","13","11","-2"
"147703","Northern Illinois University","2015","On-tenure track, instructors","4","3","1","0","0","0","0","0","0","0","0","0","0","0","0","0","0","0","3","2","1","0","0","0","0","0","0","1","1","0","-2"
"147703","Northern Illinois University","2015","On-tenure track, no academic rank","2","1","1","0","0","0","0","0","0","0","0","0","0","0","0","0","0","0","2","1","1","0","0","0","0","0","0","0","0","0","-2"
"147703","Northern Illinois University","2015","Not on tenure track/No tenure system system total","220","99","121","0","0","0","5","3","2","7","5","2","8","3","5","0","0","0","186","80","106","0","0","0","1","0","1","13","8","5","-2"
"147703","Northern Illinois University","2015","Not on tenure/no tenure system, professors","11","9","2","0","0","0","0","0","0","0","0","0","0","0","0","0","0","0","10","8","2","0","0","0","0","0","0","1","1","0","-2"
"147703","Northern Illinois University","2015","Not on tenure/no tenure system, associate professors","2","0","2","0","0","0","0","0","0","0","0","0","1","0","1","0","0","0","1","0","1","0","0","0","0","0","0","0","0","0","-2"
"147703","Northern Illinois University","2015","Not on tenure/no tenure system, assistant professors","17","9","8","0","0","0","1","1","0","1","1","0","1","1","0","0","0","0","12","4","8","0","0","0","0","0","0","2","2","0","-2"
"147703","Northern Illinois University","2015","Not on tenure/no tenure system, instructors","162","67","95","0","0","0","4","2","2","6","4","2","5","1","4","0","0","0","144","59","85","0","0","0","1","0","1","2","1","1","-2"
"147703","Northern Illinois University","2015","Not on tenure/no tenure system, no academic rank","28","14","14","0","0","0","0","0","0","0","0","0","1","1","0","0","0","0","19","9","10","0","0","0","0","0","0","8","4","4","-2"
"147767","Northwestern University","2015","Tenured total","990","727","263","0","0","0","120","93","27","40","25","15","38","28","10","0","0","0","782","577","205","4","1","3","5","3","2","1","0","1","-2"
"147767","Northwestern University","2015","Tenured, professors","708","541","167","0","0","0","71","60","11","21","11","10","17","12","5","0","0","0","597","456","141","0","0","0","2","2","0","0","0","0","-2"
"147767","Northwestern University","2015","Tenured, associate professors","282","186","96","0","0","0","49","33","16","19","14","5","21","16","5","0","0","0","185","121","64","4","1","3","3","1","2","1","0","1","-2"
"147767","Northwestern University","2015","On-Tenure track total","324","201","123","0","0","0","42","25","17","16","4","12","12","5","7","1","1","0","204","134","70","4","2","2","7","4","3","38","26","12","-2"
"147767","Northwestern University","2015","On-tenure track, associate professors","17","12","5","0","0","0","3","2","1","0","0","0","2","1","1","0","0","0","11","8","3","0","0","0","1","1","0","0","0","0","-2"
"147767","Northwestern University","2015","On-tenure track, assistant professors","307","189","118","0","0","0","39","23","16","16","4","12","10","4","6","1","1","0","193","126","67","4","2","2","6","3","3","38","26","12","-2"
"147767","Northwestern University","2015","Not on tenure track/No tenure system system total","824","416","408","0","0","0","96","39","57","32","14","18","24","13","11","0","0","0","623","323","300","4","0","4","14","9","5","31","18","13","-2"
"147767","Northwestern University","2015","Not on tenure/no tenure system, professors","146","102","44","0","0","0","17","10","7","6","4","2","5","3","2","0","0","0","117","84","33","0","0","0","0","0","0","1","1","0","-2"
"147767","Northwestern University","2015","Not on tenure/no tenure system, associate professors","161","83","78","0","0","0","27","13","14","5","2","3","6","3","3","0","0","0","118","63","55","0","0","0","1","0","1","4","2","2","-2"
"147767","Northwestern University","2015","Not on tenure/no tenure system, assistant professors","213","100","113","0","0","0","34","12","22","14","3","11","5","3","2","0","0","0","148","75","73","2","0","2","3","2","1","7","5","2","-2"
"147767","Northwestern University","2015","Not on tenure/no tenure system, instructors","18","10","8","0","0","0","1","1","0","1","1","0","0","0","0","0","0","0","14","7","7","1","0","1","0","0","0","1","1","0","-2"
"147767","Northwestern University","2015","Not on tenure/no tenure system, lecturers","286","121","165","0","0","0","17","3","14","6","4","2","8","4","4","0","0","0","226","94","132","1","0","1","10","7","3","18","9","9","-2"
"149772","Western Illinois University","2015","Tenured total","380","243","137","3","1","2","42","30","12","22","15","7","6","3","3","0","0","0","297","188","109","4","3","1","0","0","0","6","3","3","-2"
"149772","Western Illinois University","2015","Tenured, professors","218","151","67","1","1","0","19","18","1","15","9","6","3","2","1","0","0","0","176","118","58","3","2","1","0","0","0","1","1","0","-2"
"149772","Western Illinois University","2015","Tenured, associate professors","160","91","69","2","0","2","23","12","11","7","6","1","3","1","2","0","0","0","119","69","50","1","1","0","0","0","0","5","2","3","-2"
"149772","Western Illinois University","2015","Tenured, assistant professors","2","1","1","0","0","0","0","0","0","0","0","0","0","0","0","0","0","0","2","1","1","0","0","0","0","0","0","0","0","0","-2"
"149772","Western Illinois University","2015","On-Tenure track total","111","52","59","0","0","0","11","5","6","8","4","4","1","1","0","1","1","0","76","32","44","1","0","1","1","1","0","12","8","4","-2"
"149772","Western Illinois University","2015","On-tenure track, assistant professors","111","52","59","0","0","0","11","5","6","8","4","4","1","1","0","1","1","0","76","32","44","1","0","1","1","1","0","12","8","4","-2"
"149772","Western Illinois University","2015","Not on tenure track/No tenure system system total","141","54","87","0","0","0","6","1","5","4","1","3","1","0","1","0","0","0","123","46","77","0","0","0","2","2","0","5","4","1","-2"
"149772","Western Illinois University","2015","Not on tenure/no tenure system, assistant professors","24","8","16","0","0","0","1","0","1","0","0","0","0","0","0","0","0","0","22","7","15","0","0","0","0","0","0","1","1","0","-2"
"149772","Western Illinois University","2015","Not on tenure/no tenure system, instructors","108","43","65","0","0","0","5","1","4","4","1","3","0","0","0","0","0","0","93","36","57","0","0","0","2","2","0","4","3","1","-2"
"149772","Western Illinois University","2015","Not on tenure/no tenure system, lecturers","9","3","6","0","0","0","0","0","0","0","0","0","1","0","1","0","0","0","8","3","5","0","0","0","0","0","0","0","0","0","-2"
"150136","Ball State University","2015","Tenured total","454","284","170","0","0","0","7","5","2","8","4","4","6","4","2","0","0","0","369","235","134","3","2","1","1","0","1","60","34","26","-2"
"150136","Ball State University","2015","Tenured, professors","216","156","60","0","0","0","4","3","1","3","2","1","3","3","0","0","0","0","180","132","48","2","2","0","0","0","0","24","14","10","-2"
"150136","Ball State University","2015","Tenured, associate professors","214","114","100","0","0","0","3","2","1","5","2","3","3","1","2","0","0","0","166","90","76","1","0","1","1","0","1","35","19","16","-2"
"150136","Ball State University","2015","Tenured, assistant professors","24","14","10","0","0","0","0","0","0","0","0","0","0","0","0","0","0","0","23","13","10","0","0","0","0","0","0","1","1","0","-2"
"150136","Ball State University","2015","On-Tenure track total","212","104","108","0","0","0","2","2","0","5","1","4","8","3","5","0","0","0","157","80","77","3","1","2","0","0","0","37","17","20","-2"
"150136","Ball State University","2015","On-tenure track, professors","1","1","0","0","0","0","0","0","0","0","0","0","0","0","0","0","0","0","1","1","0","0","0","0","0","0","0","0","0","0","-2"
"150136","Ball State University","2015","On-tenure track, associate professors","13","7","6","0","0","0","0","0","0","0","0","0","0","0","0","0","0","0","11","6","5","0","0","0","0","0","0","2","1","1","-2"
"150136","Ball State University","2015","On-tenure track, assistant professors","198","96","102","0","0","0","2","2","0","5","1","4","8","3","5","0","0","0","145","73","72","3","1","2","0","0","0","35","16","19","-2"
"150136","Ball State University","2015","Not on tenure track/No tenure system system total","351","150","201","0","0","0","6","1","5","11","4","7","8","2","6","0","0","0","294","129","165","5","3","2","2","2","0","25","9","16","-2"
"150136","Ball State University","2015","Not on tenure/no tenure system, associate professors","3","2","1","0","0","0","0","0","0","0","0","0","0","0","0","0","0","0","2","2","0","0","0","0","0","0","0","1","0","1","-2"
"150136","Ball State University","2015","Not on tenure/no tenure system, assistant professors","119","56","63","0","0","0","1","0","1","3","0","3","4","1","3","0","0","0","95","47","48","0","0","0","1","1","0","15","7","8","-2"
"150136","Ball State University","2015","Not on tenure/no tenure system, instructors","229","92","137","0","0","0","5","1","4","8","4","4","4","1","3","0","0","0","197","80","117","5","3","2","1","1","0","9","2","7","-2"
"151351","Indiana University-Bloomington","2015","Tenured total","988","665","323","1","1","0","77","46","31","33","16","17","39","25","14","0","0","0","823","564","259","14","12","2","1","1","0","0","0","0","-2"
"151351","Indiana University-Bloomington","2015","Tenured, professors","607","451","156","1","1","0","39","32","7","11","4","7","19","15","4","0","0","0","530","392","138","6","6","0","1","1","0","0","0","0","-2"
"151351","Indiana University-Bloomington","2015","Tenured, associate professors","381","214","167","0","0","0","38","14","24","22","12","10","20","10","10","0","0","0","293","172","121","8","6","2","0","0","0","0","0","0","-2"
"151351","Indiana University-Bloomington","2015","On-Tenure track total","360","214","146","1","0","1","76","48","28","15","10","5","21","13","8","1","1","0","243","140","103","3","2","1","0","0","0","0","0","0","-2"
"151351","Indiana University-Bloomington","2015","On-tenure track, professors","4","3","1","0","0","0","0","0","0","0","0","0","0","0","0","0","0","0","4","3","1","0","0","0","0","0","0","0","0","0","-2"
"151351","Indiana University-Bloomington","2015","On-tenure track, associate professors","61","32","29","0","0","0","11","7","4","4","2","2","3","1","2","0","0","0","43","22","21","0","0","0","0","0","0","0","0","0","-2"
"151351","Indiana University-Bloomington","2015","On-tenure track, assistant professors","295","179","116","1","0","1","65","41","24","11","8","3","18","12","6","1","1","0","196","115","81","3","2","1","0","0","0","0","0","0","-2"
"151351","Indiana University-Bloomington","2015","Not on tenure track/No tenure system system total","647","320","327","7","2","5","49","22","27","29","19","10","27","15","12","0","0","0","531","260","271","3","2","1","0","0","0","1","0","1","-2"
"151351","Indiana University-Bloomington","2015","Not on tenure/no tenure system, professors","63","46","17","0","0","0","5","2","3","6","5","1","2","2","0","0","0","0","50","37","13","0","0","0","0","0","0","0","0","0","-2"
"151351","Indiana University-Bloomington","2015","Not on tenure/no tenure system, associate professors","51","26","25","0","0","0","2","2","0","3","2","1","1","1","0","0","0","0","45","21","24","0","0","0","0","0","0","0","0","0","-2"
"151351","Indiana University-Bloomington","2015","Not on tenure/no tenure system, assistant professors","116","56","60","4","0","4","12","8","4","4","2","2","7","3","4","0","0","0","88","42","46","1","1","0","0","0","0","0","0","0","-2"
"151351","Indiana University-Bloomington","2015","Not on tenure/no tenure system, instructors","1","0","1","0","0","0","0","0","0","0","0","0","0","0","0","0","0","0","1","0","1","0","0","0","0","0","0","0","0","0","-2"
"151351","Indiana University-Bloomington","2015","Not on tenure/no tenure system, lecturers","416","192","224","3","2","1","30","10","20","16","10","6","17","9","8","0","0","0","347","160","187","2","1","1","0","0","0","1","0","1","-2"
"152600","Valparaiso University","2015","Tenured total","142","92","50","1","1","0","4","3","1","4","3","1","2","1","1","0","0","0","122","79","43","0","0","0","6","3","3","3","2","1","-2"
"152600","Valparaiso University","2015","Tenured, professors","59","45","14","1","1","0","3","2","1","1","1","0","0","0","0","0","0","0","53","40","13","0","0","0","1","1","0","0","0","0","-2"
"152600","Valparaiso University","2015","Tenured, associate professors","79","44","35","0","0","0","1","1","0","3","2","1","2","1","1","0","0","0","65","36","29","0","0","0","5","2","3","3","2","1","-2"
"152600","Valparaiso University","2015","Tenured, assistant professors","4","3","1","0","0","0","0","0","0","0","0","0","0","0","0","0","0","0","4","3","1","0","0","0","0","0","0","0","0","0","-2"
"152600","Valparaiso University","2015","On-Tenure track total","103","57","46","0","0","0","10","4","6","6","4","2","3","1","2","0","0","0","74","41","33","0","0","0","10","7","3","0","0","0","-2"
"152600","Valparaiso University","2015","On-tenure track, professors","10","7","3","0","0","0","0","0","0","2","1","1","0","0","0","0","0","0","8","6","2","0","0","0","0","0","0","0","0","0","-2"
"152600","Valparaiso University","2015","On-tenure track, associate professors","16","10","6","0","0","0","3","1","2","1","1","0","0","0","0","0","0","0","10","6","4","0","0","0","2","2","0","0","0","0","-2"
"152600","Valparaiso University","2015","On-tenure track, assistant professors","75","39","36","0","0","0","7","3","4","3","2","1","3","1","2","0","0","0","54","28","26","0","0","0","8","5","3","0","0","0","-2"
"152600","Valparaiso University","2015","On-tenure track, instructors","2","1","1","0","0","0","0","0","0","0","0","0","0","0","0","0","0","0","2","1","1","0","0","0","0","0","0","0","0","0","-2"
"152600","Valparaiso University","2015","Not on tenure track/No tenure system system total","68","32","36","0","0","0","2","1","1","3","2","1","2","0","2","0","0","0","53","21","32","0","0","0","6","6","0","2","2","0","-2"
"152600","Valparaiso University","2015","Not on tenure/no tenure system, professors","3","2","1","0","0","0","0","0","0","0","0","0","0","0","0","0","0","0","3","2","1","0","0","0","0","0","0","0","0","0","-2"
"152600","Valparaiso University","2015","Not on tenure/no tenure system, associate professors","6","0","6","0","0","0","0","0","0","0","0","0","0","0","0","0","0","0","6","0","6","0","0","0","0","0","0","0","0","0","-2"
"152600","Valparaiso University","2015","Not on tenure/no tenure system, assistant professors","9","6","3","0","0","0","1","1","0","0","0","0","0","0","0","0","0","0","7","4","3","0","0","0","1","1","0","0","0","0","-2"
"152600","Valparaiso University","2015","Not on tenure/no tenure system, instructors","6","3","3","0","0","0","0","0","0","1","0","1","0","0","0","0","0","0","2","0","2","0","0","0","3","3","0","0","0","0","-2"
"152600","Valparaiso University","2015","Not on tenure/no tenure system, lecturers","44","21","23","0","0","0","1","0","1","2","2","0","2","0","2","0","0","0","35","15","20","0","0","0","2","2","0","2","2","0","-2"
"153603","Iowa State University","2015","Tenured total","918","675","243","2","2","0","175","147","28","17","11","6","23","14","9","1","1","0","697","498","199","0","0","0","0","0","0","3","2","1","-2"
"153603","Iowa State University","2015","Tenured, professors","520","413","107","1","1","0","83","72","11","9","5","4","11","9","2","0","0","0","415","325","90","0","0","0","0","0","0","1","1","0","-2"
"153603","Iowa State University","2015","Tenured, associate professors","396","261","135","1","1","0","92","75","17","8","6","2","12","5","7","1","1","0","280","172","108","0","0","0","0","0","0","2","1","1","-2"
"153603","Iowa State University","2015","Tenured, assistant professors","2","1","1","0","0","0","0","0","0","0","0","0","0","0","0","0","0","0","2","1","1","0","0","0","0","0","0","0","0","0","-2"
"153603","Iowa State University","2015","On-Tenure track total","367","201","166","1","1","0","53","30","23","15","8","7","11","9","2","0","0","0","226","116","110","4","1","3","0","0","0","57","36","21","-2"
"153603","Iowa State University","2015","On-tenure track, associate professors","7","4","3","0","0","0","1","1","0","0","0","0","0","0","0","0","0","0","6","3","3","0","0","0","0","0","0","0","0","0","-2"
"153603","Iowa State University","2015","On-tenure track, assistant professors","360","197","163","1","1","0","52","29","23","15","8","7","11","9","2","0","0","0","220","113","107","4","1","3","0","0","0","57","36","21","-2"
"153603","Iowa State University","2015","Not on tenure track/No tenure system system total","302","141","161","1","0","1","25","16","9","7","4","3","10","4","6","0","0","0","243","108","135","3","2","1","0","0","0","13","7","6","-2"
"153603","Iowa State University","2015","Not on tenure/no tenure system, professors","4","4","0","0","0","0","1","1","0","0","0","0","0","0","0","0","0","0","3","3","0","0","0","0","0","0","0","0","0","0","-2"
"153603","Iowa State University","2015","Not on tenure/no tenure system, associate professors","13","9","4","0","0","0","2","2","0","0","0","0","0","0","0","0","0","0","11","7","4","0","0","0","0","0","0","0","0","0","-2"
"153603","Iowa State University","2015","Not on tenure/no tenure system, assistant professors","38","21","17","0","0","0","9","5","4","2","1","1","3","2","1","0","0","0","20","11","9","0","0","0","0","0","0","4","2","2","-2"
"153603","Iowa State University","2015","Not on tenure/no tenure system, lecturers","247","107","140","1","0","1","13","8","5","5","3","2","7","2","5","0","0","0","209","87","122","3","2","1","0","0","0","9","5","4","-2"
"153658","University of Iowa","2015","Tenured total","1038","739","299","3","1","2","114","91","23","24","13","11","38","23","15","0","0","0","843","602","241","4","1","3","12","8","4","0","0","0","-2"
"153658","University of Iowa","2015","Tenured, professors","621","486","135","1","1","0","58","50","8","10","9","1","17","8","9","0","0","0","528","414","114","1","0","1","6","4","2","0","0","0","-2"
"153658","University of Iowa","2015","Tenured, associate professors","417","253","164","2","0","2","56","41","15","14","4","10","21","15","6","0","0","0","315","188","127","3","1","2","6","4","2","0","0","0","-2"
"153658","University of Iowa","2015","On-Tenure track total","354","206","148","1","0","1","53","33","20","9","4","5","19","11","8","0","0","0","230","126","104","3","2","1","6","4","2","33","26","7","-2"
"153658","University of Iowa","2015","On-tenure track, associate professors","21","14","7","0","0","0","7","5","2","0","0","0","1","0","1","0","0","0","11","7","4","1","1","0","1","1","0","0","0","0","-2"
"153658","University of Iowa","2015","On-tenure track, assistant professors","333","192","141","1","0","1","46","28","18","9","4","5","18","11","7","0","0","0","219","119","100","2","1","1","5","3","2","33","26","7","-2"
"153658","University of Iowa","2015","Not on tenure track/No tenure system system total","913","492","421","3","1","2","86","49","37","25","15","10","31","16","15","0","0","0","657","339","318","4","1","3","31","15","16","76","56","20","-2"
"153658","University of Iowa","2015","Not on tenure/no tenure system, professors","117","80","37","1","1","0","9","8","1","2","2","0","1","1","0","0","0","0","100","65","35","0","0","0","1","1","0","3","2","1","-2"
"153658","University of Iowa","2015","Not on tenure/no tenure system, associate professors","173","98","75","0","0","0","17","12","5","2","1","1","10","6","4","0","0","0","132","72","60","1","0","1","8","5","3","3","2","1","-2"
"153658","University of Iowa","2015","Not on tenure/no tenure system, assistant professors","358","194","164","0","0","0","48","24","24","15","9","6","11","7","4","0","0","0","217","108","109","2","1","1","15","9","6","50","36","14","-2"
"153658","University of Iowa","2015","Not on tenure/no tenure system, instructors","8","3","5","0","0","0","1","0","1","0","0","0","0","0","0","0","0","0","6","2","4","0","0","0","0","0","0","1","1","0","-2"
"153658","University of Iowa","2015","Not on tenure/no tenure system, lecturers","208","92","116","2","0","2","7","2","5","5","3","2","7","2","5","0","0","0","173","77","96","1","0","1","3","0","3","10","8","2","-2"
"153658","University of Iowa","2015","Not on tenure/no tenure system, no academic rank","49","25","24","0","0","0","4","3","1","1","0","1","2","0","2","0","0","0","29","15","14","0","0","0","4","0","4","9","7","2","-2"
"155317","University of Kansas","2015","Tenured total","967","657","310","4","2","2","124","91","33","27","15","12","36","23","13","0","0","0","762","520","242","11","4","7","1","1","0","2","1","1","-2"
"155317","University of Kansas","2015","Tenured, professors","506","385","121","2","1","1","54","47","7","9","5","4","17","14","3","0","0","0","422","317","105","1","0","1","1","1","0","0","0","0","-2"
"155317","University of Kansas","2015","Tenured, associate professors","460","272","188","2","1","1","70","44","26","18","10","8","19","9","10","0","0","0","339","203","136","10","4","6","0","0","0","2","1","1","-2"
"155317","University of Kansas","2015","Tenured, assistant professors","1","0","1","0","0","0","0","0","0","0","0","0","0","0","0","0","0","0","1","0","1","0","0","0","0","0","0","0","0","0","-2"
"155317","University of Kansas","2015","On-Tenure track total","320","183","137","3","2","1","52","28","24","13","5","8","11","6","5","0","0","0","202","118","84","4","2","2","4","1","3","31","21","10","-2"
"155317","University of Kansas","2015","On-tenure track, associate professors","19","11","8","1","1","0","5","4","1","1","0","1","1","1","0","0","0","0","10","5","5","0","0","0","0","0","0","1","0","1","-2"
"155317","University of Kansas","2015","On-tenure track, assistant professors","301","172","129","2","1","1","47","24","23","12","5","7","10","5","5","0","0","0","192","113","79","4","2","2","4","1","3","30","21","9","-2"
"155317","University of Kansas","2015","Not on tenure track/No tenure system system total","882","420","462","2","0","2","92","47","45","24","8","16","26","8","18","0","0","0","661","316","345","11","5","6","5","2","3","61","34","27","-2"
"155317","University of Kansas","2015","Not on tenure/no tenure system, professors","46","28","18","0","0","0","4","3","1","0","0","0","2","0","2","0","0","0","38","24","14","1","0","1","0","0","0","1","1","0","-2"
"155317","University of Kansas","2015","Not on tenure/no tenure system, associate professors","139","60","79","1","0","1","17","9","8","1","1","0","5","1","4","0","0","0","111","48","63","2","0","2","1","1","0","1","0","1","-2"
"155317","University of Kansas","2015","Not on tenure/no tenure system, assistant professors","476","246","230","0","0","0","62","33","29","18","5","13","10","3","7","0","0","0","335","173","162","3","3","0","2","0","2","46","29","17","-2"
"155317","University of Kansas","2015","Not on tenure/no tenure system, instructors","59","20","39","0","0","0","2","1","1","2","1","1","4","1","3","0","0","0","41","13","28","2","0","2","2","1","1","6","3","3","-2"
"155317","University of Kansas","2015","Not on tenure/no tenure system, lecturers","161","65","96","1","0","1","7","1","6","3","1","2","5","3","2","0","0","0","135","57","78","3","2","1","0","0","0","7","1","6","-2"
"155317","University of Kansas","2015","Not on tenure/no tenure system, no academic rank","1","1","0","0","0","0","0","0","0","0","0","0","0","0","0","0","0","0","1","1","0","0","0","0","0","0","0","0","0","0","-2"
"157447","Northern Kentucky University","2015","Tenured total","285","160","125","1","1","0","20","9","11","11","9","2","4","3","1","0","0","0","244","135","109","3","1","2","0","0","0","2","2","0","-2"
"157447","Northern Kentucky University","2015","Tenured, professors","113","71","42","0","0","0","8","2","6","4","3","1","2","2","0","0","0","0","98","64","34","1","0","1","0","0","0","0","0","0","-2"
"157447","Northern Kentucky University","2015","Tenured, associate professors","172","89","83","1","1","0","12","7","5","7","6","1","2","1","1","0","0","0","146","71","75","2","1","1","0","0","0","2","2","0","-2"
"157447","Northern Kentucky University","2015","On-Tenure track total","106","42","64","0","0","0","3","1","2","12","4","8","5","2","3","0","0","0","79","32","47","2","1","1","0","0","0","5","2","3","-2"
"157447","Northern Kentucky University","2015","On-tenure track, associate professors","5","4","1","0","0","0","0","0","0","1","1","0","0","0","0","0","0","0","4","3","1","0","0","0","0","0","0","0","0","0","-2"
"157447","Northern Kentucky University","2015","On-tenure track, assistant professors","99","38","61","0","0","0","3","1","2","11","3","8","5","2","3","0","0","0","74","29","45","2","1","1","0","0","0","4","2","2","-2"
"157447","Northern Kentucky University","2015","On-tenure track, lecturers","2","0","2","0","0","0","0","0","0","0","0","0","0","0","0","0","0","0","1","0","1","0","0","0","0","0","0","1","0","1","-2"
"157447","Northern Kentucky University","2015","Not on tenure track/No tenure system system total","192","74","118","2","2","0","4","2","2","8","3","5","3","1","2","0","0","0","174","65","109","0","0","0","0","0","0","1","1","0","-2"
"157447","Northern Kentucky University","2015","Not on tenure/no tenure system, assistant professors","1","0","1","0","0","0","0","0","0","0","0","0","0","0","0","0","0","0","1","0","1","0","0","0","0","0","0","0","0","0","-2"
"157447","Northern Kentucky University","2015","Not on tenure/no tenure system, lecturers","191","74","117","2","2","0","4","2","2","8","3","5","3","1","2","0","0","0","173","65","108","0","0","0","0","0","0","1","1","0","-2"
"157951","Western Kentucky University","2015","Tenured total","404","242","162","5","4","1","31","22","9","19","9","10","6","3","3","0","0","0","337","200","137","5","4","1","0","0","0","1","0","1","-2"
"157951","Western Kentucky University","2015","Tenured, professors","172","117","55","3","3","0","12","11","1","6","2","4","0","0","0","0","0","0","146","98","48","4","3","1","0","0","0","1","0","1","-2"
"157951","Western Kentucky University","2015","Tenured, associate professors","221","119","102","2","1","1","19","11","8","13","7","6","6","3","3","0","0","0","180","96","84","1","1","0","0","0","0","0","0","0","-2"
"157951","Western Kentucky University","2015","Tenured, assistant professors","11","6","5","0","0","0","0","0","0","0","0","0","0","0","0","0","0","0","11","6","5","0","0","0","0","0","0","0","0","0","-2"
"157951","Western Kentucky University","2015","On-Tenure track total","186","75","111","1","0","1","24","6","18","11","4","7","3","2","1","0","0","0","140","58","82","5","4","1","2","1","1","0","0","0","-2"
"157951","Western Kentucky University","2015","On-tenure track, professors","1","1","0","0","0","0","1","1","0","0","0","0","0","0","0","0","0","0","0","0","0","0","0","0","0","0","0","0","0","0","-2"
"157951","Western Kentucky University","2015","On-tenure track, associate professors","11","3","8","0","0","0","1","0","1","1","0","1","0","0","0","0","0","0","9","3","6","0","0","0","0","0","0","0","0","0","-2"
"157951","Western Kentucky University","2015","On-tenure track, assistant professors","174","71","103","1","0","1","22","5","17","10","4","6","3","2","1","0","0","0","131","55","76","5","4","1","2","1","1","0","0","0","-2"
"157951","Western Kentucky University","2015","Not on tenure track/No tenure system system total","186","57","129","1","0","1","9","2","7","7","3","4","5","3","2","0","0","0","159","49","110","2","0","2","2","0","2","1","0","1","-2"
"157951","Western Kentucky University","2015","Not on tenure/no tenure system, assistant professors","2","0","2","0","0","0","0","0","0","0","0","0","0","0","0","0","0","0","2","0","2","0","0","0","0","0","0","0","0","0","-2"
"157951","Western Kentucky University","2015","Not on tenure/no tenure system, instructors","154","43","111","1","0","1","8","1","7","6","3","3","4","3","1","0","0","0","132","36","96","1","0","1","1","0","1","1","0","1","-2"
"157951","Western Kentucky University","2015","Not on tenure/no tenure system, lecturers","2","0","2","0","0","0","0","0","0","0","0","0","0","0","0","0","0","0","1","0","1","0","0","0","1","0","1","0","0","0","-2"
"157951","Western Kentucky University","2015","Not on tenure/no tenure system, no academic rank","28","14","14","0","0","0","1","1","0","1","0","1","1","0","1","0","0","0","24","13","11","1","0","1","0","0","0","0","0","0","-2"
"159993","University of Louisiana at Monroe","2015","Tenured total","151","78","73","0","0","0","8","6","2","6","2","4","4","1","3","0","0","0","131","68","63","2","1","1","0","0","0","0","0","0","-2"
"159993","University of Louisiana at Monroe","2015","Tenured, professors","51","33","18","0","0","0","3","2","1","2","0","2","1","0","1","0","0","0","44","31","13","1","0","1","0","0","0","0","0","0","-2"
"159993","University of Louisiana at Monroe","2015","Tenured, associate professors","84","44","40","0","0","0","5","4","1","4","2","2","3","1","2","0","0","0","71","36","35","1","1","0","0","0","0","0","0","0","-2"
"159993","University of Louisiana at Monroe","2015","Tenured, assistant professors","16","1","15","0","0","0","0","0","0","0","0","0","0","0","0","0","0","0","16","1","15","0","0","0","0","0","0","0","0","0","-2"
"159993","University of Louisiana at Monroe","2015","On-Tenure track total","58","21","37","0","0","0","3","1","2","5","0","5","0","0","0","0","0","0","49","19","30","1","1","0","0","0","0","0","0","0","-2"
"159993","University of Louisiana at Monroe","2015","On-tenure track, associate professors","3","2","1","0","0","0","0","0","0","0","0","0","0","0","0","0","0","0","2","1","1","1","1","0","0","0","0","0","0","0","-2"
"159993","University of Louisiana at Monroe","2015","On-tenure track, assistant professors","55","19","36","0","0","0","3","1","2","5","0","5","0","0","0","0","0","0","47","18","29","0","0","0","0","0","0","0","0","0","-2"
"159993","University of Louisiana at Monroe","2015","Not on tenure track/No tenure system system total","79","32","47","1","1","0","0","0","0","4","1","3","2","0","2","0","0","0","72","30","42","0","0","0","0","0","0","0","0","0","-2"
"159993","University of Louisiana at Monroe","2015","Not on tenure/no tenure system, professors","1","1","0","0","0","0","0","0","0","0","0","0","0","0","0","0","0","0","1","1","0","0","0","0","0","0","0","0","0","0","-2"
"159993","University of Louisiana at Monroe","2015","Not on tenure/no tenure system, associate professors","14","4","10","0","0","0","0","0","0","1","0","1","0","0","0","0","0","0","13","4","9","0","0","0","0","0","0","0","0","0","-2"
"159993","University of Louisiana at Monroe","2015","Not on tenure/no tenure system, assistant professors","13","8","5","0","0","0","0","0","0","1","1","0","0","0","0","0","0","0","12","7","5","0","0","0","0","0","0","0","0","0","-2"
"159993","University of Louisiana at Monroe","2015","Not on tenure/no tenure system, instructors","51","19","32","1","1","0","0","0","0","2","0","2","2","0","2","0","0","0","46","18","28","0","0","0","0","0","0","0","0","0","-2"
"160755","Tulane University of Louisiana","2015","Tenured total","438","310","128","1","1","0","48","38","10","14","6","8","19","14","5","0","0","0","348","246","102","4","2","2","2","2","0","2","1","1","-2"
"160755","Tulane University of Louisiana","2015","Tenured, professors","260","203","57","1","1","0","27","23","4","6","4","2","10","9","1","0","0","0","210","161","49","3","2","1","2","2","0","1","1","0","-2"
"160755","Tulane University of Louisiana","2015","Tenured, associate professors","176","106","70","0","0","0","21","15","6","8","2","6","8","5","3","0","0","0","137","84","53","1","0","1","0","0","0","1","0","1","-2"
"160755","Tulane University of Louisiana","2015","Tenured, assistant professors","2","1","1","0","0","0","0","0","0","0","0","0","1","0","1","0","0","0","1","1","0","0","0","0","0","0","0","0","0","0","-2"
"160755","Tulane University of Louisiana","2015","On-Tenure track total","164","94","70","0","0","0","29","18","11","4","3","1","2","0","2","0","0","0","95","49","46","3","1","2","4","3","1","27","20","7","-2"
"160755","Tulane University of Louisiana","2015","On-tenure track, professors","1","1","0","0","0","0","0","0","0","0","0","0","0","0","0","0","0","0","1","1","0","0","0","0","0","0","0","0","0","0","-2"
"160755","Tulane University of Louisiana","2015","On-tenure track, associate professors","11","3","8","0","0","0","5","2","3","0","0","0","0","0","0","0","0","0","4","1","3","1","0","1","0","0","0","1","0","1","-2"
"160755","Tulane University of Louisiana","2015","On-tenure track, assistant professors","152","90","62","0","0","0","24","16","8","4","3","1","2","0","2","0","0","0","90","47","43","2","1","1","4","3","1","26","20","6","-2"
"160755","Tulane University of Louisiana","2015","Not on tenure track/No tenure system system total","289","136","153","0","0","0","32","13","19","10","6","4","17","5","12","0","0","0","204","95","109","0","0","0","2","2","0","24","15","9","-2"
"160755","Tulane University of Louisiana","2015","Not on tenure/no tenure system, professors","10","8","2","0","0","0","0","0","0","0","0","0","0","0","0","0","0","0","10","8","2","0","0","0","0","0","0","0","0","0","-2"
"160755","Tulane University of Louisiana","2015","Not on tenure/no tenure system, associate professors","26","7","19","0","0","0","4","2","2","0","0","0","3","0","3","0","0","0","19","5","14","0","0","0","0","0","0","0","0","0","-2"
"160755","Tulane University of Louisiana","2015","Not on tenure/no tenure system, assistant professors","92","41","51","0","0","0","14","5","9","5","2","3","8","5","3","0","0","0","49","20","29","0","0","0","0","0","0","16","9","7","-2"
"160755","Tulane University of Louisiana","2015","Not on tenure/no tenure system, instructors","23","11","12","0","0","0","5","3","2","3","2","1","0","0","0","0","0","0","14","5","9","0","0","0","0","0","0","1","1","0","-2"
"160755","Tulane University of Louisiana","2015","Not on tenure/no tenure system, lecturers","18","6","12","0","0","0","3","1","2","0","0","0","3","0","3","0","0","0","11","5","6","0","0","0","0","0","0","1","0","1","-2"
"160755","Tulane University of Louisiana","2015","Not on tenure/no tenure system, no academic rank","120","63","57","0","0","0","6","2","4","2","2","0","3","0","3","0","0","0","101","52","49","0","0","0","2","2","0","6","5","1","-2"
"162928","Johns Hopkins University","2015","Tenured total","953","733","220","2","2","0","107","78","29","16","11","5","23","20","3","0","0","0","800","617","183","0","0","0","0","0","0","5","5","0","-2"
"162928","Johns Hopkins University","2015","Tenured, professors","899","697","202","2","2","0","96","72","24","13","9","4","23","20","3","0","0","0","760","589","171","0","0","0","0","0","0","5","5","0","-2"
"162928","Johns Hopkins University","2015","Tenured, associate professors","54","36","18","0","0","0","11","6","5","3","2","1","0","0","0","0","0","0","40","28","12","0","0","0","0","0","0","0","0","0","-2"
"162928","Johns Hopkins University","2015","On-Tenure track total","1907","1072","835","8","5","3","383","231","152","95","35","60","50","28","22","3","1","2","1251","690","561","11","5","6","0","0","0","106","77","29","-2"
"162928","Johns Hopkins University","2015","On-tenure track, professors","5","4","1","0","0","0","0","0","0","0","0","0","1","1","0","0","0","0","4","3","1","0","0","0","0","0","0","0","0","0","-2"
"162928","Johns Hopkins University","2015","On-tenure track, associate professors","606","386","220","1","1","0","113","83","30","22","9","13","16","11","5","1","0","1","444","275","169","1","1","0","0","0","0","8","6","2","-2"
"162928","Johns Hopkins University","2015","On-tenure track, assistant professors","1102","592","510","6","3","3","228","128","100","57","21","36","26","13","13","2","1","1","691","361","330","6","2","4","0","0","0","86","63","23","-2"
"162928","Johns Hopkins University","2015","On-tenure track, instructors","194","90","104","1","1","0","42","20","22","16","5","11","7","3","4","0","0","0","112","51","61","4","2","2","0","0","0","12","8","4","-2"
"162928","Johns Hopkins University","2015","Not on tenure track/No tenure system system total","940","434","506","3","1","2","143","73","70","28","12","16","22","7","15","1","0","1","615","264","351","4","2","2","2","0","2","122","75","47","-2"
"162928","Johns Hopkins University","2015","Not on tenure/no tenure system, professors","26","18","8","0","0","0","2","1","1","2","2","0","0","0","0","0","0","0","22","15","7","0","0","0","0","0","0","0","0","0","-2"
"162928","Johns Hopkins University","2015","Not on tenure/no tenure system, associate professors","30","9","21","0","0","0","3","3","0","2","0","2","0","0","0","0","0","0","25","6","19","0","0","0","0","0","0","0","0","0","-2"
"162928","Johns Hopkins University","2015","Not on tenure/no tenure system, assistant professors","42","9","33","0","0","0","4","3","1","7","1","6","0","0","0","0","0","0","30","5","25","0","0","0","0","0","0","1","0","1","-2"
"162928","Johns Hopkins University","2015","Not on tenure/no tenure system, instructors","28","3","25","0","0","0","0","0","0","0","0","0","0","0","0","0","0","0","28","3","25","0","0","0","0","0","0","0","0","0","-2"
"162928","Johns Hopkins University","2015","Not on tenure/no tenure system, lecturers","196","80","116","0","0","0","18","7","11","4","3","1","7","2","5","0","0","0","151","62","89","0","0","0","2","0","2","14","6","8","-2"
"162928","Johns Hopkins University","2015","Not on tenure/no tenure system, no academic rank","618","315","303","3","1","2","116","59","57","13","6","7","15","5","10","1","0","1","359","173","186","4","2","2","0","0","0","107","69","38","-2"
"163268","University of Maryland-Baltimore County","2015","Tenured total","283","175","108","0","0","0","42","27","15","18","11","7","9","4","5","0","0","0","213","133","80","1","0","1","0","0","0","0","0","0","-2"
"163268","University of Maryland-Baltimore County","2015","Tenured, professors","145","107","38","0","0","0","24","20","4","6","4","2","2","2","0","0","0","0","113","81","32","0","0","0","0","0","0","0","0","0","-2"
"163268","University of Maryland-Baltimore County","2015","Tenured, associate professors","137","67","70","0","0","0","18","7","11","11","6","5","7","2","5","0","0","0","100","52","48","1","0","1","0","0","0","0","0","0","-2"
"163268","University of Maryland-Baltimore County","2015","Tenured, assistant professors","1","1","0","0","0","0","0","0","0","1","1","0","0","0","0","0","0","0","0","0","0","0","0","0","0","0","0","0","0","0","-2"
"163268","University of Maryland-Baltimore County","2015","On-Tenure track total","108","51","57","0","0","0","25","11","14","8","2","6","3","1","2","0","0","0","58","29","29","1","0","1","0","0","0","13","8","5","-2"
"163268","University of Maryland-Baltimore County","2015","On-tenure track, associate professors","9","4","5","0","0","0","6","3","3","0","0","0","0","0","0","0","0","0","3","1","2","0","0","0","0","0","0","0","0","0","-2"
"163268","University of Maryland-Baltimore County","2015","On-tenure track, assistant professors","99","47","52","0","0","0","19","8","11","8","2","6","3","1","2","0","0","0","55","28","27","1","0","1","0","0","0","13","8","5","-2"
"163268","University of Maryland-Baltimore County","2015","Not on tenure track/No tenure system system total","138","53","85","0","0","0","8","2","6","7","3","4","4","0","4","0","0","0","118","47","71","0","0","0","0","0","0","1","1","0","-2"
"163268","University of Maryland-Baltimore County","2015","Not on tenure/no tenure system, professors","12","7","5","0","0","0","1","0","1","0","0","0","0","0","0","0","0","0","11","7","4","0","0","0","0","0","0","0","0","0","-2"
"163268","University of Maryland-Baltimore County","2015","Not on tenure/no tenure system, associate professors","5","1","4","0","0","0","0","0","0","0","0","0","0","0","0","0","0","0","5","1","4","0","0","0","0","0","0","0","0","0","-2"
"163268","University of Maryland-Baltimore County","2015","Not on tenure/no tenure system, assistant professors","13","3","10","0","0","0","0","0","0","1","1","0","0","0","0","0","0","0","12","2","10","0","0","0","0","0","0","0","0","0","-2"
"163268","University of Maryland-Baltimore County","2015","Not on tenure/no tenure system, instructors","12","2","10","0","0","0","0","0","0","0","0","0","0","0","0","0","0","0","12","2","10","0","0","0","0","0","0","0","0","0","-2"
"163268","University of Maryland-Baltimore County","2015","Not on tenure/no tenure system, lecturers","96","40","56","0","0","0","7","2","5","6","2","4","4","0","4","0","0","0","78","35","43","0","0","0","0","0","0","1","1","0","-2"
"163286","University of Maryland-College Park","2015","Tenured total","1081","768","313","1","1","0","166","121","45","38","19","19","41","23","18","0","0","0","780","569","211","4","2","2","46","28","18","5","5","0","-2"
"163286","University of Maryland-College Park","2015","Tenured, professors","664","503","161","0","0","0","89","67","22","16","10","6","23","13","10","0","0","0","510","395","115","2","2","0","20","12","8","4","4","0","-2"
"163286","University of Maryland-College Park","2015","Tenured, associate professors","416","264","152","1","1","0","77","54","23","22","9","13","18","10","8","0","0","0","269","173","96","2","0","2","26","16","10","1","1","0","-2"
"163286","University of Maryland-College Park","2015","Tenured, assistant professors","1","1","0","0","0","0","0","0","0","0","0","0","0","0","0","0","0","0","1","1","0","0","0","0","0","0","0","0","0","0","-2"
"163286","University of Maryland-College Park","2015","On-Tenure track total","295","160","135","0","0","0","38","19","19","20","11","9","12","5","7","2","0","2","127","69","58","4","1","3","51","28","23","41","27","14","-2"
"163286","University of Maryland-College Park","2015","On-tenure track, associate professors","6","5","1","0","0","0","1","1","0","0","0","0","0","0","0","0","0","0","4","3","1","0","0","0","0","0","0","1","1","0","-2"
"163286","University of Maryland-College Park","2015","On-tenure track, assistant professors","289","155","134","0","0","0","37","18","19","20","11","9","12","5","7","2","0","2","123","66","57","4","1","3","51","28","23","40","26","14","-2"
"163286","University of Maryland-College Park","2015","Not on tenure track/No tenure system system total","437","208","229","2","2","0","30","14","16","24","8","16","28","12","16","0","0","0","283","133","150","3","0","3","42","24","18","25","15","10","-2"
"163286","University of Maryland-College Park","2015","Not on tenure/no tenure system, professors","27","17","10","0","0","0","1","1","0","1","1","0","3","3","0","0","0","0","21","12","9","0","0","0","1","0","1","0","0","0","-2"
"163286","University of Maryland-College Park","2015","Not on tenure/no tenure system, associate professors","21","9","12","0","0","0","0","0","0","0","0","0","0","0","0","0","0","0","21","9","12","0","0","0","0","0","0","0","0","0","-2"
"163286","University of Maryland-College Park","2015","Not on tenure/no tenure system, assistant professors","93","42","51","1","1","0","13","7","6","6","0","6","7","2","5","0","0","0","40","14","26","0","0","0","12","7","5","14","11","3","-2"
"163286","University of Maryland-College Park","2015","Not on tenure/no tenure system, instructors","9","5","4","0","0","0","0","0","0","4","3","1","0","0","0","0","0","0","5","2","3","0","0","0","0","0","0","0","0","0","-2"
"163286","University of Maryland-College Park","2015","Not on tenure/no tenure system, lecturers","287","135","152","1","1","0","16","6","10","13","4","9","18","7","11","0","0","0","196","96","100","3","0","3","29","17","12","11","4","7","-2"
"163338","University of Maryland Eastern Shore","2015","Tenured total","99","66","33","1","1","0","18","10","8","38","27","11","2","2","0","0","0","0","39","26","13","0","0","0","1","0","1","0","0","0","-2"
"163338","University of Maryland Eastern Shore","2015","Tenured, professors","36","24","12","1","1","0","8","4","4","15","12","3","0","0","0","0","0","0","12","7","5","0","0","0","0","0","0","0","0","0","-2"
"163338","University of Maryland Eastern Shore","2015","Tenured, associate professors","55","35","20","0","0","0","10","6","4","19","12","7","2","2","0","0","0","0","23","15","8","0","0","0","1","0","1","0","0","0","-2"
"163338","University of Maryland Eastern Shore","2015","Tenured, assistant professors","8","7","1","0","0","0","0","0","0","4","3","1","0","0","0","0","0","0","4","4","0","0","0","0","0","0","0","0","0","0","-2"
"163338","University of Maryland Eastern Shore","2015","On-Tenure track total","61","34","27","0","0","0","9","7","2","24","12","12","3","3","0","1","1","0","14","5","9","3","2","1","1","1","0","6","3","3","-2"
"163338","University of Maryland Eastern Shore","2015","On-tenure track, associate professors","9","5","4","0","0","0","0","0","0","7","3","4","0","0","0","0","0","0","1","1","0","1","1","0","0","0","0","0","0","0","-2"
"163338","University of Maryland Eastern Shore","2015","On-tenure track, assistant professors","50","28","22","0","0","0","9","7","2","16","8","8","3","3","0","1","1","0","12","4","8","2","1","1","1","1","0","6","3","3","-2"
"163338","University of Maryland Eastern Shore","2015","On-tenure track, instructors","2","1","1","0","0","0","0","0","0","1","1","0","0","0","0","0","0","0","1","0","1","0","0","0","0","0","0","0","0","0","-2"
"163338","University of Maryland Eastern Shore","2015","Not on tenure track/No tenure system system total","70","29","41","0","0","0","8","5","3","27","10","17","3","0","3","0","0","0","29","13","16","0","0","0","0","0","0","3","1","2","-2"
"163338","University of Maryland Eastern Shore","2015","Not on tenure/no tenure system, professors","1","1","0","0","0","0","0","0","0","0","0","0","0","0","0","0","0","0","1","1","0","0","0","0","0","0","0","0","0","0","-2"
"163338","University of Maryland Eastern Shore","2015","Not on tenure/no tenure system, associate professors","5","4","1","0","0","0","1","1","0","1","0","1","0","0","0","0","0","0","2","2","0","0","0","0","0","0","0","1","1","0","-2"
"163338","University of Maryland Eastern Shore","2015","Not on tenure/no tenure system, assistant professors","12","4","8","0","0","0","2","1","1","4","2","2","1","0","1","0","0","0","4","1","3","0","0","0","0","0","0","1","0","1","-2"
"163338","University of Maryland Eastern Shore","2015","Not on tenure/no tenure system, lecturers","51","20","31","0","0","0","5","3","2","21","8","13","2","0","2","0","0","0","22","9","13","0","0","0","0","0","0","1","0","1","-2"
"163338","University of Maryland Eastern Shore","2015","Not on tenure/no tenure system, no academic rank","1","0","1","0","0","0","0","0","0","1","0","1","0","0","0","0","0","0","0","0","0","0","0","0","0","0","0","0","0","0","-2"
"163851","Salisbury University","2015","Tenured total","242","152","90","0","0","0","20","12","8","15","12","3","1","0","1","0","0","0","200","124","76","0","0","0","3","2","1","3","2","1","-2"
"163851","Salisbury University","2015","Tenured, professors","104","69","35","0","0","0","7","4","3","3","3","0","0","0","0","0","0","0","93","61","32","0","0","0","1","1","0","0","0","0","-2"
"163851","Salisbury University","2015","Tenured, associate professors","125","74","51","0","0","0","12","8","4","10","7","3","1","0","1","0","0","0","97","56","41","0","0","0","2","1","1","3","2","1","-2"
"163851","Salisbury University","2015","Tenured, assistant professors","13","9","4","0","0","0","1","0","1","2","2","0","0","0","0","0","0","0","10","7","3","0","0","0","0","0","0","0","0","0","-2"
"163851","Salisbury University","2015","On-Tenure track total","85","37","48","0","0","0","6","2","4","6","2","4","3","3","0","0","0","0","68","29","39","0","0","0","1","1","0","1","0","1","-2"
"163851","Salisbury University","2015","On-tenure track, associate professors","1","0","1","0","0","0","0","0","0","0","0","0","0","0","0","0","0","0","1","0","1","0","0","0","0","0","0","0","0","0","-2"
"163851","Salisbury University","2015","On-tenure track, assistant professors","76","36","40","0","0","0","6","2","4","6","2","4","3","3","0","0","0","0","59","28","31","0","0","0","1","1","0","1","0","1","-2"
"163851","Salisbury University","2015","On-tenure track, instructors","8","1","7","0","0","0","0","0","0","0","0","0","0","0","0","0","0","0","8","1","7","0","0","0","0","0","0","0","0","0","-2"
"163851","Salisbury University","2015","Not on tenure track/No tenure system system total","87","23","64","0","0","0","6","0","6","2","1","1","6","1","5","0","0","0","73","21","52","0","0","0","0","0","0","0","0","0","-2"
"163851","Salisbury University","2015","Not on tenure/no tenure system, lecturers","87","23","64","0","0","0","6","0","6","2","1","1","6","1","5","0","0","0","73","21","52","0","0","0","0","0","0","0","0","0","-2"
"164155","United States Naval Academy","2015","Tenured total","220","152","68","0","0","0","12","9","3","6","4","2","4","1","3","0","0","0","184","132","52","0","0","0","0","0","0","14","6","8","-2"
"164155","United States Naval Academy","2015","Tenured, professors","110","76","34","0","0","0","4","3","1","1","1","0","3","1","2","0","0","0","99","70","29","0","0","0","0","0","0","3","1","2","-2"
"164155","United States Naval Academy","2015","Tenured, associate professors","110","76","34","0","0","0","8","6","2","5","3","2","1","0","1","0","0","0","85","62","23","0","0","0","0","0","0","11","5","6","-2"
"164155","United States Naval Academy","2015","On-Tenure track total","89","54","35","0","0","0","8","4","4","2","2","0","3","1","2","0","0","0","70","44","26","0","0","0","0","0","0","6","3","3","-2"
"164155","United States Naval Academy","2015","On-tenure track, assistant professors","89","54","35","0","0","0","8","4","4","2","2","0","3","1","2","0","0","0","70","44","26","0","0","0","0","0","0","6","3","3","-2"
"164155","United States Naval Academy","2015","Not on tenure track/No tenure system system total","54","36","18","0","0","0","0","0","0","1","1","0","0","0","0","0","0","0","53","35","18","0","0","0","0","0","0","0","0","0","-2"
"164155","United States Naval Academy","2015","Not on tenure/no tenure system, professors","26","18","8","0","0","0","0","0","0","1","1","0","0","0","0","0","0","0","25","17","8","0","0","0","0","0","0","0","0","0","-2"
"164155","United States Naval Academy","2015","Not on tenure/no tenure system, assistant professors","2","2","0","0","0","0","0","0","0","0","0","0","0","0","0","0","0","0","2","2","0","0","0","0","0","0","0","0","0","0","-2"
"164155","United States Naval Academy","2015","Not on tenure/no tenure system, instructors","26","16","10","0","0","0","0","0","0","0","0","0","0","0","0","0","0","0","26","16","10","0","0","0","0","0","0","0","0","0","-2"
"166027","Harvard University","2015","Tenured total","1106","842","264","0","0","0","103","77","26","41","25","16","30","23","7","0","0","0","900","691","209","7","5","2","0","0","0","25","21","4","-2"
"166027","Harvard University","2015","Tenured, professors","1106","842","264","0","0","0","103","77","26","41","25","16","30","23","7","0","0","0","900","691","209","7","5","2","0","0","0","25","21","4","-2"
"166027","Harvard University","2015","On-Tenure track total","494","292","202","0","0","0","87","54","33","22","8","14","25","13","12","0","0","0","283","172","111","8","7","1","0","0","0","69","38","31","-2"
"166027","Harvard University","2015","On-tenure track, associate professors","185","114","71","0","0","0","34","20","14","6","2","4","15","7","8","0","0","0","116","76","40","1","1","0","0","0","0","13","8","5","-2"
"166027","Harvard University","2015","On-tenure track, assistant professors","248","143","105","0","0","0","36","23","13","13","4","9","8","4","4","0","0","0","138","79","59","7","6","1","0","0","0","46","27","19","-2"
"166027","Harvard University","2015","On-tenure track, instructors","61","35","26","0","0","0","17","11","6","3","2","1","2","2","0","0","0","0","29","17","12","0","0","0","0","0","0","10","3","7","-2"
"166027","Harvard University","2015","Not on tenure track/No tenure system system total","530","291","239","0","0","0","38","20","18","22","13","9","16","10","6","0","0","0","342","184","158","8","3","5","0","0","0","104","61","43","-2"
"166027","Harvard University","2015","Not on tenure/no tenure system, professors","98","67","31","0","0","0","3","3","0","9","4","5","3","3","0","0","0","0","64","42","22","2","2","0","0","0","0","17","13","4","-2"
"166027","Harvard University","2015","Not on tenure/no tenure system, associate professors","10","6","4","0","0","0","1","1","0","0","0","0","0","0","0","0","0","0","5","2","3","0","0","0","0","0","0","4","3","1","-2"
"166027","Harvard University","2015","Not on tenure/no tenure system, assistant professors","16","8","8","0","0","0","4","3","1","0","0","0","1","1","0","0","0","0","6","1","5","0","0","0","0","0","0","5","3","2","-2"
"166027","Harvard University","2015","Not on tenure/no tenure system, instructors","8","4","4","0","0","0","0","0","0","0","0","0","2","2","0","0","0","0","4","1","3","0","0","0","0","0","0","2","1","1","-2"
"166027","Harvard University","2015","Not on tenure/no tenure system, lecturers","398","206","192","0","0","0","30","13","17","13","9","4","10","4","6","0","0","0","263","138","125","6","1","5","0","0","0","76","41","35","-2"
"166513","University of Massachusetts-Lowell","2015","Tenured total","290","190","100","0","0","0","67","47","20","7","6","1","7","5","2","0","0","0","207","131","76","1","1","0","0","0","0","1","0","1","-2"
"166513","University of Massachusetts-Lowell","2015","Tenured, professors","148","112","36","0","0","0","37","28","9","1","1","0","1","1","0","0","0","0","109","82","27","0","0","0","0","0","0","0","0","0","-2"
"166513","University of Massachusetts-Lowell","2015","Tenured, associate professors","142","78","64","0","0","0","30","19","11","6","5","1","6","4","2","0","0","0","98","49","49","1","1","0","0","0","0","1","0","1","-2"
"166513","University of Massachusetts-Lowell","2015","On-Tenure track total","123","68","55","0","0","0","27","17","10","1","1","0","4","3","1","0","0","0","60","29","31","3","2","1","11","7","4","17","9","8","-2"
"166513","University of Massachusetts-Lowell","2015","On-tenure track, professors","1","1","0","0","0","0","0","0","0","0","0","0","0","0","0","0","0","0","1","1","0","0","0","0","0","0","0","0","0","0","-2"
"166513","University of Massachusetts-Lowell","2015","On-tenure track, associate professors","12","8","4","0","0","0","6","5","1","0","0","0","0","0","0","0","0","0","5","2","3","0","0","0","1","1","0","0","0","0","-2"
"166513","University of Massachusetts-Lowell","2015","On-tenure track, assistant professors","110","59","51","0","0","0","21","12","9","1","1","0","4","3","1","0","0","0","54","26","28","3","2","1","10","6","4","17","9","8","-2"
"166513","University of Massachusetts-Lowell","2015","Not on tenure track/No tenure system system total","152","66","86","0","0","0","9","5","4","4","1","3","2","2","0","0","0","0","123","50","73","1","1","0","5","1","4","8","6","2","-2"
"166513","University of Massachusetts-Lowell","2015","Not on tenure/no tenure system, associate professors","4","1","3","0","0","0","0","0","0","0","0","0","0","0","0","0","0","0","4","1","3","0","0","0","0","0","0","0","0","0","-2"
"166513","University of Massachusetts-Lowell","2015","Not on tenure/no tenure system, assistant professors","7","1","6","0","0","0","0","0","0","0","0","0","0","0","0","0","0","0","7","1","6","0","0","0","0","0","0","0","0","0","-2"
"166513","University of Massachusetts-Lowell","2015","Not on tenure/no tenure system, instructors","1","0","1","0","0","0","0","0","0","0","0","0","0","0","0","0","0","0","1","0","1","0","0","0","0","0","0","0","0","0","-2"
"166513","University of Massachusetts-Lowell","2015","Not on tenure/no tenure system, lecturers","104","45","59","0","0","0","8","4","4","3","1","2","2","2","0","0","0","0","84","35","49","1","1","0","3","0","3","3","2","1","-2"
"166513","University of Massachusetts-Lowell","2015","Not on tenure/no tenure system, no academic rank","36","19","17","0","0","0","1","1","0","1","0","1","0","0","0","0","0","0","27","13","14","0","0","0","2","1","1","5","4","1","-2"
"166629","University of Massachusetts-Amherst","2015","Tenured total","754","489","265","3","2","1","88","62","26","32","19","13","34","17","17","0","0","0","562","367","195","8","3","5","23","15","8","4","4","0","-2"
"166629","University of Massachusetts-Amherst","2015","Tenured, professors","454","328","126","1","1","0","42","35","7","12","7","5","16","7","9","0","0","0","366","266","100","5","3","2","11","8","3","1","1","0","-2"
"166629","University of Massachusetts-Amherst","2015","Tenured, associate professors","299","160","139","2","1","1","45","26","19","20","12","8","18","10","8","0","0","0","196","101","95","3","0","3","12","7","5","3","3","0","-2"
"166629","University of Massachusetts-Amherst","2015","Tenured, assistant professors","1","1","0","0","0","0","1","1","0","0","0","0","0","0","0","0","0","0","0","0","0","0","0","0","0","0","0","0","0","0","-2"
"166629","University of Massachusetts-Amherst","2015","On-Tenure track total","297","135","162","1","0","1","34","15","19","21","7","14","5","2","3","0","0","0","174","78","96","2","2","0","25","14","11","35","17","18","-2"
"166629","University of Massachusetts-Amherst","2015","On-tenure track, professors","3","2","1","0","0","0","1","1","0","0","0","0","0","0","0","0","0","0","2","1","1","0","0","0","0","0","0","0","0","0","-2"
"166629","University of Massachusetts-Amherst","2015","On-tenure track, associate professors","10","4","6","0","0","0","2","2","0","1","0","1","0","0","0","0","0","0","6","1","5","1","1","0","0","0","0","0","0","0","-2"
"166629","University of Massachusetts-Amherst","2015","On-tenure track, assistant professors","284","129","155","1","0","1","31","12","19","20","7","13","5","2","3","0","0","0","166","76","90","1","1","0","25","14","11","35","17","18","-2"
"166629","University of Massachusetts-Amherst","2015","Not on tenure track/No tenure system system total","270","112","158","5","0","5","12","4","8","11","5","6","7","1","6","0","0","0","203","88","115","3","2","1","10","2","8","19","10","9","-2"
"166629","University of Massachusetts-Amherst","2015","Not on tenure/no tenure system, professors","1","0","1","0","0","0","0","0","0","0","0","0","1","0","1","0","0","0","0","0","0","0","0","0","0","0","0","0","0","0","-2"
"166629","University of Massachusetts-Amherst","2015","Not on tenure/no tenure system, associate professors","3","1","2","0","0","0","0","0","0","0","0","0","0","0","0","0","0","0","3","1","2","0","0","0","0","0","0","0","0","0","-2"
"166629","University of Massachusetts-Amherst","2015","Not on tenure/no tenure system, assistant professors","18","1","17","0","0","0","0","0","0","1","0","1","0","0","0","0","0","0","16","1","15","0","0","0","1","0","1","0","0","0","-2"
"166629","University of Massachusetts-Amherst","2015","Not on tenure/no tenure system, instructors","3","0","3","0","0","0","0","0","0","0","0","0","0","0","0","0","0","0","2","0","2","0","0","0","1","0","1","0","0","0","-2"
"166629","University of Massachusetts-Amherst","2015","Not on tenure/no tenure system, lecturers","245","110","135","5","0","5","12","4","8","10","5","5","6","1","5","0","0","0","182","86","96","3","2","1","8","2","6","19","10","9","-2"
"166683","Massachusetts Institute of Technology","2015","Tenured total","749","606","143","0","0","0","89","69","20","25","19","6","24","22","2","0","0","0","565","458","107","6","5","1","38","31","7","2","2","0","-2"
"166683","Massachusetts Institute of Technology","2015","Tenured, professors","643","523","120","0","0","0","70","56","14","18","15","3","15","14","1","0","0","0","506","411","95","3","2","1","29","23","6","2","2","0","-2"
"166683","Massachusetts Institute of Technology","2015","Tenured, associate professors","106","83","23","0","0","0","19","13","6","7","4","3","9","8","1","0","0","0","59","47","12","3","3","0","9","8","1","0","0","0","-2"
"166683","Massachusetts Institute of Technology","2015","On-Tenure track total","250","173","77","1","0","1","24","20","4","4","2","2","12","7","5","0","0","0","111","80","31","6","4","2","61","35","26","31","25","6","-2"
"166683","Massachusetts Institute of Technology","2015","On-tenure track, associate professors","75","56","19","0","0","0","11","9","2","1","1","0","5","4","1","0","0","0","37","29","8","3","2","1","15","8","7","3","3","0","-2"
"166683","Massachusetts Institute of Technology","2015","On-tenure track, assistant professors","175","117","58","1","0","1","13","11","2","3","1","2","7","3","4","0","0","0","74","51","23","3","2","1","46","27","19","28","22","6","-2"
"166683","Massachusetts Institute of Technology","2015","Not on tenure track/No tenure system system total","8","5","3","0","0","0","1","0","1","1","1","0","0","0","0","0","0","0","6","4","2","0","0","0","0","0","0","0","0","0","-2"
"166683","Massachusetts Institute of Technology","2015","Not on tenure/no tenure system, associate professors","7","4","3","0","0","0","1","0","1","1","1","0","0","0","0","0","0","0","5","3","2","0","0","0","0","0","0","0","0","0","-2"
"166683","Massachusetts Institute of Technology","2015","Not on tenure/no tenure system, assistant professors","1","1","0","0","0","0","0","0","0","0","0","0","0","0","0","0","0","0","1","1","0","0","0","0","0","0","0","0","0","0","-2"
"169248","Central Michigan University","2015","Tenured total","449","276","173","1","1","0","51","31","20","15","8","7","16","9","7","0","0","0","357","221","136","4","4","0","0","0","0","5","2","3","-2"
"169248","Central Michigan University","2015","Tenured, professors","281","181","100","1","1","0","33","24","9","12","6","6","9","4","5","0","0","0","225","145","80","1","1","0","0","0","0","0","0","0","-2"
"169248","Central Michigan University","2015","Tenured, associate professors","157","92","65","0","0","0","15","7","8","3","2","1","7","5","2","0","0","0","125","73","52","3","3","0","0","0","0","4","2","2","-2"
"169248","Central Michigan University","2015","Tenured, assistant professors","11","3","8","0","0","0","3","0","3","0","0","0","0","0","0","0","0","0","7","3","4","0","0","0","0","0","0","1","0","1","-2"
"169248","Central Michigan University","2015","On-Tenure track total","152","79","73","0","0","0","18","14","4","5","1","4","3","2","1","0","0","0","102","50","52","1","0","1","1","1","0","22","11","11","-2"
"169248","Central Michigan University","2015","On-tenure track, associate professors","10","8","2","0","0","0","3","2","1","1","0","1","1","1","0","0","0","0","4","4","0","0","0","0","1","1","0","0","0","0","-2"
"169248","Central Michigan University","2015","On-tenure track, assistant professors","140","70","70","0","0","0","15","12","3","4","1","3","2","1","1","0","0","0","96","45","51","1","0","1","0","0","0","22","11","11","-2"
"169248","Central Michigan University","2015","On-tenure track, instructors","1","0","1","0","0","0","0","0","0","0","0","0","0","0","0","0","0","0","1","0","1","0","0","0","0","0","0","0","0","0","-2"
"169248","Central Michigan University","2015","On-tenure track, lecturers","1","1","0","0","0","0","0","0","0","0","0","0","0","0","0","0","0","0","1","1","0","0","0","0","0","0","0","0","0","0","-2"
"169248","Central Michigan University","2015","Not on tenure track/No tenure system system total","253","130","123","3","2","1","7","3","4","4","2","2","4","1","3","0","0","0","212","109","103","0","0","0","7","3","4","16","10","6","-2"
"169248","Central Michigan University","2015","Not on tenure/no tenure system, instructors","4","1","3","0","0","0","0","0","0","1","0","1","0","0","0","0","0","0","2","1","1","0","0","0","0","0","0","1","0","1","-2"
"169248","Central Michigan University","2015","Not on tenure/no tenure system, lecturers","245","127","118","2","1","1","7","3","4","3","2","1","4","1","3","0","0","0","207","107","100","0","0","0","7","3","4","15","10","5","-2"
"169248","Central Michigan University","2015","Not on tenure/no tenure system, no academic rank","4","2","2","1","1","0","0","0","0","0","0","0","0","0","0","0","0","0","3","1","2","0","0","0","0","0","0","0","0","0","-2"
"170976","University of Michigan-Ann Arbor","2015","Tenured total","2106","1483","623","11","8","3","278","205","73","89","53","36","84","50","34","3","1","2","1602","1136","466","20","15","5","11","9","2","8","6","2","-2"
"170976","University of Michigan-Ann Arbor","2015","Tenured, professors","1442","1069","373","6","5","1","169","133","36","56","32","24","50","29","21","3","1","2","1136","852","284","8","6","2","7","5","2","7","6","1","-2"
"170976","University of Michigan-Ann Arbor","2015","Tenured, associate professors","664","414","250","5","3","2","109","72","37","33","21","12","34","21","13","0","0","0","466","284","182","12","9","3","4","4","0","1","0","1","-2"
"170976","University of Michigan-Ann Arbor","2015","On-Tenure track total","638","353","285","1","1","0","135","81","54","30","17","13","32","18","14","0","0","0","366","191","175","8","5","3","16","8","8","50","32","18","-2"
"170976","University of Michigan-Ann Arbor","2015","On-tenure track, professors","3","3","0","0","0","0","1","1","0","0","0","0","0","0","0","0","0","0","2","2","0","0","0","0","0","0","0","0","0","0","-2"
"170976","University of Michigan-Ann Arbor","2015","On-tenure track, associate professors","20","12","8","0","0","0","5","3","2","1","1","0","1","0","1","0","0","0","11","6","5","0","0","0","0","0","0","2","2","0","-2"
"170976","University of Michigan-Ann Arbor","2015","On-tenure track, assistant professors","614","337","277","1","1","0","129","77","52","29","16","13","30","17","13","0","0","0","353","183","170","8","5","3","16","8","8","48","30","18","-2"
"170976","University of Michigan-Ann Arbor","2015","On-tenure track, instructors","1","1","0","0","0","0","0","0","0","0","0","0","1","1","0","0","0","0","0","0","0","0","0","0","0","0","0","0","0","0","-2"
"170976","University of Michigan-Ann Arbor","2015","Not on tenure track/No tenure system system total","3474","2030","1444","5","3","2","494","297","197","87","44","43","118","58","60","0","0","0","1854","1017","837","31","16","15","44","26","18","841","569","272","-2"
"170976","University of Michigan-Ann Arbor","2015","Not on tenure/no tenure system, professors","180","127","53","1","1","0","15","11","4","3","2","1","5","3","2","0","0","0","149","104","45","0","0","0","0","0","0","7","6","1","-2"
"170976","University of Michigan-Ann Arbor","2015","Not on tenure/no tenure system, associate professors","283","161","122","0","0","0","53","35","18","6","3","3","12","7","5","0","0","0","201","112","89","4","3","1","3","0","3","4","1","3","-2"
"170976","University of Michigan-Ann Arbor","2015","Not on tenure/no tenure system, assistant professors","691","404","287","1","0","1","125","75","50","29","12","17","24","16","8","0","0","0","429","249","180","9","2","7","14","11","3","60","39","21","-2"
"170976","University of Michigan-Ann Arbor","2015","Not on tenure/no tenure system, instructors","131","56","75","0","0","0","21","12","9","8","5","3","5","0","5","0","0","0","85","30","55","0","0","0","2","1","1","10","8","2","-2"
"170976","University of Michigan-Ann Arbor","2015","Not on tenure/no tenure system, lecturers","703","337","366","2","1","1","79","33","46","21","10","11","36","10","26","0","0","0","500","248","252","12","5","7","15","10","5","38","20","18","-2"
"170976","University of Michigan-Ann Arbor","2015","Not on tenure/no tenure system, no academic rank","1486","945","541","1","1","0","201","131","70","20","12","8","36","22","14","0","0","0","490","274","216","6","6","0","10","4","6","722","495","227","-2"
"171100","Michigan State University","2015","Tenured total","1442","986","456","12","10","2","194","130","64","53","35","18","52","33","19","2","2","0","1122","774","348","7","2","5","0","0","0","0","0","0","-2"
"171100","Michigan State University","2015","Tenured, professors","843","636","207","6","6","0","97","76","21","29","19","10","18","12","6","1","1","0","688","520","168","4","2","2","0","0","0","0","0","0","-2"
"171100","Michigan State University","2015","Tenured, associate professors","599","350","249","6","4","2","97","54","43","24","16","8","34","21","13","1","1","0","434","254","180","3","0","3","0","0","0","0","0","0","-2"
"171100","Michigan State University","2015","On-Tenure track total","369","197","172","2","0","2","51","33","18","25","7","18","36","17","19","1","0","1","210","109","101","4","3","1","0","0","0","40","28","12","-2"
"171100","Michigan State University","2015","On-tenure track, associate professors","14","10","4","0","0","0","2","1","1","1","1","0","1","1","0","0","0","0","9","6","3","1","1","0","0","0","0","0","0","0","-2"
"171100","Michigan State University","2015","On-tenure track, assistant professors","355","187","168","2","0","2","49","32","17","24","6","18","35","16","19","1","0","1","201","103","98","3","2","1","0","0","0","40","28","12","-2"
"171100","Michigan State University","2015","Not on tenure track/No tenure system system total","805","423","382","1","1","0","95","56","39","47","28","19","27","17","10","1","1","0","561","275","286","1","0","1","0","0","0","72","45","27","-2"
"171100","Michigan State University","2015","Not on tenure/no tenure system, professors","70","49","21","0","0","0","9","7","2","7","5","2","1","1","0","1","1","0","50","33","17","0","0","0","0","0","0","2","2","0","-2"
"171100","Michigan State University","2015","Not on tenure/no tenure system, associate professors","119","78","41","0","0","0","15","8","7","7","5","2","2","1","1","0","0","0","94","63","31","0","0","0","0","0","0","1","1","0","-2"
"171100","Michigan State University","2015","Not on tenure/no tenure system, assistant professors","427","227","200","0","0","0","62","38","24","29","16","13","22","15","7","0","0","0","265","128","137","1","0","1","0","0","0","48","30","18","-2"
"171100","Michigan State University","2015","Not on tenure/no tenure system, instructors","183","66","117","1","1","0","9","3","6","3","2","1","2","0","2","0","0","0","147","48","99","0","0","0","0","0","0","21","12","9","-2"
"171100","Michigan State University","2015","Not on tenure/no tenure system, lecturers","6","3","3","0","0","0","0","0","0","1","0","1","0","0","0","0","0","0","5","3","2","0","0","0","0","0","0","0","0","0","-2"
"171128","Michigan Technological University","2015","Tenured total","235","180","55","0","0","0","38","35","3","3","1","2","4","2","2","0","0","0","160","117","43","1","1","0","27","22","5","2","2","0","-2"
"171128","Michigan Technological University","2015","Tenured, professors","109","85","24","0","0","0","17","16","1","1","0","1","2","1","1","0","0","0","80","59","21","0","0","0","9","9","0","0","0","0","-2"
"171128","Michigan Technological University","2015","Tenured, associate professors","125","94","31","0","0","0","21","19","2","2","1","1","2","1","1","0","0","0","79","57","22","1","1","0","18","13","5","2","2","0","-2"
"171128","Michigan Technological University","2015","Tenured, assistant professors","1","1","0","0","0","0","0","0","0","0","0","0","0","0","0","0","0","0","1","1","0","0","0","0","0","0","0","0","0","0","-2"
"171128","Michigan Technological University","2015","On-Tenure track total","101","68","33","0","0","0","22","15","7","1","1","0","6","5","1","0","0","0","44","26","18","0","0","0","10","8","2","18","13","5","-2"
"171128","Michigan Technological University","2015","On-tenure track, associate professors","2","2","0","0","0","0","1","1","0","0","0","0","0","0","0","0","0","0","1","1","0","0","0","0","0","0","0","0","0","0","-2"
"171128","Michigan Technological University","2015","On-tenure track, assistant professors","99","66","33","0","0","0","21","14","7","1","1","0","6","5","1","0","0","0","43","25","18","0","0","0","10","8","2","18","13","5","-2"
"171128","Michigan Technological University","2015","Not on tenure track/No tenure system system total","73","41","32","0","0","0","3","2","1","0","0","0","1","0","1","0","0","0","60","33","27","0","0","0","2","1","1","7","5","2","-2"
"171128","Michigan Technological University","2015","Not on tenure/no tenure system, instructors","19","13","6","0","0","0","0","0","0","0","0","0","0","0","0","0","0","0","17","11","6","0","0","0","1","1","0","1","1","0","-2"
"171128","Michigan Technological University","2015","Not on tenure/no tenure system, lecturers","54","28","26","0","0","0","3","2","1","0","0","0","1","0","1","0","0","0","43","22","21","0","0","0","1","0","1","6","4","2","-2"
"174066","University of Minnesota-Twin Cities","2015","Tenured total","1743","1179","564","6","2","4","233","171","62","39","21","18","38","23","15","1","1","0","1395","939","456","16","10","6","7","5","2","8","7","1","-2"
"174066","University of Minnesota-Twin Cities","2015","Tenured, professors","1104","804","300","3","1","2","122","100","22","18","12","6","20","15","5","0","0","0","927","666","261","5","2","3","4","3","1","5","5","0","-2"
"174066","University of Minnesota-Twin Cities","2015","Tenured, associate professors","636","374","262","3","1","2","111","71","40","21","9","12","18","8","10","1","1","0","465","272","193","11","8","3","3","2","1","3","2","1","-2"
"174066","University of Minnesota-Twin Cities","2015","Tenured, assistant professors","3","1","2","0","0","0","0","0","0","0","0","0","0","0","0","0","0","0","3","1","2","0","0","0","0","0","0","0","0","0","-2"
"174066","University of Minnesota-Twin Cities","2015","On-Tenure track total","448","255","193","5","2","3","43","26","17","13","6","7","22","13","9","0","0","0","242","127","115","11","6","5","32","21","11","80","54","26","-2"
"174066","University of Minnesota-Twin Cities","2015","On-tenure track, associate professors","27","13","14","0","0","0","3","1","2","2","2","0","3","1","2","0","0","0","15","6","9","1","1","0","1","0","1","2","2","0","-2"
"174066","University of Minnesota-Twin Cities","2015","On-tenure track, assistant professors","421","242","179","5","2","3","40","25","15","11","4","7","19","12","7","0","0","0","227","121","106","10","5","5","31","21","10","78","52","26","-2"
"174066","University of Minnesota-Twin Cities","2015","Not on tenure track/No tenure system system total","905","481","424","2","0","2","115","70","45","15","8","7","35","23","12","2","2","0","648","323","325","8","4","4","26","17","9","54","34","20","-2"
"174066","University of Minnesota-Twin Cities","2015","Not on tenure/no tenure system, professors","72","49","23","0","0","0","8","7","1","0","0","0","1","1","0","0","0","0","59","37","22","0","0","0","3","3","0","1","1","0","-2"
"174066","University of Minnesota-Twin Cities","2015","Not on tenure/no tenure system, associate professors","187","120","67","0","0","0","23","18","5","4","4","0","7","4","3","1","1","0","147","89","58","1","1","0","1","1","0","3","2","1","-2"
"174066","University of Minnesota-Twin Cities","2015","Not on tenure/no tenure system, assistant professors","603","293","310","2","0","2","83","45","38","10","3","7","25","16","9","1","1","0","413","188","225","6","3","3","16","9","7","47","28","19","-2"
"174066","University of Minnesota-Twin Cities","2015","Not on tenure/no tenure system, instructors","42","18","24","0","0","0","1","0","1","1","1","0","2","2","0","0","0","0","28","8","20","1","0","1","6","4","2","3","3","0","-2"
"174066","University of Minnesota-Twin Cities","2015","Not on tenure/no tenure system, no academic rank","1","1","0","0","0","0","0","0","0","0","0","0","0","0","0","0","0","0","1","1","0","0","0","0","0","0","0","0","0","0","-2"
"174783","Saint Cloud State University","2015","Tenured total","299","177","122","4","1","3","41","25","16","15","13","2","10","6","4","0","0","0","219","127","92","1","0","1","7","3","4","2","2","0","-2"
"174783","Saint Cloud State University","2015","Tenured, professors","187","115","72","2","1","1","25","18","7","10","9","1","8","5","3","0","0","0","136","79","57","0","0","0","5","2","3","1","1","0","-2"
"174783","Saint Cloud State University","2015","Tenured, associate professors","103","56","47","2","0","2","16","7","9","5","4","1","1","1","0","0","0","0","75","42","33","1","0","1","2","1","1","1","1","0","-2"
"174783","Saint Cloud State University","2015","Tenured, assistant professors","9","6","3","0","0","0","0","0","0","0","0","0","1","0","1","0","0","0","8","6","2","0","0","0","0","0","0","0","0","0","-2"
"174783","Saint Cloud State University","2015","On-Tenure track total","50","31","19","0","0","0","5","3","2","1","1","0","2","2","0","0","0","0","39","22","17","0","0","0","0","0","0","3","3","0","-2"
"174783","Saint Cloud State University","2015","On-tenure track, associate professors","7","3","4","0","0","0","3","2","1","0","0","0","0","0","0","0","0","0","4","1","3","0","0","0","0","0","0","0","0","0","-2"
"174783","Saint Cloud State University","2015","On-tenure track, assistant professors","43","28","15","0","0","0","2","1","1","1","1","0","2","2","0","0","0","0","35","21","14","0","0","0","0","0","0","3","3","0","-2"
"174783","Saint Cloud State University","2015","Not on tenure track/No tenure system system total","76","34","42","0","0","0","8","5","3","2","1","1","0","0","0","1","0","1","64","27","37","0","0","0","0","0","0","1","1","0","-2"
"174783","Saint Cloud State University","2015","Not on tenure/no tenure system, professors","1","1","0","0","0","0","0","0","0","0","0","0","0","0","0","0","0","0","1","1","0","0","0","0","0","0","0","0","0","0","-2"
"174783","Saint Cloud State University","2015","Not on tenure/no tenure system, associate professors","7","3","4","0","0","0","0","0","0","0","0","0","0","0","0","0","0","0","7","3","4","0","0","0","0","0","0","0","0","0","-2"
"174783","Saint Cloud State University","2015","Not on tenure/no tenure system, assistant professors","55","25","30","0","0","0","6","3","3","2","1","1","0","0","0","1","0","1","45","20","25","0","0","0","0","0","0","1","1","0","-2"
"174783","Saint Cloud State University","2015","Not on tenure/no tenure system, instructors","13","5","8","0","0","0","2","2","0","0","0","0","0","0","0","0","0","0","11","3","8","0","0","0","0","0","0","0","0","0","-2"
"175856","Jackson State University","2015","Tenured total","186","121","65","1","1","0","33","29","4","103","55","48","1","1","0","0","0","0","37","25","12","0","0","0","0","0","0","11","10","1","-2"
"175856","Jackson State University","2015","Tenured, professors","80","59","21","1","1","0","16","14","2","41","28","13","1","1","0","0","0","0","19","13","6","0","0","0","0","0","0","2","2","0","-2"
"175856","Jackson State University","2015","Tenured, associate professors","96","55","41","0","0","0","16","14","2","55","23","32","0","0","0","0","0","0","18","12","6","0","0","0","0","0","0","7","6","1","-2"
"175856","Jackson State University","2015","Tenured, assistant professors","10","7","3","0","0","0","1","1","0","7","4","3","0","0","0","0","0","0","0","0","0","0","0","0","0","0","0","2","2","0","-2"
"175856","Jackson State University","2015","On-Tenure track total","68","30","38","0","0","0","1","1","0","43","14","29","0","0","0","0","0","0","10","7","3","1","1","0","0","0","0","13","7","6","-2"
"175856","Jackson State University","2015","On-tenure track, professors","1","1","0","0","0","0","0","0","0","1","1","0","0","0","0","0","0","0","0","0","0","0","0","0","0","0","0","0","0","0","-2"
"175856","Jackson State University","2015","On-tenure track, associate professors","10","8","2","0","0","0","0","0","0","7","5","2","0","0","0","0","0","0","2","2","0","0","0","0","0","0","0","1","1","0","-2"
"175856","Jackson State University","2015","On-tenure track, assistant professors","57","21","36","0","0","0","1","1","0","35","8","27","0","0","0","0","0","0","8","5","3","1","1","0","0","0","0","12","6","6","-2"
"175856","Jackson State University","2015","Not on tenure track/No tenure system system total","133","57","76","0","0","0","7","4","3","102","39","63","3","1","2","0","0","0","17","10","7","0","0","0","0","0","0","4","3","1","-2"
"175856","Jackson State University","2015","Not on tenure/no tenure system, professors","5","3","2","0","0","0","1","1","0","2","0","2","0","0","0","0","0","0","2","2","0","0","0","0","0","0","0","0","0","0","-2"
"175856","Jackson State University","2015","Not on tenure/no tenure system, associate professors","4","3","1","0","0","0","0","0","0","4","3","1","0","0","0","0","0","0","0","0","0","0","0","0","0","0","0","0","0","0","-2"
"175856","Jackson State University","2015","Not on tenure/no tenure system, assistant professors","45","22","23","0","0","0","4","3","1","32","12","20","1","1","0","0","0","0","5","4","1","0","0","0","0","0","0","3","2","1","-2"
"175856","Jackson State University","2015","Not on tenure/no tenure system, instructors","78","28","50","0","0","0","2","0","2","63","23","40","2","0","2","0","0","0","10","4","6","0","0","0","0","0","0","1","1","0","-2"
"175856","Jackson State University","2015","Not on tenure/no tenure system, lecturers","1","1","0","0","0","0","0","0","0","1","1","0","0","0","0","0","0","0","0","0","0","0","0","0","0","0","0","0","0","0","-2"
"176017","University of Mississippi","2015","Tenured total","637","416","221","1","1","0","47","36","11","42","18","24","9","8","1","1","0","1","515","336","179","18","15","3","0","0","0","4","2","2","-2"
"176017","University of Mississippi","2015","Tenured, professors","340","237","103","1","1","0","27","23","4","19","8","11","3","3","0","0","0","0","281","193","88","8","8","0","0","0","0","1","1","0","-2"
"176017","University of Mississippi","2015","Tenured, associate professors","289","175","114","0","0","0","17","10","7","23","10","13","6","5","1","1","0","1","229","142","87","10","7","3","0","0","0","3","1","2","-2"
"176017","University of Mississippi","2015","Tenured, assistant professors","8","4","4","0","0","0","3","3","0","0","0","0","0","0","0","0","0","0","5","1","4","0","0","0","0","0","0","0","0","0","-2"
"176017","University of Mississippi","2015","On-Tenure track total","339","205","134","0","0","0","21","13","8","21","6","15","10","7","3","0","0","0","237","144","93","3","3","0","3","2","1","44","30","14","-2"
"176017","University of Mississippi","2015","On-tenure track, professors","28","19","9","0","0","0","2","1","1","1","1","0","1","1","0","0","0","0","23","16","7","0","0","0","1","0","1","0","0","0","-2"
"176017","University of Mississippi","2015","On-tenure track, associate professors","49","36","13","0","0","0","6","4","2","4","2","2","3","2","1","0","0","0","34","27","7","0","0","0","1","1","0","1","0","1","-2"
"176017","University of Mississippi","2015","On-tenure track, assistant professors","262","150","112","0","0","0","13","8","5","16","3","13","6","4","2","0","0","0","180","101","79","3","3","0","1","1","0","43","30","13","-2"
"176017","University of Mississippi","2015","Not on tenure track/No tenure system system total","813","382","431","3","3","0","65","33","32","62","19","43","31","11","20","0","0","0","584","273","311","6","3","3","4","3","1","58","37","21","-2"
"176017","University of Mississippi","2015","Not on tenure/no tenure system, professors","53","42","11","1","1","0","4","3","1","1","0","1","1","1","0","0","0","0","43","34","9","2","2","0","0","0","0","1","1","0","-2"
"176017","University of Mississippi","2015","Not on tenure/no tenure system, associate professors","115","70","45","0","0","0","16","11","5","14","6","8","3","1","2","0","0","0","82","52","30","0","0","0","0","0","0","0","0","0","-2"
"176017","University of Mississippi","2015","Not on tenure/no tenure system, assistant professors","339","169","170","1","1","0","35","17","18","30","7","23","13","7","6","0","0","0","221","108","113","1","0","1","3","2","1","35","27","8","-2"
"176017","University of Mississippi","2015","Not on tenure/no tenure system, instructors","270","88","182","1","1","0","10","2","8","15","5","10","10","2","8","0","0","0","210","68","142","2","1","1","1","1","0","21","8","13","-2"
"176017","University of Mississippi","2015","Not on tenure/no tenure system, lecturers","36","13","23","0","0","0","0","0","0","2","1","1","4","0","4","0","0","0","28","11","17","1","0","1","0","0","0","1","1","0","-2"
"176044","Mississippi Valley State University","2015","Tenured total","61","33","28","0","0","0","12","9","3","40","20","20","0","0","0","0","0","0","9","4","5","0","0","0","0","0","0","0","0","0","-2"
"176044","Mississippi Valley State University","2015","Tenured, professors","14","10","4","0","0","0","6","4","2","5","4","1","0","0","0","0","0","0","3","2","1","0","0","0","0","0","0","0","0","0","-2"
"176044","Mississippi Valley State University","2015","Tenured, associate professors","27","17","10","0","0","0","5","4","1","16","11","5","0","0","0","0","0","0","6","2","4","0","0","0","0","0","0","0","0","0","-2"
"176044","Mississippi Valley State University","2015","Tenured, assistant professors","20","6","14","0","0","0","1","1","0","19","5","14","0","0","0","0","0","0","0","0","0","0","0","0","0","0","0","0","0","0","-2"
"176044","Mississippi Valley State University","2015","On-Tenure track total","30","16","14","0","0","0","3","3","0","18","7","11","0","0","0","0","0","0","9","6","3","0","0","0","0","0","0","0","0","0","-2"
"176044","Mississippi Valley State University","2015","On-tenure track, associate professors","4","1","3","0","0","0","0","0","0","3","1","2","0","0","0","0","0","0","1","0","1","0","0","0","0","0","0","0","0","0","-2"
"176044","Mississippi Valley State University","2015","On-tenure track, assistant professors","26","15","11","0","0","0","3","3","0","15","6","9","0","0","0","0","0","0","8","6","2","0","0","0","0","0","0","0","0","0","-2"
"176044","Mississippi Valley State University","2015","Not on tenure track/No tenure system system total","27","12","15","0","0","0","1","1","0","24","10","14","0","0","0","0","0","0","2","1","1","0","0","0","0","0","0","0","0","0","-2"
"176044","Mississippi Valley State University","2015","Not on tenure/no tenure system, instructors","27","12","15","0","0","0","1","1","0","24","10","14","0","0","0","0","0","0","2","1","1","0","0","0","0","0","0","0","0","0","-2"
"176080","Mississippi State University","2015","Tenured total","470","347","123","0","0","0","48","39","9","19","7","12","7","7","0","0","0","0","391","292","99","4","1","3","0","0","0","1","1","0","-2"
"176080","Mississippi State University","2015","Tenured, professors","234","185","49","0","0","0","24","20","4","9","3","6","3","3","0","0","0","0","198","159","39","0","0","0","0","0","0","0","0","0","-2"
"176080","Mississippi State University","2015","Tenured, associate professors","236","162","74","0","0","0","24","19","5","10","4","6","4","4","0","0","0","0","193","133","60","4","1","3","0","0","0","1","1","0","-2"
"176080","Mississippi State University","2015","On-Tenure track total","278","159","119","1","0","1","27","22","5","21","5","16","7","2","5","0","0","0","188","111","77","4","1","3","0","0","0","30","18","12","-2"
"176080","Mississippi State University","2015","On-tenure track, professors","2","2","0","0","0","0","0","0","0","0","0","0","0","0","0","0","0","0","2","2","0","0","0","0","0","0","0","0","0","0","-2"
"176080","Mississippi State University","2015","On-tenure track, associate professors","13","11","2","0","0","0","3","3","0","1","0","1","0","0","0","0","0","0","6","5","1","0","0","0","0","0","0","3","3","0","-2"
"176080","Mississippi State University","2015","On-tenure track, assistant professors","263","146","117","1","0","1","24","19","5","20","5","15","7","2","5","0","0","0","180","104","76","4","1","3","0","0","0","27","15","12","-2"
"176080","Mississippi State University","2015","Not on tenure track/No tenure system system total","208","77","131","2","1","1","6","2","4","12","4","8","2","0","2","1","0","1","179","65","114","1","1","0","0","0","0","5","4","1","-2"
"176080","Mississippi State University","2015","Not on tenure/no tenure system, assistant professors","13","6","7","0","0","0","3","1","2","2","0","2","0","0","0","0","0","0","5","3","2","0","0","0","0","0","0","3","2","1","-2"
"176080","Mississippi State University","2015","Not on tenure/no tenure system, instructors","140","49","91","1","1","0","3","1","2","8","3","5","2","0","2","1","0","1","123","42","81","1","1","0","0","0","0","1","1","0","-2"
"176080","Mississippi State University","2015","Not on tenure/no tenure system, lecturers","55","22","33","1","0","1","0","0","0","2","1","1","0","0","0","0","0","0","51","20","31","0","0","0","0","0","0","1","1","0","-2"
"178396","University of Missouri-Columbia","2015","Tenured total","736","517","219","2","2","0","114","93","21","20","13","7","23","13","10","1","1","0","564","387","177","3","2","1","7","5","2","2","1","1","-2"
"178396","University of Missouri-Columbia","2015","Tenured, professors","401","306","95","0","0","0","74","65","9","8","4","4","8","5","3","0","0","0","306","227","79","2","2","0","3","3","0","0","0","0","-2"
"178396","University of Missouri-Columbia","2015","Tenured, associate professors","335","211","124","2","2","0","40","28","12","12","9","3","15","8","7","1","1","0","258","160","98","1","0","1","4","2","2","2","1","1","-2"
"178396","University of Missouri-Columbia","2015","On-Tenure track total","237","132","105","0","0","0","28","19","9","14","7","7","16","10","6","0","0","0","145","76","69","0","0","0","1","0","1","33","20","13","-2"
"178396","University of Missouri-Columbia","2015","On-tenure track, professors","2","2","0","0","0","0","0","0","0","1","1","0","0","0","0","0","0","0","1","1","0","0","0","0","0","0","0","0","0","0","-2"
"178396","University of Missouri-Columbia","2015","On-tenure track, associate professors","10","7","3","0","0","0","0","0","0","0","0","0","2","2","0","0","0","0","5","3","2","0","0","0","0","0","0","3","2","1","-2"
"178396","University of Missouri-Columbia","2015","On-tenure track, assistant professors","225","123","102","0","0","0","28","19","9","13","6","7","14","8","6","0","0","0","139","72","67","0","0","0","1","0","1","30","18","12","-2"
"178396","University of Missouri-Columbia","2015","Not on tenure track/No tenure system system total","875","442","433","1","0","1","68","35","33","25","10","15","25","9","16","1","0","1","658","319","339","7","4","3","6","6","0","84","59","25","-2"
"178396","University of Missouri-Columbia","2015","Not on tenure/no tenure system, professors","61","37","24","0","0","0","2","2","0","2","2","0","1","0","1","0","0","0","56","33","23","0","0","0","0","0","0","0","0","0","-2"
"178396","University of Missouri-Columbia","2015","Not on tenure/no tenure system, associate professors","194","107","87","0","0","0","23","12","11","1","0","1","6","3","3","0","0","0","162","91","71","0","0","0","0","0","0","2","1","1","-2"
"178396","University of Missouri-Columbia","2015","Not on tenure/no tenure system, assistant professors","410","213","197","0","0","0","31","15","16","16","8","8","13","4","9","1","0","1","300","149","151","3","3","0","2","2","0","44","32","12","-2"
"178396","University of Missouri-Columbia","2015","Not on tenure/no tenure system, instructors","108","33","75","0","0","0","3","2","1","3","0","3","3","2","1","0","0","0","94","26","68","0","0","0","1","1","0","4","2","2","-2"
"178396","University of Missouri-Columbia","2015","Not on tenure/no tenure system, lecturers","18","3","15","1","0","1","2","0","2","0","0","0","0","0","0","0","0","0","12","2","10","2","0","2","1","1","0","0","0","0","-2"
"178396","University of Missouri-Columbia","2015","Not on tenure/no tenure system, no academic rank","84","49","35","0","0","0","7","4","3","3","0","3","2","0","2","0","0","0","34","18","16","2","1","1","2","2","0","34","24","10","-2"
"178411","Missouri University of Science and Technology","2015","Tenured total","222","180","42","0","0","0","47","39","8","5","4","1","5","5","0","0","0","0","153","123","30","2","2","0","0","0","0","10","7","3","-2"
"178411","Missouri University of Science and Technology","2015","Tenured, professors","121","106","15","0","0","0","30","27","3","3","2","1","1","1","0","0","0","0","82","71","11","0","0","0","0","0","0","5","5","0","-2"
"178411","Missouri University of Science and Technology","2015","Tenured, associate professors","101","74","27","0","0","0","17","12","5","2","2","0","4","4","0","0","0","0","71","52","19","2","2","0","0","0","0","5","2","3","-2"
"178411","Missouri University of Science and Technology","2015","On-Tenure track total","79","56","23","0","0","0","17","11","6","0","0","0","0","0","0","0","0","0","30","19","11","0","0","0","2","2","0","30","24","6","-2"
"178411","Missouri University of Science and Technology","2015","On-tenure track, associate professors","2","2","0","0","0","0","0","0","0","0","0","0","0","0","0","0","0","0","1","1","0","0","0","0","1","1","0","0","0","0","-2"
"178411","Missouri University of Science and Technology","2015","On-tenure track, assistant professors","77","54","23","0","0","0","17","11","6","0","0","0","0","0","0","0","0","0","29","18","11","0","0","0","1","1","0","30","24","6","-2"
"178411","Missouri University of Science and Technology","2015","Not on tenure track/No tenure system system total","75","42","33","1","0","1","4","2","2","2","1","1","1","1","0","0","0","0","48","21","27","0","0","0","1","1","0","18","16","2","-2"
"178411","Missouri University of Science and Technology","2015","Not on tenure/no tenure system, professors","2","2","0","0","0","0","0","0","0","0","0","0","0","0","0","0","0","0","1","1","0","0","0","0","0","0","0","1","1","0","-2"
"178411","Missouri University of Science and Technology","2015","Not on tenure/no tenure system, associate professors","20","10","10","0","0","0","3","2","1","0","0","0","0","0","0","0","0","0","14","5","9","0","0","0","1","1","0","2","2","0","-2"
"178411","Missouri University of Science and Technology","2015","Not on tenure/no tenure system, assistant professors","36","16","20","0","0","0","1","0","1","2","1","1","1","1","0","0","0","0","24","8","16","0","0","0","0","0","0","8","6","2","-2"
"178411","Missouri University of Science and Technology","2015","Not on tenure/no tenure system, lecturers","9","6","3","1","0","1","0","0","0","0","0","0","0","0","0","0","0","0","8","6","2","0","0","0","0","0","0","0","0","0","-2"
"178411","Missouri University of Science and Technology","2015","Not on tenure/no tenure system, no academic rank","8","8","0","0","0","0","0","0","0","0","0","0","0","0","0","0","0","0","1","1","0","0","0","0","0","0","0","7","7","0","-2"
"179159","Saint Louis University","2015","Tenured total","483","333","150","0","0","0","45","34","11","14","10","4","18","10","8","0","0","0","387","263","124","5","4","1","4","4","0","10","8","2","-2"
"179159","Saint Louis University","2015","Tenured, professors","269","206","63","0","0","0","25","20","5","3","3","0","7","5","2","0","0","0","227","171","56","3","3","0","2","2","0","2","2","0","-2"
"179159","Saint Louis University","2015","Tenured, associate professors","212","126","86","0","0","0","20","14","6","11","7","4","11","5","6","0","0","0","158","91","67","2","1","1","2","2","0","8","6","2","-2"
"179159","Saint Louis University","2015","Tenured, assistant professors","2","1","1","0","0","0","0","0","0","0","0","0","0","0","0","0","0","0","2","1","1","0","0","0","0","0","0","0","0","0","-2"
"179159","Saint Louis University","2015","On-Tenure track total","220","115","105","0","0","0","32","22","10","14","5","9","7","3","4","0","0","0","140","68","72","6","3","3","2","1","1","19","13","6","-2"
"179159","Saint Louis University","2015","On-tenure track, professors","6","6","0","0","0","0","1","1","0","0","0","0","0","0","0","0","0","0","5","5","0","0","0","0","0","0","0","0","0","0","-2"
"179159","Saint Louis University","2015","On-tenure track, associate professors","18","9","9","0","0","0","5","4","1","2","0","2","0","0","0","0","0","0","10","4","6","1","1","0","0","0","0","0","0","0","-2"
"179159","Saint Louis University","2015","On-tenure track, assistant professors","192","100","92","0","0","0","26","17","9","12","5","7","7","3","4","0","0","0","122","59","63","5","2","3","1","1","0","19","13","6","-2"
"179159","Saint Louis University","2015","On-tenure track, instructors","4","0","4","0","0","0","0","0","0","0","0","0","0","0","0","0","0","0","3","0","3","0","0","0","1","0","1","0","0","0","-2"
"179159","Saint Louis University","2015","Not on tenure track/No tenure system system total","738","359","379","0","0","0","101","57","44","28","11","17","15","7","8","0","0","0","500","230","270","12","4","8","12","7","5","70","43","27","-2"
"179159","Saint Louis University","2015","Not on tenure/no tenure system, professors","73","45","28","0","0","0","7","3","4","2","0","2","0","0","0","0","0","0","62","40","22","1","1","0","1","1","0","0","0","0","-2"
"179159","Saint Louis University","2015","Not on tenure/no tenure system, associate professors","155","84","71","0","0","0","29","17","12","2","2","0","2","0","2","0","0","0","112","58","54","0","0","0","4","2","2","6","5","1","-2"
"179159","Saint Louis University","2015","Not on tenure/no tenure system, assistant professors","315","144","171","0","0","0","48","25","23","11","6","5","9","5","4","0","0","0","215","91","124","8","1","7","5","2","3","19","14","5","-2"
"179159","Saint Louis University","2015","Not on tenure/no tenure system, instructors","125","48","77","0","0","0","11","7","4","11","1","10","2","1","1","0","0","0","91","32","59","2","2","0","1","1","0","7","4","3","-2"
"179159","Saint Louis University","2015","Not on tenure/no tenure system, no academic rank","70","38","32","0","0","0","6","5","1","2","2","0","2","1","1","0","0","0","20","9","11","1","0","1","1","1","0","38","20","18","-2"
"179867","Washington University in St Louis","2015","Tenured total","934","713","221","1","1","0","108","82","26","26","11","15","19","17","2","0","0","0","777","599","178","3","3","0","0","0","0","0","0","0","-2"
"179867","Washington University in St Louis","2015","Tenured, professors","653","523","130","1","1","0","51","44","7","15","7","8","11","10","1","0","0","0","572","458","114","3","3","0","0","0","0","0","0","0","-2"
"179867","Washington University in St Louis","2015","Tenured, associate professors","279","189","90","0","0","0","57","38","19","11","4","7","8","7","1","0","0","0","203","140","63","0","0","0","0","0","0","0","0","0","-2"
"179867","Washington University in St Louis","2015","Tenured, no academic rank","2","1","1","0","0","0","0","0","0","0","0","0","0","0","0","0","0","0","2","1","1","0","0","0","0","0","0","0","0","0","-2"
"179867","Washington University in St Louis","2015","On-Tenure track total","355","225","130","1","1","0","80","52","28","23","9","14","19","14","5","1","0","1","228","147","81","3","2","1","0","0","0","0","0","0","-2"
"179867","Washington University in St Louis","2015","On-tenure track, associate professors","19","12","7","0","0","0","3","1","2","0","0","0","2","1","1","0","0","0","13","9","4","1","1","0","0","0","0","0","0","0","-2"
"179867","Washington University in St Louis","2015","On-tenure track, assistant professors","336","213","123","1","1","0","77","51","26","23","9","14","17","13","4","1","0","1","215","138","77","2","1","1","0","0","0","0","0","0","-2"
"179867","Washington University in St Louis","2015","Not on tenure track/No tenure system system total","268","126","142","0","0","0","39","15","24","5","3","2","13","3","10","0","0","0","202","99","103","2","0","2","0","0","0","7","6","1","-2"
"179867","Washington University in St Louis","2015","Not on tenure/no tenure system, professors","37","26","11","0","0","0","1","1","0","1","1","0","1","0","1","0","0","0","30","20","10","0","0","0","0","0","0","4","4","0","-2"
"179867","Washington University in St Louis","2015","Not on tenure/no tenure system, associate professors","3","2","1","0","0","0","0","0","0","0","0","0","0","0","0","0","0","0","3","2","1","0","0","0","0","0","0","0","0","0","-2"
"179867","Washington University in St Louis","2015","Not on tenure/no tenure system, assistant professors","10","6","4","0","0","0","3","2","1","0","0","0","0","0","0","0","0","0","6","3","3","0","0","0","0","0","0","1","1","0","-2"
"179867","Washington University in St Louis","2015","Not on tenure/no tenure system, instructors","28","15","13","0","0","0","8","4","4","0","0","0","1","0","1","0","0","0","19","11","8","0","0","0","0","0","0","0","0","0","-2"
"179867","Washington University in St Louis","2015","Not on tenure/no tenure system, lecturers","174","71","103","0","0","0","25","8","17","4","2","2","10","2","8","0","0","0","131","58","73","2","0","2","0","0","0","2","1","1","-2"
"179867","Washington University in St Louis","2015","Not on tenure/no tenure system, no academic rank","16","6","10","0","0","0","2","0","2","0","0","0","1","1","0","0","0","0","13","5","8","0","0","0","0","0","0","0","0","0","-2"
"180461","Montana State University","2015","Tenured total","319","217","102","0","0","0","13","9","4","0","0","0","0","0","0","0","0","0","297","201","96","3","3","0","5","4","1","1","0","1","-2"
"180461","Montana State University","2015","Tenured, professors","167","130","37","0","0","0","4","3","1","0","0","0","0","0","0","0","0","0","159","123","36","3","3","0","1","1","0","0","0","0","-2"
"180461","Montana State University","2015","Tenured, associate professors","148","85","63","0","0","0","9","6","3","0","0","0","0","0","0","0","0","0","134","76","58","0","0","0","4","3","1","1","0","1","-2"
"180461","Montana State University","2015","Tenured, assistant professors","1","0","1","0","0","0","0","0","0","0","0","0","0","0","0","0","0","0","1","0","1","0","0","0","0","0","0","0","0","0","-2"
"180461","Montana State University","2015","Tenured, instructors","3","2","1","0","0","0","0","0","0","0","0","0","0","0","0","0","0","0","3","2","1","0","0","0","0","0","0","0","0","0","-2"
"180461","Montana State University","2015","On-Tenure track total","167","77","90","1","0","1","6","0","6","1","1","0","5","3","2","0","0","0","122","55","67","4","2","2","15","10","5","13","6","7","-2"
"180461","Montana State University","2015","On-tenure track, professors","4","3","1","0","0","0","0","0","0","0","0","0","0","0","0","0","0","0","3","2","1","0","0","0","1","1","0","0","0","0","-2"
"180461","Montana State University","2015","On-tenure track, associate professors","4","1","3","0","0","0","0","0","0","0","0","0","1","0","1","0","0","0","3","1","2","0","0","0","0","0","0","0","0","0","-2"
"180461","Montana State University","2015","On-tenure track, assistant professors","149","69","80","1","0","1","6","0","6","1","1","0","4","3","1","0","0","0","106","48","58","4","2","2","14","9","5","13","6","7","-2"
"180461","Montana State University","2015","On-tenure track, instructors","8","4","4","0","0","0","0","0","0","0","0","0","0","0","0","0","0","0","8","4","4","0","0","0","0","0","0","0","0","0","-2"
"180461","Montana State University","2015","On-tenure track, no academic rank","2","0","2","0","0","0","0","0","0","0","0","0","0","0","0","0","0","0","2","0","2","0","0","0","0","0","0","0","0","0","-2"
"180461","Montana State University","2015","Not on tenure track/No tenure system system total","95","43","52","0","0","0","0","0","0","0","0","0","0","0","0","0","0","0","89","38","51","3","3","0","3","2","1","0","0","0","-2"
"180461","Montana State University","2015","Not on tenure/no tenure system, instructors","27","12","15","0","0","0","0","0","0","0","0","0","0","0","0","0","0","0","26","11","15","1","1","0","0","0","0","0","0","0","-2"
"180461","Montana State University","2015","Not on tenure/no tenure system, no academic rank","68","31","37","0","0","0","0","0","0","0","0","0","0","0","0","0","0","0","63","27","36","2","2","0","3","2","1","0","0","0","-2"
"181002","Creighton University","2015","Tenured total","364","247","117","0","0","0","31","27","4","9","4","5","8","4","4","0","0","0","310","208","102","0","0","0","1","0","1","5","4","1","-2"
"181002","Creighton University","2015","Tenured, professors","167","124","43","0","0","0","22","20","2","3","0","3","2","2","0","0","0","0","138","102","36","0","0","0","1","0","1","1","0","1","-2"
"181002","Creighton University","2015","Tenured, associate professors","172","108","64","0","0","0","9","7","2","5","3","2","6","2","4","0","0","0","148","92","56","0","0","0","0","0","0","4","4","0","-2"
"181002","Creighton University","2015","Tenured, assistant professors","25","15","10","0","0","0","0","0","0","1","1","0","0","0","0","0","0","0","24","14","10","0","0","0","0","0","0","0","0","0","-2"
"181002","Creighton University","2015","On-Tenure track total","104","54","50","1","0","1","5","3","2","2","0","2","4","3","1","0","0","0","81","41","40","1","1","0","2","1","1","8","5","3","-2"
"181002","Creighton University","2015","On-tenure track, professors","4","2","2","0","0","0","0","0","0","0","0","0","0","0","0","0","0","0","3","1","2","1","1","0","0","0","0","0","0","0","-2"
"181002","Creighton University","2015","On-tenure track, associate professors","12","5","7","0","0","0","0","0","0","0","0","0","0","0","0","0","0","0","10","5","5","0","0","0","0","0","0","2","0","2","-2"
"181002","Creighton University","2015","On-tenure track, assistant professors","88","47","41","1","0","1","5","3","2","2","0","2","4","3","1","0","0","0","68","35","33","0","0","0","2","1","1","6","5","1","-2"
"181002","Creighton University","2015","Not on tenure track/No tenure system system total","159","61","98","1","1","0","7","3","4","5","3","2","1","1","0","0","0","0","140","49","91","0","0","0","1","0","1","4","4","0","-2"
"181002","Creighton University","2015","Not on tenure/no tenure system, professors","3","3","0","0","0","0","0","0","0","0","0","0","0","0","0","0","0","0","3","3","0","0","0","0","0","0","0","0","0","0","-2"
"181002","Creighton University","2015","Not on tenure/no tenure system, associate professors","24","10","14","0","0","0","1","0","1","0","0","0","1","1","0","0","0","0","22","9","13","0","0","0","0","0","0","0","0","0","-2"
"181002","Creighton University","2015","Not on tenure/no tenure system, assistant professors","97","34","63","0","0","0","4","3","1","3","2","1","0","0","0","0","0","0","88","27","61","0","0","0","0","0","0","2","2","0","-2"
"181002","Creighton University","2015","Not on tenure/no tenure system, instructors","34","13","21","1","1","0","2","0","2","1","0","1","0","0","0","0","0","0","27","10","17","0","0","0","1","0","1","2","2","0","-2"
"181002","Creighton University","2015","Not on tenure/no tenure system, no academic rank","1","1","0","0","0","0","0","0","0","1","1","0","0","0","0","0","0","0","0","0","0","0","0","0","0","0","0","0","0","0","-2"
"181464","University of Nebraska-Lincoln","2015","Tenured total","751","552","199","3","1","2","89","68","21","21","8","13","32","26","6","0","0","0","603","448","155","1","0","1","0","0","0","2","1","1","-2"
"181464","University of Nebraska-Lincoln","2015","Tenured, professors","434","347","87","1","0","1","34","30","4","6","4","2","14","12","2","0","0","0","379","301","78","0","0","0","0","0","0","0","0","0","-2"
"181464","University of Nebraska-Lincoln","2015","Tenured, associate professors","317","205","112","2","1","1","55","38","17","15","4","11","18","14","4","0","0","0","224","147","77","1","0","1","0","0","0","2","1","1","-2"
"181464","University of Nebraska-Lincoln","2015","On-Tenure track total","260","164","96","0","0","0","45","28","17","3","2","1","5","3","2","1","0","1","169","105","64","1","0","1","0","0","0","36","26","10","-2"
"181464","University of Nebraska-Lincoln","2015","On-tenure track, professors","2","1","1","0","0","0","1","0","1","0","0","0","0","0","0","0","0","0","0","0","0","0","0","0","0","0","0","1","1","0","-2"
"181464","University of Nebraska-Lincoln","2015","On-tenure track, associate professors","15","11","4","0","0","0","6","4","2","0","0","0","0","0","0","0","0","0","9","7","2","0","0","0","0","0","0","0","0","0","-2"
"181464","University of Nebraska-Lincoln","2015","On-tenure track, assistant professors","242","152","90","0","0","0","38","24","14","3","2","1","5","3","2","1","0","1","159","98","61","1","0","1","0","0","0","35","25","10","-2"
"181464","University of Nebraska-Lincoln","2015","On-tenure track, lecturers","1","0","1","0","0","0","0","0","0","0","0","0","0","0","0","0","0","0","1","0","1","0","0","0","0","0","0","0","0","0","-2"
"181464","University of Nebraska-Lincoln","2015","Not on tenure track/No tenure system system total","228","98","130","1","0","1","16","7","9","6","1","5","7","4","3","1","0","1","189","83","106","0","0","0","0","0","0","8","3","5","-2"
"181464","University of Nebraska-Lincoln","2015","Not on tenure/no tenure system, professors","3","1","2","0","0","0","0","0","0","0","0","0","0","0","0","0","0","0","3","1","2","0","0","0","0","0","0","0","0","0","-2"
"181464","University of Nebraska-Lincoln","2015","Not on tenure/no tenure system, associate professors","1","0","1","0","0","0","0","0","0","1","0","1","0","0","0","0","0","0","0","0","0","0","0","0","0","0","0","0","0","0","-2"
"181464","University of Nebraska-Lincoln","2015","Not on tenure/no tenure system, assistant professors","2","1","1","0","0","0","0","0","0","0","0","0","0","0","0","0","0","0","1","1","0","0","0","0","0","0","0","1","0","1","-2"
"181464","University of Nebraska-Lincoln","2015","Not on tenure/no tenure system, lecturers","222","96","126","1","0","1","16","7","9","5","1","4","7","4","3","1","0","1","185","81","104","0","0","0","0","0","0","7","3","4","-2"
"182281","University of Nevada-Las Vegas","2015","Tenured total","513","358","155","4","2","2","84","66","18","20","11","9","22","13","9","0","0","0","379","265","114","3","0","3","0","0","0","1","1","0","-2"
"182281","University of Nevada-Las Vegas","2015","Tenured, professors","296","221","75","2","1","1","47","40","7","13","6","7","10","7","3","0","0","0","222","167","55","2","0","2","0","0","0","0","0","0","-2"
"182281","University of Nevada-Las Vegas","2015","Tenured, associate professors","212","133","79","2","1","1","36","25","11","7","5","2","12","6","6","0","0","0","153","95","58","1","0","1","0","0","0","1","1","0","-2"
"182281","University of Nevada-Las Vegas","2015","Tenured, assistant professors","5","4","1","0","0","0","1","1","0","0","0","0","0","0","0","0","0","0","4","3","1","0","0","0","0","0","0","0","0","0","-2"
"182281","University of Nevada-Las Vegas","2015","On-Tenure track total","169","89","80","0","0","0","35","20","15","6","3","3","7","4","3","1","1","0","97","51","46","8","4","4","0","0","0","15","6","9","-2"
"182281","University of Nevada-Las Vegas","2015","On-tenure track, associate professors","22","12","10","0","0","0","2","1","1","0","0","0","0","0","0","1","1","0","17","9","8","2","1","1","0","0","0","0","0","0","-2"
"182281","University of Nevada-Las Vegas","2015","On-tenure track, assistant professors","147","77","70","0","0","0","33","19","14","6","3","3","7","4","3","0","0","0","80","42","38","6","3","3","0","0","0","15","6","9","-2"
"182281","University of Nevada-Las Vegas","2015","Not on tenure track/No tenure system system total","266","124","142","3","2","1","20","9","11","8","2","6","19","8","11","1","1","0","202","98","104","3","0","3","0","0","0","10","4","6","-2"
"182281","University of Nevada-Las Vegas","2015","Not on tenure/no tenure system, professors","7","6","1","0","0","0","1","0","1","0","0","0","0","0","0","0","0","0","5","5","0","0","0","0","0","0","0","1","1","0","-2"
"182281","University of Nevada-Las Vegas","2015","Not on tenure/no tenure system, associate professors","37","21","16","0","0","0","4","3","1","3","0","3","1","0","1","0","0","0","28","18","10","0","0","0","0","0","0","1","0","1","-2"
"182281","University of Nevada-Las Vegas","2015","Not on tenure/no tenure system, assistant professors","127","61","66","2","2","0","10","4","6","4","2","2","8","4","4","0","0","0","94","46","48","2","0","2","0","0","0","7","3","4","-2"
"182281","University of Nevada-Las Vegas","2015","Not on tenure/no tenure system, lecturers","88","32","56","1","0","1","4","1","3","1","0","1","9","4","5","1","1","0","70","26","44","1","0","1","0","0","0","1","0","1","-2"
"182281","University of Nevada-Las Vegas","2015","Not on tenure/no tenure system, no academic rank","7","4","3","0","0","0","1","1","0","0","0","0","1","0","1","0","0","0","5","3","2","0","0","0","0","0","0","0","0","0","-2"
"182290","University of Nevada-Reno","2015","Tenured total","366","247","119","2","1","1","41","35","6","3","2","1","19","13","6","0","0","0","296","192","104","3","2","1","0","0","0","2","2","0","-2"
"182290","University of Nevada-Reno","2015","Tenured, professors","195","146","49","2","1","1","21","19","2","0","0","0","6","5","1","0","0","0","162","118","44","3","2","1","0","0","0","1","1","0","-2"
"182290","University of Nevada-Reno","2015","Tenured, associate professors","170","101","69","0","0","0","20","16","4","3","2","1","13","8","5","0","0","0","133","74","59","0","0","0","0","0","0","1","1","0","-2"
"182290","University of Nevada-Reno","2015","Tenured, assistant professors","1","0","1","0","0","0","0","0","0","0","0","0","0","0","0","0","0","0","1","0","1","0","0","0","0","0","0","0","0","0","-2"
"182290","University of Nevada-Reno","2015","On-Tenure track total","189","114","75","0","0","0","25","17","8","4","4","0","12","6","6","0","0","0","114","65","49","3","2","1","0","0","0","31","20","11","-2"
"182290","University of Nevada-Reno","2015","On-tenure track, professors","3","3","0","0","0","0","0","0","0","0","0","0","0","0","0","0","0","0","3","3","0","0","0","0","0","0","0","0","0","0","-2"
"182290","University of Nevada-Reno","2015","On-tenure track, associate professors","8","7","1","0","0","0","0","0","0","0","0","0","0","0","0","0","0","0","7","6","1","0","0","0","0","0","0","1","1","0","-2"
"182290","University of Nevada-Reno","2015","On-tenure track, assistant professors","178","104","74","0","0","0","25","17","8","4","4","0","12","6","6","0","0","0","104","56","48","3","2","1","0","0","0","30","19","11","-2"
"182290","University of Nevada-Reno","2015","Not on tenure track/No tenure system system total","272","134","138","1","0","1","31","18","13","11","7","4","10","4","6","1","1","0","199","93","106","5","2","3","0","0","0","14","9","5","-2"
"182290","University of Nevada-Reno","2015","Not on tenure/no tenure system, professors","23","19","4","0","0","0","3","2","1","3","2","1","1","1","0","0","0","0","16","14","2","0","0","0","0","0","0","0","0","0","-2"
"182290","University of Nevada-Reno","2015","Not on tenure/no tenure system, associate professors","40","28","12","0","0","0","4","3","1","3","3","0","0","0","0","0","0","0","32","22","10","1","0","1","0","0","0","0","0","0","-2"
"182290","University of Nevada-Reno","2015","Not on tenure/no tenure system, assistant professors","89","39","50","0","0","0","15","9","6","4","2","2","2","0","2","1","1","0","60","21","39","1","1","0","0","0","0","6","5","1","-2"
"182290","University of Nevada-Reno","2015","Not on tenure/no tenure system, instructors","3","1","2","0","0","0","0","0","0","0","0","0","0","0","0","0","0","0","3","1","2","0","0","0","0","0","0","0","0","0","-2"
"182290","University of Nevada-Reno","2015","Not on tenure/no tenure system, lecturers","113","43","70","1","0","1","5","0","5","1","0","1","7","3","4","0","0","0","88","35","53","3","1","2","0","0","0","8","4","4","-2"
"182290","University of Nevada-Reno","2015","Not on tenure/no tenure system, no academic rank","4","4","0","0","0","0","4","4","0","0","0","0","0","0","0","0","0","0","0","0","0","0","0","0","0","0","0","0","0","0","-2"
"182670","Dartmouth College","2015","Tenured total","419","299","120","3","2","1","26","19","7","10","7","3","14","8","6","0","0","0","360","259","101","6","4","2","0","0","0","0","0","0","-2"
"182670","Dartmouth College","2015","Tenured, professors","291","219","72","1","1","0","16","12","4","1","1","0","6","3","3","0","0","0","263","199","64","4","3","1","0","0","0","0","0","0","-2"
"182670","Dartmouth College","2015","Tenured, associate professors","128","80","48","2","1","1","10","7","3","9","6","3","8","5","3","0","0","0","97","60","37","2","1","1","0","0","0","0","0","0","-2"
"182670","Dartmouth College","2015","On-Tenure track total","174","109","65","0","0","0","27","17","10","4","0","4","8","3","5","1","0","1","120","80","40","4","2","2","0","0","0","10","7","3","-2"
"182670","Dartmouth College","2015","On-tenure track, professors","2","2","0","0","0","0","1","1","0","0","0","0","0","0","0","0","0","0","1","1","0","0","0","0","0","0","0","0","0","0","-2"
"182670","Dartmouth College","2015","On-tenure track, associate professors","33","19","14","0","0","0","1","1","0","1","0","1","1","0","1","1","0","1","29","18","11","0","0","0","0","0","0","0","0","0","-2"
"182670","Dartmouth College","2015","On-tenure track, assistant professors","139","88","51","0","0","0","25","15","10","3","0","3","7","3","4","0","0","0","90","61","29","4","2","2","0","0","0","10","7","3","-2"
"182670","Dartmouth College","2015","Not on tenure track/No tenure system system total","198","91","107","1","0","1","12","8","4","1","0","1","5","0","5","0","0","0","168","81","87","1","1","0","0","0","0","10","1","9","-2"
"182670","Dartmouth College","2015","Not on tenure/no tenure system, professors","35","25","10","0","0","0","1","1","0","1","0","1","0","0","0","0","0","0","31","22","9","1","1","0","0","0","0","1","1","0","-2"
"182670","Dartmouth College","2015","Not on tenure/no tenure system, associate professors","24","12","12","0","0","0","0","0","0","0","0","0","1","0","1","0","0","0","23","12","11","0","0","0","0","0","0","0","0","0","-2"
"182670","Dartmouth College","2015","Not on tenure/no tenure system, assistant professors","44","21","23","0","0","0","5","5","0","0","0","0","0","0","0","0","0","0","36","16","20","0","0","0","0","0","0","3","0","3","-2"
"182670","Dartmouth College","2015","Not on tenure/no tenure system, instructors","40","13","27","0","0","0","3","1","2","0","0","0","0","0","0","0","0","0","36","12","24","0","0","0","0","0","0","1","0","1","-2"
"182670","Dartmouth College","2015","Not on tenure/no tenure system, lecturers","50","19","31","1","0","1","3","1","2","0","0","0","4","0","4","0","0","0","41","18","23","0","0","0","0","0","0","1","0","1","-2"
"182670","Dartmouth College","2015","Not on tenure/no tenure system, no academic rank","5","1","4","0","0","0","0","0","0","0","0","0","0","0","0","0","0","0","1","1","0","0","0","0","0","0","0","4","0","4","-2"
"183044","University of New Hampshire-Main Campus","2015","Tenured total","438","276","162","0","0","0","27","14","13","6","5","1","11","6","5","0","0","0","360","231","129","2","2","0","32","18","14","0","0","0","-2"
"183044","University of New Hampshire-Main Campus","2015","Tenured, professors","217","165","52","0","0","0","10","7","3","0","0","0","4","2","2","0","0","0","192","148","44","1","1","0","10","7","3","0","0","0","-2"
"183044","University of New Hampshire-Main Campus","2015","Tenured, associate professors","221","111","110","0","0","0","17","7","10","6","5","1","7","4","3","0","0","0","168","83","85","1","1","0","22","11","11","0","0","0","-2"
"183044","University of New Hampshire-Main Campus","2015","On-Tenure track total","121","63","58","2","2","0","25","11","14","5","1","4","4","3","1","0","0","0","60","30","30","3","1","2","22","15","7","0","0","0","-2"
"183044","University of New Hampshire-Main Campus","2015","On-tenure track, associate professors","4","3","1","0","0","0","0","0","0","0","0","0","0","0","0","0","0","0","2","1","1","0","0","0","2","2","0","0","0","0","-2"
"183044","University of New Hampshire-Main Campus","2015","On-tenure track, assistant professors","117","60","57","2","2","0","25","11","14","5","1","4","4","3","1","0","0","0","58","29","29","3","1","2","20","13","7","0","0","0","-2"
"183044","University of New Hampshire-Main Campus","2015","Not on tenure track/No tenure system system total","59","13","46","0","0","0","3","2","1","0","0","0","0","0","0","0","0","0","47","8","39","0","0","0","9","3","6","0","0","0","-2"
"183044","University of New Hampshire-Main Campus","2015","Not on tenure/no tenure system, professors","1","1","0","0","0","0","0","0","0","0","0","0","0","0","0","0","0","0","1","1","0","0","0","0","0","0","0","0","0","0","-2"
"183044","University of New Hampshire-Main Campus","2015","Not on tenure/no tenure system, associate professors","14","2","12","0","0","0","0","0","0","0","0","0","0","0","0","0","0","0","13","2","11","0","0","0","1","0","1","0","0","0","-2"
"183044","University of New Hampshire-Main Campus","2015","Not on tenure/no tenure system, assistant professors","42","9","33","0","0","0","2","1","1","0","0","0","0","0","0","0","0","0","32","5","27","0","0","0","8","3","5","0","0","0","-2"
"183044","University of New Hampshire-Main Campus","2015","Not on tenure/no tenure system, lecturers","2","1","1","0","0","0","1","1","0","0","0","0","0","0","0","0","0","0","1","0","1","0","0","0","0","0","0","0","0","0","-2"
"183080","Plymouth State University","2015","Tenured total","118","65","53","0","0","0","10","9","1","2","1","1","1","0","1","0","0","0","98","51","47","0","0","0","7","4","3","0","0","0","-2"
"183080","Plymouth State University","2015","Tenured, professors","73","43","30","0","0","0","5","4","1","0","0","0","0","0","0","0","0","0","64","37","27","0","0","0","4","2","2","0","0","0","-2"
"183080","Plymouth State University","2015","Tenured, associate professors","43","20","23","0","0","0","5","5","0","2","1","1","1","0","1","0","0","0","34","14","20","0","0","0","1","0","1","0","0","0","-2"
"183080","Plymouth State University","2015","Tenured, assistant professors","1","1","0","0","0","0","0","0","0","0","0","0","0","0","0","0","0","0","0","0","0","0","0","0","1","1","0","0","0","0","-2"
"183080","Plymouth State University","2015","Tenured, no academic rank","1","1","0","0","0","0","0","0","0","0","0","0","0","0","0","0","0","0","0","0","0","0","0","0","1","1","0","0","0","0","-2"
"183080","Plymouth State University","2015","On-Tenure track total","43","18","25","0","0","0","2","2","0","0","0","0","1","0","1","0","0","0","33","13","20","0","0","0","7","3","4","0","0","0","-2"
"183080","Plymouth State University","2015","On-tenure track, professors","1","1","0","0","0","0","0","0","0","0","0","0","0","0","0","0","0","0","1","1","0","0","0","0","0","0","0","0","0","0","-2"
"183080","Plymouth State University","2015","On-tenure track, associate professors","2","0","2","0","0","0","0","0","0","0","0","0","0","0","0","0","0","0","2","0","2","0","0","0","0","0","0","0","0","0","-2"
"183080","Plymouth State University","2015","On-tenure track, assistant professors","40","17","23","0","0","0","2","2","0","0","0","0","1","0","1","0","0","0","30","12","18","0","0","0","7","3","4","0","0","0","-2"
"183080","Plymouth State University","2015","Not on tenure track/No tenure system system total","27","12","15","0","0","0","1","0","1","0","0","0","1","1","0","0","0","0","25","11","14","0","0","0","0","0","0","0","0","0","-2"
"183080","Plymouth State University","2015","Not on tenure/no tenure system, assistant professors","6","0","6","0","0","0","0","0","0","0","0","0","0","0","0","0","0","0","6","0","6","0","0","0","0","0","0","0","0","0","-2"
"183080","Plymouth State University","2015","Not on tenure/no tenure system, no academic rank","21","12","9","0","0","0","1","0","1","0","0","0","1","1","0","0","0","0","19","11","8","0","0","0","0","0","0","0","0","0","-2"
"185262","Kean University","2015","Tenured total","216","113","103","0","0","0","28","13","15","23","10","13","14","7","7","0","0","0","151","83","68","0","0","0","0","0","0","0","0","0","-2"
"185262","Kean University","2015","Tenured, professors","83","46","37","0","0","0","7","6","1","10","5","5","2","1","1","0","0","0","64","34","30","0","0","0","0","0","0","0","0","0","-2"
"185262","Kean University","2015","Tenured, associate professors","73","37","36","0","0","0","12","3","9","6","2","4","6","3","3","0","0","0","49","29","20","0","0","0","0","0","0","0","0","0","-2"
"185262","Kean University","2015","Tenured, assistant professors","60","30","30","0","0","0","9","4","5","7","3","4","6","3","3","0","0","0","38","20","18","0","0","0","0","0","0","0","0","0","-2"
"185262","Kean University","2015","On-Tenure track total","49","21","28","0","0","0","8","2","6","1","0","1","2","2","0","0","0","0","34","15","19","0","0","0","0","0","0","4","2","2","-2"
"185262","Kean University","2015","On-tenure track, associate professors","3","1","2","0","0","0","0","0","0","0","0","0","0","0","0","0","0","0","3","1","2","0","0","0","0","0","0","0","0","0","-2"
"185262","Kean University","2015","On-tenure track, assistant professors","46","20","26","0","0","0","8","2","6","1","0","1","2","2","0","0","0","0","31","14","17","0","0","0","0","0","0","4","2","2","-2"
"185262","Kean University","2015","Not on tenure track/No tenure system system total","71","25","46","0","0","0","3","1","2","6","3","3","2","1","1","0","0","0","58","19","39","0","0","0","0","0","0","2","1","1","-2"
"185262","Kean University","2015","Not on tenure/no tenure system, lecturers","71","25","46","0","0","0","3","1","2","6","3","3","2","1","1","0","0","0","58","19","39","0","0","0","0","0","0","2","1","1","-2"
"186131","Princeton University","2015","Tenured total","580","430","150","0","0","0","58","48","10","20","13","7","14","10","4","0","0","0","474","351","123","2","1","1","4","2","2","8","5","3","-2"
"186131","Princeton University","2015","Tenured, professors","478","369","109","0","0","0","52","45","7","16","10","6","10","9","1","0","0","0","389","300","89","2","1","1","4","2","2","5","2","3","-2"
"186131","Princeton University","2015","Tenured, associate professors","101","60","41","0","0","0","6","3","3","4","3","1","4","1","3","0","0","0","84","50","34","0","0","0","0","0","0","3","3","0","-2"
"186131","Princeton University","2015","Tenured, lecturers","1","1","0","0","0","0","0","0","0","0","0","0","0","0","0","0","0","0","1","1","0","0","0","0","0","0","0","0","0","0","-2"
"186131","Princeton University","2015","On-Tenure track total","173","111","62","0","0","0","17","8","9","5","1","4","8","6","2","0","0","0","106","73","33","2","1","1","8","4","4","27","18","9","-2"
"186131","Princeton University","2015","On-tenure track, assistant professors","173","111","62","0","0","0","17","8","9","5","1","4","8","6","2","0","0","0","106","73","33","2","1","1","8","4","4","27","18","9","-2"
"186131","Princeton University","2015","Not on tenure track/No tenure system system total","168","91","77","0","0","0","18","4","14","3","3","0","5","2","3","0","0","0","94","57","37","0","0","0","9","5","4","39","20","19","-2"
"186131","Princeton University","2015","Not on tenure/no tenure system, instructors","13","9","4","0","0","0","1","0","1","0","0","0","0","0","0","0","0","0","3","2","1","0","0","0","0","0","0","9","7","2","-2"
"186131","Princeton University","2015","Not on tenure/no tenure system, lecturers","155","82","73","0","0","0","17","4","13","3","3","0","5","2","3","0","0","0","91","55","36","0","0","0","9","5","4","30","13","17","-2"
"186380","Rutgers University-New Brunswick","2015","Tenured total","1387","926","461","1","1","0","171","127","44","43","18","25","43","28","15","0","0","0","1032","693","339","4","2","2","44","24","20","49","33","16","-2"
"186380","Rutgers University-New Brunswick","2015","Tenured, professors","946","700","246","0","0","0","116","94","22","23","14","9","19","15","4","0","0","0","748","548","200","2","2","0","21","14","7","17","13","4","-2"
"186380","Rutgers University-New Brunswick","2015","Tenured, associate professors","441","226","215","1","1","0","55","33","22","20","4","16","24","13","11","0","0","0","284","145","139","2","0","2","23","10","13","32","20","12","-2"
"186380","Rutgers University-New Brunswick","2015","On-Tenure track total","366","194","172","0","0","0","43","23","20","12","4","8","10","6","4","0","0","0","135","71","64","2","1","1","97","48","49","67","41","26","-2"
"186380","Rutgers University-New Brunswick","2015","On-tenure track, professors","13","12","1","0","0","0","1","1","0","0","0","0","0","0","0","0","0","0","8","8","0","0","0","0","4","3","1","0","0","0","-2"
"186380","Rutgers University-New Brunswick","2015","On-tenure track, associate professors","66","36","30","0","0","0","11","4","7","0","0","0","0","0","0","0","0","0","38","21","17","0","0","0","7","5","2","10","6","4","-2"
"186380","Rutgers University-New Brunswick","2015","On-tenure track, assistant professors","287","146","141","0","0","0","31","18","13","12","4","8","10","6","4","0","0","0","89","42","47","2","1","1","86","40","46","57","35","22","-2"
"186380","Rutgers University-New Brunswick","2015","Not on tenure track/No tenure system system total","1405","641","764","1","0","1","234","117","117","69","24","45","20","4","16","0","0","0","750","353","397","8","5","3","218","88","130","105","50","55","-2"
"186380","Rutgers University-New Brunswick","2015","Not on tenure/no tenure system, professors","125","72","53","0","0","0","18","11","7","5","3","2","0","0","0","0","0","0","89","53","36","1","0","1","8","3","5","4","2","2","-2"
"186380","Rutgers University-New Brunswick","2015","Not on tenure/no tenure system, associate professors","250","125","125","0","0","0","51","30","21","12","4","8","1","0","1","0","0","0","145","69","76","3","2","1","18","10","8","20","10","10","-2"
"186380","Rutgers University-New Brunswick","2015","Not on tenure/no tenure system, assistant professors","648","299","349","0","0","0","116","60","56","34","14","20","8","2","6","0","0","0","325","152","173","2","1","1","112","45","67","51","25","26","-2"
"186380","Rutgers University-New Brunswick","2015","Not on tenure/no tenure system, instructors","342","122","220","1","0","1","45","13","32","18","3","15","9","1","8","0","0","0","177","72","105","2","2","0","69","24","45","21","7","14","-2"
"186380","Rutgers University-New Brunswick","2015","Not on tenure/no tenure system, lecturers","34","20","14","0","0","0","0","0","0","0","0","0","2","1","1","0","0","0","13","7","6","0","0","0","10","6","4","9","6","3","-2"
"186380","Rutgers University-New Brunswick","2015","Not on tenure/no tenure system, no academic rank","6","3","3","0","0","0","4","3","1","0","0","0","0","0","0","0","0","0","1","0","1","0","0","0","1","0","1","0","0","0","-2"
"187967","New Mexico Institute of Mining and Technology","2015","Tenured total","76","63","13","0","0","0","11","11","0","0","0","0","5","4","1","0","0","0","60","48","12","0","0","0","0","0","0","0","0","0","-2"
"187967","New Mexico Institute of Mining and Technology","2015","Tenured, professors","39","31","8","0","0","0","4","4","0","0","0","0","2","2","0","0","0","0","33","25","8","0","0","0","0","0","0","0","0","0","-2"
"187967","New Mexico Institute of Mining and Technology","2015","Tenured, associate professors","37","32","5","0","0","0","7","7","0","0","0","0","3","2","1","0","0","0","27","23","4","0","0","0","0","0","0","0","0","0","-2"
"187967","New Mexico Institute of Mining and Technology","2015","On-Tenure track total","39","29","10","0","0","0","14","10","4","0","0","0","4","4","0","0","0","0","21","15","6","0","0","0","0","0","0","0","0","0","-2"
"187967","New Mexico Institute of Mining and Technology","2015","On-tenure track, associate professors","2","2","0","0","0","0","1","1","0","0","0","0","1","1","0","0","0","0","0","0","0","0","0","0","0","0","0","0","0","0","-2"
"187967","New Mexico Institute of Mining and Technology","2015","On-tenure track, assistant professors","37","27","10","0","0","0","13","9","4","0","0","0","3","3","0","0","0","0","21","15","6","0","0","0","0","0","0","0","0","0","-2"
"187967","New Mexico Institute of Mining and Technology","2015","Not on tenure track/No tenure system system total","13","8","5","0","0","0","1","0","1","0","0","0","0","0","0","0","0","0","12","8","4","0","0","0","0","0","0","0","0","0","-2"
"187967","New Mexico Institute of Mining and Technology","2015","Not on tenure/no tenure system, professors","1","1","0","0","0","0","0","0","0","0","0","0","0","0","0","0","0","0","1","1","0","0","0","0","0","0","0","0","0","0","-2"
"187967","New Mexico Institute of Mining and Technology","2015","Not on tenure/no tenure system, associate professors","2","2","0","0","0","0","0","0","0","0","0","0","0","0","0","0","0","0","2","2","0","0","0","0","0","0","0","0","0","0","-2"
"187967","New Mexico Institute of Mining and Technology","2015","Not on tenure/no tenure system, assistant professors","2","2","0","0","0","0","0","0","0","0","0","0","0","0","0","0","0","0","2","2","0","0","0","0","0","0","0","0","0","0","-2"
"187967","New Mexico Institute of Mining and Technology","2015","Not on tenure/no tenure system, instructors","8","3","5","0","0","0","1","0","1","0","0","0","0","0","0","0","0","0","7","3","4","0","0","0","0","0","0","0","0","0","-2"
"190150","Columbia University in the City of New York","2015","Tenured total","1059","781","278","2","1","1","142","109","33","36","23","13","25","19","6","0","0","0","819","599","220","3","2","1","19","15","4","13","13","0","-2"
"190150","Columbia University in the City of New York","2015","Tenured, professors","862","655","207","0","0","0","105","85","20","27","17","10","20","17","3","0","0","0","681","511","170","3","2","1","15","12","3","11","11","0","-2"
"190150","Columbia University in the City of New York","2015","Tenured, associate professors","197","126","71","2","1","1","37","24","13","9","6","3","5","2","3","0","0","0","138","88","50","0","0","0","4","3","1","2","2","0","-2"
"190150","Columbia University in the City of New York","2015","On-Tenure track total","544","330","214","0","0","0","95","62","33","28","9","19","29","12","17","1","0","1","273","168","105","9","5","4","21","13","8","88","61","27","-2"
"190150","Columbia University in the City of New York","2015","On-tenure track, professors","42","34","8","0","0","0","10","10","0","0","0","0","0","0","0","0","0","0","21","16","5","0","0","0","3","2","1","8","6","2","-2"
"190150","Columbia University in the City of New York","2015","On-tenure track, associate professors","92","57","35","0","0","0","9","7","2","7","4","3","8","3","5","0","0","0","57","36","21","3","1","2","2","2","0","6","4","2","-2"
"190150","Columbia University in the City of New York","2015","On-tenure track, assistant professors","395","233","162","0","0","0","72","43","29","21","5","16","19","8","11","0","0","0","189","113","76","5","4","1","16","9","7","73","51","22","-2"
"190150","Columbia University in the City of New York","2015","On-tenure track, instructors","2","1","1","0","0","0","1","1","0","0","0","0","0","0","0","1","0","1","0","0","0","0","0","0","0","0","0","0","0","0","-2"
"190150","Columbia University in the City of New York","2015","On-tenure track, lecturers","13","5","8","0","0","0","3","1","2","0","0","0","2","1","1","0","0","0","6","3","3","1","0","1","0","0","0","1","0","1","-2"
"190150","Columbia University in the City of New York","2015","Not on tenure track/No tenure system system total","2133","1048","1085","1","1","0","358","166","192","104","46","58","114","46","68","3","1","2","1399","726","673","14","4","10","60","26","34","80","32","48","-2"
"190150","Columbia University in the City of New York","2015","Not on tenure/no tenure system, professors","375","261","114","0","0","0","31","20","11","14","8","6","12","10","2","0","0","0","305","218","87","2","1","1","7","2","5","4","2","2","-2"
"190150","Columbia University in the City of New York","2015","Not on tenure/no tenure system, associate professors","357","200","157","0","0","0","51","32","19","13","8","5","14","4","10","0","0","0","266","149","117","0","0","0","9","6","3","4","1","3","-2"
"190150","Columbia University in the City of New York","2015","Not on tenure/no tenure system, assistant professors","968","414","554","0","0","0","205","85","120","55","20","35","56","19","37","3","1","2","584","262","322","8","2","6","38","14","24","19","11","8","-2"
"190150","Columbia University in the City of New York","2015","Not on tenure/no tenure system, instructors","148","51","97","1","1","0","40","16","24","16","6","10","15","4","11","0","0","0","63","20","43","2","1","1","2","0","2","9","3","6","-2"
"190150","Columbia University in the City of New York","2015","Not on tenure/no tenure system, lecturers","285","122","163","0","0","0","31","13","18","6","4","2","17","9","8","0","0","0","181","77","104","2","0","2","4","4","0","44","15","29","-2"
"190415","Cornell University","2015","Tenured total","1107","798","309","6","3","3","105","80","25","40","22","18","37","22","15","0","0","0","905","664","241","2","0","2","1","0","1","11","7","4","-2"
"190415","Cornell University","2015","Tenured, professors","731","560","171","2","2","0","60","50","10","21","16","5","18","11","7","0","0","0","624","477","147","1","0","1","0","0","0","5","4","1","-2"
"190415","Cornell University","2015","Tenured, associate professors","376","238","138","4","1","3","45","30","15","19","6","13","19","11","8","0","0","0","281","187","94","1","0","1","1","0","1","6","3","3","-2"
"190415","Cornell University","2015","On-Tenure track total","320","192","128","0","0","0","45","25","20","19","9","10","17","9","8","0","0","0","184","113","71","4","1","3","1","0","1","50","35","15","-2"
"190415","Cornell University","2015","On-tenure track, professors","7","5","2","0","0","0","2","1","1","0","0","0","1","1","0","0","0","0","4","3","1","0","0","0","0","0","0","0","0","0","-2"
"190415","Cornell University","2015","On-tenure track, associate professors","23","12","11","0","0","0","6","2","4","1","1","0","0","0","0","0","0","0","12","7","5","1","0","1","0","0","0","3","2","1","-2"
"190415","Cornell University","2015","On-tenure track, assistant professors","290","175","115","0","0","0","37","22","15","18","8","10","16","8","8","0","0","0","168","103","65","3","1","2","1","0","1","47","33","14","-2"
"190415","Cornell University","2015","Not on tenure track/No tenure system system total","375","175","200","0","0","0","34","9","25","12","9","3","9","7","2","0","0","0","276","131","145","2","0","2","0","0","0","42","19","23","-2"
"190415","Cornell University","2015","Not on tenure/no tenure system, professors","2","2","0","0","0","0","0","0","0","0","0","0","0","0","0","0","0","0","2","2","0","0","0","0","0","0","0","0","0","0","-2"
"190415","Cornell University","2015","Not on tenure/no tenure system, instructors","102","52","50","0","0","0","11","5","6","2","2","0","2","2","0","0","0","0","66","32","34","0","0","0","0","0","0","21","11","10","-2"
"190415","Cornell University","2015","Not on tenure/no tenure system, lecturers","269","121","148","0","0","0","23","4","19","10","7","3","7","5","2","0","0","0","206","97","109","2","0","2","0","0","0","21","8","13","-2"
"190415","Cornell University","2015","Not on tenure/no tenure system, no academic rank","2","0","2","0","0","0","0","0","0","0","0","0","0","0","0","0","0","0","2","0","2","0","0","0","0","0","0","0","0","0","-2"
"190567","CUNY City College","2015","Tenured total","440","279","161","0","0","0","61","47","14","35","15","20","32","16","16","0","0","0","304","196","108","0","0","0","0","0","0","8","5","3","-2"
"190567","CUNY City College","2015","Tenured, professors","228","165","63","0","0","0","31","25","6","15","9","6","17","9","8","0","0","0","163","120","43","0","0","0","0","0","0","2","2","0","-2"
"190567","CUNY City College","2015","Tenured, associate professors","153","86","67","0","0","0","24","18","6","12","3","9","11","5","6","0","0","0","101","57","44","0","0","0","0","0","0","5","3","2","-2"
"190567","CUNY City College","2015","Tenured, assistant professors","17","9","8","0","0","0","3","2","1","2","0","2","2","1","1","0","0","0","10","6","4","0","0","0","0","0","0","0","0","0","-2"
"190567","CUNY City College","2015","Tenured, lecturers","42","19","23","0","0","0","3","2","1","6","3","3","2","1","1","0","0","0","30","13","17","0","0","0","0","0","0","1","0","1","-2"
"190567","CUNY City College","2015","On-Tenure track total","155","79","76","1","1","0","20","12","8","17","8","9","19","5","14","0","0","0","82","43","39","1","0","1","0","0","0","15","10","5","-2"
"190567","CUNY City College","2015","On-tenure track, professors","3","0","3","0","0","0","1","0","1","1","0","1","0","0","0","0","0","0","1","0","1","0","0","0","0","0","0","0","0","0","-2"
"190567","CUNY City College","2015","On-tenure track, associate professors","18","10","8","0","0","0","1","0","1","3","2","1","0","0","0","0","0","0","12","6","6","0","0","0","0","0","0","2","2","0","-2"
"190567","CUNY City College","2015","On-tenure track, assistant professors","119","60","59","1","1","0","17","11","6","10","5","5","17","4","13","0","0","0","61","32","29","1","0","1","0","0","0","12","7","5","-2"
"190567","CUNY City College","2015","On-tenure track, lecturers","15","9","6","0","0","0","1","1","0","3","1","2","2","1","1","0","0","0","8","5","3","0","0","0","0","0","0","1","1","0","-2"
"190567","CUNY City College","2015","Not on tenure track/No tenure system system total","28","17","11","0","0","0","1","0","1","4","3","1","3","2","1","0","0","0","20","12","8","0","0","0","0","0","0","0","0","0","-2"
"190567","CUNY City College","2015","Not on tenure/no tenure system, professors","11","7","4","0","0","0","0","0","0","2","1","1","1","1","0","0","0","0","8","5","3","0","0","0","0","0","0","0","0","0","-2"
"190567","CUNY City College","2015","Not on tenure/no tenure system, assistant professors","5","3","2","0","0","0","0","0","0","1","1","0","1","0","1","0","0","0","3","2","1","0","0","0","0","0","0","0","0","0","-2"
"190567","CUNY City College","2015","Not on tenure/no tenure system, instructors","2","2","0","0","0","0","0","0","0","0","0","0","1","1","0","0","0","0","1","1","0","0","0","0","0","0","0","0","0","0","-2"
"190567","CUNY City College","2015","Not on tenure/no tenure system, lecturers","10","5","5","0","0","0","1","0","1","1","1","0","0","0","0","0","0","0","8","4","4","0","0","0","0","0","0","0","0","0","-2"
"190576","CUNY Graduate School and University Center","2015","Tenured total","139","89","50","1","0","1","6","5","1","7","5","2","6","3","3","0","0","0","116","74","42","0","0","0","0","0","0","3","2","1","-2"
"190576","CUNY Graduate School and University Center","2015","Tenured, professors","120","75","45","1","0","1","5","4","1","7","5","2","5","2","3","0","0","0","101","64","37","0","0","0","0","0","0","1","0","1","-2"
"190576","CUNY Graduate School and University Center","2015","Tenured, associate professors","17","13","4","0","0","0","1","1","0","0","0","0","1","1","0","0","0","0","13","9","4","0","0","0","0","0","0","2","2","0","-2"
"190576","CUNY Graduate School and University Center","2015","Tenured, assistant professors","1","0","1","0","0","0","0","0","0","0","0","0","0","0","0","0","0","0","1","0","1","0","0","0","0","0","0","0","0","0","-2"
"190576","CUNY Graduate School and University Center","2015","Tenured, lecturers","1","1","0","0","0","0","0","0","0","0","0","0","0","0","0","0","0","0","1","1","0","0","0","0","0","0","0","0","0","0","-2"
"190576","CUNY Graduate School and University Center","2015","On-Tenure track total","14","12","2","0","0","0","2","2","0","2","2","0","0","0","0","0","0","0","10","8","2","0","0","0","0","0","0","0","0","0","-2"
"190576","CUNY Graduate School and University Center","2015","On-tenure track, professors","1","1","0","0","0","0","0","0","0","0","0","0","0","0","0","0","0","0","1","1","0","0","0","0","0","0","0","0","0","0","-2"
"190576","CUNY Graduate School and University Center","2015","On-tenure track, associate professors","6","5","1","0","0","0","0","0","0","0","0","0","0","0","0","0","0","0","6","5","1","0","0","0","0","0","0","0","0","0","-2"
"190576","CUNY Graduate School and University Center","2015","On-tenure track, assistant professors","6","5","1","0","0","0","2","2","0","2","2","0","0","0","0","0","0","0","2","1","1","0","0","0","0","0","0","0","0","0","-2"
"190576","CUNY Graduate School and University Center","2015","On-tenure track, lecturers","1","1","0","0","0","0","0","0","0","0","0","0","0","0","0","0","0","0","1","1","0","0","0","0","0","0","0","0","0","0","-2"
"190576","CUNY Graduate School and University Center","2015","Not on tenure track/No tenure system system total","62","39","23","0","0","0","4","3","1","6","3","3","4","1","3","0","0","0","46","31","15","0","0","0","0","0","0","2","1","1","-2"
"190576","CUNY Graduate School and University Center","2015","Not on tenure/no tenure system, professors","36","25","11","0","0","0","3","2","1","3","3","0","3","1","2","0","0","0","27","19","8","0","0","0","0","0","0","0","0","0","-2"
"190576","CUNY Graduate School and University Center","2015","Not on tenure/no tenure system, associate professors","1","1","0","0","0","0","0","0","0","0","0","0","0","0","0","0","0","0","1","1","0","0","0","0","0","0","0","0","0","0","-2"
"190576","CUNY Graduate School and University Center","2015","Not on tenure/no tenure system, assistant professors","16","8","8","0","0","0","0","0","0","2","0","2","1","0","1","0","0","0","11","7","4","0","0","0","0","0","0","2","1","1","-2"
"190576","CUNY Graduate School and University Center","2015","Not on tenure/no tenure system, lecturers","9","5","4","0","0","0","1","1","0","1","0","1","0","0","0","0","0","0","7","4","3","0","0","0","0","0","0","0","0","0","-2"
"191630","Hobart William Smith Colleges","2015","Tenured total","122","74","48","0","0","0","11","6","5","4","2","2","3","2","1","0","0","0","102","64","38","1","0","1","1","0","1","0","0","0","-2"
"191630","Hobart William Smith Colleges","2015","Tenured, professors","53","40","13","0","0","0","2","1","1","0","0","0","0","0","0","0","0","0","50","39","11","0","0","0","1","0","1","0","0","0","-2"
"191630","Hobart William Smith Colleges","2015","Tenured, associate professors","69","34","35","0","0","0","9","5","4","4","2","2","3","2","1","0","0","0","52","25","27","1","0","1","0","0","0","0","0","0","-2"
"191630","Hobart William Smith Colleges","2015","On-Tenure track total","70","29","41","1","0","1","4","2","2","3","1","2","2","2","0","0","0","0","55","23","32","1","0","1","0","0","0","4","1","3","-2"
"191630","Hobart William Smith Colleges","2015","On-tenure track, associate professors","2","1","1","0","0","0","0","0","0","0","0","0","0","0","0","0","0","0","2","1","1","0","0","0","0","0","0","0","0","0","-2"
"191630","Hobart William Smith Colleges","2015","On-tenure track, assistant professors","68","28","40","1","0","1","4","2","2","3","1","2","2","2","0","0","0","0","53","22","31","1","0","1","0","0","0","4","1","3","-2"
"191630","Hobart William Smith Colleges","2015","Not on tenure track/No tenure system system total","16","5","11","0","0","0","2","1","1","1","1","0","0","0","0","0","0","0","12","3","9","0","0","0","0","0","0","1","0","1","-2"
"191630","Hobart William Smith Colleges","2015","Not on tenure/no tenure system, associate professors","1","0","1","0","0","0","0","0","0","0","0","0","0","0","0","0","0","0","1","0","1","0","0","0","0","0","0","0","0","0","-2"
"191630","Hobart William Smith Colleges","2015","Not on tenure/no tenure system, assistant professors","12","4","8","0","0","0","2","1","1","1","1","0","0","0","0","0","0","0","8","2","6","0","0","0","0","0","0","1","0","1","-2"
"191630","Hobart William Smith Colleges","2015","Not on tenure/no tenure system, instructors","3","1","2","0","0","0","0","0","0","0","0","0","0","0","0","0","0","0","3","1","2","0","0","0","0","0","0","0","0","0","-2"
"193900","New York University","2015","Tenured total","1538","1035","503","0","0","0","154","98","56","69","40","29","64","41","23","0","0","0","1222","836","386","3","2","1","3","2","1","23","16","7","-2"
"193900","New York University","2015","Tenured, professors","1012","731","281","0","0","0","90","71","19","31","18","13","40","29","11","0","0","0","835","599","236","3","2","1","2","2","0","11","10","1","-2"
"193900","New York University","2015","Tenured, associate professors","480","283","197","0","0","0","63","27","36","33","20","13","23","12","11","0","0","0","349","219","130","0","0","0","1","0","1","11","5","6","-2"
"193900","New York University","2015","Tenured, no academic rank","46","21","25","0","0","0","1","0","1","5","2","3","1","0","1","0","0","0","38","18","20","0","0","0","0","0","0","1","1","0","-2"
"193900","New York University","2015","On-Tenure track total","445","257","188","1","1","0","72","37","35","11","7","4","28","17","11","2","1","1","239","138","101","2","1","1","7","3","4","83","52","31","-2"
"193900","New York University","2015","On-tenure track, professors","5","5","0","0","0","0","0","0","0","1","1","0","0","0","0","0","0","0","3","3","0","0","0","0","0","0","0","1","1","0","-2"
"193900","New York University","2015","On-tenure track, associate professors","61","40","21","0","0","0","15","12","3","1","0","1","8","5","3","0","0","0","30","20","10","0","0","0","0","0","0","7","3","4","-2"
"193900","New York University","2015","On-tenure track, assistant professors","340","194","146","1","1","0","54","23","31","8","5","3","18","12","6","2","1","1","175","101","74","2","1","1","7","3","4","73","47","26","-2"
"193900","New York University","2015","On-tenure track, no academic rank","39","18","21","0","0","0","3","2","1","1","1","0","2","0","2","0","0","0","31","14","17","0","0","0","0","0","0","2","1","1","-2"
"193900","New York University","2015","Not on tenure track/No tenure system system total","3320","1828","1492","5","3","2","562","293","269","200","74","126","148","66","82","7","3","4","2171","1251","920","9","6","3","28","16","12","190","116","74","-2"
"193900","New York University","2015","Not on tenure/no tenure system, professors","420","281","139","1","1","0","98","65","33","46","23","23","21","10","11","0","0","0","241","172","69","0","0","0","2","2","0","11","8","3","-2"
"193900","New York University","2015","Not on tenure/no tenure system, associate professors","380","256","124","0","0","0","61","38","23","15","6","9","17","9","8","1","1","0","276","194","82","1","1","0","0","0","0","9","7","2","-2"
"193900","New York University","2015","Not on tenure/no tenure system, assistant professors","1074","571","503","2","1","1","238","112","126","60","25","35","47","16","31","2","1","1","644","365","279","4","2","2","5","3","2","72","46","26","-2"
"193900","New York University","2015","Not on tenure/no tenure system, instructors","283","149","134","0","0","0","80","39","41","10","5","5","15","9","6","2","0","2","169","91","78","1","1","0","0","0","0","6","4","2","-2"
"193900","New York University","2015","Not on tenure/no tenure system, lecturers","230","95","135","0","0","0","3","3","0","27","0","27","17","11","6","1","0","1","161","71","90","1","1","0","5","3","2","15","6","9","-2"
"193900","New York University","2015","Not on tenure/no tenure system, no academic rank","933","476","457","2","1","1","82","36","46","42","15","27","31","11","20","1","1","0","680","358","322","2","1","1","16","8","8","77","45","32","-2"
"196060","SUNY at Albany","2015","Tenured total","374","243","131","2","0","2","51","32","19","15","7","8","15","8","7","0","0","0","290","195","95","0","0","0","0","0","0","1","1","0","-2"
"196060","SUNY at Albany","2015","Tenured, professors","156","120","36","1","0","1","13","12","1","4","2","2","5","3","2","0","0","0","133","103","30","0","0","0","0","0","0","0","0","0","-2"
"196060","SUNY at Albany","2015","Tenured, associate professors","218","123","95","1","0","1","38","20","18","11","5","6","10","5","5","0","0","0","157","92","65","0","0","0","0","0","0","1","1","0","-2"
"196060","SUNY at Albany","2015","On-Tenure track total","156","91","65","2","0","2","33","24","9","7","2","5","10","2","8","0","0","0","75","42","33","0","0","0","0","0","0","29","21","8","-2"
"196060","SUNY at Albany","2015","On-tenure track, professors","2","1","1","0","0","0","1","0","1","0","0","0","0","0","0","0","0","0","1","1","0","0","0","0","0","0","0","0","0","0","-2"
"196060","SUNY at Albany","2015","On-tenure track, associate professors","6","6","0","0","0","0","0","0","0","0","0","0","0","0","0","0","0","0","4","4","0","0","0","0","0","0","0","2","2","0","-2"
"196060","SUNY at Albany","2015","On-tenure track, assistant professors","148","84","64","2","0","2","32","24","8","7","2","5","10","2","8","0","0","0","70","37","33","0","0","0","0","0","0","27","19","8","-2"
"196060","SUNY at Albany","2015","Not on tenure track/No tenure system system total","102","40","62","0","0","0","8","2","6","9","3","6","3","0","3","0","0","0","77","33","44","1","0","1","0","0","0","4","2","2","-2"
"196060","SUNY at Albany","2015","Not on tenure/no tenure system, professors","2","2","0","0","0","0","0","0","0","1","1","0","0","0","0","0","0","0","1","1","0","0","0","0","0","0","0","0","0","0","-2"
"196060","SUNY at Albany","2015","Not on tenure/no tenure system, associate professors","3","1","2","0","0","0","3","1","2","0","0","0","0","0","0","0","0","0","0","0","0","0","0","0","0","0","0","0","0","0","-2"
"196060","SUNY at Albany","2015","Not on tenure/no tenure system, assistant professors","27","11","16","0","0","0","2","1","1","3","1","2","2","0","2","0","0","0","18","8","10","0","0","0","0","0","0","2","1","1","-2"
"196060","SUNY at Albany","2015","Not on tenure/no tenure system, lecturers","70","26","44","0","0","0","3","0","3","5","1","4","1","0","1","0","0","0","58","24","34","1","0","1","0","0","0","2","1","1","-2"
"196097","Stony Brook University","2015","Tenured total","716","520","196","1","1","0","84","62","22","20","13","7","27","19","8","0","0","0","562","408","154","0","0","0","8","5","3","14","12","2","-2"
"196097","Stony Brook University","2015","Tenured, professors","460","356","104","0","0","0","55","43","12","9","7","2","10","8","2","0","0","0","379","292","87","0","0","0","4","3","1","3","3","0","-2"
"196097","Stony Brook University","2015","Tenured, associate professors","254","164","90","1","1","0","29","19","10","11","6","5","17","11","6","0","0","0","181","116","65","0","0","0","4","2","2","11","9","2","-2"
"196097","Stony Brook University","2015","Tenured, assistant professors","2","0","2","0","0","0","0","0","0","0","0","0","0","0","0","0","0","0","2","0","2","0","0","0","0","0","0","0","0","0","-2"
"196097","Stony Brook University","2015","On-Tenure track total","294","187","107","0","0","0","55","37","18","7","2","5","14","8","6","0","0","0","129","85","44","5","5","0","20","10","10","64","40","24","-2"
"196097","Stony Brook University","2015","On-tenure track, professors","14","10","4","0","0","0","2","2","0","0","0","0","0","0","0","0","0","0","9","6","3","0","0","0","2","1","1","1","1","0","-2"
"196097","Stony Brook University","2015","On-tenure track, associate professors","15","9","6","0","0","0","6","4","2","0","0","0","1","0","1","0","0","0","4","3","1","0","0","0","0","0","0","4","2","2","-2"
"196097","Stony Brook University","2015","On-tenure track, assistant professors","265","168","97","0","0","0","47","31","16","7","2","5","13","8","5","0","0","0","116","76","40","5","5","0","18","9","9","59","37","22","-2"
"196097","Stony Brook University","2015","Not on tenure track/No tenure system system total","653","315","338","1","1","0","100","45","55","28","11","17","14","1","13","1","1","0","462","228","234","3","2","1","6","2","4","38","24","14","-2"
"196097","Stony Brook University","2015","Not on tenure/no tenure system, professors","47","32","15","0","0","0","8","4","4","0","0","0","0","0","0","0","0","0","35","24","11","0","0","0","0","0","0","4","4","0","-2"
"196097","Stony Brook University","2015","Not on tenure/no tenure system, associate professors","137","77","60","0","0","0","19","12","7","6","3","3","2","0","2","0","0","0","102","55","47","1","1","0","1","0","1","6","6","0","-2"
"196097","Stony Brook University","2015","Not on tenure/no tenure system, assistant professors","304","138","166","0","0","0","52","24","28","16","5","11","7","0","7","1","1","0","206","97","109","2","1","1","4","2","2","16","8","8","-2"
"196097","Stony Brook University","2015","Not on tenure/no tenure system, instructors","42","14","28","0","0","0","6","2","4","3","1","2","2","1","1","0","0","0","31","10","21","0","0","0","0","0","0","0","0","0","-2"
"196097","Stony Brook University","2015","Not on tenure/no tenure system, lecturers","123","54","69","1","1","0","15","3","12","3","2","1","3","0","3","0","0","0","88","42","46","0","0","0","1","0","1","12","6","6","-2"
"196121","SUNY College at Brockport","2015","Tenured total","189","100","89","1","0","1","21","17","4","4","4","0","6","3","3","1","1","0","155","74","81","1","1","0","0","0","0","0","0","0","-2"
"196121","SUNY College at Brockport","2015","Tenured, professors","57","38","19","1","0","1","9","9","0","1","1","0","3","2","1","0","0","0","43","26","17","0","0","0","0","0","0","0","0","0","-2"
"196121","SUNY College at Brockport","2015","Tenured, associate professors","128","62","66","0","0","0","12","8","4","3","3","0","2","1","1","1","1","0","109","48","61","1","1","0","0","0","0","0","0","0","-2"
"196121","SUNY College at Brockport","2015","Tenured, assistant professors","4","0","4","0","0","0","0","0","0","0","0","0","1","0","1","0","0","0","3","0","3","0","0","0","0","0","0","0","0","0","-2"
"196121","SUNY College at Brockport","2015","On-Tenure track total","96","44","52","0","0","0","8","6","2","2","0","2","3","2","1","0","0","0","73","32","41","0","0","0","0","0","0","10","4","6","-2"
"196121","SUNY College at Brockport","2015","On-tenure track, associate professors","7","3","4","0","0","0","1","0","1","0","0","0","1","1","0","0","0","0","5","2","3","0","0","0","0","0","0","0","0","0","-2"
"196121","SUNY College at Brockport","2015","On-tenure track, assistant professors","86","40","46","0","0","0","7","6","1","2","0","2","2","1","1","0","0","0","65","29","36","0","0","0","0","0","0","10","4","6","-2"
"196121","SUNY College at Brockport","2015","On-tenure track, instructors","3","1","2","0","0","0","0","0","0","0","0","0","0","0","0","0","0","0","3","1","2","0","0","0","0","0","0","0","0","0","-2"
"196121","SUNY College at Brockport","2015","Not on tenure track/No tenure system system total","46","13","33","0","0","0","0","0","0","4","2","2","1","0","1","0","0","0","37","10","27","0","0","0","0","0","0","4","1","3","-2"
"196121","SUNY College at Brockport","2015","Not on tenure/no tenure system, associate professors","3","0","3","0","0","0","0","0","0","0","0","0","1","0","1","0","0","0","1","0","1","0","0","0","0","0","0","1","0","1","-2"
"196121","SUNY College at Brockport","2015","Not on tenure/no tenure system, assistant professors","27","8","19","0","0","0","0","0","0","3","1","2","0","0","0","0","0","0","22","6","16","0","0","0","0","0","0","2","1","1","-2"
"196121","SUNY College at Brockport","2015","Not on tenure/no tenure system, instructors","1","0","1","0","0","0","0","0","0","0","0","0","0","0","0","0","0","0","1","0","1","0","0","0","0","0","0","0","0","0","-2"
"196121","SUNY College at Brockport","2015","Not on tenure/no tenure system, lecturers","15","5","10","0","0","0","0","0","0","1","1","0","0","0","0","0","0","0","13","4","9","0","0","0","0","0","0","1","0","1","-2"
"196130","SUNY Buffalo State","2015","Tenured total","273","159","114","1","1","0","25","13","12","14","8","6","13","6","7","0","0","0","215","128","87","0","0","0","0","0","0","5","3","2","-2"
"196130","SUNY Buffalo State","2015","Tenured, professors","103","74","29","0","0","0","10","7","3","6","3","3","2","1","1","0","0","0","84","62","22","0","0","0","0","0","0","1","1","0","-2"
"196130","SUNY Buffalo State","2015","Tenured, associate professors","167","84","83","1","1","0","14","6","8","7","5","2","11","5","6","0","0","0","130","65","65","0","0","0","0","0","0","4","2","2","-2"
"196130","SUNY Buffalo State","2015","Tenured, assistant professors","3","1","2","0","0","0","1","0","1","1","0","1","0","0","0","0","0","0","1","1","0","0","0","0","0","0","0","0","0","0","-2"
"196130","SUNY Buffalo State","2015","On-Tenure track total","64","25","39","0","0","0","8","4","4","3","1","2","4","1","3","0","0","0","42","17","25","0","0","0","0","0","0","7","2","5","-2"
"196130","SUNY Buffalo State","2015","On-tenure track, associate professors","9","2","7","0","0","0","2","2","0","0","0","0","1","0","1","0","0","0","5","0","5","0","0","0","0","0","0","1","0","1","-2"
"196130","SUNY Buffalo State","2015","On-tenure track, assistant professors","55","23","32","0","0","0","6","2","4","3","1","2","3","1","2","0","0","0","37","17","20","0","0","0","0","0","0","6","2","4","-2"
"196130","SUNY Buffalo State","2015","Not on tenure track/No tenure system system total","44","19","25","0","0","0","2","0","2","2","1","1","0","0","0","0","0","0","40","18","22","0","0","0","0","0","0","0","0","0","-2"
"196130","SUNY Buffalo State","2015","Not on tenure/no tenure system, professors","1","1","0","0","0","0","0","0","0","0","0","0","0","0","0","0","0","0","1","1","0","0","0","0","0","0","0","0","0","0","-2"
"196130","SUNY Buffalo State","2015","Not on tenure/no tenure system, associate professors","2","1","1","0","0","0","0","0","0","0","0","0","0","0","0","0","0","0","2","1","1","0","0","0","0","0","0","0","0","0","-2"
"196130","SUNY Buffalo State","2015","Not on tenure/no tenure system, assistant professors","1","1","0","0","0","0","0","0","0","0","0","0","0","0","0","0","0","0","1","1","0","0","0","0","0","0","0","0","0","0","-2"
"196130","SUNY Buffalo State","2015","Not on tenure/no tenure system, lecturers","40","16","24","0","0","0","2","0","2","2","1","1","0","0","0","0","0","0","36","15","21","0","0","0","0","0","0","0","0","0","-2"
"196185","SUNY Oneonta","2015","Tenured total","149","87","62","0","0","0","18","9","9","5","1","4","3","2","1","0","0","0","123","75","48","0","0","0","0","0","0","0","0","0","-2"
"196185","SUNY Oneonta","2015","Tenured, professors","46","30","16","0","0","0","8","6","2","3","1","2","2","1","1","0","0","0","33","22","11","0","0","0","0","0","0","0","0","0","-2"
"196185","SUNY Oneonta","2015","Tenured, associate professors","90","52","38","0","0","0","9","3","6","2","0","2","1","1","0","0","0","0","78","48","30","0","0","0","0","0","0","0","0","0","-2"
"196185","SUNY Oneonta","2015","Tenured, assistant professors","13","5","8","0","0","0","1","0","1","0","0","0","0","0","0","0","0","0","12","5","7","0","0","0","0","0","0","0","0","0","-2"
"196185","SUNY Oneonta","2015","On-Tenure track total","70","32","38","0","0","0","7","3","4","4","1","3","3","1","2","0","0","0","45","20","25","0","0","0","0","0","0","11","7","4","-2"
"196185","SUNY Oneonta","2015","On-tenure track, associate professors","7","3","4","0","0","0","1","1","0","1","0","1","0","0","0","0","0","0","5","2","3","0","0","0","0","0","0","0","0","0","-2"
"196185","SUNY Oneonta","2015","On-tenure track, assistant professors","63","29","34","0","0","0","6","2","4","3","1","2","3","1","2","0","0","0","40","18","22","0","0","0","0","0","0","11","7","4","-2"
"196185","SUNY Oneonta","2015","Not on tenure track/No tenure system system total","60","31","29","0","0","0","0","0","0","4","3","1","2","2","0","0","0","0","45","21","24","0","0","0","0","0","0","9","5","4","-2"
"196185","SUNY Oneonta","2015","Not on tenure/no tenure system, professors","1","1","0","0","0","0","0","0","0","0","0","0","0","0","0","0","0","0","1","1","0","0","0","0","0","0","0","0","0","0","-2"
"196185","SUNY Oneonta","2015","Not on tenure/no tenure system, assistant professors","3","2","1","0","0","0","0","0","0","0","0","0","0","0","0","0","0","0","0","0","0","0","0","0","0","0","0","3","2","1","-2"
"196185","SUNY Oneonta","2015","Not on tenure/no tenure system, lecturers","56","28","28","0","0","0","0","0","0","4","3","1","2","2","0","0","0","0","44","20","24","0","0","0","0","0","0","6","3","3","-2"
"196194","SUNY College at Oswego","2015","Tenured total","178","107","71","1","1","0","17","14","3","11","4","7","5","4","1","0","0","0","142","84","58","2","0","2","0","0","0","0","0","0","-2"
"196194","SUNY College at Oswego","2015","Tenured, professors","78","51","27","0","0","0","9","8","1","4","2","2","2","1","1","0","0","0","62","40","22","1","0","1","0","0","0","0","0","0","-2"
"196194","SUNY College at Oswego","2015","Tenured, associate professors","86","44","42","0","0","0","7","5","2","7","2","5","3","3","0","0","0","0","68","34","34","1","0","1","0","0","0","0","0","0","-2"
"196194","SUNY College at Oswego","2015","Tenured, assistant professors","14","12","2","1","1","0","1","1","0","0","0","0","0","0","0","0","0","0","12","10","2","0","0","0","0","0","0","0","0","0","-2"
"196194","SUNY College at Oswego","2015","On-Tenure track total","96","41","55","0","0","0","6","2","4","2","1","1","2","1","1","0","0","0","69","30","39","0","0","0","0","0","0","17","7","10","-2"
"196194","SUNY College at Oswego","2015","On-tenure track, professors","1","0","1","0","0","0","0","0","0","0","0","0","0","0","0","0","0","0","1","0","1","0","0","0","0","0","0","0","0","0","-2"
"196194","SUNY College at Oswego","2015","On-tenure track, associate professors","6","4","2","0","0","0","0","0","0","0","0","0","0","0","0","0","0","0","6","4","2","0","0","0","0","0","0","0","0","0","-2"
"196194","SUNY College at Oswego","2015","On-tenure track, assistant professors","88","37","51","0","0","0","5","2","3","2","1","1","2","1","1","0","0","0","62","26","36","0","0","0","0","0","0","17","7","10","-2"
"196194","SUNY College at Oswego","2015","On-tenure track, instructors","1","0","1","0","0","0","1","0","1","0","0","0","0","0","0","0","0","0","0","0","0","0","0","0","0","0","0","0","0","0","-2"
"196194","SUNY College at Oswego","2015","Not on tenure track/No tenure system system total","77","38","39","0","0","0","0","0","0","3","2","1","3","1","2","0","0","0","67","35","32","0","0","0","0","0","0","4","0","4","-2"
"196194","SUNY College at Oswego","2015","Not on tenure/no tenure system, assistant professors","62","29","33","0","0","0","0","0","0","3","2","1","3","1","2","0","0","0","52","26","26","0","0","0","0","0","0","4","0","4","-2"
"196194","SUNY College at Oswego","2015","Not on tenure/no tenure system, instructors","8","4","4","0","0","0","0","0","0","0","0","0","0","0","0","0","0","0","8","4","4","0","0","0","0","0","0","0","0","0","-2"
"196194","SUNY College at Oswego","2015","Not on tenure/no tenure system, lecturers","7","5","2","0","0","0","0","0","0","0","0","0","0","0","0","0","0","0","7","5","2","0","0","0","0","0","0","0","0","0","-2"
"196291","SUNY Maritime College","2015","Tenured total","36","28","8","0","0","0","1","1","0","0","0","0","0","0","0","0","0","0","35","27","8","0","0","0","0","0","0","0","0","0","-2"
"196291","SUNY Maritime College","2015","Tenured, professors","22","17","5","0","0","0","0","0","0","0","0","0","0","0","0","0","0","0","22","17","5","0","0","0","0","0","0","0","0","0","-2"
"196291","SUNY Maritime College","2015","Tenured, associate professors","11","8","3","0","0","0","1","1","0","0","0","0","0","0","0","0","0","0","10","7","3","0","0","0","0","0","0","0","0","0","-2"
"196291","SUNY Maritime College","2015","Tenured, assistant professors","3","3","0","0","0","0","0","0","0","0","0","0","0","0","0","0","0","0","3","3","0","0","0","0","0","0","0","0","0","0","-2"
"196291","SUNY Maritime College","2015","On-Tenure track total","18","10","8","0","0","0","1","1","0","1","0","1","0","0","0","0","0","0","16","9","7","0","0","0","0","0","0","0","0","0","-2"
"196291","SUNY Maritime College","2015","On-tenure track, associate professors","1","1","0","0","0","0","0","0","0","0","0","0","0","0","0","0","0","0","1","1","0","0","0","0","0","0","0","0","0","0","-2"
"196291","SUNY Maritime College","2015","On-tenure track, assistant professors","17","9","8","0","0","0","1","1","0","1","0","1","0","0","0","0","0","0","15","8","7","0","0","0","0","0","0","0","0","0","-2"
"196291","SUNY Maritime College","2015","Not on tenure track/No tenure system system total","33","29","4","0","0","0","2","2","0","1","1","0","1","1","0","0","0","0","28","24","4","0","0","0","0","0","0","1","1","0","-2"
"196291","SUNY Maritime College","2015","Not on tenure/no tenure system, professors","1","1","0","0","0","0","1","1","0","0","0","0","0","0","0","0","0","0","0","0","0","0","0","0","0","0","0","0","0","0","-2"
"196291","SUNY Maritime College","2015","Not on tenure/no tenure system, instructors","8","8","0","0","0","0","0","0","0","0","0","0","1","1","0","0","0","0","7","7","0","0","0","0","0","0","0","0","0","0","-2"
"196291","SUNY Maritime College","2015","Not on tenure/no tenure system, lecturers","24","20","4","0","0","0","1","1","0","1","1","0","0","0","0","0","0","0","21","17","4","0","0","0","0","0","0","1","1","0","-2"
"197869","Appalachian State University","2015","Tenured total","514","298","216","2","0","2","10","7","3","11","9","2","7","2","5","0","0","0","461","266","195","2","2","0","6","4","2","15","8","7","-2"
"197869","Appalachian State University","2015","Tenured, professors","288","183","105","0","0","0","5","5","0","5","4","1","4","0","4","0","0","0","266","168","98","0","0","0","4","3","1","4","3","1","-2"
"197869","Appalachian State University","2015","Tenured, associate professors","226","115","111","2","0","2","5","2","3","6","5","1","3","2","1","0","0","0","195","98","97","2","2","0","2","1","1","11","5","6","-2"
"197869","Appalachian State University","2015","On-Tenure track total","199","85","114","0","0","0","8","6","2","5","1","4","1","1","0","0","0","0","163","71","92","4","0","4","3","0","3","15","6","9","-2"
"197869","Appalachian State University","2015","On-tenure track, associate professors","10","3","7","0","0","0","0","0","0","1","0","1","0","0","0","0","0","0","9","3","6","0","0","0","0","0","0","0","0","0","-2"
"197869","Appalachian State University","2015","On-tenure track, assistant professors","189","82","107","0","0","0","8","6","2","4","1","3","1","1","0","0","0","0","154","68","86","4","0","4","3","0","3","15","6","9","-2"
"197869","Appalachian State University","2015","Not on tenure track/No tenure system system total","216","101","115","0","0","0","2","0","2","2","2","0","3","0","3","0","0","0","200","94","106","2","1","1","1","0","1","6","4","2","-2"
"197869","Appalachian State University","2015","Not on tenure/no tenure system, professors","1","1","0","0","0","0","0","0","0","0","0","0","0","0","0","0","0","0","1","1","0","0","0","0","0","0","0","0","0","0","-2"
"197869","Appalachian State University","2015","Not on tenure/no tenure system, assistant professors","2","2","0","0","0","0","0","0","0","0","0","0","0","0","0","0","0","0","2","2","0","0","0","0","0","0","0","0","0","0","-2"
"197869","Appalachian State University","2015","Not on tenure/no tenure system, instructors","10","7","3","0","0","0","0","0","0","2","2","0","0","0","0","0","0","0","7","4","3","1","1","0","0","0","0","0","0","0","-2"
"197869","Appalachian State University","2015","Not on tenure/no tenure system, lecturers","149","67","82","0","0","0","2","0","2","0","0","0","1","0","1","0","0","0","141","64","77","1","0","1","1","0","1","3","3","0","-2"
"197869","Appalachian State University","2015","Not on tenure/no tenure system, no academic rank","54","24","30","0","0","0","0","0","0","0","0","0","2","0","2","0","0","0","49","23","26","0","0","0","0","0","0","3","1","2","-2"
"198419","Duke University","2015","Tenured total","1273","953","320","1","1","0","146","109","37","47","29","18","34","27","7","1","1","0","1044","786","258","0","0","0","0","0","0","0","0","0","-2"
"198419","Duke University","2015","Tenured, professors","942","741","201","1","1","0","102","80","22","33","24","9","19","16","3","1","1","0","786","619","167","0","0","0","0","0","0","0","0","0","-2"
"198419","Duke University","2015","Tenured, associate professors","331","212","119","0","0","0","44","29","15","14","5","9","15","11","4","0","0","0","258","167","91","0","0","0","0","0","0","0","0","0","-2"
"198419","Duke University","2015","On-Tenure track total","419","254","165","1","1","0","85","58","27","22","11","11","19","10","9","0","0","0","292","174","118","0","0","0","0","0","0","0","0","0","-2"
"198419","Duke University","2015","On-tenure track, professors","1","1","0","0","0","0","0","0","0","0","0","0","0","0","0","0","0","0","1","1","0","0","0","0","0","0","0","0","0","0","-2"
"198419","Duke University","2015","On-tenure track, associate professors","107","65","42","0","0","0","21","13","8","2","1","1","3","1","2","0","0","0","81","50","31","0","0","0","0","0","0","0","0","0","-2"
"198419","Duke University","2015","On-tenure track, assistant professors","311","188","123","1","1","0","64","45","19","20","10","10","16","9","7","0","0","0","210","123","87","0","0","0","0","0","0","0","0","0","-2"
"198419","Duke University","2015","Not on tenure track/No tenure system system total","1953","1010","943","4","3","1","314","176","138","95","43","52","66","32","34","4","2","2","1470","754","716","0","0","0","0","0","0","0","0","0","-2"
"198419","Duke University","2015","Not on tenure/no tenure system, professors","240","156","84","0","0","0","31","23","8","6","5","1","2","1","1","0","0","0","201","127","74","0","0","0","0","0","0","0","0","0","-2"
"198419","Duke University","2015","Not on tenure/no tenure system, associate professors","374","221","153","0","0","0","59","39","20","13","6","7","17","12","5","0","0","0","285","164","121","0","0","0","0","0","0","0","0","0","-2"
"198419","Duke University","2015","Not on tenure/no tenure system, assistant professors","849","432","417","2","1","1","146","85","61","44","20","24","31","13","18","1","0","1","625","313","312","0","0","0","0","0","0","0","0","0","-2"
"198419","Duke University","2015","Not on tenure/no tenure system, instructors","371","164","207","2","2","0","71","28","43","27","10","17","8","2","6","3","2","1","260","120","140","0","0","0","0","0","0","0","0","0","-2"
"198419","Duke University","2015","Not on tenure/no tenure system, lecturers","119","37","82","0","0","0","7","1","6","5","2","3","8","4","4","0","0","0","99","30","69","0","0","0","0","0","0","0","0","0","-2"
"199102","North Carolina A & T State University","2015","Tenured total","259","173","86","0","0","0","41","34","7","141","82","59","3","2","1","0","0","0","69","51","18","1","1","0","0","0","0","4","3","1","-2"
"199102","North Carolina A & T State University","2015","Tenured, professors","103","78","25","0","0","0","21","19","2","47","32","15","1","1","0","0","0","0","30","23","7","1","1","0","0","0","0","3","2","1","-2"
"199102","North Carolina A & T State University","2015","Tenured, associate professors","151","92","59","0","0","0","19","14","5","90","48","42","2","1","1","0","0","0","39","28","11","0","0","0","0","0","0","1","1","0","-2"
"199102","North Carolina A & T State University","2015","Tenured, assistant professors","5","3","2","0","0","0","1","1","0","4","2","2","0","0","0","0","0","0","0","0","0","0","0","0","0","0","0","0","0","0","-2"
"199102","North Carolina A & T State University","2015","On-Tenure track total","86","48","38","0","0","0","19","14","5","36","11","25","1","1","0","0","0","0","22","15","7","0","0","0","0","0","0","8","7","1","-2"
"199102","North Carolina A & T State University","2015","On-tenure track, professors","1","1","0","0","0","0","0","0","0","1","1","0","0","0","0","0","0","0","0","0","0","0","0","0","0","0","0","0","0","0","-2"
"199102","North Carolina A & T State University","2015","On-tenure track, associate professors","12","7","5","0","0","0","0","0","0","8","4","4","0","0","0","0","0","0","4","3","1","0","0","0","0","0","0","0","0","0","-2"
"199102","North Carolina A & T State University","2015","On-tenure track, assistant professors","71","39","32","0","0","0","19","14","5","26","6","20","0","0","0","0","0","0","18","12","6","0","0","0","0","0","0","8","7","1","-2"
"199102","North Carolina A & T State University","2015","On-tenure track, no academic rank","2","1","1","0","0","0","0","0","0","1","0","1","1","1","0","0","0","0","0","0","0","0","0","0","0","0","0","0","0","0","-2"
"199102","North Carolina A & T State University","2015","Not on tenure track/No tenure system system total","66","27","39","1","0","1","3","2","1","45","18","27","1","0","1","0","0","0","14","7","7","0","0","0","1","0","1","1","0","1","-2"
"199102","North Carolina A & T State University","2015","Not on tenure/no tenure system, assistant professors","3","0","3","0","0","0","0","0","0","2","0","2","0","0","0","0","0","0","1","0","1","0","0","0","0","0","0","0","0","0","-2"
"199102","North Carolina A & T State University","2015","Not on tenure/no tenure system, instructors","1","1","0","0","0","0","0","0","0","0","0","0","0","0","0","0","0","0","1","1","0","0","0","0","0","0","0","0","0","0","-2"
"199102","North Carolina A & T State University","2015","Not on tenure/no tenure system, lecturers","23","7","16","1","0","1","1","0","1","17","7","10","1","0","1","0","0","0","1","0","1","0","0","0","1","0","1","1","0","1","-2"
"199102","North Carolina A & T State University","2015","Not on tenure/no tenure system, no academic rank","39","19","20","0","0","0","2","2","0","26","11","15","0","0","0","0","0","0","11","6","5","0","0","0","0","0","0","0","0","0","-2"
"199111","University of North Carolina at Asheville","2015","Tenured total","116","68","48","1","1","0","9","4","5","8","5","3","4","1","3","0","0","0","93","57","36","1","0","1","0","0","0","0","0","0","-2"
"199111","University of North Carolina at Asheville","2015","Tenured, professors","61","41","20","1","1","0","2","1","1","2","1","1","1","1","0","0","0","0","55","37","18","0","0","0","0","0","0","0","0","0","-2"
"199111","University of North Carolina at Asheville","2015","Tenured, associate professors","54","26","28","0","0","0","7","3","4","5","3","2","3","0","3","0","0","0","38","20","18","1","0","1","0","0","0","0","0","0","-2"
"199111","University of North Carolina at Asheville","2015","Tenured, assistant professors","1","1","0","0","0","0","0","0","0","1","1","0","0","0","0","0","0","0","0","0","0","0","0","0","0","0","0","0","0","0","-2"
"199111","University of North Carolina at Asheville","2015","On-Tenure track total","51","25","26","1","1","0","1","0","1","5","3","2","2","1","1","1","0","1","37","18","19","0","0","0","0","0","0","4","2","2","-2"
"199111","University of North Carolina at Asheville","2015","On-tenure track, associate professors","2","0","2","0","0","0","0","0","0","1","0","1","0","0","0","0","0","0","1","0","1","0","0","0","0","0","0","0","0","0","-2"
"199111","University of North Carolina at Asheville","2015","On-tenure track, assistant professors","49","25","24","1","1","0","1","0","1","4","3","1","2","1","1","1","0","1","36","18","18","0","0","0","0","0","0","4","2","2","-2"
"199111","University of North Carolina at Asheville","2015","Not on tenure track/No tenure system system total","47","24","23","0","0","0","0","0","0","1","1","0","1","0","1","0","0","0","41","21","20","0","0","0","1","1","0","3","1","2","-2"
"199111","University of North Carolina at Asheville","2015","Not on tenure/no tenure system, lecturers","45","23","22","0","0","0","0","0","0","1","1","0","1","0","1","0","0","0","39","20","19","0","0","0","1","1","0","3","1","2","-2"
"199111","University of North Carolina at Asheville","2015","Not on tenure/no tenure system, no academic rank","2","1","1","0","0","0","0","0","0","0","0","0","0","0","0","0","0","0","2","1","1","0","0","0","0","0","0","0","0","0","-2"
"199120","University of North Carolina at Chapel Hill","2015","Tenured total","880","566","314","4","2","2","75","54","21","46","19","27","32","15","17","0","0","0","708","464","244","5","3","2","0","0","0","10","9","1","-2"
"199120","University of North Carolina at Chapel Hill","2015","Tenured, professors","554","378","176","2","2","0","41","35","6","16","8","8","8","2","6","0","0","0","479","323","156","2","2","0","0","0","0","6","6","0","-2"
"199120","University of North Carolina at Chapel Hill","2015","Tenured, associate professors","325","188","137","2","0","2","33","19","14","30","11","19","24","13","11","0","0","0","229","141","88","3","1","2","0","0","0","4","3","1","-2"
"199120","University of North Carolina at Chapel Hill","2015","Tenured, assistant professors","1","0","1","0","0","0","1","0","1","0","0","0","0","0","0","0","0","0","0","0","0","0","0","0","0","0","0","0","0","0","-2"
"199120","University of North Carolina at Chapel Hill","2015","On-Tenure track total","329","170","159","3","1","2","30","15","15","30","10","20","23","12","11","0","0","0","191","102","89","4","1","3","3","1","2","45","28","17","-2"
"199120","University of North Carolina at Chapel Hill","2015","On-tenure track, associate professors","25","14","11","0","0","0","0","0","0","2","1","1","2","1","1","0","0","0","20","11","9","0","0","0","0","0","0","1","1","0","-2"
"199120","University of North Carolina at Chapel Hill","2015","On-tenure track, assistant professors","301","155","146","3","1","2","30","15","15","28","9","19","21","11","10","0","0","0","170","91","79","4","1","3","3","1","2","42","26","16","-2"
"199120","University of North Carolina at Chapel Hill","2015","On-tenure track, instructors","3","1","2","0","0","0","0","0","0","0","0","0","0","0","0","0","0","0","1","0","1","0","0","0","0","0","0","2","1","1","-2"
"199120","University of North Carolina at Chapel Hill","2015","Not on tenure track/No tenure system system total","522","199","323","4","2","2","29","8","21","26","8","18","33","18","15","0","0","0","398","149","249","1","0","1","6","2","4","25","12","13","-2"
"199120","University of North Carolina at Chapel Hill","2015","Not on tenure/no tenure system, professors","28","17","11","0","0","0","0","0","0","2","0","2","3","3","0","0","0","0","21","12","9","0","0","0","0","0","0","2","2","0","-2"
"199120","University of North Carolina at Chapel Hill","2015","Not on tenure/no tenure system, associate professors","52","20","32","0","0","0","3","1","2","1","0","1","2","1","1","0","0","0","43","16","27","0","0","0","0","0","0","3","2","1","-2"
"199120","University of North Carolina at Chapel Hill","2015","Not on tenure/no tenure system, assistant professors","69","21","48","0","0","0","7","2","5","5","1","4","3","2","1","0","0","0","52","15","37","0","0","0","2","1","1","0","0","0","-2"
"199120","University of North Carolina at Chapel Hill","2015","Not on tenure/no tenure system, instructors","4","1","3","0","0","0","0","0","0","0","0","0","0","0","0","0","0","0","3","1","2","0","0","0","0","0","0","1","0","1","-2"
"199120","University of North Carolina at Chapel Hill","2015","Not on tenure/no tenure system, lecturers","171","72","99","0","0","0","10","2","8","8","4","4","17","8","9","0","0","0","120","52","68","0","0","0","2","1","1","14","5","9","-2"
"199120","University of North Carolina at Chapel Hill","2015","Not on tenure/no tenure system, no academic rank","198","68","130","4","2","2","9","3","6","10","3","7","8","4","4","0","0","0","159","53","106","1","0","1","2","0","2","5","3","2","-2"
"199139","University of North Carolina at Charlotte","2015","Tenured total","525","335","190","0","0","0","65","53","12","25","13","12","16","9","7","0","0","0","388","244","144","0","0","0","8","4","4","23","12","11","-2"
"199139","University of North Carolina at Charlotte","2015","Tenured, professors","209","156","53","0","0","0","28","23","5","3","3","0","6","3","3","0","0","0","166","122","44","0","0","0","4","3","1","2","2","0","-2"
"199139","University of North Carolina at Charlotte","2015","Tenured, associate professors","314","178","136","0","0","0","37","30","7","22","10","12","10","6","4","0","0","0","220","121","99","0","0","0","4","1","3","21","10","11","-2"
"199139","University of North Carolina at Charlotte","2015","Tenured, assistant professors","2","1","1","0","0","0","0","0","0","0","0","0","0","0","0","0","0","0","2","1","1","0","0","0","0","0","0","0","0","0","-2"
"199139","University of North Carolina at Charlotte","2015","On-Tenure track total","176","85","91","0","0","0","14","6","8","17","8","9","5","3","2","0","0","0","72","36","36","0","0","0","43","17","26","25","15","10","-2"
"199139","University of North Carolina at Charlotte","2015","On-tenure track, associate professors","7","6","1","0","0","0","3","2","1","0","0","0","0","0","0","0","0","0","1","1","0","0","0","0","3","3","0","0","0","0","-2"
"199139","University of North Carolina at Charlotte","2015","On-tenure track, assistant professors","169","79","90","0","0","0","11","4","7","17","8","9","5","3","2","0","0","0","71","35","36","0","0","0","40","14","26","25","15","10","-2"
"199139","University of North Carolina at Charlotte","2015","Not on tenure track/No tenure system system total","308","114","194","0","0","0","13","4","9","24","4","20","9","4","5","0","0","0","224","83","141","1","0","1","24","10","14","13","9","4","-2"
"199139","University of North Carolina at Charlotte","2015","Not on tenure/no tenure system, associate professors","3","2","1","0","0","0","0","0","0","1","0","1","0","0","0","0","0","0","2","2","0","0","0","0","0","0","0","0","0","0","-2"
"199139","University of North Carolina at Charlotte","2015","Not on tenure/no tenure system, assistant professors","8","4","4","0","0","0","1","0","1","0","0","0","0","0","0","0","0","0","4","1","3","0","0","0","1","1","0","2","2","0","-2"
"199139","University of North Carolina at Charlotte","2015","Not on tenure/no tenure system, lecturers","231","83","148","0","0","0","7","2","5","15","2","13","8","3","5","0","0","0","176","63","113","1","0","1","15","8","7","9","5","4","-2"
"199139","University of North Carolina at Charlotte","2015","Not on tenure/no tenure system, no academic rank","66","25","41","0","0","0","5","2","3","8","2","6","1","1","0","0","0","0","42","17","25","0","0","0","8","1","7","2","2","0","-2"
"199157","North Carolina Central University","2015","Tenured total","174","100","74","0","0","0","20","12","8","97","51","46","3","2","1","0","0","0","42","25","17","0","0","0","6","5","1","6","5","1","-2"
"199157","North Carolina Central University","2015","Tenured, professors","51","32","19","0","0","0","6","3","3","32","18","14","0","0","0","0","0","0","13","11","2","0","0","0","0","0","0","0","0","0","-2"
"199157","North Carolina Central University","2015","Tenured, associate professors","111","62","49","0","0","0","13","8","5","55","29","26","3","2","1","0","0","0","28","13","15","0","0","0","6","5","1","6","5","1","-2"
"199157","North Carolina Central University","2015","Tenured, assistant professors","12","6","6","0","0","0","1","1","0","10","4","6","0","0","0","0","0","0","1","1","0","0","0","0","0","0","0","0","0","0","-2"
"199157","North Carolina Central University","2015","On-Tenure track total","88","39","49","0","0","0","7","5","2","43","12","31","1","1","0","0","0","0","26","13","13","0","0","0","6","3","3","5","5","0","-2"
"199157","North Carolina Central University","2015","On-tenure track, professors","2","1","1","0","0","0","1","1","0","1","0","1","0","0","0","0","0","0","0","0","0","0","0","0","0","0","0","0","0","0","-2"
"199157","North Carolina Central University","2015","On-tenure track, associate professors","8","5","3","0","0","0","1","1","0","4","2","2","0","0","0","0","0","0","1","1","0","0","0","0","1","0","1","1","1","0","-2"
"199157","North Carolina Central University","2015","On-tenure track, assistant professors","73","31","42","0","0","0","5","3","2","35","10","25","1","1","0","0","0","0","23","10","13","0","0","0","5","3","2","4","4","0","-2"
"199157","North Carolina Central University","2015","On-tenure track, no academic rank","5","2","3","0","0","0","0","0","0","3","0","3","0","0","0","0","0","0","2","2","0","0","0","0","0","0","0","0","0","0","-2"
"199157","North Carolina Central University","2015","Not on tenure track/No tenure system system total","124","47","77","0","0","0","6","2","4","74","25","49","2","1","1","0","0","0","35","14","21","0","0","0","3","1","2","4","4","0","-2"
"199157","North Carolina Central University","2015","Not on tenure/no tenure system, professors","1","0","1","0","0","0","0","0","0","0","0","0","0","0","0","0","0","0","1","0","1","0","0","0","0","0","0","0","0","0","-2"
"199157","North Carolina Central University","2015","Not on tenure/no tenure system, associate professors","5","1","4","0","0","0","0","0","0","3","0","3","0","0","0","0","0","0","2","1","1","0","0","0","0","0","0","0","0","0","-2"
"199157","North Carolina Central University","2015","Not on tenure/no tenure system, assistant professors","8","3","5","0","0","0","0","0","0","6","2","4","0","0","0","0","0","0","1","0","1","0","0","0","0","0","0","1","1","0","-2"
"199157","North Carolina Central University","2015","Not on tenure/no tenure system, instructors","7","3","4","0","0","0","1","1","0","4","1","3","0","0","0","0","0","0","1","0","1","0","0","0","0","0","0","1","1","0","-2"
"199157","North Carolina Central University","2015","Not on tenure/no tenure system, lecturers","21","5","16","0","0","0","0","0","0","15","3","12","0","0","0","0","0","0","4","2","2","0","0","0","2","0","2","0","0","0","-2"
"199157","North Carolina Central University","2015","Not on tenure/no tenure system, no academic rank","82","35","47","0","0","0","5","1","4","46","19","27","2","1","1","0","0","0","26","11","15","0","0","0","1","1","0","2","2","0","-2"
"199193","North Carolina State University at Raleigh","2015","Tenured total","1051","780","271","1","1","0","118","101","17","41","24","17","38","19","19","1","1","0","824","617","207","5","3","2","20","11","9","3","3","0","-2"
"199193","North Carolina State University at Raleigh","2015","Tenured, professors","645","525","120","0","0","0","77","69","8","10","8","2","23","13","10","0","0","0","521","424","97","4","2","2","8","7","1","2","2","0","-2"
"199193","North Carolina State University at Raleigh","2015","Tenured, associate professors","405","254","151","1","1","0","41","32","9","31","16","15","15","6","9","1","1","0","302","192","110","1","1","0","12","4","8","1","1","0","-2"
"199193","North Carolina State University at Raleigh","2015","Tenured, assistant professors","1","1","0","0","0","0","0","0","0","0","0","0","0","0","0","0","0","0","1","1","0","0","0","0","0","0","0","0","0","0","-2"
"199193","North Carolina State University at Raleigh","2015","On-Tenure track total","299","176","123","0","0","0","30","19","11","14","8","6","14","8","6","0","0","0","152","93","59","3","2","1","57","22","35","29","24","5","-2"
"199193","North Carolina State University at Raleigh","2015","On-tenure track, associate professors","35","20","15","0","0","0","6","4","2","0","0","0","1","0","1","0","0","0","20","12","8","0","0","0","7","3","4","1","1","0","-2"
"199193","North Carolina State University at Raleigh","2015","On-tenure track, assistant professors","264","156","108","0","0","0","24","15","9","14","8","6","13","8","5","0","0","0","132","81","51","3","2","1","50","19","31","28","23","5","-2"
"199193","North Carolina State University at Raleigh","2015","Not on tenure track/No tenure system system total","340","152","188","0","0","0","12","4","8","13","5","8","13","7","6","0","0","0","268","119","149","2","1","1","28","13","15","4","3","1","-2"
"199193","North Carolina State University at Raleigh","2015","Not on tenure/no tenure system, professors","11","7","4","0","0","0","0","0","0","0","0","0","1","1","0","0","0","0","10","6","4","0","0","0","0","0","0","0","0","0","-2"
"199193","North Carolina State University at Raleigh","2015","Not on tenure/no tenure system, associate professors","45","22","23","0","0","0","3","1","2","2","0","2","3","1","2","0","0","0","37","20","17","0","0","0","0","0","0","0","0","0","-2"
"199193","North Carolina State University at Raleigh","2015","Not on tenure/no tenure system, assistant professors","92","37","55","0","0","0","4","1","3","3","1","2","4","2","2","0","0","0","70","26","44","1","1","0","8","4","4","2","2","0","-2"
"199193","North Carolina State University at Raleigh","2015","Not on tenure/no tenure system, lecturers","181","78","103","0","0","0","5","2","3","6","2","4","5","3","2","0","0","0","144","63","81","1","0","1","19","8","11","1","0","1","-2"
"199193","North Carolina State University at Raleigh","2015","Not on tenure/no tenure system, no academic rank","11","8","3","0","0","0","0","0","0","2","2","0","0","0","0","0","0","0","7","4","3","0","0","0","1","1","0","1","1","0","-2"
"199847","Wake Forest University","2015","Tenured total","524","349","175","2","2","0","38","31","7","17","11","6","24","14","10","0","0","0","435","286","149","1","1","0","2","2","0","5","2","3","-2"
"199847","Wake Forest University","2015","Tenured, professors","341","248","93","1","1","0","21","19","2","10","7","3","9","7","2","0","0","0","298","212","86","0","0","0","1","1","0","1","1","0","-2"
"199847","Wake Forest University","2015","Tenured, associate professors","172","94","78","1","1","0","17","12","5","7","4","3","15","7","8","0","0","0","126","67","59","1","1","0","1","1","0","4","1","3","-2"
"199847","Wake Forest University","2015","Tenured, assistant professors","7","3","4","0","0","0","0","0","0","0","0","0","0","0","0","0","0","0","7","3","4","0","0","0","0","0","0","0","0","0","-2"
"199847","Wake Forest University","2015","Tenured, no academic rank","4","4","0","0","0","0","0","0","0","0","0","0","0","0","0","0","0","0","4","4","0","0","0","0","0","0","0","0","0","0","-2"
"199847","Wake Forest University","2015","On-Tenure track total","153","85","68","1","1","0","19","14","5","8","3","5","7","2","5","0","0","0","102","55","47","0","0","0","6","3","3","10","7","3","-2"
"199847","Wake Forest University","2015","On-tenure track, professors","2","0","2","0","0","0","0","0","0","0","0","0","1","0","1","0","0","0","1","0","1","0","0","0","0","0","0","0","0","0","-2"
"199847","Wake Forest University","2015","On-tenure track, associate professors","14","8","6","0","0","0","2","1","1","0","0","0","0","0","0","0","0","0","12","7","5","0","0","0","0","0","0","0","0","0","-2"
"199847","Wake Forest University","2015","On-tenure track, assistant professors","137","77","60","1","1","0","17","13","4","8","3","5","6","2","4","0","0","0","89","48","41","0","0","0","6","3","3","10","7","3","-2"
"199847","Wake Forest University","2015","Not on tenure track/No tenure system system total","1126","687","439","4","2","2","141","89","52","56","21","35","29","12","17","2","0","2","856","538","318","7","3","4","7","5","2","24","17","7","-2"
"199847","Wake Forest University","2015","Not on tenure/no tenure system, professors","122","105","17","0","0","0","11","10","1","3","2","1","1","1","0","0","0","0","104","89","15","0","0","0","0","0","0","3","3","0","-2"
"199847","Wake Forest University","2015","Not on tenure/no tenure system, associate professors","223","152","71","2","0","2","19","13","6","6","2","4","3","0","3","0","0","0","191","135","56","0","0","0","0","0","0","2","2","0","-2"
"199847","Wake Forest University","2015","Not on tenure/no tenure system, assistant professors","418","218","200","2","2","0","72","38","34","25","9","16","13","7","6","2","0","2","289","153","136","7","3","4","0","0","0","8","6","2","-2"
"199847","Wake Forest University","2015","Not on tenure/no tenure system, instructors","162","83","79","0","0","0","27","22","5","10","4","6","7","2","5","0","0","0","107","48","59","0","0","0","5","4","1","6","3","3","-2"
"199847","Wake Forest University","2015","Not on tenure/no tenure system, lecturers","85","49","36","0","0","0","7","3","4","2","0","2","4","1","3","0","0","0","66","41","25","0","0","0","1","1","0","5","3","2","-2"
"199847","Wake Forest University","2015","Not on tenure/no tenure system, no academic rank","116","80","36","0","0","0","5","3","2","10","4","6","1","1","0","0","0","0","99","72","27","0","0","0","1","0","1","0","0","0","-2"
"200280","University of North Dakota","2015","Tenured total","372","246","126","2","1","1","15","13","2","4","3","1","2","1","1","0","0","0","289","185","104","3","1","2","3","3","0","54","39","15","-2"
"200280","University of North Dakota","2015","Tenured, professors","168","120","48","1","1","0","9","8","1","2","2","0","0","0","0","0","0","0","141","97","44","1","1","0","1","1","0","13","10","3","-2"
"200280","University of North Dakota","2015","Tenured, associate professors","194","119","75","1","0","1","6","5","1","2","1","1","1","0","1","0","0","0","140","82","58","2","0","2","2","2","0","40","29","11","-2"
"200280","University of North Dakota","2015","Tenured, assistant professors","10","7","3","0","0","0","0","0","0","0","0","0","1","1","0","0","0","0","8","6","2","0","0","0","0","0","0","1","0","1","-2"
"200280","University of North Dakota","2015","On-Tenure track total","109","65","44","0","0","0","8","4","4","0","0","0","0","0","0","0","0","0","63","36","27","3","0","3","2","2","0","33","23","10","-2"
"200280","University of North Dakota","2015","On-tenure track, associate professors","7","7","0","0","0","0","0","0","0","0","0","0","0","0","0","0","0","0","5","5","0","0","0","0","0","0","0","2","2","0","-2"
"200280","University of North Dakota","2015","On-tenure track, assistant professors","100","58","42","0","0","0","8","4","4","0","0","0","0","0","0","0","0","0","56","31","25","3","0","3","2","2","0","31","21","10","-2"
"200280","University of North Dakota","2015","On-tenure track, no academic rank","2","0","2","0","0","0","0","0","0","0","0","0","0","0","0","0","0","0","2","0","2","0","0","0","0","0","0","0","0","0","-2"
"200280","University of North Dakota","2015","Not on tenure track/No tenure system system total","247","101","146","6","2","4","11","4","7","5","1","4","1","0","1","0","0","0","203","83","120","5","2","3","2","1","1","14","8","6","-2"
"200280","University of North Dakota","2015","Not on tenure/no tenure system, professors","5","2","3","0","0","0","1","0","1","0","0","0","0","0","0","0","0","0","4","2","2","0","0","0","0","0","0","0","0","0","-2"
"200280","University of North Dakota","2015","Not on tenure/no tenure system, associate professors","40","18","22","2","0","2","2","1","1","0","0","0","0","0","0","0","0","0","32","14","18","2","1","1","1","1","0","1","1","0","-2"
"200280","University of North Dakota","2015","Not on tenure/no tenure system, assistant professors","99","37","62","4","2","2","4","2","2","3","1","2","0","0","0","0","0","0","77","26","51","2","1","1","1","0","1","8","5","3","-2"
"200280","University of North Dakota","2015","Not on tenure/no tenure system, instructors","54","18","36","0","0","0","0","0","0","1","0","1","0","0","0","0","0","0","52","18","34","0","0","0","0","0","0","1","0","1","-2"
"200280","University of North Dakota","2015","Not on tenure/no tenure system, lecturers","37","20","17","0","0","0","1","0","1","1","0","1","1","0","1","0","0","0","31","19","12","1","0","1","0","0","0","2","1","1","-2"
"200280","University of North Dakota","2015","Not on tenure/no tenure system, no academic rank","12","6","6","0","0","0","3","1","2","0","0","0","0","0","0","0","0","0","7","4","3","0","0","0","0","0","0","2","1","1","-2"
"201885","University of Cincinnati-Main Campus","2015","Tenured total","762","510","252","1","1","0","110","79","31","27","13","14","20","12","8","1","0","1","551","370","181","1","1","0","41","26","15","10","8","2","-2"
"201885","University of Cincinnati-Main Campus","2015","Tenured, professors","412","315","97","0","0","0","69","56","13","13","8","5","7","6","1","0","0","0","310","234","76","0","0","0","12","10","2","1","1","0","-2"
"201885","University of Cincinnati-Main Campus","2015","Tenured, associate professors","313","174","139","1","1","0","39","22","17","13","5","8","12","6","6","1","0","1","217","123","94","0","0","0","24","13","11","6","4","2","-2"
"201885","University of Cincinnati-Main Campus","2015","Tenured, assistant professors","37","21","16","0","0","0","2","1","1","1","0","1","1","0","1","0","0","0","24","13","11","1","1","0","5","3","2","3","3","0","-2"
"201885","University of Cincinnati-Main Campus","2015","On-Tenure track total","223","121","102","0","0","0","27","14","13","18","6","12","8","4","4","0","0","0","119","62","57","0","0","0","23","14","9","28","21","7","-2"
"201885","University of Cincinnati-Main Campus","2015","On-tenure track, professors","1","0","1","0","0","0","0","0","0","0","0","0","0","0","0","0","0","0","1","0","1","0","0","0","0","0","0","0","0","0","-2"
"201885","University of Cincinnati-Main Campus","2015","On-tenure track, associate professors","20","11","9","0","0","0","3","2","1","1","1","0","2","0","2","0","0","0","10","5","5","0","0","0","3","3","0","1","0","1","-2"
"201885","University of Cincinnati-Main Campus","2015","On-tenure track, assistant professors","202","110","92","0","0","0","24","12","12","17","5","12","6","4","2","0","0","0","108","57","51","0","0","0","20","11","9","27","21","6","-2"
"201885","University of Cincinnati-Main Campus","2015","Not on tenure track/No tenure system system total","965","492","473","1","1","0","86","48","38","33","17","16","15","3","12","0","0","0","650","322","328","4","4","0","136","75","61","40","22","18","-2"
"201885","University of Cincinnati-Main Campus","2015","Not on tenure/no tenure system, professors","113","72","41","0","0","0","14","10","4","2","2","0","0","0","0","0","0","0","91","56","35","0","0","0","5","3","2","1","1","0","-2"
"201885","University of Cincinnati-Main Campus","2015","Not on tenure/no tenure system, associate professors","240","128","112","1","1","0","25","12","13","10","6","4","5","0","5","0","0","0","169","92","77","0","0","0","26","17","9","4","0","4","-2"
"201885","University of Cincinnati-Main Campus","2015","Not on tenure/no tenure system, assistant professors","484","251","233","0","0","0","41","23","18","18","8","10","7","3","4","0","0","0","304","154","150","3","3","0","82","43","39","29","17","12","-2"
"201885","University of Cincinnati-Main Campus","2015","Not on tenure/no tenure system, instructors","126","41","85","0","0","0","5","3","2","3","1","2","3","0","3","0","0","0","86","20","66","1","1","0","22","12","10","6","4","2","-2"
"201885","University of Cincinnati-Main Campus","2015","Not on tenure/no tenure system, no academic rank","2","0","2","0","0","0","1","0","1","0","0","0","0","0","0","0","0","0","0","0","0","0","0","0","1","0","1","0","0","0","-2"
"204796","Ohio State University-Main Campus","2015","Tenured total","1812","1207","605","1","0","1","204","159","45","64","35","29","60","35","25","0","0","0","1304","850","454","14","9","5","48","33","15","117","86","31","-2"
"204796","Ohio State University-Main Campus","2015","Tenured, professors","991","729","262","1","0","1","119","99","20","20","13","7","21","15","6","0","0","0","748","534","214","4","3","1","27","23","4","51","42","9","-2"
"204796","Ohio State University-Main Campus","2015","Tenured, associate professors","791","466","325","0","0","0","84","60","24","41","22","19","39","20","19","0","0","0","530","304","226","10","6","4","21","10","11","66","44","22","-2"
"204796","Ohio State University-Main Campus","2015","Tenured, assistant professors","29","12","17","0","0","0","1","0","1","3","0","3","0","0","0","0","0","0","25","12","13","0","0","0","0","0","0","0","0","0","-2"
"204796","Ohio State University-Main Campus","2015","Tenured, instructors","1","0","1","0","0","0","0","0","0","0","0","0","0","0","0","0","0","0","1","0","1","0","0","0","0","0","0","0","0","0","-2"
"204796","Ohio State University-Main Campus","2015","On-Tenure track total","574","324","250","1","1","0","69","46","23","24","18","6","22","8","14","2","1","1","319","166","153","4","0","4","35","18","17","98","66","32","-2"
"204796","Ohio State University-Main Campus","2015","On-tenure track, professors","2","2","0","0","0","0","0","0","0","0","0","0","0","0","0","0","0","0","0","0","0","0","0","0","0","0","0","2","2","0","-2"
"204796","Ohio State University-Main Campus","2015","On-tenure track, associate professors","21","16","5","0","0","0","5","5","0","1","1","0","1","1","0","0","0","0","11","7","4","0","0","0","0","0","0","3","2","1","-2"
"204796","Ohio State University-Main Campus","2015","On-tenure track, assistant professors","551","306","245","1","1","0","64","41","23","23","17","6","21","7","14","2","1","1","308","159","149","4","0","4","35","18","17","93","62","31","-2"
"204796","Ohio State University-Main Campus","2015","Not on tenure track/No tenure system system total","1208","647","561","2","0","2","156","74","82","41","18","23","38","22","16","1","1","0","844","458","386","6","3","3","64","42","22","56","29","27","-2"
"204796","Ohio State University-Main Campus","2015","Not on tenure/no tenure system, professors","121","86","35","0","0","0","11","8","3","5","2","3","2","2","0","0","0","0","91","64","27","0","0","0","7","6","1","5","4","1","-2"
"204796","Ohio State University-Main Campus","2015","Not on tenure/no tenure system, associate professors","279","171","108","1","0","1","26","15","11","8","5","3","8","5","3","1","1","0","212","125","87","0","0","0","12","11","1","11","9","2","-2"
"204796","Ohio State University-Main Campus","2015","Not on tenure/no tenure system, assistant professors","807","390","417","1","0","1","119","51","68","28","11","17","28","15","13","0","0","0","540","269","271","6","3","3","45","25","20","40","16","24","-2"
"204796","Ohio State University-Main Campus","2015","Not on tenure/no tenure system, instructors","1","0","1","0","0","0","0","0","0","0","0","0","0","0","0","0","0","0","1","0","1","0","0","0","0","0","0","0","0","0","-2"
"204857","Ohio University-Main Campus","2015","Tenured total","536","358","178","2","1","1","53","43","10","27","17","10","20","14","6","0","0","0","413","269","144","6","3","3","5","3","2","10","8","2","-2"
"204857","Ohio University-Main Campus","2015","Tenured, professors","212","155","57","1","1","0","18","17","1","8","6","2","7","5","2","0","0","0","170","120","50","2","1","1","1","1","0","5","4","1","-2"
"204857","Ohio University-Main Campus","2015","Tenured, associate professors","319","199","120","1","0","1","35","26","9","19","11","8","13","9","4","0","0","0","238","145","93","4","2","2","4","2","2","5","4","1","-2"
"204857","Ohio University-Main Campus","2015","Tenured, assistant professors","5","4","1","0","0","0","0","0","0","0","0","0","0","0","0","0","0","0","5","4","1","0","0","0","0","0","0","0","0","0","-2"
"204857","Ohio University-Main Campus","2015","On-Tenure track total","193","109","84","1","1","0","15","5","10","9","5","4","4","2","2","0","0","0","117","68","49","1","0","1","20","14","6","26","14","12","-2"
"204857","Ohio University-Main Campus","2015","On-tenure track, associate professors","15","11","4","0","0","0","3","1","2","1","1","0","0","0","0","0","0","0","9","7","2","0","0","0","1","1","0","1","1","0","-2"
"204857","Ohio University-Main Campus","2015","On-tenure track, assistant professors","178","98","80","1","1","0","12","4","8","8","4","4","4","2","2","0","0","0","108","61","47","1","0","1","19","13","6","25","13","12","-2"
"204857","Ohio University-Main Campus","2015","Not on tenure track/No tenure system system total","285","135","150","0","0","0","13","3","10","5","4","1","5","3","2","0","0","0","214","101","113","4","2","2","24","12","12","20","10","10","-2"
"204857","Ohio University-Main Campus","2015","Not on tenure/no tenure system, professors","4","4","0","0","0","0","0","0","0","0","0","0","0","0","0","0","0","0","3","3","0","0","0","0","0","0","0","1","1","0","-2"
"204857","Ohio University-Main Campus","2015","Not on tenure/no tenure system, associate professors","2","0","2","0","0","0","1","0","1","0","0","0","0","0","0","0","0","0","1","0","1","0","0","0","0","0","0","0","0","0","-2"
"204857","Ohio University-Main Campus","2015","Not on tenure/no tenure system, assistant professors","78","46","32","0","0","0","5","2","3","4","3","1","1","1","0","0","0","0","57","33","24","0","0","0","6","3","3","5","4","1","-2"
"204857","Ohio University-Main Campus","2015","Not on tenure/no tenure system, instructors","55","23","32","0","0","0","2","0","2","0","0","0","1","1","0","0","0","0","42","20","22","1","1","0","3","1","2","6","0","6","-2"
"204857","Ohio University-Main Campus","2015","Not on tenure/no tenure system, lecturers","93","37","56","0","0","0","4","1","3","0","0","0","2","0","2","0","0","0","64","25","39","2","0","2","15","8","7","6","3","3","-2"
"204857","Ohio University-Main Campus","2015","Not on tenure/no tenure system, no academic rank","53","25","28","0","0","0","1","0","1","1","1","0","1","1","0","0","0","0","47","20","27","1","1","0","0","0","0","2","2","0","-2"
"207500","University of Oklahoma-Norman Campus","2015","Tenured total","663","465","198","14","9","5","65","51","14","11","6","5","17","11","6","0","0","0","499","344","155","4","1","3","14","13","1","39","30","9","-2"
"207500","University of Oklahoma-Norman Campus","2015","Tenured, professors","390","304","86","7","4","3","52","44","8","5","2","3","12","8","4","0","0","0","298","231","67","1","1","0","4","4","0","11","10","1","-2"
"207500","University of Oklahoma-Norman Campus","2015","Tenured, associate professors","273","161","112","7","5","2","13","7","6","6","4","2","5","3","2","0","0","0","201","113","88","3","0","3","10","9","1","28","20","8","-2"
"207500","University of Oklahoma-Norman Campus","2015","On-Tenure track total","285","159","126","4","2","2","29","14","15","12","5","7","6","2","4","1","0","1","177","102","75","3","2","1","13","9","4","40","23","17","-2"
"207500","University of Oklahoma-Norman Campus","2015","On-tenure track, professors","1","0","1","0","0","0","0","0","0","1","0","1","0","0","0","0","0","0","0","0","0","0","0","0","0","0","0","0","0","0","-2"
"207500","University of Oklahoma-Norman Campus","2015","On-tenure track, associate professors","17","6","11","0","0","0","2","1","1","2","0","2","1","0","1","0","0","0","10","3","7","1","1","0","1","1","0","0","0","0","-2"
"207500","University of Oklahoma-Norman Campus","2015","On-tenure track, assistant professors","267","153","114","4","2","2","27","13","14","9","5","4","5","2","3","1","0","1","167","99","68","2","1","1","12","8","4","40","23","17","-2"
"207500","University of Oklahoma-Norman Campus","2015","Not on tenure track/No tenure system system total","243","120","123","10","6","4","5","2","3","4","2","2","14","4","10","0","0","0","177","88","89","3","1","2","9","5","4","21","12","9","-2"
"207500","University of Oklahoma-Norman Campus","2015","Not on tenure/no tenure system, professors","8","7","1","0","0","0","1","1","0","0","0","0","0","0","0","0","0","0","7","6","1","0","0","0","0","0","0","0","0","0","-2"
"207500","University of Oklahoma-Norman Campus","2015","Not on tenure/no tenure system, associate professors","21","11","10","0","0","0","1","0","1","0","0","0","0","0","0","0","0","0","19","11","8","0","0","0","0","0","0","1","0","1","-2"
"207500","University of Oklahoma-Norman Campus","2015","Not on tenure/no tenure system, assistant professors","58","31","27","2","1","1","0","0","0","1","0","1","1","0","1","0","0","0","48","28","20","1","0","1","4","2","2","1","0","1","-2"
"207500","University of Oklahoma-Norman Campus","2015","Not on tenure/no tenure system, instructors","93","34","59","6","4","2","3","1","2","2","1","1","12","3","9","0","0","0","59","22","37","1","0","1","3","1","2","7","2","5","-2"
"207500","University of Oklahoma-Norman Campus","2015","Not on tenure/no tenure system, lecturers","63","37","26","2","1","1","0","0","0","1","1","0","1","1","0","0","0","0","44","21","23","1","1","0","2","2","0","12","10","2","-2"
"207971","University of Tulsa","2015","Tenured total","195","152","43","8","6","2","14","14","0","2","1","1","3","3","0","0","0","0","159","121","38","0","0","0","0","0","0","9","7","2","-2"
"207971","University of Tulsa","2015","Tenured, professors","110","88","22","5","4","1","8","8","0","2","1","1","2","2","0","0","0","0","93","73","20","0","0","0","0","0","0","0","0","0","-2"
"207971","University of Tulsa","2015","Tenured, associate professors","85","64","21","3","2","1","6","6","0","0","0","0","1","1","0","0","0","0","66","48","18","0","0","0","0","0","0","9","7","2","-2"
"207971","University of Tulsa","2015","On-Tenure track total","65","44","21","1","0","1","9","4","5","0","0","0","2","1","1","0","0","0","47","34","13","1","1","0","0","0","0","5","4","1","-2"
"207971","University of Tulsa","2015","On-tenure track, assistant professors","65","44","21","1","0","1","9","4","5","0","0","0","2","1","1","0","0","0","47","34","13","1","1","0","0","0","0","5","4","1","-2"
"207971","University of Tulsa","2015","Not on tenure track/No tenure system system total","84","36","48","8","1","7","3","1","2","2","0","2","5","0","5","0","0","0","66","34","32","0","0","0","0","0","0","0","0","0","-2"
"207971","University of Tulsa","2015","Not on tenure/no tenure system, professors","12","7","5","0","0","0","0","0","0","1","0","1","1","0","1","0","0","0","10","7","3","0","0","0","0","0","0","0","0","0","-2"
"207971","University of Tulsa","2015","Not on tenure/no tenure system, associate professors","18","8","10","2","0","2","0","0","0","0","0","0","0","0","0","0","0","0","16","8","8","0","0","0","0","0","0","0","0","0","-2"
"207971","University of Tulsa","2015","Not on tenure/no tenure system, assistant professors","35","14","21","4","1","3","2","0","2","1","0","1","0","0","0","0","0","0","28","13","15","0","0","0","0","0","0","0","0","0","-2"
"207971","University of Tulsa","2015","Not on tenure/no tenure system, instructors","19","7","12","2","0","2","1","1","0","0","0","0","4","0","4","0","0","0","12","6","6","0","0","0","0","0","0","0","0","0","-2"
"209542","Oregon State University","2015","Tenured total","596","413","183","2","1","1","68","47","21","5","4","1","33","23","10","1","1","0","451","316","135","2","1","1","22","12","10","12","8","4","209542"
"209542","Oregon State University","2015","Tenured, professors","330","245","85","0","0","0","34","32","2","3","2","1","9","8","1","0","0","0","269","195","74","1","1","0","14","7","7","0","0","0","209542"
"209542","Oregon State University","2015","Tenured, associate professors","257","165","92","2","1","1","33","15","18","2","2","0","21","14","7","1","1","0","177","119","58","1","0","1","8","5","3","12","8","4","209542"
"209542","Oregon State University","2015","Tenured, assistant professors","2","1","1","0","0","0","0","0","0","0","0","0","1","1","0","0","0","0","1","0","1","0","0","0","0","0","0","0","0","0","209542"
"209542","Oregon State University","2015","Tenured, instructors","7","2","5","0","0","0","1","0","1","0","0","0","2","0","2","0","0","0","4","2","2","0","0","0","0","0","0","0","0","0","209542"
"209542","Oregon State University","2015","On-Tenure track total","310","199","111","2","2","0","38","30","8","3","2","1","21","12","9","0","0","0","180","105","75","4","3","1","18","14","4","44","31","13","209542"
"209542","Oregon State University","2015","On-tenure track, professors","1","1","0","0","0","0","0","0","0","0","0","0","0","0","0","0","0","0","1","1","0","0","0","0","0","0","0","0","0","0","209542"
"209542","Oregon State University","2015","On-tenure track, associate professors","26","21","5","0","0","0","0","0","0","0","0","0","0","0","0","0","0","0","24","19","5","0","0","0","2","2","0","0","0","0","209542"
"209542","Oregon State University","2015","On-tenure track, assistant professors","281","176","105","2","2","0","38","30","8","3","2","1","21","12","9","0","0","0","153","84","69","4","3","1","16","12","4","44","31","13","209542"
"209542","Oregon State University","2015","On-tenure track, instructors","2","1","1","0","0","0","0","0","0","0","0","0","0","0","0","0","0","0","2","1","1","0","0","0","0","0","0","0","0","0","209542"
"209542","Oregon State University","2015","Not on tenure track/No tenure system system total","431","207","224","3","1","2","11","7","4","2","2","0","17","8","9","0","0","0","355","166","189","6","1","5","12","8","4","25","14","11","209542"
"209542","Oregon State University","2015","Not on tenure/no tenure system, professors","3","2","1","0","0","0","0","0","0","0","0","0","1","1","0","0","0","0","2","1","1","0","0","0","0","0","0","0","0","0","209542"
"209542","Oregon State University","2015","Not on tenure/no tenure system, associate professors","15","10","5","0","0","0","2","1","1","0","0","0","2","1","1","0","0","0","10","7","3","0","0","0","1","1","0","0","0","0","209542"
"209542","Oregon State University","2015","Not on tenure/no tenure system, assistant professors","43","21","22","0","0","0","1","1","0","0","0","0","3","2","1","0","0","0","31","12","19","0","0","0","2","1","1","6","5","1","209542"
"209542","Oregon State University","2015","Not on tenure/no tenure system, instructors","370","174","196","3","1","2","8","5","3","2","2","0","11","4","7","0","0","0","312","146","166","6","1","5","9","6","3","19","9","10","209542"
"211361","California University of Pennsylvania","2015","Tenured total","176","95","81","0","0","0","7","5","2","11","5","6","1","1","0","0","0","0","156","84","72","1","0","1","0","0","0","0","0","0","-2"
"211361","California University of Pennsylvania","2015","Tenured, professors","88","50","38","0","0","0","3","3","0","6","2","4","0","0","0","0","0","0","79","45","34","0","0","0","0","0","0","0","0","0","-2"
"211361","California University of Pennsylvania","2015","Tenured, associate professors","65","35","30","0","0","0","4","2","2","3","2","1","0","0","0","0","0","0","57","31","26","1","0","1","0","0","0","0","0","0","-2"
"211361","California University of Pennsylvania","2015","Tenured, assistant professors","22","10","12","0","0","0","0","0","0","2","1","1","1","1","0","0","0","0","19","8","11","0","0","0","0","0","0","0","0","0","-2"
"211361","California University of Pennsylvania","2015","Tenured, instructors","1","0","1","0","0","0","0","0","0","0","0","0","0","0","0","0","0","0","1","0","1","0","0","0","0","0","0","0","0","0","-2"
"211361","California University of Pennsylvania","2015","On-Tenure track total","51","21","30","0","0","0","4","1","3","6","2","4","1","1","0","0","0","0","39","16","23","0","0","0","0","0","0","1","1","0","-2"
"211361","California University of Pennsylvania","2015","On-tenure track, associate professors","13","4","9","0","0","0","2","0","2","1","0","1","0","0","0","0","0","0","10","4","6","0","0","0","0","0","0","0","0","0","-2"
"211361","California University of Pennsylvania","2015","On-tenure track, assistant professors","38","17","21","0","0","0","2","1","1","5","2","3","1","1","0","0","0","0","29","12","17","0","0","0","0","0","0","1","1","0","-2"
"211361","California University of Pennsylvania","2015","Not on tenure track/No tenure system system total","35","14","21","0","0","0","0","0","0","4","1","3","3","2","1","0","0","0","27","10","17","0","0","0","0","0","0","1","1","0","-2"
"211361","California University of Pennsylvania","2015","Not on tenure/no tenure system, assistant professors","12","6","6","0","0","0","0","0","0","3","1","2","1","1","0","0","0","0","7","3","4","0","0","0","0","0","0","1","1","0","-2"
"211361","California University of Pennsylvania","2015","Not on tenure/no tenure system, instructors","23","8","15","0","0","0","0","0","0","1","0","1","2","1","1","0","0","0","20","7","13","0","0","0","0","0","0","0","0","0","-2"
"212054","Drexel University","2015","Tenured total","484","323","161","1","1","0","75","57","18","18","14","4","11","5","6","0","0","0","350","231","119","5","3","2","18","11","7","6","1","5","-2"
"212054","Drexel University","2015","Tenured, professors","247","192","55","0","0","0","39","36","3","10","9","1","5","3","2","0","0","0","180","134","46","2","2","0","10","8","2","1","0","1","-2"
"212054","Drexel University","2015","Tenured, associate professors","237","131","106","1","1","0","36","21","15","8","5","3","6","2","4","0","0","0","170","97","73","3","1","2","8","3","5","5","1","4","-2"
"212054","Drexel University","2015","On-Tenure track total","234","139","95","0","0","0","33","20","13","12","6","6","9","7","2","0","0","0","142","83","59","4","2","2","13","8","5","21","13","8","-2"
"212054","Drexel University","2015","On-tenure track, associate professors","22","11","11","0","0","0","1","1","0","1","1","0","2","1","1","0","0","0","18","8","10","0","0","0","0","0","0","0","0","0","-2"
"212054","Drexel University","2015","On-tenure track, assistant professors","212","128","84","0","0","0","32","19","13","11","5","6","7","6","1","0","0","0","124","75","49","4","2","2","13","8","5","21","13","8","-2"
"212054","Drexel University","2015","Not on tenure track/No tenure system system total","830","383","447","4","2","2","77","38","39","38","15","23","16","10","6","0","0","0","627","277","350","8","3","5","18","12","6","42","26","16","-2"
"212054","Drexel University","2015","Not on tenure/no tenure system, instructors","830","383","447","4","2","2","77","38","39","38","15","23","16","10","6","0","0","0","627","277","350","8","3","5","18","12","6","42","26","16","-2"
"213598","Lincoln University","2015","Tenured total","57","39","18","8","6","2","0","0","0","28","21","7","1","0","1","0","0","0","20","12","8","0","0","0","0","0","0","0","0","0","-2"
"213598","Lincoln University","2015","Tenured, professors","27","22","5","0","0","0","0","0","0","16","15","1","0","0","0","0","0","0","11","7","4","0","0","0","0","0","0","0","0","0","-2"
"213598","Lincoln University","2015","Tenured, associate professors","28","16","12","8","6","2","0","0","0","11","6","5","1","0","1","0","0","0","8","4","4","0","0","0","0","0","0","0","0","0","-2"
"213598","Lincoln University","2015","Tenured, assistant professors","2","1","1","0","0","0","0","0","0","1","0","1","0","0","0","0","0","0","1","1","0","0","0","0","0","0","0","0","0","0","-2"
"213598","Lincoln University","2015","On-Tenure track total","25","9","16","1","0","1","0","0","0","11","5","6","1","0","1","0","0","0","12","4","8","0","0","0","0","0","0","0","0","0","-2"
"213598","Lincoln University","2015","On-tenure track, associate professors","2","0","2","0","0","0","0","0","0","0","0","0","0","0","0","0","0","0","2","0","2","0","0","0","0","0","0","0","0","0","-2"
"213598","Lincoln University","2015","On-tenure track, assistant professors","22","8","14","1","0","1","0","0","0","11","5","6","1","0","1","0","0","0","9","3","6","0","0","0","0","0","0","0","0","0","-2"
"213598","Lincoln University","2015","On-tenure track, instructors","1","1","0","0","0","0","0","0","0","0","0","0","0","0","0","0","0","0","1","1","0","0","0","0","0","0","0","0","0","0","-2"
"213598","Lincoln University","2015","Not on tenure track/No tenure system system total","11","5","6","0","0","0","0","0","0","7","4","3","0","0","0","0","0","0","4","1","3","0","0","0","0","0","0","0","0","0","-2"
"213598","Lincoln University","2015","Not on tenure/no tenure system, professors","2","1","1","0","0","0","0","0","0","1","1","0","0","0","0","0","0","0","1","0","1","0","0","0","0","0","0","0","0","0","-2"
"213598","Lincoln University","2015","Not on tenure/no tenure system, assistant professors","4","2","2","0","0","0","0","0","0","3","2","1","0","0","0","0","0","0","1","0","1","0","0","0","0","0","0","0","0","0","-2"
"213598","Lincoln University","2015","Not on tenure/no tenure system, instructors","1","0","1","0","0","0","0","0","0","1","0","1","0","0","0","0","0","0","0","0","0","0","0","0","0","0","0","0","0","0","-2"
"213598","Lincoln University","2015","Not on tenure/no tenure system, lecturers","4","2","2","0","0","0","0","0","0","2","1","1","0","0","0","0","0","0","2","1","1","0","0","0","0","0","0","0","0","0","-2"
"214041","Millersville University of Pennsylvania","2015","Tenured total","229","124","105","0","0","0","19","11","8","12","7","5","12","4","8","0","0","0","185","102","83","1","0","1","0","0","0","0","0","0","-2"
"214041","Millersville University of Pennsylvania","2015","Tenured, professors","91","53","38","0","0","0","8","5","3","5","2","3","4","1","3","0","0","0","74","45","29","0","0","0","0","0","0","0","0","0","-2"
"214041","Millersville University of Pennsylvania","2015","Tenured, associate professors","103","51","52","0","0","0","8","5","3","3","1","2","5","1","4","0","0","0","86","44","42","1","0","1","0","0","0","0","0","0","-2"
"214041","Millersville University of Pennsylvania","2015","Tenured, assistant professors","35","20","15","0","0","0","3","1","2","4","4","0","3","2","1","0","0","0","25","13","12","0","0","0","0","0","0","0","0","0","-2"
"214041","Millersville University of Pennsylvania","2015","On-Tenure track total","49","26","23","2","2","0","1","0","1","2","0","2","4","3","1","0","0","0","32","16","16","1","1","0","0","0","0","7","4","3","-2"
"214041","Millersville University of Pennsylvania","2015","On-tenure track, associate professors","1","1","0","0","0","0","0","0","0","0","0","0","0","0","0","0","0","0","1","1","0","0","0","0","0","0","0","0","0","0","-2"
"214041","Millersville University of Pennsylvania","2015","On-tenure track, assistant professors","46","25","21","2","2","0","1","0","1","2","0","2","4","3","1","0","0","0","29","15","14","1","1","0","0","0","0","7","4","3","-2"
"214041","Millersville University of Pennsylvania","2015","On-tenure track, instructors","2","0","2","0","0","0","0","0","0","0","0","0","0","0","0","0","0","0","2","0","2","0","0","0","0","0","0","0","0","0","-2"
"214041","Millersville University of Pennsylvania","2015","Not on tenure track/No tenure system system total","12","5","7","0","0","0","1","0","1","1","0","1","0","0","0","0","0","0","10","5","5","0","0","0","0","0","0","0","0","0","-2"
"214041","Millersville University of Pennsylvania","2015","Not on tenure/no tenure system, assistant professors","6","3","3","0","0","0","1","0","1","0","0","0","0","0","0","0","0","0","5","3","2","0","0","0","0","0","0","0","0","0","-2"
"214041","Millersville University of Pennsylvania","2015","Not on tenure/no tenure system, instructors","6","2","4","0","0","0","0","0","0","1","0","1","0","0","0","0","0","0","5","2","3","0","0","0","0","0","0","0","0","0","-2"
"214777","Pennsylvania State University-Main Campus","2015","Tenured total","1247","871","376","3","3","0","162","128","34","50","28","22","45","31","14","1","0","1","911","630","281","8","4","4","61","42","19","6","5","1","-2"
"214777","Pennsylvania State University-Main Campus","2015","Tenured, professors","762","587","175","1","1","0","97","85","12","24","18","6","17","15","2","0","0","0","583","441","142","2","1","1","34","23","11","4","3","1","-2"
"214777","Pennsylvania State University-Main Campus","2015","Tenured, associate professors","484","283","201","2","2","0","65","43","22","26","10","16","28","16","12","1","0","1","327","188","139","6","3","3","27","19","8","2","2","0","-2"
"214777","Pennsylvania State University-Main Campus","2015","Tenured, assistant professors","1","1","0","0","0","0","0","0","0","0","0","0","0","0","0","0","0","0","1","1","0","0","0","0","0","0","0","0","0","0","-2"
"214777","Pennsylvania State University-Main Campus","2015","On-Tenure track total","361","214","147","0","0","0","43","25","18","21","6","15","20","9","11","0","0","0","183","108","75","3","2","1","28","17","11","63","47","16","-2"
"214777","Pennsylvania State University-Main Campus","2015","On-tenure track, professors","1","0","1","0","0","0","0","0","0","0","0","0","0","0","0","0","0","0","1","0","1","0","0","0","0","0","0","0","0","0","-2"
"214777","Pennsylvania State University-Main Campus","2015","On-tenure track, associate professors","23","16","7","0","0","0","5","5","0","1","0","1","1","1","0","0","0","0","11","7","4","1","0","1","1","1","0","3","2","1","-2"
"214777","Pennsylvania State University-Main Campus","2015","On-tenure track, assistant professors","337","198","139","0","0","0","38","20","18","20","6","14","19","8","11","0","0","0","171","101","70","2","2","0","27","16","11","60","45","15","-2"
"214777","Pennsylvania State University-Main Campus","2015","Not on tenure track/No tenure system system total","1179","598","581","0","0","0","66","35","31","28","15","13","33","14","19","0","0","0","887","442","445","9","4","5","55","26","29","101","62","39","-2"
"214777","Pennsylvania State University-Main Campus","2015","Not on tenure/no tenure system, professors","51","40","11","0","0","0","3","2","1","1","1","0","2","1","1","0","0","0","38","31","7","0","0","0","4","3","1","3","2","1","-2"
"214777","Pennsylvania State University-Main Campus","2015","Not on tenure/no tenure system, associate professors","75","39","36","0","0","0","9","7","2","0","0","0","1","0","1","0","0","0","54","28","26","0","0","0","7","2","5","4","2","2","-2"
"214777","Pennsylvania State University-Main Campus","2015","Not on tenure/no tenure system, assistant professors","233","134","99","0","0","0","24","17","7","4","2","2","3","2","1","0","0","0","140","69","71","1","1","0","14","4","10","47","39","8","-2"
"214777","Pennsylvania State University-Main Campus","2015","Not on tenure/no tenure system, instructors","298","139","159","0","0","0","10","2","8","8","3","5","6","3","3","0","0","0","240","112","128","4","2","2","14","9","5","16","8","8","-2"
"214777","Pennsylvania State University-Main Campus","2015","Not on tenure/no tenure system, lecturers","522","246","276","0","0","0","20","7","13","15","9","6","21","8","13","0","0","0","415","202","213","4","1","3","16","8","8","31","11","20","-2"
"217156","Brown University","2015","Tenured total","501","360","141","0","0","0","53","37","16","18","13","5","15","12","3","0","0","0","399","286","113","5","3","2","8","6","2","3","3","0","-2"
"217156","Brown University","2015","Tenured, professors","368","276","92","0","0","0","35","29","6","9","7","2","7","5","2","0","0","0","304","226","78","4","2","2","6","4","2","3","3","0","-2"
"217156","Brown University","2015","Tenured, associate professors","133","84","49","0","0","0","18","8","10","9","6","3","8","7","1","0","0","0","95","60","35","1","1","0","2","2","0","0","0","0","-2"
"217156","Brown University","2015","On-Tenure track total","138","86","52","0","0","0","19","8","11","8","2","6","10","8","2","0","0","0","75","51","24","2","1","1","9","5","4","15","11","4","-2"
"217156","Brown University","2015","On-tenure track, associate professors","4","3","1","0","0","0","0","0","0","0","0","0","0","0","0","0","0","0","3","2","1","0","0","0","0","0","0","1","1","0","-2"
"217156","Brown University","2015","On-tenure track, assistant professors","134","83","51","0","0","0","19","8","11","8","2","6","10","8","2","0","0","0","72","49","23","2","1","1","9","5","4","14","10","4","-2"
"217156","Brown University","2015","Not on tenure track/No tenure system system total","155","66","89","0","0","0","13","2","11","5","1","4","6","1","5","0","0","0","100","47","53","3","1","2","10","4","6","18","10","8","-2"
"217156","Brown University","2015","Not on tenure/no tenure system, professors","5","5","0","0","0","0","0","0","0","0","0","0","0","0","0","0","0","0","4","4","0","0","0","0","0","0","0","1","1","0","-2"
"217156","Brown University","2015","Not on tenure/no tenure system, associate professors","4","3","1","0","0","0","0","0","0","0","0","0","0","0","0","0","0","0","4","3","1","0","0","0","0","0","0","0","0","0","-2"
"217156","Brown University","2015","Not on tenure/no tenure system, assistant professors","4","2","2","0","0","0","1","0","1","0","0","0","0","0","0","0","0","0","2","1","1","0","0","0","0","0","0","1","1","0","-2"
"217156","Brown University","2015","Not on tenure/no tenure system, lecturers","72","21","51","0","0","0","7","1","6","1","0","1","3","0","3","0","0","0","57","19","38","1","0","1","1","0","1","2","1","1","-2"
"217156","Brown University","2015","Not on tenure/no tenure system, no academic rank","70","35","35","0","0","0","5","1","4","4","1","3","3","1","2","0","0","0","33","20","13","2","1","1","9","4","5","14","7","7","-2"
"217484","University of Rhode Island","2015","Tenured total","425","260","165","3","1","2","46","34","12","12","6","6","13","7","6","0","0","0","345","208","137","0","0","0","0","0","0","6","4","2","-2"
"217484","University of Rhode Island","2015","Tenured, professors","280","194","86","2","1","1","31","26","5","4","4","0","6","5","1","0","0","0","234","156","78","0","0","0","0","0","0","3","2","1","-2"
"217484","University of Rhode Island","2015","Tenured, associate professors","145","66","79","1","0","1","15","8","7","8","2","6","7","2","5","0","0","0","111","52","59","0","0","0","0","0","0","3","2","1","-2"
"217484","University of Rhode Island","2015","On-Tenure track total","106","57","49","2","0","2","12","9","3","2","2","0","1","0","1","0","0","0","76","38","38","0","0","0","0","0","0","13","8","5","-2"
"217484","University of Rhode Island","2015","On-tenure track, assistant professors","105","56","49","2","0","2","12","9","3","2","2","0","1","0","1","0","0","0","75","37","38","0","0","0","0","0","0","13","8","5","-2"
"217484","University of Rhode Island","2015","On-tenure track, instructors","1","1","0","0","0","0","0","0","0","0","0","0","0","0","0","0","0","0","1","1","0","0","0","0","0","0","0","0","0","0","-2"
"217484","University of Rhode Island","2015","Not on tenure track/No tenure system system total","168","60","108","0","0","0","9","0","9","2","2","0","6","3","3","0","0","0","145","52","93","0","0","0","0","0","0","6","3","3","-2"
"217484","University of Rhode Island","2015","Not on tenure/no tenure system, professors","7","4","3","0","0","0","0","0","0","1","1","0","0","0","0","0","0","0","6","3","3","0","0","0","0","0","0","0","0","0","-2"
"217484","University of Rhode Island","2015","Not on tenure/no tenure system, associate professors","18","3","15","0","0","0","0","0","0","0","0","0","0","0","0","0","0","0","18","3","15","0","0","0","0","0","0","0","0","0","-2"
"217484","University of Rhode Island","2015","Not on tenure/no tenure system, assistant professors","22","4","18","0","0","0","0","0","0","1","1","0","1","0","1","0","0","0","20","3","17","0","0","0","0","0","0","0","0","0","-2"
"217484","University of Rhode Island","2015","Not on tenure/no tenure system, instructors","1","0","1","0","0","0","0","0","0","0","0","0","0","0","0","0","0","0","1","0","1","0","0","0","0","0","0","0","0","0","-2"
"217484","University of Rhode Island","2015","Not on tenure/no tenure system, lecturers","120","49","71","0","0","0","9","0","9","0","0","0","5","3","2","0","0","0","100","43","57","0","0","0","0","0","0","6","3","3","-2"
"217819","College of Charleston","2015","Tenured total","326","193","133","0","0","0","9","7","2","12","6","6","12","7","5","0","0","0","260","147","113","4","4","0","18","15","3","11","7","4","-2"
"217819","College of Charleston","2015","Tenured, professors","151","94","57","0","0","0","3","3","0","4","3","1","3","2","1","0","0","0","128","74","54","3","3","0","10","9","1","0","0","0","-2"
"217819","College of Charleston","2015","Tenured, associate professors","173","99","74","0","0","0","6","4","2","8","3","5","9","5","4","0","0","0","130","73","57","1","1","0","8","6","2","11","7","4","-2"
"217819","College of Charleston","2015","Tenured, assistant professors","2","0","2","0","0","0","0","0","0","0","0","0","0","0","0","0","0","0","2","0","2","0","0","0","0","0","0","0","0","0","-2"
"217819","College of Charleston","2015","On-Tenure track total","139","77","62","0","0","0","0","0","0","9","3","6","9","4","5","0","0","0","101","57","44","6","4","2","2","2","0","12","7","5","-2"
"217819","College of Charleston","2015","On-tenure track, associate professors","2","1","1","0","0","0","0","0","0","0","0","0","0","0","0","0","0","0","2","1","1","0","0","0","0","0","0","0","0","0","-2"
"217819","College of Charleston","2015","On-tenure track, assistant professors","136","76","60","0","0","0","0","0","0","9","3","6","9","4","5","0","0","0","98","56","42","6","4","2","2","2","0","12","7","5","-2"
"217819","College of Charleston","2015","On-tenure track, instructors","1","0","1","0","0","0","0","0","0","0","0","0","0","0","0","0","0","0","1","0","1","0","0","0","0","0","0","0","0","0","-2"
"217819","College of Charleston","2015","Not on tenure track/No tenure system system total","83","35","48","0","0","0","2","2","0","2","0","2","6","3","3","1","1","0","68","27","41","0","0","0","2","1","1","2","1","1","-2"
"217819","College of Charleston","2015","Not on tenure/no tenure system, professors","1","1","0","0","0","0","0","0","0","0","0","0","0","0","0","0","0","0","1","1","0","0","0","0","0","0","0","0","0","0","-2"
"217819","College of Charleston","2015","Not on tenure/no tenure system, associate professors","3","1","2","0","0","0","0","0","0","1","0","1","0","0","0","0","0","0","2","1","1","0","0","0","0","0","0","0","0","0","-2"
"217819","College of Charleston","2015","Not on tenure/no tenure system, assistant professors","25","10","15","0","0","0","0","0","0","0","0","0","3","2","1","0","0","0","21","8","13","0","0","0","0","0","0","1","0","1","-2"
"217819","College of Charleston","2015","Not on tenure/no tenure system, instructors","54","23","31","0","0","0","2","2","0","1","0","1","3","1","2","1","1","0","44","17","27","0","0","0","2","1","1","1","1","0","-2"
"217873","Claflin University","2015","Tenured total","32","22","10","0","0","0","13","11","2","9","5","4","0","0","0","0","0","0","10","6","4","0","0","0","0","0","0","0","0","0","-2"
"217873","Claflin University","2015","Tenured, professors","14","10","4","0","0","0","7","6","1","5","3","2","0","0","0","0","0","0","2","1","1","0","0","0","0","0","0","0","0","0","-2"
"217873","Claflin University","2015","Tenured, associate professors","13","9","4","0","0","0","6","5","1","1","0","1","0","0","0","0","0","0","6","4","2","0","0","0","0","0","0","0","0","0","-2"
"217873","Claflin University","2015","Tenured, assistant professors","5","3","2","0","0","0","0","0","0","3","2","1","0","0","0","0","0","0","2","1","1","0","0","0","0","0","0","0","0","0","-2"
"217873","Claflin University","2015","On-Tenure track total","39","21","18","0","0","0","9","4","5","15","7","8","3","3","0","0","0","0","10","6","4","0","0","0","0","0","0","2","1","1","-2"
"217873","Claflin University","2015","On-tenure track, professors","2","0","2","0","0","0","0","0","0","2","0","2","0","0","0","0","0","0","0","0","0","0","0","0","0","0","0","0","0","0","-2"
"217873","Claflin University","2015","On-tenure track, associate professors","13","11","2","0","0","0","4","3","1","4","3","1","2","2","0","0","0","0","3","3","0","0","0","0","0","0","0","0","0","0","-2"
"217873","Claflin University","2015","On-tenure track, assistant professors","23","9","14","0","0","0","5","1","4","8","3","5","1","1","0","0","0","0","7","3","4","0","0","0","0","0","0","2","1","1","-2"
"217873","Claflin University","2015","On-tenure track, instructors","1","1","0","0","0","0","0","0","0","1","1","0","0","0","0","0","0","0","0","0","0","0","0","0","0","0","0","0","0","0","-2"
"217873","Claflin University","2015","Not on tenure track/No tenure system system total","50","24","26","1","1","0","4","4","0","26","9","17","3","1","2","0","0","0","12","7","5","0","0","0","0","0","0","4","2","2","-2"
"217873","Claflin University","2015","Not on tenure/no tenure system, professors","4","2","2","0","0","0","0","0","0","1","0","1","0","0","0","0","0","0","2","1","1","0","0","0","0","0","0","1","1","0","-2"
"217873","Claflin University","2015","Not on tenure/no tenure system, associate professors","6","4","2","0","0","0","0","0","0","2","1","1","0","0","0","0","0","0","4","3","1","0","0","0","0","0","0","0","0","0","-2"
"217873","Claflin University","2015","Not on tenure/no tenure system, assistant professors","19","9","10","0","0","0","3","3","0","8","2","6","3","1","2","0","0","0","2","2","0","0","0","0","0","0","0","3","1","2","-2"
"217873","Claflin University","2015","Not on tenure/no tenure system, instructors","20","9","11","1","1","0","1","1","0","14","6","8","0","0","0","0","0","0","4","1","3","0","0","0","0","0","0","0","0","0","-2"
"217873","Claflin University","2015","Not on tenure/no tenure system, lecturers","1","0","1","0","0","0","0","0","0","1","0","1","0","0","0","0","0","0","0","0","0","0","0","0","0","0","0","0","0","0","-2"
"217882","Clemson University","2015","Tenured total","608","449","159","0","0","0","71","58","13","19","14","5","9","5","4","1","1","0","506","370","136","1","0","1","1","1","0","0","0","0","-2"
"217882","Clemson University","2015","Tenured, professors","338","270","68","0","0","0","42","37","5","6","4","2","4","4","0","0","0","0","284","224","60","1","0","1","1","1","0","0","0","0","-2"
"217882","Clemson University","2015","Tenured, associate professors","270","179","91","0","0","0","29","21","8","13","10","3","5","1","4","1","1","0","222","146","76","0","0","0","0","0","0","0","0","0","-2"
"217882","Clemson University","2015","On-Tenure track total","270","167","103","0","0","0","53","31","22","11","7","4","17","12","5","0","0","0","188","116","72","0","0","0","1","1","0","0","0","0","-2"
"217882","Clemson University","2015","On-tenure track, professors","3","2","1","0","0","0","1","0","1","0","0","0","0","0","0","0","0","0","2","2","0","0","0","0","0","0","0","0","0","0","-2"
"217882","Clemson University","2015","On-tenure track, associate professors","13","9","4","0","0","0","2","1","1","2","1","1","0","0","0","0","0","0","9","7","2","0","0","0","0","0","0","0","0","0","-2"
"217882","Clemson University","2015","On-tenure track, assistant professors","254","156","98","0","0","0","50","30","20","9","6","3","17","12","5","0","0","0","177","107","70","0","0","0","1","1","0","0","0","0","-2"
"217882","Clemson University","2015","Not on tenure track/No tenure system system total","256","108","148","1","0","1","7","2","5","14","2","12","8","3","5","0","0","0","224","100","124","0","0","0","2","1","1","0","0","0","-2"
"217882","Clemson University","2015","Not on tenure/no tenure system, professors","3","3","0","0","0","0","0","0","0","0","0","0","0","0","0","0","0","0","3","3","0","0","0","0","0","0","0","0","0","0","-2"
"217882","Clemson University","2015","Not on tenure/no tenure system, assistant professors","1","0","1","0","0","0","0","0","0","1","0","1","0","0","0","0","0","0","0","0","0","0","0","0","0","0","0","0","0","0","-2"
"217882","Clemson University","2015","Not on tenure/no tenure system, instructors","2","0","2","0","0","0","0","0","0","0","0","0","0","0","0","0","0","0","2","0","2","0","0","0","0","0","0","0","0","0","-2"
"217882","Clemson University","2015","Not on tenure/no tenure system, lecturers","250","105","145","1","0","1","7","2","5","13","2","11","8","3","5","0","0","0","219","97","122","0","0","0","2","1","1","0","0","0","-2"
"218724","Coastal Carolina University","2015","Tenured total","190","123","67","1","1","0","9","6","3","8","3","5","6","4","2","0","0","0","166","109","57","0","0","0","0","0","0","0","0","0","-2"
"218724","Coastal Carolina University","2015","Tenured, professors","88","65","23","0","0","0","2","2","0","4","2","2","1","1","0","0","0","0","81","60","21","0","0","0","0","0","0","0","0","0","-2"
"218724","Coastal Carolina University","2015","Tenured, associate professors","100","57","43","0","0","0","7","4","3","3","1","2","5","3","2","0","0","0","85","49","36","0","0","0","0","0","0","0","0","0","-2"
"218724","Coastal Carolina University","2015","Tenured, assistant professors","2","1","1","1","1","0","0","0","0","1","0","1","0","0","0","0","0","0","0","0","0","0","0","0","0","0","0","0","0","0","-2"
"218724","Coastal Carolina University","2015","On-Tenure track total","122","72","50","0","0","0","8","6","2","8","5","3","2","2","0","0","0","0","104","59","45","0","0","0","0","0","0","0","0","0","-2"
"218724","Coastal Carolina University","2015","On-tenure track, associate professors","8","4","4","0","0","0","0","0","0","0","0","0","0","0","0","0","0","0","8","4","4","0","0","0","0","0","0","0","0","0","-2"
"218724","Coastal Carolina University","2015","On-tenure track, assistant professors","114","68","46","0","0","0","8","6","2","8","5","3","2","2","0","0","0","0","96","55","41","0","0","0","0","0","0","0","0","0","-2"
"218724","Coastal Carolina University","2015","Not on tenure track/No tenure system system total","119","60","59","0","0","0","2","1","1","3","1","2","3","2","1","0","0","0","111","56","55","0","0","0","0","0","0","0","0","0","-2"
"218724","Coastal Carolina University","2015","Not on tenure/no tenure system, assistant professors","6","2","4","0","0","0","0","0","0","0","0","0","0","0","0","0","0","0","6","2","4","0","0","0","0","0","0","0","0","0","-2"
"218724","Coastal Carolina University","2015","Not on tenure/no tenure system, instructors","12","6","6","0","0","0","1","0","1","0","0","0","2","2","0","0","0","0","9","4","5","0","0","0","0","0","0","0","0","0","-2"
"218724","Coastal Carolina University","2015","Not on tenure/no tenure system, lecturers","100","51","49","0","0","0","1","1","0","3","1","2","1","0","1","0","0","0","95","49","46","0","0","0","0","0","0","0","0","0","-2"
"218724","Coastal Carolina University","2015","Not on tenure/no tenure system, no academic rank","1","1","0","0","0","0","0","0","0","0","0","0","0","0","0","0","0","0","1","1","0","0","0","0","0","0","0","0","0","0","-2"
"219347","South Dakota School of Mines and Technology","2015","Tenured total","74","64","10","0","0","0","6","6","0","0","0","0","2","2","0","0","0","0","65","55","10","0","0","0","0","0","0","1","1","0","-2"
"219347","South Dakota School of Mines and Technology","2015","Tenured, professors","46","37","9","0","0","0","2","2","0","0","0","0","1","1","0","0","0","0","43","34","9","0","0","0","0","0","0","0","0","0","-2"
"219347","South Dakota School of Mines and Technology","2015","Tenured, associate professors","28","27","1","0","0","0","4","4","0","0","0","0","1","1","0","0","0","0","22","21","1","0","0","0","0","0","0","1","1","0","-2"
"219347","South Dakota School of Mines and Technology","2015","On-Tenure track total","52","38","14","1","1","0","7","6","1","0","0","0","1","0","1","0","0","0","36","25","11","0","0","0","0","0","0","7","6","1","-2"
"219347","South Dakota School of Mines and Technology","2015","On-tenure track, associate professors","8","6","2","1","1","0","1","1","0","0","0","0","0","0","0","0","0","0","6","4","2","0","0","0","0","0","0","0","0","0","-2"
"219347","South Dakota School of Mines and Technology","2015","On-tenure track, assistant professors","43","31","12","0","0","0","6","5","1","0","0","0","1","0","1","0","0","0","30","21","9","0","0","0","0","0","0","6","5","1","-2"
"219347","South Dakota School of Mines and Technology","2015","On-tenure track, instructors","1","1","0","0","0","0","0","0","0","0","0","0","0","0","0","0","0","0","0","0","0","0","0","0","0","0","0","1","1","0","-2"
"219347","South Dakota School of Mines and Technology","2015","Not on tenure track/No tenure system system total","23","12","11","1","1","0","0","0","0","0","0","0","0","0","0","0","0","0","22","11","11","0","0","0","0","0","0","0","0","0","-2"
"219347","South Dakota School of Mines and Technology","2015","Not on tenure/no tenure system, professors","2","2","0","0","0","0","0","0","0","0","0","0","0","0","0","0","0","0","2","2","0","0","0","0","0","0","0","0","0","0","-2"
"219347","South Dakota School of Mines and Technology","2015","Not on tenure/no tenure system, associate professors","1","0","1","0","0","0","0","0","0","0","0","0","0","0","0","0","0","0","1","0","1","0","0","0","0","0","0","0","0","0","-2"
"219347","South Dakota School of Mines and Technology","2015","Not on tenure/no tenure system, assistant professors","4","2","2","0","0","0","0","0","0","0","0","0","0","0","0","0","0","0","4","2","2","0","0","0","0","0","0","0","0","0","-2"
"219347","South Dakota School of Mines and Technology","2015","Not on tenure/no tenure system, instructors","10","5","5","1","1","0","0","0","0","0","0","0","0","0","0","0","0","0","9","4","5","0","0","0","0","0","0","0","0","0","-2"
"219347","South Dakota School of Mines and Technology","2015","Not on tenure/no tenure system, lecturers","6","3","3","0","0","0","0","0","0","0","0","0","0","0","0","0","0","0","6","3","3","0","0","0","0","0","0","0","0","0","-2"
"221759","The University of Tennessee-Knoxville","2015","Tenured total","818","571","247","3","3","0","90","70","20","22","13","9","22","19","3","0","0","0","680","466","214","1","0","1","0","0","0","0","0","0","-2"
"221759","The University of Tennessee-Knoxville","2015","Tenured, professors","489","378","111","1","1","0","48","40","8","6","5","1","8","7","1","0","0","0","426","325","101","0","0","0","0","0","0","0","0","0","-2"
"221759","The University of Tennessee-Knoxville","2015","Tenured, associate professors","326","192","134","2","2","0","42","30","12","16","8","8","14","12","2","0","0","0","251","140","111","1","0","1","0","0","0","0","0","0","-2"
"221759","The University of Tennessee-Knoxville","2015","Tenured, assistant professors","2","1","1","0","0","0","0","0","0","0","0","0","0","0","0","0","0","0","2","1","1","0","0","0","0","0","0","0","0","0","-2"
"221759","The University of Tennessee-Knoxville","2015","Tenured, instructors","1","0","1","0","0","0","0","0","0","0","0","0","0","0","0","0","0","0","1","0","1","0","0","0","0","0","0","0","0","0","-2"
"221759","The University of Tennessee-Knoxville","2015","On-Tenure track total","299","165","134","2","1","1","26","17","9","28","14","14","15","9","6","0","0","0","186","100","86","5","1","4","0","0","0","37","23","14","-2"
"221759","The University of Tennessee-Knoxville","2015","On-tenure track, professors","4","3","1","0","0","0","0","0","0","1","0","1","0","0","0","0","0","0","3","3","0","0","0","0","0","0","0","0","0","0","-2"
"221759","The University of Tennessee-Knoxville","2015","On-tenure track, associate professors","30","17","13","0","0","0","7","6","1","0","0","0","3","1","2","0","0","0","17","9","8","2","0","2","0","0","0","1","1","0","-2"
"221759","The University of Tennessee-Knoxville","2015","On-tenure track, assistant professors","265","145","120","2","1","1","19","11","8","27","14","13","12","8","4","0","0","0","166","88","78","3","1","2","0","0","0","36","22","14","-2"
"221759","The University of Tennessee-Knoxville","2015","Not on tenure track/No tenure system system total","409","148","261","0","0","0","16","7","9","11","6","5","15","3","12","0","0","0","349","118","231","4","1","3","0","0","0","14","13","1","-2"
"221759","The University of Tennessee-Knoxville","2015","Not on tenure/no tenure system, professors","7","3","4","0","0","0","2","2","0","0","0","0","0","0","0","0","0","0","5","1","4","0","0","0","0","0","0","0","0","0","-2"
"221759","The University of Tennessee-Knoxville","2015","Not on tenure/no tenure system, associate professors","15","2","13","0","0","0","0","0","0","0","0","0","1","0","1","0","0","0","14","2","12","0","0","0","0","0","0","0","0","0","-2"
"221759","The University of Tennessee-Knoxville","2015","Not on tenure/no tenure system, assistant professors","66","11","55","0","0","0","3","2","1","1","0","1","1","1","0","0","0","0","58","6","52","0","0","0","0","0","0","3","2","1","-2"
"221759","The University of Tennessee-Knoxville","2015","Not on tenure/no tenure system, instructors","29","2","27","0","0","0","0","0","0","2","0","2","2","0","2","0","0","0","24","2","22","1","0","1","0","0","0","0","0","0","-2"
"221759","The University of Tennessee-Knoxville","2015","Not on tenure/no tenure system, lecturers","286","126","160","0","0","0","11","3","8","7","5","2","11","2","9","0","0","0","244","105","139","3","1","2","0","0","0","10","10","0","-2"
"221759","The University of Tennessee-Knoxville","2015","Not on tenure/no tenure system, no academic rank","6","4","2","0","0","0","0","0","0","1","1","0","0","0","0","0","0","0","4","2","2","0","0","0","0","0","0","1","1","0","-2"
"221768","The University of Tennessee-Martin","2015","Tenured total","161","98","63","0","0","0","4","3","1","10","4","6","2","1","1","0","0","0","141","87","54","0","0","0","0","0","0","4","3","1","-2"
"221768","The University of Tennessee-Martin","2015","Tenured, professors","84","53","31","0","0","0","2","1","1","4","1","3","1","1","0","0","0","0","74","48","26","0","0","0","0","0","0","3","2","1","-2"
"221768","The University of Tennessee-Martin","2015","Tenured, associate professors","60","38","22","0","0","0","1","1","0","5","3","2","1","0","1","0","0","0","52","33","19","0","0","0","0","0","0","1","1","0","-2"
"221768","The University of Tennessee-Martin","2015","Tenured, assistant professors","9","2","7","0","0","0","1","1","0","0","0","0","0","0","0","0","0","0","8","1","7","0","0","0","0","0","0","0","0","0","-2"
"221768","The University of Tennessee-Martin","2015","Tenured, instructors","8","5","3","0","0","0","0","0","0","1","0","1","0","0","0","0","0","0","7","5","2","0","0","0","0","0","0","0","0","0","-2"
"221768","The University of Tennessee-Martin","2015","On-Tenure track total","66","38","28","0","0","0","3","1","2","3","1","2","3","2","1","0","0","0","51","31","20","0","0","0","0","0","0","6","3","3","-2"
"221768","The University of Tennessee-Martin","2015","On-tenure track, associate professors","7","4","3","0","0","0","0","0","0","0","0","0","0","0","0","0","0","0","7","4","3","0","0","0","0","0","0","0","0","0","-2"
"221768","The University of Tennessee-Martin","2015","On-tenure track, assistant professors","57","33","24","0","0","0","3","1","2","3","1","2","3","2","1","0","0","0","42","26","16","0","0","0","0","0","0","6","3","3","-2"
"221768","The University of Tennessee-Martin","2015","On-tenure track, instructors","2","1","1","0","0","0","0","0","0","0","0","0","0","0","0","0","0","0","2","1","1","0","0","0","0","0","0","0","0","0","-2"
"221768","The University of Tennessee-Martin","2015","Not on tenure track/No tenure system system total","64","22","42","0","0","0","1","0","1","4","0","4","1","0","1","0","0","0","56","22","34","0","0","0","0","0","0","2","0","2","-2"
"221768","The University of Tennessee-Martin","2015","Not on tenure/no tenure system, instructors","3","3","0","0","0","0","0","0","0","0","0","0","0","0","0","0","0","0","3","3","0","0","0","0","0","0","0","0","0","0","-2"
"221768","The University of Tennessee-Martin","2015","Not on tenure/no tenure system, lecturers","61","19","42","0","0","0","1","0","1","4","0","4","1","0","1","0","0","0","53","19","34","0","0","0","0","0","0","2","0","2","-2"
"221838","Tennessee State University","2015","Tenured total","236","144","92","0","0","0","30","23","7","99","54","45","4","2","2","0","0","0","86","50","36","3","3","0","0","0","0","14","12","2","-2"
"221838","Tennessee State University","2015","Tenured, professors","102","67","35","0","0","0","18","15","3","40","24","16","3","1","2","0","0","0","38","24","14","2","2","0","0","0","0","1","1","0","-2"
"221838","Tennessee State University","2015","Tenured, associate professors","98","60","38","0","0","0","10","7","3","35","20","15","1","1","0","0","0","0","39","20","19","1","1","0","0","0","0","12","11","1","-2"
"221838","Tennessee State University","2015","Tenured, assistant professors","33","15","18","0","0","0","2","1","1","21","8","13","0","0","0","0","0","0","9","6","3","0","0","0","0","0","0","1","0","1","-2"
"221838","Tennessee State University","2015","Tenured, instructors","3","2","1","0","0","0","0","0","0","3","2","1","0","0","0","0","0","0","0","0","0","0","0","0","0","0","0","0","0","0","-2"
"221838","Tennessee State University","2015","On-Tenure track total","53","19","34","0","0","0","1","1","0","26","4","22","1","1","0","0","0","0","16","7","9","3","1","2","0","0","0","6","5","1","-2"
"221838","Tennessee State University","2015","On-tenure track, professors","1","0","1","0","0","0","0","0","0","1","0","1","0","0","0","0","0","0","0","0","0","0","0","0","0","0","0","0","0","0","-2"
"221838","Tennessee State University","2015","On-tenure track, associate professors","13","8","5","0","0","0","0","0","0","5","1","4","1","1","0","0","0","0","3","3","0","2","1","1","0","0","0","2","2","0","-2"
"221838","Tennessee State University","2015","On-tenure track, assistant professors","39","11","28","0","0","0","1","1","0","20","3","17","0","0","0","0","0","0","13","4","9","1","0","1","0","0","0","4","3","1","-2"
"221838","Tennessee State University","2015","Not on tenure track/No tenure system system total","20","11","9","0","0","0","0","0","0","10","6","4","0","0","0","0","0","0","8","4","4","2","1","1","0","0","0","0","0","0","-2"
"221838","Tennessee State University","2015","Not on tenure/no tenure system, no academic rank","20","11","9","0","0","0","0","0","0","10","6","4","0","0","0","0","0","0","8","4","4","2","1","1","0","0","0","0","0","0","-2"
"221999","Vanderbilt University","2015","Tenured total","922","687","235","2","1","1","57","44","13","32","19","13","21","15","6","0","0","0","779","589","190","0","0","0","19","12","7","12","7","5","-2"
"221999","Vanderbilt University","2015","Tenured, professors","624","496","128","0","0","0","33","28","5","16","10","6","13","11","2","0","0","0","546","435","111","0","0","0","12","8","4","4","4","0","-2"
"221999","Vanderbilt University","2015","Tenured, associate professors","298","191","107","2","1","1","24","16","8","16","9","7","8","4","4","0","0","0","233","154","79","0","0","0","7","4","3","8","3","5","-2"
"221999","Vanderbilt University","2015","On-Tenure track total","341","194","147","0","0","0","37","22","15","9","3","6","15","10","5","1","1","0","241","135","106","1","1","0","18","9","9","19","13","6","-2"
"221999","Vanderbilt University","2015","On-tenure track, professors","1","1","0","0","0","0","0","0","0","0","0","0","0","0","0","0","0","0","1","1","0","0","0","0","0","0","0","0","0","0","-2"
"221999","Vanderbilt University","2015","On-tenure track, associate professors","17","12","5","0","0","0","2","0","2","1","1","0","0","0","0","0","0","0","13","10","3","0","0","0","0","0","0","1","1","0","-2"
"221999","Vanderbilt University","2015","On-tenure track, assistant professors","323","181","142","0","0","0","35","22","13","8","2","6","15","10","5","1","1","0","227","124","103","1","1","0","18","9","9","18","12","6","-2"
"221999","Vanderbilt University","2015","Not on tenure track/No tenure system system total","2292","1002","1290","5","1","4","163","86","77","88","31","57","50","17","33","2","1","1","1897","820","1077","5","4","1","52","28","24","30","14","16","-2"
"221999","Vanderbilt University","2015","Not on tenure/no tenure system, professors","195","137","58","0","0","0","15","11","4","5","4","1","1","1","0","0","0","0","172","120","52","0","0","0","2","1","1","0","0","0","-2"
"221999","Vanderbilt University","2015","Not on tenure/no tenure system, associate professors","343","211","132","1","0","1","33","18","15","19","10","9","7","3","4","1","1","0","273","173","100","0","0","0","8","5","3","1","1","0","-2"
"221999","Vanderbilt University","2015","Not on tenure/no tenure system, assistant professors","960","466","494","1","1","0","87","46","41","33","9","24","22","9","13","0","0","0","766","372","394","2","2","0","28","16","12","21","11","10","-2"
"221999","Vanderbilt University","2015","Not on tenure/no tenure system, instructors","621","123","498","3","0","3","21","10","11","25","6","19","11","2","9","0","0","0","553","99","454","2","2","0","5","3","2","1","1","0","-2"
"221999","Vanderbilt University","2015","Not on tenure/no tenure system, lecturers","171","65","106","0","0","0","7","1","6","6","2","4","9","2","7","1","0","1","131","56","75","1","0","1","9","3","6","7","1","6","-2"
"221999","Vanderbilt University","2015","Not on tenure/no tenure system, no academic rank","2","0","2","0","0","0","0","0","0","0","0","0","0","0","0","0","0","0","2","0","2","0","0","0","0","0","0","0","0","0","-2"
"224147","Texas A & M University-Corpus Christi","2015","Tenured total","164","110","54","2","2","0","15","11","4","3","3","0","27","15","12","0","0","0","114","76","38","1","1","0","1","1","0","1","1","0","-2"
"224147","Texas A & M University-Corpus Christi","2015","Tenured, professors","80","60","20","1","1","0","5","4","1","2","2","0","9","7","2","0","0","0","60","43","17","1","1","0","1","1","0","1","1","0","-2"
"224147","Texas A & M University-Corpus Christi","2015","Tenured, associate professors","81","50","31","1","1","0","10","7","3","1","1","0","17","8","9","0","0","0","52","33","19","0","0","0","0","0","0","0","0","0","-2"
"224147","Texas A & M University-Corpus Christi","2015","Tenured, assistant professors","3","0","3","0","0","0","0","0","0","0","0","0","1","0","1","0","0","0","2","0","2","0","0","0","0","0","0","0","0","0","-2"
"224147","Texas A & M University-Corpus Christi","2015","On-Tenure track total","118","56","62","0","0","0","13","9","4","7","4","3","14","7","7","0","0","0","70","29","41","2","0","2","2","0","2","10","7","3","-2"
"224147","Texas A & M University-Corpus Christi","2015","On-tenure track, associate professors","12","5","7","0","0","0","2","2","0","0","0","0","0","0","0","0","0","0","10","3","7","0","0","0","0","0","0","0","0","0","-2"
"224147","Texas A & M University-Corpus Christi","2015","On-tenure track, assistant professors","106","51","55","0","0","0","11","7","4","7","4","3","14","7","7","0","0","0","60","26","34","2","0","2","2","0","2","10","7","3","-2"
"224147","Texas A & M University-Corpus Christi","2015","Not on tenure track/No tenure system system total","135","47","88","0","0","0","4","1","3","1","0","1","21","7","14","1","0","1","96","30","66","0","0","0","0","0","0","12","9","3","-2"
"224147","Texas A & M University-Corpus Christi","2015","Not on tenure/no tenure system, professors","1","1","0","0","0","0","0","0","0","0","0","0","0","0","0","0","0","0","1","1","0","0","0","0","0","0","0","0","0","0","-2"
"224147","Texas A & M University-Corpus Christi","2015","Not on tenure/no tenure system, associate professors","5","2","3","0","0","0","0","0","0","0","0","0","0","0","0","0","0","0","5","2","3","0","0","0","0","0","0","0","0","0","-2"
"224147","Texas A & M University-Corpus Christi","2015","Not on tenure/no tenure system, assistant professors","88","26","62","0","0","0","3","1","2","1","0","1","15","4","11","1","0","1","64","19","45","0","0","0","0","0","0","4","2","2","-2"
"224147","Texas A & M University-Corpus Christi","2015","Not on tenure/no tenure system, instructors","17","7","10","0","0","0","1","0","1","0","0","0","2","1","1","0","0","0","10","3","7","0","0","0","0","0","0","4","3","1","-2"
"224147","Texas A & M University-Corpus Christi","2015","Not on tenure/no tenure system, no academic rank","24","11","13","0","0","0","0","0","0","0","0","0","4","2","2","0","0","0","16","5","11","0","0","0","0","0","0","4","4","0","-2"
"225511","University of Houston","2015","Tenured total","713","518","195","1","1","0","131","90","41","29","19","10","55","32","23","0","0","0","494","374","120","3","2","1","0","0","0","0","0","0","-2"
"225511","University of Houston","2015","Tenured, professors","393","318","75","0","0","0","73","59","14","10","9","1","19","10","9","0","0","0","291","240","51","0","0","0","0","0","0","0","0","0","-2"
"225511","University of Houston","2015","Tenured, associate professors","320","200","120","1","1","0","58","31","27","19","10","9","36","22","14","0","0","0","203","134","69","3","2","1","0","0","0","0","0","0","-2"
"225511","University of Houston","2015","On-Tenure track total","262","152","110","0","0","0","66","48","18","8","4","4","16","6","10","0","0","0","131","67","64","1","1","0","1","0","1","39","26","13","-2"
"225511","University of Houston","2015","On-tenure track, professors","2","2","0","0","0","0","0","0","0","0","0","0","0","0","0","0","0","0","1","1","0","0","0","0","0","0","0","1","1","0","-2"
"225511","University of Houston","2015","On-tenure track, associate professors","18","14","4","0","0","0","8","7","1","1","0","1","2","0","2","0","0","0","5","5","0","0","0","0","0","0","0","2","2","0","-2"
"225511","University of Houston","2015","On-tenure track, assistant professors","242","136","106","0","0","0","58","41","17","7","4","3","14","6","8","0","0","0","125","61","64","1","1","0","1","0","1","36","23","13","-2"
"225511","University of Houston","2015","Not on tenure track/No tenure system system total","240","115","125","0","0","0","16","8","8","10","2","8","26","9","17","0","0","0","171","85","86","4","1","3","0","0","0","13","10","3","-2"
"225511","University of Houston","2015","Not on tenure/no tenure system, lecturers","66","24","42","0","0","0","2","0","2","3","1","2","14","5","9","0","0","0","44","18","26","2","0","2","0","0","0","1","0","1","-2"
"225511","University of Houston","2015","Not on tenure/no tenure system, no academic rank","174","91","83","0","0","0","14","8","6","7","1","6","12","4","8","0","0","0","127","67","60","2","1","1","0","0","0","12","10","2","-2"
"225627","University of the Incarnate Word","2015","Tenured total","132","64","68","0","0","0","10","7","3","5","1","4","27","15","12","0","0","0","89","41","48","0","0","0","0","0","0","1","0","1","-2"
"225627","University of the Incarnate Word","2015","Tenured, professors","56","31","25","0","0","0","5","4","1","1","0","1","6","3","3","0","0","0","44","24","20","0","0","0","0","0","0","0","0","0","-2"
"225627","University of the Incarnate Word","2015","Tenured, associate professors","76","33","43","0","0","0","5","3","2","4","1","3","21","12","9","0","0","0","45","17","28","0","0","0","0","0","0","1","0","1","-2"
"225627","University of the Incarnate Word","2015","On-Tenure track total","106","40","66","1","0","1","5","1","4","3","1","2","20","6","14","0","0","0","73","31","42","1","0","1","0","0","0","3","1","2","-2"
"225627","University of the Incarnate Word","2015","On-tenure track, professors","1","0","1","0","0","0","0","0","0","0","0","0","0","0","0","0","0","0","1","0","1","0","0","0","0","0","0","0","0","0","-2"
"225627","University of the Incarnate Word","2015","On-tenure track, associate professors","17","6","11","0","0","0","1","1","0","0","0","0","2","1","1","0","0","0","11","4","7","1","0","1","0","0","0","2","0","2","-2"
"225627","University of the Incarnate Word","2015","On-tenure track, assistant professors","86","32","54","1","0","1","4","0","4","3","1","2","17","4","13","0","0","0","60","26","34","0","0","0","0","0","0","1","1","0","-2"
"225627","University of the Incarnate Word","2015","On-tenure track, instructors","2","2","0","0","0","0","0","0","0","0","0","0","1","1","0","0","0","0","1","1","0","0","0","0","0","0","0","0","0","0","-2"
"225627","University of the Incarnate Word","2015","Not on tenure track/No tenure system system total","76","35","41","0","0","0","2","1","1","5","5","0","25","10","15","0","0","0","43","18","25","0","0","0","0","0","0","1","1","0","-2"
"225627","University of the Incarnate Word","2015","Not on tenure/no tenure system, professors","8","5","3","0","0","0","0","0","0","0","0","0","1","0","1","0","0","0","6","4","2","0","0","0","0","0","0","1","1","0","-2"
"225627","University of the Incarnate Word","2015","Not on tenure/no tenure system, associate professors","4","4","0","0","0","0","0","0","0","0","0","0","2","2","0","0","0","0","2","2","0","0","0","0","0","0","0","0","0","0","-2"
"225627","University of the Incarnate Word","2015","Not on tenure/no tenure system, assistant professors","20","12","8","0","0","0","2","1","1","3","3","0","5","2","3","0","0","0","10","6","4","0","0","0","0","0","0","0","0","0","-2"
"225627","University of the Incarnate Word","2015","Not on tenure/no tenure system, instructors","44","14","30","0","0","0","0","0","0","2","2","0","17","6","11","0","0","0","25","6","19","0","0","0","0","0","0","0","0","0","-2"
"227757","Rice University","2015","Tenured total","420","316","104","0","0","0","52","34","18","8","6","2","22","19","3","0","0","0","336","256","80","1","0","1","0","0","0","1","1","0","-2"
"227757","Rice University","2015","Tenured, professors","305","241","64","0","0","0","33","25","8","4","4","0","15","13","2","0","0","0","252","198","54","0","0","0","0","0","0","1","1","0","-2"
"227757","Rice University","2015","Tenured, associate professors","115","75","40","0","0","0","19","9","10","4","2","2","7","6","1","0","0","0","84","58","26","1","0","1","0","0","0","0","0","0","-2"
"227757","Rice University","2015","On-Tenure track total","94","59","35","0","0","0","9","8","1","1","1","0","8","5","3","0","0","0","64","38","26","3","2","1","0","0","0","9","5","4","-2"
"227757","Rice University","2015","On-tenure track, associate professors","1","1","0","0","0","0","0","0","0","0","0","0","0","0","0","0","0","0","1","1","0","0","0","0","0","0","0","0","0","0","-2"
"227757","Rice University","2015","On-tenure track, assistant professors","93","58","35","0","0","0","9","8","1","1","1","0","8","5","3","0","0","0","63","37","26","3","2","1","0","0","0","9","5","4","-2"
"227757","Rice University","2015","Not on tenure track/No tenure system system total","151","84","67","0","0","0","12","8","4","1","0","1","10","5","5","0","0","0","115","64","51","1","1","0","1","0","1","11","6","5","-2"
"227757","Rice University","2015","Not on tenure/no tenure system, associate professors","1","0","1","0","0","0","0","0","0","0","0","0","0","0","0","0","0","0","1","0","1","0","0","0","0","0","0","0","0","0","-2"
"227757","Rice University","2015","Not on tenure/no tenure system, instructors","24","19","5","0","0","0","5","5","0","0","0","0","0","0","0","0","0","0","14","10","4","0","0","0","0","0","0","5","4","1","-2"
"227757","Rice University","2015","Not on tenure/no tenure system, lecturers","122","61","61","0","0","0","7","3","4","1","0","1","10","5","5","0","0","0","96","50","46","1","1","0","1","0","1","6","2","4","-2"
"227757","Rice University","2015","Not on tenure/no tenure system, no academic rank","4","4","0","0","0","0","0","0","0","0","0","0","0","0","0","0","0","0","4","4","0","0","0","0","0","0","0","0","0","0","-2"
"228459","Texas State University","2015","Tenured total","530","320","210","3","2","1","49","36","13","18","10","8","54","32","22","1","0","1","375","218","157","7","5","2","23","17","6","0","0","0","-2"
"228459","Texas State University","2015","Tenured, professors","261","172","89","1","1","0","18","13","5","4","2","2","15","11","4","0","0","0","209","132","77","3","2","1","11","11","0","0","0","0","-2"
"228459","Texas State University","2015","Tenured, associate professors","263","144","119","2","1","1","31","23","8","14","8","6","38","21","17","1","0","1","161","82","79","4","3","1","12","6","6","0","0","0","-2"
"228459","Texas State University","2015","Tenured, assistant professors","5","3","2","0","0","0","0","0","0","0","0","0","1","0","1","0","0","0","4","3","1","0","0","0","0","0","0","0","0","0","-2"
"228459","Texas State University","2015","Tenured, instructors","1","1","0","0","0","0","0","0","0","0","0","0","0","0","0","0","0","0","1","1","0","0","0","0","0","0","0","0","0","0","-2"
"228459","Texas State University","2015","On-Tenure track total","188","83","105","1","0","1","26","13","13","9","5","4","24","10","14","0","0","0","118","50","68","0","0","0","10","5","5","0","0","0","-2"
"228459","Texas State University","2015","On-tenure track, professors","1","0","1","0","0","0","1","0","1","0","0","0","0","0","0","0","0","0","0","0","0","0","0","0","0","0","0","0","0","0","-2"
"228459","Texas State University","2015","On-tenure track, associate professors","5","2","3","0","0","0","2","1","1","1","0","1","0","0","0","0","0","0","2","1","1","0","0","0","0","0","0","0","0","0","-2"
"228459","Texas State University","2015","On-tenure track, assistant professors","182","81","101","1","0","1","23","12","11","8","5","3","24","10","14","0","0","0","116","49","67","0","0","0","10","5","5","0","0","0","-2"
"228459","Texas State University","2015","Not on tenure track/No tenure system system total","521","235","286","3","2","1","19","9","10","15","5","10","40","14","26","2","1","1","421","190","231","3","2","1","16","10","6","2","2","0","-2"
"228459","Texas State University","2015","Not on tenure/no tenure system, professors","6","5","1","0","0","0","0","0","0","0","0","0","0","0","0","0","0","0","6","5","1","0","0","0","0","0","0","0","0","0","-2"
"228459","Texas State University","2015","Not on tenure/no tenure system, associate professors","10","0","10","0","0","0","1","0","1","0","0","0","0","0","0","0","0","0","9","0","9","0","0","0","0","0","0","0","0","0","-2"
"228459","Texas State University","2015","Not on tenure/no tenure system, assistant professors","20","4","16","0","0","0","0","0","0","4","1","3","2","0","2","0","0","0","14","3","11","0","0","0","0","0","0","0","0","0","-2"
"228459","Texas State University","2015","Not on tenure/no tenure system, lecturers","466","215","251","3","2","1","17","8","9","9","3","6","35","13","22","2","1","1","381","176","205","3","2","1","16","10","6","0","0","0","-2"
"228459","Texas State University","2015","Not on tenure/no tenure system, no academic rank","19","11","8","0","0","0","1","1","0","2","1","1","3","1","2","0","0","0","11","6","5","0","0","0","0","0","0","2","2","0","-2"
"228723","Texas A & M University-College Station","2015","Tenured total","1579","1213","366","3","2","1","246","201","45","52","33","19","91","65","26","0","0","0","1159","888","271","3","3","0","16","15","1","9","6","3","-2"
"228723","Texas A & M University-College Station","2015","Tenured, professors","981","811","170","1","0","1","138","120","18","24","18","6","38","28","10","0","0","0","771","637","134","1","1","0","6","5","1","2","2","0","-2"
"228723","Texas A & M University-College Station","2015","Tenured, associate professors","596","401","195","2","2","0","108","81","27","28","15","13","53","37","16","0","0","0","386","250","136","2","2","0","10","10","0","7","4","3","-2"
"228723","Texas A & M University-College Station","2015","Tenured, assistant professors","2","1","1","0","0","0","0","0","0","0","0","0","0","0","0","0","0","0","2","1","1","0","0","0","0","0","0","0","0","0","-2"
"228723","Texas A & M University-College Station","2015","On-Tenure track total","416","255","161","1","0","1","73","45","28","15","7","8","21","12","9","0","0","0","224","133","91","7","1","6","8","6","2","67","51","16","-2"
"228723","Texas A & M University-College Station","2015","On-tenure track, professors","21","18","3","0","0","0","5","4","1","0","0","0","0","0","0","0","0","0","14","12","2","0","0","0","1","1","0","1","1","0","-2"
"228723","Texas A & M University-College Station","2015","On-tenure track, associate professors","73","46","27","0","0","0","18","11","7","3","2","1","8","6","2","0","0","0","38","23","15","2","0","2","1","1","0","3","3","0","-2"
"228723","Texas A & M University-College Station","2015","On-tenure track, assistant professors","322","191","131","1","0","1","50","30","20","12","5","7","13","6","7","0","0","0","172","98","74","5","1","4","6","4","2","63","47","16","-2"
"228723","Texas A & M University-College Station","2015","Not on tenure track/No tenure system system total","988","503","485","3","2","1","84","47","37","32","14","18","55","32","23","2","2","0","723","352","371","7","4","3","12","6","6","70","44","26","-2"
"228723","Texas A & M University-College Station","2015","Not on tenure/no tenure system, professors","73","47","26","0","0","0","8","7","1","1","0","1","1","0","1","1","1","0","61","38","23","1","1","0","0","0","0","0","0","0","-2"
"228723","Texas A & M University-College Station","2015","Not on tenure/no tenure system, associate professors","107","56","51","0","0","0","17","12","5","5","2","3","3","1","2","0","0","0","82","41","41","0","0","0","0","0","0","0","0","0","-2"
"228723","Texas A & M University-College Station","2015","Not on tenure/no tenure system, assistant professors","265","131","134","1","1","0","32","17","15","13","7","6","19","9","10","1","1","0","153","64","89","2","2","0","6","3","3","38","27","11","-2"
"228723","Texas A & M University-College Station","2015","Not on tenure/no tenure system, instructors","296","153","143","2","1","1","14","6","8","5","3","2","17","12","5","0","0","0","231","116","115","2","1","1","2","2","0","23","12","11","-2"
"228723","Texas A & M University-College Station","2015","Not on tenure/no tenure system, lecturers","247","116","131","0","0","0","13","5","8","8","2","6","15","10","5","0","0","0","196","93","103","2","0","2","4","1","3","9","5","4","-2"
"228769","The University of Texas at Arlington","2015","Tenured total","442","330","112","1","1","0","121","100","21","12","7","5","18","13","5","0","0","0","282","202","80","3","3","0","1","1","0","4","3","1","-2"
"228769","The University of Texas at Arlington","2015","Tenured, professors","211","177","34","1","1","0","66","58","8","4","3","1","4","4","0","0","0","0","133","108","25","1","1","0","1","1","0","1","1","0","-2"
"228769","The University of Texas at Arlington","2015","Tenured, associate professors","231","153","78","0","0","0","55","42","13","8","4","4","14","9","5","0","0","0","149","94","55","2","2","0","0","0","0","3","2","1","-2"
"228769","The University of Texas at Arlington","2015","On-Tenure track total","116","68","48","1","1","0","24","14","10","6","5","1","7","2","5","1","1","0","62","38","24","0","0","0","0","0","0","15","7","8","-2"
"228769","The University of Texas at Arlington","2015","On-tenure track, assistant professors","114","66","48","1","1","0","24","14","10","6","5","1","7","2","5","1","1","0","60","36","24","0","0","0","0","0","0","15","7","8","-2"
"228769","The University of Texas at Arlington","2015","On-tenure track, no academic rank","2","2","0","0","0","0","0","0","0","0","0","0","0","0","0","0","0","0","2","2","0","0","0","0","0","0","0","0","0","0","-2"
"228769","The University of Texas at Arlington","2015","Not on tenure track/No tenure system system total","177","85","92","1","0","1","6","4","2","7","2","5","9","7","2","0","0","0","139","63","76","0","0","0","9","3","6","6","6","0","-2"
"228769","The University of Texas at Arlington","2015","Not on tenure/no tenure system, lecturers","177","85","92","1","0","1","6","4","2","7","2","5","9","7","2","0","0","0","139","63","76","0","0","0","9","3","6","6","6","0","-2"
"228778","The University of Texas at Austin","2015","Tenured total","1509","1066","443","8","4","4","138","101","37","62","36","26","78","50","28","0","0","0","1199","861","338","9","3","6","0","0","0","15","11","4","-2"
"228778","The University of Texas at Austin","2015","Tenured, professors","980","757","223","6","4","2","84","67","17","26","20","6","43","32","11","0","0","0","811","628","183","4","2","2","0","0","0","6","4","2","-2"
"228778","The University of Texas at Austin","2015","Tenured, associate professors","529","309","220","2","0","2","54","34","20","36","16","20","35","18","17","0","0","0","388","233","155","5","1","4","0","0","0","9","7","2","-2"
"228778","The University of Texas at Austin","2015","On-Tenure track total","346","194","152","0","0","0","49","34","15","17","9","8","34","17","17","0","0","0","197","108","89","8","4","4","0","0","0","41","22","19","-2"
"228778","The University of Texas at Austin","2015","On-tenure track, associate professors","1","0","1","0","0","0","0","0","0","0","0","0","0","0","0","0","0","0","1","0","1","0","0","0","0","0","0","0","0","0","-2"
"228778","The University of Texas at Austin","2015","On-tenure track, assistant professors","345","194","151","0","0","0","49","34","15","17","9","8","34","17","17","0","0","0","196","108","88","8","4","4","0","0","0","41","22","19","-2"
"228778","The University of Texas at Austin","2015","Not on tenure track/No tenure system system total","873","399","474","1","0","1","68","29","39","19","11","8","67","22","45","0","0","0","655","298","357","13","7","6","0","0","0","50","32","18","-2"
"228778","The University of Texas at Austin","2015","Not on tenure/no tenure system, lecturers","577","280","297","1","0","1","49","22","27","12","9","3","37","13","24","0","0","0","440","214","226","7","5","2","0","0","0","31","17","14","-2"
"228778","The University of Texas at Austin","2015","Not on tenure/no tenure system, no academic rank","296","119","177","0","0","0","19","7","12","7","2","5","30","9","21","0","0","0","215","84","131","6","2","4","0","0","0","19","15","4","-2"
"228796","The University of Texas at El Paso","2015","Tenured total","342","243","99","0","0","0","47","34","13","3","3","0","99","66","33","0","0","0","188","137","51","3","2","1","0","0","0","2","1","1","-2"
"228796","The University of Texas at El Paso","2015","Tenured, professors","164","127","37","0","0","0","20","16","4","2","2","0","38","25","13","0","0","0","102","82","20","2","2","0","0","0","0","0","0","0","-2"
"228796","The University of Texas at El Paso","2015","Tenured, associate professors","178","116","62","0","0","0","27","18","9","1","1","0","61","41","20","0","0","0","86","55","31","1","0","1","0","0","0","2","1","1","-2"
"228796","The University of Texas at El Paso","2015","On-Tenure track total","141","72","69","0","0","0","31","17","14","8","3","5","30","13","17","0","0","0","55","31","24","2","2","0","0","0","0","15","6","9","-2"
"228796","The University of Texas at El Paso","2015","On-tenure track, associate professors","8","7","1","0","0","0","1","1","0","0","0","0","3","3","0","0","0","0","4","3","1","0","0","0","0","0","0","0","0","0","-2"
"228796","The University of Texas at El Paso","2015","On-tenure track, assistant professors","133","65","68","0","0","0","30","16","14","8","3","5","27","10","17","0","0","0","51","28","23","2","2","0","0","0","0","15","6","9","-2"
"228796","The University of Texas at El Paso","2015","Not on tenure track/No tenure system system total","236","94","142","1","0","1","10","2","8","3","1","2","102","39","63","0","0","0","108","47","61","1","0","1","0","0","0","11","5","6","-2"
"228796","The University of Texas at El Paso","2015","Not on tenure/no tenure system, lecturers","236","94","142","1","0","1","10","2","8","3","1","2","102","39","63","0","0","0","108","47","61","1","0","1","0","0","0","11","5","6","-2"
"229063","Texas Southern University","2015","Tenured total","209","121","88","0","0","0","31","19","12","126","69","57","4","3","1","0","0","0","29","17","12","0","0","0","0","0","0","19","13","6","-2"
"229063","Texas Southern University","2015","Tenured, professors","103","71","32","0","0","0","10","8","2","65","42","23","3","3","0","0","0","0","13","10","3","0","0","0","0","0","0","12","8","4","-2"
"229063","Texas Southern University","2015","Tenured, associate professors","98","45","53","0","0","0","21","11","10","55","23","32","1","0","1","0","0","0","15","7","8","0","0","0","0","0","0","6","4","2","-2"
"229063","Texas Southern University","2015","Tenured, assistant professors","8","5","3","0","0","0","0","0","0","6","4","2","0","0","0","0","0","0","1","0","1","0","0","0","0","0","0","1","1","0","-2"
"229063","Texas Southern University","2015","On-Tenure track total","53","18","35","0","0","0","8","4","4","36","8","28","1","1","0","0","0","0","8","5","3","0","0","0","0","0","0","0","0","0","-2"
"229063","Texas Southern University","2015","On-tenure track, associate professors","9","2","7","0","0","0","2","0","2","4","1","3","0","0","0","0","0","0","3","1","2","0","0","0","0","0","0","0","0","0","-2"
"229063","Texas Southern University","2015","On-tenure track, assistant professors","43","15","28","0","0","0","6","4","2","32","7","25","0","0","0","0","0","0","5","4","1","0","0","0","0","0","0","0","0","0","-2"
"229063","Texas Southern University","2015","On-tenure track, instructors","1","1","0","0","0","0","0","0","0","0","0","0","1","1","0","0","0","0","0","0","0","0","0","0","0","0","0","0","0","0","-2"
"229063","Texas Southern University","2015","Not on tenure track/No tenure system system total","138","69","69","1","1","0","7","6","1","105","47","58","6","3","3","0","0","0","15","9","6","1","1","0","0","0","0","3","2","1","-2"
"229063","Texas Southern University","2015","Not on tenure/no tenure system, instructors","4","2","2","0","0","0","0","0","0","2","2","0","1","0","1","0","0","0","0","0","0","0","0","0","0","0","0","1","0","1","-2"
"229063","Texas Southern University","2015","Not on tenure/no tenure system, no academic rank","134","67","67","1","1","0","7","6","1","103","45","58","5","3","2","0","0","0","15","9","6","1","1","0","0","0","0","2","2","0","-2"
"229115","Texas Tech University","2015","Tenured total","742","527","215","3","2","1","46","35","11","17","10","7","38","24","14","0","0","0","523","378","145","2","2","0","0","0","0","113","76","37","-2"
"229115","Texas Tech University","2015","Tenured, professors","348","270","78","2","1","1","30","24","6","11","6","5","14","10","4","0","0","0","263","206","57","1","1","0","0","0","0","27","22","5","-2"
"229115","Texas Tech University","2015","Tenured, associate professors","370","242","128","1","1","0","15","10","5","5","3","2","23","14","9","0","0","0","241","161","80","1","1","0","0","0","0","84","52","32","-2"
"229115","Texas Tech University","2015","Tenured, assistant professors","5","5","0","0","0","0","0","0","0","1","1","0","0","0","0","0","0","0","2","2","0","0","0","0","0","0","0","2","2","0","-2"
"229115","Texas Tech University","2015","Tenured, no academic rank","19","10","9","0","0","0","1","1","0","0","0","0","1","0","1","0","0","0","17","9","8","0","0","0","0","0","0","0","0","0","-2"
"229115","Texas Tech University","2015","On-Tenure track total","285","170","115","1","1","0","9","6","3","9","5","4","17","10","7","0","0","0","163","91","72","4","3","1","0","0","0","82","54","28","-2"
"229115","Texas Tech University","2015","On-tenure track, professors","3","0","3","0","0","0","0","0","0","0","0","0","0","0","0","0","0","0","3","0","3","0","0","0","0","0","0","0","0","0","-2"
"229115","Texas Tech University","2015","On-tenure track, associate professors","25","17","8","0","0","0","4","2","2","0","0","0","1","1","0","0","0","0","15","9","6","0","0","0","0","0","0","5","5","0","-2"
"229115","Texas Tech University","2015","On-tenure track, assistant professors","256","152","104","1","1","0","5","4","1","9","5","4","16","9","7","0","0","0","144","81","63","4","3","1","0","0","0","77","49","28","-2"
"229115","Texas Tech University","2015","On-tenure track, no academic rank","1","1","0","0","0","0","0","0","0","0","0","0","0","0","0","0","0","0","1","1","0","0","0","0","0","0","0","0","0","0","-2"
"229115","Texas Tech University","2015","Not on tenure track/No tenure system system total","336","137","199","2","1","1","11","6","5","4","1","3","30","14","16","0","0","0","247","92","155","2","1","1","1","0","1","39","22","17","-2"
"229115","Texas Tech University","2015","Not on tenure/no tenure system, professors","12","10","2","1","0","1","0","0","0","0","0","0","1","1","0","0","0","0","9","8","1","0","0","0","0","0","0","1","1","0","-2"
"229115","Texas Tech University","2015","Not on tenure/no tenure system, associate professors","9","6","3","0","0","0","2","2","0","0","0","0","0","0","0","0","0","0","4","1","3","0","0","0","0","0","0","3","3","0","-2"
"229115","Texas Tech University","2015","Not on tenure/no tenure system, assistant professors","43","17","26","0","0","0","0","0","0","1","0","1","4","1","3","0","0","0","27","9","18","0","0","0","0","0","0","11","7","4","-2"
"229115","Texas Tech University","2015","Not on tenure/no tenure system, instructors","261","97","164","1","1","0","8","3","5","3","1","2","23","12","11","0","0","0","200","69","131","1","0","1","1","0","1","24","11","13","-2"
"229115","Texas Tech University","2015","Not on tenure/no tenure system, no academic rank","11","7","4","0","0","0","1","1","0","0","0","0","2","0","2","0","0","0","7","5","2","1","1","0","0","0","0","0","0","0","-2"
"230728","Utah State University","2015","Tenured total","492","358","134","1","1","0","25","19","6","2","2","0","16","6","10","0","0","0","424","313","111","2","1","1","22","16","6","0","0","0","-2"
"230728","Utah State University","2015","Tenured, professors","233","184","49","0","0","0","10","8","2","1","1","0","3","2","1","0","0","0","204","161","43","2","1","1","13","11","2","0","0","0","-2"
"230728","Utah State University","2015","Tenured, associate professors","257","172","85","1","1","0","15","11","4","1","1","0","13","4","9","0","0","0","218","150","68","0","0","0","9","5","4","0","0","0","-2"
"230728","Utah State University","2015","Tenured, assistant professors","1","1","0","0","0","0","0","0","0","0","0","0","0","0","0","0","0","0","1","1","0","0","0","0","0","0","0","0","0","0","-2"
"230728","Utah State University","2015","Tenured, instructors","1","1","0","0","0","0","0","0","0","0","0","0","0","0","0","0","0","0","1","1","0","0","0","0","0","0","0","0","0","0","-2"
"230728","Utah State University","2015","On-Tenure track total","198","123","75","1","0","1","14","6","8","0","0","0","11","8","3","0","0","0","111","66","45","3","2","1","43","32","11","15","9","6","-2"
"230728","Utah State University","2015","On-tenure track, professors","1","1","0","0","0","0","0","0","0","0","0","0","0","0","0","0","0","0","0","0","0","0","0","0","1","1","0","0","0","0","-2"
"230728","Utah State University","2015","On-tenure track, associate professors","5","4","1","0","0","0","2","2","0","0","0","0","0","0","0","0","0","0","3","2","1","0","0","0","0","0","0","0","0","0","-2"
"230728","Utah State University","2015","On-tenure track, assistant professors","188","115","73","1","0","1","12","4","8","0","0","0","11","8","3","0","0","0","104","61","43","3","2","1","42","31","11","15","9","6","-2"
"230728","Utah State University","2015","On-tenure track, instructors","4","3","1","0","0","0","0","0","0","0","0","0","0","0","0","0","0","0","4","3","1","0","0","0","0","0","0","0","0","0","-2"
"230728","Utah State University","2015","Not on tenure track/No tenure system system total","204","99","105","1","0","1","1","0","1","3","1","2","4","2","2","0","0","0","156","77","79","1","0","1","34","16","18","4","3","1","-2"
"230728","Utah State University","2015","Not on tenure/no tenure system, professors","6","5","1","0","0","0","0","0","0","0","0","0","0","0","0","0","0","0","5","4","1","0","0","0","1","1","0","0","0","0","-2"
"230728","Utah State University","2015","Not on tenure/no tenure system, associate professors","7","4","3","0","0","0","0","0","0","0","0","0","0","0","0","0","0","0","6","4","2","0","0","0","1","0","1","0","0","0","-2"
"230728","Utah State University","2015","Not on tenure/no tenure system, assistant professors","55","23","32","0","0","0","0","0","0","1","0","1","1","1","0","0","0","0","38","15","23","0","0","0","13","5","8","2","2","0","-2"
"230728","Utah State University","2015","Not on tenure/no tenure system, instructors","23","8","15","0","0","0","0","0","0","0","0","0","0","0","0","0","0","0","21","7","14","0","0","0","2","1","1","0","0","0","-2"
"230728","Utah State University","2015","Not on tenure/no tenure system, lecturers","113","59","54","1","0","1","1","0","1","2","1","1","3","1","2","0","0","0","86","47","39","1","0","1","17","9","8","2","1","1","-2"
"230764","University of Utah","2015","Tenured total","837","586","251","3","1","2","86","70","16","10","5","5","26","18","8","0","0","0","661","457","204","6","3","3","39","27","12","6","5","1","-2"
"230764","University of Utah","2015","Tenured, professors","535","406","129","3","1","2","55","45","10","4","2","2","11","8","3","0","0","0","437","332","105","4","2","2","16","12","4","5","4","1","-2"
"230764","University of Utah","2015","Tenured, associate professors","300","180","120","0","0","0","31","25","6","6","3","3","15","10","5","0","0","0","222","125","97","2","1","1","23","15","8","1","1","0","-2"
"230764","University of Utah","2015","Tenured, assistant professors","2","0","2","0","0","0","0","0","0","0","0","0","0","0","0","0","0","0","2","0","2","0","0","0","0","0","0","0","0","0","-2"
"230764","University of Utah","2015","On-Tenure track total","304","163","141","1","0","1","37","21","16","4","2","2","20","8","12","0","0","0","191","98","93","6","3","3","25","19","6","20","12","8","-2"
"230764","University of Utah","2015","On-tenure track, professors","6","3","3","0","0","0","0","0","0","0","0","0","1","1","0","0","0","0","4","1","3","0","0","0","0","0","0","1","1","0","-2"
"230764","University of Utah","2015","On-tenure track, associate professors","35","17","18","0","0","0","3","0","3","0","0","0","2","1","1","0","0","0","27","13","14","0","0","0","3","3","0","0","0","0","-2"
"230764","University of Utah","2015","On-tenure track, assistant professors","260","141","119","1","0","1","32","19","13","4","2","2","17","6","11","0","0","0","160","84","76","6","3","3","21","16","5","19","11","8","-2"
"230764","University of Utah","2015","On-tenure track, instructors","2","1","1","0","0","0","1","1","0","0","0","0","0","0","0","0","0","0","0","0","0","0","0","0","1","0","1","0","0","0","-2"
"230764","University of Utah","2015","On-tenure track, lecturers","1","1","0","0","0","0","1","1","0","0","0","0","0","0","0","0","0","0","0","0","0","0","0","0","0","0","0","0","0","0","-2"
"230764","University of Utah","2015","Not on tenure track/No tenure system system total","571","272","299","2","1","1","26","8","18","3","1","2","15","7","8","1","0","1","462","218","244","6","3","3","40","24","16","16","10","6","-2"
"230764","University of Utah","2015","Not on tenure/no tenure system, professors","80","51","29","0","0","0","4","3","1","0","0","0","3","1","2","0","0","0","64","38","26","1","1","0","7","7","0","1","1","0","-2"
"230764","University of Utah","2015","Not on tenure/no tenure system, associate professors","143","70","73","1","0","1","7","2","5","0","0","0","3","2","1","1","0","1","117","59","58","1","0","1","9","6","3","4","1","3","-2"
"230764","University of Utah","2015","Not on tenure/no tenure system, assistant professors","226","111","115","1","1","0","9","2","7","3","1","2","7","4","3","0","0","0","175","87","88","4","2","2","18","7","11","9","7","2","-2"
"230764","University of Utah","2015","Not on tenure/no tenure system, instructors","50","16","34","0","0","0","2","0","2","0","0","0","1","0","1","0","0","0","44","14","30","0","0","0","3","2","1","0","0","0","-2"
"230764","University of Utah","2015","Not on tenure/no tenure system, lecturers","8","2","6","0","0","0","0","0","0","0","0","0","1","0","1","0","0","0","7","2","5","0","0","0","0","0","0","0","0","0","-2"
"230764","University of Utah","2015","Not on tenure/no tenure system, no academic rank","64","22","42","0","0","0","4","1","3","0","0","0","0","0","0","0","0","0","55","18","37","0","0","0","3","2","1","2","1","1","-2"
"230913","Northern Vermont University","2015","Tenured total","26","16","10","0","0","0","0","0","0","0","0","0","0","0","0","0","0","0","25","16","9","1","0","1","0","0","0","0","0","0","-2"
"230913","Northern Vermont University","2015","Tenured, professors","21","14","7","0","0","0","0","0","0","0","0","0","0","0","0","0","0","0","20","14","6","1","0","1","0","0","0","0","0","0","-2"
"230913","Northern Vermont University","2015","Tenured, associate professors","5","2","3","0","0","0","0","0","0","0","0","0","0","0","0","0","0","0","5","2","3","0","0","0","0","0","0","0","0","0","-2"
"230913","Northern Vermont University","2015","On-Tenure track total","14","9","5","0","0","0","0","0","0","0","0","0","0","0","0","0","0","0","7","4","3","0","0","0","7","5","2","0","0","0","-2"
"230913","Northern Vermont University","2015","On-tenure track, associate professors","6","4","2","0","0","0","0","0","0","0","0","0","0","0","0","0","0","0","4","3","1","0","0","0","2","1","1","0","0","0","-2"
"230913","Northern Vermont University","2015","On-tenure track, assistant professors","8","5","3","0","0","0","0","0","0","0","0","0","0","0","0","0","0","0","3","1","2","0","0","0","5","4","1","0","0","0","-2"
"230913","Northern Vermont University","2015","Not on tenure track/No tenure system system total","3","2","1","0","0","0","0","0","0","0","0","0","0","0","0","0","0","0","0","0","0","0","0","0","3","2","1","0","0","0","-2"
"230913","Northern Vermont University","2015","Not on tenure/no tenure system, assistant professors","3","2","1","0","0","0","0","0","0","0","0","0","0","0","0","0","0","0","0","0","0","0","0","0","3","2","1","0","0","0","-2"
"232186","George Mason University","2015","Tenured total","698","468","230","2","1","1","87","63","24","23","9","14","16","12","4","0","0","0","501","341","160","2","1","1","63","39","24","4","2","2","-2"
"232186","George Mason University","2015","Tenured, professors","347","270","77","1","1","0","36","29","7","11","5","6","6","6","0","0","0","0","268","211","57","1","1","0","23","16","7","1","1","0","-2"
"232186","George Mason University","2015","Tenured, associate professors","351","198","153","1","0","1","51","34","17","12","4","8","10","6","4","0","0","0","233","130","103","1","0","1","40","23","17","3","1","2","-2"
"232186","George Mason University","2015","On-Tenure track total","192","97","95","0","0","0","7","4","3","3","3","0","2","1","1","0","0","0","55","20","35","1","0","1","102","58","44","22","11","11","-2"
"232186","George Mason University","2015","On-tenure track, associate professors","15","9","6","0","0","0","0","0","0","1","1","0","0","0","0","0","0","0","8","3","5","0","0","0","6","5","1","0","0","0","-2"
"232186","George Mason University","2015","On-tenure track, assistant professors","177","88","89","0","0","0","7","4","3","2","2","0","2","1","1","0","0","0","47","17","30","1","0","1","96","53","43","22","11","11","-2"
"232186","George Mason University","2015","Not on tenure track/No tenure system system total","369","154","215","1","1","0","22","11","11","15","3","12","7","4","3","0","0","0","234","94","140","1","0","1","81","38","43","8","3","5","-2"
"232186","George Mason University","2015","Not on tenure/no tenure system, professors","25","14","11","0","0","0","1","1","0","0","0","0","0","0","0","0","0","0","19","10","9","0","0","0","5","3","2","0","0","0","-2"
"232186","George Mason University","2015","Not on tenure/no tenure system, associate professors","73","30","43","0","0","0","6","2","4","4","1","3","1","1","0","0","0","0","56","24","32","1","0","1","5","2","3","0","0","0","-2"
"232186","George Mason University","2015","Not on tenure/no tenure system, assistant professors","172","67","105","1","1","0","11","6","5","7","1","6","3","1","2","0","0","0","88","30","58","0","0","0","55","26","29","7","2","5","-2"
"232186","George Mason University","2015","Not on tenure/no tenure system, instructors","99","43","56","0","0","0","4","2","2","4","1","3","3","2","1","0","0","0","71","30","41","0","0","0","16","7","9","1","1","0","-2"
"232265","Hampton University","2015","Tenured total","73","41","32","0","0","0","11","8","3","41","17","24","5","3","2","0","0","0","16","13","3","0","0","0","0","0","0","0","0","0","-2"
"232265","Hampton University","2015","Tenured, professors","35","23","12","0","0","0","6","6","0","19","9","10","3","2","1","0","0","0","7","6","1","0","0","0","0","0","0","0","0","0","-2"
"232265","Hampton University","2015","Tenured, associate professors","29","11","18","0","0","0","4","1","3","19","6","13","2","1","1","0","0","0","4","3","1","0","0","0","0","0","0","0","0","0","-2"
"232265","Hampton University","2015","Tenured, assistant professors","9","7","2","0","0","0","1","1","0","3","2","1","0","0","0","0","0","0","5","4","1","0","0","0","0","0","0","0","0","0","-2"
"232265","Hampton University","2015","On-Tenure track total","30","17","13","0","0","0","3","2","1","18","7","11","0","0","0","0","0","0","9","8","1","0","0","0","0","0","0","0","0","0","-2"
"232265","Hampton University","2015","On-tenure track, professors","2","2","0","0","0","0","0","0","0","1","1","0","0","0","0","0","0","0","1","1","0","0","0","0","0","0","0","0","0","0","-2"
"232265","Hampton University","2015","On-tenure track, associate professors","10","6","4","0","0","0","0","0","0","8","4","4","0","0","0","0","0","0","2","2","0","0","0","0","0","0","0","0","0","0","-2"
"232265","Hampton University","2015","On-tenure track, assistant professors","18","9","9","0","0","0","3","2","1","9","2","7","0","0","0","0","0","0","6","5","1","0","0","0","0","0","0","0","0","0","-2"
"232265","Hampton University","2015","Not on tenure track/No tenure system system total","111","46","65","0","0","0","9","4","5","79","30","49","0","0","0","0","0","0","23","12","11","0","0","0","0","0","0","0","0","0","-2"
"232265","Hampton University","2015","Not on tenure/no tenure system, associate professors","12","6","6","0","0","0","0","0","0","7","3","4","0","0","0","0","0","0","5","3","2","0","0","0","0","0","0","0","0","0","-2"
"232265","Hampton University","2015","Not on tenure/no tenure system, assistant professors","88","37","51","0","0","0","9","4","5","62","24","38","0","0","0","0","0","0","17","9","8","0","0","0","0","0","0","0","0","0","-2"
"232265","Hampton University","2015","Not on tenure/no tenure system, instructors","5","0","5","0","0","0","0","0","0","4","0","4","0","0","0","0","0","0","1","0","1","0","0","0","0","0","0","0","0","0","-2"
"232265","Hampton University","2015","Not on tenure/no tenure system, lecturers","2","1","1","0","0","0","0","0","0","2","1","1","0","0","0","0","0","0","0","0","0","0","0","0","0","0","0","0","0","0","-2"
"232265","Hampton University","2015","Not on tenure/no tenure system, no academic rank","4","2","2","0","0","0","0","0","0","4","2","2","0","0","0","0","0","0","0","0","0","0","0","0","0","0","0","0","0","0","-2"
"232982","Old Dominion University","2015","Tenured total","401","280","121","2","1","1","45","34","11","20","12","8","12","9","3","0","0","0","249","169","80","0","0","0","54","40","14","19","15","4","-2"
"232982","Old Dominion University","2015","Tenured, professors","209","164","45","1","0","1","22","20","2","10","7","3","6","6","0","0","0","0","128","96","32","0","0","0","30","24","6","12","11","1","-2"
"232982","Old Dominion University","2015","Tenured, associate professors","192","116","76","1","1","0","23","14","9","10","5","5","6","3","3","0","0","0","121","73","48","0","0","0","24","16","8","7","4","3","-2"
"232982","Old Dominion University","2015","On-Tenure track total","187","101","86","1","1","0","25","16","9","12","4","8","5","3","2","0","0","0","106","54","52","0","0","0","6","2","4","32","21","11","-2"
"232982","Old Dominion University","2015","On-tenure track, professors","3","3","0","0","0","0","1","1","0","0","0","0","0","0","0","0","0","0","2","2","0","0","0","0","0","0","0","0","0","0","-2"
"232982","Old Dominion University","2015","On-tenure track, associate professors","18","9","9","0","0","0","4","2","2","3","1","2","1","1","0","0","0","0","7","3","4","0","0","0","2","1","1","1","1","0","-2"
"232982","Old Dominion University","2015","On-tenure track, assistant professors","166","89","77","1","1","0","20","13","7","9","3","6","4","2","2","0","0","0","97","49","48","0","0","0","4","1","3","31","20","11","-2"
"232982","Old Dominion University","2015","Not on tenure track/No tenure system system total","242","81","161","1","1","0","8","5","3","16","0","16","10","5","5","0","0","0","174","56","118","2","0","2","25","10","15","6","4","2","-2"
"232982","Old Dominion University","2015","Not on tenure/no tenure system, professors","3","2","1","0","0","0","0","0","0","0","0","0","0","0","0","0","0","0","3","2","1","0","0","0","0","0","0","0","0","0","-2"
"232982","Old Dominion University","2015","Not on tenure/no tenure system, associate professors","5","3","2","0","0","0","1","1","0","0","0","0","0","0","0","0","0","0","4","2","2","0","0","0","0","0","0","0","0","0","-2"
"232982","Old Dominion University","2015","Not on tenure/no tenure system, assistant professors","11","7","4","0","0","0","0","0","0","1","0","1","0","0","0","0","0","0","6","4","2","1","0","1","0","0","0","3","3","0","-2"
"232982","Old Dominion University","2015","Not on tenure/no tenure system, instructors","21","9","12","0","0","0","1","1","0","1","0","1","0","0","0","0","0","0","14","5","9","0","0","0","4","3","1","1","0","1","-2"
"232982","Old Dominion University","2015","Not on tenure/no tenure system, lecturers","202","60","142","1","1","0","6","3","3","14","0","14","10","5","5","0","0","0","147","43","104","1","0","1","21","7","14","2","1","1","-2"
"233921","Virginia Polytechnic Institute and State University","2015","Tenured total","1059","774","285","4","2","2","123","97","26","31","20","11","32","26","6","1","0","1","864","627","237","3","1","2","0","0","0","1","1","0","-2"
"233921","Virginia Polytechnic Institute and State University","2015","Tenured, professors","576","468","108","1","0","1","68","60","8","12","8","4","13","12","1","1","0","1","479","387","92","2","1","1","0","0","0","0","0","0","-2"
"233921","Virginia Polytechnic Institute and State University","2015","Tenured, associate professors","483","306","177","3","2","1","55","37","18","19","12","7","19","14","5","0","0","0","385","240","145","1","0","1","0","0","0","1","1","0","-2"
"233921","Virginia Polytechnic Institute and State University","2015","On-Tenure track total","360","237","123","1","1","0","51","36","15","7","3","4","15","8","7","1","1","0","224","143","81","4","4","0","0","0","0","57","41","16","-2"
"233921","Virginia Polytechnic Institute and State University","2015","On-tenure track, professors","1","1","0","0","0","0","1","1","0","0","0","0","0","0","0","0","0","0","0","0","0","0","0","0","0","0","0","0","0","0","-2"
"233921","Virginia Polytechnic Institute and State University","2015","On-tenure track, associate professors","23","22","1","0","0","0","3","3","0","0","0","0","0","0","0","0","0","0","18","17","1","0","0","0","0","0","0","2","2","0","-2"
"233921","Virginia Polytechnic Institute and State University","2015","On-tenure track, assistant professors","336","214","122","1","1","0","47","32","15","7","3","4","15","8","7","1","1","0","206","126","80","4","4","0","0","0","0","55","39","16","-2"
"233921","Virginia Polytechnic Institute and State University","2015","Not on tenure track/No tenure system system total","312","151","161","0","0","0","15","5","10","10","7","3","11","1","10","0","0","0","261","124","137","3","2","1","0","0","0","12","12","0","-2"
"233921","Virginia Polytechnic Institute and State University","2015","Not on tenure/no tenure system, professors","7","7","0","0","0","0","0","0","0","0","0","0","0","0","0","0","0","0","7","7","0","0","0","0","0","0","0","0","0","0","-2"
"233921","Virginia Polytechnic Institute and State University","2015","Not on tenure/no tenure system, associate professors","26","12","14","0","0","0","0","0","0","1","1","0","0","0","0","0","0","0","25","11","14","0","0","0","0","0","0","0","0","0","-2"
"233921","Virginia Polytechnic Institute and State University","2015","Not on tenure/no tenure system, assistant professors","60","33","27","0","0","0","2","2","0","4","2","2","3","1","2","0","0","0","47","24","23","0","0","0","0","0","0","4","4","0","-2"
"233921","Virginia Polytechnic Institute and State University","2015","Not on tenure/no tenure system, instructors","219","99","120","0","0","0","13","3","10","5","4","1","8","0","8","0","0","0","182","82","100","3","2","1","0","0","0","8","8","0","-2"
"234076","University of Virginia-Main Campus","2015","Tenured total","1032","764","268","0","0","0","79","55","24","44","28","16","23","17","6","0","0","0","872","656","216","8","4","4","0","0","0","6","4","2","-2"
"234076","University of Virginia-Main Campus","2015","Tenured, professors","693","556","137","0","0","0","49","43","6","19","15","4","12","11","1","0","0","0","609","486","123","2","0","2","0","0","0","2","1","1","-2"
"234076","University of Virginia-Main Campus","2015","Tenured, associate professors","339","208","131","0","0","0","30","12","18","25","13","12","11","6","5","0","0","0","263","170","93","6","4","2","0","0","0","4","3","1","-2"
"234076","University of Virginia-Main Campus","2015","On-Tenure track total","355","219","136","0","0","0","39","26","13","13","7","6","17","11","6","0","0","0","244","147","97","4","1","3","0","0","0","38","27","11","-2"
"234076","University of Virginia-Main Campus","2015","On-tenure track, associate professors","69","46","23","0","0","0","6","6","0","1","0","1","3","2","1","0","0","0","57","37","20","1","1","0","0","0","0","1","0","1","-2"
"234076","University of Virginia-Main Campus","2015","On-tenure track, assistant professors","286","173","113","0","0","0","33","20","13","12","7","5","14","9","5","0","0","0","187","110","77","3","0","3","0","0","0","37","27","10","-2"
"234076","University of Virginia-Main Campus","2015","Not on tenure track/No tenure system system total","740","383","357","1","1","0","57","29","28","21","9","12","25","12","13","1","1","0","589","309","280","6","3","3","0","0","0","40","19","21","-2"
"234076","University of Virginia-Main Campus","2015","Not on tenure/no tenure system, professors","76","45","31","0","0","0","1","0","1","0","0","0","0","0","0","0","0","0","74","44","30","0","0","0","0","0","0","1","1","0","-2"
"234076","University of Virginia-Main Campus","2015","Not on tenure/no tenure system, associate professors","212","125","87","0","0","0","15","8","7","10","5","5","4","2","2","0","0","0","181","109","72","2","1","1","0","0","0","0","0","0","-2"
"234076","University of Virginia-Main Campus","2015","Not on tenure/no tenure system, assistant professors","223","100","123","1","1","0","21","11","10","4","2","2","10","4","6","1","1","0","176","77","99","3","2","1","0","0","0","7","2","5","-2"
"234076","University of Virginia-Main Campus","2015","Not on tenure/no tenure system, instructors","41","29","12","0","0","0","6","6","0","1","1","0","1","0","1","0","0","0","24","14","10","0","0","0","0","0","0","9","8","1","-2"
"234076","University of Virginia-Main Campus","2015","Not on tenure/no tenure system, lecturers","188","84","104","0","0","0","14","4","10","6","1","5","10","6","4","0","0","0","134","65","69","1","0","1","0","0","0","23","8","15","-2"
"236939","Washington State University","2015","Tenured total","665","449","216","4","2","2","75","62","13","9","7","2","19","12","7","3","2","1","426","274","152","11","6","5","115","81","34","3","3","0","-2"
"236939","Washington State University","2015","Tenured, professors","355","265","90","1","1","0","38","34","4","2","2","0","10","8","2","3","2","1","254","186","68","7","4","3","39","27","12","1","1","0","-2"
"236939","Washington State University","2015","Tenured, associate professors","310","184","126","3","1","2","37","28","9","7","5","2","9","4","5","0","0","0","172","88","84","4","2","2","76","54","22","2","2","0","-2"
"236939","Washington State University","2015","On-Tenure track total","247","146","101","0","0","0","13","7","6","1","1","0","5","3","2","0","0","0","59","27","32","0","0","0","134","87","47","35","21","14","-2"
"236939","Washington State University","2015","On-tenure track, professors","5","3","2","0","0","0","0","0","0","0","0","0","0","0","0","0","0","0","1","0","1","0","0","0","4","3","1","0","0","0","-2"
"236939","Washington State University","2015","On-tenure track, associate professors","10","8","2","0","0","0","0","0","0","0","0","0","0","0","0","0","0","0","2","2","0","0","0","0","7","5","2","1","1","0","-2"
"236939","Washington State University","2015","On-tenure track, assistant professors","232","135","97","0","0","0","13","7","6","1","1","0","5","3","2","0","0","0","56","25","31","0","0","0","123","79","44","34","20","14","-2"
"236939","Washington State University","2015","Not on tenure track/No tenure system system total","470","204","266","5","1","4","16","4","12","3","1","2","25","12","13","0","0","0","252","104","148","1","0","1","138","64","74","30","18","12","-2"
"236939","Washington State University","2015","Not on tenure/no tenure system, instructors","189","65","124","3","1","2","5","1","4","2","0","2","13","6","7","0","0","0","102","33","69","1","0","1","55","20","35","8","4","4","-2"
"236939","Washington State University","2015","Not on tenure/no tenure system, lecturers","7","4","3","0","0","0","1","0","1","0","0","0","0","0","0","0","0","0","2","1","1","0","0","0","1","0","1","3","3","0","-2"
"236939","Washington State University","2015","Not on tenure/no tenure system, no academic rank","274","135","139","2","0","2","10","3","7","1","1","0","12","6","6","0","0","0","148","70","78","0","0","0","82","44","38","19","11","8","-2"
"236948","University of Washington-Seattle Campus","2015","Tenured total","1928","1254","674","8","4","4","157","102","55","25","13","12","50","30","20","0","0","0","1273","811","462","23","11","12","53","41","12","339","242","97","-2"
"236948","University of Washington-Seattle Campus","2015","Tenured, professors","1177","821","356","4","2","2","74","50","24","15","10","5","17","12","5","0","0","0","847","575","272","7","6","1","26","23","3","187","143","44","-2"
"236948","University of Washington-Seattle Campus","2015","Tenured, associate professors","751","433","318","4","2","2","83","52","31","10","3","7","33","18","15","0","0","0","426","236","190","16","5","11","27","18","9","152","99","53","-2"
"236948","University of Washington-Seattle Campus","2015","On-Tenure track total","626","336","290","4","0","4","68","31","37","9","4","5","18","9","9","1","0","1","305","164","141","12","6","6","51","29","22","158","93","65","-2"
"236948","University of Washington-Seattle Campus","2015","On-tenure track, professors","1","1","0","0","0","0","1","1","0","0","0","0","0","0","0","0","0","0","0","0","0","0","0","0","0","0","0","0","0","0","-2"
"236948","University of Washington-Seattle Campus","2015","On-tenure track, associate professors","8","6","2","0","0","0","0","0","0","0","0","0","0","0","0","0","0","0","2","2","0","0","0","0","3","2","1","3","2","1","-2"
"236948","University of Washington-Seattle Campus","2015","On-tenure track, assistant professors","617","329","288","4","0","4","67","30","37","9","4","5","18","9","9","1","0","1","303","162","141","12","6","6","48","27","21","155","91","64","-2"
"236948","University of Washington-Seattle Campus","2015","Not on tenure track/No tenure system system total","1015","475","540","1","0","1","96","35","61","16","6","10","37","16","21","3","3","0","582","273","309","16","8","8","78","40","38","186","94","92","-2"
"236948","University of Washington-Seattle Campus","2015","Not on tenure/no tenure system, professors","31","26","5","0","0","0","0","0","0","0","0","0","1","1","0","0","0","0","26","23","3","0","0","0","0","0","0","4","2","2","-2"
"236948","University of Washington-Seattle Campus","2015","Not on tenure/no tenure system, associate professors","39","26","13","0","0","0","5","4","1","0","0","0","0","0","0","0","0","0","15","10","5","0","0","0","1","1","0","18","11","7","-2"
"236948","University of Washington-Seattle Campus","2015","Not on tenure/no tenure system, assistant professors","217","117","100","0","0","0","36","15","21","1","1","0","11","4","7","1","1","0","96","49","47","2","2","0","18","12","6","52","33","19","-2"
"236948","University of Washington-Seattle Campus","2015","Not on tenure/no tenure system, instructors","198","108","90","0","0","0","17","7","10","1","0","1","8","5","3","2","2","0","99","51","48","3","2","1","17","9","8","51","32","19","-2"
"236948","University of Washington-Seattle Campus","2015","Not on tenure/no tenure system, lecturers","530","198","332","1","0","1","38","9","29","14","5","9","17","6","11","0","0","0","346","140","206","11","4","7","42","18","24","61","16","45","-2"
"237057","Whitman College","2015","Tenured total","75","47","28","1","0","1","3","1","2","3","1","2","1","1","0","0","0","0","62","42","20","0","0","0","0","0","0","5","2","3","-2"
"237057","Whitman College","2015","Tenured, professors","32","22","10","1","0","1","1","0","1","0","0","0","0","0","0","0","0","0","30","22","8","0","0","0","0","0","0","0","0","0","-2"
"237057","Whitman College","2015","Tenured, associate professors","42","24","18","0","0","0","1","0","1","3","1","2","1","1","0","0","0","0","32","20","12","0","0","0","0","0","0","5","2","3","-2"
"237057","Whitman College","2015","Tenured, assistant professors","1","1","0","0","0","0","1","1","0","0","0","0","0","0","0","0","0","0","0","0","0","0","0","0","0","0","0","0","0","0","-2"
"237057","Whitman College","2015","On-Tenure track total","55","20","35","0","0","0","3","1","2","0","0","0","0","0","0","0","0","0","43","17","26","0","0","0","1","1","0","8","1","7","-2"
"237057","Whitman College","2015","On-tenure track, associate professors","4","2","2","0","0","0","0","0","0","0","0","0","0","0","0","0","0","0","3","2","1","0","0","0","0","0","0","1","0","1","-2"
"237057","Whitman College","2015","On-tenure track, assistant professors","51","18","33","0","0","0","3","1","2","0","0","0","0","0","0","0","0","0","40","15","25","0","0","0","1","1","0","7","1","6","-2"
"237057","Whitman College","2015","Not on tenure track/No tenure system system total","49","28","21","0","0","0","2","2","0","0","0","0","0","0","0","1","1","0","40","21","19","0","0","0","0","0","0","6","4","2","-2"
"237057","Whitman College","2015","Not on tenure/no tenure system, assistant professors","19","10","9","0","0","0","0","0","0","0","0","0","0","0","0","0","0","0","16","8","8","0","0","0","0","0","0","3","2","1","-2"
"237057","Whitman College","2015","Not on tenure/no tenure system, instructors","11","7","4","0","0","0","2","2","0","0","0","0","0","0","0","0","0","0","8","5","3","0","0","0","0","0","0","1","0","1","-2"
"237057","Whitman College","2015","Not on tenure/no tenure system, lecturers","19","11","8","0","0","0","0","0","0","0","0","0","0","0","0","1","1","0","16","8","8","0","0","0","0","0","0","2","2","0","-2"
"237525","Marshall University","2015","Tenured total","384","239","145","2","0","2","35","24","11","8","7","1","8","5","3","0","0","0","323","201","122","0","0","0","0","0","0","8","2","6","-2"
"237525","Marshall University","2015","Tenured, professors","230","152","78","1","0","1","22","17","5","6","6","0","6","3","3","0","0","0","191","126","65","0","0","0","0","0","0","4","0","4","-2"
"237525","Marshall University","2015","Tenured, associate professors","149","84","65","1","0","1","13","7","6","2","1","1","2","2","0","0","0","0","127","72","55","0","0","0","0","0","0","4","2","2","-2"
"237525","Marshall University","2015","Tenured, assistant professors","5","3","2","0","0","0","0","0","0","0","0","0","0","0","0","0","0","0","5","3","2","0","0","0","0","0","0","0","0","0","-2"
"237525","Marshall University","2015","On-Tenure track total","185","95","90","0","0","0","29","20","9","6","4","2","1","0","1","0","0","0","143","71","72","0","0","0","5","0","5","1","0","1","-2"
"237525","Marshall University","2015","On-tenure track, professors","5","5","0","0","0","0","1","1","0","0","0","0","0","0","0","0","0","0","4","4","0","0","0","0","0","0","0","0","0","0","-2"
"237525","Marshall University","2015","On-tenure track, associate professors","30","16","14","0","0","0","6","4","2","1","1","0","0","0","0","0","0","0","22","11","11","0","0","0","1","0","1","0","0","0","-2"
"237525","Marshall University","2015","On-tenure track, assistant professors","149","73","76","0","0","0","22","15","7","5","3","2","1","0","1","0","0","0","116","55","61","0","0","0","4","0","4","1","0","1","-2"
"237525","Marshall University","2015","On-tenure track, instructors","1","1","0","0","0","0","0","0","0","0","0","0","0","0","0","0","0","0","1","1","0","0","0","0","0","0","0","0","0","0","-2"
"237525","Marshall University","2015","Not on tenure track/No tenure system system total","218","114","104","0","0","0","15","7","8","7","4","3","3","0","3","0","0","0","174","94","80","0","0","0","12","5","7","7","4","3","-2"
"237525","Marshall University","2015","Not on tenure/no tenure system, professors","7","4","3","0","0","0","1","1","0","0","0","0","0","0","0","0","0","0","5","2","3","0","0","0","1","1","0","0","0","0","-2"
"237525","Marshall University","2015","Not on tenure/no tenure system, associate professors","30","23","7","0","0","0","2","1","1","4","3","1","1","0","1","0","0","0","21","17","4","0","0","0","1","1","0","1","1","0","-2"
"237525","Marshall University","2015","Not on tenure/no tenure system, assistant professors","98","58","40","0","0","0","8","4","4","2","1","1","1","0","1","0","0","0","78","48","30","0","0","0","7","3","4","2","2","0","-2"
"237525","Marshall University","2015","Not on tenure/no tenure system, instructors","83","29","54","0","0","0","4","1","3","1","0","1","1","0","1","0","0","0","70","27","43","0","0","0","3","0","3","4","1","3","-2"
"239512","Northland College","2015","Tenured total","28","19","9","0","0","0","1","1","0","0","0","0","0","0","0","0","0","0","27","18","9","0","0","0","0","0","0","0","0","0","-2"
"239512","Northland College","2015","Tenured, professors","15","10","5","0","0","0","1","1","0","0","0","0","0","0","0","0","0","0","14","9","5","0","0","0","0","0","0","0","0","0","-2"
"239512","Northland College","2015","Tenured, associate professors","13","9","4","0","0","0","0","0","0","0","0","0","0","0","0","0","0","0","13","9","4","0","0","0","0","0","0","0","0","0","-2"
"239512","Northland College","2015","On-Tenure track total","14","9","5","1","0","1","0","0","0","0","0","0","0","0","0","0","0","0","12","9","3","0","0","0","1","0","1","0","0","0","-2"
"239512","Northland College","2015","On-tenure track, assistant professors","14","9","5","1","0","1","0","0","0","0","0","0","0","0","0","0","0","0","12","9","3","0","0","0","1","0","1","0","0","0","-2"
"239512","Northland College","2015","Not on tenure track/No tenure system system total","11","2","9","0","0","0","0","0","0","0","0","0","0","0","0","0","0","0","10","2","8","1","0","1","0","0","0","0","0","0","-2"
"239512","Northland College","2015","Not on tenure/no tenure system, assistant professors","4","1","3","0","0","0","0","0","0","0","0","0","0","0","0","0","0","0","4","1","3","0","0","0","0","0","0","0","0","0","-2"
"239512","Northland College","2015","Not on tenure/no tenure system, instructors","6","1","5","0","0","0","0","0","0","0","0","0","0","0","0","0","0","0","6","1","5","0","0","0","0","0","0","0","0","0","-2"
"239512","Northland College","2015","Not on tenure/no tenure system, lecturers","1","0","1","0","0","0","0","0","0","0","0","0","0","0","0","0","0","0","0","0","0","1","0","1","0","0","0","0","0","0","-2"
"240444","University of Wisconsin-Madison","2015","Tenured total","1532","1054","478","6","2","4","173","126","47","28","15","13","56","32","24","1","0","1","1222","847","375","11","7","4","32","22","10","3","3","0","-2"
"240444","University of Wisconsin-Madison","2015","Tenured, professors","1177","848","329","4","1","3","124","95","29","21","12","9","37","23","14","1","0","1","963","698","265","8","6","2","19","13","6","0","0","0","-2"
"240444","University of Wisconsin-Madison","2015","Tenured, associate professors","355","206","149","2","1","1","49","31","18","7","3","4","19","9","10","0","0","0","259","149","110","3","1","2","13","9","4","3","3","0","-2"
"240444","University of Wisconsin-Madison","2015","On-Tenure track total","450","256","194","1","1","0","51","34","17","20","8","12","13","5","8","0","0","0","254","141","113","11","4","7","50","30","20","50","33","17","-2"
"240444","University of Wisconsin-Madison","2015","On-tenure track, assistant professors","450","256","194","1","1","0","51","34","17","20","8","12","13","5","8","0","0","0","254","141","113","11","4","7","50","30","20","50","33","17","-2"
"240444","University of Wisconsin-Madison","2015","Not on tenure track/No tenure system system total","1411","803","608","3","1","2","97","49","48","15","7","8","32","17","15","0","0","0","1085","613","472","10","5","5","130","79","51","39","32","7","-2"
"240444","University of Wisconsin-Madison","2015","Not on tenure/no tenure system, professors","352","218","134","0","0","0","17","9","8","3","2","1","5","2","3","0","0","0","312","194","118","3","1","2","10","8","2","2","2","0","-2"
"240444","University of Wisconsin-Madison","2015","Not on tenure/no tenure system, associate professors","338","196","142","1","0","1","20","12","8","1","1","0","7","5","2","0","0","0","282","158","124","1","0","1","20","14","6","6","6","0","-2"
"240444","University of Wisconsin-Madison","2015","Not on tenure/no tenure system, assistant professors","465","259","206","1","1","0","40","18","22","7","2","5","13","5","8","0","0","0","306","174","132","3","2","1","77","41","36","18","16","2","-2"
"240444","University of Wisconsin-Madison","2015","Not on tenure/no tenure system, instructors","168","79","89","0","0","0","14","6","8","3","1","2","3","2","1","0","0","0","117","50","67","2","1","1","21","14","7","8","5","3","-2"
"240444","University of Wisconsin-Madison","2015","Not on tenure/no tenure system, lecturers","88","51","37","1","0","1","6","4","2","1","1","0","4","3","1","0","0","0","68","37","31","1","1","0","2","2","0","5","3","2","-2"
"240453","University of Wisconsin-Milwaukee","2015","Tenured total","580","375","205","6","4","2","103","82","21","34","21","13","24","16","8","0","0","0","406","248","158","4","2","2","0","0","0","3","2","1","-2"
"240453","University of Wisconsin-Milwaukee","2015","Tenured, professors","235","166","69","1","0","1","36","32","4","12","8","4","9","8","1","0","0","0","175","117","58","2","1","1","0","0","0","0","0","0","-2"
"240453","University of Wisconsin-Milwaukee","2015","Tenured, associate professors","343","208","135","5","4","1","66","50","16","22","13","9","15","8","7","0","0","0","230","130","100","2","1","1","0","0","0","3","2","1","-2"
"240453","University of Wisconsin-Milwaukee","2015","Tenured, assistant professors","2","1","1","0","0","0","1","0","1","0","0","0","0","0","0","0","0","0","1","1","0","0","0","0","0","0","0","0","0","0","-2"
"240453","University of Wisconsin-Milwaukee","2015","On-Tenure track total","166","76","90","2","0","2","26","10","16","9","2","7","11","4","7","0","0","0","100","49","51","1","0","1","0","0","0","17","11","6","-2"
"240453","University of Wisconsin-Milwaukee","2015","On-tenure track, associate professors","2","0","2","0","0","0","0","0","0","0","0","0","0","0","0","0","0","0","1","0","1","0","0","0","0","0","0","1","0","1","-2"
"240453","University of Wisconsin-Milwaukee","2015","On-tenure track, assistant professors","164","76","88","2","0","2","26","10","16","9","2","7","11","4","7","0","0","0","99","49","50","1","0","1","0","0","0","16","11","5","-2"
"240453","University of Wisconsin-Milwaukee","2015","Not on tenure track/No tenure system system total","331","118","213","0","0","0","17","7","10","12","3","9","9","2","7","0","0","0","284","103","181","4","1","3","0","0","0","5","2","3","-2"
"240453","University of Wisconsin-Milwaukee","2015","Not on tenure/no tenure system, professors","15","7","8","0","0","0","2","2","0","1","0","1","0","0","0","0","0","0","12","5","7","0","0","0","0","0","0","0","0","0","-2"
"240453","University of Wisconsin-Milwaukee","2015","Not on tenure/no tenure system, associate professors","23","3","20","0","0","0","1","1","0","2","1","1","2","0","2","0","0","0","17","1","16","1","0","1","0","0","0","0","0","0","-2"
"240453","University of Wisconsin-Milwaukee","2015","Not on tenure/no tenure system, assistant professors","47","8","39","0","0","0","1","0","1","4","0","4","1","0","1","0","0","0","38","6","32","1","0","1","0","0","0","2","2","0","-2"
"240453","University of Wisconsin-Milwaukee","2015","Not on tenure/no tenure system, instructors","19","3","16","0","0","0","0","0","0","1","0","1","0","0","0","0","0","0","17","2","15","1","1","0","0","0","0","0","0","0","-2"
"240453","University of Wisconsin-Milwaukee","2015","Not on tenure/no tenure system, lecturers","227","97","130","0","0","0","13","4","9","4","2","2","6","2","4","0","0","0","200","89","111","1","0","1","0","0","0","3","0","3","-2"
"240727","University of Wyoming","2015","Tenured total","413","281","132","3","2","1","27","20","7","7","2","5","7","3","4","1","1","0","327","228","99","0","0","0","39","23","16","2","2","0","-2"
"240727","University of Wyoming","2015","Tenured, professors","217","163","54","0","0","0","10","10","0","4","1","3","3","2","1","1","1","0","186","139","47","0","0","0","13","10","3","0","0","0","-2"
"240727","University of Wyoming","2015","Tenured, associate professors","196","118","78","3","2","1","17","10","7","3","1","2","4","1","3","0","0","0","141","89","52","0","0","0","26","13","13","2","2","0","-2"
"240727","University of Wyoming","2015","On-Tenure track total","184","99","85","2","0","2","19","13","6","1","1","0","4","1","3","0","0","0","76","38","38","0","0","0","67","35","32","15","11","4","-2"
"240727","University of Wyoming","2015","On-tenure track, associate professors","5","4","1","0","0","0","1","1","0","0","0","0","0","0","0","0","0","0","0","0","0","0","0","0","3","2","1","1","1","0","-2"
"240727","University of Wyoming","2015","On-tenure track, assistant professors","179","95","84","2","0","2","18","12","6","1","1","0","4","1","3","0","0","0","76","38","38","0","0","0","64","33","31","14","10","4","-2"
"240727","University of Wyoming","2015","Not on tenure track/No tenure system system total","157","68","89","0","0","0","4","0","4","0","0","0","1","0","1","0","0","0","116","46","70","0","0","0","31","19","12","5","3","2","-2"
"240727","University of Wyoming","2015","Not on tenure/no tenure system, instructors","93","47","46","0","0","0","3","0","3","0","0","0","1","0","1","0","0","0","68","31","37","0","0","0","19","14","5","2","2","0","-2"
"240727","University of Wyoming","2015","Not on tenure/no tenure system, lecturers","64","21","43","0","0","0","1","0","1","0","0","0","0","0","0","0","0","0","48","15","33","0","0","0","12","5","7","3","1","2","-2"
"243665","University of the Virgin Islands","2015","Tenured total","47","31","16","0","0","0","0","0","0","18","11","7","1","0","1","0","0","0","27","20","7","0","0","0","1","0","1","0","0","0","-2"
"243665","University of the Virgin Islands","2015","Tenured, professors","27","19","8","0","0","0","0","0","0","11","6","5","0","0","0","0","0","0","16","13","3","0","0","0","0","0","0","0","0","0","-2"
"243665","University of the Virgin Islands","2015","Tenured, associate professors","13","9","4","0","0","0","0","0","0","5","4","1","0","0","0","0","0","0","8","5","3","0","0","0","0","0","0","0","0","0","-2"
"243665","University of the Virgin Islands","2015","Tenured, assistant professors","7","3","4","0","0","0","0","0","0","2","1","1","1","0","1","0","0","0","3","2","1","0","0","0","1","0","1","0","0","0","-2"
"243665","University of the Virgin Islands","2015","On-Tenure track total","25","16","9","0","0","0","3","3","0","12","7","5","0","0","0","0","0","0","10","6","4","0","0","0","0","0","0","0","0","0","-2"
"243665","University of the Virgin Islands","2015","On-tenure track, professors","1","1","0","0","0","0","0","0","0","1","1","0","0","0","0","0","0","0","0","0","0","0","0","0","0","0","0","0","0","0","-2"
"243665","University of the Virgin Islands","2015","On-tenure track, associate professors","7","5","2","0","0","0","3","3","0","3","1","2","0","0","0","0","0","0","1","1","0","0","0","0","0","0","0","0","0","0","-2"
"243665","University of the Virgin Islands","2015","On-tenure track, assistant professors","17","10","7","0","0","0","0","0","0","8","5","3","0","0","0","0","0","0","9","5","4","0","0","0","0","0","0","0","0","0","-2"
"243665","University of the Virgin Islands","2015","Not on tenure track/No tenure system system total","40","13","27","1","1","0","1","0","1","15","4","11","1","1","0","0","0","0","19","5","14","0","0","0","1","0","1","2","2","0","-2"
"243665","University of the Virgin Islands","2015","Not on tenure/no tenure system, associate professors","7","3","4","0","0","0","0","0","0","2","1","1","1","1","0","0","0","0","3","1","2","0","0","0","1","0","1","0","0","0","-2"
"243665","University of the Virgin Islands","2015","Not on tenure/no tenure system, assistant professors","25","7","18","0","0","0","1","0","1","10","2","8","0","0","0","0","0","0","12","3","9","0","0","0","0","0","0","2","2","0","-2"
"243665","University of the Virgin Islands","2015","Not on tenure/no tenure system, instructors","7","2","5","1","1","0","0","0","0","2","0","2","0","0","0","0","0","0","4","1","3","0","0","0","0","0","0","0","0","0","-2"
"243665","University of the Virgin Islands","2015","Not on tenure/no tenure system, lecturers","1","1","0","0","0","0","0","0","0","1","1","0","0","0","0","0","0","0","0","0","0","0","0","0","0","0","0","0","0","0","-2"
"243744","Stanford University","2015","Tenured total","1105","861","244","1","1","0","125","97","28","27","19","8","32","26","6","0","0","0","796","622","174","9","3","6","35","30","5","80","63","17","-2"
"243744","Stanford University","2015","Tenured, professors","888","715","173","1","1","0","88","77","11","22","17","5","24","20","4","0","0","0","658","523","135","5","1","4","27","23","4","63","53","10","-2"
"243744","Stanford University","2015","Tenured, associate professors","217","146","71","0","0","0","37","20","17","5","2","3","8","6","2","0","0","0","138","99","39","4","2","2","8","7","1","17","10","7","-2"
"243744","Stanford University","2015","On-Tenure track total","343","217","126","1","0","1","53","37","16","11","4","7","19","11","8","0","0","0","171","106","65","4","1","3","14","13","1","70","45","25","-2"
"243744","Stanford University","2015","On-tenure track, professors","5","3","2","0","0","0","0","0","0","0","0","0","1","1","0","0","0","0","4","2","2","0","0","0","0","0","0","0","0","0","-2"
"243744","Stanford University","2015","On-tenure track, associate professors","24","20","4","0","0","0","4","3","1","0","0","0","0","0","0","0","0","0","15","12","3","0","0","0","0","0","0","5","5","0","-2"
"243744","Stanford University","2015","On-tenure track, assistant professors","314","194","120","1","0","1","49","34","15","11","4","7","18","10","8","0","0","0","152","92","60","4","1","3","14","13","1","65","40","25","-2"
"243744","Stanford University","2015","Not on tenure track/No tenure system system total","539","372","167","1","1","0","118","76","42","11","3","8","22","20","2","0","0","0","349","246","103","4","2","2","16","12","4","18","12","6","-2"
"243744","Stanford University","2015","Not on tenure/no tenure system, professors","253","186","67","0","0","0","41","24","17","1","0","1","10","9","1","0","0","0","190","145","45","1","1","0","4","3","1","6","4","2","-2"
"243744","Stanford University","2015","Not on tenure/no tenure system, associate professors","155","107","48","1","1","0","38","27","11","7","2","5","7","7","0","0","0","0","90","61","29","1","0","1","6","5","1","5","4","1","-2"
"243744","Stanford University","2015","Not on tenure/no tenure system, assistant professors","131","79","52","0","0","0","39","25","14","3","1","2","5","4","1","0","0","0","69","40","29","2","1","1","6","4","2","7","4","3","-2"
"243780","Purdue University-Main Campus","2015","Tenured total","1290","972","318","1","1","0","250","202","48","35","24","11","45","35","10","0","0","0","946","702","244","10","5","5","0","0","0","3","3","0","-2"
"243780","Purdue University-Main Campus","2015","Tenured, professors","765","619","146","1","1","0","156","132","24","12","11","1","20","15","5","0","0","0","572","458","114","4","2","2","0","0","0","0","0","0","-2"
"243780","Purdue University-Main Campus","2015","Tenured, associate professors","520","351","169","0","0","0","94","70","24","22","13","9","25","20","5","0","0","0","370","242","128","6","3","3","0","0","0","3","3","0","-2"
"243780","Purdue University-Main Campus","2015","Tenured, assistant professors","5","2","3","0","0","0","0","0","0","1","0","1","0","0","0","0","0","0","4","2","2","0","0","0","0","0","0","0","0","0","-2"
"243780","Purdue University-Main Campus","2015","On-Tenure track total","410","237","173","1","0","1","63","36","27","18","6","12","16","9","7","0","0","0","213","118","95","6","3","3","0","0","0","93","65","28","-2"
"243780","Purdue University-Main Campus","2015","On-tenure track, professors","2","2","0","0","0","0","0","0","0","0","0","0","0","0","0","0","0","0","0","0","0","0","0","0","0","0","0","2","2","0","-2"
"243780","Purdue University-Main Campus","2015","On-tenure track, associate professors","16","12","4","0","0","0","6","5","1","2","0","2","0","0","0","0","0","0","5","5","0","0","0","0","0","0","0","3","2","1","-2"
"243780","Purdue University-Main Campus","2015","On-tenure track, assistant professors","391","222","169","1","0","1","57","31","26","16","6","10","15","8","7","0","0","0","208","113","95","6","3","3","0","0","0","88","61","27","-2"
"243780","Purdue University-Main Campus","2015","On-tenure track, instructors","1","1","0","0","0","0","0","0","0","0","0","0","1","1","0","0","0","0","0","0","0","0","0","0","0","0","0","0","0","0","-2"
"243780","Purdue University-Main Campus","2015","Not on tenure track/No tenure system system total","83","51","32","0","0","0","10","2","8","2","1","1","1","1","0","0","0","0","37","24","13","0","0","0","0","0","0","33","23","10","-2"
"243780","Purdue University-Main Campus","2015","Not on tenure/no tenure system, professors","2","2","0","0","0","0","0","0","0","0","0","0","0","0","0","0","0","0","0","0","0","0","0","0","0","0","0","2","2","0","-2"
"243780","Purdue University-Main Campus","2015","Not on tenure/no tenure system, associate professors","2","2","0","0","0","0","0","0","0","0","0","0","0","0","0","0","0","0","2","2","0","0","0","0","0","0","0","0","0","0","-2"
"243780","Purdue University-Main Campus","2015","Not on tenure/no tenure system, assistant professors","73","44","29","0","0","0","10","2","8","2","1","1","1","1","0","0","0","0","30","19","11","0","0","0","0","0","0","30","21","9","-2"
"243780","Purdue University-Main Campus","2015","Not on tenure/no tenure system, instructors","6","3","3","0","0","0","0","0","0","0","0","0","0","0","0","0","0","0","5","3","2","0","0","0","0","0","0","1","0","1","-2"
"409698","California State University-Monterey Bay","2015","Tenured total","88","44","44","1","1","0","19","7","12","4","3","1","18","10","8","1","0","1","41","21","20","0","0","0","4","2","2","0","0","0","-2"
"409698","California State University-Monterey Bay","2015","Tenured, professors","50","31","19","1","1","0","13","6","7","3","2","1","8","6","2","1","0","1","24","16","8","0","0","0","0","0","0","0","0","0","-2"
"409698","California State University-Monterey Bay","2015","Tenured, associate professors","37","13","24","0","0","0","6","1","5","1","1","0","10","4","6","0","0","0","16","5","11","0","0","0","4","2","2","0","0","0","-2"
"409698","California State University-Monterey Bay","2015","Tenured, no academic rank","1","0","1","0","0","0","0","0","0","0","0","0","0","0","0","0","0","0","1","0","1","0","0","0","0","0","0","0","0","0","-2"
"409698","California State University-Monterey Bay","2015","On-Tenure track total","59","28","31","2","1","1","7","3","4","2","1","1","5","3","2","0","0","0","35","14","21","1","1","0","1","1","0","6","4","2","-2"
"409698","California State University-Monterey Bay","2015","On-tenure track, associate professors","3","3","0","0","0","0","0","0","0","0","0","0","0","0","0","0","0","0","2","2","0","0","0","0","0","0","0","1","1","0","-2"
"409698","California State University-Monterey Bay","2015","On-tenure track, assistant professors","56","25","31","2","1","1","7","3","4","2","1","1","5","3","2","0","0","0","33","12","21","1","1","0","1","1","0","5","3","2","-2"
"409698","California State University-Monterey Bay","2015","Not on tenure track/No tenure system system total","79","27","52","1","0","1","5","3","2","3","0","3","9","4","5","0","0","0","51","17","34","0","0","0","9","2","7","1","1","0","-2"
"409698","California State University-Monterey Bay","2015","Not on tenure/no tenure system, lecturers","79","27","52","1","0","1","5","3","2","3","0","3","9","4","5","0","0","0","51","17","34","0","0","0","9","2","7","1","1","0","-2"
"445188","University of California-Merced","2015","Tenured total","118","76","42","2","0","2","21","14","7","2","1","1","12","9","3","0","0","0","78","50","28","0","0","0","1","0","1","2","2","0","-2"
"445188","University of California-Merced","2015","Tenured, professors","44","32","12","0","0","0","5","5","0","0","0","0","4","4","0","0","0","0","34","22","12","0","0","0","0","0","0","1","1","0","-2"
"445188","University of California-Merced","2015","Tenured, associate professors","67","41","26","2","0","2","15","9","6","2","1","1","6","4","2","0","0","0","40","26","14","0","0","0","1","0","1","1","1","0","-2"
"445188","University of California-Merced","2015","Tenured, lecturers","7","3","4","0","0","0","1","0","1","0","0","0","2","1","1","0","0","0","4","2","2","0","0","0","0","0","0","0","0","0","-2"
"445188","University of California-Merced","2015","On-Tenure track total","97","58","39","1","0","1","22","14","8","2","1","1","13","7","6","0","0","0","46","28","18","2","1","1","1","1","0","10","6","4","-2"
"445188","University of California-Merced","2015","On-tenure track, assistant professors","90","51","39","1","0","1","21","13","8","2","1","1","11","5","6","0","0","0","42","24","18","2","1","1","1","1","0","10","6","4","-2"
"445188","University of California-Merced","2015","On-tenure track, lecturers","7","7","0","0","0","0","1","1","0","0","0","0","2","2","0","0","0","0","4","4","0","0","0","0","0","0","0","0","0","0","-2"
"445188","University of California-Merced","2015","Not on tenure track/No tenure system system total","98","46","52","1","1","0","8","1","7","3","2","1","13","7","6","0","0","0","64","29","35","1","1","0","3","1","2","5","4","1","-2"
"445188","University of California-Merced","2015","Not on tenure/no tenure system, assistant professors","1","1","0","0","0","0","0","0","0","0","0","0","0","0","0","0","0","0","0","0","0","0","0","0","0","0","0","1","1","0","-2"
"445188","University of California-Merced","2015","Not on tenure/no tenure system, lecturers","97","45","52","1","1","0","8","1","7","3","2","1","13","7","6","0","0","0","64","29","35","1","1","0","3","1","2","4","3","1","-2"
