"unitid","institution name","year","S2013_IS.Instructional staff category","S2013_IS_RV.Grand total","S2013_IS_RV.Grand total men","S2013_IS_RV.Grand total women","S2013_IS_RV.American Indian or Alaska Native total","S2013_IS_RV.American Indian or Alaska Native men","S2013_IS_RV.American Indian or Alaska Native women","S2013_IS_RV.Asian total","S2013_IS_RV.Asian men","S2013_IS_RV.Asian women","S2013_IS_RV.Black or African American total","S2013_IS_RV.Black or African American men","S2013_IS_RV.Black or African American women","S2013_IS_RV.Hispanic or Latino total","S2013_IS_RV.Hispanic or Latino men","S2013_IS_RV.Hispanic or Latino women","S2013_IS_RV.Native Hawaiian or Other Pacific Islander total","S2013_IS_RV.Native Hawaiian or Other Pacific Islander men","S2013_IS_RV.Native Hawaiian or Other Pacific Islander women","S2013_IS_RV.White total","S2013_IS_RV.White men","S2013_IS_RV.White women","S2013_IS_RV.Two or more races total","S2013_IS_RV.Two or more races men","S2013_IS_RV.Two or more races women","S2013_IS_RV.Race/ethnicity unknown total","S2013_IS_RV.Race/ethnicity unknown men","S2013_IS_RV.Race/ethnicity unknown women","S2013_IS_RV.Nonresident alien total","S2013_IS_RV.Nonresident alien men","S2013_IS_RV.Nonresident alien women","IDX_HR"
"100654","Alabama A & M University","2013","Tenured total","119","82","37","0","0","0","12","8","4","101","72","29","0","0","0","0","0","0","5","2","3","0","0","0","1","0","1","0","0","0","-2"
"100654","Alabama A & M University","2013","Tenured, professors","50","37","13","0","0","0","6","6","0","41","31","10","0","0","0","0","0","0","2","0","2","0","0","0","1","0","1","0","0","0","-2"
"100654","Alabama A & M University","2013","Tenured, associate professors","54","37","17","0","0","0","6","2","4","45","33","12","0","0","0","0","0","0","3","2","1","0","0","0","0","0","0","0","0","0","-2"
"100654","Alabama A & M University","2013","Tenured, assistant professors","15","8","7","0","0","0","0","0","0","15","8","7","0","0","0","0","0","0","0","0","0","0","0","0","0","0","0","0","0","0","-2"
"100654","Alabama A & M University","2013","On-Tenure track total","46","24","22","0","0","0","4","3","1","29","11","18","0","0","0","0","0","0","7","5","2","0","0","0","0","0","0","6","5","1","-2"
"100654","Alabama A & M University","2013","On-tenure track, professors","3","1","2","0","0","0","0","0","0","1","0","1","0","0","0","0","0","0","2","1","1","0","0","0","0","0","0","0","0","0","-2"
"100654","Alabama A & M University","2013","On-tenure track, associate professors","8","4","4","0","0","0","1","1","0","5","2","3","0","0","0","0","0","0","1","1","0","0","0","0","0","0","0","1","0","1","-2"
"100654","Alabama A & M University","2013","On-tenure track, assistant professors","35","19","16","0","0","0","3","2","1","23","9","14","0","0","0","0","0","0","4","3","1","0","0","0","0","0","0","5","5","0","-2"
"100654","Alabama A & M University","2013","Not on tenure track/No tenure system system total","98","46","52","0","0","0","3","1","2","73","32","41","0","0","0","0","0","0","16","9","7","0","0","0","3","2","1","3","2","1","-2"
"100654","Alabama A & M University","2013","Not on tenure/no tenure system, professors","2","1","1","0","0","0","0","0","0","2","1","1","0","0","0","0","0","0","0","0","0","0","0","0","0","0","0","0","0","0","-2"
"100654","Alabama A & M University","2013","Not on tenure/no tenure system, associate professors","14","8","6","0","0","0","0","0","0","12","6","6","0","0","0","0","0","0","2","2","0","0","0","0","0","0","0","0","0","0","-2"
"100654","Alabama A & M University","2013","Not on tenure/no tenure system, assistant professors","44","24","20","0","0","0","1","0","1","30","16","14","0","0","0","0","0","0","9","5","4","0","0","0","2","1","1","2","2","0","-2"
"100654","Alabama A & M University","2013","Not on tenure/no tenure system, instructors","33","11","22","0","0","0","1","1","0","27","8","19","0","0","0","0","0","0","4","2","2","0","0","0","0","0","0","1","0","1","-2"
"100654","Alabama A & M University","2013","Not on tenure/no tenure system, no academic rank","5","2","3","0","0","0","1","0","1","2","1","1","0","0","0","0","0","0","1","0","1","0","0","0","1","1","0","0","0","0","-2"
"100706","University of Alabama in Huntsville","2013","Tenured total","153","116","37","0","0","0","30","29","1","7","4","3","4","3","1","0","0","0","112","80","32","0","0","0","0","0","0","0","0","0","-2"
"100706","University of Alabama in Huntsville","2013","Tenured, professors","74","61","13","0","0","0","12","12","0","1","1","0","2","2","0","0","0","0","59","46","13","0","0","0","0","0","0","0","0","0","-2"
"100706","University of Alabama in Huntsville","2013","Tenured, associate professors","78","55","23","0","0","0","18","17","1","6","3","3","1","1","0","0","0","0","53","34","19","0","0","0","0","0","0","0","0","0","-2"
"100706","University of Alabama in Huntsville","2013","Tenured, assistant professors","1","0","1","0","0","0","0","0","0","0","0","0","1","0","1","0","0","0","0","0","0","0","0","0","0","0","0","0","0","0","-2"
"100706","University of Alabama in Huntsville","2013","On-Tenure track total","76","55","21","0","0","0","12","10","2","3","1","2","2","2","0","0","0","0","51","36","15","0","0","0","0","0","0","8","6","2","-2"
"100706","University of Alabama in Huntsville","2013","On-tenure track, associate professors","7","3","4","0","0","0","0","0","0","1","0","1","0","0","0","0","0","0","6","3","3","0","0","0","0","0","0","0","0","0","-2"
"100706","University of Alabama in Huntsville","2013","On-tenure track, assistant professors","69","52","17","0","0","0","12","10","2","2","1","1","2","2","0","0","0","0","45","33","12","0","0","0","0","0","0","8","6","2","-2"
"100706","University of Alabama in Huntsville","2013","Not on tenure track/No tenure system system total","83","20","63","1","0","1","4","2","2","4","1","3","1","0","1","0","0","0","72","16","56","0","0","0","0","0","0","1","1","0","-2"
"100706","University of Alabama in Huntsville","2013","Not on tenure/no tenure system, professors","2","2","0","0","0","0","0","0","0","0","0","0","0","0","0","0","0","0","2","2","0","0","0","0","0","0","0","0","0","0","-2"
"100706","University of Alabama in Huntsville","2013","Not on tenure/no tenure system, associate professors","6","3","3","0","0","0","1","1","0","0","0","0","0","0","0","0","0","0","5","2","3","0","0","0","0","0","0","0","0","0","-2"
"100706","University of Alabama in Huntsville","2013","Not on tenure/no tenure system, assistant professors","23","1","22","0","0","0","0","0","0","1","0","1","0","0","0","0","0","0","22","1","21","0","0","0","0","0","0","0","0","0","-2"
"100706","University of Alabama in Huntsville","2013","Not on tenure/no tenure system, instructors","12","1","11","1","0","1","0","0","0","1","0","1","0","0","0","0","0","0","10","1","9","0","0","0","0","0","0","0","0","0","-2"
"100706","University of Alabama in Huntsville","2013","Not on tenure/no tenure system, lecturers","40","13","27","0","0","0","3","1","2","2","1","1","1","0","1","0","0","0","33","10","23","0","0","0","0","0","0","1","1","0","-2"
"100751","The University of Alabama","2013","Tenured total","597","400","197","0","0","0","50","41","9","35","13","22","13","8","5","0","0","0","493","337","156","1","0","1","0","0","0","5","1","4","-2"
"100751","The University of Alabama","2013","Tenured, professors","312","234","78","0","0","0","29","25","4","11","6","5","6","5","1","0","0","0","263","197","66","1","0","1","0","0","0","2","1","1","-2"
"100751","The University of Alabama","2013","Tenured, associate professors","278","163","115","0","0","0","21","16","5","24","7","17","7","3","4","0","0","0","223","137","86","0","0","0","0","0","0","3","0","3","-2"
"100751","The University of Alabama","2013","Tenured, assistant professors","7","3","4","0","0","0","0","0","0","0","0","0","0","0","0","0","0","0","7","3","4","0","0","0","0","0","0","0","0","0","-2"
"100751","The University of Alabama","2013","On-Tenure track total","261","136","125","0","0","0","29","15","14","15","5","10","7","3","4","0","0","0","188","98","90","1","0","1","0","0","0","21","15","6","-2"
"100751","The University of Alabama","2013","On-tenure track, professors","2","1","1","0","0","0","0","0","0","0","0","0","0","0","0","0","0","0","2","1","1","0","0","0","0","0","0","0","0","0","-2"
"100751","The University of Alabama","2013","On-tenure track, associate professors","15","5","10","0","0","0","0","0","0","2","0","2","0","0","0","0","0","0","13","5","8","0","0","0","0","0","0","0","0","0","-2"
"100751","The University of Alabama","2013","On-tenure track, assistant professors","244","130","114","0","0","0","29","15","14","13","5","8","7","3","4","0","0","0","173","92","81","1","0","1","0","0","0","21","15","6","-2"
"100751","The University of Alabama","2013","Not on tenure track/No tenure system system total","394","166","228","0","0","0","12","3","9","25","9","16","9","6","3","0","0","0","337","143","194","2","1","1","0","0","0","9","4","5","-2"
"100751","The University of Alabama","2013","Not on tenure/no tenure system, professors","17","12","5","0","0","0","0","0","0","2","2","0","1","1","0","0","0","0","13","8","5","0","0","0","0","0","0","1","1","0","-2"
"100751","The University of Alabama","2013","Not on tenure/no tenure system, associate professors","25","9","16","0","0","0","2","0","2","3","0","3","0","0","0","0","0","0","20","9","11","0","0","0","0","0","0","0","0","0","-2"
"100751","The University of Alabama","2013","Not on tenure/no tenure system, assistant professors","77","23","54","0","0","0","5","1","4","8","2","6","1","0","1","0","0","0","60","17","43","1","1","0","0","0","0","2","2","0","-2"
"100751","The University of Alabama","2013","Not on tenure/no tenure system, instructors","263","113","150","0","0","0","5","2","3","11","4","7","7","5","2","0","0","0","233","101","132","1","0","1","0","0","0","6","1","5","-2"
"100751","The University of Alabama","2013","Not on tenure/no tenure system, lecturers","12","9","3","0","0","0","0","0","0","1","1","0","0","0","0","0","0","0","11","8","3","0","0","0","0","0","0","0","0","0","-2"
"101675","Miles College","2013","Tenured total","8","6","2","0","0","0","4","3","1","4","3","1","0","0","0","0","0","0","0","0","0","0","0","0","0","0","0","0","0","0","-2"
"101675","Miles College","2013","Tenured, professors","6","5","1","0","0","0","4","3","1","2","2","0","0","0","0","0","0","0","0","0","0","0","0","0","0","0","0","0","0","0","-2"
"101675","Miles College","2013","Tenured, associate professors","1","0","1","0","0","0","0","0","0","1","0","1","0","0","0","0","0","0","0","0","0","0","0","0","0","0","0","0","0","0","-2"
"101675","Miles College","2013","Tenured, assistant professors","1","1","0","0","0","0","0","0","0","1","1","0","0","0","0","0","0","0","0","0","0","0","0","0","0","0","0","0","0","0","-2"
"101675","Miles College","2013","On-Tenure track total","93","30","63","0","0","0","6","2","4","68","20","48","1","0","1","0","0","0","17","7","10","0","0","0","1","1","0","0","0","0","-2"
"101675","Miles College","2013","On-tenure track, professors","3","1","2","0","0","0","1","1","0","1","0","1","0","0","0","0","0","0","1","0","1","0","0","0","0","0","0","0","0","0","-2"
"101675","Miles College","2013","On-tenure track, associate professors","14","7","7","0","0","0","4","1","3","5","3","2","0","0","0","0","0","0","4","2","2","0","0","0","1","1","0","0","0","0","-2"
"101675","Miles College","2013","On-tenure track, assistant professors","23","3","20","0","0","0","0","0","0","13","0","13","0","0","0","0","0","0","10","3","7","0","0","0","0","0","0","0","0","0","-2"
"101675","Miles College","2013","On-tenure track, instructors","53","19","34","0","0","0","1","0","1","49","17","32","1","0","1","0","0","0","2","2","0","0","0","0","0","0","0","0","0","0","-2"
"102094","University of South Alabama","2013","Tenured total","281","201","80","0","0","0","19","15","4","7","5","2","2","2","0","0","0","0","253","179","74","0","0","0","0","0","0","0","0","0","-2"
"102094","University of South Alabama","2013","Tenured, professors","153","118","35","0","0","0","8","7","1","2","2","0","0","0","0","0","0","0","143","109","34","0","0","0","0","0","0","0","0","0","-2"
"102094","University of South Alabama","2013","Tenured, associate professors","121","81","40","0","0","0","10","8","2","4","2","2","2","2","0","0","0","0","105","69","36","0","0","0","0","0","0","0","0","0","-2"
"102094","University of South Alabama","2013","Tenured, assistant professors","7","2","5","0","0","0","1","0","1","1","1","0","0","0","0","0","0","0","5","1","4","0","0","0","0","0","0","0","0","0","-2"
"102094","University of South Alabama","2013","On-Tenure track total","128","71","57","3","0","3","20","16","4","8","2","6","2","2","0","0","0","0","94","51","43","1","0","1","0","0","0","0","0","0","-2"
"102094","University of South Alabama","2013","On-tenure track, professors","6","5","1","0","0","0","1","1","0","1","1","0","0","0","0","0","0","0","4","3","1","0","0","0","0","0","0","0","0","0","-2"
"102094","University of South Alabama","2013","On-tenure track, associate professors","5","5","0","0","0","0","1","1","0","0","0","0","0","0","0","0","0","0","4","4","0","0","0","0","0","0","0","0","0","0","-2"
"102094","University of South Alabama","2013","On-tenure track, assistant professors","117","61","56","3","0","3","18","14","4","7","1","6","2","2","0","0","0","0","86","44","42","1","0","1","0","0","0","0","0","0","-2"
"102094","University of South Alabama","2013","Not on tenure track/No tenure system system total","346","158","188","1","1","0","29","23","6","23","1","22","6","4","2","0","0","0","286","129","157","0","0","0","1","0","1","0","0","0","-2"
"102094","University of South Alabama","2013","Not on tenure/no tenure system, professors","33","23","10","0","0","0","2","2","0","2","0","2","3","2","1","0","0","0","26","19","7","0","0","0","0","0","0","0","0","0","-2"
"102094","University of South Alabama","2013","Not on tenure/no tenure system, associate professors","45","32","13","0","0","0","6","6","0","1","0","1","2","1","1","0","0","0","35","25","10","0","0","0","1","0","1","0","0","0","-2"
"102094","University of South Alabama","2013","Not on tenure/no tenure system, assistant professors","140","61","79","1","1","0","18","15","3","8","1","7","1","1","0","0","0","0","112","43","69","0","0","0","0","0","0","0","0","0","-2"
"102094","University of South Alabama","2013","Not on tenure/no tenure system, instructors","126","40","86","0","0","0","3","0","3","12","0","12","0","0","0","0","0","0","111","40","71","0","0","0","0","0","0","0","0","0","-2"
"102094","University of South Alabama","2013","Not on tenure/no tenure system, lecturers","2","2","0","0","0","0","0","0","0","0","0","0","0","0","0","0","0","0","2","2","0","0","0","0","0","0","0","0","0","0","-2"
"102377","Tuskegee University","2013","Tenured total","83","59","24","0","0","0","31","29","2","39","19","20","2","2","0","0","0","0","7","6","1","0","0","0","3","2","1","1","1","0","-2"
"102377","Tuskegee University","2013","Tenured, professors","42","31","11","0","0","0","20","20","0","15","5","10","1","1","0","0","0","0","2","2","0","0","0","0","3","2","1","1","1","0","-2"
"102377","Tuskegee University","2013","Tenured, associate professors","30","24","6","0","0","0","9","8","1","16","12","4","0","0","0","0","0","0","5","4","1","0","0","0","0","0","0","0","0","0","-2"
"102377","Tuskegee University","2013","Tenured, assistant professors","9","4","5","0","0","0","2","1","1","6","2","4","1","1","0","0","0","0","0","0","0","0","0","0","0","0","0","0","0","0","-2"
"102377","Tuskegee University","2013","Tenured, instructors","1","0","1","0","0","0","0","0","0","1","0","1","0","0","0","0","0","0","0","0","0","0","0","0","0","0","0","0","0","0","-2"
"102377","Tuskegee University","2013","Tenured, no academic rank","1","0","1","0","0","0","0","0","0","1","0","1","0","0","0","0","0","0","0","0","0","0","0","0","0","0","0","0","0","0","-2"
"102377","Tuskegee University","2013","On-Tenure track total","82","31","51","0","0","0","22","9","13","43","16","27","1","1","0","0","0","0","12","3","9","0","0","0","2","0","2","2","2","0","-2"
"102377","Tuskegee University","2013","On-tenure track, professors","4","2","2","0","0","0","0","0","0","3","1","2","0","0","0","0","0","0","1","1","0","0","0","0","0","0","0","0","0","0","-2"
"102377","Tuskegee University","2013","On-tenure track, associate professors","7","3","4","0","0","0","1","0","1","4","1","3","1","1","0","0","0","0","1","1","0","0","0","0","0","0","0","0","0","0","-2"
"102377","Tuskegee University","2013","On-tenure track, assistant professors","60","22","38","0","0","0","20","9","11","28","10","18","0","0","0","0","0","0","10","1","9","0","0","0","0","0","0","2","2","0","-2"
"102377","Tuskegee University","2013","On-tenure track, instructors","10","3","7","0","0","0","1","0","1","7","3","4","0","0","0","0","0","0","0","0","0","0","0","0","2","0","2","0","0","0","-2"
"102377","Tuskegee University","2013","On-tenure track, lecturers","1","1","0","0","0","0","0","0","0","1","1","0","0","0","0","0","0","0","0","0","0","0","0","0","0","0","0","0","0","0","-2"
"102377","Tuskegee University","2013","Not on tenure track/No tenure system system total","98","68","30","0","0","0","20","17","3","51","25","26","0","0","0","0","0","0","27","26","1","0","0","0","0","0","0","0","0","0","-2"
"102377","Tuskegee University","2013","Not on tenure/no tenure system, professors","9","4","5","0","0","0","0","0","0","8","3","5","0","0","0","0","0","0","1","1","0","0","0","0","0","0","0","0","0","0","-2"
"102377","Tuskegee University","2013","Not on tenure/no tenure system, associate professors","14","5","9","0","0","0","4","3","1","10","2","8","0","0","0","0","0","0","0","0","0","0","0","0","0","0","0","0","0","0","-2"
"102377","Tuskegee University","2013","Not on tenure/no tenure system, assistant professors","42","40","2","0","0","0","12","11","1","19","18","1","0","0","0","0","0","0","11","11","0","0","0","0","0","0","0","0","0","0","-2"
"102377","Tuskegee University","2013","Not on tenure/no tenure system, instructors","24","12","12","0","0","0","1","0","1","10","0","10","0","0","0","0","0","0","13","12","1","0","0","0","0","0","0","0","0","0","-2"
"102377","Tuskegee University","2013","Not on tenure/no tenure system, lecturers","9","7","2","0","0","0","3","3","0","4","2","2","0","0","0","0","0","0","2","2","0","0","0","0","0","0","0","0","0","0","-2"
"102614","University of Alaska Fairbanks","2013","Tenured total","185","122","63","2","1","1","23","18","5","1","0","1","3","2","1","0","0","0","150","97","53","3","2","1","3","2","1","0","0","0","-2"
"102614","University of Alaska Fairbanks","2013","Tenured, professors","83","67","16","0","0","0","13","12","1","0","0","0","1","1","0","0","0","0","65","51","14","2","1","1","2","2","0","0","0","0","-2"
"102614","University of Alaska Fairbanks","2013","Tenured, associate professors","102","55","47","2","1","1","10","6","4","1","0","1","2","1","1","0","0","0","85","46","39","1","1","0","1","0","1","0","0","0","-2"
"102614","University of Alaska Fairbanks","2013","On-Tenure track total","115","63","52","8","3","5","5","4","1","0","0","0","3","1","2","0","0","0","89","49","40","1","1","0","4","2","2","5","3","2","-2"
"102614","University of Alaska Fairbanks","2013","On-tenure track, associate professors","8","8","0","0","0","0","0","0","0","0","0","0","1","1","0","0","0","0","6","6","0","0","0","0","1","1","0","0","0","0","-2"
"102614","University of Alaska Fairbanks","2013","On-tenure track, assistant professors","107","55","52","8","3","5","5","4","1","0","0","0","2","0","2","0","0","0","83","43","40","1","1","0","3","1","2","5","3","2","-2"
"102614","University of Alaska Fairbanks","2013","Not on tenure track/No tenure system system total","116","45","71","11","3","8","2","1","1","2","0","2","5","1","4","1","0","1","83","34","49","2","0","2","9","5","4","1","1","0","-2"
"102614","University of Alaska Fairbanks","2013","Not on tenure/no tenure system, professors","2","2","0","0","0","0","0","0","0","0","0","0","0","0","0","0","0","0","2","2","0","0","0","0","0","0","0","0","0","0","-2"
"102614","University of Alaska Fairbanks","2013","Not on tenure/no tenure system, associate professors","6","4","2","0","0","0","0","0","0","0","0","0","0","0","0","0","0","0","6","4","2","0","0","0","0","0","0","0","0","0","-2"
"102614","University of Alaska Fairbanks","2013","Not on tenure/no tenure system, assistant professors","66","24","42","6","2","4","1","1","0","0","0","0","3","1","2","1","0","1","46","16","30","1","0","1","8","4","4","0","0","0","-2"
"102614","University of Alaska Fairbanks","2013","Not on tenure/no tenure system, instructors","39","14","25","5","1","4","1","0","1","2","0","2","2","0","2","0","0","0","26","11","15","1","0","1","1","1","0","1","1","0","-2"
"102614","University of Alaska Fairbanks","2013","Not on tenure/no tenure system, no academic rank","3","1","2","0","0","0","0","0","0","0","0","0","0","0","0","0","0","0","3","1","2","0","0","0","0","0","0","0","0","0","-2"
"104151","Arizona State University-Tempe","2013","Tenured total","982","678","304","13","7","6","107","76","31","25","16","9","73","49","24","0","0","0","736","510","226","7","3","4","4","2","2","17","15","2","-2"
"104151","Arizona State University-Tempe","2013","Tenured, professors","568","432","136","8","6","2","53","43","10","11","8","3","41","31","10","0","0","0","441","334","107","4","2","2","3","2","1","7","6","1","-2"
"104151","Arizona State University-Tempe","2013","Tenured, associate professors","412","246","166","5","1","4","54","33","21","14","8","6","32","18","14","0","0","0","293","176","117","3","1","2","1","0","1","10","9","1","-2"
"104151","Arizona State University-Tempe","2013","Tenured, assistant professors","2","0","2","0","0","0","0","0","0","0","0","0","0","0","0","0","0","0","2","0","2","0","0","0","0","0","0","0","0","0","-2"
"104151","Arizona State University-Tempe","2013","On-Tenure track total","285","165","120","7","2","5","37","26","11","4","0","4","29","14","15","0","0","0","158","89","69","3","0","3","11","8","3","36","26","10","-2"
"104151","Arizona State University-Tempe","2013","On-tenure track, associate professors","16","11","5","0","0","0","3","3","0","0","0","0","0","0","0","0","0","0","10","5","5","0","0","0","1","1","0","2","2","0","-2"
"104151","Arizona State University-Tempe","2013","On-tenure track, assistant professors","269","154","115","7","2","5","34","23","11","4","0","4","29","14","15","0","0","0","148","84","64","3","0","3","10","7","3","34","24","10","-2"
"104151","Arizona State University-Tempe","2013","Not on tenure track/No tenure system system total","531","221","310","2","1","1","36","10","26","9","2","7","26","9","17","2","0","2","425","179","246","6","2","4","3","3","0","22","15","7","-2"
"104151","Arizona State University-Tempe","2013","Not on tenure/no tenure system, professors","30","20","10","0","0","0","0","0","0","1","0","1","2","1","1","0","0","0","24","16","8","2","2","0","0","0","0","1","1","0","-2"
"104151","Arizona State University-Tempe","2013","Not on tenure/no tenure system, associate professors","35","15","20","0","0","0","3","1","2","2","1","1","6","2","4","0","0","0","24","11","13","0","0","0","0","0","0","0","0","0","-2"
"104151","Arizona State University-Tempe","2013","Not on tenure/no tenure system, assistant professors","48","27","21","1","1","0","3","0","3","0","0","0","2","2","0","0","0","0","37","21","16","1","0","1","0","0","0","4","3","1","-2"
"104151","Arizona State University-Tempe","2013","Not on tenure/no tenure system, instructors","158","56","102","1","0","1","8","1","7","3","1","2","5","1","4","0","0","0","136","50","86","0","0","0","2","2","0","3","1","2","-2"
"104151","Arizona State University-Tempe","2013","Not on tenure/no tenure system, lecturers","248","97","151","0","0","0","22","8","14","3","0","3","10","3","7","2","0","2","197","78","119","3","0","3","1","1","0","10","7","3","-2"
"104151","Arizona State University-Tempe","2013","Not on tenure/no tenure system, no academic rank","12","6","6","0","0","0","0","0","0","0","0","0","1","0","1","0","0","0","7","3","4","0","0","0","0","0","0","4","3","1","-2"
"104179","University of Arizona","2013","Tenured total","1127","775","352","6","2","4","96","67","29","13","8","5","73","42","31","0","0","0","877","610","267","2","1","1","56","42","14","4","3","1","-2"
"104179","University of Arizona","2013","Tenured, professors","710","528","182","3","2","1","49","35","14","8","5","3","38","31","7","0","0","0","592","436","156","1","0","1","19","19","0","0","0","0","-2"
"104179","University of Arizona","2013","Tenured, associate professors","417","247","170","3","0","3","47","32","15","5","3","2","35","11","24","0","0","0","285","174","111","1","1","0","37","23","14","4","3","1","-2"
"104179","University of Arizona","2013","On-Tenure track total","326","196","130","5","1","4","45","32","13","5","3","2","25","14","11","0","0","0","173","101","72","2","1","1","41","22","19","30","22","8","-2"
"104179","University of Arizona","2013","On-tenure track, professors","7","6","1","0","0","0","1","1","0","0","0","0","0","0","0","0","0","0","5","4","1","0","0","0","1","1","0","0","0","0","-2"
"104179","University of Arizona","2013","On-tenure track, associate professors","37","30","7","0","0","0","7","7","0","0","0","0","2","2","0","0","0","0","20","16","4","0","0","0","3","0","3","5","5","0","-2"
"104179","University of Arizona","2013","On-tenure track, assistant professors","282","160","122","5","1","4","37","24","13","5","3","2","23","12","11","0","0","0","148","81","67","2","1","1","37","21","16","25","17","8","-2"
"104179","University of Arizona","2013","Not on tenure track/No tenure system system total","337","164","173","2","2","0","21","9","12","7","4","3","30","12","18","0","0","0","239","115","124","3","1","2","22","13","9","13","8","5","-2"
"104179","University of Arizona","2013","Not on tenure/no tenure system, professors","35","22","13","0","0","0","3","1","2","0","0","0","1","1","0","0","0","0","28","18","10","0","0","0","2","1","1","1","1","0","-2"
"104179","University of Arizona","2013","Not on tenure/no tenure system, associate professors","28","10","18","0","0","0","1","1","0","0","0","0","1","1","0","0","0","0","25","7","18","0","0","0","1","1","0","0","0","0","-2"
"104179","University of Arizona","2013","Not on tenure/no tenure system, assistant professors","83","34","49","0","0","0","10","5","5","2","0","2","3","0","3","0","0","0","57","23","34","1","0","1","5","3","2","5","3","2","-2"
"104179","University of Arizona","2013","Not on tenure/no tenure system, instructors","60","31","29","2","2","0","3","0","3","0","0","0","11","6","5","0","0","0","34","18","16","0","0","0","5","3","2","5","2","3","-2"
"104179","University of Arizona","2013","Not on tenure/no tenure system, lecturers","125","64","61","0","0","0","3","1","2","5","4","1","13","4","9","0","0","0","92","48","44","2","1","1","8","4","4","2","2","0","-2"
"104179","University of Arizona","2013","Not on tenure/no tenure system, no academic rank","6","3","3","0","0","0","1","1","0","0","0","0","1","0","1","0","0","0","3","1","2","0","0","0","1","1","0","0","0","0","-2"
"104586","Embry-Riddle Aeronautical University-Prescott","2013","Tenured total","28","23","5","0","0","0","4","2","2","0","0","0","1","1","0","0","0","0","23","20","3","0","0","0","0","0","0","0","0","0","-2"
"104586","Embry-Riddle Aeronautical University-Prescott","2013","Tenured, professors","10","9","1","0","0","0","0","0","0","0","0","0","0","0","0","0","0","0","10","9","1","0","0","0","0","0","0","0","0","0","-2"
"104586","Embry-Riddle Aeronautical University-Prescott","2013","Tenured, associate professors","15","11","4","0","0","0","4","2","2","0","0","0","1","1","0","0","0","0","10","8","2","0","0","0","0","0","0","0","0","0","-2"
"104586","Embry-Riddle Aeronautical University-Prescott","2013","Tenured, assistant professors","3","3","0","0","0","0","0","0","0","0","0","0","0","0","0","0","0","0","3","3","0","0","0","0","0","0","0","0","0","0","-2"
"104586","Embry-Riddle Aeronautical University-Prescott","2013","On-Tenure track total","27","21","6","0","0","0","2","1","1","0","0","0","1","1","0","0","0","0","16","13","3","0","0","0","8","6","2","0","0","0","-2"
"104586","Embry-Riddle Aeronautical University-Prescott","2013","On-tenure track, professors","1","0","1","0","0","0","0","0","0","0","0","0","0","0","0","0","0","0","1","0","1","0","0","0","0","0","0","0","0","0","-2"
"104586","Embry-Riddle Aeronautical University-Prescott","2013","On-tenure track, associate professors","11","10","1","0","0","0","0","0","0","0","0","0","0","0","0","0","0","0","6","6","0","0","0","0","5","4","1","0","0","0","-2"
"104586","Embry-Riddle Aeronautical University-Prescott","2013","On-tenure track, assistant professors","15","11","4","0","0","0","2","1","1","0","0","0","1","1","0","0","0","0","9","7","2","0","0","0","3","2","1","0","0","0","-2"
"104586","Embry-Riddle Aeronautical University-Prescott","2013","Not on tenure track/No tenure system system total","25","20","5","0","0","0","0","0","0","0","0","0","0","0","0","0","0","0","21","17","4","1","0","1","3","3","0","0","0","0","-2"
"104586","Embry-Riddle Aeronautical University-Prescott","2013","Not on tenure/no tenure system, associate professors","4","3","1","0","0","0","0","0","0","0","0","0","0","0","0","0","0","0","3","3","0","1","0","1","0","0","0","0","0","0","-2"
"104586","Embry-Riddle Aeronautical University-Prescott","2013","Not on tenure/no tenure system, assistant professors","19","16","3","0","0","0","0","0","0","0","0","0","0","0","0","0","0","0","16","13","3","0","0","0","3","3","0","0","0","0","-2"
"104586","Embry-Riddle Aeronautical University-Prescott","2013","Not on tenure/no tenure system, instructors","2","1","1","0","0","0","0","0","0","0","0","0","0","0","0","0","0","0","2","1","1","0","0","0","0","0","0","0","0","0","-2"
"105330","Northern Arizona University","2013","Tenured total","432","260","172","13","5","8","17","10","7","5","4","1","21","9","12","1","1","0","359","221","138","1","1","0","9","6","3","6","3","3","-2"
"105330","Northern Arizona University","2013","Tenured, professors","262","167","95","7","3","4","8","3","5","2","2","0","11","5","6","0","0","0","222","146","76","1","1","0","7","5","2","4","2","2","-2"
"105330","Northern Arizona University","2013","Tenured, associate professors","170","93","77","6","2","4","9","7","2","3","2","1","10","4","6","1","1","0","137","75","62","0","0","0","2","1","1","2","1","1","-2"
"105330","Northern Arizona University","2013","On-Tenure track total","80","42","38","4","0","4","5","2","3","2","1","1","3","2","1","1","1","0","54","30","24","1","1","0","7","4","3","3","1","2","-2"
"105330","Northern Arizona University","2013","On-tenure track, associate professors","7","3","4","0","0","0","0","0","0","0","0","0","0","0","0","0","0","0","7","3","4","0","0","0","0","0","0","0","0","0","-2"
"105330","Northern Arizona University","2013","On-tenure track, assistant professors","73","39","34","4","0","4","5","2","3","2","1","1","3","2","1","1","1","0","47","27","20","1","1","0","7","4","3","3","1","2","-2"
"105330","Northern Arizona University","2013","Not on tenure track/No tenure system system total","446","183","263","6","1","5","8","3","5","6","1","5","34","13","21","1","0","1","353","148","205","3","0","3","20","10","10","15","7","8","-2"
"105330","Northern Arizona University","2013","Not on tenure/no tenure system, professors","7","4","3","0","0","0","0","0","0","0","0","0","1","0","1","0","0","0","6","4","2","0","0","0","0","0","0","0","0","0","-2"
"105330","Northern Arizona University","2013","Not on tenure/no tenure system, associate professors","34","7","27","0","0","0","0","0","0","0","0","0","4","1","3","0","0","0","28","6","22","1","0","1","1","0","1","0","0","0","-2"
"105330","Northern Arizona University","2013","Not on tenure/no tenure system, assistant professors","104","38","66","1","0","1","1","0","1","2","0","2","7","2","5","1","0","1","90","36","54","0","0","0","2","0","2","0","0","0","-2"
"105330","Northern Arizona University","2013","Not on tenure/no tenure system, instructors","87","37","50","1","1","0","4","1","3","0","0","0","8","2","6","0","0","0","67","31","36","1","0","1","4","2","2","2","0","2","-2"
"105330","Northern Arizona University","2013","Not on tenure/no tenure system, lecturers","214","97","117","4","0","4","3","2","1","4","1","3","14","8","6","0","0","0","162","71","91","1","0","1","13","8","5","13","7","6","-2"
"110404","California Institute of Technology","2013","Tenured total","234","196","38","0","0","0","20","18","2","3","2","1","5","5","0","0","0","0","202","167","35","0","0","0","0","0","0","4","4","0","-2"
"110404","California Institute of Technology","2013","Tenured, professors","234","196","38","0","0","0","20","18","2","3","2","1","5","5","0","0","0","0","202","167","35","0","0","0","0","0","0","4","4","0","-2"
"110404","California Institute of Technology","2013","On-Tenure track total","45","32","13","0","0","0","12","8","4","2","2","0","3","3","0","0","0","0","26","17","9","0","0","0","0","0","0","2","2","0","-2"
"110404","California Institute of Technology","2013","On-tenure track, associate professors","1","1","0","0","0","0","0","0","0","0","0","0","1","1","0","0","0","0","0","0","0","0","0","0","0","0","0","0","0","0","-2"
"110404","California Institute of Technology","2013","On-tenure track, assistant professors","44","31","13","0","0","0","12","8","4","2","2","0","2","2","0","0","0","0","26","17","9","0","0","0","0","0","0","2","2","0","-2"
"110404","California Institute of Technology","2013","Not on tenure track/No tenure system system total","33","20","13","0","0","0","3","0","3","1","1","0","3","2","1","0","0","0","15","8","7","0","0","0","0","0","0","11","9","2","-2"
"110404","California Institute of Technology","2013","Not on tenure/no tenure system, instructors","15","11","4","0","0","0","0","0","0","1","1","0","0","0","0","0","0","0","3","1","2","0","0","0","0","0","0","11","9","2","-2"
"110404","California Institute of Technology","2013","Not on tenure/no tenure system, lecturers","13","6","7","0","0","0","3","0","3","0","0","0","2","1","1","0","0","0","8","5","3","0","0","0","0","0","0","0","0","0","-2"
"110404","California Institute of Technology","2013","Not on tenure/no tenure system, no academic rank","5","3","2","0","0","0","0","0","0","0","0","0","1","1","0","0","0","0","4","2","2","0","0","0","0","0","0","0","0","0","-2"
"110538","California State University-Chico","2013","Tenured total","334","204","130","2","2","0","27","18","9","6","2","4","15","9","6","0","0","0","274","168","106","2","2","0","7","3","4","1","0","1","-2"
"110538","California State University-Chico","2013","Tenured, professors","229","149","80","2","2","0","17","13","4","3","2","1","12","8","4","0","0","0","193","123","70","0","0","0","2","1","1","0","0","0","-2"
"110538","California State University-Chico","2013","Tenured, associate professors","101","55","46","0","0","0","10","5","5","3","0","3","3","1","2","0","0","0","77","45","32","2","2","0","5","2","3","1","0","1","-2"
"110538","California State University-Chico","2013","Tenured, assistant professors","2","0","2","0","0","0","0","0","0","0","0","0","0","0","0","0","0","0","2","0","2","0","0","0","0","0","0","0","0","0","-2"
"110538","California State University-Chico","2013","Tenured, no academic rank","2","0","2","0","0","0","0","0","0","0","0","0","0","0","0","0","0","0","2","0","2","0","0","0","0","0","0","0","0","0","-2"
"110538","California State University-Chico","2013","On-Tenure track total","68","36","32","0","0","0","9","7","2","0","0","0","0","0","0","0","0","0","50","24","26","0","0","0","6","4","2","3","1","2","-2"
"110538","California State University-Chico","2013","On-tenure track, associate professors","4","4","0","0","0","0","1","1","0","0","0","0","0","0","0","0","0","0","2","2","0","0","0","0","1","1","0","0","0","0","-2"
"110538","California State University-Chico","2013","On-tenure track, assistant professors","64","32","32","0","0","0","8","6","2","0","0","0","0","0","0","0","0","0","48","22","26","0","0","0","5","3","2","3","1","2","-2"
"110538","California State University-Chico","2013","Not on tenure track/No tenure system system total","78","43","35","0","0","0","2","0","2","0","0","0","2","0","2","0","0","0","67","37","30","1","1","0","5","4","1","1","1","0","-2"
"110538","California State University-Chico","2013","Not on tenure/no tenure system, lecturers","78","43","35","0","0","0","2","0","2","0","0","0","2","0","2","0","0","0","67","37","30","1","1","0","5","4","1","1","1","0","-2"
"110635","University of California-Berkeley","2013","Tenured total","1155","819","336","1","0","1","151","103","48","35","24","11","65","46","19","1","1","0","859","618","241","3","0","3","34","24","10","6","3","3","-2"
"110635","University of California-Berkeley","2013","Tenured, professors","841","634","207","0","0","0","102","75","27","19","17","2","44","32","12","1","1","0","659","498","161","0","0","0","13","10","3","3","1","2","-2"
"110635","University of California-Berkeley","2013","Tenured, associate professors","299","177","122","1","0","1","47","27","20","16","7","9","20","13","7","0","0","0","188","114","74","3","0","3","21","14","7","3","2","1","-2"
"110635","University of California-Berkeley","2013","Tenured, lecturers","15","8","7","0","0","0","2","1","1","0","0","0","1","1","0","0","0","0","12","6","6","0","0","0","0","0","0","0","0","0","-2"
"110635","University of California-Berkeley","2013","On-Tenure track total","217","128","89","0","0","0","22","9","13","6","1","5","12","6","6","0","0","0","82","49","33","2","0","2","60","39","21","33","24","9","-2"
"110635","University of California-Berkeley","2013","On-tenure track, professors","13","6","7","0","0","0","3","1","2","0","0","0","0","0","0","0","0","0","4","2","2","0","0","0","4","1","3","2","2","0","-2"
"110635","University of California-Berkeley","2013","On-tenure track, assistant professors","203","121","82","0","0","0","19","8","11","6","1","5","12","6","6","0","0","0","77","46","31","2","0","2","56","38","18","31","22","9","-2"
"110635","University of California-Berkeley","2013","On-tenure track, lecturers","1","1","0","0","0","0","0","0","0","0","0","0","0","0","0","0","0","0","1","1","0","0","0","0","0","0","0","0","0","0","-2"
"110635","University of California-Berkeley","2013","Not on tenure track/No tenure system system total","275","123","152","1","1","0","53","20","33","7","2","5","9","4","5","1","1","0","147","65","82","2","1","1","21","10","11","34","19","15","-2"
"110635","University of California-Berkeley","2013","Not on tenure/no tenure system, professors","41","24","17","0","0","0","1","1","0","0","0","0","0","0","0","0","0","0","29","15","14","0","0","0","1","1","0","10","7","3","-2"
"110635","University of California-Berkeley","2013","Not on tenure/no tenure system, associate professors","22","9","13","0","0","0","8","5","3","2","0","2","2","1","1","0","0","0","7","2","5","0","0","0","2","0","2","1","1","0","-2"
"110635","University of California-Berkeley","2013","Not on tenure/no tenure system, assistant professors","37","23","14","1","1","0","7","2","5","1","0","1","2","1","1","1","1","0","16","10","6","0","0","0","3","2","1","6","6","0","-2"
"110635","University of California-Berkeley","2013","Not on tenure/no tenure system, instructors","8","5","3","0","0","0","1","1","0","0","0","0","0","0","0","0","0","0","3","2","1","0","0","0","3","2","1","1","0","1","-2"
"110635","University of California-Berkeley","2013","Not on tenure/no tenure system, lecturers","158","59","99","0","0","0","36","11","25","4","2","2","4","2","2","0","0","0","86","34","52","1","0","1","11","5","6","16","5","11","-2"
"110635","University of California-Berkeley","2013","Not on tenure/no tenure system, no academic rank","9","3","6","0","0","0","0","0","0","0","0","0","1","0","1","0","0","0","6","2","4","1","1","0","1","0","1","0","0","0","-2"
"110644","University of California-Davis","2013","Tenured total","1189","824","365","7","2","5","171","115","56","24","11","13","53","33","20","0","0","0","899","637","262","1","1","0","29","21","8","5","4","1","-2"
"110644","University of California-Davis","2013","Tenured, professors","897","659","238","2","1","1","119","90","29","15","8","7","36","24","12","0","0","0","709","523","186","1","1","0","13","10","3","2","2","0","-2"
"110644","University of California-Davis","2013","Tenured, associate professors","278","155","123","5","1","4","51","25","26","8","2","6","17","9","8","0","0","0","178","105","73","0","0","0","16","11","5","3","2","1","-2"
"110644","University of California-Davis","2013","Tenured, lecturers","14","10","4","0","0","0","1","0","1","1","1","0","0","0","0","0","0","0","12","9","3","0","0","0","0","0","0","0","0","0","-2"
"110644","University of California-Davis","2013","On-Tenure track total","187","109","78","1","0","1","31","14","17","6","3","3","11","7","4","0","0","0","90","50","40","1","0","1","18","16","2","29","19","10","-2"
"110644","University of California-Davis","2013","On-tenure track, professors","4","3","1","0","0","0","0","0","0","1","0","1","0","0","0","0","0","0","3","3","0","0","0","0","0","0","0","0","0","0","-2"
"110644","University of California-Davis","2013","On-tenure track, associate professors","1","0","1","0","0","0","0","0","0","0","0","0","0","0","0","0","0","0","0","0","0","0","0","0","0","0","0","1","0","1","-2"
"110644","University of California-Davis","2013","On-tenure track, assistant professors","182","106","76","1","0","1","31","14","17","5","3","2","11","7","4","0","0","0","87","47","40","1","0","1","18","16","2","28","19","9","-2"
"110644","University of California-Davis","2013","Not on tenure track/No tenure system system total","718","440","278","2","0","2","176","105","71","10","5","5","35","23","12","0","0","0","448","277","171","1","1","0","18","8","10","28","21","7","-2"
"110644","University of California-Davis","2013","Not on tenure/no tenure system, professors","211","154","57","1","0","1","47","38","9","1","1","0","8","6","2","0","0","0","152","107","45","0","0","0","1","1","0","1","1","0","-2"
"110644","University of California-Davis","2013","Not on tenure/no tenure system, associate professors","149","96","53","1","0","1","49","31","18","3","1","2","7","7","0","0","0","0","86","55","31","0","0","0","2","1","1","1","1","0","-2"
"110644","University of California-Davis","2013","Not on tenure/no tenure system, assistant professors","242","135","107","0","0","0","75","34","41","4","1","3","14","8","6","0","0","0","119","71","48","1","1","0","6","2","4","23","18","5","-2"
"110644","University of California-Davis","2013","Not on tenure/no tenure system, lecturers","116","55","61","0","0","0","5","2","3","2","2","0","6","2","4","0","0","0","91","44","47","0","0","0","9","4","5","3","1","2","-2"
"110653","University of California-Irvine","2013","Tenured total","888","615","273","1","1","0","161","109","52","18","14","4","49","34","15","1","1","0","646","447","199","2","1","1","5","3","2","5","5","0","-2"
"110653","University of California-Irvine","2013","Tenured, professors","623","468","155","1","1","0","103","76","27","10","8","2","31","23","8","0","0","0","470","354","116","2","1","1","3","2","1","3","3","0","-2"
"110653","University of California-Irvine","2013","Tenured, associate professors","235","132","103","0","0","0","55","30","25","8","6","2","17","10","7","1","1","0","150","82","68","0","0","0","2","1","1","2","2","0","-2"
"110653","University of California-Irvine","2013","Tenured, lecturers","30","15","15","0","0","0","3","3","0","0","0","0","1","1","0","0","0","0","26","11","15","0","0","0","0","0","0","0","0","0","-2"
"110653","University of California-Irvine","2013","On-Tenure track total","211","114","97","2","1","1","48","25","23","4","1","3","10","3","7","0","0","0","108","62","46","1","1","0","7","3","4","31","18","13","-2"
"110653","University of California-Irvine","2013","On-tenure track, professors","5","5","0","0","0","0","2","2","0","1","1","0","0","0","0","0","0","0","0","0","0","0","0","0","1","1","0","1","1","0","-2"
"110653","University of California-Irvine","2013","On-tenure track, associate professors","1","0","1","0","0","0","0","0","0","0","0","0","0","0","0","0","0","0","0","0","0","0","0","0","0","0","0","1","0","1","-2"
"110653","University of California-Irvine","2013","On-tenure track, assistant professors","181","100","81","2","1","1","44","22","22","2","0","2","9","3","6","0","0","0","90","55","35","1","1","0","6","2","4","27","16","11","-2"
"110653","University of California-Irvine","2013","On-tenure track, lecturers","24","9","15","0","0","0","2","1","1","1","0","1","1","0","1","0","0","0","18","7","11","0","0","0","0","0","0","2","1","1","-2"
"110653","University of California-Irvine","2013","Not on tenure track/No tenure system system total","467","264","203","6","3","3","127","78","49","15","8","7","18","8","10","4","1","3","269","144","125","2","1","1","4","4","0","22","17","5","-2"
"110653","University of California-Irvine","2013","Not on tenure/no tenure system, professors","119","83","36","1","1","0","35","25","10","2","1","1","3","1","2","0","0","0","76","54","22","0","0","0","0","0","0","2","1","1","-2"
"110653","University of California-Irvine","2013","Not on tenure/no tenure system, associate professors","96","59","37","1","0","1","33","23","10","1","1","0","7","6","1","0","0","0","51","26","25","0","0","0","1","1","0","2","2","0","-2"
"110653","University of California-Irvine","2013","Not on tenure/no tenure system, assistant professors","133","76","57","1","0","1","41","22","19","10","5","5","3","1","2","1","1","0","65","37","28","0","0","0","2","2","0","10","8","2","-2"
"110653","University of California-Irvine","2013","Not on tenure/no tenure system, instructors","40","19","21","3","2","1","7","4","3","1","1","0","1","0","1","1","0","1","22","7","15","1","1","0","0","0","0","4","4","0","-2"
"110653","University of California-Irvine","2013","Not on tenure/no tenure system, lecturers","79","27","52","0","0","0","11","4","7","1","0","1","4","0","4","2","0","2","55","20","35","1","0","1","1","1","0","4","2","2","-2"
"110662","University of California-Los Angeles","2013","Tenured total","1442","1044","398","6","3","3","241","186","55","43","23","20","91","62","29","1","1","0","1048","760","288","1","0","1","2","2","0","9","7","2","-2"
"110662","University of California-Los Angeles","2013","Tenured, professors","1132","855","277","5","3","2","167","138","29","26","16","10","66","45","21","1","1","0","862","647","215","0","0","0","1","1","0","4","4","0","-2"
"110662","University of California-Los Angeles","2013","Tenured, associate professors","304","185","119","1","0","1","74","48","26","17","7","10","25","17","8","0","0","0","180","109","71","1","0","1","1","1","0","5","3","2","-2"
"110662","University of California-Los Angeles","2013","Tenured, lecturers","6","4","2","0","0","0","0","0","0","0","0","0","0","0","0","0","0","0","6","4","2","0","0","0","0","0","0","0","0","0","-2"
"110662","University of California-Los Angeles","2013","On-Tenure track total","206","111","95","3","1","2","32","14","18","11","5","6","15","11","4","1","0","1","114","61","53","0","0","0","3","1","2","27","18","9","-2"
"110662","University of California-Los Angeles","2013","On-tenure track, professors","10","5","5","0","0","0","2","2","0","1","1","0","0","0","0","0","0","0","6","2","4","0","0","0","1","0","1","0","0","0","-2"
"110662","University of California-Los Angeles","2013","On-tenure track, assistant professors","195","105","90","3","1","2","30","12","18","10","4","6","15","11","4","1","0","1","108","59","49","0","0","0","2","1","1","26","17","9","-2"
"110662","University of California-Los Angeles","2013","On-tenure track, lecturers","1","1","0","0","0","0","0","0","0","0","0","0","0","0","0","0","0","0","0","0","0","0","0","0","0","0","0","1","1","0","-2"
"110662","University of California-Los Angeles","2013","Not on tenure track/No tenure system system total","1442","851","591","0","0","0","411","213","198","27","13","14","52","29","23","0","0","0","832","518","314","3","2","1","47","30","17","70","46","24","-2"
"110662","University of California-Los Angeles","2013","Not on tenure/no tenure system, professors","332","237","95","0","0","0","68","46","22","4","2","2","8","5","3","0","0","0","245","177","68","0","0","0","3","3","0","4","4","0","-2"
"110662","University of California-Los Angeles","2013","Not on tenure/no tenure system, associate professors","250","155","95","0","0","0","75","46","29","4","2","2","9","3","6","0","0","0","153","97","56","0","0","0","5","5","0","4","2","2","-2"
"110662","University of California-Los Angeles","2013","Not on tenure/no tenure system, assistant professors","482","277","205","0","0","0","150","76","74","10","5","5","25","17","8","0","0","0","234","138","96","2","2","0","17","9","8","44","30","14","-2"
"110662","University of California-Los Angeles","2013","Not on tenure/no tenure system, instructors","220","118","102","0","0","0","87","36","51","6","2","4","6","2","4","0","0","0","99","62","37","1","0","1","15","12","3","6","4","2","-2"
"110662","University of California-Los Angeles","2013","Not on tenure/no tenure system, lecturers","153","61","92","0","0","0","30","8","22","2","1","1","4","2","2","0","0","0","100","44","56","0","0","0","5","0","5","12","6","6","-2"
"110662","University of California-Los Angeles","2013","Not on tenure/no tenure system, no academic rank","5","3","2","0","0","0","1","1","0","1","1","0","0","0","0","0","0","0","1","0","1","0","0","0","2","1","1","0","0","0","-2"
"110680","University of California-San Diego","2013","Tenured total","979","745","234","1","1","0","141","113","28","18","7","11","57","41","16","0","0","0","729","555","174","0","0","0","4","3","1","29","25","4","-2"
"110680","University of California-San Diego","2013","Tenured, professors","724","585","139","1","1","0","98","88","10","6","2","4","32","24","8","0","0","0","568","453","115","0","0","0","1","0","1","18","17","1","-2"
"110680","University of California-San Diego","2013","Tenured, associate professors","224","145","79","0","0","0","39","25","14","12","5","7","24","17","7","0","0","0","136","88","48","0","0","0","2","2","0","11","8","3","-2"
"110680","University of California-San Diego","2013","Tenured, lecturers","31","15","16","0","0","0","4","0","4","0","0","0","1","0","1","0","0","0","25","14","11","0","0","0","1","1","0","0","0","0","-2"
"110680","University of California-San Diego","2013","On-Tenure track total","185","130","55","0","0","0","32","22","10","6","4","2","14","8","6","0","0","0","96","67","29","1","0","1","2","1","1","34","28","6","-2"
"110680","University of California-San Diego","2013","On-tenure track, professors","1","1","0","0","0","0","0","0","0","0","0","0","0","0","0","0","0","0","1","1","0","0","0","0","0","0","0","0","0","0","-2"
"110680","University of California-San Diego","2013","On-tenure track, associate professors","1","1","0","0","0","0","0","0","0","0","0","0","0","0","0","0","0","0","1","1","0","0","0","0","0","0","0","0","0","0","-2"
"110680","University of California-San Diego","2013","On-tenure track, assistant professors","167","119","48","0","0","0","32","22","10","5","4","1","14","8","6","0","0","0","80","57","23","1","0","1","2","1","1","33","27","6","-2"
"110680","University of California-San Diego","2013","On-tenure track, lecturers","16","9","7","0","0","0","0","0","0","1","0","1","0","0","0","0","0","0","14","8","6","0","0","0","0","0","0","1","1","0","-2"
"110680","University of California-San Diego","2013","Not on tenure track/No tenure system system total","848","506","342","4","3","1","164","86","78","15","9","6","38","24","14","1","1","0","563","345","218","0","0","0","3","1","2","60","37","23","-2"
"110680","University of California-San Diego","2013","Not on tenure/no tenure system, professors","291","210","81","1","1","0","31","22","9","9","7","2","10","10","0","0","0","0","230","163","67","0","0","0","0","0","0","10","7","3","-2"
"110680","University of California-San Diego","2013","Not on tenure/no tenure system, associate professors","210","118","92","0","0","0","51","30","21","1","0","1","9","5","4","0","0","0","139","76","63","0","0","0","0","0","0","10","7","3","-2"
"110680","University of California-San Diego","2013","Not on tenure/no tenure system, assistant professors","264","142","122","3","2","1","66","31","35","5","2","3","16","8","8","1","1","0","143","80","63","0","0","0","2","0","2","28","18","10","-2"
"110680","University of California-San Diego","2013","Not on tenure/no tenure system, lecturers","83","36","47","0","0","0","16","3","13","0","0","0","3","1","2","0","0","0","51","26","25","0","0","0","1","1","0","12","5","7","-2"
"115755","Humboldt State University","2013","Tenured total","175","107","68","3","3","0","8","8","0","2","1","1","6","4","2","0","0","0","153","90","63","0","0","0","2","0","2","1","1","0","-2"
"115755","Humboldt State University","2013","Tenured, professors","120","74","46","1","1","0","6","6","0","2","1","1","5","3","2","0","0","0","106","63","43","0","0","0","0","0","0","0","0","0","-2"
"115755","Humboldt State University","2013","Tenured, associate professors","54","32","22","2","2","0","2","2","0","0","0","0","1","1","0","0","0","0","46","26","20","0","0","0","2","0","2","1","1","0","-2"
"115755","Humboldt State University","2013","Tenured, assistant professors","1","1","0","0","0","0","0","0","0","0","0","0","0","0","0","0","0","0","1","1","0","0","0","0","0","0","0","0","0","0","-2"
"115755","Humboldt State University","2013","On-Tenure track total","47","22","25","1","0","1","7","3","4","3","1","2","2","0","2","0","0","0","26","14","12","0","0","0","7","4","3","1","0","1","-2"
"115755","Humboldt State University","2013","On-tenure track, associate professors","3","2","1","0","0","0","1","1","0","0","0","0","0","0","0","0","0","0","2","1","1","0","0","0","0","0","0","0","0","0","-2"
"115755","Humboldt State University","2013","On-tenure track, assistant professors","44","20","24","1","0","1","6","2","4","3","1","2","2","0","2","0","0","0","24","13","11","0","0","0","7","4","3","1","0","1","-2"
"115755","Humboldt State University","2013","Not on tenure track/No tenure system system total","59","28","31","3","1","2","0","0","0","1","1","0","2","2","0","1","0","1","45","21","24","0","0","0","6","2","4","1","1","0","-2"
"115755","Humboldt State University","2013","Not on tenure/no tenure system, lecturers","59","28","31","3","1","2","0","0","0","1","1","0","2","2","0","1","0","1","45","21","24","0","0","0","6","2","4","1","1","0","-2"
"119678","Naval Postgraduate School","2013","Tenured total","155","127","28","0","0","0","21","17","4","1","0","1","4","3","1","0","0","0","114","96","18","0","0","0","15","11","4","0","0","0","-2"
"119678","Naval Postgraduate School","2013","Tenured, professors","80","69","11","0","0","0","13","11","2","1","0","1","2","2","0","0","0","0","59","51","8","0","0","0","5","5","0","0","0","0","-2"
"119678","Naval Postgraduate School","2013","Tenured, associate professors","72","55","17","0","0","0","8","6","2","0","0","0","2","1","1","0","0","0","53","43","10","0","0","0","9","5","4","0","0","0","-2"
"119678","Naval Postgraduate School","2013","Tenured, assistant professors","3","3","0","0","0","0","0","0","0","0","0","0","0","0","0","0","0","0","2","2","0","0","0","0","1","1","0","0","0","0","-2"
"119678","Naval Postgraduate School","2013","On-Tenure track total","73","54","19","1","1","0","5","4","1","0","0","0","3","2","1","0","0","0","53","41","12","0","0","0","11","6","5","0","0","0","-2"
"119678","Naval Postgraduate School","2013","On-tenure track, professors","3","3","0","0","0","0","0","0","0","0","0","0","0","0","0","0","0","0","3","3","0","0","0","0","0","0","0","0","0","0","-2"
"119678","Naval Postgraduate School","2013","On-tenure track, associate professors","24","18","6","0","0","0","1","1","0","0","0","0","2","1","1","0","0","0","18","15","3","0","0","0","3","1","2","0","0","0","-2"
"119678","Naval Postgraduate School","2013","On-tenure track, assistant professors","46","33","13","1","1","0","4","3","1","0","0","0","1","1","0","0","0","0","32","23","9","0","0","0","8","5","3","0","0","0","-2"
"119678","Naval Postgraduate School","2013","Not on tenure track/No tenure system system total","114","93","21","1","0","1","2","0","2","1","1","0","1","1","0","0","0","0","91","78","13","0","0","0","18","13","5","0","0","0","-2"
"119678","Naval Postgraduate School","2013","Not on tenure/no tenure system, professors","12","10","2","0","0","0","0","0","0","0","0","0","0","0","0","0","0","0","10","9","1","0","0","0","2","1","1","0","0","0","-2"
"119678","Naval Postgraduate School","2013","Not on tenure/no tenure system, assistant professors","2","1","1","0","0","0","0","0","0","0","0","0","0","0","0","0","0","0","2","1","1","0","0","0","0","0","0","0","0","0","-2"
"119678","Naval Postgraduate School","2013","Not on tenure/no tenure system, lecturers","100","82","18","1","0","1","2","0","2","1","1","0","1","1","0","0","0","0","79","68","11","0","0","0","16","12","4","0","0","0","-2"
"122409","San Diego State University","2013","Tenured total","569","353","216","4","3","1","69","35","34","17","11","6","41","22","19","0","0","0","411","264","147","1","0","1","8","4","4","18","14","4","122409"
"122409","San Diego State University","2013","Tenured, professors","340","225","115","4","3","1","41","22","19","1","1","0","24","14","10","0","0","0","262","179","83","0","0","0","4","2","2","4","4","0","122409"
"122409","San Diego State University","2013","Tenured, associate professors","223","125","98","0","0","0","28","13","15","16","10","6","16","7","9","0","0","0","144","83","61","1","0","1","4","2","2","14","10","4","122409"
"122409","San Diego State University","2013","Tenured, no academic rank","6","3","3","0","0","0","0","0","0","0","0","0","1","1","0","0","0","0","5","2","3","0","0","0","0","0","0","0","0","0","122409"
"122409","San Diego State University","2013","On-Tenure track total","97","46","51","1","1","0","9","8","1","4","2","2","9","4","5","0","0","0","48","22","26","0","0","0","10","3","7","16","6","10","122409"
"122409","San Diego State University","2013","On-tenure track, professors","2","2","0","0","0","0","0","0","0","0","0","0","0","0","0","0","0","0","2","2","0","0","0","0","0","0","0","0","0","0","122409"
"122409","San Diego State University","2013","On-tenure track, associate professors","4","2","2","0","0","0","0","0","0","0","0","0","1","0","1","0","0","0","2","1","1","0","0","0","1","1","0","0","0","0","122409"
"122409","San Diego State University","2013","On-tenure track, assistant professors","91","42","49","1","1","0","9","8","1","4","2","2","8","4","4","0","0","0","44","19","25","0","0","0","9","2","7","16","6","10","122409"
"122409","San Diego State University","2013","Not on tenure track/No tenure system system total","140","46","94","0","0","0","4","0","4","1","0","1","16","4","12","2","0","2","116","41","75","0","0","0","0","0","0","1","1","0","122409"
"122409","San Diego State University","2013","Not on tenure/no tenure system, lecturers","140","46","94","0","0","0","4","0","4","1","0","1","16","4","12","2","0","2","116","41","75","0","0","0","0","0","0","1","1","0","122409"
"122597","San Francisco State University","2013","Tenured total","483","266","217","7","3","4","104","55","49","24","13","11","39","18","21","0","0","0","276","158","118","9","5","4","24","14","10","0","0","0","-2"
"122597","San Francisco State University","2013","Tenured, professors","290","188","102","3","2","1","63","45","18","13","6","7","20","13","7","0","0","0","178","112","66","2","2","0","11","8","3","0","0","0","-2"
"122597","San Francisco State University","2013","Tenured, associate professors","184","75","109","4","1","3","40","10","30","10","6","4","18","5","13","0","0","0","93","44","49","7","3","4","12","6","6","0","0","0","-2"
"122597","San Francisco State University","2013","Tenured, assistant professors","6","3","3","0","0","0","1","0","1","1","1","0","1","0","1","0","0","0","2","2","0","0","0","0","1","0","1","0","0","0","-2"
"122597","San Francisco State University","2013","Tenured, no academic rank","3","0","3","0","0","0","0","0","0","0","0","0","0","0","0","0","0","0","3","0","3","0","0","0","0","0","0","0","0","0","-2"
"122597","San Francisco State University","2013","On-Tenure track total","200","92","108","4","2","2","45","15","30","8","5","3","7","5","2","0","0","0","111","57","54","1","0","1","19","6","13","5","2","3","-2"
"122597","San Francisco State University","2013","On-tenure track, professors","6","3","3","0","0","0","2","0","2","0","0","0","0","0","0","0","0","0","3","3","0","0","0","0","1","0","1","0","0","0","-2"
"122597","San Francisco State University","2013","On-tenure track, associate professors","65","32","33","0","0","0","16","8","8","2","1","1","5","4","1","0","0","0","37","18","19","1","0","1","2","0","2","2","1","1","-2"
"122597","San Francisco State University","2013","On-tenure track, assistant professors","129","57","72","4","2","2","27","7","20","6","4","2","2","1","1","0","0","0","71","36","35","0","0","0","16","6","10","3","1","2","-2"
"122597","San Francisco State University","2013","Not on tenure track/No tenure system system total","107","44","63","0","0","0","15","5","10","5","2","3","9","3","6","0","0","0","65","29","36","1","0","1","10","5","5","2","0","2","-2"
"122597","San Francisco State University","2013","Not on tenure/no tenure system, lecturers","107","44","63","0","0","0","15","5","10","5","2","3","9","3","6","0","0","0","65","29","36","1","0","1","10","5","5","2","0","2","-2"
"122755","San Jose State University","2013","Tenured total","494","277","217","4","2","2","112","67","45","14","8","6","28","17","11","0","0","0","302","168","134","5","1","4","28","14","14","1","0","1","-2"
"122755","San Jose State University","2013","Tenured, professors","324","199","125","3","2","1","73","48","25","8","4","4","19","13","6","0","0","0","210","127","83","1","0","1","10","5","5","0","0","0","-2"
"122755","San Jose State University","2013","Tenured, associate professors","160","72","88","1","0","1","37","17","20","6","4","2","6","2","4","0","0","0","89","40","49","4","1","3","17","8","9","0","0","0","-2"
"122755","San Jose State University","2013","Tenured, assistant professors","9","6","3","0","0","0","2","2","0","0","0","0","3","2","1","0","0","0","2","1","1","0","0","0","1","1","0","1","0","1","-2"
"122755","San Jose State University","2013","Tenured, no academic rank","1","0","1","0","0","0","0","0","0","0","0","0","0","0","0","0","0","0","1","0","1","0","0","0","0","0","0","0","0","0","-2"
"122755","San Jose State University","2013","On-Tenure track total","120","52","68","1","1","0","25","6","19","4","1","3","5","3","2","1","0","1","60","27","33","0","0","0","13","8","5","11","6","5","-2"
"122755","San Jose State University","2013","On-tenure track, associate professors","8","4","4","0","0","0","1","1","0","0","0","0","0","0","0","0","0","0","6","2","4","0","0","0","0","0","0","1","1","0","-2"
"122755","San Jose State University","2013","On-tenure track, assistant professors","111","47","64","1","1","0","24","5","19","4","1","3","5","3","2","1","0","1","53","24","29","0","0","0","13","8","5","10","5","5","-2"
"122755","San Jose State University","2013","On-tenure track, no academic rank","1","1","0","0","0","0","0","0","0","0","0","0","0","0","0","0","0","0","1","1","0","0","0","0","0","0","0","0","0","0","-2"
"122755","San Jose State University","2013","Not on tenure track/No tenure system system total","82","33","49","0","0","0","6","2","4","2","0","2","7","2","5","0","0","0","61","26","35","1","0","1","5","3","2","0","0","0","-2"
"122755","San Jose State University","2013","Not on tenure/no tenure system, lecturers","82","33","49","0","0","0","6","2","4","2","0","2","7","2","5","0","0","0","61","26","35","1","0","1","5","3","2","0","0","0","-2"
"123961","University of Southern California","2013","Tenured total","1161","888","273","2","2","0","165","137","28","27","16","11","40","23","17","0","0","0","880","667","213","12","10","2","32","30","2","3","3","0","-2"
"123961","University of Southern California","2013","Tenured, professors","823","653","170","2","2","0","102","84","18","13","13","0","24","16","8","0","0","0","652","510","142","8","7","1","20","19","1","2","2","0","-2"
"123961","University of Southern California","2013","Tenured, associate professors","333","230","103","0","0","0","63","53","10","14","3","11","16","7","9","0","0","0","223","152","71","4","3","1","12","11","1","1","1","0","-2"
"123961","University of Southern California","2013","Tenured, assistant professors","4","4","0","0","0","0","0","0","0","0","0","0","0","0","0","0","0","0","4","4","0","0","0","0","0","0","0","0","0","0","-2"
"123961","University of Southern California","2013","Tenured, lecturers","1","1","0","0","0","0","0","0","0","0","0","0","0","0","0","0","0","0","1","1","0","0","0","0","0","0","0","0","0","0","-2"
"123961","University of Southern California","2013","On-Tenure track total","310","182","128","0","0","0","62","30","32","13","5","8","19","12","7","0","0","0","151","94","57","8","5","3","19","10","9","38","26","12","-2"
"123961","University of Southern California","2013","On-tenure track, professors","8","5","3","0","0","0","2","1","1","0","0","0","1","1","0","0","0","0","2","2","0","0","0","0","1","0","1","2","1","1","-2"
"123961","University of Southern California","2013","On-tenure track, associate professors","10","5","5","0","0","0","4","3","1","3","1","2","0","0","0","0","0","0","3","1","2","0","0","0","0","0","0","0","0","0","-2"
"123961","University of Southern California","2013","On-tenure track, assistant professors","291","171","120","0","0","0","56","26","30","10","4","6","18","11","7","0","0","0","145","90","55","8","5","3","18","10","8","36","25","11","-2"
"123961","University of Southern California","2013","On-tenure track, instructors","1","1","0","0","0","0","0","0","0","0","0","0","0","0","0","0","0","0","1","1","0","0","0","0","0","0","0","0","0","0","-2"
"123961","University of Southern California","2013","Not on tenure track/No tenure system system total","675","337","338","0","0","0","70","28","42","20","7","13","42","16","26","0","0","0","464","242","222","15","8","7","37","17","20","27","19","8","-2"
"123961","University of Southern California","2013","Not on tenure/no tenure system, professors","93","54","39","0","0","0","8","4","4","4","1","3","4","3","1","0","0","0","75","44","31","1","1","0","0","0","0","1","1","0","-2"
"123961","University of Southern California","2013","Not on tenure/no tenure system, associate professors","105","69","36","0","0","0","14","7","7","6","3","3","4","1","3","0","0","0","75","52","23","2","2","0","3","3","0","1","1","0","-2"
"123961","University of Southern California","2013","Not on tenure/no tenure system, assistant professors","115","52","63","0","0","0","13","4","9","6","1","5","8","4","4","0","0","0","70","31","39","2","0","2","7","4","3","9","8","1","-2"
"123961","University of Southern California","2013","Not on tenure/no tenure system, instructors","28","8","20","0","0","0","3","0","3","1","1","0","2","2","0","0","0","0","22","5","17","0","0","0","0","0","0","0","0","0","-2"
"123961","University of Southern California","2013","Not on tenure/no tenure system, lecturers","334","154","180","0","0","0","32","13","19","3","1","2","24","6","18","0","0","0","222","110","112","10","5","5","27","10","17","16","9","7","-2"
"126614","University of Colorado Boulder","2013","Tenured total","814","575","239","5","2","3","82","49","33","12","7","5","45","32","13","0","0","0","664","480","184","0","0","0","0","0","0","6","5","1","-2"
"126614","University of Colorado Boulder","2013","Tenured, professors","461","355","106","3","2","1","36","24","12","5","4","1","23","18","5","0","0","0","391","304","87","0","0","0","0","0","0","3","3","0","-2"
"126614","University of Colorado Boulder","2013","Tenured, associate professors","349","217","132","2","0","2","44","24","20","7","3","4","22","14","8","0","0","0","271","174","97","0","0","0","0","0","0","3","2","1","-2"
"126614","University of Colorado Boulder","2013","Tenured, assistant professors","4","3","1","0","0","0","2","1","1","0","0","0","0","0","0","0","0","0","2","2","0","0","0","0","0","0","0","0","0","0","-2"
"126614","University of Colorado Boulder","2013","On-Tenure track total","277","159","118","1","0","1","47","23","24","12","5","7","21","13","8","0","0","0","182","109","73","4","1","3","0","0","0","10","8","2","-2"
"126614","University of Colorado Boulder","2013","On-tenure track, associate professors","16","11","5","0","0","0","2","1","1","1","0","1","1","0","1","0","0","0","12","10","2","0","0","0","0","0","0","0","0","0","-2"
"126614","University of Colorado Boulder","2013","On-tenure track, assistant professors","261","148","113","1","0","1","45","22","23","11","5","6","20","13","7","0","0","0","170","99","71","4","1","3","0","0","0","10","8","2","-2"
"126614","University of Colorado Boulder","2013","Not on tenure track/No tenure system system total","320","160","160","1","1","0","14","5","9","3","2","1","17","7","10","0","0","0","276","139","137","0","0","0","0","0","0","9","6","3","-2"
"126614","University of Colorado Boulder","2013","Not on tenure/no tenure system, instructors","320","160","160","1","1","0","14","5","9","3","2","1","17","7","10","0","0","0","276","139","137","0","0","0","0","0","0","9","6","3","-2"
"126818","Colorado State University-Fort Collins","2013","Tenured total","743","500","243","2","1","1","52","40","12","7","6","1","31","19","12","0","0","0","642","429","213","4","3","1","0","0","0","5","2","3","-2"
"126818","Colorado State University-Fort Collins","2013","Tenured, professors","394","296","98","1","1","0","24","19","5","3","3","0","14","10","4","0","0","0","350","262","88","1","1","0","0","0","0","1","0","1","-2"
"126818","Colorado State University-Fort Collins","2013","Tenured, associate professors","347","202","145","1","0","1","28","21","7","4","3","1","17","9","8","0","0","0","290","165","125","3","2","1","0","0","0","4","2","2","-2"
"126818","Colorado State University-Fort Collins","2013","Tenured, assistant professors","2","2","0","0","0","0","0","0","0","0","0","0","0","0","0","0","0","0","2","2","0","0","0","0","0","0","0","0","0","0","-2"
"126818","Colorado State University-Fort Collins","2013","On-Tenure track total","253","133","120","0","0","0","22","7","15","4","3","1","20","10","10","0","0","0","154","88","66","2","0","2","31","11","20","20","14","6","-2"
"126818","Colorado State University-Fort Collins","2013","On-tenure track, professors","6","4","2","0","0","0","0","0","0","0","0","0","0","0","0","0","0","0","3","3","0","0","0","0","3","1","2","0","0","0","-2"
"126818","Colorado State University-Fort Collins","2013","On-tenure track, associate professors","14","7","7","0","0","0","1","0","1","0","0","0","0","0","0","0","0","0","11","7","4","0","0","0","2","0","2","0","0","0","-2"
"126818","Colorado State University-Fort Collins","2013","On-tenure track, assistant professors","233","122","111","0","0","0","21","7","14","4","3","1","20","10","10","0","0","0","140","78","62","2","0","2","26","10","16","20","14","6","-2"
"126818","Colorado State University-Fort Collins","2013","Not on tenure track/No tenure system system total","271","104","167","1","1","0","14","5","9","2","2","0","13","6","7","0","0","0","211","77","134","2","0","2","21","9","12","7","4","3","-2"
"126818","Colorado State University-Fort Collins","2013","Not on tenure/no tenure system, professors","3","2","1","0","0","0","1","0","1","0","0","0","0","0","0","0","0","0","2","2","0","0","0","0","0","0","0","0","0","0","-2"
"126818","Colorado State University-Fort Collins","2013","Not on tenure/no tenure system, associate professors","14","8","6","0","0","0","1","1","0","0","0","0","3","2","1","0","0","0","10","5","5","0","0","0","0","0","0","0","0","0","-2"
"126818","Colorado State University-Fort Collins","2013","Not on tenure/no tenure system, assistant professors","86","28","58","1","1","0","5","2","3","2","2","0","5","3","2","0","0","0","64","16","48","1","0","1","2","1","1","6","3","3","-2"
"126818","Colorado State University-Fort Collins","2013","Not on tenure/no tenure system, instructors","168","66","102","0","0","0","7","2","5","0","0","0","5","1","4","0","0","0","135","54","81","1","0","1","19","8","11","1","1","0","-2"
"127060","University of Denver","2013","Tenured total","337","211","126","1","1","0","24","15","9","6","1","5","21","14","7","0","0","0","251","157","94","3","3","0","30","19","11","1","1","0","-2"
"127060","University of Denver","2013","Tenured, professors","163","120","43","1","1","0","7","6","1","2","1","1","8","7","1","0","0","0","127","91","36","1","1","0","16","12","4","1","1","0","-2"
"127060","University of Denver","2013","Tenured, associate professors","174","91","83","0","0","0","17","9","8","4","0","4","13","7","6","0","0","0","124","66","58","2","2","0","14","7","7","0","0","0","-2"
"127060","University of Denver","2013","On-Tenure track total","122","75","47","0","0","0","8","7","1","7","2","5","8","7","1","0","0","0","62","39","23","3","1","2","21","12","9","13","7","6","-2"
"127060","University of Denver","2013","On-tenure track, professors","1","1","0","0","0","0","0","0","0","0","0","0","0","0","0","0","0","0","1","1","0","0","0","0","0","0","0","0","0","0","-2"
"127060","University of Denver","2013","On-tenure track, associate professors","6","3","3","0","0","0","1","1","0","1","0","1","1","1","0","0","0","0","2","1","1","0","0","0","1","0","1","0","0","0","-2"
"127060","University of Denver","2013","On-tenure track, assistant professors","114","71","43","0","0","0","7","6","1","6","2","4","7","6","1","0","0","0","58","37","21","3","1","2","20","12","8","13","7","6","-2"
"127060","University of Denver","2013","On-tenure track, instructors","1","0","1","0","0","0","0","0","0","0","0","0","0","0","0","0","0","0","1","0","1","0","0","0","0","0","0","0","0","0","-2"
"127060","University of Denver","2013","Not on tenure track/No tenure system system total","223","102","121","1","1","0","7","2","5","6","4","2","11","5","6","0","0","0","163","70","93","2","1","1","28","15","13","5","4","1","-2"
"127060","University of Denver","2013","Not on tenure/no tenure system, professors","19","16","3","0","0","0","0","0","0","1","1","0","0","0","0","0","0","0","16","14","2","0","0","0","2","1","1","0","0","0","-2"
"127060","University of Denver","2013","Not on tenure/no tenure system, associate professors","10","5","5","0","0","0","1","1","0","2","2","0","1","1","0","0","0","0","5","1","4","0","0","0","1","0","1","0","0","0","-2"
"127060","University of Denver","2013","Not on tenure/no tenure system, assistant professors","14","2","12","0","0","0","0","0","0","0","0","0","1","1","0","0","0","0","11","0","11","0","0","0","2","1","1","0","0","0","-2"
"127060","University of Denver","2013","Not on tenure/no tenure system, lecturers","180","79","101","1","1","0","6","1","5","3","1","2","9","3","6","0","0","0","131","55","76","2","1","1","23","13","10","5","4","1","-2"
"127565","Metropolitan State University of Denver","2013","Tenured total","276","158","118","2","1","1","21","14","7","13","10","3","28","20","8","0","0","0","203","108","95","6","4","2","3","1","2","0","0","0","-2"
"127565","Metropolitan State University of Denver","2013","Tenured, professors","127","80","47","1","0","1","8","5","3","5","4","1","9","9","0","0","0","0","101","60","41","2","1","1","1","1","0","0","0","0","-2"
"127565","Metropolitan State University of Denver","2013","Tenured, associate professors","146","78","68","1","1","0","13","9","4","8","6","2","18","11","7","0","0","0","100","48","52","4","3","1","2","0","2","0","0","0","-2"
"127565","Metropolitan State University of Denver","2013","Tenured, assistant professors","3","0","3","0","0","0","0","0","0","0","0","0","1","0","1","0","0","0","2","0","2","0","0","0","0","0","0","0","0","0","-2"
"127565","Metropolitan State University of Denver","2013","On-Tenure track total","176","81","95","2","1","1","12","8","4","6","4","2","15","5","10","0","0","0","139","61","78","0","0","0","2","2","0","0","0","0","-2"
"127565","Metropolitan State University of Denver","2013","On-tenure track, professors","1","1","0","0","0","0","0","0","0","0","0","0","0","0","0","0","0","0","1","1","0","0","0","0","0","0","0","0","0","0","-2"
"127565","Metropolitan State University of Denver","2013","On-tenure track, associate professors","3","1","2","0","0","0","0","0","0","0","0","0","0","0","0","0","0","0","3","1","2","0","0","0","0","0","0","0","0","0","-2"
"127565","Metropolitan State University of Denver","2013","On-tenure track, assistant professors","172","79","93","2","1","1","12","8","4","6","4","2","15","5","10","0","0","0","135","59","76","0","0","0","2","2","0","0","0","0","-2"
"127565","Metropolitan State University of Denver","2013","Not on tenure track/No tenure system system total","95","41","54","1","0","1","5","1","4","5","2","3","4","3","1","0","0","0","77","33","44","0","0","0","2","1","1","1","1","0","-2"
"127565","Metropolitan State University of Denver","2013","Not on tenure/no tenure system, instructors","2","1","1","0","0","0","0","0","0","0","0","0","0","0","0","0","0","0","2","1","1","0","0","0","0","0","0","0","0","0","-2"
"127565","Metropolitan State University of Denver","2013","Not on tenure/no tenure system, lecturers","87","39","48","1","0","1","5","1","4","4","1","3","4","3","1","0","0","0","70","32","38","0","0","0","2","1","1","1","1","0","-2"
"127565","Metropolitan State University of Denver","2013","Not on tenure/no tenure system, no academic rank","6","1","5","0","0","0","0","0","0","1","1","0","0","0","0","0","0","0","5","0","5","0","0","0","0","0","0","0","0","0","-2"
"127741","University of Northern Colorado","2013","Tenured total","289","167","122","3","2","1","12","7","5","6","4","2","17","7","10","0","0","0","244","143","101","7","4","3","0","0","0","0","0","0","-2"
"127741","University of Northern Colorado","2013","Tenured, professors","170","101","69","3","2","1","5","3","2","5","3","2","13","5","8","0","0","0","138","85","53","6","3","3","0","0","0","0","0","0","-2"
"127741","University of Northern Colorado","2013","Tenured, associate professors","118","66","52","0","0","0","7","4","3","1","1","0","4","2","2","0","0","0","105","58","47","1","1","0","0","0","0","0","0","0","-2"
"127741","University of Northern Colorado","2013","Tenured, assistant professors","1","0","1","0","0","0","0","0","0","0","0","0","0","0","0","0","0","0","1","0","1","0","0","0","0","0","0","0","0","0","-2"
"127741","University of Northern Colorado","2013","On-Tenure track total","115","56","59","1","1","0","6","2","4","3","2","1","6","3","3","0","0","0","94","45","49","1","1","0","0","0","0","4","2","2","-2"
"127741","University of Northern Colorado","2013","On-tenure track, associate professors","11","4","7","0","0","0","1","0","1","0","0","0","0","0","0","0","0","0","10","4","6","0","0","0","0","0","0","0","0","0","-2"
"127741","University of Northern Colorado","2013","On-tenure track, assistant professors","104","52","52","1","1","0","5","2","3","3","2","1","6","3","3","0","0","0","84","41","43","1","1","0","0","0","0","4","2","2","-2"
"127741","University of Northern Colorado","2013","Not on tenure track/No tenure system system total","100","31","69","0","0","0","3","2","1","0","0","0","8","4","4","0","0","0","87","25","62","1","0","1","0","0","0","1","0","1","-2"
"127741","University of Northern Colorado","2013","Not on tenure/no tenure system, professors","1","1","0","0","0","0","0","0","0","0","0","0","0","0","0","0","0","0","1","1","0","0","0","0","0","0","0","0","0","0","-2"
"127741","University of Northern Colorado","2013","Not on tenure/no tenure system, associate professors","3","1","2","0","0","0","0","0","0","0","0","0","2","1","1","0","0","0","1","0","1","0","0","0","0","0","0","0","0","0","-2"
"127741","University of Northern Colorado","2013","Not on tenure/no tenure system, assistant professors","29","7","22","0","0","0","0","0","0","0","0","0","1","0","1","0","0","0","28","7","21","0","0","0","0","0","0","0","0","0","-2"
"127741","University of Northern Colorado","2013","Not on tenure/no tenure system, instructors","31","8","23","0","0","0","0","0","0","0","0","0","4","3","1","0","0","0","26","5","21","1","0","1","0","0","0","0","0","0","-2"
"127741","University of Northern Colorado","2013","Not on tenure/no tenure system, lecturers","36","14","22","0","0","0","3","2","1","0","0","0","1","0","1","0","0","0","31","12","19","0","0","0","0","0","0","1","0","1","-2"
"128328","United States Air Force Academy","2013","Not on tenure track/No tenure system system total","168","119","49","0","0","0","4","2","2","0","0","0","5","3","2","0","0","0","155","112","43","0","0","0","4","2","2","0","0","0","-2"
"128328","United States Air Force Academy","2013","Not on tenure/no tenure system, professors","61","52","9","0","0","0","0","0","0","0","0","0","0","0","0","0","0","0","61","52","9","0","0","0","0","0","0","0","0","0","-2"
"128328","United States Air Force Academy","2013","Not on tenure/no tenure system, associate professors","34","25","9","0","0","0","0","0","0","0","0","0","1","1","0","0","0","0","30","22","8","0","0","0","3","2","1","0","0","0","-2"
"128328","United States Air Force Academy","2013","Not on tenure/no tenure system, assistant professors","54","35","19","0","0","0","3","1","2","0","0","0","4","2","2","0","0","0","46","32","14","0","0","0","1","0","1","0","0","0","-2"
"128328","United States Air Force Academy","2013","Not on tenure/no tenure system, instructors","19","7","12","0","0","0","1","1","0","0","0","0","0","0","0","0","0","0","18","6","12","0","0","0","0","0","0","0","0","0","-2"
"130776","Western Connecticut State University","2013","Tenured total","146","77","69","1","0","1","11","7","4","5","3","2","7","4","3","0","0","0","114","59","55","0","0","0","8","4","4","0","0","0","-2"
"130776","Western Connecticut State University","2013","Tenured, professors","93","52","41","0","0","0","6","3","3","3","2","1","3","1","2","0","0","0","79","45","34","0","0","0","2","1","1","0","0","0","-2"
"130776","Western Connecticut State University","2013","Tenured, associate professors","44","22","22","0","0","0","5","4","1","2","1","1","4","3","1","0","0","0","28","12","16","0","0","0","5","2","3","0","0","0","-2"
"130776","Western Connecticut State University","2013","Tenured, assistant professors","9","3","6","1","0","1","0","0","0","0","0","0","0","0","0","0","0","0","7","2","5","0","0","0","1","1","0","0","0","0","-2"
"130776","Western Connecticut State University","2013","On-Tenure track total","61","24","37","0","0","0","6","2","4","3","2","1","3","2","1","0","0","0","42","15","27","0","0","0","7","3","4","0","0","0","-2"
"130776","Western Connecticut State University","2013","On-tenure track, professors","1","0","1","0","0","0","0","0","0","0","0","0","0","0","0","0","0","0","1","0","1","0","0","0","0","0","0","0","0","0","-2"
"130776","Western Connecticut State University","2013","On-tenure track, associate professors","13","7","6","0","0","0","1","0","1","1","1","0","0","0","0","0","0","0","10","5","5","0","0","0","1","1","0","0","0","0","-2"
"130776","Western Connecticut State University","2013","On-tenure track, assistant professors","45","16","29","0","0","0","5","2","3","2","1","1","3","2","1","0","0","0","29","9","20","0","0","0","6","2","4","0","0","0","-2"
"130776","Western Connecticut State University","2013","On-tenure track, instructors","2","1","1","0","0","0","0","0","0","0","0","0","0","0","0","0","0","0","2","1","1","0","0","0","0","0","0","0","0","0","-2"
"130776","Western Connecticut State University","2013","Not on tenure track/No tenure system system total","6","2","4","0","0","0","0","0","0","0","0","0","0","0","0","0","0","0","6","2","4","0","0","0","0","0","0","0","0","0","-2"
"130776","Western Connecticut State University","2013","Not on tenure/no tenure system, associate professors","2","1","1","0","0","0","0","0","0","0","0","0","0","0","0","0","0","0","2","1","1","0","0","0","0","0","0","0","0","0","-2"
"130776","Western Connecticut State University","2013","Not on tenure/no tenure system, assistant professors","2","0","2","0","0","0","0","0","0","0","0","0","0","0","0","0","0","0","2","0","2","0","0","0","0","0","0","0","0","0","-2"
"130776","Western Connecticut State University","2013","Not on tenure/no tenure system, instructors","2","1","1","0","0","0","0","0","0","0","0","0","0","0","0","0","0","0","2","1","1","0","0","0","0","0","0","0","0","0","-2"
"130794","Yale University","2013","Tenured total","986","746","240","1","1","0","85","63","22","25","17","8","22","16","6","1","1","0","804","615","189","1","0","1","37","27","10","10","6","4","-2"
"130794","Yale University","2013","Tenured, professors","906","702","204","1","1","0","74","56","18","24","16","8","20","16","4","1","1","0","746","583","163","0","0","0","33","24","9","7","5","2","-2"
"130794","Yale University","2013","Tenured, associate professors","80","44","36","0","0","0","11","7","4","1","1","0","2","0","2","0","0","0","58","32","26","1","0","1","4","3","1","3","1","2","-2"
"130794","Yale University","2013","On-Tenure track total","1027","594","433","2","1","1","164","92","72","43","23","20","35","18","17","3","0","3","589","348","241","2","1","1","131","74","57","58","37","21","-2"
"130794","Yale University","2013","On-tenure track, associate professors","311","198","113","2","1","1","59","37","22","12","2","10","12","9","3","1","0","1","200","133","67","2","1","1","15","8","7","8","7","1","-2"
"130794","Yale University","2013","On-tenure track, assistant professors","714","394","320","0","0","0","105","55","50","31","21","10","23","9","14","2","0","2","388","214","174","0","0","0","115","65","50","50","30","20","-2"
"130794","Yale University","2013","On-tenure track, lecturers","2","2","0","0","0","0","0","0","0","0","0","0","0","0","0","0","0","0","1","1","0","0","0","0","1","1","0","0","0","0","-2"
"130794","Yale University","2013","Not on tenure track/No tenure system system total","500","243","257","0","0","0","59","29","30","15","7","8","20","5","15","0","0","0","282","138","144","2","0","2","73","40","33","49","24","25","-2"
"130794","Yale University","2013","Not on tenure/no tenure system, professors","68","49","19","0","0","0","4","3","1","1","1","0","0","0","0","0","0","0","61","43","18","0","0","0","2","2","0","0","0","0","-2"
"130794","Yale University","2013","Not on tenure/no tenure system, associate professors","24","9","15","0","0","0","1","1","0","2","0","2","0","0","0","0","0","0","17","6","11","0","0","0","1","0","1","3","2","1","-2"
"130794","Yale University","2013","Not on tenure/no tenure system, assistant professors","21","15","6","0","0","0","0","0","0","0","0","0","0","0","0","0","0","0","8","4","4","0","0","0","4","3","1","9","8","1","-2"
"130794","Yale University","2013","Not on tenure/no tenure system, lecturers","387","170","217","0","0","0","54","25","29","12","6","6","20","5","15","0","0","0","196","85","111","2","0","2","66","35","31","37","14","23","-2"
"130934","Delaware State University","2013","Tenured total","116","74","42","1","1","0","21","17","4","45","24","21","3","2","1","0","0","0","42","26","16","2","2","0","1","1","0","1","1","0","-2"
"130934","Delaware State University","2013","Tenured, professors","40","30","10","1","1","0","8","7","1","16","13","3","0","0","0","0","0","0","14","8","6","0","0","0","1","1","0","0","0","0","-2"
"130934","Delaware State University","2013","Tenured, associate professors","74","44","30","0","0","0","13","10","3","27","11","16","3","2","1","0","0","0","28","18","10","2","2","0","0","0","0","1","1","0","-2"
"130934","Delaware State University","2013","Tenured, assistant professors","2","0","2","0","0","0","0","0","0","2","0","2","0","0","0","0","0","0","0","0","0","0","0","0","0","0","0","0","0","0","-2"
"130934","Delaware State University","2013","On-Tenure track total","67","42","25","1","0","1","19","13","6","19","11","8","2","2","0","0","0","0","25","15","10","0","0","0","1","1","0","0","0","0","-2"
"130934","Delaware State University","2013","On-tenure track, professors","2","1","1","0","0","0","0","0","0","0","0","0","0","0","0","0","0","0","2","1","1","0","0","0","0","0","0","0","0","0","-2"
"130934","Delaware State University","2013","On-tenure track, associate professors","26","13","13","1","0","1","6","2","4","10","6","4","0","0","0","0","0","0","9","5","4","0","0","0","0","0","0","0","0","0","-2"
"130934","Delaware State University","2013","On-tenure track, assistant professors","39","28","11","0","0","0","13","11","2","9","5","4","2","2","0","0","0","0","14","9","5","0","0","0","1","1","0","0","0","0","-2"
"130934","Delaware State University","2013","Not on tenure track/No tenure system system total","32","12","20","0","0","0","7","4","3","14","6","8","1","0","1","0","0","0","10","2","8","0","0","0","0","0","0","0","0","0","-2"
"130934","Delaware State University","2013","Not on tenure/no tenure system, professors","3","1","2","0","0","0","0","0","0","1","1","0","0","0","0","0","0","0","2","0","2","0","0","0","0","0","0","0","0","0","-2"
"130934","Delaware State University","2013","Not on tenure/no tenure system, associate professors","4","3","1","0","0","0","0","0","0","2","2","0","0","0","0","0","0","0","2","1","1","0","0","0","0","0","0","0","0","0","-2"
"130934","Delaware State University","2013","Not on tenure/no tenure system, assistant professors","14","5","9","0","0","0","4","2","2","7","2","5","0","0","0","0","0","0","3","1","2","0","0","0","0","0","0","0","0","0","-2"
"130934","Delaware State University","2013","Not on tenure/no tenure system, instructors","6","2","4","0","0","0","1","1","0","4","1","3","0","0","0","0","0","0","1","0","1","0","0","0","0","0","0","0","0","0","-2"
"130934","Delaware State University","2013","Not on tenure/no tenure system, lecturers","5","1","4","0","0","0","2","1","1","0","0","0","1","0","1","0","0","0","2","0","2","0","0","0","0","0","0","0","0","0","-2"
"130943","University of Delaware","2013","Tenured total","670","456","214","0","0","0","80","63","17","29","15","14","21","14","7","0","0","0","538","363","175","0","0","0","0","0","0","2","1","1","-2"
"130943","University of Delaware","2013","Tenured, professors","381","280","101","0","0","0","43","38","5","12","6","6","10","10","0","0","0","0","316","226","90","0","0","0","0","0","0","0","0","0","-2"
"130943","University of Delaware","2013","Tenured, associate professors","289","176","113","0","0","0","37","25","12","17","9","8","11","4","7","0","0","0","222","137","85","0","0","0","0","0","0","2","1","1","-2"
"130943","University of Delaware","2013","On-Tenure track total","166","82","84","0","0","0","34","15","19","8","1","7","5","4","1","0","0","0","108","55","53","2","0","2","2","1","1","7","6","1","-2"
"130943","University of Delaware","2013","On-tenure track, associate professors","5","2","3","0","0","0","0","0","0","0","0","0","0","0","0","0","0","0","5","2","3","0","0","0","0","0","0","0","0","0","-2"
"130943","University of Delaware","2013","On-tenure track, assistant professors","161","80","81","0","0","0","34","15","19","8","1","7","5","4","1","0","0","0","103","53","50","2","0","2","2","1","1","7","6","1","-2"
"130943","University of Delaware","2013","Not on tenure track/No tenure system system total","276","126","150","3","1","2","16","11","5","9","4","5","10","2","8","0","0","0","232","104","128","1","0","1","0","0","0","5","4","1","-2"
"130943","University of Delaware","2013","Not on tenure/no tenure system, professors","7","5","2","0","0","0","1","1","0","0","0","0","0","0","0","0","0","0","6","4","2","0","0","0","0","0","0","0","0","0","-2"
"130943","University of Delaware","2013","Not on tenure/no tenure system, associate professors","47","26","21","0","0","0","3","3","0","2","1","1","0","0","0","0","0","0","41","21","20","0","0","0","0","0","0","1","1","0","-2"
"130943","University of Delaware","2013","Not on tenure/no tenure system, assistant professors","124","62","62","1","0","1","10","7","3","6","3","3","6","2","4","0","0","0","98","48","50","0","0","0","0","0","0","3","2","1","-2"
"130943","University of Delaware","2013","Not on tenure/no tenure system, instructors","98","33","65","2","1","1","2","0","2","1","0","1","4","0","4","0","0","0","87","31","56","1","0","1","0","0","0","1","1","0","-2"
"131520","Howard University","2013","Tenured total","412","271","141","2","1","1","40","34","6","250","159","91","10","1","9","0","0","0","72","48","24","0","0","0","38","28","10","0","0","0","-2"
"131520","Howard University","2013","Tenured, professors","181","137","44","2","1","1","20","19","1","107","81","26","3","1","2","0","0","0","33","23","10","0","0","0","16","12","4","0","0","0","-2"
"131520","Howard University","2013","Tenured, associate professors","226","131","95","0","0","0","19","14","5","140","76","64","6","0","6","0","0","0","39","25","14","0","0","0","22","16","6","0","0","0","-2"
"131520","Howard University","2013","Tenured, assistant professors","4","3","1","0","0","0","1","1","0","2","2","0","1","0","1","0","0","0","0","0","0","0","0","0","0","0","0","0","0","0","-2"
"131520","Howard University","2013","Tenured, instructors","1","0","1","0","0","0","0","0","0","1","0","1","0","0","0","0","0","0","0","0","0","0","0","0","0","0","0","0","0","0","-2"
"131520","Howard University","2013","On-Tenure track total","122","54","68","0","0","0","16","8","8","76","32","44","3","0","3","0","0","0","19","10","9","0","0","0","8","4","4","0","0","0","-2"
"131520","Howard University","2013","On-tenure track, professors","10","4","6","0","0","0","1","0","1","7","4","3","0","0","0","0","0","0","2","0","2","0","0","0","0","0","0","0","0","0","-2"
"131520","Howard University","2013","On-tenure track, associate professors","109","50","59","0","0","0","15","8","7","66","28","38","3","0","3","0","0","0","17","10","7","0","0","0","8","4","4","0","0","0","-2"
"131520","Howard University","2013","On-tenure track, assistant professors","3","0","3","0","0","0","0","0","0","3","0","3","0","0","0","0","0","0","0","0","0","0","0","0","0","0","0","0","0","0","-2"
"131520","Howard University","2013","Not on tenure track/No tenure system system total","397","212","185","4","3","1","38","22","16","251","123","128","7","3","4","1","0","1","46","31","15","0","0","0","50","30","20","0","0","0","-2"
"131520","Howard University","2013","Not on tenure/no tenure system, professors","56","42","14","0","0","0","10","7","3","30","22","8","0","0","0","0","0","0","13","11","2","0","0","0","3","2","1","0","0","0","-2"
"131520","Howard University","2013","Not on tenure/no tenure system, associate professors","67","34","33","1","1","0","6","3","3","40","16","24","0","0","0","1","0","1","7","6","1","0","0","0","12","8","4","0","0","0","-2"
"131520","Howard University","2013","Not on tenure/no tenure system, assistant professors","143","75","68","1","1","0","16","10","6","92","43","49","2","1","1","0","0","0","12","8","4","0","0","0","20","12","8","0","0","0","-2"
"131520","Howard University","2013","Not on tenure/no tenure system, instructors","69","29","40","2","1","1","4","2","2","46","16","30","0","0","0","0","0","0","9","4","5","0","0","0","8","6","2","0","0","0","-2"
"131520","Howard University","2013","Not on tenure/no tenure system, lecturers","62","32","30","0","0","0","2","0","2","43","26","17","5","2","3","0","0","0","5","2","3","0","0","0","7","2","5","0","0","0","-2"
"133553","Embry-Riddle Aeronautical University-Daytona Beach","2013","Tenured total","119","97","22","0","0","0","15","13","2","2","1","1","0","0","0","0","0","0","99","81","18","0","0","0","2","2","0","1","0","1","-2"
"133553","Embry-Riddle Aeronautical University-Daytona Beach","2013","Tenured, professors","62","56","6","0","0","0","8","6","2","1","1","0","0","0","0","0","0","0","51","47","4","0","0","0","2","2","0","0","0","0","-2"
"133553","Embry-Riddle Aeronautical University-Daytona Beach","2013","Tenured, associate professors","57","41","16","0","0","0","7","7","0","1","0","1","0","0","0","0","0","0","48","34","14","0","0","0","0","0","0","1","0","1","-2"
"133553","Embry-Riddle Aeronautical University-Daytona Beach","2013","On-Tenure track total","59","41","18","0","0","0","3","2","1","0","0","0","2","0","2","0","0","0","30","22","8","0","0","0","15","13","2","9","4","5","-2"
"133553","Embry-Riddle Aeronautical University-Daytona Beach","2013","On-tenure track, professors","1","1","0","0","0","0","0","0","0","0","0","0","0","0","0","0","0","0","1","1","0","0","0","0","0","0","0","0","0","0","-2"
"133553","Embry-Riddle Aeronautical University-Daytona Beach","2013","On-tenure track, associate professors","14","12","2","0","0","0","3","2","1","0","0","0","0","0","0","0","0","0","7","6","1","0","0","0","4","4","0","0","0","0","-2"
"133553","Embry-Riddle Aeronautical University-Daytona Beach","2013","On-tenure track, assistant professors","44","28","16","0","0","0","0","0","0","0","0","0","2","0","2","0","0","0","22","15","7","0","0","0","11","9","2","9","4","5","-2"
"133553","Embry-Riddle Aeronautical University-Daytona Beach","2013","Not on tenure track/No tenure system system total","105","77","28","2","2","0","2","1","1","3","2","1","6","5","1","1","1","0","77","56","21","0","0","0","9","6","3","5","4","1","-2"
"133553","Embry-Riddle Aeronautical University-Daytona Beach","2013","Not on tenure/no tenure system, professors","4","4","0","0","0","0","0","0","0","0","0","0","0","0","0","0","0","0","4","4","0","0","0","0","0","0","0","0","0","0","-2"
"133553","Embry-Riddle Aeronautical University-Daytona Beach","2013","Not on tenure/no tenure system, associate professors","25","20","5","0","0","0","1","1","0","2","2","0","1","1","0","0","0","0","21","16","5","0","0","0","0","0","0","0","0","0","-2"
"133553","Embry-Riddle Aeronautical University-Daytona Beach","2013","Not on tenure/no tenure system, assistant professors","52","39","13","1","1","0","1","0","1","0","0","0","5","4","1","1","1","0","33","25","8","0","0","0","6","4","2","5","4","1","-2"
"133553","Embry-Riddle Aeronautical University-Daytona Beach","2013","Not on tenure/no tenure system, instructors","18","9","9","0","0","0","0","0","0","0","0","0","0","0","0","0","0","0","16","8","8","0","0","0","2","1","1","0","0","0","-2"
"133553","Embry-Riddle Aeronautical University-Daytona Beach","2013","Not on tenure/no tenure system, no academic rank","6","5","1","1","1","0","0","0","0","1","0","1","0","0","0","0","0","0","3","3","0","0","0","0","1","1","0","0","0","0","-2"
"133650","Florida Agricultural and Mechanical University","2013","Tenured total","253","165","88","0","0","0","15","11","4","175","111","64","6","3","3","0","0","0","48","34","14","2","0","2","0","0","0","7","6","1","-2"
"133650","Florida Agricultural and Mechanical University","2013","Tenured, professors","136","102","34","0","0","0","13","10","3","90","67","23","1","0","1","0","0","0","26","21","5","1","0","1","0","0","0","5","4","1","-2"
"133650","Florida Agricultural and Mechanical University","2013","Tenured, associate professors","109","56","53","0","0","0","2","1","1","77","37","40","5","3","2","0","0","0","22","13","9","1","0","1","0","0","0","2","2","0","-2"
"133650","Florida Agricultural and Mechanical University","2013","Tenured, assistant professors","8","7","1","0","0","0","0","0","0","8","7","1","0","0","0","0","0","0","0","0","0","0","0","0","0","0","0","0","0","0","-2"
"133650","Florida Agricultural and Mechanical University","2013","On-Tenure track total","135","56","79","0","0","0","5","4","1","84","29","55","3","0","3","0","0","0","25","12","13","3","2","1","0","0","0","15","9","6","-2"
"133650","Florida Agricultural and Mechanical University","2013","On-tenure track, professors","6","4","2","0","0","0","0","0","0","3","2","1","0","0","0","0","0","0","2","1","1","0","0","0","0","0","0","1","1","0","-2"
"133650","Florida Agricultural and Mechanical University","2013","On-tenure track, associate professors","54","21","33","0","0","0","3","3","0","31","8","23","2","0","2","0","0","0","11","4","7","1","1","0","0","0","0","6","5","1","-2"
"133650","Florida Agricultural and Mechanical University","2013","On-tenure track, assistant professors","71","30","41","0","0","0","2","1","1","47","19","28","1","0","1","0","0","0","11","6","5","2","1","1","0","0","0","8","3","5","-2"
"133650","Florida Agricultural and Mechanical University","2013","On-tenure track, instructors","4","1","3","0","0","0","0","0","0","3","0","3","0","0","0","0","0","0","1","1","0","0","0","0","0","0","0","0","0","0","-2"
"133650","Florida Agricultural and Mechanical University","2013","Not on tenure track/No tenure system system total","162","76","86","0","0","0","5","3","2","120","53","67","3","1","2","0","0","0","21","12","9","5","2","3","0","0","0","8","5","3","-2"
"133650","Florida Agricultural and Mechanical University","2013","Not on tenure/no tenure system, professors","4","3","1","0","0","0","0","0","0","1","1","0","0","0","0","0","0","0","2","2","0","1","0","1","0","0","0","0","0","0","-2"
"133650","Florida Agricultural and Mechanical University","2013","Not on tenure/no tenure system, associate professors","12","5","7","0","0","0","0","0","0","6","3","3","0","0","0","0","0","0","2","1","1","3","1","2","0","0","0","1","0","1","-2"
"133650","Florida Agricultural and Mechanical University","2013","Not on tenure/no tenure system, assistant professors","74","40","34","0","0","0","5","3","2","57","29","28","1","1","0","0","0","0","6","3","3","1","1","0","0","0","0","4","3","1","-2"
"133650","Florida Agricultural and Mechanical University","2013","Not on tenure/no tenure system, instructors","71","27","44","0","0","0","0","0","0","56","20","36","2","0","2","0","0","0","10","5","5","0","0","0","0","0","0","3","2","1","-2"
"133650","Florida Agricultural and Mechanical University","2013","Not on tenure/no tenure system, lecturers","1","1","0","0","0","0","0","0","0","0","0","0","0","0","0","0","0","0","1","1","0","0","0","0","0","0","0","0","0","0","-2"
"133881","Florida Institute of Technology","2013","Not on tenure track/No tenure system system total","264","204","60","1","1","0","25","23","2","5","2","3","11","6","5","0","0","0","175","135","40","1","0","1","14","12","2","32","25","7","-2"
"133881","Florida Institute of Technology","2013","Not on tenure/no tenure system, professors","79","70","9","0","0","0","10","10","0","0","0","0","2","1","1","0","0","0","55","50","5","0","0","0","3","2","1","9","7","2","-2"
"133881","Florida Institute of Technology","2013","Not on tenure/no tenure system, associate professors","89","77","12","1","1","0","5","5","0","1","1","0","3","2","1","0","0","0","61","50","11","0","0","0","6","6","0","12","12","0","-2"
"133881","Florida Institute of Technology","2013","Not on tenure/no tenure system, assistant professors","76","47","29","0","0","0","10","8","2","2","1","1","6","3","3","0","0","0","45","27","18","1","0","1","3","3","0","9","5","4","-2"
"133881","Florida Institute of Technology","2013","Not on tenure/no tenure system, instructors","20","10","10","0","0","0","0","0","0","2","0","2","0","0","0","0","0","0","14","8","6","0","0","0","2","1","1","2","1","1","-2"
"133951","Florida International University","2013","Tenured total","465","321","144","2","1","1","88","74","14","31","17","14","63","48","15","0","0","0","273","174","99","0","0","0","0","0","0","8","7","1","-2"
"133951","Florida International University","2013","Tenured, professors","228","175","53","1","0","1","40","37","3","9","7","2","41","33","8","0","0","0","135","96","39","0","0","0","0","0","0","2","2","0","-2"
"133951","Florida International University","2013","Tenured, associate professors","235","146","89","1","1","0","48","37","11","22","10","12","21","15","6","0","0","0","137","78","59","0","0","0","0","0","0","6","5","1","-2"
"133951","Florida International University","2013","Tenured, assistant professors","2","0","2","0","0","0","0","0","0","0","0","0","1","0","1","0","0","0","1","0","1","0","0","0","0","0","0","0","0","0","-2"
"133951","Florida International University","2013","On-Tenure track total","241","138","103","2","1","1","43","32","11","11","3","8","20","10","10","0","0","0","121","67","54","0","0","0","0","0","0","44","25","19","-2"
"133951","Florida International University","2013","On-tenure track, professors","2","1","1","0","0","0","0","0","0","0","0","0","1","1","0","0","0","0","1","0","1","0","0","0","0","0","0","0","0","0","-2"
"133951","Florida International University","2013","On-tenure track, associate professors","18","11","7","0","0","0","3","2","1","1","0","1","1","1","0","0","0","0","9","4","5","0","0","0","0","0","0","4","4","0","-2"
"133951","Florida International University","2013","On-tenure track, assistant professors","221","126","95","2","1","1","40","30","10","10","3","7","18","8","10","0","0","0","111","63","48","0","0","0","0","0","0","40","21","19","-2"
"133951","Florida International University","2013","Not on tenure track/No tenure system system total","472","225","247","0","0","0","26","14","12","36","14","22","110","44","66","0","0","0","254","125","129","3","3","0","0","0","0","43","25","18","-2"
"133951","Florida International University","2013","Not on tenure/no tenure system, professors","26","18","8","0","0","0","4","3","1","0","0","0","4","2","2","0","0","0","15","10","5","0","0","0","0","0","0","3","3","0","-2"
"133951","Florida International University","2013","Not on tenure/no tenure system, associate professors","30","17","13","0","0","0","0","0","0","6","2","4","10","5","5","0","0","0","12","8","4","0","0","0","0","0","0","2","2","0","-2"
"133951","Florida International University","2013","Not on tenure/no tenure system, assistant professors","119","42","77","0","0","0","7","3","4","8","1","7","28","9","19","0","0","0","56","17","39","1","1","0","0","0","0","19","11","8","-2"
"133951","Florida International University","2013","Not on tenure/no tenure system, instructors","225","115","110","0","0","0","12","6","6","17","9","8","47","20","27","0","0","0","130","70","60","1","1","0","0","0","0","18","9","9","-2"
"133951","Florida International University","2013","Not on tenure/no tenure system, lecturers","48","22","26","0","0","0","2","1","1","4","2","2","13","5","8","0","0","0","28","14","14","0","0","0","0","0","0","1","0","1","-2"
"133951","Florida International University","2013","Not on tenure/no tenure system, no academic rank","24","11","13","0","0","0","1","1","0","1","0","1","8","3","5","0","0","0","13","6","7","1","1","0","0","0","0","0","0","0","-2"
"133979","Florida Memorial University","2013","Tenured total","33","20","13","0","0","0","5","5","0","16","8","8","2","2","0","0","0","0","10","5","5","0","0","0","0","0","0","0","0","0","-2"
"133979","Florida Memorial University","2013","Tenured, professors","8","5","3","0","0","0","2","2","0","4","2","2","0","0","0","0","0","0","2","1","1","0","0","0","0","0","0","0","0","0","-2"
"133979","Florida Memorial University","2013","Tenured, associate professors","25","15","10","0","0","0","3","3","0","12","6","6","2","2","0","0","0","0","8","4","4","0","0","0","0","0","0","0","0","0","-2"
"133979","Florida Memorial University","2013","On-Tenure track total","39","26","13","0","0","0","3","2","1","26","19","7","3","0","3","0","0","0","7","5","2","0","0","0","0","0","0","0","0","0","-2"
"133979","Florida Memorial University","2013","On-tenure track, associate professors","13","10","3","0","0","0","0","0","0","10","8","2","1","0","1","0","0","0","2","2","0","0","0","0","0","0","0","0","0","0","-2"
"133979","Florida Memorial University","2013","On-tenure track, assistant professors","26","16","10","0","0","0","3","2","1","16","11","5","2","0","2","0","0","0","5","3","2","0","0","0","0","0","0","0","0","0","-2"
"133979","Florida Memorial University","2013","Not on tenure track/No tenure system system total","12","9","3","0","0","0","1","1","0","7","5","2","3","2","1","0","0","0","1","1","0","0","0","0","0","0","0","0","0","0","-2"
"133979","Florida Memorial University","2013","Not on tenure/no tenure system, instructors","12","9","3","0","0","0","1","1","0","7","5","2","3","2","1","0","0","0","1","1","0","0","0","0","0","0","0","0","0","0","-2"
"134097","Florida State University","2013","Tenured total","768","537","231","2","2","0","87","68","19","30","15","15","30","21","9","0","0","0","616","430","186","2","0","2","0","0","0","1","1","0","-2"
"134097","Florida State University","2013","Tenured, professors","437","334","103","0","0","0","37","30","7","16","9","7","15","11","4","0","0","0","368","284","84","1","0","1","0","0","0","0","0","0","-2"
"134097","Florida State University","2013","Tenured, associate professors","308","183","125","2","2","0","46","34","12","14","6","8","14","9","5","0","0","0","230","131","99","1","0","1","0","0","0","1","1","0","-2"
"134097","Florida State University","2013","Tenured, no academic rank","23","20","3","0","0","0","4","4","0","0","0","0","1","1","0","0","0","0","18","15","3","0","0","0","0","0","0","0","0","0","-2"
"134097","Florida State University","2013","On-Tenure track total","256","153","103","0","0","0","37","22","15","14","3","11","16","9","7","0","0","0","159","100","59","5","1","4","0","0","0","25","18","7","-2"
"134097","Florida State University","2013","On-tenure track, professors","2","1","1","0","0","0","1","0","1","0","0","0","0","0","0","0","0","0","1","1","0","0","0","0","0","0","0","0","0","0","-2"
"134097","Florida State University","2013","On-tenure track, associate professors","17","10","7","0","0","0","4","2","2","0","0","0","2","1","1","0","0","0","11","7","4","0","0","0","0","0","0","0","0","0","-2"
"134097","Florida State University","2013","On-tenure track, assistant professors","236","141","95","0","0","0","31","19","12","14","3","11","14","8","6","0","0","0","147","92","55","5","1","4","0","0","0","25","18","7","-2"
"134097","Florida State University","2013","On-tenure track, no academic rank","1","1","0","0","0","0","1","1","0","0","0","0","0","0","0","0","0","0","0","0","0","0","0","0","0","0","0","0","0","0","-2"
"134097","Florida State University","2013","Not on tenure track/No tenure system system total","335","154","181","1","1","0","12","4","8","18","5","13","16","7","9","0","0","0","279","132","147","1","0","1","0","0","0","8","5","3","-2"
"134097","Florida State University","2013","Not on tenure/no tenure system, professors","15","11","4","0","0","0","0","0","0","1","0","1","0","0","0","0","0","0","13","10","3","0","0","0","0","0","0","1","1","0","-2"
"134097","Florida State University","2013","Not on tenure/no tenure system, associate professors","25","16","9","0","0","0","1","0","1","2","1","1","2","1","1","0","0","0","20","14","6","0","0","0","0","0","0","0","0","0","-2"
"134097","Florida State University","2013","Not on tenure/no tenure system, assistant professors","47","24","23","0","0","0","2","1","1","4","1","3","4","2","2","0","0","0","34","18","16","0","0","0","0","0","0","3","2","1","-2"
"134097","Florida State University","2013","Not on tenure/no tenure system, instructors","13","4","9","0","0","0","0","0","0","1","0","1","0","0","0","0","0","0","11","3","8","0","0","0","0","0","0","1","1","0","-2"
"134097","Florida State University","2013","Not on tenure/no tenure system, lecturers","1","0","1","0","0","0","0","0","0","0","0","0","0","0","0","0","0","0","1","0","1","0","0","0","0","0","0","0","0","0","-2"
"134097","Florida State University","2013","Not on tenure/no tenure system, no academic rank","234","99","135","1","1","0","9","3","6","10","3","7","10","4","6","0","0","0","200","87","113","1","0","1","0","0","0","3","1","2","-2"
"135726","University of Miami","2013","Tenured total","868","655","213","4","4","0","99","79","20","21","12","9","99","70","29","0","0","0","637","482","155","2","2","0","4","4","0","2","2","0","-2"
"135726","University of Miami","2013","Tenured, professors","597","492","105","2","2","0","60","50","10","9","7","2","68","52","16","0","0","0","452","375","77","2","2","0","3","3","0","1","1","0","-2"
"135726","University of Miami","2013","Tenured, associate professors","270","162","108","2","2","0","39","29","10","12","5","7","31","18","13","0","0","0","184","106","78","0","0","0","1","1","0","1","1","0","-2"
"135726","University of Miami","2013","Tenured, assistant professors","1","1","0","0","0","0","0","0","0","0","0","0","0","0","0","0","0","0","1","1","0","0","0","0","0","0","0","0","0","0","-2"
"135726","University of Miami","2013","On-Tenure track total","226","154","72","0","0","0","40","30","10","8","5","3","23","16","7","1","0","1","122","76","46","2","1","1","0","0","0","30","26","4","-2"
"135726","University of Miami","2013","On-tenure track, professors","4","4","0","0","0","0","0","0","0","0","0","0","1","1","0","0","0","0","3","3","0","0","0","0","0","0","0","0","0","0","-2"
"135726","University of Miami","2013","On-tenure track, associate professors","57","39","18","0","0","0","8","8","0","2","1","1","7","6","1","1","0","1","36","22","14","1","0","1","0","0","0","2","2","0","-2"
"135726","University of Miami","2013","On-tenure track, assistant professors","165","111","54","0","0","0","32","22","10","6","4","2","15","9","6","0","0","0","83","51","32","1","1","0","0","0","0","28","24","4","-2"
"135726","University of Miami","2013","Not on tenure track/No tenure system system total","475","222","253","0","0","0","36","15","21","21","7","14","102","40","62","0","0","0","282","140","142","11","6","5","2","0","2","21","14","7","-2"
"135726","University of Miami","2013","Not on tenure/no tenure system, professors","12","9","3","0","0","0","1","1","0","1","0","1","2","2","0","0","0","0","8","6","2","0","0","0","0","0","0","0","0","0","-2"
"135726","University of Miami","2013","Not on tenure/no tenure system, associate professors","17","8","9","0","0","0","3","2","1","1","0","1","2","1","1","0","0","0","10","4","6","0","0","0","0","0","0","1","1","0","-2"
"135726","University of Miami","2013","Not on tenure/no tenure system, assistant professors","77","35","42","0","0","0","3","1","2","7","1","6","13","6","7","0","0","0","43","19","24","2","1","1","0","0","0","9","7","2","-2"
"135726","University of Miami","2013","Not on tenure/no tenure system, instructors","82","43","39","0","0","0","18","9","9","4","2","2","21","11","10","0","0","0","31","17","14","1","0","1","1","0","1","6","4","2","-2"
"135726","University of Miami","2013","Not on tenure/no tenure system, lecturers","287","127","160","0","0","0","11","2","9","8","4","4","64","20","44","0","0","0","190","94","96","8","5","3","1","0","1","5","2","3","-2"
"137351","University of South Florida-Main Campus","2013","Tenured total","715","466","249","4","2","2","80","62","18","39","20","19","33","18","15","0","0","0","550","359","191","0","0","0","0","0","0","9","5","4","-2"
"137351","University of South Florida-Main Campus","2013","Tenured, professors","363","265","98","4","2","2","39","36","3","12","10","2","16","11","5","0","0","0","291","206","85","0","0","0","0","0","0","1","0","1","-2"
"137351","University of South Florida-Main Campus","2013","Tenured, associate professors","347","197","150","0","0","0","41","26","15","27","10","17","16","6","10","0","0","0","255","150","105","0","0","0","0","0","0","8","5","3","-2"
"137351","University of South Florida-Main Campus","2013","Tenured, assistant professors","5","4","1","0","0","0","0","0","0","0","0","0","1","1","0","0","0","0","4","3","1","0","0","0","0","0","0","0","0","0","-2"
"137351","University of South Florida-Main Campus","2013","On-Tenure track total","293","161","132","0","0","0","51","30","21","24","9","15","9","5","4","0","0","0","174","97","77","2","0","2","0","0","0","33","20","13","-2"
"137351","University of South Florida-Main Campus","2013","On-tenure track, professors","14","14","0","0","0","0","0","0","0","1","1","0","2","2","0","0","0","0","11","11","0","0","0","0","0","0","0","0","0","0","-2"
"137351","University of South Florida-Main Campus","2013","On-tenure track, associate professors","29","24","5","0","0","0","5","5","0","4","1","3","0","0","0","0","0","0","20","18","2","0","0","0","0","0","0","0","0","0","-2"
"137351","University of South Florida-Main Campus","2013","On-tenure track, assistant professors","250","123","127","0","0","0","46","25","21","19","7","12","7","3","4","0","0","0","143","68","75","2","0","2","0","0","0","33","20","13","-2"
"137351","University of South Florida-Main Campus","2013","Not on tenure track/No tenure system system total","842","413","429","2","1","1","85","48","37","45","22","23","77","42","35","0","0","0","582","272","310","1","0","1","0","0","0","50","28","22","-2"
"137351","University of South Florida-Main Campus","2013","Not on tenure/no tenure system, professors","41","34","7","0","0","0","3","3","0","2","1","1","3","3","0","0","0","0","32","26","6","0","0","0","0","0","0","1","1","0","-2"
"137351","University of South Florida-Main Campus","2013","Not on tenure/no tenure system, associate professors","79","40","39","0","0","0","7","3","4","2","0","2","9","6","3","0","0","0","58","28","30","0","0","0","0","0","0","3","3","0","-2"
"137351","University of South Florida-Main Campus","2013","Not on tenure/no tenure system, assistant professors","273","151","122","2","1","1","44","24","20","14","8","6","36","24","12","0","0","0","157","83","74","0","0","0","0","0","0","20","11","9","-2"
"137351","University of South Florida-Main Campus","2013","Not on tenure/no tenure system, instructors","260","96","164","0","0","0","7","2","5","14","9","5","21","7","14","0","0","0","207","75","132","1","0","1","0","0","0","10","3","7","-2"
"137351","University of South Florida-Main Campus","2013","Not on tenure/no tenure system, lecturers","1","1","0","0","0","0","0","0","0","0","0","0","0","0","0","0","0","0","1","1","0","0","0","0","0","0","0","0","0","0","-2"
"137351","University of South Florida-Main Campus","2013","Not on tenure/no tenure system, no academic rank","188","91","97","0","0","0","24","16","8","13","4","9","8","2","6","0","0","0","127","59","68","0","0","0","0","0","0","16","10","6","-2"
"139755","Georgia Institute of Technology-Main Campus","2013","Tenured total","677","550","127","0","0","0","145","120","25","18","14","4","16","13","3","0","0","0","496","402","94","0","0","0","1","0","1","1","1","0","-2"
"139755","Georgia Institute of Technology-Main Campus","2013","Tenured, professors","421","362","59","0","0","0","91","83","8","8","5","3","9","8","1","0","0","0","313","266","47","0","0","0","0","0","0","0","0","0","-2"
"139755","Georgia Institute of Technology-Main Campus","2013","Tenured, associate professors","253","186","67","0","0","0","53","36","17","10","9","1","7","5","2","0","0","0","181","135","46","0","0","0","1","0","1","1","1","0","-2"
"139755","Georgia Institute of Technology-Main Campus","2013","Tenured, assistant professors","3","2","1","0","0","0","1","1","0","0","0","0","0","0","0","0","0","0","2","1","1","0","0","0","0","0","0","0","0","0","-2"
"139755","Georgia Institute of Technology-Main Campus","2013","On-Tenure track total","230","161","69","0","0","0","62","46","16","5","4","1","16","10","6","0","0","0","137","91","46","1","1","0","2","2","0","7","7","0","-2"
"139755","Georgia Institute of Technology-Main Campus","2013","On-tenure track, professors","4","1","3","0","0","0","0","0","0","0","0","0","0","0","0","0","0","0","4","1","3","0","0","0","0","0","0","0","0","0","-2"
"139755","Georgia Institute of Technology-Main Campus","2013","On-tenure track, associate professors","21","17","4","0","0","0","13","12","1","0","0","0","1","0","1","0","0","0","7","5","2","0","0","0","0","0","0","0","0","0","-2"
"139755","Georgia Institute of Technology-Main Campus","2013","On-tenure track, assistant professors","205","143","62","0","0","0","49","34","15","5","4","1","15","10","5","0","0","0","126","85","41","1","1","0","2","2","0","7","7","0","-2"
"139755","Georgia Institute of Technology-Main Campus","2013","Not on tenure track/No tenure system system total","91","36","55","0","0","0","8","5","3","1","0","1","2","0","2","0","0","0","76","30","46","1","0","1","2","1","1","1","0","1","-2"
"139755","Georgia Institute of Technology-Main Campus","2013","Not on tenure/no tenure system, instructors","47","17","30","0","0","0","2","2","0","1","0","1","0","0","0","0","0","0","42","15","27","1","0","1","0","0","0","1","0","1","-2"
"139755","Georgia Institute of Technology-Main Campus","2013","Not on tenure/no tenure system, lecturers","44","19","25","0","0","0","6","3","3","0","0","0","2","0","2","0","0","0","34","15","19","0","0","0","2","1","1","0","0","0","-2"
"139959","University of Georgia","2013","Tenured total","1216","849","367","3","2","1","105","76","29","77","44","33","42","28","14","0","0","0","976","692","284","4","3","1","9","4","5","0","0","0","-2"
"139959","University of Georgia","2013","Tenured, professors","714","548","166","3","2","1","43","35","8","42","26","16","22","14","8","0","0","0","597","466","131","2","2","0","5","3","2","0","0","0","-2"
"139959","University of Georgia","2013","Tenured, associate professors","501","300","201","0","0","0","62","41","21","35","18","17","20","14","6","0","0","0","378","225","153","2","1","1","4","1","3","0","0","0","-2"
"139959","University of Georgia","2013","Tenured, assistant professors","1","1","0","0","0","0","0","0","0","0","0","0","0","0","0","0","0","0","1","1","0","0","0","0","0","0","0","0","0","0","-2"
"139959","University of Georgia","2013","On-Tenure track total","405","222","183","0","0","0","59","39","20","17","4","13","21","10","11","0","0","0","273","149","124","3","1","2","19","9","10","13","10","3","-2"
"139959","University of Georgia","2013","On-tenure track, professors","3","2","1","0","0","0","0","0","0","0","0","0","0","0","0","0","0","0","3","2","1","0","0","0","0","0","0","0","0","0","-2"
"139959","University of Georgia","2013","On-tenure track, associate professors","22","16","6","0","0","0","6","5","1","0","0","0","1","1","0","0","0","0","13","10","3","2","0","2","0","0","0","0","0","0","-2"
"139959","University of Georgia","2013","On-tenure track, assistant professors","380","204","176","0","0","0","53","34","19","17","4","13","20","9","11","0","0","0","257","137","120","1","1","0","19","9","10","13","10","3","-2"
"139959","University of Georgia","2013","Not on tenure track/No tenure system system total","273","111","162","2","0","2","18","3","15","15","4","11","8","1","7","0","0","0","216","98","118","2","0","2","8","2","6","4","3","1","-2"
"139959","University of Georgia","2013","Not on tenure/no tenure system, professors","8","4","4","0","0","0","0","0","0","0","0","0","0","0","0","0","0","0","7","4","3","0","0","0","1","0","1","0","0","0","-2"
"139959","University of Georgia","2013","Not on tenure/no tenure system, associate professors","22","11","11","0","0","0","0","0","0","1","0","1","0","0","0","0","0","0","21","11","10","0","0","0","0","0","0","0","0","0","-2"
"139959","University of Georgia","2013","Not on tenure/no tenure system, assistant professors","47","14","33","1","0","1","6","0","6","2","0","2","0","0","0","0","0","0","34","14","20","1","0","1","2","0","2","1","0","1","-2"
"139959","University of Georgia","2013","Not on tenure/no tenure system, instructors","47","17","30","1","0","1","2","1","1","1","0","1","3","0","3","0","0","0","37","14","23","1","0","1","2","2","0","0","0","0","-2"
"139959","University of Georgia","2013","Not on tenure/no tenure system, lecturers","149","65","84","0","0","0","10","2","8","11","4","7","5","1","4","0","0","0","117","55","62","0","0","0","3","0","3","3","3","0","-2"
"140720","Paine College","2013","Tenured total","6","6","0","0","0","0","0","0","0","0","0","0","0","0","0","4","4","0","2","2","0","0","0","0","0","0","0","0","0","0","-2"
"140720","Paine College","2013","Tenured, professors","5","5","0","0","0","0","0","0","0","0","0","0","0","0","0","3","3","0","2","2","0","0","0","0","0","0","0","0","0","0","-2"
"140720","Paine College","2013","Tenured, associate professors","1","1","0","0","0","0","0","0","0","0","0","0","0","0","0","1","1","0","0","0","0","0","0","0","0","0","0","0","0","0","-2"
"140720","Paine College","2013","On-Tenure track total","34","20","14","0","0","0","5","5","0","20","10","10","1","1","0","0","0","0","5","3","2","1","0","1","0","0","0","2","1","1","-2"
"140720","Paine College","2013","On-tenure track, associate professors","3","0","3","0","0","0","0","0","0","3","0","3","0","0","0","0","0","0","0","0","0","0","0","0","0","0","0","0","0","0","-2"
"140720","Paine College","2013","On-tenure track, assistant professors","31","20","11","0","0","0","5","5","0","17","10","7","1","1","0","0","0","0","5","3","2","1","0","1","0","0","0","2","1","1","-2"
"140720","Paine College","2013","Not on tenure track/No tenure system system total","12","7","5","0","0","0","3","2","1","7","4","3","0","0","0","1","1","0","1","0","1","0","0","0","0","0","0","0","0","0","-2"
"140720","Paine College","2013","Not on tenure/no tenure system, associate professors","1","1","0","0","0","0","1","1","0","0","0","0","0","0","0","0","0","0","0","0","0","0","0","0","0","0","0","0","0","0","-2"
"140720","Paine College","2013","Not on tenure/no tenure system, assistant professors","7","5","2","0","0","0","2","1","1","5","4","1","0","0","0","0","0","0","0","0","0","0","0","0","0","0","0","0","0","0","-2"
"140720","Paine College","2013","Not on tenure/no tenure system, instructors","4","1","3","0","0","0","0","0","0","2","0","2","0","0","0","1","1","0","1","0","1","0","0","0","0","0","0","0","0","0","-2"
"140960","Savannah State University","2013","Tenured total","44","29","15","0","0","0","15","12","3","21","14","7","0","0","0","0","0","0","6","2","4","0","0","0","0","0","0","2","1","1","-2"
"140960","Savannah State University","2013","Tenured, professors","19","15","4","0","0","0","8","7","1","9","7","2","0","0","0","0","0","0","2","1","1","0","0","0","0","0","0","0","0","0","-2"
"140960","Savannah State University","2013","Tenured, associate professors","20","11","9","0","0","0","7","5","2","9","6","3","0","0","0","0","0","0","3","0","3","0","0","0","0","0","0","1","0","1","-2"
"140960","Savannah State University","2013","Tenured, assistant professors","5","3","2","0","0","0","0","0","0","3","1","2","0","0","0","0","0","0","1","1","0","0","0","0","0","0","0","1","1","0","-2"
"140960","Savannah State University","2013","On-Tenure track total","57","35","22","0","0","0","5","5","0","16","8","8","1","1","0","0","0","0","15","9","6","0","0","0","2","1","1","18","11","7","-2"
"140960","Savannah State University","2013","On-tenure track, professors","1","1","0","0","0","0","1","1","0","0","0","0","0","0","0","0","0","0","0","0","0","0","0","0","0","0","0","0","0","0","-2"
"140960","Savannah State University","2013","On-tenure track, associate professors","11","7","4","0","0","0","2","2","0","2","2","0","0","0","0","0","0","0","5","3","2","0","0","0","0","0","0","2","0","2","-2"
"140960","Savannah State University","2013","On-tenure track, assistant professors","45","27","18","0","0","0","2","2","0","14","6","8","1","1","0","0","0","0","10","6","4","0","0","0","2","1","1","16","11","5","-2"
"140960","Savannah State University","2013","Not on tenure track/No tenure system system total","70","29","41","0","0","0","6","4","2","30","10","20","3","2","1","0","0","0","24","11","13","1","0","1","4","1","3","2","1","1","-2"
"140960","Savannah State University","2013","Not on tenure/no tenure system, professors","1","1","0","0","0","0","1","1","0","0","0","0","0","0","0","0","0","0","0","0","0","0","0","0","0","0","0","0","0","0","-2"
"140960","Savannah State University","2013","Not on tenure/no tenure system, associate professors","1","1","0","0","0","0","0","0","0","0","0","0","0","0","0","0","0","0","1","1","0","0","0","0","0","0","0","0","0","0","-2"
"140960","Savannah State University","2013","Not on tenure/no tenure system, assistant professors","6","2","4","0","0","0","1","1","0","1","0","1","1","1","0","0","0","0","3","0","3","0","0","0","0","0","0","0","0","0","-2"
"140960","Savannah State University","2013","Not on tenure/no tenure system, instructors","49","21","28","0","0","0","4","2","2","20","7","13","2","1","1","0","0","0","17","10","7","1","0","1","3","0","3","2","1","1","-2"
"140960","Savannah State University","2013","Not on tenure/no tenure system, lecturers","12","4","8","0","0","0","0","0","0","8","3","5","0","0","0","0","0","0","3","0","3","0","0","0","1","1","0","0","0","0","-2"
"140960","Savannah State University","2013","Not on tenure/no tenure system, no academic rank","1","0","1","0","0","0","0","0","0","1","0","1","0","0","0","0","0","0","0","0","0","0","0","0","0","0","0","0","0","0","-2"
"141060","Spelman College","2013","Tenured total","85","30","55","1","1","0","9","3","6","49","14","35","6","2","4","0","0","0","18","10","8","2","0","2","0","0","0","0","0","0","-2"
"141060","Spelman College","2013","Tenured, professors","30","12","18","0","0","0","4","1","3","17","5","12","1","0","1","0","0","0","8","6","2","0","0","0","0","0","0","0","0","0","-2"
"141060","Spelman College","2013","Tenured, associate professors","55","18","37","1","1","0","5","2","3","32","9","23","5","2","3","0","0","0","10","4","6","2","0","2","0","0","0","0","0","0","-2"
"141060","Spelman College","2013","On-Tenure track total","46","15","31","2","1","1","4","2","2","33","10","23","1","0","1","0","0","0","3","1","2","3","1","2","0","0","0","0","0","0","-2"
"141060","Spelman College","2013","On-tenure track, assistant professors","46","15","31","2","1","1","4","2","2","33","10","23","1","0","1","0","0","0","3","1","2","3","1","2","0","0","0","0","0","0","-2"
"141060","Spelman College","2013","Not on tenure track/No tenure system system total","45","9","36","0","0","0","0","0","0","37","7","30","3","1","2","0","0","0","5","1","4","0","0","0","0","0","0","0","0","0","-2"
"141060","Spelman College","2013","Not on tenure/no tenure system, instructors","22","6","16","0","0","0","0","0","0","19","4","15","2","1","1","0","0","0","1","1","0","0","0","0","0","0","0","0","0","0","-2"
"141060","Spelman College","2013","Not on tenure/no tenure system, lecturers","23","3","20","0","0","0","0","0","0","18","3","15","1","0","1","0","0","0","4","0","4","0","0","0","0","0","0","0","0","0","-2"
"141574","University of Hawaii at Manoa","2013","Tenured total","764","490","274","1","1","0","198","120","78","5","1","4","13","6","7","28","8","20","494","341","153","3","0","3","0","0","0","22","13","9","-2"
"141574","University of Hawaii at Manoa","2013","Tenured, professors","456","324","132","1","1","0","103","74","29","2","1","1","4","2","2","11","3","8","326","238","88","2","0","2","0","0","0","7","5","2","-2"
"141574","University of Hawaii at Manoa","2013","Tenured, associate professors","305","164","141","0","0","0","93","45","48","3","0","3","9","4","5","16","4","12","168","103","65","1","0","1","0","0","0","15","8","7","-2"
"141574","University of Hawaii at Manoa","2013","Tenured, assistant professors","3","2","1","0","0","0","2","1","1","0","0","0","0","0","0","1","1","0","0","0","0","0","0","0","0","0","0","0","0","0","-2"
"141574","University of Hawaii at Manoa","2013","On-Tenure track total","259","121","138","1","0","1","58","27","31","4","3","1","5","4","1","23","11","12","114","56","58","11","3","8","0","0","0","43","17","26","-2"
"141574","University of Hawaii at Manoa","2013","On-tenure track, professors","7","6","1","0","0","0","3","3","0","0","0","0","0","0","0","0","0","0","4","3","1","0","0","0","0","0","0","0","0","0","-2"
"141574","University of Hawaii at Manoa","2013","On-tenure track, associate professors","17","10","7","0","0","0","2","2","0","0","0","0","0","0","0","2","2","0","9","4","5","0","0","0","0","0","0","4","2","2","-2"
"141574","University of Hawaii at Manoa","2013","On-tenure track, assistant professors","235","105","130","1","0","1","53","22","31","4","3","1","5","4","1","21","9","12","101","49","52","11","3","8","0","0","0","39","15","24","-2"
"141574","University of Hawaii at Manoa","2013","Not on tenure track/No tenure system system total","258","93","165","0","0","0","76","21","55","7","1","6","12","4","8","29","9","20","110","48","62","7","1","6","0","0","0","17","9","8","-2"
"141574","University of Hawaii at Manoa","2013","Not on tenure/no tenure system, professors","17","12","5","0","0","0","4","2","2","0","0","0","0","0","0","1","1","0","11","8","3","0","0","0","0","0","0","1","1","0","-2"
"141574","University of Hawaii at Manoa","2013","Not on tenure/no tenure system, associate professors","27","15","12","0","0","0","10","5","5","0","0","0","0","0","0","0","0","0","17","10","7","0","0","0","0","0","0","0","0","0","-2"
"141574","University of Hawaii at Manoa","2013","Not on tenure/no tenure system, assistant professors","76","25","51","0","0","0","25","8","17","5","1","4","5","1","4","6","2","4","28","9","19","1","0","1","0","0","0","6","4","2","-2"
"141574","University of Hawaii at Manoa","2013","Not on tenure/no tenure system, instructors","138","41","97","0","0","0","37","6","31","2","0","2","7","3","4","22","6","16","54","21","33","6","1","5","0","0","0","10","4","6","-2"
"141644","Hawaii Pacific University","2013","Tenured total","4","4","0","0","0","0","1","1","0","0","0","0","0","0","0","0","0","0","3","3","0","0","0","0","0","0","0","0","0","0","-2"
"141644","Hawaii Pacific University","2013","Tenured, professors","3","3","0","0","0","0","1","1","0","0","0","0","0","0","0","0","0","0","2","2","0","0","0","0","0","0","0","0","0","0","-2"
"141644","Hawaii Pacific University","2013","Tenured, associate professors","1","1","0","0","0","0","0","0","0","0","0","0","0","0","0","0","0","0","1","1","0","0","0","0","0","0","0","0","0","0","-2"
"141644","Hawaii Pacific University","2013","Not on tenure track/No tenure system system total","225","116","109","2","0","2","47","20","27","1","0","1","5","1","4","4","1","3","151","88","63","15","6","9","0","0","0","0","0","0","-2"
"141644","Hawaii Pacific University","2013","Not on tenure/no tenure system, professors","32","19","13","1","0","1","4","3","1","0","0","0","0","0","0","1","0","1","25","16","9","1","0","1","0","0","0","0","0","0","-2"
"141644","Hawaii Pacific University","2013","Not on tenure/no tenure system, associate professors","64","39","25","1","0","1","13","7","6","0","0","0","0","0","0","0","0","0","42","28","14","8","4","4","0","0","0","0","0","0","-2"
"141644","Hawaii Pacific University","2013","Not on tenure/no tenure system, assistant professors","89","33","56","0","0","0","23","6","17","0","0","0","3","0","3","1","0","1","59","27","32","3","0","3","0","0","0","0","0","0","-2"
"141644","Hawaii Pacific University","2013","Not on tenure/no tenure system, instructors","39","24","15","0","0","0","7","4","3","1","0","1","2","1","1","2","1","1","24","16","8","3","2","1","0","0","0","0","0","0","-2"
"141644","Hawaii Pacific University","2013","Not on tenure/no tenure system, lecturers","1","1","0","0","0","0","0","0","0","0","0","0","0","0","0","0","0","0","1","1","0","0","0","0","0","0","0","0","0","0","-2"
"142115","Boise State University","2013","Tenured total","367","217","150","2","1","1","13","11","2","2","2","0","10","5","5","0","0","0","326","188","138","3","2","1","0","0","0","11","8","3","-2"
"142115","Boise State University","2013","Tenured, professors","158","108","50","1","1","0","6","5","1","0","0","0","2","2","0","0","0","0","145","97","48","1","1","0","0","0","0","3","2","1","-2"
"142115","Boise State University","2013","Tenured, associate professors","196","104","92","1","0","1","7","6","1","2","2","0","8","3","5","0","0","0","169","87","82","2","1","1","0","0","0","7","5","2","-2"
"142115","Boise State University","2013","Tenured, assistant professors","13","5","8","0","0","0","0","0","0","0","0","0","0","0","0","0","0","0","12","4","8","0","0","0","0","0","0","1","1","0","-2"
"142115","Boise State University","2013","On-Tenure track total","120","63","57","1","0","1","11","8","3","0","0","0","4","2","2","0","0","0","90","42","48","0","0","0","0","0","0","14","11","3","-2"
"142115","Boise State University","2013","On-tenure track, professors","1","0","1","0","0","0","0","0","0","0","0","0","0","0","0","0","0","0","1","0","1","0","0","0","0","0","0","0","0","0","-2"
"142115","Boise State University","2013","On-tenure track, associate professors","6","4","2","1","0","1","1","1","0","0","0","0","0","0","0","0","0","0","4","3","1","0","0","0","0","0","0","0","0","0","-2"
"142115","Boise State University","2013","On-tenure track, assistant professors","113","59","54","0","0","0","10","7","3","0","0","0","4","2","2","0","0","0","85","39","46","0","0","0","0","0","0","14","11","3","-2"
"142115","Boise State University","2013","Not on tenure track/No tenure system system total","163","64","99","1","1","0","6","1","5","0","0","0","4","2","2","0","0","0","146","58","88","1","0","1","0","0","0","5","2","3","-2"
"142115","Boise State University","2013","Not on tenure/no tenure system, professors","1","0","1","0","0","0","0","0","0","0","0","0","0","0","0","0","0","0","1","0","1","0","0","0","0","0","0","0","0","0","-2"
"142115","Boise State University","2013","Not on tenure/no tenure system, associate professors","1","1","0","0","0","0","0","0","0","0","0","0","0","0","0","0","0","0","1","1","0","0","0","0","0","0","0","0","0","0","-2"
"142115","Boise State University","2013","Not on tenure/no tenure system, assistant professors","5","1","4","0","0","0","1","0","1","0","0","0","1","0","1","0","0","0","3","1","2","0","0","0","0","0","0","0","0","0","-2"
"142115","Boise State University","2013","Not on tenure/no tenure system, no academic rank","156","62","94","1","1","0","5","1","4","0","0","0","3","2","1","0","0","0","141","56","85","1","0","1","0","0","0","5","2","3","-2"
"142294","The College of Idaho","2013","Tenured total","35","22","13","0","0","0","2","0","2","0","0","0","0","0","0","0","0","0","32","22","10","0","0","0","0","0","0","1","0","1","-2"
"142294","The College of Idaho","2013","Tenured, professors","28","18","10","0","0","0","2","0","2","0","0","0","0","0","0","0","0","0","26","18","8","0","0","0","0","0","0","0","0","0","-2"
"142294","The College of Idaho","2013","Tenured, associate professors","6","4","2","0","0","0","0","0","0","0","0","0","0","0","0","0","0","0","5","4","1","0","0","0","0","0","0","1","0","1","-2"
"142294","The College of Idaho","2013","Tenured, no academic rank","1","0","1","0","0","0","0","0","0","0","0","0","0","0","0","0","0","0","1","0","1","0","0","0","0","0","0","0","0","0","-2"
"142294","The College of Idaho","2013","On-Tenure track total","20","13","7","0","0","0","0","0","0","0","0","0","0","0","0","0","0","0","19","13","6","1","0","1","0","0","0","0","0","0","-2"
"142294","The College of Idaho","2013","On-tenure track, professors","1","1","0","0","0","0","0","0","0","0","0","0","0","0","0","0","0","0","1","1","0","0","0","0","0","0","0","0","0","0","-2"
"142294","The College of Idaho","2013","On-tenure track, associate professors","4","3","1","0","0","0","0","0","0","0","0","0","0","0","0","0","0","0","3","3","0","1","0","1","0","0","0","0","0","0","-2"
"142294","The College of Idaho","2013","On-tenure track, assistant professors","15","9","6","0","0","0","0","0","0","0","0","0","0","0","0","0","0","0","15","9","6","0","0","0","0","0","0","0","0","0","-2"
"142294","The College of Idaho","2013","Not on tenure track/No tenure system system total","24","12","12","0","0","0","0","0","0","0","0","0","0","0","0","1","1","0","22","10","12","0","0","0","0","0","0","1","1","0","-2"
"142294","The College of Idaho","2013","Not on tenure/no tenure system, assistant professors","5","1","4","0","0","0","0","0","0","0","0","0","0","0","0","0","0","0","5","1","4","0","0","0","0","0","0","0","0","0","-2"
"142294","The College of Idaho","2013","Not on tenure/no tenure system, instructors","16","8","8","0","0","0","0","0","0","0","0","0","0","0","0","1","1","0","15","7","8","0","0","0","0","0","0","0","0","0","-2"
"142294","The College of Idaho","2013","Not on tenure/no tenure system, no academic rank","3","3","0","0","0","0","0","0","0","0","0","0","0","0","0","0","0","0","2","2","0","0","0","0","0","0","0","1","1","0","-2"
"144050","University of Chicago","2013","Tenured total","795","604","191","0","0","0","90","76","14","22","16","6","28","24","4","0","0","0","646","481","165","6","5","1","0","0","0","3","2","1","-2"
"144050","University of Chicago","2013","Tenured, professors","621","491","130","0","0","0","63","58","5","14","10","4","20","17","3","0","0","0","518","401","117","3","3","0","0","0","0","3","2","1","-2"
"144050","University of Chicago","2013","Tenured, associate professors","174","113","61","0","0","0","27","18","9","8","6","2","8","7","1","0","0","0","128","80","48","3","2","1","0","0","0","0","0","0","-2"
"144050","University of Chicago","2013","On-Tenure track total","281","190","91","0","0","0","38","20","18","9","5","4","5","4","1","0","0","0","196","139","57","6","5","1","0","0","0","27","17","10","-2"
"144050","University of Chicago","2013","On-tenure track, professors","1","1","0","0","0","0","0","0","0","0","0","0","0","0","0","0","0","0","0","0","0","0","0","0","0","0","0","1","1","0","-2"
"144050","University of Chicago","2013","On-tenure track, associate professors","36","28","8","0","0","0","4","4","0","1","0","1","0","0","0","0","0","0","27","20","7","0","0","0","0","0","0","4","4","0","-2"
"144050","University of Chicago","2013","On-tenure track, assistant professors","242","161","81","0","0","0","33","16","17","8","5","3","5","4","1","0","0","0","169","119","50","6","5","1","0","0","0","21","12","9","-2"
"144050","University of Chicago","2013","On-tenure track, instructors","2","0","2","0","0","0","1","0","1","0","0","0","0","0","0","0","0","0","0","0","0","0","0","0","0","0","0","1","0","1","-2"
"144050","University of Chicago","2013","Not on tenure track/No tenure system system total","888","516","372","0","0","0","171","98","73","35","12","23","13","7","6","0","0","0","600","360","240","4","1","3","2","1","1","63","37","26","-2"
"144050","University of Chicago","2013","Not on tenure/no tenure system, professors","175","136","39","0","0","0","18","10","8","5","3","2","1","0","1","0","0","0","148","120","28","0","0","0","0","0","0","3","3","0","-2"
"144050","University of Chicago","2013","Not on tenure/no tenure system, associate professors","181","108","73","0","0","0","39","26","13","9","4","5","2","1","1","0","0","0","129","76","53","1","0","1","0","0","0","1","1","0","-2"
"144050","University of Chicago","2013","Not on tenure/no tenure system, assistant professors","272","137","135","0","0","0","68","39","29","16","3","13","5","3","2","0","0","0","172","87","85","2","1","1","0","0","0","9","4","5","-2"
"144050","University of Chicago","2013","Not on tenure/no tenure system, instructors","82","52","30","0","0","0","11","7","4","1","0","1","0","0","0","0","0","0","34","18","16","0","0","0","0","0","0","36","27","9","-2"
"144050","University of Chicago","2013","Not on tenure/no tenure system, lecturers","136","61","75","0","0","0","18","9","9","1","1","0","3","1","2","0","0","0","99","48","51","0","0","0","1","0","1","14","2","12","-2"
"144050","University of Chicago","2013","Not on tenure/no tenure system, no academic rank","42","22","20","0","0","0","17","7","10","3","1","2","2","2","0","0","0","0","18","11","7","1","0","1","1","1","0","0","0","0","-2"
"144865","College of DuPage","2013","Tenured total","223","113","110","1","1","0","18","7","11","9","3","6","6","4","2","0","0","0","189","98","91","0","0","0","0","0","0","0","0","0","-2"
"144865","College of DuPage","2013","Tenured, professors","158","75","83","1","1","0","15","6","9","8","3","5","1","0","1","0","0","0","133","65","68","0","0","0","0","0","0","0","0","0","-2"
"144865","College of DuPage","2013","Tenured, associate professors","43","26","17","0","0","0","3","1","2","1","0","1","4","3","1","0","0","0","35","22","13","0","0","0","0","0","0","0","0","0","-2"
"144865","College of DuPage","2013","Tenured, assistant professors","22","12","10","0","0","0","0","0","0","0","0","0","1","1","0","0","0","0","21","11","10","0","0","0","0","0","0","0","0","0","-2"
"144865","College of DuPage","2013","On-Tenure track total","51","23","28","0","0","0","2","2","0","2","2","0","1","0","1","0","0","0","46","19","27","0","0","0","0","0","0","0","0","0","-2"
"144865","College of DuPage","2013","On-tenure track, associate professors","10","2","8","0","0","0","0","0","0","0","0","0","0","0","0","0","0","0","10","2","8","0","0","0","0","0","0","0","0","0","-2"
"144865","College of DuPage","2013","On-tenure track, assistant professors","10","10","0","0","0","0","1","1","0","2","2","0","0","0","0","0","0","0","7","7","0","0","0","0","0","0","0","0","0","0","-2"
"144865","College of DuPage","2013","On-tenure track, instructors","31","11","20","0","0","0","1","1","0","0","0","0","1","0","1","0","0","0","29","10","19","0","0","0","0","0","0","0","0","0","-2"
"144865","College of DuPage","2013","Not on tenure track/No tenure system system total","1","0","1","0","0","0","0","0","0","0","0","0","0","0","0","0","0","0","1","0","1","0","0","0","0","0","0","0","0","0","-2"
"144865","College of DuPage","2013","Not on tenure/no tenure system, instructors","1","0","1","0","0","0","0","0","0","0","0","0","0","0","0","0","0","0","1","0","1","0","0","0","0","0","0","0","0","0","-2"
"145637","University of Illinois at Urbana-Champaign","2013","Tenured total","1308","942","366","6","2","4","196","148","48","53","30","23","69","45","24","1","1","0","963","701","262","9","5","4","5","5","0","6","5","1","-2"
"145637","University of Illinois at Urbana-Champaign","2013","Tenured, professors","794","615","179","3","1","2","94","79","15","24","16","8","36","24","12","0","0","0","624","483","141","3","3","0","5","5","0","5","4","1","-2"
"145637","University of Illinois at Urbana-Champaign","2013","Tenured, associate professors","514","327","187","3","1","2","102","69","33","29","14","15","33","21","12","1","1","0","339","218","121","6","2","4","0","0","0","1","1","0","-2"
"145637","University of Illinois at Urbana-Champaign","2013","On-Tenure track total","407","235","172","1","1","0","56","32","24","30","11","19","22","13","9","1","0","1","229","134","95","7","4","3","9","4","5","52","36","16","-2"
"145637","University of Illinois at Urbana-Champaign","2013","On-tenure track, professors","2","1","1","0","0","0","0","0","0","1","1","0","0","0","0","0","0","0","1","0","1","0","0","0","0","0","0","0","0","0","-2"
"145637","University of Illinois at Urbana-Champaign","2013","On-tenure track, associate professors","14","8","6","0","0","0","4","3","1","1","0","1","0","0","0","0","0","0","8","5","3","0","0","0","0","0","0","1","0","1","-2"
"145637","University of Illinois at Urbana-Champaign","2013","On-tenure track, assistant professors","391","226","165","1","1","0","52","29","23","28","10","18","22","13","9","1","0","1","220","129","91","7","4","3","9","4","5","51","36","15","-2"
"145637","University of Illinois at Urbana-Champaign","2013","Not on tenure track/No tenure system system total","461","232","229","0","0","0","27","19","8","14","6","8","15","8","7","0","0","0","363","173","190","5","3","2","4","4","0","33","19","14","-2"
"145637","University of Illinois at Urbana-Champaign","2013","Not on tenure/no tenure system, professors","23","15","8","0","0","0","1","1","0","0","0","0","1","1","0","0","0","0","20","13","7","0","0","0","0","0","0","1","0","1","-2"
"145637","University of Illinois at Urbana-Champaign","2013","Not on tenure/no tenure system, associate professors","21","5","16","0","0","0","1","1","0","1","0","1","0","0","0","0","0","0","19","4","15","0","0","0","0","0","0","0","0","0","-2"
"145637","University of Illinois at Urbana-Champaign","2013","Not on tenure/no tenure system, assistant professors","88","52","36","0","0","0","7","5","2","4","1","3","1","1","0","0","0","0","60","33","27","1","1","0","0","0","0","15","11","4","-2"
"145637","University of Illinois at Urbana-Champaign","2013","Not on tenure/no tenure system, instructors","70","28","42","0","0","0","2","2","0","4","2","2","4","1","3","0","0","0","57","23","34","1","0","1","0","0","0","2","0","2","-2"
"145637","University of Illinois at Urbana-Champaign","2013","Not on tenure/no tenure system, lecturers","208","109","99","0","0","0","14","9","5","4","2","2","8","4","4","0","0","0","161","81","80","2","1","1","4","4","0","15","8","7","-2"
"145637","University of Illinois at Urbana-Champaign","2013","Not on tenure/no tenure system, no academic rank","51","23","28","0","0","0","2","1","1","1","1","0","1","1","0","0","0","0","46","19","27","1","1","0","0","0","0","0","0","0","-2"
"147703","Northern Illinois University","2013","Tenured total","469","286","183","0","0","0","40","31","9","14","7","7","12","4","8","0","0","0","354","216","138","4","2","2","5","4","1","40","22","18","-2"
"147703","Northern Illinois University","2013","Tenured, professors","210","151","59","0","0","0","26","22","4","4","3","1","6","2","4","0","0","0","164","116","48","3","1","2","2","2","0","5","5","0","-2"
"147703","Northern Illinois University","2013","Tenured, associate professors","254","133","121","0","0","0","14","9","5","9","4","5","6","2","4","0","0","0","186","98","88","1","1","0","3","2","1","35","17","18","-2"
"147703","Northern Illinois University","2013","Tenured, assistant professors","5","2","3","0","0","0","0","0","0","1","0","1","0","0","0","0","0","0","4","2","2","0","0","0","0","0","0","0","0","0","-2"
"147703","Northern Illinois University","2013","On-Tenure track total","208","109","99","2","0","2","16","10","6","7","3","4","5","4","1","0","0","0","131","68","63","1","1","0","2","0","2","44","23","21","-2"
"147703","Northern Illinois University","2013","On-tenure track, professors","2","1","1","0","0","0","0","0","0","0","0","0","0","0","0","0","0","0","2","1","1","0","0","0","0","0","0","0","0","0","-2"
"147703","Northern Illinois University","2013","On-tenure track, associate professors","45","25","20","0","0","0","5","4","1","2","2","0","2","2","0","0","0","0","22","11","11","0","0","0","1","0","1","13","6","7","-2"
"147703","Northern Illinois University","2013","On-tenure track, assistant professors","161","83","78","2","0","2","11","6","5","5","1","4","3","2","1","0","0","0","107","56","51","1","1","0","1","0","1","31","17","14","-2"
"147703","Northern Illinois University","2013","Not on tenure track/No tenure system system total","245","112","133","0","0","0","6","2","4","6","4","2","7","3","4","0","0","0","206","92","114","0","0","0","1","0","1","19","11","8","-2"
"147703","Northern Illinois University","2013","Not on tenure/no tenure system, professors","4","2","2","0","0","0","0","0","0","0","0","0","0","0","0","0","0","0","4","2","2","0","0","0","0","0","0","0","0","0","-2"
"147703","Northern Illinois University","2013","Not on tenure/no tenure system, associate professors","4","4","0","0","0","0","0","0","0","0","0","0","0","0","0","0","0","0","4","4","0","0","0","0","0","0","0","0","0","0","-2"
"147703","Northern Illinois University","2013","Not on tenure/no tenure system, assistant professors","24","15","9","0","0","0","0","0","0","1","1","0","0","0","0","0","0","0","20","12","8","0","0","0","0","0","0","3","2","1","-2"
"147703","Northern Illinois University","2013","Not on tenure/no tenure system, instructors","179","71","108","0","0","0","6","2","4","5","3","2","7","3","4","0","0","0","157","62","95","0","0","0","1","0","1","3","1","2","-2"
"147703","Northern Illinois University","2013","Not on tenure/no tenure system, no academic rank","34","20","14","0","0","0","0","0","0","0","0","0","0","0","0","0","0","0","21","12","9","0","0","0","0","0","0","13","8","5","-2"
"147767","Northwestern University","2013","Tenured total","975","720","255","0","0","0","114","90","24","35","23","12","31","22","9","0","0","0","784","582","202","3","0","3","5","3","2","3","0","3","-2"
"147767","Northwestern University","2013","Tenured, professors","690","532","158","0","0","0","72","61","11","16","9","7","15","11","4","0","0","0","583","449","134","0","0","0","2","2","0","2","0","2","-2"
"147767","Northwestern University","2013","Tenured, associate professors","285","188","97","0","0","0","42","29","13","19","14","5","16","11","5","0","0","0","201","133","68","3","0","3","3","1","2","1","0","1","-2"
"147767","Northwestern University","2013","On-Tenure track total","286","181","105","0","0","0","49","29","20","17","6","11","14","9","5","0","0","0","174","116","58","2","2","0","2","1","1","28","18","10","-2"
"147767","Northwestern University","2013","On-tenure track, associate professors","27","18","9","0","0","0","8","5","3","0","0","0","2","1","1","0","0","0","16","12","4","0","0","0","0","0","0","1","0","1","-2"
"147767","Northwestern University","2013","On-tenure track, assistant professors","259","163","96","0","0","0","41","24","17","17","6","11","12","8","4","0","0","0","158","104","54","2","2","0","2","1","1","27","18","9","-2"
"147767","Northwestern University","2013","Not on tenure track/No tenure system system total","828","424","404","0","0","0","114","48","66","26","13","13","24","12","12","0","0","0","620","325","295","1","0","1","11","5","6","32","21","11","-2"
"147767","Northwestern University","2013","Not on tenure/no tenure system, professors","128","94","34","0","0","0","12","7","5","4","3","1","4","2","2","0","0","0","107","81","26","0","0","0","0","0","0","1","1","0","-2"
"147767","Northwestern University","2013","Not on tenure/no tenure system, associate professors","159","91","68","0","0","0","29","17","12","4","3","1","4","3","1","0","0","0","119","66","53","0","0","0","2","1","1","1","1","0","-2"
"147767","Northwestern University","2013","Not on tenure/no tenure system, assistant professors","232","111","121","0","0","0","46","17","29","12","3","9","6","2","4","0","0","0","157","81","76","0","0","0","1","0","1","10","8","2","-2"
"147767","Northwestern University","2013","Not on tenure/no tenure system, instructors","20","10","10","0","0","0","5","2","3","0","0","0","0","0","0","0","0","0","14","7","7","0","0","0","0","0","0","1","1","0","-2"
"147767","Northwestern University","2013","Not on tenure/no tenure system, lecturers","289","118","171","0","0","0","22","5","17","6","4","2","10","5","5","0","0","0","223","90","133","1","0","1","8","4","4","19","10","9","-2"
"149772","Western Illinois University","2013","Tenured total","363","234","129","3","2","1","34","24","10","19","12","7","6","2","4","0","0","0","292","188","104","4","3","1","1","1","0","4","2","2","-2"
"149772","Western Illinois University","2013","Tenured, professors","217","148","69","2","2","0","19","17","2","11","7","4","4","2","2","0","0","0","178","118","60","2","1","1","0","0","0","1","1","0","-2"
"149772","Western Illinois University","2013","Tenured, associate professors","141","83","58","1","0","1","15","7","8","8","5","3","2","0","2","0","0","0","110","68","42","2","2","0","1","1","0","2","0","2","-2"
"149772","Western Illinois University","2013","Tenured, assistant professors","5","3","2","0","0","0","0","0","0","0","0","0","0","0","0","0","0","0","4","2","2","0","0","0","0","0","0","1","1","0","-2"
"149772","Western Illinois University","2013","On-Tenure track total","151","76","75","0","0","0","14","7","7","12","8","4","5","3","2","1","1","0","101","45","56","1","1","0","3","3","0","14","8","6","-2"
"149772","Western Illinois University","2013","On-tenure track, associate professors","4","4","0","0","0","0","0","0","0","1","1","0","0","0","0","0","0","0","2","2","0","1","1","0","0","0","0","0","0","0","-2"
"149772","Western Illinois University","2013","On-tenure track, assistant professors","146","72","74","0","0","0","14","7","7","11","7","4","5","3","2","1","1","0","98","43","55","0","0","0","3","3","0","14","8","6","-2"
"149772","Western Illinois University","2013","On-tenure track, instructors","1","0","1","0","0","0","0","0","0","0","0","0","0","0","0","0","0","0","1","0","1","0","0","0","0","0","0","0","0","0","-2"
"149772","Western Illinois University","2013","Not on tenure track/No tenure system system total","136","49","87","0","0","0","5","1","4","3","0","3","0","0","0","0","0","0","120","42","78","0","0","0","4","3","1","4","3","1","-2"
"149772","Western Illinois University","2013","Not on tenure/no tenure system, professors","1","0","1","0","0","0","0","0","0","1","0","1","0","0","0","0","0","0","0","0","0","0","0","0","0","0","0","0","0","0","-2"
"149772","Western Illinois University","2013","Not on tenure/no tenure system, assistant professors","17","6","11","0","0","0","1","0","1","0","0","0","0","0","0","0","0","0","16","6","10","0","0","0","0","0","0","0","0","0","-2"
"149772","Western Illinois University","2013","Not on tenure/no tenure system, instructors","108","40","68","0","0","0","4","1","3","2","0","2","0","0","0","0","0","0","96","33","63","0","0","0","3","3","0","3","3","0","-2"
"149772","Western Illinois University","2013","Not on tenure/no tenure system, lecturers","10","3","7","0","0","0","0","0","0","0","0","0","0","0","0","0","0","0","8","3","5","0","0","0","1","0","1","1","0","1","-2"
"150136","Ball State University","2013","Tenured total","435","274","161","0","0","0","9","7","2","8","4","4","6","5","1","0","0","0","360","231","129","5","3","2","1","0","1","46","24","22","-2"
"150136","Ball State University","2013","Tenured, professors","211","157","54","0","0","0","6","5","1","4","2","2","3","3","0","0","0","0","175","131","44","2","2","0","0","0","0","21","14","7","-2"
"150136","Ball State University","2013","Tenured, associate professors","191","99","92","0","0","0","3","2","1","4","2","2","3","2","1","0","0","0","154","83","71","3","1","2","1","0","1","23","9","14","-2"
"150136","Ball State University","2013","Tenured, assistant professors","33","18","15","0","0","0","0","0","0","0","0","0","0","0","0","0","0","0","31","17","14","0","0","0","0","0","0","2","1","1","-2"
"150136","Ball State University","2013","On-Tenure track total","213","108","105","0","0","0","4","4","0","2","0","2","6","3","3","0","0","0","156","78","78","1","0","1","1","1","0","43","22","21","-2"
"150136","Ball State University","2013","On-tenure track, professors","1","1","0","0","0","0","0","0","0","0","0","0","0","0","0","0","0","0","1","1","0","0","0","0","0","0","0","0","0","0","-2"
"150136","Ball State University","2013","On-tenure track, associate professors","42","21","21","0","0","0","2","2","0","0","0","0","1","0","1","0","0","0","31","14","17","0","0","0","0","0","0","8","5","3","-2"
"150136","Ball State University","2013","On-tenure track, assistant professors","170","86","84","0","0","0","2","2","0","2","0","2","5","3","2","0","0","0","124","63","61","1","0","1","1","1","0","35","17","18","-2"
"150136","Ball State University","2013","Not on tenure track/No tenure system system total","313","129","184","0","0","0","3","1","2","6","1","5","4","3","1","0","0","0","274","112","162","3","2","1","0","0","0","23","10","13","-2"
"150136","Ball State University","2013","Not on tenure/no tenure system, associate professors","4","2","2","0","0","0","0","0","0","0","0","0","0","0","0","0","0","0","3","2","1","0","0","0","0","0","0","1","0","1","-2"
"150136","Ball State University","2013","Not on tenure/no tenure system, assistant professors","101","45","56","0","0","0","1","0","1","4","0","4","3","2","1","0","0","0","84","39","45","0","0","0","0","0","0","9","4","5","-2"
"150136","Ball State University","2013","Not on tenure/no tenure system, instructors","201","75","126","0","0","0","2","1","1","2","1","1","1","1","0","0","0","0","182","66","116","1","0","1","0","0","0","13","6","7","-2"
"150136","Ball State University","2013","Not on tenure/no tenure system, lecturers","2","2","0","0","0","0","0","0","0","0","0","0","0","0","0","0","0","0","0","0","0","2","2","0","0","0","0","0","0","0","-2"
"150136","Ball State University","2013","Not on tenure/no tenure system, no academic rank","5","5","0","0","0","0","0","0","0","0","0","0","0","0","0","0","0","0","5","5","0","0","0","0","0","0","0","0","0","0","-2"
"151351","Indiana University-Bloomington","2013","Tenured total","991","682","309","1","1","0","74","48","26","34","17","17","35","22","13","0","0","0","836","585","251","10","8","2","1","1","0","0","0","0","-2"
"151351","Indiana University-Bloomington","2013","Tenured, professors","614","463","151","0","0","0","33","26","7","15","7","8","15","11","4","0","0","0","545","413","132","5","5","0","1","1","0","0","0","0","-2"
"151351","Indiana University-Bloomington","2013","Tenured, associate professors","377","219","158","1","1","0","41","22","19","19","10","9","20","11","9","0","0","0","291","172","119","5","3","2","0","0","0","0","0","0","-2"
"151351","Indiana University-Bloomington","2013","On-Tenure track total","366","222","144","0","0","0","63","36","27","19","12","7","20","14","6","1","1","0","260","156","104","3","3","0","0","0","0","0","0","0","-2"
"151351","Indiana University-Bloomington","2013","On-tenure track, professors","4","4","0","0","0","0","0","0","0","0","0","0","0","0","0","0","0","0","4","4","0","0","0","0","0","0","0","0","0","0","-2"
"151351","Indiana University-Bloomington","2013","On-tenure track, associate professors","73","44","29","0","0","0","9","5","4","6","4","2","4","1","3","0","0","0","53","33","20","1","1","0","0","0","0","0","0","0","-2"
"151351","Indiana University-Bloomington","2013","On-tenure track, assistant professors","289","174","115","0","0","0","54","31","23","13","8","5","16","13","3","1","1","0","203","119","84","2","2","0","0","0","0","0","0","0","-2"
"151351","Indiana University-Bloomington","2013","Not on tenure track/No tenure system system total","589","301","288","2","1","1","41","20","21","28","18","10","31","17","14","0","0","0","484","243","241","3","2","1","0","0","0","0","0","0","-2"
"151351","Indiana University-Bloomington","2013","Not on tenure/no tenure system, professors","53","38","15","0","0","0","5","3","2","5","3","2","1","1","0","0","0","0","41","30","11","1","1","0","0","0","0","0","0","0","-2"
"151351","Indiana University-Bloomington","2013","Not on tenure/no tenure system, associate professors","52","25","27","0","0","0","3","1","2","2","1","1","1","1","0","0","0","0","46","22","24","0","0","0","0","0","0","0","0","0","-2"
"151351","Indiana University-Bloomington","2013","Not on tenure/no tenure system, assistant professors","106","56","50","1","0","1","14","9","5","3","2","1","8","4","4","0","0","0","80","41","39","0","0","0","0","0","0","0","0","0","-2"
"151351","Indiana University-Bloomington","2013","Not on tenure/no tenure system, instructors","1","1","0","0","0","0","0","0","0","0","0","0","0","0","0","0","0","0","1","1","0","0","0","0","0","0","0","0","0","0","-2"
"151351","Indiana University-Bloomington","2013","Not on tenure/no tenure system, lecturers","372","179","193","0","0","0","19","7","12","18","12","6","21","11","10","0","0","0","313","149","164","1","0","1","0","0","0","0","0","0","-2"
"151351","Indiana University-Bloomington","2013","Not on tenure/no tenure system, no academic rank","5","2","3","1","1","0","0","0","0","0","0","0","0","0","0","0","0","0","3","0","3","1","1","0","0","0","0","0","0","0","-2"
"152600","Valparaiso University","2013","Tenured total","156","106","50","2","2","0","5","5","0","3","2","1","2","1","1","0","0","0","139","93","46","0","0","0","2","0","2","3","3","0","-2"
"152600","Valparaiso University","2013","Tenured, professors","65","48","17","2","2","0","2","2","0","0","0","0","1","1","0","0","0","0","60","43","17","0","0","0","0","0","0","0","0","0","-2"
"152600","Valparaiso University","2013","Tenured, associate professors","84","53","31","0","0","0","3","3","0","2","1","1","1","0","1","0","0","0","74","47","27","0","0","0","2","0","2","2","2","0","-2"
"152600","Valparaiso University","2013","Tenured, assistant professors","7","5","2","0","0","0","0","0","0","1","1","0","0","0","0","0","0","0","5","3","2","0","0","0","0","0","0","1","1","0","-2"
"152600","Valparaiso University","2013","On-Tenure track total","59","27","32","0","0","0","0","0","0","3","2","1","0","0","0","0","0","0","45","19","26","0","0","0","9","5","4","2","1","1","-2"
"152600","Valparaiso University","2013","On-tenure track, professors","1","1","0","0","0","0","0","0","0","0","0","0","0","0","0","0","0","0","1","1","0","0","0","0","0","0","0","0","0","0","-2"
"152600","Valparaiso University","2013","On-tenure track, associate professors","4","2","2","0","0","0","0","0","0","0","0","0","0","0","0","0","0","0","4","2","2","0","0","0","0","0","0","0","0","0","-2"
"152600","Valparaiso University","2013","On-tenure track, assistant professors","53","24","29","0","0","0","0","0","0","3","2","1","0","0","0","0","0","0","39","16","23","0","0","0","9","5","4","2","1","1","-2"
"152600","Valparaiso University","2013","On-tenure track, instructors","1","0","1","0","0","0","0","0","0","0","0","0","0","0","0","0","0","0","1","0","1","0","0","0","0","0","0","0","0","0","-2"
"152600","Valparaiso University","2013","Not on tenure track/No tenure system system total","47","27","20","0","0","0","0","0","0","1","0","1","0","0","0","0","0","0","29","13","16","0","0","0","15","12","3","2","2","0","-2"
"152600","Valparaiso University","2013","Not on tenure/no tenure system, professors","6","3","3","0","0","0","0","0","0","1","0","1","0","0","0","0","0","0","5","3","2","0","0","0","0","0","0","0","0","0","-2"
"152600","Valparaiso University","2013","Not on tenure/no tenure system, associate professors","2","2","0","0","0","0","0","0","0","0","0","0","0","0","0","0","0","0","2","2","0","0","0","0","0","0","0","0","0","0","-2"
"152600","Valparaiso University","2013","Not on tenure/no tenure system, assistant professors","16","11","5","0","0","0","0","0","0","0","0","0","0","0","0","0","0","0","7","2","5","0","0","0","8","8","0","1","1","0","-2"
"152600","Valparaiso University","2013","Not on tenure/no tenure system, instructors","4","2","2","0","0","0","0","0","0","0","0","0","0","0","0","0","0","0","0","0","0","0","0","0","4","2","2","0","0","0","-2"
"152600","Valparaiso University","2013","Not on tenure/no tenure system, lecturers","17","8","9","0","0","0","0","0","0","0","0","0","0","0","0","0","0","0","13","5","8","0","0","0","3","2","1","1","1","0","-2"
"152600","Valparaiso University","2013","Not on tenure/no tenure system, no academic rank","2","1","1","0","0","0","0","0","0","0","0","0","0","0","0","0","0","0","2","1","1","0","0","0","0","0","0","0","0","0","-2"
"153603","Iowa State University","2013","Tenured total","884","646","238","4","4","0","157","132","25","17","11","6","19","11","8","0","0","0","683","485","198","0","0","0","0","0","0","4","3","1","-2"
"153603","Iowa State University","2013","Tenured, professors","495","396","99","1","1","0","79","68","11","8","6","2","10","8","2","0","0","0","395","312","83","0","0","0","0","0","0","2","1","1","-2"
"153603","Iowa State University","2013","Tenured, associate professors","387","249","138","3","3","0","78","64","14","9","5","4","9","3","6","0","0","0","286","172","114","0","0","0","0","0","0","2","2","0","-2"
"153603","Iowa State University","2013","Tenured, assistant professors","2","1","1","0","0","0","0","0","0","0","0","0","0","0","0","0","0","0","2","1","1","0","0","0","0","0","0","0","0","0","-2"
"153603","Iowa State University","2013","On-Tenure track total","290","168","122","1","1","0","35","26","9","8","3","5","10","6","4","1","1","0","193","108","85","1","0","1","0","0","0","41","23","18","-2"
"153603","Iowa State University","2013","On-tenure track, associate professors","7","4","3","0","0","0","0","0","0","0","0","0","0","0","0","0","0","0","7","4","3","0","0","0","0","0","0","0","0","0","-2"
"153603","Iowa State University","2013","On-tenure track, assistant professors","283","164","119","1","1","0","35","26","9","8","3","5","10","6","4","1","1","0","186","104","82","1","0","1","0","0","0","41","23","18","-2"
"153603","Iowa State University","2013","Not on tenure track/No tenure system system total","247","106","141","1","0","1","14","8","6","7","3","4","6","3","3","0","0","0","203","86","117","2","1","1","0","0","0","14","5","9","-2"
"153603","Iowa State University","2013","Not on tenure/no tenure system, professors","6","5","1","0","0","0","1","1","0","0","0","0","0","0","0","0","0","0","3","3","0","0","0","0","0","0","0","2","1","1","-2"
"153603","Iowa State University","2013","Not on tenure/no tenure system, associate professors","5","4","1","0","0","0","1","1","0","0","0","0","0","0","0","0","0","0","4","3","1","0","0","0","0","0","0","0","0","0","-2"
"153603","Iowa State University","2013","Not on tenure/no tenure system, assistant professors","22","6","16","0","0","0","3","1","2","2","0","2","1","1","0","0","0","0","14","4","10","0","0","0","0","0","0","2","0","2","-2"
"153603","Iowa State University","2013","Not on tenure/no tenure system, instructors","28","12","16","0","0","0","0","0","0","0","0","0","0","0","0","0","0","0","24","9","15","0","0","0","0","0","0","4","3","1","-2"
"153603","Iowa State University","2013","Not on tenure/no tenure system, lecturers","186","79","107","1","0","1","9","5","4","5","3","2","5","2","3","0","0","0","158","67","91","2","1","1","0","0","0","6","1","5","-2"
"153658","University of Iowa","2013","Tenured total","1083","770","313","4","1","3","108","87","21","27","15","12","38","22","16","0","0","0","888","632","256","5","2","3","12","11","1","1","0","1","-2"
"153658","University of Iowa","2013","Tenured, professors","646","502","144","1","1","0","61","52","9","12","9","3","18","8","10","0","0","0","545","424","121","2","1","1","7","7","0","0","0","0","-2"
"153658","University of Iowa","2013","Tenured, associate professors","437","268","169","3","0","3","47","35","12","15","6","9","20","14","6","0","0","0","343","208","135","3","1","2","5","4","1","1","0","1","-2"
"153658","University of Iowa","2013","On-Tenure track total","368","216","152","3","0","3","57","41","16","8","3","5","18","10","8","0","0","0","231","131","100","3","1","2","7","4","3","41","26","15","-2"
"153658","University of Iowa","2013","On-tenure track, professors","1","1","0","0","0","0","0","0","0","0","0","0","0","0","0","0","0","0","0","0","0","0","0","0","0","0","0","1","1","0","-2"
"153658","University of Iowa","2013","On-tenure track, associate professors","25","16","9","0","0","0","4","4","0","0","0","0","2","1","1","0","0","0","11","6","5","1","1","0","3","2","1","4","2","2","-2"
"153658","University of Iowa","2013","On-tenure track, assistant professors","342","199","143","3","0","3","53","37","16","8","3","5","16","9","7","0","0","0","220","125","95","2","0","2","4","2","2","36","23","13","-2"
"153658","University of Iowa","2013","Not on tenure track/No tenure system system total","773","426","347","3","2","1","68","43","25","18","11","7","25","12","13","0","0","0","567","295","272","1","0","1","22","14","8","69","49","20","-2"
"153658","University of Iowa","2013","Not on tenure/no tenure system, professors","103","71","32","1","1","0","8","6","2","2","2","0","1","1","0","0","0","0","88","59","29","0","0","0","2","1","1","1","1","0","-2"
"153658","University of Iowa","2013","Not on tenure/no tenure system, associate professors","169","106","63","0","0","0","19","14","5","2","1","1","6","5","1","0","0","0","135","80","55","0","0","0","5","4","1","2","2","0","-2"
"153658","University of Iowa","2013","Not on tenure/no tenure system, assistant professors","295","149","146","0","0","0","27","16","11","12","7","5","11","5","6","0","0","0","200","91","109","0","0","0","11","7","4","34","23","11","-2"
"153658","University of Iowa","2013","Not on tenure/no tenure system, instructors","5","3","2","0","0","0","0","0","0","0","0","0","0","0","0","0","0","0","5","3","2","0","0","0","0","0","0","0","0","0","-2"
"153658","University of Iowa","2013","Not on tenure/no tenure system, lecturers","135","55","80","2","1","1","3","1","2","2","1","1","5","0","5","0","0","0","110","47","63","1","0","1","2","0","2","10","5","5","-2"
"153658","University of Iowa","2013","Not on tenure/no tenure system, no academic rank","66","42","24","0","0","0","11","6","5","0","0","0","2","1","1","0","0","0","29","15","14","0","0","0","2","2","0","22","18","4","-2"
"155317","University of Kansas","2013","Tenured total","985","692","293","4","3","1","105","85","20","32","20","12","30","20","10","0","0","0","798","558","240","11","3","8","1","1","0","4","2","2","-2"
"155317","University of Kansas","2013","Tenured, professors","516","402","114","2","1","1","48","43","5","16","8","8","16","14","2","0","0","0","433","335","98","0","0","0","1","1","0","0","0","0","-2"
"155317","University of Kansas","2013","Tenured, associate professors","467","290","177","2","2","0","57","42","15","16","12","4","14","6","8","0","0","0","363","223","140","11","3","8","0","0","0","4","2","2","-2"
"155317","University of Kansas","2013","Tenured, assistant professors","2","0","2","0","0","0","0","0","0","0","0","0","0","0","0","0","0","0","2","0","2","0","0","0","0","0","0","0","0","0","-2"
"155317","University of Kansas","2013","On-Tenure track total","314","172","142","4","1","3","51","27","24","14","6","8","15","8","7","0","0","0","187","105","82","4","2","2","3","1","2","36","22","14","-2"
"155317","University of Kansas","2013","On-tenure track, professors","3","2","1","0","0","0","1","1","0","0","0","0","0","0","0","0","0","0","2","1","1","0","0","0","0","0","0","0","0","0","-2"
"155317","University of Kansas","2013","On-tenure track, associate professors","29","19","10","1","1","0","5","4","1","2","1","1","3","2","1","0","0","0","17","11","6","0","0","0","0","0","0","1","0","1","-2"
"155317","University of Kansas","2013","On-tenure track, assistant professors","282","151","131","3","0","3","45","22","23","12","5","7","12","6","6","0","0","0","168","93","75","4","2","2","3","1","2","35","22","13","-2"
"155317","University of Kansas","2013","Not on tenure track/No tenure system system total","767","378","389","1","0","1","80","43","37","17","8","9","20","10","10","0","0","0","576","270","306","9","6","3","3","2","1","61","39","22","-2"
"155317","University of Kansas","2013","Not on tenure/no tenure system, professors","40","25","15","0","0","0","4","3","1","1","1","0","2","0","2","0","0","0","32","21","11","1","0","1","0","0","0","0","0","0","-2"
"155317","University of Kansas","2013","Not on tenure/no tenure system, associate professors","109","55","54","0","0","0","16","11","5","0","0","0","3","1","2","0","0","0","86","40","46","0","0","0","0","0","0","4","3","1","-2"
"155317","University of Kansas","2013","Not on tenure/no tenure system, assistant professors","430","223","207","1","0","1","50","27","23","11","5","6","11","6","5","0","0","0","301","148","153","4","3","1","2","1","1","50","33","17","-2"
"155317","University of Kansas","2013","Not on tenure/no tenure system, instructors","60","19","41","0","0","0","4","2","2","4","1","3","1","1","0","0","0","0","44","11","33","2","1","1","1","1","0","4","2","2","-2"
"155317","University of Kansas","2013","Not on tenure/no tenure system, lecturers","128","56","72","0","0","0","6","0","6","1","1","0","3","2","1","0","0","0","113","50","63","2","2","0","0","0","0","3","1","2","-2"
"157447","Northern Kentucky University","2013","Tenured total","256","144","112","0","0","0","15","8","7","10","8","2","2","2","0","0","0","0","227","126","101","1","0","1","0","0","0","1","0","1","-2"
"157447","Northern Kentucky University","2013","Tenured, professors","99","60","39","0","0","0","7","2","5","3","2","1","0","0","0","0","0","0","88","56","32","1","0","1","0","0","0","0","0","0","-2"
"157447","Northern Kentucky University","2013","Tenured, associate professors","155","83","72","0","0","0","8","6","2","7","6","1","2","2","0","0","0","0","137","69","68","0","0","0","0","0","0","1","0","1","-2"
"157447","Northern Kentucky University","2013","Tenured, assistant professors","2","1","1","0","0","0","0","0","0","0","0","0","0","0","0","0","0","0","2","1","1","0","0","0","0","0","0","0","0","0","-2"
"157447","Northern Kentucky University","2013","On-Tenure track total","122","51","71","1","1","0","5","2","3","9","5","4","6","3","3","0","0","0","93","35","58","2","1","1","0","0","0","6","4","2","-2"
"157447","Northern Kentucky University","2013","On-tenure track, associate professors","3","2","1","0","0","0","0","0","0","0","0","0","1","1","0","0","0","0","2","1","1","0","0","0","0","0","0","0","0","0","-2"
"157447","Northern Kentucky University","2013","On-tenure track, assistant professors","117","49","68","1","1","0","5","2","3","9","5","4","5","2","3","0","0","0","89","34","55","2","1","1","0","0","0","6","4","2","-2"
"157447","Northern Kentucky University","2013","On-tenure track, lecturers","2","0","2","0","0","0","0","0","0","0","0","0","0","0","0","0","0","0","2","0","2","0","0","0","0","0","0","0","0","0","-2"
"157447","Northern Kentucky University","2013","Not on tenure track/No tenure system system total","173","73","100","0","0","0","4","2","2","5","1","4","3","1","2","0","0","0","158","68","90","1","0","1","1","1","0","1","0","1","-2"
"157447","Northern Kentucky University","2013","Not on tenure/no tenure system, professors","1","1","0","0","0","0","0","0","0","0","0","0","0","0","0","0","0","0","1","1","0","0","0","0","0","0","0","0","0","0","-2"
"157447","Northern Kentucky University","2013","Not on tenure/no tenure system, assistant professors","2","1","1","0","0","0","0","0","0","0","0","0","0","0","0","0","0","0","2","1","1","0","0","0","0","0","0","0","0","0","-2"
"157447","Northern Kentucky University","2013","Not on tenure/no tenure system, instructors","3","2","1","0","0","0","0","0","0","0","0","0","0","0","0","0","0","0","3","2","1","0","0","0","0","0","0","0","0","0","-2"
"157447","Northern Kentucky University","2013","Not on tenure/no tenure system, lecturers","167","69","98","0","0","0","4","2","2","5","1","4","3","1","2","0","0","0","152","64","88","1","0","1","1","1","0","1","0","1","-2"
"157951","Western Kentucky University","2013","Tenured total","402","247","155","4","4","0","28","23","5","23","12","11","6","4","2","0","0","0","334","199","135","6","5","1","0","0","0","1","0","1","-2"
"157951","Western Kentucky University","2013","Tenured, professors","154","109","45","3","3","0","11","10","1","4","2","2","0","0","0","0","0","0","131","91","40","4","3","1","0","0","0","1","0","1","-2"
"157951","Western Kentucky University","2013","Tenured, associate professors","227","128","99","1","1","0","17","13","4","18","9","9","6","4","2","0","0","0","183","99","84","2","2","0","0","0","0","0","0","0","-2"
"157951","Western Kentucky University","2013","Tenured, assistant professors","21","10","11","0","0","0","0","0","0","1","1","0","0","0","0","0","0","0","20","9","11","0","0","0","0","0","0","0","0","0","-2"
"157951","Western Kentucky University","2013","On-Tenure track total","193","83","110","2","0","2","29","9","20","11","3","8","4","3","1","0","0","0","138","63","75","7","4","3","0","0","0","2","1","1","-2"
"157951","Western Kentucky University","2013","On-tenure track, professors","2","1","1","0","0","0","1","1","0","0","0","0","0","0","0","0","0","0","1","0","1","0","0","0","0","0","0","0","0","0","-2"
"157951","Western Kentucky University","2013","On-tenure track, associate professors","14","8","6","0","0","0","2","1","1","1","0","1","0","0","0","0","0","0","11","7","4","0","0","0","0","0","0","0","0","0","-2"
"157951","Western Kentucky University","2013","On-tenure track, assistant professors","177","74","103","2","0","2","26","7","19","10","3","7","4","3","1","0","0","0","126","56","70","7","4","3","0","0","0","2","1","1","-2"
"157951","Western Kentucky University","2013","Not on tenure track/No tenure system system total","193","60","133","0","0","0","9","2","7","8","2","6","5","3","2","0","0","0","166","51","115","4","2","2","0","0","0","1","0","1","-2"
"157951","Western Kentucky University","2013","Not on tenure/no tenure system, assistant professors","4","1","3","0","0","0","0","0","0","1","0","1","0","0","0","0","0","0","3","1","2","0","0","0","0","0","0","0","0","0","-2"
"157951","Western Kentucky University","2013","Not on tenure/no tenure system, instructors","154","42","112","0","0","0","7","1","6","5","2","3","5","3","2","0","0","0","133","34","99","3","2","1","0","0","0","1","0","1","-2"
"157951","Western Kentucky University","2013","Not on tenure/no tenure system, no academic rank","35","17","18","0","0","0","2","1","1","2","0","2","0","0","0","0","0","0","30","16","14","1","0","1","0","0","0","0","0","0","-2"
"159993","University of Louisiana at Monroe","2013","Tenured total","166","88","78","0","0","0","8","6","2","6","2","4","2","1","1","0","0","0","148","78","70","2","1","1","0","0","0","0","0","0","-2"
"159993","University of Louisiana at Monroe","2013","Tenured, professors","50","31","19","0","0","0","3","2","1","2","0","2","0","0","0","0","0","0","44","29","15","1","0","1","0","0","0","0","0","0","-2"
"159993","University of Louisiana at Monroe","2013","Tenured, associate professors","96","53","43","0","0","0","5","4","1","4","2","2","2","1","1","0","0","0","84","45","39","1","1","0","0","0","0","0","0","0","-2"
"159993","University of Louisiana at Monroe","2013","Tenured, assistant professors","20","4","16","0","0","0","0","0","0","0","0","0","0","0","0","0","0","0","20","4","16","0","0","0","0","0","0","0","0","0","-2"
"159993","University of Louisiana at Monroe","2013","On-Tenure track total","57","20","37","0","0","0","2","2","0","5","0","5","3","1","2","0","0","0","47","17","30","0","0","0","0","0","0","0","0","0","-2"
"159993","University of Louisiana at Monroe","2013","On-tenure track, associate professors","3","3","0","0","0","0","0","0","0","0","0","0","0","0","0","0","0","0","3","3","0","0","0","0","0","0","0","0","0","0","-2"
"159993","University of Louisiana at Monroe","2013","On-tenure track, assistant professors","54","17","37","0","0","0","2","2","0","5","0","5","3","1","2","0","0","0","44","14","30","0","0","0","0","0","0","0","0","0","-2"
"159993","University of Louisiana at Monroe","2013","Not on tenure track/No tenure system system total","72","26","46","1","1","0","1","0","1","5","1","4","2","0","2","0","0","0","63","24","39","0","0","0","0","0","0","0","0","0","-2"
"159993","University of Louisiana at Monroe","2013","Not on tenure/no tenure system, professors","1","1","0","0","0","0","0","0","0","0","0","0","0","0","0","0","0","0","1","1","0","0","0","0","0","0","0","0","0","0","-2"
"159993","University of Louisiana at Monroe","2013","Not on tenure/no tenure system, associate professors","8","1","7","0","0","0","0","0","0","1","0","1","0","0","0","0","0","0","7","1","6","0","0","0","0","0","0","0","0","0","-2"
"159993","University of Louisiana at Monroe","2013","Not on tenure/no tenure system, assistant professors","17","6","11","0","0","0","1","0","1","2","1","1","0","0","0","0","0","0","14","5","9","0","0","0","0","0","0","0","0","0","-2"
"159993","University of Louisiana at Monroe","2013","Not on tenure/no tenure system, instructors","45","18","27","1","1","0","0","0","0","2","0","2","2","0","2","0","0","0","40","17","23","0","0","0","0","0","0","0","0","0","-2"
"159993","University of Louisiana at Monroe","2013","Not on tenure/no tenure system, no academic rank","1","0","1","0","0","0","0","0","0","0","0","0","0","0","0","0","0","0","1","0","1","0","0","0","0","0","0","0","0","0","-2"
"160755","Tulane University of Louisiana","2013","Tenured total","422","306","116","1","1","0","41","35","6","17","8","9","16","14","2","0","0","0","338","242","96","5","3","2","2","2","0","2","1","1","-2"
"160755","Tulane University of Louisiana","2013","Tenured, professors","256","208","48","1","1","0","25","24","1","6","5","1","9","9","0","0","0","0","210","165","45","3","2","1","1","1","0","1","1","0","-2"
"160755","Tulane University of Louisiana","2013","Tenured, associate professors","166","98","68","0","0","0","16","11","5","11","3","8","7","5","2","0","0","0","128","77","51","2","1","1","1","1","0","1","0","1","-2"
"160755","Tulane University of Louisiana","2013","On-Tenure track total","190","105","85","0","0","0","37","22","15","7","4","3","8","1","7","0","0","0","105","55","50","1","0","1","2","1","1","30","22","8","-2"
"160755","Tulane University of Louisiana","2013","On-tenure track, professors","4","3","1","0","0","0","0","0","0","0","0","0","0","0","0","0","0","0","4","3","1","0","0","0","0","0","0","0","0","0","-2"
"160755","Tulane University of Louisiana","2013","On-tenure track, associate professors","23","13","10","0","0","0","8","5","3","1","1","0","0","0","0","0","0","0","11","6","5","1","0","1","0","0","0","2","1","1","-2"
"160755","Tulane University of Louisiana","2013","On-tenure track, assistant professors","162","88","74","0","0","0","29","17","12","6","3","3","8","1","7","0","0","0","89","45","44","0","0","0","2","1","1","28","21","7","-2"
"160755","Tulane University of Louisiana","2013","On-tenure track, no academic rank","1","1","0","0","0","0","0","0","0","0","0","0","0","0","0","0","0","0","1","1","0","0","0","0","0","0","0","0","0","0","-2"
"160755","Tulane University of Louisiana","2013","Not on tenure track/No tenure system system total","195","101","94","1","0","1","11","3","8","5","3","2","7","3","4","0","0","0","147","76","71","0","0","0","7","6","1","17","10","7","-2"
"160755","Tulane University of Louisiana","2013","Not on tenure/no tenure system, professors","3","1","2","0","0","0","0","0","0","0","0","0","0","0","0","0","0","0","2","0","2","0","0","0","1","1","0","0","0","0","-2"
"160755","Tulane University of Louisiana","2013","Not on tenure/no tenure system, assistant professors","43","21","22","1","0","1","4","3","1","2","0","2","2","1","1","0","0","0","25","12","13","0","0","0","3","2","1","6","3","3","-2"
"160755","Tulane University of Louisiana","2013","Not on tenure/no tenure system, instructors","7","2","5","0","0","0","0","0","0","0","0","0","0","0","0","0","0","0","7","2","5","0","0","0","0","0","0","0","0","0","-2"
"160755","Tulane University of Louisiana","2013","Not on tenure/no tenure system, lecturers","18","7","11","0","0","0","1","0","1","0","0","0","3","1","2","0","0","0","9","3","6","0","0","0","2","2","0","3","1","2","-2"
"160755","Tulane University of Louisiana","2013","Not on tenure/no tenure system, no academic rank","124","70","54","0","0","0","6","0","6","3","3","0","2","1","1","0","0","0","104","59","45","0","0","0","1","1","0","8","6","2","-2"
"162928","Johns Hopkins University","2013","Tenured total","907","719","188","1","1","0","76","61","15","15","12","3","22","20","2","0","0","0","788","621","167","0","0","0","0","0","0","5","4","1","-2"
"162928","Johns Hopkins University","2013","Tenured, professors","843","670","173","1","1","0","69","55","14","12","10","2","21","19","2","0","0","0","736","582","154","0","0","0","0","0","0","4","3","1","-2"
"162928","Johns Hopkins University","2013","Tenured, associate professors","64","49","15","0","0","0","7","6","1","3","2","1","1","1","0","0","0","0","52","39","13","0","0","0","0","0","0","1","1","0","-2"
"162928","Johns Hopkins University","2013","On-Tenure track total","1738","1006","732","6","3","3","355","224","131","89","29","60","37","24","13","4","2","2","1157","663","494","0","0","0","0","0","0","90","61","29","-2"
"162928","Johns Hopkins University","2013","On-tenure track, professors","4","3","1","0","0","0","0","0","0","0","0","0","1","1","0","0","0","0","3","2","1","0","0","0","0","0","0","0","0","0","-2"
"162928","Johns Hopkins University","2013","On-tenure track, associate professors","520","333","187","1","1","0","107","72","35","17","7","10","10","8","2","1","0","1","379","241","138","0","0","0","0","0","0","5","4","1","-2"
"162928","Johns Hopkins University","2013","On-tenure track, assistant professors","1047","579","468","4","2","2","197","125","72","54","18","36","25","15","10","2","1","1","693","370","323","0","0","0","0","0","0","72","48","24","-2"
"162928","Johns Hopkins University","2013","On-tenure track, instructors","165","90","75","1","0","1","50","27","23","18","4","14","1","0","1","1","1","0","81","49","32","0","0","0","0","0","0","13","9","4","-2"
"162928","Johns Hopkins University","2013","On-tenure track, no academic rank","2","1","1","0","0","0","1","0","1","0","0","0","0","0","0","0","0","0","1","1","0","0","0","0","0","0","0","0","0","0","-2"
"162928","Johns Hopkins University","2013","Not on tenure track/No tenure system system total","851","418","433","7","3","4","145","79","66","28","16","12","20","7","13","0","0","0","567","258","309","0","0","0","0","0","0","84","55","29","-2"
"162928","Johns Hopkins University","2013","Not on tenure/no tenure system, professors","24","17","7","0","0","0","1","1","0","0","0","0","0","0","0","0","0","0","23","16","7","0","0","0","0","0","0","0","0","0","-2"
"162928","Johns Hopkins University","2013","Not on tenure/no tenure system, associate professors","29","14","15","1","1","0","2","1","1","2","2","0","0","0","0","0","0","0","24","10","14","0","0","0","0","0","0","0","0","0","-2"
"162928","Johns Hopkins University","2013","Not on tenure/no tenure system, assistant professors","52","17","35","1","1","0","4","4","0","5","1","4","1","0","1","0","0","0","40","11","29","0","0","0","0","0","0","1","0","1","-2"
"162928","Johns Hopkins University","2013","Not on tenure/no tenure system, instructors","34","5","29","0","0","0","2","1","1","0","0","0","0","0","0","0","0","0","31","3","28","0","0","0","0","0","0","1","1","0","-2"
"162928","Johns Hopkins University","2013","Not on tenure/no tenure system, lecturers","176","70","106","0","0","0","21","6","15","5","2","3","6","1","5","0","0","0","136","57","79","0","0","0","0","0","0","8","4","4","-2"
"162928","Johns Hopkins University","2013","Not on tenure/no tenure system, no academic rank","536","295","241","5","1","4","115","66","49","16","11","5","13","6","7","0","0","0","313","161","152","0","0","0","0","0","0","74","50","24","-2"
"163268","University of Maryland-Baltimore County","2013","Tenured total","279","181","98","0","0","0","38","25","13","15","9","6","7","3","4","1","1","0","217","143","74","0","0","0","0","0","0","1","0","1","-2"
"163268","University of Maryland-Baltimore County","2013","Tenured, professors","138","106","32","0","0","0","19","18","1","4","3","1","1","1","0","1","1","0","113","83","30","0","0","0","0","0","0","0","0","0","-2"
"163268","University of Maryland-Baltimore County","2013","Tenured, associate professors","139","73","66","0","0","0","19","7","12","10","5","5","6","2","4","0","0","0","103","59","44","0","0","0","0","0","0","1","0","1","-2"
"163268","University of Maryland-Baltimore County","2013","Tenured, assistant professors","2","2","0","0","0","0","0","0","0","1","1","0","0","0","0","0","0","0","1","1","0","0","0","0","0","0","0","0","0","0","-2"
"163268","University of Maryland-Baltimore County","2013","On-Tenure track total","99","47","52","1","1","0","19","8","11","8","5","3","5","2","3","1","0","1","57","27","30","1","0","1","0","0","0","7","4","3","-2"
"163268","University of Maryland-Baltimore County","2013","On-tenure track, professors","1","0","1","0","0","0","0","0","0","0","0","0","0","0","0","0","0","0","1","0","1","0","0","0","0","0","0","0","0","0","-2"
"163268","University of Maryland-Baltimore County","2013","On-tenure track, associate professors","4","3","1","0","0","0","1","1","0","0","0","0","1","0","1","0","0","0","2","2","0","0","0","0","0","0","0","0","0","0","-2"
"163268","University of Maryland-Baltimore County","2013","On-tenure track, assistant professors","94","44","50","1","1","0","18","7","11","8","5","3","4","2","2","1","0","1","54","25","29","1","0","1","0","0","0","7","4","3","-2"
"163268","University of Maryland-Baltimore County","2013","Not on tenure track/No tenure system system total","127","52","75","0","0","0","7","2","5","4","2","2","5","1","4","1","1","0","108","44","64","0","0","0","0","0","0","2","2","0","-2"
"163268","University of Maryland-Baltimore County","2013","Not on tenure/no tenure system, professors","8","5","3","0","0","0","1","0","1","0","0","0","0","0","0","0","0","0","6","4","2","0","0","0","0","0","0","1","1","0","-2"
"163268","University of Maryland-Baltimore County","2013","Not on tenure/no tenure system, associate professors","7","2","5","0","0","0","0","0","0","1","1","0","0","0","0","0","0","0","6","1","5","0","0","0","0","0","0","0","0","0","-2"
"163268","University of Maryland-Baltimore County","2013","Not on tenure/no tenure system, assistant professors","11","5","6","0","0","0","0","0","0","0","0","0","2","1","1","0","0","0","9","4","5","0","0","0","0","0","0","0","0","0","-2"
"163268","University of Maryland-Baltimore County","2013","Not on tenure/no tenure system, instructors","12","3","9","0","0","0","0","0","0","0","0","0","0","0","0","0","0","0","12","3","9","0","0","0","0","0","0","0","0","0","-2"
"163268","University of Maryland-Baltimore County","2013","Not on tenure/no tenure system, lecturers","89","37","52","0","0","0","6","2","4","3","1","2","3","0","3","1","1","0","75","32","43","0","0","0","0","0","0","1","1","0","-2"
"163286","University of Maryland-College Park","2013","Tenured total","1077","780","297","1","1","0","151","114","37","39","20","19","36","20","16","0","0","0","796","586","210","5","4","1","38","25","13","11","10","1","-2"
"163286","University of Maryland-College Park","2013","Tenured, professors","632","488","144","0","0","0","76","58","18","16","10","6","20","12","8","0","0","0","496","390","106","2","2","0","15","10","5","7","6","1","-2"
"163286","University of Maryland-College Park","2013","Tenured, associate professors","443","290","153","1","1","0","75","56","19","23","10","13","16","8","8","0","0","0","298","194","104","3","2","1","23","15","8","4","4","0","-2"
"163286","University of Maryland-College Park","2013","Tenured, assistant professors","2","2","0","0","0","0","0","0","0","0","0","0","0","0","0","0","0","0","2","2","0","0","0","0","0","0","0","0","0","0","-2"
"163286","University of Maryland-College Park","2013","On-Tenure track total","300","164","136","0","0","0","47","24","23","23","12","11","17","9","8","1","0","1","124","65","59","2","1","1","53","29","24","33","24","9","-2"
"163286","University of Maryland-College Park","2013","On-tenure track, associate professors","1","1","0","0","0","0","1","1","0","0","0","0","0","0","0","0","0","0","0","0","0","0","0","0","0","0","0","0","0","0","-2"
"163286","University of Maryland-College Park","2013","On-tenure track, assistant professors","299","163","136","0","0","0","46","23","23","23","12","11","17","9","8","1","0","1","124","65","59","2","1","1","53","29","24","33","24","9","-2"
"163286","University of Maryland-College Park","2013","Not on tenure track/No tenure system system total","317","140","177","1","1","0","14","4","10","17","7","10","20","11","9","0","0","0","232","105","127","3","0","3","22","11","11","8","1","7","-2"
"163286","University of Maryland-College Park","2013","Not on tenure/no tenure system, professors","9","7","2","0","0","0","0","0","0","1","0","1","1","1","0","0","0","0","7","6","1","0","0","0","0","0","0","0","0","0","-2"
"163286","University of Maryland-College Park","2013","Not on tenure/no tenure system, associate professors","9","3","6","0","0","0","0","0","0","0","0","0","0","0","0","0","0","0","9","3","6","0","0","0","0","0","0","0","0","0","-2"
"163286","University of Maryland-College Park","2013","Not on tenure/no tenure system, assistant professors","18","5","13","0","0","0","0","0","0","1","0","1","2","0","2","0","0","0","13","5","8","1","0","1","1","0","1","0","0","0","-2"
"163286","University of Maryland-College Park","2013","Not on tenure/no tenure system, instructors","10","5","5","0","0","0","0","0","0","4","3","1","0","0","0","0","0","0","6","2","4","0","0","0","0","0","0","0","0","0","-2"
"163286","University of Maryland-College Park","2013","Not on tenure/no tenure system, lecturers","271","120","151","1","1","0","14","4","10","11","4","7","17","10","7","0","0","0","197","89","108","2","0","2","21","11","10","8","1","7","-2"
"163338","University of Maryland Eastern Shore","2013","Tenured total","98","66","32","0","0","0","16","8","8","38","28","10","2","2","0","0","0","0","39","26","13","0","0","0","2","1","1","1","1","0","-2"
"163338","University of Maryland Eastern Shore","2013","Tenured, professors","36","26","10","0","0","0","8","4","4","15","14","1","0","0","0","0","0","0","13","8","5","0","0","0","0","0","0","0","0","0","-2"
"163338","University of Maryland Eastern Shore","2013","Tenured, associate professors","54","33","21","0","0","0","8","4","4","20","12","8","2","2","0","0","0","0","23","15","8","0","0","0","1","0","1","0","0","0","-2"
"163338","University of Maryland Eastern Shore","2013","Tenured, assistant professors","8","7","1","0","0","0","0","0","0","3","2","1","0","0","0","0","0","0","3","3","0","0","0","0","1","1","0","1","1","0","-2"
"163338","University of Maryland Eastern Shore","2013","On-Tenure track total","55","33","22","3","1","2","9","9","0","14","8","6","0","0","0","0","0","0","20","9","11","2","2","0","1","1","0","6","3","3","-2"
"163338","University of Maryland Eastern Shore","2013","On-tenure track, associate professors","7","5","2","2","1","1","0","0","0","2","1","1","0","0","0","0","0","0","2","2","0","1","1","0","0","0","0","0","0","0","-2"
"163338","University of Maryland Eastern Shore","2013","On-tenure track, assistant professors","47","27","20","1","0","1","9","9","0","11","6","5","0","0","0","0","0","0","18","7","11","1","1","0","1","1","0","6","3","3","-2"
"163338","University of Maryland Eastern Shore","2013","On-tenure track, instructors","1","1","0","0","0","0","0","0","0","1","1","0","0","0","0","0","0","0","0","0","0","0","0","0","0","0","0","0","0","0","-2"
"163338","University of Maryland Eastern Shore","2013","Not on tenure track/No tenure system system total","62","25","37","0","0","0","7","4","3","22","10","12","3","1","2","0","0","0","29","10","19","0","0","0","0","0","0","1","0","1","-2"
"163338","University of Maryland Eastern Shore","2013","Not on tenure/no tenure system, professors","1","1","0","0","0","0","0","0","0","0","0","0","0","0","0","0","0","0","1","1","0","0","0","0","0","0","0","0","0","0","-2"
"163338","University of Maryland Eastern Shore","2013","Not on tenure/no tenure system, associate professors","3","1","2","0","0","0","1","0","1","1","0","1","0","0","0","0","0","0","1","1","0","0","0","0","0","0","0","0","0","0","-2"
"163338","University of Maryland Eastern Shore","2013","Not on tenure/no tenure system, assistant professors","7","3","4","0","0","0","2","1","1","1","1","0","0","0","0","0","0","0","4","1","3","0","0","0","0","0","0","0","0","0","-2"
"163338","University of Maryland Eastern Shore","2013","Not on tenure/no tenure system, instructors","1","1","0","0","0","0","0","0","0","1","1","0","0","0","0","0","0","0","0","0","0","0","0","0","0","0","0","0","0","0","-2"
"163338","University of Maryland Eastern Shore","2013","Not on tenure/no tenure system, lecturers","50","19","31","0","0","0","4","3","1","19","8","11","3","1","2","0","0","0","23","7","16","0","0","0","0","0","0","1","0","1","-2"
"163851","Salisbury University","2013","Tenured total","232","144","88","0","0","0","15","8","7","12","9","3","2","2","0","0","0","0","200","123","77","0","0","0","3","2","1","0","0","0","-2"
"163851","Salisbury University","2013","Tenured, professors","95","66","29","0","0","0","5","2","3","1","1","0","0","0","0","0","0","0","89","63","26","0","0","0","0","0","0","0","0","0","-2"
"163851","Salisbury University","2013","Tenured, associate professors","120","68","52","0","0","0","10","6","4","9","7","2","2","2","0","0","0","0","96","51","45","0","0","0","3","2","1","0","0","0","-2"
"163851","Salisbury University","2013","Tenured, assistant professors","17","10","7","0","0","0","0","0","0","2","1","1","0","0","0","0","0","0","15","9","6","0","0","0","0","0","0","0","0","0","-2"
"163851","Salisbury University","2013","On-Tenure track total","79","38","41","0","0","0","4","4","0","8","5","3","3","1","2","0","0","0","59","25","34","0","0","0","1","1","0","4","2","2","-2"
"163851","Salisbury University","2013","On-tenure track, assistant professors","71","36","35","0","0","0","4","4","0","7","4","3","2","1","1","0","0","0","53","24","29","0","0","0","1","1","0","4","2","2","-2"
"163851","Salisbury University","2013","On-tenure track, instructors","8","2","6","0","0","0","0","0","0","1","1","0","1","0","1","0","0","0","6","1","5","0","0","0","0","0","0","0","0","0","-2"
"163851","Salisbury University","2013","Not on tenure track/No tenure system system total","98","29","69","0","0","0","6","1","5","3","1","2","4","1","3","0","0","0","84","26","58","0","0","0","0","0","0","1","0","1","-2"
"163851","Salisbury University","2013","Not on tenure/no tenure system, lecturers","98","29","69","0","0","0","6","1","5","3","1","2","4","1","3","0","0","0","84","26","58","0","0","0","0","0","0","1","0","1","-2"
"164155","United States Naval Academy","2013","Tenured total","247","177","70","0","0","0","10","6","4","5","5","0","4","1","3","0","0","0","213","158","55","0","0","0","1","1","0","14","6","8","-2"
"164155","United States Naval Academy","2013","Tenured, professors","131","97","34","0","0","0","3","3","0","2","2","0","3","1","2","0","0","0","120","90","30","0","0","0","0","0","0","3","1","2","-2"
"164155","United States Naval Academy","2013","Tenured, associate professors","113","80","33","0","0","0","7","3","4","3","3","0","1","0","1","0","0","0","90","68","22","0","0","0","1","1","0","11","5","6","-2"
"164155","United States Naval Academy","2013","Tenured, no academic rank","3","0","3","0","0","0","0","0","0","0","0","0","0","0","0","0","0","0","3","0","3","0","0","0","0","0","0","0","0","0","-2"
"164155","United States Naval Academy","2013","On-Tenure track total","68","47","21","0","0","0","9","7","2","4","2","2","2","1","1","0","0","0","49","33","16","0","0","0","1","1","0","3","3","0","-2"
"164155","United States Naval Academy","2013","On-tenure track, professors","1","1","0","0","0","0","0","0","0","0","0","0","0","0","0","0","0","0","1","1","0","0","0","0","0","0","0","0","0","0","-2"
"164155","United States Naval Academy","2013","On-tenure track, associate professors","3","3","0","0","0","0","1","1","0","0","0","0","0","0","0","0","0","0","2","2","0","0","0","0","0","0","0","0","0","0","-2"
"164155","United States Naval Academy","2013","On-tenure track, assistant professors","64","43","21","0","0","0","8","6","2","4","2","2","2","1","1","0","0","0","46","30","16","0","0","0","1","1","0","3","3","0","-2"
"164155","United States Naval Academy","2013","Not on tenure track/No tenure system system total","55","36","19","0","0","0","1","0","1","3","1","2","0","0","0","0","0","0","49","35","14","0","0","0","0","0","0","2","0","2","-2"
"164155","United States Naval Academy","2013","Not on tenure/no tenure system, professors","26","20","6","0","0","0","0","0","0","1","1","0","0","0","0","0","0","0","24","19","5","0","0","0","0","0","0","1","0","1","-2"
"164155","United States Naval Academy","2013","Not on tenure/no tenure system, assistant professors","10","3","7","0","0","0","1","0","1","1","0","1","0","0","0","0","0","0","7","3","4","0","0","0","0","0","0","1","0","1","-2"
"164155","United States Naval Academy","2013","Not on tenure/no tenure system, instructors","17","13","4","0","0","0","0","0","0","1","0","1","0","0","0","0","0","0","16","13","3","0","0","0","0","0","0","0","0","0","-2"
"164155","United States Naval Academy","2013","Not on tenure/no tenure system, lecturers","1","0","1","0","0","0","0","0","0","0","0","0","0","0","0","0","0","0","1","0","1","0","0","0","0","0","0","0","0","0","-2"
"164155","United States Naval Academy","2013","Not on tenure/no tenure system, no academic rank","1","0","1","0","0","0","0","0","0","0","0","0","0","0","0","0","0","0","1","0","1","0","0","0","0","0","0","0","0","0","-2"
"166027","Harvard University","2013","Tenured total","1119","868","251","0","0","0","81","62","19","34","21","13","22","18","4","0","0","0","874","676","198","7","4","3","5","5","0","96","82","14","-2"
"166027","Harvard University","2013","Tenured, professors","1119","868","251","0","0","0","81","62","19","34","21","13","22","18","4","0","0","0","874","676","198","7","4","3","5","5","0","96","82","14","-2"
"166027","Harvard University","2013","On-Tenure track total","512","312","200","0","0","0","63","38","25","14","5","9","15","7","8","0","0","0","246","152","94","6","4","2","2","0","2","166","106","60","-2"
"166027","Harvard University","2013","On-tenure track, associate professors","220","134","86","0","0","0","18","8","10","5","1","4","6","2","4","0","0","0","119","77","42","0","0","0","1","0","1","71","46","25","-2"
"166027","Harvard University","2013","On-tenure track, no academic rank","292","178","114","0","0","0","45","30","15","9","4","5","9","5","4","0","0","0","127","75","52","6","4","2","1","0","1","95","60","35","-2"
"166027","Harvard University","2013","Not on tenure track/No tenure system system total","505","267","238","0","0","0","30","14","16","22","13","9","13","9","4","0","0","0","312","166","146","8","3","5","3","3","0","117","59","58","-2"
"166027","Harvard University","2013","Not on tenure/no tenure system, professors","96","68","28","0","0","0","3","2","1","8","4","4","3","3","0","0","0","0","58","40","18","2","2","0","1","1","0","21","16","5","-2"
"166027","Harvard University","2013","Not on tenure/no tenure system, associate professors","10","8","2","0","0","0","1","1","0","0","0","0","0","0","0","0","0","0","4","3","1","0","0","0","0","0","0","5","4","1","-2"
"166027","Harvard University","2013","Not on tenure/no tenure system, instructors","2","1","1","0","0","0","0","0","0","0","0","0","0","0","0","0","0","0","2","1","1","0","0","0","0","0","0","0","0","0","-2"
"166027","Harvard University","2013","Not on tenure/no tenure system, lecturers","7","5","2","0","0","0","1","1","0","0","0","0","0","0","0","0","0","0","0","0","0","0","0","0","0","0","0","6","4","2","-2"
"166027","Harvard University","2013","Not on tenure/no tenure system, no academic rank","390","185","205","0","0","0","25","10","15","14","9","5","10","6","4","0","0","0","248","122","126","6","1","5","2","2","0","85","35","50","-2"
"166513","University of Massachusetts-Lowell","2013","Tenured total","318","215","103","0","0","0","58","42","16","6","4","2","5","3","2","0","0","0","246","163","83","1","1","0","0","0","0","2","2","0","-2"
"166513","University of Massachusetts-Lowell","2013","Tenured, professors","179","136","43","0","0","0","37","28","9","2","1","1","1","1","0","0","0","0","139","106","33","0","0","0","0","0","0","0","0","0","-2"
"166513","University of Massachusetts-Lowell","2013","Tenured, associate professors","139","79","60","0","0","0","21","14","7","4","3","1","4","2","2","0","0","0","107","57","50","1","1","0","0","0","0","2","2","0","-2"
"166513","University of Massachusetts-Lowell","2013","On-Tenure track total","95","44","51","0","0","0","23","12","11","2","2","0","6","4","2","0","0","0","46","15","31","0","0","0","4","3","1","14","8","6","-2"
"166513","University of Massachusetts-Lowell","2013","On-tenure track, professors","1","1","0","0","0","0","0","0","0","0","0","0","0","0","0","0","0","0","1","1","0","0","0","0","0","0","0","0","0","0","-2"
"166513","University of Massachusetts-Lowell","2013","On-tenure track, associate professors","9","5","4","0","0","0","4","3","1","0","0","0","2","2","0","0","0","0","3","0","3","0","0","0","0","0","0","0","0","0","-2"
"166513","University of Massachusetts-Lowell","2013","On-tenure track, assistant professors","85","38","47","0","0","0","19","9","10","2","2","0","4","2","2","0","0","0","42","14","28","0","0","0","4","3","1","14","8","6","-2"
"166513","University of Massachusetts-Lowell","2013","Not on tenure track/No tenure system system total","128","57","71","0","0","0","8","5","3","2","1","1","1","1","0","0","0","0","109","43","66","1","1","0","1","1","0","6","5","1","-2"
"166513","University of Massachusetts-Lowell","2013","Not on tenure/no tenure system, associate professors","4","1","3","0","0","0","0","0","0","0","0","0","0","0","0","0","0","0","4","1","3","0","0","0","0","0","0","0","0","0","-2"
"166513","University of Massachusetts-Lowell","2013","Not on tenure/no tenure system, assistant professors","6","0","6","0","0","0","0","0","0","0","0","0","0","0","0","0","0","0","6","0","6","0","0","0","0","0","0","0","0","0","-2"
"166513","University of Massachusetts-Lowell","2013","Not on tenure/no tenure system, lecturers","82","39","43","0","0","0","5","3","2","1","1","0","1","1","0","0","0","0","70","30","40","1","1","0","0","0","0","4","3","1","-2"
"166513","University of Massachusetts-Lowell","2013","Not on tenure/no tenure system, no academic rank","36","17","19","0","0","0","3","2","1","1","0","1","0","0","0","0","0","0","29","12","17","0","0","0","1","1","0","2","2","0","-2"
"166629","University of Massachusetts-Amherst","2013","Tenured total","747","487","260","3","2","1","75","55","20","26","14","12","30","15","15","0","0","0","588","385","203","6","3","3","17","12","5","2","1","1","-2"
"166629","University of Massachusetts-Amherst","2013","Tenured, professors","464","342","122","1","1","0","36","30","6","13","7","6","12","8","4","0","0","0","390","288","102","3","1","2","9","7","2","0","0","0","-2"
"166629","University of Massachusetts-Amherst","2013","Tenured, associate professors","282","145","137","2","1","1","39","25","14","13","7","6","18","7","11","0","0","0","197","97","100","3","2","1","8","5","3","2","1","1","-2"
"166629","University of Massachusetts-Amherst","2013","Tenured, assistant professors","1","0","1","0","0","0","0","0","0","0","0","0","0","0","0","0","0","0","1","0","1","0","0","0","0","0","0","0","0","0","-2"
"166629","University of Massachusetts-Amherst","2013","On-Tenure track total","276","136","140","1","0","1","34","16","18","19","7","12","11","7","4","0","0","0","154","75","79","0","0","0","26","13","13","31","18","13","-2"
"166629","University of Massachusetts-Amherst","2013","On-tenure track, professors","3","2","1","0","0","0","0","0","0","0","0","0","0","0","0","0","0","0","3","2","1","0","0","0","0","0","0","0","0","0","-2"
"166629","University of Massachusetts-Amherst","2013","On-tenure track, associate professors","6","5","1","0","0","0","2","2","0","2","1","1","0","0","0","0","0","0","0","0","0","0","0","0","1","1","0","1","1","0","-2"
"166629","University of Massachusetts-Amherst","2013","On-tenure track, assistant professors","267","129","138","1","0","1","32","14","18","17","6","11","11","7","4","0","0","0","151","73","78","0","0","0","25","12","13","30","17","13","-2"
"166629","University of Massachusetts-Amherst","2013","Not on tenure track/No tenure system system total","237","110","127","3","0","3","7","2","5","7","2","5","6","1","5","0","0","0","185","88","97","5","3","2","9","6","3","15","8","7","-2"
"166629","University of Massachusetts-Amherst","2013","Not on tenure/no tenure system, associate professors","3","1","2","0","0","0","0","0","0","0","0","0","1","0","1","0","0","0","2","1","1","0","0","0","0","0","0","0","0","0","-2"
"166629","University of Massachusetts-Amherst","2013","Not on tenure/no tenure system, assistant professors","16","2","14","0","0","0","0","0","0","0","0","0","0","0","0","0","0","0","16","2","14","0","0","0","0","0","0","0","0","0","-2"
"166629","University of Massachusetts-Amherst","2013","Not on tenure/no tenure system, lecturers","218","107","111","3","0","3","7","2","5","7","2","5","5","1","4","0","0","0","167","85","82","5","3","2","9","6","3","15","8","7","-2"
"166683","Massachusetts Institute of Technology","2013","Tenured total","759","618","141","0","0","0","83","67","16","24","18","6","21","20","1","0","0","0","591","481","110","4","3","1","33","27","6","3","2","1","-2"
"166683","Massachusetts Institute of Technology","2013","Tenured, professors","640","529","111","0","0","0","64","55","9","16","13","3","13","12","1","0","0","0","517","426","91","2","1","1","25","20","5","3","2","1","-2"
"166683","Massachusetts Institute of Technology","2013","Tenured, associate professors","119","89","30","0","0","0","19","12","7","8","5","3","8","8","0","0","0","0","74","55","19","2","2","0","8","7","1","0","0","0","-2"
"166683","Massachusetts Institute of Technology","2013","On-Tenure track total","233","163","70","1","0","1","26","19","7","3","2","1","15","12","3","0","0","0","107","76","31","6","5","1","47","23","24","28","26","2","-2"
"166683","Massachusetts Institute of Technology","2013","On-tenure track, associate professors","65","45","20","0","0","0","10","6","4","1","1","0","6","6","0","0","0","0","34","22","12","4","4","0","10","6","4","0","0","0","-2"
"166683","Massachusetts Institute of Technology","2013","On-tenure track, assistant professors","168","118","50","1","0","1","16","13","3","2","1","1","9","6","3","0","0","0","73","54","19","2","1","1","37","17","20","28","26","2","-2"
"166683","Massachusetts Institute of Technology","2013","Not on tenure track/No tenure system system total","8","5","3","0","0","0","1","0","1","1","1","0","0","0","0","0","0","0","6","4","2","0","0","0","0","0","0","0","0","0","-2"
"166683","Massachusetts Institute of Technology","2013","Not on tenure/no tenure system, associate professors","7","4","3","0","0","0","1","0","1","1","1","0","0","0","0","0","0","0","5","3","2","0","0","0","0","0","0","0","0","0","-2"
"166683","Massachusetts Institute of Technology","2013","Not on tenure/no tenure system, assistant professors","1","1","0","0","0","0","0","0","0","0","0","0","0","0","0","0","0","0","1","1","0","0","0","0","0","0","0","0","0","0","-2"
"169248","Central Michigan University","2013","Tenured total","461","288","173","1","1","0","39","23","16","16","8","8","13","9","4","0","0","0","374","234","140","3","3","0","0","0","0","15","10","5","-2"
"169248","Central Michigan University","2013","Tenured, professors","291","192","99","1","1","0","29","20","9","11","5","6","6","4","2","0","0","0","235","155","80","0","0","0","0","0","0","9","7","2","-2"
"169248","Central Michigan University","2013","Tenured, associate professors","152","89","63","0","0","0","7","2","5","3","2","1","7","5","2","0","0","0","126","74","52","3","3","0","0","0","0","6","3","3","-2"
"169248","Central Michigan University","2013","Tenured, assistant professors","18","7","11","0","0","0","3","1","2","2","1","1","0","0","0","0","0","0","13","5","8","0","0","0","0","0","0","0","0","0","-2"
"169248","Central Michigan University","2013","On-Tenure track total","131","70","61","0","0","0","25","14","11","3","1","2","5","2","3","0","0","0","95","52","43","2","1","1","0","0","0","1","0","1","-2"
"169248","Central Michigan University","2013","On-tenure track, associate professors","5","3","2","0","0","0","1","1","0","0","0","0","0","0","0","0","0","0","4","2","2","0","0","0","0","0","0","0","0","0","-2"
"169248","Central Michigan University","2013","On-tenure track, assistant professors","124","66","58","0","0","0","23","12","11","3","1","2","5","2","3","0","0","0","90","50","40","2","1","1","0","0","0","1","0","1","-2"
"169248","Central Michigan University","2013","On-tenure track, instructors","1","0","1","0","0","0","0","0","0","0","0","0","0","0","0","0","0","0","1","0","1","0","0","0","0","0","0","0","0","0","-2"
"169248","Central Michigan University","2013","On-tenure track, lecturers","1","1","0","0","0","0","1","1","0","0","0","0","0","0","0","0","0","0","0","0","0","0","0","0","0","0","0","0","0","0","-2"
"169248","Central Michigan University","2013","Not on tenure track/No tenure system system total","164","91","73","4","3","1","7","4","3","3","2","1","3","2","1","0","0","0","145","80","65","0","0","0","0","0","0","2","0","2","-2"
"169248","Central Michigan University","2013","Not on tenure/no tenure system, professors","1","1","0","0","0","0","0","0","0","0","0","0","0","0","0","0","0","0","1","1","0","0","0","0","0","0","0","0","0","0","-2"
"169248","Central Michigan University","2013","Not on tenure/no tenure system, assistant professors","1","0","1","0","0","0","0","0","0","0","0","0","0","0","0","0","0","0","1","0","1","0","0","0","0","0","0","0","0","0","-2"
"169248","Central Michigan University","2013","Not on tenure/no tenure system, lecturers","156","86","70","3","2","1","6","3","3","2","2","0","3","2","1","0","0","0","140","77","63","0","0","0","0","0","0","2","0","2","-2"
"169248","Central Michigan University","2013","Not on tenure/no tenure system, no academic rank","6","4","2","1","1","0","1","1","0","1","0","1","0","0","0","0","0","0","3","2","1","0","0","0","0","0","0","0","0","0","-2"
"170976","University of Michigan-Ann Arbor","2013","Tenured total","2047","1450","597","9","7","2","256","190","66","87","55","32","82","49","33","2","0","2","1575","1124","451","18","12","6","9","7","2","9","6","3","-2"
"170976","University of Michigan-Ann Arbor","2013","Tenured, professors","1392","1043","349","5","4","1","156","124","32","57","35","22","43","26","17","1","0","1","1107","839","268","9","5","4","7","5","2","7","5","2","-2"
"170976","University of Michigan-Ann Arbor","2013","Tenured, associate professors","655","407","248","4","3","1","100","66","34","30","20","10","39","23","16","1","0","1","468","285","183","9","7","2","2","2","0","2","1","1","-2"
"170976","University of Michigan-Ann Arbor","2013","On-Tenure track total","635","390","245","1","0","1","120","80","40","27","18","9","29","17","12","0","0","0","380","225","155","10","7","3","12","7","5","56","36","20","-2"
"170976","University of Michigan-Ann Arbor","2013","On-tenure track, professors","1","1","0","0","0","0","0","0","0","0","0","0","0","0","0","0","0","0","1","1","0","0","0","0","0","0","0","0","0","0","-2"
"170976","University of Michigan-Ann Arbor","2013","On-tenure track, associate professors","20","14","6","0","0","0","1","1","0","1","1","0","0","0","0","0","0","0","15","10","5","0","0","0","0","0","0","3","2","1","-2"
"170976","University of Michigan-Ann Arbor","2013","On-tenure track, assistant professors","614","375","239","1","0","1","119","79","40","26","17","9","29","17","12","0","0","0","364","214","150","10","7","3","12","7","5","53","34","19","-2"
"170976","University of Michigan-Ann Arbor","2013","Not on tenure track/No tenure system system total","3289","1888","1401","4","3","1","464","267","197","85","37","48","102","40","62","1","0","1","1760","959","801","28","11","17","33","19","14","812","552","260","-2"
"170976","University of Michigan-Ann Arbor","2013","Not on tenure/no tenure system, professors","165","123","42","0","0","0","10","7","3","4","2","2","5","4","1","0","0","0","144","108","36","0","0","0","0","0","0","2","2","0","-2"
"170976","University of Michigan-Ann Arbor","2013","Not on tenure/no tenure system, associate professors","256","155","101","0","0","0","52","33","19","6","3","3","12","7","5","0","0","0","178","109","69","3","2","1","2","0","2","3","1","2","-2"
"170976","University of Michigan-Ann Arbor","2013","Not on tenure/no tenure system, assistant professors","604","334","270","1","1","0","117","68","49","18","9","9","16","6","10","0","0","0","396","215","181","7","2","5","10","6","4","39","27","12","-2"
"170976","University of Michigan-Ann Arbor","2013","Not on tenure/no tenure system, instructors","128","55","73","0","0","0","16","6","10","6","3","3","6","0","6","0","0","0","84","33","51","1","0","1","2","2","0","13","11","2","-2"
"170976","University of Michigan-Ann Arbor","2013","Not on tenure/no tenure system, lecturers","641","291","350","2","1","1","69","23","46","20","7","13","34","9","25","0","0","0","455","219","236","11","5","6","11","7","4","39","20","19","-2"
"170976","University of Michigan-Ann Arbor","2013","Not on tenure/no tenure system, no academic rank","1495","930","565","1","1","0","200","130","70","31","13","18","29","14","15","1","0","1","503","275","228","6","2","4","8","4","4","716","491","225","-2"
"171100","Michigan State University","2013","Tenured total","1430","1013","417","12","9","3","178","126","52","54","36","18","42","25","17","2","2","0","1135","812","323","4","1","3","0","0","0","3","2","1","-2"
"171100","Michigan State University","2013","Tenured, professors","863","663","200","7","6","1","92","71","21","27","19","8","16","12","4","1","1","0","718","553","165","2","1","1","0","0","0","0","0","0","-2"
"171100","Michigan State University","2013","Tenured, associate professors","567","350","217","5","3","2","86","55","31","27","17","10","26","13","13","1","1","0","417","259","158","2","0","2","0","0","0","3","2","1","-2"
"171100","Michigan State University","2013","On-Tenure track total","375","190","185","2","1","1","60","33","27","27","7","20","28","17","11","1","0","1","221","113","108","4","3","1","0","0","0","32","16","16","-2"
"171100","Michigan State University","2013","On-tenure track, associate professors","12","10","2","0","0","0","3","1","2","0","0","0","0","0","0","0","0","0","8","8","0","1","1","0","0","0","0","0","0","0","-2"
"171100","Michigan State University","2013","On-tenure track, assistant professors","363","180","183","2","1","1","57","32","25","27","7","20","28","17","11","1","0","1","213","105","108","3","2","1","0","0","0","32","16","16","-2"
"171100","Michigan State University","2013","Not on tenure track/No tenure system system total","770","401","369","1","0","1","82","44","38","31","20","11","21","14","7","1","0","1","551","277","274","1","0","1","0","0","0","82","46","36","-2"
"171100","Michigan State University","2013","Not on tenure/no tenure system, professors","69","51","18","0","0","0","9","6","3","6","5","1","1","1","0","0","0","0","50","36","14","0","0","0","0","0","0","3","3","0","-2"
"171100","Michigan State University","2013","Not on tenure/no tenure system, associate professors","118","80","38","0","0","0","12","6","6","5","4","1","3","2","1","0","0","0","96","66","30","0","0","0","0","0","0","2","2","0","-2"
"171100","Michigan State University","2013","Not on tenure/no tenure system, assistant professors","393","202","191","0","0","0","53","30","23","16","9","7","13","9","4","0","0","0","255","122","133","1","0","1","0","0","0","55","32","23","-2"
"171100","Michigan State University","2013","Not on tenure/no tenure system, instructors","183","65","118","0","0","0","8","2","6","4","2","2","2","0","2","1","0","1","146","52","94","0","0","0","0","0","0","22","9","13","-2"
"171100","Michigan State University","2013","Not on tenure/no tenure system, lecturers","7","3","4","1","0","1","0","0","0","0","0","0","2","2","0","0","0","0","4","1","3","0","0","0","0","0","0","0","0","0","-2"
"171128","Michigan Technological University","2013","Tenured total","218","170","48","0","0","0","31","27","4","2","1","1","4","3","1","0","0","0","156","119","37","0","0","0","25","20","5","0","0","0","-2"
"171128","Michigan Technological University","2013","Tenured, professors","98","80","18","0","0","0","17","14","3","0","0","0","2","1","1","0","0","0","74","60","14","0","0","0","5","5","0","0","0","0","-2"
"171128","Michigan Technological University","2013","Tenured, associate professors","119","89","30","0","0","0","14","13","1","2","1","1","2","2","0","0","0","0","81","58","23","0","0","0","20","15","5","0","0","0","-2"
"171128","Michigan Technological University","2013","Tenured, assistant professors","1","1","0","0","0","0","0","0","0","0","0","0","0","0","0","0","0","0","1","1","0","0","0","0","0","0","0","0","0","0","-2"
"171128","Michigan Technological University","2013","On-Tenure track total","116","81","35","0","0","0","23","18","5","1","0","1","2","1","1","0","0","0","48","27","21","1","1","0","10","8","2","31","26","5","-2"
"171128","Michigan Technological University","2013","On-tenure track, associate professors","7","6","1","0","0","0","3","3","0","0","0","0","0","0","0","0","0","0","2","1","1","0","0","0","2","2","0","0","0","0","-2"
"171128","Michigan Technological University","2013","On-tenure track, assistant professors","109","75","34","0","0","0","20","15","5","1","0","1","2","1","1","0","0","0","46","26","20","1","1","0","8","6","2","31","26","5","-2"
"171128","Michigan Technological University","2013","Not on tenure track/No tenure system system total","68","37","31","0","0","0","5","2","3","0","0","0","1","0","1","0","0","0","58","32","26","0","0","0","2","1","1","2","2","0","-2"
"171128","Michigan Technological University","2013","Not on tenure/no tenure system, assistant professors","1","1","0","0","0","0","0","0","0","0","0","0","0","0","0","0","0","0","0","0","0","0","0","0","0","0","0","1","1","0","-2"
"171128","Michigan Technological University","2013","Not on tenure/no tenure system, instructors","21","13","8","0","0","0","0","0","0","0","0","0","1","0","1","0","0","0","19","12","7","0","0","0","1","1","0","0","0","0","-2"
"171128","Michigan Technological University","2013","Not on tenure/no tenure system, lecturers","46","23","23","0","0","0","5","2","3","0","0","0","0","0","0","0","0","0","39","20","19","0","0","0","1","0","1","1","1","0","-2"
"174066","University of Minnesota-Twin Cities","2013","Tenured total","1797","1233","564","6","2","4","222","170","52","38","22","16","40","25","15","0","0","0","1459","989","470","14","10","4","3","3","0","15","12","3","-2"
"174066","University of Minnesota-Twin Cities","2013","Tenured, professors","1112","833","279","2","1","1","119","102","17","16","11","5","23","17","6","0","0","0","942","694","248","4","3","1","1","1","0","5","4","1","-2"
"174066","University of Minnesota-Twin Cities","2013","Tenured, associate professors","671","394","277","4","1","3","99","66","33","22","11","11","17","8","9","0","0","0","507","291","216","10","7","3","2","2","0","10","8","2","-2"
"174066","University of Minnesota-Twin Cities","2013","Tenured, assistant professors","3","2","1","0","0","0","0","0","0","0","0","0","0","0","0","0","0","0","3","2","1","0","0","0","0","0","0","0","0","0","-2"
"174066","University of Minnesota-Twin Cities","2013","Tenured, no academic rank","11","4","7","0","0","0","4","2","2","0","0","0","0","0","0","0","0","0","7","2","5","0","0","0","0","0","0","0","0","0","-2"
"174066","University of Minnesota-Twin Cities","2013","On-Tenure track total","431","250","181","5","3","2","66","41","25","14","6","8","20","8","12","0","0","0","266","150","116","10","6","4","7","6","1","43","30","13","-2"
"174066","University of Minnesota-Twin Cities","2013","On-tenure track, professors","2","2","0","0","0","0","0","0","0","0","0","0","0","0","0","0","0","0","1","1","0","0","0","0","0","0","0","1","1","0","-2"
"174066","University of Minnesota-Twin Cities","2013","On-tenure track, associate professors","34","18","16","0","0","0","8","5","3","2","2","0","3","0","3","0","0","0","19","9","10","1","1","0","0","0","0","1","1","0","-2"
"174066","University of Minnesota-Twin Cities","2013","On-tenure track, assistant professors","393","229","164","5","3","2","58","36","22","12","4","8","17","8","9","0","0","0","244","139","105","9","5","4","7","6","1","41","28","13","-2"
"174066","University of Minnesota-Twin Cities","2013","On-tenure track, instructors","1","1","0","0","0","0","0","0","0","0","0","0","0","0","0","0","0","0","1","1","0","0","0","0","0","0","0","0","0","0","-2"
"174066","University of Minnesota-Twin Cities","2013","On-tenure track, lecturers","1","0","1","0","0","0","0","0","0","0","0","0","0","0","0","0","0","0","1","0","1","0","0","0","0","0","0","0","0","0","-2"
"174066","University of Minnesota-Twin Cities","2013","Not on tenure track/No tenure system system total","730","400","330","3","0","3","111","70","41","11","6","5","25","15","10","1","1","0","517","269","248","8","5","3","9","4","5","45","30","15","-2"
"174066","University of Minnesota-Twin Cities","2013","Not on tenure/no tenure system, professors","51","40","11","0","0","0","7","6","1","0","0","0","1","1","0","0","0","0","43","33","10","0","0","0","0","0","0","0","0","0","-2"
"174066","University of Minnesota-Twin Cities","2013","Not on tenure/no tenure system, associate professors","135","97","38","0","0","0","17","14","3","4","4","0","4","2","2","0","0","0","108","75","33","0","0","0","1","1","0","1","1","0","-2"
"174066","University of Minnesota-Twin Cities","2013","Not on tenure/no tenure system, assistant professors","508","247","261","3","0","3","84","50","34","7","2","5","18","10","8","1","1","0","340","151","189","7","4","3","7","3","4","41","26","15","-2"
"174066","University of Minnesota-Twin Cities","2013","Not on tenure/no tenure system, instructors","35","15","20","0","0","0","3","0","3","0","0","0","2","2","0","0","0","0","25","9","16","1","1","0","1","0","1","3","3","0","-2"
"174066","University of Minnesota-Twin Cities","2013","Not on tenure/no tenure system, no academic rank","1","1","0","0","0","0","0","0","0","0","0","0","0","0","0","0","0","0","1","1","0","0","0","0","0","0","0","0","0","0","-2"
"174783","Saint Cloud State University","2013","Tenured total","339","201","138","3","1","2","49","32","17","18","14","4","15","8","7","0","0","0","245","142","103","1","0","1","7","3","4","1","1","0","-2"
"174783","Saint Cloud State University","2013","Tenured, professors","201","124","77","2","1","1","25","18","7","10","9","1","10","6","4","0","0","0","151","88","63","0","0","0","2","1","1","1","1","0","-2"
"174783","Saint Cloud State University","2013","Tenured, associate professors","128","69","59","1","0","1","24","14","10","8","5","3","5","2","3","0","0","0","84","46","38","1","0","1","5","2","3","0","0","0","-2"
"174783","Saint Cloud State University","2013","Tenured, assistant professors","10","8","2","0","0","0","0","0","0","0","0","0","0","0","0","0","0","0","10","8","2","0","0","0","0","0","0","0","0","0","-2"
"174783","Saint Cloud State University","2013","On-Tenure track total","44","18","26","1","0","1","2","1","1","2","1","1","3","2","1","0","0","0","31","12","19","0","0","0","1","0","1","4","2","2","-2"
"174783","Saint Cloud State University","2013","On-tenure track, professors","1","1","0","0","0","0","0","0","0","0","0","0","0","0","0","0","0","0","1","1","0","0","0","0","0","0","0","0","0","0","-2"
"174783","Saint Cloud State University","2013","On-tenure track, associate professors","4","1","3","0","0","0","0","0","0","0","0","0","0","0","0","0","0","0","4","1","3","0","0","0","0","0","0","0","0","0","-2"
"174783","Saint Cloud State University","2013","On-tenure track, assistant professors","39","16","23","1","0","1","2","1","1","2","1","1","3","2","1","0","0","0","26","10","16","0","0","0","1","0","1","4","2","2","-2"
"174783","Saint Cloud State University","2013","Not on tenure track/No tenure system system total","76","39","37","1","0","1","6","4","2","3","2","1","2","2","0","1","0","1","60","29","31","0","0","0","0","0","0","3","2","1","-2"
"174783","Saint Cloud State University","2013","Not on tenure/no tenure system, associate professors","10","5","5","0","0","0","1","0","1","0","0","0","0","0","0","0","0","0","9","5","4","0","0","0","0","0","0","0","0","0","-2"
"174783","Saint Cloud State University","2013","Not on tenure/no tenure system, assistant professors","53","30","23","0","0","0","4","3","1","3","2","1","2","2","0","1","0","1","40","21","19","0","0","0","0","0","0","3","2","1","-2"
"174783","Saint Cloud State University","2013","Not on tenure/no tenure system, instructors","13","4","9","1","0","1","1","1","0","0","0","0","0","0","0","0","0","0","11","3","8","0","0","0","0","0","0","0","0","0","-2"
"175856","Jackson State University","2013","Tenured total","175","114","61","1","1","0","33","30","3","96","53","43","2","1","1","0","0","0","36","23","13","0","0","0","0","0","0","7","6","1","-2"
"175856","Jackson State University","2013","Tenured, professors","66","48","18","1","1","0","14","13","1","32","22","10","1","1","0","0","0","0","18","11","7","0","0","0","0","0","0","0","0","0","-2"
"175856","Jackson State University","2013","Tenured, associate professors","79","45","34","0","0","0","15","14","1","45","18","27","1","0","1","0","0","0","15","11","4","0","0","0","0","0","0","3","2","1","-2"
"175856","Jackson State University","2013","Tenured, assistant professors","24","19","5","0","0","0","4","3","1","14","11","3","0","0","0","0","0","0","2","1","1","0","0","0","0","0","0","4","4","0","-2"
"175856","Jackson State University","2013","Tenured, instructors","3","1","2","0","0","0","0","0","0","2","1","1","0","0","0","0","0","0","1","0","1","0","0","0","0","0","0","0","0","0","-2"
"175856","Jackson State University","2013","Tenured, lecturers","3","1","2","0","0","0","0","0","0","3","1","2","0","0","0","0","0","0","0","0","0","0","0","0","0","0","0","0","0","0","-2"
"175856","Jackson State University","2013","On-Tenure track total","77","42","35","0","0","0","6","5","1","49","21","28","1","1","0","0","0","0","12","9","3","0","0","0","0","0","0","9","6","3","-2"
"175856","Jackson State University","2013","On-tenure track, professors","3","3","0","0","0","0","1","1","0","2","2","0","0","0","0","0","0","0","0","0","0","0","0","0","0","0","0","0","0","0","-2"
"175856","Jackson State University","2013","On-tenure track, associate professors","12","8","4","0","0","0","2","2","0","7","4","3","0","0","0","0","0","0","2","1","1","0","0","0","0","0","0","1","1","0","-2"
"175856","Jackson State University","2013","On-tenure track, assistant professors","60","31","29","0","0","0","3","2","1","38","15","23","1","1","0","0","0","0","10","8","2","0","0","0","0","0","0","8","5","3","-2"
"175856","Jackson State University","2013","On-tenure track, instructors","1","0","1","0","0","0","0","0","0","1","0","1","0","0","0","0","0","0","0","0","0","0","0","0","0","0","0","0","0","0","-2"
"175856","Jackson State University","2013","On-tenure track, lecturers","1","0","1","0","0","0","0","0","0","1","0","1","0","0","0","0","0","0","0","0","0","0","0","0","0","0","0","0","0","0","-2"
"175856","Jackson State University","2013","Not on tenure track/No tenure system system total","134","59","75","0","0","0","7","4","3","107","44","63","3","1","2","0","0","0","12","8","4","0","0","0","0","0","0","5","2","3","-2"
"175856","Jackson State University","2013","Not on tenure/no tenure system, professors","7","4","3","0","0","0","0","0","0","5","2","3","0","0","0","0","0","0","2","2","0","0","0","0","0","0","0","0","0","0","-2"
"175856","Jackson State University","2013","Not on tenure/no tenure system, associate professors","5","4","1","0","0","0","0","0","0","4","3","1","0","0","0","0","0","0","1","1","0","0","0","0","0","0","0","0","0","0","-2"
"175856","Jackson State University","2013","Not on tenure/no tenure system, assistant professors","39","18","21","0","0","0","4","3","1","26","9","17","1","1","0","0","0","0","3","3","0","0","0","0","0","0","0","5","2","3","-2"
"175856","Jackson State University","2013","Not on tenure/no tenure system, instructors","71","29","42","0","0","0","3","1","2","61","27","34","2","0","2","0","0","0","5","1","4","0","0","0","0","0","0","0","0","0","-2"
"175856","Jackson State University","2013","Not on tenure/no tenure system, lecturers","12","4","8","0","0","0","0","0","0","11","3","8","0","0","0","0","0","0","1","1","0","0","0","0","0","0","0","0","0","0","-2"
"176017","University of Mississippi","2013","Tenured total","365","248","117","1","1","0","6","4","2","24","11","13","3","2","1","0","0","0","309","212","97","19","16","3","0","0","0","3","2","1","-2"
"176017","University of Mississippi","2013","Tenured, professors","153","117","36","1","1","0","3","3","0","6","2","4","1","1","0","0","0","0","134","102","32","7","7","0","0","0","0","1","1","0","-2"
"176017","University of Mississippi","2013","Tenured, associate professors","209","129","80","0","0","0","3","1","2","18","9","9","2","1","1","0","0","0","172","108","64","12","9","3","0","0","0","2","1","1","-2"
"176017","University of Mississippi","2013","Tenured, assistant professors","3","2","1","0","0","0","0","0","0","0","0","0","0","0","0","0","0","0","3","2","1","0","0","0","0","0","0","0","0","0","-2"
"176017","University of Mississippi","2013","On-Tenure track total","178","99","79","0","0","0","2","1","1","13","4","9","1","1","0","1","0","1","132","75","57","5","2","3","0","0","0","24","16","8","-2"
"176017","University of Mississippi","2013","On-tenure track, professors","2","1","1","0","0","0","0","0","0","0","0","0","0","0","0","0","0","0","2","1","1","0","0","0","0","0","0","0","0","0","-2"
"176017","University of Mississippi","2013","On-tenure track, associate professors","6","5","1","0","0","0","0","0","0","0","0","0","0","0","0","0","0","0","4","4","0","1","1","0","0","0","0","1","0","1","-2"
"176017","University of Mississippi","2013","On-tenure track, assistant professors","170","93","77","0","0","0","2","1","1","13","4","9","1","1","0","1","0","1","126","70","56","4","1","3","0","0","0","23","16","7","-2"
"176017","University of Mississippi","2013","Not on tenure track/No tenure system system total","269","122","147","2","2","0","7","4","3","14","3","11","8","2","6","0","0","0","214","99","115","9","6","3","0","0","0","15","6","9","-2"
"176017","University of Mississippi","2013","Not on tenure/no tenure system, professors","15","13","2","1","1","0","2","2","0","0","0","0","0","0","0","0","0","0","10","8","2","2","2","0","0","0","0","0","0","0","-2"
"176017","University of Mississippi","2013","Not on tenure/no tenure system, associate professors","8","6","2","0","0","0","1","1","0","0","0","0","0","0","0","0","0","0","6","5","1","1","0","1","0","0","0","0","0","0","-2"
"176017","University of Mississippi","2013","Not on tenure/no tenure system, assistant professors","63","32","31","0","0","0","0","0","0","4","0","4","2","1","1","0","0","0","53","28","25","1","1","0","0","0","0","3","2","1","-2"
"176017","University of Mississippi","2013","Not on tenure/no tenure system, instructors","157","61","96","1","1","0","4","1","3","8","3","5","4","1","3","0","0","0","125","49","76","5","3","2","0","0","0","10","3","7","-2"
"176017","University of Mississippi","2013","Not on tenure/no tenure system, lecturers","26","10","16","0","0","0","0","0","0","2","0","2","2","0","2","0","0","0","20","9","11","0","0","0","0","0","0","2","1","1","-2"
"176044","Mississippi Valley State University","2013","Tenured total","61","33","28","0","0","0","12","9","3","39","20","19","1","0","1","0","0","0","9","4","5","0","0","0","0","0","0","0","0","0","-2"
"176044","Mississippi Valley State University","2013","Tenured, professors","12","10","2","0","0","0","4","4","0","5","4","1","0","0","0","0","0","0","3","2","1","0","0","0","0","0","0","0","0","0","-2"
"176044","Mississippi Valley State University","2013","Tenured, associate professors","31","18","13","0","0","0","7","4","3","17","12","5","1","0","1","0","0","0","6","2","4","0","0","0","0","0","0","0","0","0","-2"
"176044","Mississippi Valley State University","2013","Tenured, assistant professors","18","5","13","0","0","0","1","1","0","17","4","13","0","0","0","0","0","0","0","0","0","0","0","0","0","0","0","0","0","0","-2"
"176044","Mississippi Valley State University","2013","On-Tenure track total","42","22","20","0","0","0","4","4","0","29","12","17","0","0","0","0","0","0","9","6","3","0","0","0","0","0","0","0","0","0","-2"
"176044","Mississippi Valley State University","2013","On-tenure track, professors","3","1","2","0","0","0","0","0","0","2","1","1","0","0","0","0","0","0","1","0","1","0","0","0","0","0","0","0","0","0","-2"
"176044","Mississippi Valley State University","2013","On-tenure track, associate professors","7","4","3","0","0","0","0","0","0","6","4","2","0","0","0","0","0","0","1","0","1","0","0","0","0","0","0","0","0","0","-2"
"176044","Mississippi Valley State University","2013","On-tenure track, assistant professors","32","17","15","0","0","0","4","4","0","21","7","14","0","0","0","0","0","0","7","6","1","0","0","0","0","0","0","0","0","0","-2"
"176044","Mississippi Valley State University","2013","Not on tenure track/No tenure system system total","23","10","13","0","0","0","0","0","0","21","9","12","0","0","0","0","0","0","2","1","1","0","0","0","0","0","0","0","0","0","-2"
"176044","Mississippi Valley State University","2013","Not on tenure/no tenure system, instructors","23","10","13","0","0","0","0","0","0","21","9","12","0","0","0","0","0","0","2","1","1","0","0","0","0","0","0","0","0","0","-2"
"176080","Mississippi State University","2013","Tenured total","454","330","124","0","0","0","40","33","7","17","5","12","9","9","0","0","0","0","384","281","103","3","1","2","0","0","0","1","1","0","-2"
"176080","Mississippi State University","2013","Tenured, professors","239","191","48","0","0","0","19","17","2","9","4","5","6","6","0","0","0","0","205","164","41","0","0","0","0","0","0","0","0","0","-2"
"176080","Mississippi State University","2013","Tenured, associate professors","210","137","73","0","0","0","21","16","5","8","1","7","3","3","0","0","0","0","174","115","59","3","1","2","0","0","0","1","1","0","-2"
"176080","Mississippi State University","2013","Tenured, assistant professors","5","2","3","0","0","0","0","0","0","0","0","0","0","0","0","0","0","0","5","2","3","0","0","0","0","0","0","0","0","0","-2"
"176080","Mississippi State University","2013","On-Tenure track total","277","177","100","2","1","1","23","21","2","17","7","10","6","4","2","0","0","0","200","128","72","3","0","3","0","0","0","26","16","10","-2"
"176080","Mississippi State University","2013","On-tenure track, professors","1","1","0","0","0","0","0","0","0","0","0","0","0","0","0","0","0","0","1","1","0","0","0","0","0","0","0","0","0","0","-2"
"176080","Mississippi State University","2013","On-tenure track, associate professors","18","16","2","0","0","0","5","5","0","0","0","0","0","0","0","0","0","0","9","8","1","0","0","0","0","0","0","4","3","1","-2"
"176080","Mississippi State University","2013","On-tenure track, assistant professors","258","160","98","2","1","1","18","16","2","17","7","10","6","4","2","0","0","0","190","119","71","3","0","3","0","0","0","22","13","9","-2"
"176080","Mississippi State University","2013","Not on tenure track/No tenure system system total","209","70","139","2","1","1","4","1","3","13","2","11","5","0","5","1","0","1","181","64","117","1","1","0","0","0","0","2","1","1","-2"
"176080","Mississippi State University","2013","Not on tenure/no tenure system, assistant professors","9","3","6","0","0","0","0","0","0","2","0","2","1","0","1","0","0","0","6","3","3","0","0","0","0","0","0","0","0","0","-2"
"176080","Mississippi State University","2013","Not on tenure/no tenure system, instructors","144","48","96","1","1","0","3","1","2","9","2","7","3","0","3","1","0","1","125","42","83","1","1","0","0","0","0","1","1","0","-2"
"176080","Mississippi State University","2013","Not on tenure/no tenure system, lecturers","56","19","37","1","0","1","1","0","1","2","0","2","1","0","1","0","0","0","50","19","31","0","0","0","0","0","0","1","0","1","-2"
"178396","University of Missouri-Columbia","2013","Tenured total","796","568","228","1","1","0","113","91","22","22","13","9","22","16","6","1","1","0","617","429","188","2","2","0","15","12","3","3","3","0","-2"
"178396","University of Missouri-Columbia","2013","Tenured, professors","447","343","104","1","1","0","67","57","10","8","5","3","10","8","2","0","0","0","352","263","89","2","2","0","7","7","0","0","0","0","-2"
"178396","University of Missouri-Columbia","2013","Tenured, associate professors","348","225","123","0","0","0","46","34","12","14","8","6","12","8","4","1","1","0","264","166","98","0","0","0","8","5","3","3","3","0","-2"
"178396","University of Missouri-Columbia","2013","Tenured, assistant professors","1","0","1","0","0","0","0","0","0","0","0","0","0","0","0","0","0","0","1","0","1","0","0","0","0","0","0","0","0","0","-2"
"178396","University of Missouri-Columbia","2013","On-Tenure track total","270","153","117","2","2","0","27","20","7","13","6","7","17","6","11","1","0","1","173","98","75","2","0","2","2","2","0","33","19","14","-2"
"178396","University of Missouri-Columbia","2013","On-tenure track, professors","2","2","0","0","0","0","1","1","0","0","0","0","0","0","0","0","0","0","1","1","0","0","0","0","0","0","0","0","0","0","-2"
"178396","University of Missouri-Columbia","2013","On-tenure track, associate professors","19","11","8","0","0","0","3","2","1","0","0","0","1","1","0","0","0","0","15","8","7","0","0","0","0","0","0","0","0","0","-2"
"178396","University of Missouri-Columbia","2013","On-tenure track, assistant professors","249","140","109","2","2","0","23","17","6","13","6","7","16","5","11","1","0","1","157","89","68","2","0","2","2","2","0","33","19","14","-2"
"178396","University of Missouri-Columbia","2013","Not on tenure track/No tenure system system total","787","400","387","0","0","0","56","30","26","22","13","9","17","6","11","1","0","1","614","301","313","5","2","3","2","1","1","70","47","23","-2"
"178396","University of Missouri-Columbia","2013","Not on tenure/no tenure system, professors","63","44","19","0","0","0","1","1","0","1","1","0","1","0","1","0","0","0","60","42","18","0","0","0","0","0","0","0","0","0","-2"
"178396","University of Missouri-Columbia","2013","Not on tenure/no tenure system, associate professors","178","92","86","0","0","0","18","10","8","2","1","1","4","2","2","0","0","0","152","78","74","0","0","0","0","0","0","2","1","1","-2"
"178396","University of Missouri-Columbia","2013","Not on tenure/no tenure system, assistant professors","365","191","174","0","0","0","30","15","15","15","9","6","9","4","5","1","0","1","270","134","136","3","2","1","0","0","0","37","27","10","-2"
"178396","University of Missouri-Columbia","2013","Not on tenure/no tenure system, instructors","94","25","69","0","0","0","1","1","0","1","0","1","2","0","2","0","0","0","87","23","64","0","0","0","0","0","0","3","1","2","-2"
"178396","University of Missouri-Columbia","2013","Not on tenure/no tenure system, lecturers","14","4","10","0","0","0","2","0","2","0","0","0","1","0","1","0","0","0","8","3","5","2","0","2","1","1","0","0","0","0","-2"
"178396","University of Missouri-Columbia","2013","Not on tenure/no tenure system, no academic rank","73","44","29","0","0","0","4","3","1","3","2","1","0","0","0","0","0","0","37","21","16","0","0","0","1","0","1","28","18","10","-2"
"178411","Missouri University of Science and Technology","2013","Tenured total","200","167","33","0","0","0","47","39","8","5","4","1","3","3","0","0","0","0","136","114","22","2","2","0","0","0","0","7","5","2","-2"
"178411","Missouri University of Science and Technology","2013","Tenured, professors","110","96","14","0","0","0","26","23","3","3","2","1","2","2","0","0","0","0","77","67","10","0","0","0","0","0","0","2","2","0","-2"
"178411","Missouri University of Science and Technology","2013","Tenured, associate professors","90","71","19","0","0","0","21","16","5","2","2","0","1","1","0","0","0","0","59","47","12","2","2","0","0","0","0","5","3","2","-2"
"178411","Missouri University of Science and Technology","2013","On-Tenure track total","76","53","23","0","0","0","13","11","2","0","0","0","3","3","0","0","0","0","38","24","14","0","0","0","0","0","0","22","15","7","-2"
"178411","Missouri University of Science and Technology","2013","On-tenure track, associate professors","1","1","0","0","0","0","0","0","0","0","0","0","0","0","0","0","0","0","1","1","0","0","0","0","0","0","0","0","0","0","-2"
"178411","Missouri University of Science and Technology","2013","On-tenure track, assistant professors","75","52","23","0","0","0","13","11","2","0","0","0","3","3","0","0","0","0","37","23","14","0","0","0","0","0","0","22","15","7","-2"
"178411","Missouri University of Science and Technology","2013","Not on tenure track/No tenure system system total","63","40","23","0","0","0","3","3","0","1","0","1","2","1","1","0","0","0","40","21","19","0","0","0","1","1","0","16","14","2","-2"
"178411","Missouri University of Science and Technology","2013","Not on tenure/no tenure system, professors","2","2","0","0","0","0","0","0","0","0","0","0","0","0","0","0","0","0","1","1","0","0","0","0","0","0","0","1","1","0","-2"
"178411","Missouri University of Science and Technology","2013","Not on tenure/no tenure system, associate professors","10","4","6","0","0","0","1","1","0","0","0","0","0","0","0","0","0","0","9","3","6","0","0","0","0","0","0","0","0","0","-2"
"178411","Missouri University of Science and Technology","2013","Not on tenure/no tenure system, assistant professors","27","16","11","0","0","0","2","2","0","1","0","1","1","0","1","0","0","0","17","9","8","0","0","0","0","0","0","6","5","1","-2"
"178411","Missouri University of Science and Technology","2013","Not on tenure/no tenure system, lecturers","13","8","5","0","0","0","0","0","0","0","0","0","1","1","0","0","0","0","11","6","5","0","0","0","1","1","0","0","0","0","-2"
"178411","Missouri University of Science and Technology","2013","Not on tenure/no tenure system, no academic rank","11","10","1","0","0","0","0","0","0","0","0","0","0","0","0","0","0","0","2","2","0","0","0","0","0","0","0","9","8","1","-2"
"179159","Saint Louis University","2013","Tenured total","541","379","162","0","0","0","45","35","10","14","10","4","14","8","6","0","0","0","452","312","140","6","6","0","1","1","0","9","7","2","-2"
"179159","Saint Louis University","2013","Tenured, professors","312","250","62","0","0","0","26","22","4","2","2","0","6","4","2","0","0","0","271","215","56","4","4","0","0","0","0","3","3","0","-2"
"179159","Saint Louis University","2013","Tenured, associate professors","226","128","98","0","0","0","19","13","6","12","8","4","8","4","4","0","0","0","178","96","82","2","2","0","1","1","0","6","4","2","-2"
"179159","Saint Louis University","2013","Tenured, assistant professors","3","1","2","0","0","0","0","0","0","0","0","0","0","0","0","0","0","0","3","1","2","0","0","0","0","0","0","0","0","0","-2"
"179159","Saint Louis University","2013","On-Tenure track total","237","127","110","0","0","0","25","18","7","12","5","7","14","4","10","0","0","0","160","84","76","7","3","4","1","1","0","18","12","6","-2"
"179159","Saint Louis University","2013","On-tenure track, professors","8","5","3","0","0","0","1","1","0","0","0","0","0","0","0","0","0","0","7","4","3","0","0","0","0","0","0","0","0","0","-2"
"179159","Saint Louis University","2013","On-tenure track, associate professors","25","13","12","0","0","0","6","5","1","1","0","1","1","0","1","0","0","0","14","6","8","1","1","0","0","0","0","2","1","1","-2"
"179159","Saint Louis University","2013","On-tenure track, assistant professors","202","108","94","0","0","0","16","11","5","11","5","6","13","4","9","0","0","0","139","74","65","6","2","4","1","1","0","16","11","5","-2"
"179159","Saint Louis University","2013","On-tenure track, instructors","2","1","1","0","0","0","2","1","1","0","0","0","0","0","0","0","0","0","0","0","0","0","0","0","0","0","0","0","0","0","-2"
"179159","Saint Louis University","2013","Not on tenure track/No tenure system system total","570","280","290","0","0","0","63","31","32","18","6","12","20","13","7","0","0","0","426","206","220","9","1","8","4","3","1","30","20","10","-2"
"179159","Saint Louis University","2013","Not on tenure/no tenure system, professors","68","48","20","0","0","0","6","3","3","2","0","2","0","0","0","0","0","0","59","44","15","1","1","0","0","0","0","0","0","0","-2"
"179159","Saint Louis University","2013","Not on tenure/no tenure system, associate professors","126","72","54","0","0","0","16","11","5","2","1","1","3","1","2","0","0","0","101","55","46","0","0","0","0","0","0","4","4","0","-2"
"179159","Saint Louis University","2013","Not on tenure/no tenure system, assistant professors","265","115","150","0","0","0","35","15","20","7","4","3","13","9","4","0","0","0","184","74","110","6","0","6","3","2","1","17","11","6","-2"
"179159","Saint Louis University","2013","Not on tenure/no tenure system, instructors","111","45","66","0","0","0","6","2","4","7","1","6","4","3","1","0","0","0","82","33","49","2","0","2","1","1","0","9","5","4","-2"
"179867","Washington University in St Louis","2013","Tenured total","927","716","211","0","0","0","91","72","19","24","11","13","18","16","2","0","0","0","792","615","177","2","2","0","0","0","0","0","0","0","-2"
"179867","Washington University in St Louis","2013","Tenured, professors","644","526","118","0","0","0","45","40","5","14","8","6","13","12","1","0","0","0","571","465","106","1","1","0","0","0","0","0","0","0","-2"
"179867","Washington University in St Louis","2013","Tenured, associate professors","283","190","93","0","0","0","46","32","14","10","3","7","5","4","1","0","0","0","221","150","71","1","1","0","0","0","0","0","0","0","-2"
"179867","Washington University in St Louis","2013","On-Tenure track total","352","221","131","1","1","0","76","51","25","19","8","11","16","11","5","1","0","1","236","149","87","2","1","1","0","0","0","1","0","1","-2"
"179867","Washington University in St Louis","2013","On-tenure track, professors","1","0","1","0","0","0","0","0","0","0","0","0","0","0","0","0","0","0","1","0","1","0","0","0","0","0","0","0","0","0","-2"
"179867","Washington University in St Louis","2013","On-tenure track, associate professors","18","11","7","0","0","0","3","1","2","1","1","0","0","0","0","0","0","0","13","8","5","1","1","0","0","0","0","0","0","0","-2"
"179867","Washington University in St Louis","2013","On-tenure track, assistant professors","333","210","123","1","1","0","73","50","23","18","7","11","16","11","5","1","0","1","222","141","81","1","0","1","0","0","0","1","0","1","-2"
"179867","Washington University in St Louis","2013","Not on tenure track/No tenure system system total","262","128","134","0","0","0","33","13","20","6","4","2","10","3","7","0","0","0","203","104","99","2","0","2","0","0","0","8","4","4","-2"
"179867","Washington University in St Louis","2013","Not on tenure/no tenure system, professors","29","18","11","0","0","0","1","0","1","1","1","0","1","0","1","0","0","0","23","14","9","0","0","0","0","0","0","3","3","0","-2"
"179867","Washington University in St Louis","2013","Not on tenure/no tenure system, associate professors","1","1","0","0","0","0","0","0","0","0","0","0","0","0","0","0","0","0","1","1","0","0","0","0","0","0","0","0","0","0","-2"
"179867","Washington University in St Louis","2013","Not on tenure/no tenure system, assistant professors","8","5","3","0","0","0","1","1","0","0","0","0","0","0","0","0","0","0","7","4","3","0","0","0","0","0","0","0","0","0","-2"
"179867","Washington University in St Louis","2013","Not on tenure/no tenure system, instructors","32","22","10","0","0","0","10","6","4","0","0","0","1","1","0","0","0","0","21","15","6","0","0","0","0","0","0","0","0","0","-2"
"179867","Washington University in St Louis","2013","Not on tenure/no tenure system, lecturers","170","75","95","0","0","0","20","6","14","5","3","2","8","2","6","0","0","0","131","63","68","1","0","1","0","0","0","5","1","4","-2"
"179867","Washington University in St Louis","2013","Not on tenure/no tenure system, no academic rank","22","7","15","0","0","0","1","0","1","0","0","0","0","0","0","0","0","0","20","7","13","1","0","1","0","0","0","0","0","0","-2"
"180461","Montana State University","2013","Tenured total","323","227","96","1","1","0","11","6","5","0","0","0","0","0","0","0","0","0","303","213","90","2","2","0","6","5","1","0","0","0","-2"
"180461","Montana State University","2013","Tenured, professors","178","142","36","1","1","0","4","3","1","0","0","0","0","0","0","0","0","0","169","135","34","2","2","0","2","1","1","0","0","0","-2"
"180461","Montana State University","2013","Tenured, associate professors","138","82","56","0","0","0","7","3","4","0","0","0","0","0","0","0","0","0","128","76","52","0","0","0","3","3","0","0","0","0","-2"
"180461","Montana State University","2013","Tenured, assistant professors","3","0","3","0","0","0","0","0","0","0","0","0","0","0","0","0","0","0","3","0","3","0","0","0","0","0","0","0","0","0","-2"
"180461","Montana State University","2013","Tenured, instructors","4","3","1","0","0","0","0","0","0","0","0","0","0","0","0","0","0","0","3","2","1","0","0","0","1","1","0","0","0","0","-2"
"180461","Montana State University","2013","On-Tenure track total","143","75","68","2","1","1","11","5","6","0","0","0","4","3","1","0","0","0","122","63","59","0","0","0","4","3","1","0","0","0","-2"
"180461","Montana State University","2013","On-tenure track, associate professors","6","3","3","0","0","0","0","0","0","0","0","0","0","0","0","0","0","0","6","3","3","0","0","0","0","0","0","0","0","0","-2"
"180461","Montana State University","2013","On-tenure track, assistant professors","131","69","62","2","1","1","11","5","6","0","0","0","4","3","1","0","0","0","110","57","53","0","0","0","4","3","1","0","0","0","-2"
"180461","Montana State University","2013","On-tenure track, instructors","6","3","3","0","0","0","0","0","0","0","0","0","0","0","0","0","0","0","6","3","3","0","0","0","0","0","0","0","0","0","-2"
"180461","Montana State University","2013","Not on tenure track/No tenure system system total","30","11","19","0","0","0","0","0","0","0","0","0","0","0","0","0","0","0","30","11","19","0","0","0","0","0","0","0","0","0","-2"
"180461","Montana State University","2013","Not on tenure/no tenure system, instructors","30","11","19","0","0","0","0","0","0","0","0","0","0","0","0","0","0","0","30","11","19","0","0","0","0","0","0","0","0","0","-2"
"181002","Creighton University","2013","Tenured total","387","265","122","0","0","0","30","26","4","9","4","5","9","6","3","0","0","0","333","224","109","0","0","0","0","0","0","6","5","1","-2"
"181002","Creighton University","2013","Tenured, professors","163","127","36","0","0","0","19","18","1","2","0","2","2","2","0","0","0","0","139","106","33","0","0","0","0","0","0","1","1","0","-2"
"181002","Creighton University","2013","Tenured, associate professors","194","120","74","0","0","0","11","8","3","6","3","3","7","4","3","0","0","0","165","101","64","0","0","0","0","0","0","5","4","1","-2"
"181002","Creighton University","2013","Tenured, assistant professors","30","18","12","0","0","0","0","0","0","1","1","0","0","0","0","0","0","0","29","17","12","0","0","0","0","0","0","0","0","0","-2"
"181002","Creighton University","2013","On-Tenure track total","106","57","49","3","2","1","5","3","2","1","0","1","5","3","2","0","0","0","84","42","42","0","0","0","0","0","0","8","7","1","-2"
"181002","Creighton University","2013","On-tenure track, professors","6","4","2","1","1","0","0","0","0","0","0","0","0","0","0","0","0","0","5","3","2","0","0","0","0","0","0","0","0","0","-2"
"181002","Creighton University","2013","On-tenure track, associate professors","11","4","7","1","1","0","1","1","0","0","0","0","1","0","1","0","0","0","7","2","5","0","0","0","0","0","0","1","0","1","-2"
"181002","Creighton University","2013","On-tenure track, assistant professors","81","45","36","1","0","1","4","2","2","1","0","1","4","3","1","0","0","0","64","33","31","0","0","0","0","0","0","7","7","0","-2"
"181002","Creighton University","2013","On-tenure track, instructors","8","4","4","0","0","0","0","0","0","0","0","0","0","0","0","0","0","0","8","4","4","0","0","0","0","0","0","0","0","0","-2"
"181002","Creighton University","2013","Not on tenure track/No tenure system system total","145","59","86","1","1","0","7","4","3","5","2","3","2","1","1","0","0","0","126","49","77","0","0","0","0","0","0","4","2","2","-2"
"181002","Creighton University","2013","Not on tenure/no tenure system, professors","7","5","2","0","0","0","0","0","0","0","0","0","0","0","0","0","0","0","7","5","2","0","0","0","0","0","0","0","0","0","-2"
"181002","Creighton University","2013","Not on tenure/no tenure system, associate professors","21","12","9","0","0","0","1","0","1","0","0","0","1","1","0","0","0","0","19","11","8","0","0","0","0","0","0","0","0","0","-2"
"181002","Creighton University","2013","Not on tenure/no tenure system, assistant professors","93","29","64","0","0","0","1","0","1","2","0","2","1","0","1","0","0","0","86","28","58","0","0","0","0","0","0","3","1","2","-2"
"181002","Creighton University","2013","Not on tenure/no tenure system, instructors","24","13","11","1","1","0","5","4","1","3","2","1","0","0","0","0","0","0","14","5","9","0","0","0","0","0","0","1","1","0","-2"
"181464","University of Nebraska-Lincoln","2013","Tenured total","767","567","200","6","2","4","70","55","15","18","9","9","26","22","4","0","0","0","647","479","168","0","0","0","0","0","0","0","0","0","-2"
"181464","University of Nebraska-Lincoln","2013","Tenured, professors","487","392","95","2","1","1","32","30","2","5","3","2","12","11","1","0","0","0","436","347","89","0","0","0","0","0","0","0","0","0","-2"
"181464","University of Nebraska-Lincoln","2013","Tenured, associate professors","278","174","104","4","1","3","38","25","13","13","6","7","14","11","3","0","0","0","209","131","78","0","0","0","0","0","0","0","0","0","-2"
"181464","University of Nebraska-Lincoln","2013","Tenured, assistant professors","2","1","1","0","0","0","0","0","0","0","0","0","0","0","0","0","0","0","2","1","1","0","0","0","0","0","0","0","0","0","-2"
"181464","University of Nebraska-Lincoln","2013","On-Tenure track total","269","171","98","0","0","0","47","30","17","9","1","8","8","6","2","1","0","1","177","114","63","1","0","1","0","0","0","26","20","6","-2"
"181464","University of Nebraska-Lincoln","2013","On-tenure track, associate professors","41","25","16","0","0","0","10","7","3","5","0","5","0","0","0","0","0","0","25","17","8","0","0","0","0","0","0","1","1","0","-2"
"181464","University of Nebraska-Lincoln","2013","On-tenure track, assistant professors","228","146","82","0","0","0","37","23","14","4","1","3","8","6","2","1","0","1","152","97","55","1","0","1","0","0","0","25","19","6","-2"
"181464","University of Nebraska-Lincoln","2013","Not on tenure track/No tenure system system total","200","77","123","1","0","1","12","6","6","4","0","4","7","3","4","0","0","0","171","66","105","0","0","0","0","0","0","5","2","3","-2"
"181464","University of Nebraska-Lincoln","2013","Not on tenure/no tenure system, professors","1","0","1","0","0","0","0","0","0","0","0","0","0","0","0","0","0","0","1","0","1","0","0","0","0","0","0","0","0","0","-2"
"181464","University of Nebraska-Lincoln","2013","Not on tenure/no tenure system, assistant professors","1","1","0","0","0","0","0","0","0","0","0","0","0","0","0","0","0","0","1","1","0","0","0","0","0","0","0","0","0","0","-2"
"181464","University of Nebraska-Lincoln","2013","Not on tenure/no tenure system, lecturers","198","76","122","1","0","1","12","6","6","4","0","4","7","3","4","0","0","0","169","65","104","0","0","0","0","0","0","5","2","3","-2"
"182281","University of Nevada-Las Vegas","2013","Tenured total","512","364","148","5","3","2","75","57","18","16","11","5","25","14","11","0","0","0","385","276","109","3","1","2","0","0","0","3","2","1","-2"
"182281","University of Nevada-Las Vegas","2013","Tenured, professors","279","213","66","3","1","2","41","33","8","9","6","3","10","8","2","0","0","0","215","165","50","1","0","1","0","0","0","0","0","0","-2"
"182281","University of Nevada-Las Vegas","2013","Tenured, associate professors","228","147","81","1","1","0","34","24","10","7","5","2","15","6","9","0","0","0","166","108","58","2","1","1","0","0","0","3","2","1","-2"
"182281","University of Nevada-Las Vegas","2013","Tenured, assistant professors","5","4","1","1","1","0","0","0","0","0","0","0","0","0","0","0","0","0","4","3","1","0","0","0","0","0","0","0","0","0","-2"
"182281","University of Nevada-Las Vegas","2013","On-Tenure track total","149","69","80","1","0","1","23","11","12","8","3","5","5","3","2","1","1","0","94","40","54","3","2","1","0","0","0","14","9","5","-2"
"182281","University of Nevada-Las Vegas","2013","On-tenure track, associate professors","26","12","14","0","0","0","2","1","1","1","1","0","1","0","1","1","1","0","20","8","12","1","1","0","0","0","0","0","0","0","-2"
"182281","University of Nevada-Las Vegas","2013","On-tenure track, assistant professors","122","57","65","1","0","1","21","10","11","6","2","4","4","3","1","0","0","0","74","32","42","2","1","1","0","0","0","14","9","5","-2"
"182281","University of Nevada-Las Vegas","2013","On-tenure track, instructors","1","0","1","0","0","0","0","0","0","1","0","1","0","0","0","0","0","0","0","0","0","0","0","0","0","0","0","0","0","0","-2"
"182281","University of Nevada-Las Vegas","2013","Not on tenure track/No tenure system system total","210","106","104","2","2","0","20","10","10","8","1","7","11","2","9","0","0","0","157","88","69","4","0","4","0","0","0","8","3","5","-2"
"182281","University of Nevada-Las Vegas","2013","Not on tenure/no tenure system, professors","5","5","0","0","0","0","0","0","0","0","0","0","0","0","0","0","0","0","5","5","0","0","0","0","0","0","0","0","0","0","-2"
"182281","University of Nevada-Las Vegas","2013","Not on tenure/no tenure system, associate professors","29","20","9","0","0","0","4","3","1","1","0","1","1","0","1","0","0","0","23","17","6","0","0","0","0","0","0","0","0","0","-2"
"182281","University of Nevada-Las Vegas","2013","Not on tenure/no tenure system, assistant professors","98","51","47","2","2","0","11","5","6","5","1","4","5","1","4","0","0","0","65","39","26","2","0","2","0","0","0","8","3","5","-2"
"182281","University of Nevada-Las Vegas","2013","Not on tenure/no tenure system, lecturers","75","28","47","0","0","0","4","1","3","2","0","2","5","1","4","0","0","0","62","26","36","2","0","2","0","0","0","0","0","0","-2"
"182281","University of Nevada-Las Vegas","2013","Not on tenure/no tenure system, no academic rank","3","2","1","0","0","0","1","1","0","0","0","0","0","0","0","0","0","0","2","1","1","0","0","0","0","0","0","0","0","0","-2"
"182290","University of Nevada-Reno","2013","Tenured total","402","263","139","2","1","1","37","29","8","3","3","0","18","13","5","0","0","0","339","215","124","3","2","1","0","0","0","0","0","0","-2"
"182290","University of Nevada-Reno","2013","Tenured, professors","191","143","48","1","1","0","18","15","3","0","0","0","6","4","2","0","0","0","164","121","43","2","2","0","0","0","0","0","0","0","-2"
"182290","University of Nevada-Reno","2013","Tenured, associate professors","209","119","90","1","0","1","19","14","5","3","3","0","11","8","3","0","0","0","174","94","80","1","0","1","0","0","0","0","0","0","-2"
"182290","University of Nevada-Reno","2013","Tenured, assistant professors","2","1","1","0","0","0","0","0","0","0","0","0","1","1","0","0","0","0","1","0","1","0","0","0","0","0","0","0","0","0","-2"
"182290","University of Nevada-Reno","2013","On-Tenure track total","149","86","63","0","0","0","29","22","7","3","3","0","11","5","6","0","0","0","105","56","49","1","0","1","0","0","0","0","0","0","-2"
"182290","University of Nevada-Reno","2013","On-tenure track, professors","4","4","0","0","0","0","0","0","0","0","0","0","0","0","0","0","0","0","4","4","0","0","0","0","0","0","0","0","0","0","-2"
"182290","University of Nevada-Reno","2013","On-tenure track, associate professors","15","13","2","0","0","0","2","2","0","1","1","0","1","0","1","0","0","0","11","10","1","0","0","0","0","0","0","0","0","0","-2"
"182290","University of Nevada-Reno","2013","On-tenure track, assistant professors","130","69","61","0","0","0","27","20","7","2","2","0","10","5","5","0","0","0","90","42","48","1","0","1","0","0","0","0","0","0","-2"
"182290","University of Nevada-Reno","2013","Not on tenure track/No tenure system system total","283","144","139","0","0","0","44","23","21","8","7","1","14","5","9","0","0","0","212","107","105","5","2","3","0","0","0","0","0","0","-2"
"182290","University of Nevada-Reno","2013","Not on tenure/no tenure system, professors","22","17","5","0","0","0","2","2","0","2","1","1","0","0","0","0","0","0","18","14","4","0","0","0","0","0","0","0","0","0","-2"
"182290","University of Nevada-Reno","2013","Not on tenure/no tenure system, associate professors","46","30","16","0","0","0","4","2","2","2","2","0","1","1","0","0","0","0","38","25","13","1","0","1","0","0","0","0","0","0","-2"
"182290","University of Nevada-Reno","2013","Not on tenure/no tenure system, assistant professors","93","49","44","0","0","0","25","15","10","2","2","0","5","1","4","0","0","0","60","30","30","1","1","0","0","0","0","0","0","0","-2"
"182290","University of Nevada-Reno","2013","Not on tenure/no tenure system, instructors","122","48","74","0","0","0","13","4","9","2","2","0","8","3","5","0","0","0","96","38","58","3","1","2","0","0","0","0","0","0","-2"
"182670","Dartmouth College","2013","Tenured total","411","291","120","3","2","1","24","17","7","11","8","3","16","10","6","0","0","0","348","249","99","8","4","4","0","0","0","1","1","0","-2"
"182670","Dartmouth College","2013","Tenured, professors","284","213","71","1","1","0","13","9","4","2","2","0","6","4","2","0","0","0","255","193","62","6","3","3","0","0","0","1","1","0","-2"
"182670","Dartmouth College","2013","Tenured, associate professors","127","78","49","2","1","1","11","8","3","9","6","3","10","6","4","0","0","0","93","56","37","2","1","1","0","0","0","0","0","0","-2"
"182670","Dartmouth College","2013","On-Tenure track total","166","98","68","1","0","1","18","12","6","6","2","4","10","3","7","0","0","0","120","74","46","3","2","1","0","0","0","8","5","3","-2"
"182670","Dartmouth College","2013","On-tenure track, professors","4","4","0","0","0","0","1","1","0","0","0","0","0","0","0","0","0","0","2","2","0","0","0","0","0","0","0","1","1","0","-2"
"182670","Dartmouth College","2013","On-tenure track, associate professors","35","21","14","0","0","0","3","2","1","0","0","0","1","0","1","0","0","0","30","18","12","0","0","0","0","0","0","1","1","0","-2"
"182670","Dartmouth College","2013","On-tenure track, assistant professors","127","73","54","1","0","1","14","9","5","6","2","4","9","3","6","0","0","0","88","54","34","3","2","1","0","0","0","6","3","3","-2"
"182670","Dartmouth College","2013","Not on tenure track/No tenure system system total","195","98","97","1","0","1","11","7","4","1","0","1","5","0","5","0","0","0","168","87","81","1","1","0","0","0","0","8","3","5","-2"
"182670","Dartmouth College","2013","Not on tenure/no tenure system, professors","30","24","6","0","0","0","1","1","0","0","0","0","0","0","0","0","0","0","28","22","6","1","1","0","0","0","0","0","0","0","-2"
"182670","Dartmouth College","2013","Not on tenure/no tenure system, associate professors","30","14","16","0","0","0","1","1","0","1","0","1","1","0","1","0","0","0","27","13","14","0","0","0","0","0","0","0","0","0","-2"
"182670","Dartmouth College","2013","Not on tenure/no tenure system, assistant professors","47","28","19","0","0","0","4","3","1","0","0","0","0","0","0","0","0","0","42","24","18","0","0","0","0","0","0","1","1","0","-2"
"182670","Dartmouth College","2013","Not on tenure/no tenure system, instructors","42","17","25","0","0","0","2","1","1","0","0","0","0","0","0","0","0","0","38","16","22","0","0","0","0","0","0","2","0","2","-2"
"182670","Dartmouth College","2013","Not on tenure/no tenure system, lecturers","41","14","27","1","0","1","3","1","2","0","0","0","4","0","4","0","0","0","30","12","18","0","0","0","0","0","0","3","1","2","-2"
"182670","Dartmouth College","2013","Not on tenure/no tenure system, no academic rank","5","1","4","0","0","0","0","0","0","0","0","0","0","0","0","0","0","0","3","0","3","0","0","0","0","0","0","2","1","1","-2"
"183044","University of New Hampshire-Main Campus","2013","Tenured total","438","285","153","0","0","0","23","11","12","6","5","1","12","7","5","0","0","0","374","247","127","3","3","0","20","12","8","0","0","0","-2"
"183044","University of New Hampshire-Main Campus","2013","Tenured, professors","216","168","48","0","0","0","6","3","3","1","1","0","1","1","0","0","0","0","201","159","42","1","1","0","6","3","3","0","0","0","-2"
"183044","University of New Hampshire-Main Campus","2013","Tenured, associate professors","222","117","105","0","0","0","17","8","9","5","4","1","11","6","5","0","0","0","173","88","85","2","2","0","14","9","5","0","0","0","-2"
"183044","University of New Hampshire-Main Campus","2013","On-Tenure track total","106","55","51","1","1","0","15","7","8","5","3","2","0","0","0","0","0","0","54","29","25","1","0","1","28","14","14","2","1","1","-2"
"183044","University of New Hampshire-Main Campus","2013","On-tenure track, professors","1","1","0","0","0","0","0","0","0","0","0","0","0","0","0","0","0","0","1","1","0","0","0","0","0","0","0","0","0","0","-2"
"183044","University of New Hampshire-Main Campus","2013","On-tenure track, associate professors","7","5","2","0","0","0","0","0","0","0","0","0","0","0","0","0","0","0","5","4","1","0","0","0","2","1","1","0","0","0","-2"
"183044","University of New Hampshire-Main Campus","2013","On-tenure track, assistant professors","98","49","49","1","1","0","15","7","8","5","3","2","0","0","0","0","0","0","48","24","24","1","0","1","26","13","13","2","1","1","-2"
"183044","University of New Hampshire-Main Campus","2013","Not on tenure track/No tenure system system total","44","9","35","0","0","0","0","0","0","0","0","0","0","0","0","0","0","0","37","8","29","0","0","0","7","1","6","0","0","0","-2"
"183044","University of New Hampshire-Main Campus","2013","Not on tenure/no tenure system, professors","2","1","1","0","0","0","0","0","0","0","0","0","0","0","0","0","0","0","2","1","1","0","0","0","0","0","0","0","0","0","-2"
"183044","University of New Hampshire-Main Campus","2013","Not on tenure/no tenure system, associate professors","11","3","8","0","0","0","0","0","0","0","0","0","0","0","0","0","0","0","10","3","7","0","0","0","1","0","1","0","0","0","-2"
"183044","University of New Hampshire-Main Campus","2013","Not on tenure/no tenure system, assistant professors","30","5","25","0","0","0","0","0","0","0","0","0","0","0","0","0","0","0","24","4","20","0","0","0","6","1","5","0","0","0","-2"
"183044","University of New Hampshire-Main Campus","2013","Not on tenure/no tenure system, no academic rank","1","0","1","0","0","0","0","0","0","0","0","0","0","0","0","0","0","0","1","0","1","0","0","0","0","0","0","0","0","0","-2"
"183080","Plymouth State University","2013","Tenured total","124","72","52","0","0","0","10","9","1","2","1","1","1","0","1","0","0","0","106","60","46","0","0","0","5","2","3","0","0","0","-2"
"183080","Plymouth State University","2013","Tenured, professors","80","47","33","0","0","0","5","4","1","0","0","0","0","0","0","0","0","0","72","42","30","0","0","0","3","1","2","0","0","0","-2"
"183080","Plymouth State University","2013","Tenured, associate professors","43","24","19","0","0","0","5","5","0","2","1","1","1","0","1","0","0","0","33","17","16","0","0","0","2","1","1","0","0","0","-2"
"183080","Plymouth State University","2013","Tenured, assistant professors","1","1","0","0","0","0","0","0","0","0","0","0","0","0","0","0","0","0","1","1","0","0","0","0","0","0","0","0","0","0","-2"
"183080","Plymouth State University","2013","On-Tenure track total","39","14","25","0","0","0","3","2","1","0","0","0","0","0","0","0","0","0","33","11","22","0","0","0","3","1","2","0","0","0","-2"
"183080","Plymouth State University","2013","On-tenure track, associate professors","3","0","3","0","0","0","0","0","0","0","0","0","0","0","0","0","0","0","2","0","2","0","0","0","1","0","1","0","0","0","-2"
"183080","Plymouth State University","2013","On-tenure track, assistant professors","36","14","22","0","0","0","3","2","1","0","0","0","0","0","0","0","0","0","31","11","20","0","0","0","2","1","1","0","0","0","-2"
"183080","Plymouth State University","2013","Not on tenure track/No tenure system system total","30","13","17","0","0","0","1","0","1","0","0","0","2","1","1","0","0","0","25","11","14","0","0","0","2","1","1","0","0","0","-2"
"183080","Plymouth State University","2013","Not on tenure/no tenure system, associate professors","1","0","1","0","0","0","0","0","0","0","0","0","0","0","0","0","0","0","1","0","1","0","0","0","0","0","0","0","0","0","-2"
"183080","Plymouth State University","2013","Not on tenure/no tenure system, assistant professors","4","0","4","0","0","0","0","0","0","0","0","0","0","0","0","0","0","0","4","0","4","0","0","0","0","0","0","0","0","0","-2"
"183080","Plymouth State University","2013","Not on tenure/no tenure system, no academic rank","25","13","12","0","0","0","1","0","1","0","0","0","2","1","1","0","0","0","20","11","9","0","0","0","2","1","1","0","0","0","-2"
"185262","Kean University","2013","Tenured total","248","134","114","0","0","0","29","15","14","26","12","14","18","10","8","0","0","0","175","97","78","0","0","0","0","0","0","0","0","0","-2"
"185262","Kean University","2013","Tenured, professors","100","61","39","0","0","0","7","6","1","12","6","6","5","4","1","0","0","0","76","45","31","0","0","0","0","0","0","0","0","0","-2"
"185262","Kean University","2013","Tenured, associate professors","77","39","38","0","0","0","11","3","8","6","2","4","6","3","3","0","0","0","54","31","23","0","0","0","0","0","0","0","0","0","-2"
"185262","Kean University","2013","Tenured, assistant professors","71","34","37","0","0","0","11","6","5","8","4","4","7","3","4","0","0","0","45","21","24","0","0","0","0","0","0","0","0","0","-2"
"185262","Kean University","2013","On-Tenure track total","57","22","35","0","0","0","10","1","9","1","0","1","0","0","0","0","0","0","40","17","23","0","0","0","0","0","0","6","4","2","-2"
"185262","Kean University","2013","On-tenure track, professors","1","1","0","0","0","0","0","0","0","0","0","0","0","0","0","0","0","0","1","1","0","0","0","0","0","0","0","0","0","0","-2"
"185262","Kean University","2013","On-tenure track, associate professors","4","2","2","0","0","0","0","0","0","0","0","0","0","0","0","0","0","0","4","2","2","0","0","0","0","0","0","0","0","0","-2"
"185262","Kean University","2013","On-tenure track, assistant professors","52","19","33","0","0","0","10","1","9","1","0","1","0","0","0","0","0","0","35","14","21","0","0","0","0","0","0","6","4","2","-2"
"185262","Kean University","2013","Not on tenure track/No tenure system system total","43","10","33","0","0","0","2","1","1","0","0","0","2","1","1","0","0","0","37","8","29","0","0","0","0","0","0","2","0","2","-2"
"185262","Kean University","2013","Not on tenure/no tenure system, assistant professors","4","1","3","0","0","0","0","0","0","0","0","0","0","0","0","0","0","0","4","1","3","0","0","0","0","0","0","0","0","0","-2"
"185262","Kean University","2013","Not on tenure/no tenure system, lecturers","39","9","30","0","0","0","2","1","1","0","0","0","2","1","1","0","0","0","33","7","26","0","0","0","0","0","0","2","0","2","-2"
"186131","Princeton University","2013","Tenured total","555","420","135","0","0","0","55","47","8","20","12","8","14","11","3","0","0","0","460","348","112","2","1","1","0","0","0","4","1","3","-2"
"186131","Princeton University","2013","Tenured, professors","473","371","102","0","0","0","46","41","5","18","11","7","10","9","1","0","0","0","394","308","86","2","1","1","0","0","0","3","1","2","-2"
"186131","Princeton University","2013","Tenured, associate professors","81","48","33","0","0","0","9","6","3","2","1","1","4","2","2","0","0","0","65","39","26","0","0","0","0","0","0","1","0","1","-2"
"186131","Princeton University","2013","Tenured, lecturers","1","1","0","0","0","0","0","0","0","0","0","0","0","0","0","0","0","0","1","1","0","0","0","0","0","0","0","0","0","0","-2"
"186131","Princeton University","2013","On-Tenure track total","178","122","56","0","0","0","9","5","4","2","2","0","9","5","4","0","0","0","115","78","37","1","0","1","3","3","0","39","29","10","-2"
"186131","Princeton University","2013","On-tenure track, assistant professors","178","122","56","0","0","0","9","5","4","2","2","0","9","5","4","0","0","0","115","78","37","1","0","1","3","3","0","39","29","10","-2"
"186131","Princeton University","2013","Not on tenure track/No tenure system system total","153","77","76","1","0","1","15","4","11","3","2","1","4","0","4","0","0","0","80","42","38","1","0","1","9","6","3","40","23","17","-2"
"186131","Princeton University","2013","Not on tenure/no tenure system, instructors","14","12","2","0","0","0","1","0","1","0","0","0","0","0","0","0","0","0","2","2","0","0","0","0","0","0","0","11","10","1","-2"
"186131","Princeton University","2013","Not on tenure/no tenure system, lecturers","139","65","74","1","0","1","14","4","10","3","2","1","4","0","4","0","0","0","78","40","38","1","0","1","9","6","3","29","13","16","-2"
"186380","Rutgers University-New Brunswick","2013","Tenured total","1387","937","450","1","1","0","164","123","41","40","17","23","37","25","12","1","1","0","1071","723","348","3","2","1","29","16","13","41","29","12","-2"
"186380","Rutgers University-New Brunswick","2013","Tenured, professors","928","685","243","0","0","0","108","88","20","21","14","7","18","14","4","1","1","0","751","547","204","2","2","0","15","10","5","12","9","3","-2"
"186380","Rutgers University-New Brunswick","2013","Tenured, associate professors","458","251","207","1","1","0","56","35","21","19","3","16","19","11","8","0","0","0","319","175","144","1","0","1","14","6","8","29","20","9","-2"
"186380","Rutgers University-New Brunswick","2013","Tenured, instructors","1","1","0","0","0","0","0","0","0","0","0","0","0","0","0","0","0","0","1","1","0","0","0","0","0","0","0","0","0","0","-2"
"186380","Rutgers University-New Brunswick","2013","On-Tenure track total","410","210","200","0","0","0","57","32","25","17","6","11","20","10","10","0","0","0","149","81","68","4","1","3","107","48","59","56","32","24","-2"
"186380","Rutgers University-New Brunswick","2013","On-tenure track, professors","15","13","2","0","0","0","4","3","1","0","0","0","0","0","0","0","0","0","9","8","1","0","0","0","2","2","0","0","0","0","-2"
"186380","Rutgers University-New Brunswick","2013","On-tenure track, associate professors","78","44","34","0","0","0","14","5","9","2","1","1","2","2","0","0","0","0","43","25","18","0","0","0","10","6","4","7","5","2","-2"
"186380","Rutgers University-New Brunswick","2013","On-tenure track, assistant professors","317","153","164","0","0","0","39","24","15","15","5","10","18","8","10","0","0","0","97","48","49","4","1","3","95","40","55","49","27","22","-2"
"186380","Rutgers University-New Brunswick","2013","Not on tenure track/No tenure system system total","1325","607","718","1","0","1","226","118","108","75","26","49","20","4","16","1","0","1","715","334","381","6","4","2","193","73","120","88","48","40","-2"
"186380","Rutgers University-New Brunswick","2013","Not on tenure/no tenure system, professors","92","55","37","0","0","0","17","10","7","1","0","1","0","0","0","0","0","0","67","42","25","1","0","1","3","1","2","3","2","1","-2"
"186380","Rutgers University-New Brunswick","2013","Not on tenure/no tenure system, associate professors","220","111","109","0","0","0","44","26","18","14","5","9","1","0","1","1","0","1","124","60","64","2","1","1","17","10","7","17","9","8","-2"
"186380","Rutgers University-New Brunswick","2013","Not on tenure/no tenure system, assistant professors","577","272","305","0","0","0","120","68","52","39","15","24","6","1","5","0","0","0","273","131","142","2","2","0","93","31","62","44","24","20","-2"
"186380","Rutgers University-New Brunswick","2013","Not on tenure/no tenure system, instructors","355","129","226","1","0","1","39","11","28","19","4","15","12","3","9","0","0","0","202","77","125","1","1","0","62","23","39","19","10","9","-2"
"186380","Rutgers University-New Brunswick","2013","Not on tenure/no tenure system, lecturers","77","38","39","0","0","0","6","3","3","2","2","0","1","0","1","0","0","0","46","22","24","0","0","0","17","8","9","5","3","2","-2"
"186380","Rutgers University-New Brunswick","2013","Not on tenure/no tenure system, no academic rank","4","2","2","0","0","0","0","0","0","0","0","0","0","0","0","0","0","0","3","2","1","0","0","0","1","0","1","0","0","0","-2"
"187967","New Mexico Institute of Mining and Technology","2013","Tenured total","73","62","11","0","0","0","10","10","0","0","0","0","3","3","0","0","0","0","60","49","11","0","0","0","0","0","0","0","0","0","-2"
"187967","New Mexico Institute of Mining and Technology","2013","Tenured, professors","38","34","4","0","0","0","4","4","0","0","0","0","2","2","0","0","0","0","32","28","4","0","0","0","0","0","0","0","0","0","-2"
"187967","New Mexico Institute of Mining and Technology","2013","Tenured, associate professors","34","27","7","0","0","0","6","6","0","0","0","0","1","1","0","0","0","0","27","20","7","0","0","0","0","0","0","0","0","0","-2"
"187967","New Mexico Institute of Mining and Technology","2013","Tenured, assistant professors","1","1","0","0","0","0","0","0","0","0","0","0","0","0","0","0","0","0","1","1","0","0","0","0","0","0","0","0","0","0","-2"
"187967","New Mexico Institute of Mining and Technology","2013","On-Tenure track total","33","25","8","0","0","0","7","6","1","0","0","0","3","3","0","0","0","0","22","15","7","0","0","0","1","1","0","0","0","0","-2"
"187967","New Mexico Institute of Mining and Technology","2013","On-tenure track, associate professors","10","8","2","0","0","0","0","0","0","0","0","0","2","2","0","0","0","0","8","6","2","0","0","0","0","0","0","0","0","0","-2"
"187967","New Mexico Institute of Mining and Technology","2013","On-tenure track, assistant professors","23","17","6","0","0","0","7","6","1","0","0","0","1","1","0","0","0","0","14","9","5","0","0","0","1","1","0","0","0","0","-2"
"187967","New Mexico Institute of Mining and Technology","2013","Not on tenure track/No tenure system system total","18","13","5","0","0","0","7","6","1","0","0","0","1","0","1","0","0","0","10","7","3","0","0","0","0","0","0","0","0","0","-2"
"187967","New Mexico Institute of Mining and Technology","2013","Not on tenure/no tenure system, professors","1","1","0","0","0","0","0","0","0","0","0","0","0","0","0","0","0","0","1","1","0","0","0","0","0","0","0","0","0","0","-2"
"187967","New Mexico Institute of Mining and Technology","2013","Not on tenure/no tenure system, associate professors","2","2","0","0","0","0","0","0","0","0","0","0","0","0","0","0","0","0","2","2","0","0","0","0","0","0","0","0","0","0","-2"
"187967","New Mexico Institute of Mining and Technology","2013","Not on tenure/no tenure system, assistant professors","8","7","1","0","0","0","6","5","1","0","0","0","0","0","0","0","0","0","2","2","0","0","0","0","0","0","0","0","0","0","-2"
"187967","New Mexico Institute of Mining and Technology","2013","Not on tenure/no tenure system, instructors","4","2","2","0","0","0","0","0","0","0","0","0","0","0","0","0","0","0","4","2","2","0","0","0","0","0","0","0","0","0","-2"
"187967","New Mexico Institute of Mining and Technology","2013","Not on tenure/no tenure system, lecturers","3","1","2","0","0","0","1","1","0","0","0","0","1","0","1","0","0","0","1","0","1","0","0","0","0","0","0","0","0","0","-2"
"190150","Columbia University in the City of New York","2013","Tenured total","1049","786","263","1","1","0","124","95","29","33","20","13","23","17","6","0","0","0","837","625","212","3","2","1","13","12","1","15","14","1","-2"
"190150","Columbia University in the City of New York","2013","Tenured, professors","866","665","201","0","0","0","98","80","18","24","14","10","18","15","3","0","0","0","701","533","168","3","2","1","10","9","1","12","12","0","-2"
"190150","Columbia University in the City of New York","2013","Tenured, associate professors","183","121","62","1","1","0","26","15","11","9","6","3","5","2","3","0","0","0","136","92","44","0","0","0","3","3","0","3","2","1","-2"
"190150","Columbia University in the City of New York","2013","On-Tenure track total","604","386","218","1","0","1","104","71","33","29","11","18","27","14","13","2","0","2","319","196","123","11","7","4","17","12","5","94","75","19","-2"
"190150","Columbia University in the City of New York","2013","On-tenure track, professors","48","40","8","0","0","0","10","10","0","0","0","0","0","0","0","0","0","0","33","27","6","0","0","0","1","1","0","4","2","2","-2"
"190150","Columbia University in the City of New York","2013","On-tenure track, associate professors","106","73","33","0","0","0","19","17","2","6","5","1","6","5","1","0","0","0","65","37","28","0","0","0","3","3","0","7","6","1","-2"
"190150","Columbia University in the City of New York","2013","On-tenure track, assistant professors","412","246","166","1","0","1","70","39","31","23","6","17","18","8","10","2","0","2","208","121","87","9","6","3","11","7","4","70","59","11","-2"
"190150","Columbia University in the City of New York","2013","On-tenure track, instructors","4","4","0","0","0","0","1","1","0","0","0","0","0","0","0","0","0","0","0","0","0","1","1","0","1","1","0","1","1","0","-2"
"190150","Columbia University in the City of New York","2013","On-tenure track, lecturers","34","23","11","0","0","0","4","4","0","0","0","0","3","1","2","0","0","0","13","11","2","1","0","1","1","0","1","12","7","5","-2"
"190150","Columbia University in the City of New York","2013","Not on tenure track/No tenure system system total","2128","1116","1012","0","0","0","327","167","160","102","55","47","106","46","60","1","0","1","1440","776","664","18","5","13","47","20","27","87","47","40","-2"
"190150","Columbia University in the City of New York","2013","Not on tenure/no tenure system, professors","375","267","108","0","0","0","28","18","10","15","8","7","14","12","2","0","0","0","305","224","81","2","1","1","6","2","4","5","2","3","-2"
"190150","Columbia University in the City of New York","2013","Not on tenure/no tenure system, associate professors","367","214","153","0","0","0","50","32","18","14","9","5","13","5","8","0","0","0","277","159","118","0","0","0","9","6","3","4","3","1","-2"
"190150","Columbia University in the City of New York","2013","Not on tenure/no tenure system, assistant professors","892","414","478","0","0","0","181","81","100","47","25","22","54","20","34","1","0","1","559","264","295","9","2","7","20","7","13","21","15","6","-2"
"190150","Columbia University in the City of New York","2013","Not on tenure/no tenure system, instructors","117","39","78","0","0","0","28","13","15","11","1","10","11","2","9","0","0","0","57","19","38","3","0","3","3","1","2","4","3","1","-2"
"190150","Columbia University in the City of New York","2013","Not on tenure/no tenure system, lecturers","377","182","195","0","0","0","40","23","17","15","12","3","14","7","7","0","0","0","242","110","132","4","2","2","9","4","5","53","24","29","-2"
"190415","Cornell University","2013","Tenured total","1124","820","304","6","3","3","91","75","16","35","17","18","33","17","16","0","0","0","938","691","247","1","0","1","5","4","1","15","13","2","-2"
"190415","Cornell University","2013","Tenured, professors","724","564","160","2","2","0","52","48","4","18","13","5","16","10","6","0","0","0","625","482","143","0","0","0","3","2","1","8","7","1","-2"
"190415","Cornell University","2013","Tenured, associate professors","400","256","144","4","1","3","39","27","12","17","4","13","17","7","10","0","0","0","313","209","104","1","0","1","2","2","0","7","6","1","-2"
"190415","Cornell University","2013","On-Tenure track total","275","174","101","0","0","0","36","21","15","14","9","5","17","11","6","0","0","0","159","102","57","4","1","3","6","3","3","39","27","12","-2"
"190415","Cornell University","2013","On-tenure track, professors","6","6","0","0","0","0","2","2","0","1","1","0","0","0","0","0","0","0","3","3","0","0","0","0","0","0","0","0","0","0","-2"
"190415","Cornell University","2013","On-tenure track, associate professors","19","9","10","0","0","0","6","1","5","1","0","1","4","3","1","0","0","0","5","3","2","1","0","1","0","0","0","2","2","0","-2"
"190415","Cornell University","2013","On-tenure track, assistant professors","250","159","91","0","0","0","28","18","10","12","8","4","13","8","5","0","0","0","151","96","55","3","1","2","6","3","3","37","25","12","-2"
"190415","Cornell University","2013","Not on tenure track/No tenure system system total","346","170","176","0","0","0","29","9","20","9","5","4","10","5","5","0","0","0","239","119","120","2","0","2","18","10","8","39","22","17","-2"
"190415","Cornell University","2013","Not on tenure/no tenure system, professors","27","21","6","0","0","0","1","1","0","0","0","0","0","0","0","0","0","0","18","12","6","0","0","0","1","1","0","7","7","0","-2"
"190415","Cornell University","2013","Not on tenure/no tenure system, associate professors","14","6","8","0","0","0","3","1","2","1","1","0","0","0","0","0","0","0","9","4","5","0","0","0","1","0","1","0","0","0","-2"
"190415","Cornell University","2013","Not on tenure/no tenure system, assistant professors","42","20","22","0","0","0","3","2","1","2","1","1","1","1","0","0","0","0","20","6","14","0","0","0","3","1","2","13","9","4","-2"
"190415","Cornell University","2013","Not on tenure/no tenure system, instructors","8","3","5","0","0","0","0","0","0","0","0","0","0","0","0","0","0","0","5","1","4","0","0","0","2","1","1","1","1","0","-2"
"190415","Cornell University","2013","Not on tenure/no tenure system, lecturers","255","120","135","0","0","0","22","5","17","6","3","3","9","4","5","0","0","0","187","96","91","2","0","2","11","7","4","18","5","13","-2"
"190567","CUNY City College","2013","Tenured total","418","269","149","1","1","0","53","41","12","30","14","16","32","18","14","0","0","0","298","192","106","0","0","0","0","0","0","4","3","1","-2"
"190567","CUNY City College","2013","Tenured, professors","227","166","61","1","1","0","29","23","6","14","9","5","18","10","8","0","0","0","163","121","42","0","0","0","0","0","0","2","2","0","-2"
"190567","CUNY City College","2013","Tenured, associate professors","141","77","64","0","0","0","18","14","4","11","4","7","11","6","5","0","0","0","99","52","47","0","0","0","0","0","0","2","1","1","-2"
"190567","CUNY City College","2013","Tenured, assistant professors","22","12","10","0","0","0","4","3","1","2","0","2","3","2","1","0","0","0","13","7","6","0","0","0","0","0","0","0","0","0","-2"
"190567","CUNY City College","2013","Tenured, lecturers","28","14","14","0","0","0","2","1","1","3","1","2","0","0","0","0","0","0","23","12","11","0","0","0","0","0","0","0","0","0","-2"
"190567","CUNY City College","2013","On-Tenure track total","165","82","83","1","1","0","20","10","10","24","8","16","17","5","12","0","0","0","88","50","38","0","0","0","0","0","0","15","8","7","-2"
"190567","CUNY City College","2013","On-tenure track, professors","5","1","4","0","0","0","1","0","1","1","0","1","0","0","0","0","0","0","3","1","2","0","0","0","0","0","0","0","0","0","-2"
"190567","CUNY City College","2013","On-tenure track, associate professors","21","13","8","0","0","0","3","1","2","2","1","1","0","0","0","0","0","0","15","11","4","0","0","0","0","0","0","1","0","1","-2"
"190567","CUNY City College","2013","On-tenure track, assistant professors","114","55","59","1","1","0","14","7","7","18","6","12","13","3","10","0","0","0","56","31","25","0","0","0","0","0","0","12","7","5","-2"
"190567","CUNY City College","2013","On-tenure track, lecturers","25","13","12","0","0","0","2","2","0","3","1","2","4","2","2","0","0","0","14","7","7","0","0","0","0","0","0","2","1","1","-2"
"190567","CUNY City College","2013","Not on tenure track/No tenure system system total","27","13","14","0","0","0","1","1","0","4","0","4","5","3","2","0","0","0","15","9","6","0","0","0","0","0","0","2","0","2","-2"
"190567","CUNY City College","2013","Not on tenure/no tenure system, professors","10","7","3","0","0","0","1","1","0","1","0","1","2","2","0","0","0","0","5","4","1","0","0","0","0","0","0","1","0","1","-2"
"190567","CUNY City College","2013","Not on tenure/no tenure system, associate professors","2","0","2","0","0","0","0","0","0","1","0","1","0","0","0","0","0","0","1","0","1","0","0","0","0","0","0","0","0","0","-2"
"190567","CUNY City College","2013","Not on tenure/no tenure system, assistant professors","9","5","4","0","0","0","0","0","0","1","0","1","1","0","1","0","0","0","7","5","2","0","0","0","0","0","0","0","0","0","-2"
"190567","CUNY City College","2013","Not on tenure/no tenure system, instructors","3","1","2","0","0","0","0","0","0","0","0","0","1","1","0","0","0","0","1","0","1","0","0","0","0","0","0","1","0","1","-2"
"190567","CUNY City College","2013","Not on tenure/no tenure system, lecturers","3","0","3","0","0","0","0","0","0","1","0","1","1","0","1","0","0","0","1","0","1","0","0","0","0","0","0","0","0","0","-2"
"190576","CUNY Graduate School and University Center","2013","Tenured total","132","82","50","1","0","1","4","3","1","8","6","2","5","3","2","0","0","0","112","69","43","0","0","0","0","0","0","2","1","1","-2"
"190576","CUNY Graduate School and University Center","2013","Tenured, professors","118","71","47","1","0","1","3","2","1","8","6","2","4","2","2","0","0","0","101","61","40","0","0","0","0","0","0","1","0","1","-2"
"190576","CUNY Graduate School and University Center","2013","Tenured, associate professors","14","11","3","0","0","0","1","1","0","0","0","0","1","1","0","0","0","0","11","8","3","0","0","0","0","0","0","1","1","0","-2"
"190576","CUNY Graduate School and University Center","2013","On-Tenure track total","7","5","2","0","0","0","1","0","1","1","1","0","0","0","0","0","0","0","4","3","1","0","0","0","0","0","0","1","1","0","-2"
"190576","CUNY Graduate School and University Center","2013","On-tenure track, associate professors","4","3","1","0","0","0","1","0","1","0","0","0","0","0","0","0","0","0","2","2","0","0","0","0","0","0","0","1","1","0","-2"
"190576","CUNY Graduate School and University Center","2013","On-tenure track, assistant professors","3","2","1","0","0","0","0","0","0","1","1","0","0","0","0","0","0","0","2","1","1","0","0","0","0","0","0","0","0","0","-2"
"190576","CUNY Graduate School and University Center","2013","Not on tenure track/No tenure system system total","66","36","30","0","0","0","2","1","1","7","1","6","1","0","1","0","0","0","55","33","22","0","0","0","0","0","0","1","1","0","-2"
"190576","CUNY Graduate School and University Center","2013","Not on tenure/no tenure system, professors","33","22","11","0","0","0","0","0","0","2","1","1","1","0","1","0","0","0","30","21","9","0","0","0","0","0","0","0","0","0","-2"
"190576","CUNY Graduate School and University Center","2013","Not on tenure/no tenure system, associate professors","3","2","1","0","0","0","0","0","0","0","0","0","0","0","0","0","0","0","3","2","1","0","0","0","0","0","0","0","0","0","-2"
"190576","CUNY Graduate School and University Center","2013","Not on tenure/no tenure system, assistant professors","20","7","13","0","0","0","1","0","1","4","0","4","0","0","0","0","0","0","14","6","8","0","0","0","0","0","0","1","1","0","-2"
"190576","CUNY Graduate School and University Center","2013","Not on tenure/no tenure system, lecturers","10","5","5","0","0","0","1","1","0","1","0","1","0","0","0","0","0","0","8","4","4","0","0","0","0","0","0","0","0","0","-2"
"191630","Hobart William Smith Colleges","2013","Tenured total","121","76","45","0","0","0","9","6","3","5","2","3","3","2","1","0","0","0","90","60","30","0","0","0","14","6","8","0","0","0","-2"
"191630","Hobart William Smith Colleges","2013","Tenured, professors","54","40","14","0","0","0","2","1","1","0","0","0","0","0","0","0","0","0","50","39","11","0","0","0","2","0","2","0","0","0","-2"
"191630","Hobart William Smith Colleges","2013","Tenured, associate professors","67","36","31","0","0","0","7","5","2","5","2","3","3","2","1","0","0","0","40","21","19","0","0","0","12","6","6","0","0","0","-2"
"191630","Hobart William Smith Colleges","2013","On-Tenure track total","66","28","38","0","0","0","5","1","4","4","3","1","2","2","0","0","0","0","47","20","27","0","0","0","3","1","2","5","1","4","-2"
"191630","Hobart William Smith Colleges","2013","On-tenure track, associate professors","1","0","1","0","0","0","0","0","0","0","0","0","0","0","0","0","0","0","1","0","1","0","0","0","0","0","0","0","0","0","-2"
"191630","Hobart William Smith Colleges","2013","On-tenure track, assistant professors","65","28","37","0","0","0","5","1","4","4","3","1","2","2","0","0","0","0","46","20","26","0","0","0","3","1","2","5","1","4","-2"
"191630","Hobart William Smith Colleges","2013","Not on tenure track/No tenure system system total","17","8","9","0","0","0","2","0","2","0","0","0","0","0","0","0","0","0","10","6","4","0","0","0","2","1","1","3","1","2","-2"
"191630","Hobart William Smith Colleges","2013","Not on tenure/no tenure system, associate professors","1","0","1","0","0","0","0","0","0","0","0","0","0","0","0","0","0","0","1","0","1","0","0","0","0","0","0","0","0","0","-2"
"191630","Hobart William Smith Colleges","2013","Not on tenure/no tenure system, assistant professors","14","7","7","0","0","0","2","0","2","0","0","0","0","0","0","0","0","0","8","5","3","0","0","0","1","1","0","3","1","2","-2"
"191630","Hobart William Smith Colleges","2013","Not on tenure/no tenure system, instructors","2","1","1","0","0","0","0","0","0","0","0","0","0","0","0","0","0","0","1","1","0","0","0","0","1","0","1","0","0","0","-2"
"193900","New York University","2013","Tenured total","1433","964","469","0","0","0","120","72","48","61","33","28","61","39","22","0","0","0","1171","807","364","3","2","1","0","0","0","17","11","6","-2"
"193900","New York University","2013","Tenured, professors","949","684","265","0","0","0","66","49","17","28","15","13","41","29","12","0","0","0","800","580","220","3","2","1","0","0","0","11","9","2","-2"
"193900","New York University","2013","Tenured, associate professors","441","262","179","0","0","0","53","23","30","28","16","12","19","10","9","0","0","0","335","211","124","0","0","0","0","0","0","6","2","4","-2"
"193900","New York University","2013","Tenured, no academic rank","43","18","25","0","0","0","1","0","1","5","2","3","1","0","1","0","0","0","36","16","20","0","0","0","0","0","0","0","0","0","-2"
"193900","New York University","2013","On-Tenure track total","405","238","167","1","1","0","59","30","29","12","8","4","21","14","7","2","1","1","233","129","104","1","0","1","1","1","0","75","54","21","-2"
"193900","New York University","2013","On-tenure track, professors","6","5","1","0","0","0","0","0","0","1","1","0","1","1","0","0","0","0","4","3","1","0","0","0","0","0","0","0","0","0","-2"
"193900","New York University","2013","On-tenure track, associate professors","44","30","14","0","0","0","13","10","3","2","0","2","5","3","2","0","0","0","20","14","6","0","0","0","0","0","0","4","3","1","-2"
"193900","New York University","2013","On-tenure track, assistant professors","326","192","134","1","1","0","44","20","24","8","6","2","15","10","5","2","1","1","184","102","82","1","0","1","1","1","0","70","51","19","-2"
"193900","New York University","2013","On-tenure track, no academic rank","29","11","18","0","0","0","2","0","2","1","1","0","0","0","0","0","0","0","25","10","15","0","0","0","0","0","0","1","0","1","-2"
"193900","New York University","2013","Not on tenure track/No tenure system system total","2689","1473","1216","4","2","2","463","238","225","134","51","83","116","55","61","3","3","0","1798","1021","777","12","6","6","4","2","2","155","95","60","-2"
"193900","New York University","2013","Not on tenure/no tenure system, professors","369","249","120","1","1","0","88","54","34","38","20","18","22","14","8","0","0","0","206","148","58","0","0","0","0","0","0","14","12","2","-2"
"193900","New York University","2013","Not on tenure/no tenure system, associate professors","305","207","98","0","0","0","42","29","13","13","7","6","14","8","6","1","1","0","227","156","71","1","1","0","0","0","0","7","5","2","-2"
"193900","New York University","2013","Not on tenure/no tenure system, assistant professors","743","392","351","1","1","0","190","88","102","37","14","23","30","12","18","1","1","0","444","253","191","1","1","0","0","0","0","39","22","17","-2"
"193900","New York University","2013","Not on tenure/no tenure system, instructors","202","100","102","0","0","0","56","32","24","10","3","7","5","1","4","0","0","0","126","61","65","0","0","0","0","0","0","5","3","2","-2"
"193900","New York University","2013","Not on tenure/no tenure system, lecturers","193","75","118","1","0","1","17","3","14","0","0","0","11","6","5","0","0","0","134","57","77","2","1","1","3","1","2","25","7","18","-2"
"193900","New York University","2013","Not on tenure/no tenure system, no academic rank","877","450","427","1","0","1","70","32","38","36","7","29","34","14","20","1","1","0","661","346","315","8","3","5","1","1","0","65","46","19","-2"
"196060","SUNY at Albany","2013","Tenured total","386","256","130","2","0","2","49","32","17","15","8","7","17","8","9","0","0","0","297","204","93","0","0","0","5","3","2","1","1","0","-2"
"196060","SUNY at Albany","2013","Tenured, professors","158","127","31","0","0","0","14","13","1","3","3","0","6","3","3","0","0","0","134","107","27","0","0","0","1","1","0","0","0","0","-2"
"196060","SUNY at Albany","2013","Tenured, associate professors","227","128","99","2","0","2","35","19","16","12","5","7","11","5","6","0","0","0","162","96","66","0","0","0","4","2","2","1","1","0","-2"
"196060","SUNY at Albany","2013","Tenured, assistant professors","1","1","0","0","0","0","0","0","0","0","0","0","0","0","0","0","0","0","1","1","0","0","0","0","0","0","0","0","0","0","-2"
"196060","SUNY at Albany","2013","On-Tenure track total","140","82","58","2","0","2","32","23","9","6","3","3","8","2","6","0","0","0","73","38","35","0","0","0","5","5","0","14","11","3","-2"
"196060","SUNY at Albany","2013","On-tenure track, professors","11","8","3","0","0","0","1","1","0","0","0","0","0","0","0","0","0","0","10","7","3","0","0","0","0","0","0","0","0","0","-2"
"196060","SUNY at Albany","2013","On-tenure track, associate professors","8","7","1","0","0","0","3","2","1","0","0","0","0","0","0","0","0","0","4","4","0","0","0","0","0","0","0","1","1","0","-2"
"196060","SUNY at Albany","2013","On-tenure track, assistant professors","121","67","54","2","0","2","28","20","8","6","3","3","8","2","6","0","0","0","59","27","32","0","0","0","5","5","0","13","10","3","-2"
"196060","SUNY at Albany","2013","Not on tenure track/No tenure system system total","80","35","45","1","0","1","5","2","3","4","2","2","2","0","2","0","0","0","61","26","35","0","0","0","1","1","0","6","4","2","-2"
"196060","SUNY at Albany","2013","Not on tenure/no tenure system, professors","5","5","0","0","0","0","2","2","0","1","1","0","0","0","0","0","0","0","2","2","0","0","0","0","0","0","0","0","0","0","-2"
"196060","SUNY at Albany","2013","Not on tenure/no tenure system, associate professors","2","1","1","0","0","0","0","0","0","0","0","0","0","0","0","0","0","0","2","1","1","0","0","0","0","0","0","0","0","0","-2"
"196060","SUNY at Albany","2013","Not on tenure/no tenure system, assistant professors","25","15","10","1","0","1","1","0","1","0","0","0","1","0","1","0","0","0","18","12","6","0","0","0","0","0","0","4","3","1","-2"
"196060","SUNY at Albany","2013","Not on tenure/no tenure system, lecturers","48","14","34","0","0","0","2","0","2","3","1","2","1","0","1","0","0","0","39","11","28","0","0","0","1","1","0","2","1","1","-2"
"196097","Stony Brook University","2013","Tenured total","632","463","169","1","1","0","40","29","11","17","13","4","14","11","3","0","0","0","421","302","119","0","0","0","0","0","0","139","107","32","-2"
"196097","Stony Brook University","2013","Tenured, professors","400","314","86","0","0","0","23","18","5","9","7","2","9","7","2","0","0","0","279","214","65","0","0","0","0","0","0","80","68","12","-2"
"196097","Stony Brook University","2013","Tenured, associate professors","230","149","81","1","1","0","17","11","6","8","6","2","5","4","1","0","0","0","140","88","52","0","0","0","0","0","0","59","39","20","-2"
"196097","Stony Brook University","2013","Tenured, assistant professors","2","0","2","0","0","0","0","0","0","0","0","0","0","0","0","0","0","0","2","0","2","0","0","0","0","0","0","0","0","0","-2"
"196097","Stony Brook University","2013","On-Tenure track total","213","129","84","0","0","0","11","7","4","1","0","1","5","3","2","0","0","0","49","26","23","0","0","0","0","0","0","147","93","54","-2"
"196097","Stony Brook University","2013","On-tenure track, professors","13","10","3","0","0","0","0","0","0","0","0","0","0","0","0","0","0","0","2","1","1","0","0","0","0","0","0","11","9","2","-2"
"196097","Stony Brook University","2013","On-tenure track, associate professors","7","4","3","0","0","0","0","0","0","0","0","0","0","0","0","0","0","0","3","1","2","0","0","0","0","0","0","4","3","1","-2"
"196097","Stony Brook University","2013","On-tenure track, assistant professors","193","115","78","0","0","0","11","7","4","1","0","1","5","3","2","0","0","0","44","24","20","0","0","0","0","0","0","132","81","51","-2"
"196097","Stony Brook University","2013","Not on tenure track/No tenure system system total","487","213","274","1","1","0","41","15","26","12","5","7","7","0","7","0","0","0","290","130","160","0","0","0","0","0","0","136","62","74","-2"
"196097","Stony Brook University","2013","Not on tenure/no tenure system, professors","26","18","8","0","0","0","3","3","0","0","0","0","0","0","0","0","0","0","18","11","7","0","0","0","0","0","0","5","4","1","-2"
"196097","Stony Brook University","2013","Not on tenure/no tenure system, associate professors","109","53","56","0","0","0","12","7","5","2","1","1","1","0","1","0","0","0","74","36","38","0","0","0","0","0","0","20","9","11","-2"
"196097","Stony Brook University","2013","Not on tenure/no tenure system, assistant professors","195","74","121","0","0","0","13","4","9","5","1","4","6","0","6","0","0","0","108","43","65","0","0","0","0","0","0","63","26","37","-2"
"196097","Stony Brook University","2013","Not on tenure/no tenure system, instructors","28","10","18","0","0","0","1","0","1","1","1","0","0","0","0","0","0","0","14","4","10","0","0","0","0","0","0","12","5","7","-2"
"196097","Stony Brook University","2013","Not on tenure/no tenure system, lecturers","129","58","71","1","1","0","12","1","11","4","2","2","0","0","0","0","0","0","76","36","40","0","0","0","0","0","0","36","18","18","-2"
"196121","SUNY College at Brockport","2013","Tenured total","182","98","84","1","0","1","17","16","1","6","5","1","6","3","3","1","1","0","151","73","78","0","0","0","0","0","0","0","0","0","-2"
"196121","SUNY College at Brockport","2013","Tenured, professors","56","37","19","1","0","1","8","8","0","2","2","0","3","2","1","0","0","0","42","25","17","0","0","0","0","0","0","0","0","0","-2"
"196121","SUNY College at Brockport","2013","Tenured, associate professors","122","61","61","0","0","0","9","8","1","4","3","1","2","1","1","1","1","0","106","48","58","0","0","0","0","0","0","0","0","0","-2"
"196121","SUNY College at Brockport","2013","Tenured, assistant professors","4","0","4","0","0","0","0","0","0","0","0","0","1","0","1","0","0","0","3","0","3","0","0","0","0","0","0","0","0","0","-2"
"196121","SUNY College at Brockport","2013","On-Tenure track total","101","48","53","0","0","0","13","7","6","2","1","1","3","2","1","0","0","0","72","32","40","1","1","0","0","0","0","10","5","5","-2"
"196121","SUNY College at Brockport","2013","On-tenure track, associate professors","16","8","8","0","0","0","4","1","3","1","1","0","0","0","0","0","0","0","11","6","5","0","0","0","0","0","0","0","0","0","-2"
"196121","SUNY College at Brockport","2013","On-tenure track, assistant professors","80","39","41","0","0","0","9","6","3","1","0","1","3","2","1","0","0","0","57","25","32","1","1","0","0","0","0","9","5","4","-2"
"196121","SUNY College at Brockport","2013","On-tenure track, instructors","5","1","4","0","0","0","0","0","0","0","0","0","0","0","0","0","0","0","4","1","3","0","0","0","0","0","0","1","0","1","-2"
"196121","SUNY College at Brockport","2013","Not on tenure track/No tenure system system total","49","13","36","0","0","0","1","0","1","2","2","0","2","0","2","0","0","0","43","11","32","0","0","0","0","0","0","1","0","1","-2"
"196121","SUNY College at Brockport","2013","Not on tenure/no tenure system, professors","1","1","0","0","0","0","0","0","0","0","0","0","0","0","0","0","0","0","1","1","0","0","0","0","0","0","0","0","0","0","-2"
"196121","SUNY College at Brockport","2013","Not on tenure/no tenure system, associate professors","2","0","2","0","0","0","0","0","0","0","0","0","0","0","0","0","0","0","2","0","2","0","0","0","0","0","0","0","0","0","-2"
"196121","SUNY College at Brockport","2013","Not on tenure/no tenure system, assistant professors","29","8","21","0","0","0","0","0","0","1","1","0","2","0","2","0","0","0","25","7","18","0","0","0","0","0","0","1","0","1","-2"
"196121","SUNY College at Brockport","2013","Not on tenure/no tenure system, lecturers","17","4","13","0","0","0","1","0","1","1","1","0","0","0","0","0","0","0","15","3","12","0","0","0","0","0","0","0","0","0","-2"
"196130","SUNY Buffalo State","2013","Tenured total","271","165","106","1","0","1","14","9","5","15","8","7","11","6","5","0","0","0","225","139","86","0","0","0","0","0","0","5","3","2","-2"
"196130","SUNY Buffalo State","2013","Tenured, professors","101","72","29","1","0","1","7","6","1","7","4","3","1","1","0","0","0","0","85","61","24","0","0","0","0","0","0","0","0","0","-2"
"196130","SUNY Buffalo State","2013","Tenured, associate professors","166","92","74","0","0","0","6","3","3","7","4","3","10","5","5","0","0","0","138","77","61","0","0","0","0","0","0","5","3","2","-2"
"196130","SUNY Buffalo State","2013","Tenured, assistant professors","4","1","3","0","0","0","1","0","1","1","0","1","0","0","0","0","0","0","2","1","1","0","0","0","0","0","0","0","0","0","-2"
"196130","SUNY Buffalo State","2013","On-Tenure track total","98","34","64","1","1","0","18","6","12","5","3","2","6","0","6","0","0","0","61","20","41","0","0","0","0","0","0","7","4","3","-2"
"196130","SUNY Buffalo State","2013","On-tenure track, associate professors","19","7","12","1","1","0","6","3","3","0","0","0","1","0","1","0","0","0","11","3","8","0","0","0","0","0","0","0","0","0","-2"
"196130","SUNY Buffalo State","2013","On-tenure track, assistant professors","79","27","52","0","0","0","12","3","9","5","3","2","5","0","5","0","0","0","50","17","33","0","0","0","0","0","0","7","4","3","-2"
"196130","SUNY Buffalo State","2013","Not on tenure track/No tenure system system total","46","20","26","0","0","0","2","0","2","1","1","0","1","1","0","0","0","0","41","17","24","0","0","0","0","0","0","1","1","0","-2"
"196130","SUNY Buffalo State","2013","Not on tenure/no tenure system, professors","1","1","0","0","0","0","0","0","0","0","0","0","0","0","0","0","0","0","1","1","0","0","0","0","0","0","0","0","0","0","-2"
"196130","SUNY Buffalo State","2013","Not on tenure/no tenure system, associate professors","3","1","2","0","0","0","0","0","0","0","0","0","0","0","0","0","0","0","3","1","2","0","0","0","0","0","0","0","0","0","-2"
"196130","SUNY Buffalo State","2013","Not on tenure/no tenure system, assistant professors","1","1","0","0","0","0","0","0","0","0","0","0","0","0","0","0","0","0","1","1","0","0","0","0","0","0","0","0","0","0","-2"
"196130","SUNY Buffalo State","2013","Not on tenure/no tenure system, lecturers","41","17","24","0","0","0","2","0","2","1","1","0","1","1","0","0","0","0","36","14","22","0","0","0","0","0","0","1","1","0","-2"
"196185","SUNY Oneonta","2013","Tenured total","138","84","54","0","0","0","18","11","7","4","1","3","2","1","1","0","0","0","114","71","43","0","0","0","0","0","0","0","0","0","-2"
"196185","SUNY Oneonta","2013","Tenured, professors","39","28","11","0","0","0","3","3","0","3","1","2","1","0","1","0","0","0","32","24","8","0","0","0","0","0","0","0","0","0","-2"
"196185","SUNY Oneonta","2013","Tenured, associate professors","81","48","33","0","0","0","13","7","6","1","0","1","1","1","0","0","0","0","66","40","26","0","0","0","0","0","0","0","0","0","-2"
"196185","SUNY Oneonta","2013","Tenured, assistant professors","18","8","10","0","0","0","2","1","1","0","0","0","0","0","0","0","0","0","16","7","9","0","0","0","0","0","0","0","0","0","-2"
"196185","SUNY Oneonta","2013","On-Tenure track total","87","48","39","0","0","0","6","3","3","5","1","4","3","1","2","0","0","0","63","39","24","0","0","0","0","0","0","10","4","6","-2"
"196185","SUNY Oneonta","2013","On-tenure track, associate professors","17","12","5","0","0","0","1","0","1","1","0","1","1","1","0","0","0","0","14","11","3","0","0","0","0","0","0","0","0","0","-2"
"196185","SUNY Oneonta","2013","On-tenure track, assistant professors","70","36","34","0","0","0","5","3","2","4","1","3","2","0","2","0","0","0","49","28","21","0","0","0","0","0","0","10","4","6","-2"
"196185","SUNY Oneonta","2013","Not on tenure track/No tenure system system total","50","20","30","0","0","0","0","0","0","4","1","3","2","1","1","0","0","0","37","17","20","1","0","1","0","0","0","6","1","5","-2"
"196185","SUNY Oneonta","2013","Not on tenure/no tenure system, professors","1","1","0","0","0","0","0","0","0","0","0","0","0","0","0","0","0","0","1","1","0","0","0","0","0","0","0","0","0","0","-2"
"196185","SUNY Oneonta","2013","Not on tenure/no tenure system, assistant professors","3","0","3","0","0","0","0","0","0","1","0","1","1","0","1","0","0","0","0","0","0","1","0","1","0","0","0","0","0","0","-2"
"196185","SUNY Oneonta","2013","Not on tenure/no tenure system, lecturers","46","19","27","0","0","0","0","0","0","3","1","2","1","1","0","0","0","0","36","16","20","0","0","0","0","0","0","6","1","5","-2"
"196194","SUNY College at Oswego","2013","Tenured total","176","113","63","0","0","0","16","15","1","8","3","5","4","3","1","0","0","0","146","92","54","2","0","2","0","0","0","0","0","0","-2"
"196194","SUNY College at Oswego","2013","Tenured, professors","78","54","24","0","0","0","10","9","1","4","2","2","1","1","0","0","0","0","62","42","20","1","0","1","0","0","0","0","0","0","-2"
"196194","SUNY College at Oswego","2013","Tenured, associate professors","79","44","35","0","0","0","5","5","0","3","1","2","3","2","1","0","0","0","67","36","31","1","0","1","0","0","0","0","0","0","-2"
"196194","SUNY College at Oswego","2013","Tenured, assistant professors","19","15","4","0","0","0","1","1","0","1","0","1","0","0","0","0","0","0","17","14","3","0","0","0","0","0","0","0","0","0","-2"
"196194","SUNY College at Oswego","2013","On-Tenure track total","83","36","47","1","1","0","5","0","5","6","3","3","4","2","2","0","0","0","60","26","34","0","0","0","0","0","0","7","4","3","-2"
"196194","SUNY College at Oswego","2013","On-tenure track, professors","1","0","1","0","0","0","0","0","0","0","0","0","0","0","0","0","0","0","1","0","1","0","0","0","0","0","0","0","0","0","-2"
"196194","SUNY College at Oswego","2013","On-tenure track, associate professors","12","6","6","0","0","0","0","0","0","2","2","0","1","1","0","0","0","0","8","2","6","0","0","0","0","0","0","1","1","0","-2"
"196194","SUNY College at Oswego","2013","On-tenure track, assistant professors","70","30","40","1","1","0","5","0","5","4","1","3","3","1","2","0","0","0","51","24","27","0","0","0","0","0","0","6","3","3","-2"
"196194","SUNY College at Oswego","2013","Not on tenure track/No tenure system system total","77","33","44","0","0","0","1","0","1","1","1","0","2","1","1","0","0","0","69","31","38","0","0","0","0","0","0","4","0","4","-2"
"196194","SUNY College at Oswego","2013","Not on tenure/no tenure system, assistant professors","61","23","38","0","0","0","1","0","1","1","1","0","2","1","1","0","0","0","53","21","32","0","0","0","0","0","0","4","0","4","-2"
"196194","SUNY College at Oswego","2013","Not on tenure/no tenure system, instructors","9","5","4","0","0","0","0","0","0","0","0","0","0","0","0","0","0","0","9","5","4","0","0","0","0","0","0","0","0","0","-2"
"196194","SUNY College at Oswego","2013","Not on tenure/no tenure system, lecturers","7","5","2","0","0","0","0","0","0","0","0","0","0","0","0","0","0","0","7","5","2","0","0","0","0","0","0","0","0","0","-2"
"196291","SUNY Maritime College","2013","Tenured total","31","24","7","0","0","0","0","0","0","0","0","0","0","0","0","0","0","0","31","24","7","0","0","0","0","0","0","0","0","0","-2"
"196291","SUNY Maritime College","2013","Tenured, professors","17","12","5","0","0","0","0","0","0","0","0","0","0","0","0","0","0","0","17","12","5","0","0","0","0","0","0","0","0","0","-2"
"196291","SUNY Maritime College","2013","Tenured, associate professors","11","9","2","0","0","0","0","0","0","0","0","0","0","0","0","0","0","0","11","9","2","0","0","0","0","0","0","0","0","0","-2"
"196291","SUNY Maritime College","2013","Tenured, assistant professors","3","3","0","0","0","0","0","0","0","0","0","0","0","0","0","0","0","0","3","3","0","0","0","0","0","0","0","0","0","0","-2"
"196291","SUNY Maritime College","2013","On-Tenure track total","23","12","11","0","0","0","3","2","1","2","0","2","0","0","0","0","0","0","18","10","8","0","0","0","0","0","0","0","0","0","-2"
"196291","SUNY Maritime College","2013","On-tenure track, associate professors","4","3","1","0","0","0","1","1","0","0","0","0","0","0","0","0","0","0","3","2","1","0","0","0","0","0","0","0","0","0","-2"
"196291","SUNY Maritime College","2013","On-tenure track, assistant professors","19","9","10","0","0","0","2","1","1","2","0","2","0","0","0","0","0","0","15","8","7","0","0","0","0","0","0","0","0","0","-2"
"196291","SUNY Maritime College","2013","Not on tenure track/No tenure system system total","31","27","4","0","0","0","1","1","0","1","1","0","1","1","0","0","0","0","28","24","4","0","0","0","0","0","0","0","0","0","-2"
"196291","SUNY Maritime College","2013","Not on tenure/no tenure system, professors","1","1","0","0","0","0","1","1","0","0","0","0","0","0","0","0","0","0","0","0","0","0","0","0","0","0","0","0","0","0","-2"
"196291","SUNY Maritime College","2013","Not on tenure/no tenure system, instructors","5","4","1","0","0","0","0","0","0","0","0","0","1","1","0","0","0","0","4","3","1","0","0","0","0","0","0","0","0","0","-2"
"196291","SUNY Maritime College","2013","Not on tenure/no tenure system, lecturers","25","22","3","0","0","0","0","0","0","1","1","0","0","0","0","0","0","0","24","21","3","0","0","0","0","0","0","0","0","0","-2"
"197869","Appalachian State University","2013","Tenured total","491","285","206","4","2","2","8","6","2","12","9","3","6","2","4","0","0","0","440","252","188","4","4","0","4","3","1","13","7","6","-2"
"197869","Appalachian State University","2013","Tenured, professors","275","175","100","1","1","0","3","3","0","4","3","1","4","1","3","0","0","0","256","162","94","1","1","0","3","2","1","3","2","1","-2"
"197869","Appalachian State University","2013","Tenured, associate professors","216","110","106","3","1","2","5","3","2","8","6","2","2","1","1","0","0","0","184","90","94","3","3","0","1","1","0","10","5","5","-2"
"197869","Appalachian State University","2013","On-Tenure track total","202","95","107","0","0","0","6","4","2","3","2","1","5","3","2","0","0","0","173","82","91","2","0","2","1","0","1","12","4","8","-2"
"197869","Appalachian State University","2013","On-tenure track, associate professors","6","3","3","0","0","0","0","0","0","0","0","0","0","0","0","0","0","0","6","3","3","0","0","0","0","0","0","0","0","0","-2"
"197869","Appalachian State University","2013","On-tenure track, assistant professors","196","92","104","0","0","0","6","4","2","3","2","1","5","3","2","0","0","0","167","79","88","2","0","2","1","0","1","12","4","8","-2"
"197869","Appalachian State University","2013","Not on tenure track/No tenure system system total","208","86","122","0","0","0","2","1","1","2","2","0","3","0","3","0","0","0","194","79","115","1","0","1","0","0","0","6","4","2","-2"
"197869","Appalachian State University","2013","Not on tenure/no tenure system, professors","1","1","0","0","0","0","1","1","0","0","0","0","0","0","0","0","0","0","0","0","0","0","0","0","0","0","0","0","0","0","-2"
"197869","Appalachian State University","2013","Not on tenure/no tenure system, assistant professors","2","2","0","0","0","0","0","0","0","0","0","0","0","0","0","0","0","0","2","2","0","0","0","0","0","0","0","0","0","0","-2"
"197869","Appalachian State University","2013","Not on tenure/no tenure system, instructors","28","10","18","0","0","0","0","0","0","1","1","0","1","0","1","0","0","0","26","9","17","0","0","0","0","0","0","0","0","0","-2"
"197869","Appalachian State University","2013","Not on tenure/no tenure system, lecturers","120","46","74","0","0","0","1","0","1","1","1","0","1","0","1","0","0","0","112","42","70","1","0","1","0","0","0","4","3","1","-2"
"197869","Appalachian State University","2013","Not on tenure/no tenure system, no academic rank","57","27","30","0","0","0","0","0","0","0","0","0","1","0","1","0","0","0","54","26","28","0","0","0","0","0","0","2","1","1","-2"
"198419","Duke University","2013","Tenured total","1269","961","308","1","1","0","137","106","31","48","31","17","29","23","6","1","1","0","1053","799","254","0","0","0","0","0","0","0","0","0","-2"
"198419","Duke University","2013","Tenured, professors","913","723","190","0","0","0","95","76","19","32","24","8","17","14","3","1","1","0","768","608","160","0","0","0","0","0","0","0","0","0","-2"
"198419","Duke University","2013","Tenured, associate professors","356","238","118","1","1","0","42","30","12","16","7","9","12","9","3","0","0","0","285","191","94","0","0","0","0","0","0","0","0","0","-2"
"198419","Duke University","2013","On-Tenure track total","470","292","178","0","0","0","101","68","33","21","11","10","20","12","8","0","0","0","326","199","127","2","2","0","0","0","0","0","0","0","-2"
"198419","Duke University","2013","On-tenure track, associate professors","106","69","37","0","0","0","20","9","11","4","2","2","5","4","1","0","0","0","77","54","23","0","0","0","0","0","0","0","0","0","-2"
"198419","Duke University","2013","On-tenure track, assistant professors","364","223","141","0","0","0","81","59","22","17","9","8","15","8","7","0","0","0","249","145","104","2","2","0","0","0","0","0","0","0","-2"
"198419","Duke University","2013","Not on tenure track/No tenure system system total","1849","969","880","3","2","1","282","159","123","75","35","40","57","28","29","3","1","2","1426","744","682","3","0","3","0","0","0","0","0","0","-2"
"198419","Duke University","2013","Not on tenure/no tenure system, professors","237","168","69","0","0","0","21","18","3","8","5","3","2","1","1","0","0","0","206","144","62","0","0","0","0","0","0","0","0","0","-2"
"198419","Duke University","2013","Not on tenure/no tenure system, associate professors","351","195","156","0","0","0","54","31","23","12","7","5","8","6","2","0","0","0","276","151","125","1","0","1","0","0","0","0","0","0","-2"
"198419","Duke University","2013","Not on tenure/no tenure system, assistant professors","798","412","386","2","1","1","143","81","62","36","16","20","25","11","14","2","1","1","588","302","286","2","0","2","0","0","0","0","0","0","-2"
"198419","Duke University","2013","Not on tenure/no tenure system, instructors","306","131","175","1","1","0","49","24","25","17","5","12","12","4","8","0","0","0","227","97","130","0","0","0","0","0","0","0","0","0","-2"
"198419","Duke University","2013","Not on tenure/no tenure system, lecturers","126","43","83","0","0","0","10","1","9","1","1","0","10","6","4","0","0","0","105","35","70","0","0","0","0","0","0","0","0","0","-2"
"198419","Duke University","2013","Not on tenure/no tenure system, no academic rank","31","20","11","0","0","0","5","4","1","1","1","0","0","0","0","1","0","1","24","15","9","0","0","0","0","0","0","0","0","0","-2"
"199102","North Carolina A & T State University","2013","Tenured total","258","166","92","2","2","0","38","30","8","135","76","59","3","2","1","0","0","0","74","51","23","0","0","0","0","0","0","6","5","1","-2"
"199102","North Carolina A & T State University","2013","Tenured, professors","91","67","24","2","2","0","18","16","2","37","23","14","1","1","0","0","0","0","29","22","7","0","0","0","0","0","0","4","3","1","-2"
"199102","North Carolina A & T State University","2013","Tenured, associate professors","162","95","67","0","0","0","20","14","6","93","49","44","2","1","1","0","0","0","45","29","16","0","0","0","0","0","0","2","2","0","-2"
"199102","North Carolina A & T State University","2013","Tenured, assistant professors","5","4","1","0","0","0","0","0","0","5","4","1","0","0","0","0","0","0","0","0","0","0","0","0","0","0","0","0","0","0","-2"
"199102","North Carolina A & T State University","2013","On-Tenure track total","130","69","61","0","0","0","25","17","8","58","22","36","1","1","0","0","0","0","36","21","15","0","0","0","1","1","0","9","7","2","-2"
"199102","North Carolina A & T State University","2013","On-tenure track, professors","4","3","1","0","0","0","0","0","0","3","3","0","0","0","0","0","0","0","1","0","1","0","0","0","0","0","0","0","0","0","-2"
"199102","North Carolina A & T State University","2013","On-tenure track, associate professors","23","15","8","0","0","0","1","0","1","14","9","5","0","0","0","0","0","0","8","6","2","0","0","0","0","0","0","0","0","0","-2"
"199102","North Carolina A & T State University","2013","On-tenure track, assistant professors","103","51","52","0","0","0","24","17","7","41","10","31","1","1","0","0","0","0","27","15","12","0","0","0","1","1","0","9","7","2","-2"
"199102","North Carolina A & T State University","2013","Not on tenure track/No tenure system system total","74","27","47","1","0","1","3","3","0","52","16","36","1","0","1","0","0","0","14","7","7","0","0","0","1","0","1","2","1","1","-2"
"199102","North Carolina A & T State University","2013","Not on tenure/no tenure system, instructors","14","7","7","0","0","0","0","0","0","11","5","6","0","0","0","0","0","0","3","2","1","0","0","0","0","0","0","0","0","0","-2"
"199102","North Carolina A & T State University","2013","Not on tenure/no tenure system, lecturers","23","5","18","1","0","1","0","0","0","18","5","13","0","0","0","0","0","0","2","0","2","0","0","0","1","0","1","1","0","1","-2"
"199102","North Carolina A & T State University","2013","Not on tenure/no tenure system, no academic rank","37","15","22","0","0","0","3","3","0","23","6","17","1","0","1","0","0","0","9","5","4","0","0","0","0","0","0","1","1","0","-2"
"199111","University of North Carolina at Asheville","2013","Tenured total","124","76","48","1","1","0","8","4","4","6","4","2","4","1","3","0","0","0","105","66","39","0","0","0","0","0","0","0","0","0","-2"
"199111","University of North Carolina at Asheville","2013","Tenured, professors","58","41","17","1","1","0","1","1","0","2","1","1","1","1","0","0","0","0","53","37","16","0","0","0","0","0","0","0","0","0","-2"
"199111","University of North Carolina at Asheville","2013","Tenured, associate professors","65","34","31","0","0","0","7","3","4","3","2","1","3","0","3","0","0","0","52","29","23","0","0","0","0","0","0","0","0","0","-2"
"199111","University of North Carolina at Asheville","2013","Tenured, assistant professors","1","1","0","0","0","0","0","0","0","1","1","0","0","0","0","0","0","0","0","0","0","0","0","0","0","0","0","0","0","0","-2"
"199111","University of North Carolina at Asheville","2013","On-Tenure track total","40","18","22","0","0","0","2","0","2","4","2","2","0","0","0","1","0","1","31","15","16","1","0","1","0","0","0","1","1","0","-2"
"199111","University of North Carolina at Asheville","2013","On-tenure track, associate professors","2","0","2","0","0","0","0","0","0","1","0","1","0","0","0","0","0","0","1","0","1","0","0","0","0","0","0","0","0","0","-2"
"199111","University of North Carolina at Asheville","2013","On-tenure track, assistant professors","38","18","20","0","0","0","2","0","2","3","2","1","0","0","0","1","0","1","30","15","15","1","0","1","0","0","0","1","1","0","-2"
"199111","University of North Carolina at Asheville","2013","Not on tenure track/No tenure system system total","55","27","28","1","1","0","0","0","0","1","1","0","2","2","0","0","0","0","47","21","26","0","0","0","1","1","0","3","1","2","-2"
"199111","University of North Carolina at Asheville","2013","Not on tenure/no tenure system, instructors","1","1","0","0","0","0","0","0","0","0","0","0","0","0","0","0","0","0","0","0","0","0","0","0","0","0","0","1","1","0","-2"
"199111","University of North Carolina at Asheville","2013","Not on tenure/no tenure system, lecturers","45","20","25","0","0","0","0","0","0","0","0","0","1","1","0","0","0","0","41","18","23","0","0","0","1","1","0","2","0","2","-2"
"199111","University of North Carolina at Asheville","2013","Not on tenure/no tenure system, no academic rank","9","6","3","1","1","0","0","0","0","1","1","0","1","1","0","0","0","0","6","3","3","0","0","0","0","0","0","0","0","0","-2"
"199120","University of North Carolina at Chapel Hill","2013","Tenured total","1013","680","333","4","2","2","82","60","22","55","27","28","32","20","12","0","0","0","831","563","268","3","3","0","0","0","0","6","5","1","-2"
"199120","University of North Carolina at Chapel Hill","2013","Tenured, professors","642","462","180","1","1","0","44","39","5","19","12","7","14","6","8","0","0","0","561","401","160","1","1","0","0","0","0","2","2","0","-2"
"199120","University of North Carolina at Chapel Hill","2013","Tenured, associate professors","371","218","153","3","1","2","38","21","17","36","15","21","18","14","4","0","0","0","270","162","108","2","2","0","0","0","0","4","3","1","-2"
"199120","University of North Carolina at Chapel Hill","2013","On-Tenure track total","352","186","166","4","2","2","35","17","18","34","12","22","22","9","13","0","0","0","215","118","97","2","0","2","0","0","0","40","28","12","-2"
"199120","University of North Carolina at Chapel Hill","2013","On-tenure track, associate professors","19","8","11","0","0","0","0","0","0","2","2","0","2","1","1","0","0","0","14","5","9","1","0","1","0","0","0","0","0","0","-2"
"199120","University of North Carolina at Chapel Hill","2013","On-tenure track, assistant professors","333","178","155","4","2","2","35","17","18","32","10","22","20","8","12","0","0","0","201","113","88","1","0","1","0","0","0","40","28","12","-2"
"199120","University of North Carolina at Chapel Hill","2013","Not on tenure track/No tenure system system total","669","239","430","5","1","4","45","14","31","33","13","20","38","21","17","0","0","0","519","178","341","2","1","1","2","2","0","25","9","16","-2"
"199120","University of North Carolina at Chapel Hill","2013","Not on tenure/no tenure system, professors","14","10","4","0","0","0","2","2","0","0","0","0","0","0","0","0","0","0","10","6","4","0","0","0","1","1","0","1","1","0","-2"
"199120","University of North Carolina at Chapel Hill","2013","Not on tenure/no tenure system, associate professors","19","8","11","0","0","0","4","1","3","0","0","0","1","0","1","0","0","0","14","7","7","0","0","0","0","0","0","0","0","0","-2"
"199120","University of North Carolina at Chapel Hill","2013","Not on tenure/no tenure system, assistant professors","45","15","30","0","0","0","4","0","4","1","1","0","3","1","2","0","0","0","34","13","21","0","0","0","0","0","0","3","0","3","-2"
"199120","University of North Carolina at Chapel Hill","2013","Not on tenure/no tenure system, instructors","10","5","5","0","0","0","1","1","0","1","1","0","1","0","1","0","0","0","6","2","4","0","0","0","0","0","0","1","1","0","-2"
"199120","University of North Carolina at Chapel Hill","2013","Not on tenure/no tenure system, lecturers","173","65","108","0","0","0","12","3","9","7","2","5","14","6","8","0","0","0","125","51","74","0","0","0","0","0","0","15","3","12","-2"
"199120","University of North Carolina at Chapel Hill","2013","Not on tenure/no tenure system, no academic rank","408","136","272","5","1","4","22","7","15","24","9","15","19","14","5","0","0","0","330","99","231","2","1","1","1","1","0","5","4","1","-2"
"199139","University of North Carolina at Charlotte","2013","Tenured total","508","338","170","0","0","0","66","55","11","22","11","11","14","7","7","0","0","0","378","250","128","0","0","0","8","6","2","20","9","11","-2"
"199139","University of North Carolina at Charlotte","2013","Tenured, professors","196","151","45","0","0","0","22","20","2","2","2","0","4","1","3","0","0","0","158","122","36","0","0","0","6","4","2","4","2","2","-2"
"199139","University of North Carolina at Charlotte","2013","Tenured, associate professors","310","186","124","0","0","0","44","35","9","20","9","11","10","6","4","0","0","0","218","127","91","0","0","0","2","2","0","16","7","9","-2"
"199139","University of North Carolina at Charlotte","2013","Tenured, assistant professors","2","1","1","0","0","0","0","0","0","0","0","0","0","0","0","0","0","0","2","1","1","0","0","0","0","0","0","0","0","0","-2"
"199139","University of North Carolina at Charlotte","2013","On-Tenure track total","199","102","97","0","0","0","18","9","9","18","7","11","5","3","2","0","0","0","90","44","46","0","0","0","39","18","21","29","21","8","-2"
"199139","University of North Carolina at Charlotte","2013","On-tenure track, professors","1","1","0","0","0","0","0","0","0","1","1","0","0","0","0","0","0","0","0","0","0","0","0","0","0","0","0","0","0","0","-2"
"199139","University of North Carolina at Charlotte","2013","On-tenure track, associate professors","12","9","3","0","0","0","3","2","1","0","0","0","1","1","0","0","0","0","3","2","1","0","0","0","5","4","1","0","0","0","-2"
"199139","University of North Carolina at Charlotte","2013","On-tenure track, assistant professors","186","92","94","0","0","0","15","7","8","17","6","11","4","2","2","0","0","0","87","42","45","0","0","0","34","14","20","29","21","8","-2"
"199139","University of North Carolina at Charlotte","2013","Not on tenure track/No tenure system system total","309","113","196","0","0","0","13","3","10","21","3","18","7","1","6","0","0","0","216","76","140","0","0","0","27","14","13","25","16","9","-2"
"199139","University of North Carolina at Charlotte","2013","Not on tenure/no tenure system, professors","1","1","0","0","0","0","0","0","0","0","0","0","0","0","0","0","0","0","0","0","0","0","0","0","1","1","0","0","0","0","-2"
"199139","University of North Carolina at Charlotte","2013","Not on tenure/no tenure system, associate professors","1","1","0","0","0","0","0","0","0","0","0","0","0","0","0","0","0","0","1","1","0","0","0","0","0","0","0","0","0","0","-2"
"199139","University of North Carolina at Charlotte","2013","Not on tenure/no tenure system, assistant professors","7","3","4","0","0","0","1","0","1","0","0","0","0","0","0","0","0","0","2","1","1","0","0","0","3","2","1","1","0","1","-2"
"199139","University of North Carolina at Charlotte","2013","Not on tenure/no tenure system, lecturers","236","82","154","0","0","0","10","2","8","16","3","13","7","1","6","0","0","0","182","65","117","0","0","0","16","8","8","5","3","2","-2"
"199139","University of North Carolina at Charlotte","2013","Not on tenure/no tenure system, no academic rank","64","26","38","0","0","0","2","1","1","5","0","5","0","0","0","0","0","0","31","9","22","0","0","0","7","3","4","19","13","6","-2"
"199157","North Carolina Central University","2013","Tenured total","175","100","75","0","0","0","18","11","7","102","55","47","3","2","1","0","0","0","45","27","18","0","0","0","5","3","2","2","2","0","-2"
"199157","North Carolina Central University","2013","Tenured, professors","63","38","25","0","0","0","8","5","3","38","21","17","0","0","0","0","0","0","16","12","4","0","0","0","1","0","1","0","0","0","-2"
"199157","North Carolina Central University","2013","Tenured, associate professors","99","54","45","0","0","0","10","6","4","55","30","25","3","2","1","0","0","0","25","11","14","0","0","0","4","3","1","2","2","0","-2"
"199157","North Carolina Central University","2013","Tenured, assistant professors","13","8","5","0","0","0","0","0","0","9","4","5","0","0","0","0","0","0","4","4","0","0","0","0","0","0","0","0","0","0","-2"
"199157","North Carolina Central University","2013","On-Tenure track total","116","56","60","0","0","0","11","9","2","53","18","35","0","0","0","0","0","0","38","19","19","0","0","0","3","1","2","11","9","2","-2"
"199157","North Carolina Central University","2013","On-tenure track, professors","2","2","0","0","0","0","2","2","0","0","0","0","0","0","0","0","0","0","0","0","0","0","0","0","0","0","0","0","0","0","-2"
"199157","North Carolina Central University","2013","On-tenure track, associate professors","14","10","4","0","0","0","2","2","0","8","5","3","0","0","0","0","0","0","3","2","1","0","0","0","0","0","0","1","1","0","-2"
"199157","North Carolina Central University","2013","On-tenure track, assistant professors","98","42","56","0","0","0","7","5","2","45","13","32","0","0","0","0","0","0","33","15","18","0","0","0","3","1","2","10","8","2","-2"
"199157","North Carolina Central University","2013","On-tenure track, no academic rank","2","2","0","0","0","0","0","0","0","0","0","0","0","0","0","0","0","0","2","2","0","0","0","0","0","0","0","0","0","0","-2"
"199157","North Carolina Central University","2013","Not on tenure track/No tenure system system total","122","52","70","0","0","0","5","2","3","75","28","47","2","1","1","0","0","0","34","17","17","0","0","0","3","1","2","3","3","0","-2"
"199157","North Carolina Central University","2013","Not on tenure/no tenure system, professors","1","1","0","0","0","0","0","0","0","1","1","0","0","0","0","0","0","0","0","0","0","0","0","0","0","0","0","0","0","0","-2"
"199157","North Carolina Central University","2013","Not on tenure/no tenure system, associate professors","2","1","1","0","0","0","0","0","0","1","0","1","0","0","0","0","0","0","1","1","0","0","0","0","0","0","0","0","0","0","-2"
"199157","North Carolina Central University","2013","Not on tenure/no tenure system, instructors","8","3","5","0","0","0","1","1","0","4","0","4","0","0","0","0","0","0","2","1","1","0","0","0","0","0","0","1","1","0","-2"
"199157","North Carolina Central University","2013","Not on tenure/no tenure system, lecturers","34","17","17","0","0","0","2","0","2","18","11","7","2","1","1","0","0","0","10","5","5","0","0","0","2","0","2","0","0","0","-2"
"199157","North Carolina Central University","2013","Not on tenure/no tenure system, no academic rank","77","30","47","0","0","0","2","1","1","51","16","35","0","0","0","0","0","0","21","10","11","0","0","0","1","1","0","2","2","0","-2"
"199193","North Carolina State University at Raleigh","2013","Tenured total","828","621","207","1","0","1","91","77","14","38","24","14","25","13","12","0","0","0","652","489","163","6","5","1","9","7","2","6","6","0","-2"
"199193","North Carolina State University at Raleigh","2013","Tenured, professors","492","399","93","0","0","0","54","50","4","13","10","3","13","6","7","0","0","0","394","317","77","5","4","1","7","6","1","6","6","0","-2"
"199193","North Carolina State University at Raleigh","2013","Tenured, associate professors","334","221","113","1","0","1","37","27","10","25","14","11","12","7","5","0","0","0","256","171","85","1","1","0","2","1","1","0","0","0","-2"
"199193","North Carolina State University at Raleigh","2013","Tenured, assistant professors","2","1","1","0","0","0","0","0","0","0","0","0","0","0","0","0","0","0","2","1","1","0","0","0","0","0","0","0","0","0","-2"
"199193","North Carolina State University at Raleigh","2013","On-Tenure track total","266","157","109","1","1","0","33","22","11","11","5","6","10","4","6","1","1","0","162","95","67","3","2","1","26","13","13","19","14","5","-2"
"199193","North Carolina State University at Raleigh","2013","On-tenure track, associate professors","34","20","14","0","0","0","8","6","2","1","0","1","1","0","1","0","0","0","16","9","7","0","0","0","6","3","3","2","2","0","-2"
"199193","North Carolina State University at Raleigh","2013","On-tenure track, assistant professors","232","137","95","1","1","0","25","16","9","10","5","5","9","4","5","1","1","0","146","86","60","3","2","1","20","10","10","17","12","5","-2"
"199193","North Carolina State University at Raleigh","2013","Not on tenure track/No tenure system system total","396","200","196","0","0","0","16","7","9","10","4","6","13","6","7","0","0","0","329","165","164","2","1","1","13","6","7","13","11","2","-2"
"199193","North Carolina State University at Raleigh","2013","Not on tenure/no tenure system, professors","6","6","0","0","0","0","0","0","0","0","0","0","0","0","0","0","0","0","6","6","0","0","0","0","0","0","0","0","0","0","-2"
"199193","North Carolina State University at Raleigh","2013","Not on tenure/no tenure system, associate professors","14","11","3","0","0","0","4","4","0","0","0","0","1","0","1","0","0","0","8","6","2","0","0","0","0","0","0","1","1","0","-2"
"199193","North Carolina State University at Raleigh","2013","Not on tenure/no tenure system, assistant professors","37","27","10","0","0","0","4","1","3","0","0","0","1","0","1","0","0","0","26","20","6","0","0","0","0","0","0","6","6","0","-2"
"199193","North Carolina State University at Raleigh","2013","Not on tenure/no tenure system, instructors","2","1","1","0","0","0","0","0","0","1","1","0","0","0","0","0","0","0","1","0","1","0","0","0","0","0","0","0","0","0","-2"
"199193","North Carolina State University at Raleigh","2013","Not on tenure/no tenure system, lecturers","164","74","90","0","0","0","3","1","2","4","2","2","5","3","2","0","0","0","146","65","81","1","0","1","3","3","0","2","0","2","-2"
"199193","North Carolina State University at Raleigh","2013","Not on tenure/no tenure system, no academic rank","173","81","92","0","0","0","5","1","4","5","1","4","6","3","3","0","0","0","142","68","74","1","1","0","10","3","7","4","4","0","-2"
"199847","Wake Forest University","2013","Tenured total","467","321","146","2","2","0","28","22","6","12","9","3","19","12","7","0","0","0","402","274","128","0","0","0","1","1","0","3","1","2","-2"
"199847","Wake Forest University","2013","Tenured, professors","315","235","80","1","1","0","16","14","2","8","6","2","7","7","0","0","0","0","282","206","76","0","0","0","0","0","0","1","1","0","-2"
"199847","Wake Forest University","2013","Tenured, associate professors","150","86","64","1","1","0","12","8","4","4","3","1","12","5","7","0","0","0","119","68","51","0","0","0","1","1","0","1","0","1","-2"
"199847","Wake Forest University","2013","Tenured, assistant professors","2","0","2","0","0","0","0","0","0","0","0","0","0","0","0","0","0","0","1","0","1","0","0","0","0","0","0","1","0","1","-2"
"199847","Wake Forest University","2013","On-Tenure track total","660","432","228","4","3","1","83","55","28","34","12","22","14","5","9","0","0","0","506","344","162","1","0","1","3","2","1","15","11","4","-2"
"199847","Wake Forest University","2013","On-tenure track, professors","87","73","14","0","0","0","10","9","1","2","1","1","1","0","1","0","0","0","72","62","10","0","0","0","0","0","0","2","1","1","-2"
"199847","Wake Forest University","2013","On-tenure track, associate professors","188","130","58","1","0","1","19","13","6","3","2","1","3","0","3","0","0","0","158","113","45","0","0","0","0","0","0","4","2","2","-2"
"199847","Wake Forest University","2013","On-tenure track, assistant professors","371","222","149","3","3","0","49","29","20","27","8","19","10","5","5","0","0","0","271","169","102","1","0","1","3","2","1","7","6","1","-2"
"199847","Wake Forest University","2013","On-tenure track, instructors","14","7","7","0","0","0","5","4","1","2","1","1","0","0","0","0","0","0","5","0","5","0","0","0","0","0","0","2","2","0","-2"
"199847","Wake Forest University","2013","Not on tenure track/No tenure system system total","452","257","195","1","0","1","51","32","19","27","13","14","18","8","10","1","0","1","321","183","138","5","3","2","7","4","3","21","14","7","-2"
"199847","Wake Forest University","2013","Not on tenure/no tenure system, professors","11","11","0","0","0","0","0","0","0","0","0","0","1","1","0","0","0","0","8","8","0","0","0","0","0","0","0","2","2","0","-2"
"199847","Wake Forest University","2013","Not on tenure/no tenure system, associate professors","20","15","5","1","0","1","1","1","0","1","1","0","0","0","0","0","0","0","17","13","4","0","0","0","0","0","0","0","0","0","-2"
"199847","Wake Forest University","2013","Not on tenure/no tenure system, assistant professors","179","100","79","0","0","0","32","17","15","9","4","5","7","5","2","1","0","1","123","69","54","5","3","2","0","0","0","2","2","0","-2"
"199847","Wake Forest University","2013","Not on tenure/no tenure system, instructors","49","27","22","0","0","0","12","10","2","6","3","3","2","1","1","0","0","0","24","9","15","0","0","0","0","0","0","5","4","1","-2"
"199847","Wake Forest University","2013","Not on tenure/no tenure system, lecturers","101","50","51","0","0","0","5","4","1","5","3","2","6","1","5","0","0","0","77","38","39","0","0","0","3","2","1","5","2","3","-2"
"199847","Wake Forest University","2013","Not on tenure/no tenure system, no academic rank","92","54","38","0","0","0","1","0","1","6","2","4","2","0","2","0","0","0","72","46","26","0","0","0","4","2","2","7","4","3","-2"
"200280","University of North Dakota","2013","Tenured total","365","248","117","2","1","1","17","15","2","4","3","1","1","1","0","0","0","0","293","194","99","2","1","1","4","4","0","42","29","13","-2"
"200280","University of North Dakota","2013","Tenured, professors","149","112","37","1","1","0","10","9","1","1","1","0","0","0","0","0","0","0","131","96","35","1","1","0","0","0","0","5","4","1","-2"
"200280","University of North Dakota","2013","Tenured, associate professors","202","127","75","1","0","1","6","5","1","3","2","1","0","0","0","0","0","0","150","91","59","1","0","1","4","4","0","37","25","12","-2"
"200280","University of North Dakota","2013","Tenured, assistant professors","14","9","5","0","0","0","1","1","0","0","0","0","1","1","0","0","0","0","12","7","5","0","0","0","0","0","0","0","0","0","-2"
"200280","University of North Dakota","2013","On-Tenure track total","119","71","48","3","1","2","5","2","3","0","0","0","2","1","1","0","0","0","73","40","33","2","0","2","2","2","0","32","25","7","-2"
"200280","University of North Dakota","2013","On-tenure track, professors","2","1","1","0","0","0","0","0","0","0","0","0","0","0","0","0","0","0","1","0","1","0","0","0","0","0","0","1","1","0","-2"
"200280","University of North Dakota","2013","On-tenure track, associate professors","5","4","1","0","0","0","0","0","0","0","0","0","0","0","0","0","0","0","2","1","1","0","0","0","0","0","0","3","3","0","-2"
"200280","University of North Dakota","2013","On-tenure track, assistant professors","112","66","46","3","1","2","5","2","3","0","0","0","2","1","1","0","0","0","70","39","31","2","0","2","2","2","0","28","21","7","-2"
"200280","University of North Dakota","2013","Not on tenure track/No tenure system system total","227","106","121","6","2","4","8","2","6","2","1","1","1","0","1","0","0","0","193","90","103","3","1","2","2","1","1","12","9","3","-2"
"200280","University of North Dakota","2013","Not on tenure/no tenure system, professors","11","8","3","0","0","0","0","0","0","0","0","0","0","0","0","0","0","0","10","7","3","0","0","0","0","0","0","1","1","0","-2"
"200280","University of North Dakota","2013","Not on tenure/no tenure system, associate professors","45","20","25","2","0","2","2","0","2","0","0","0","0","0","0","0","0","0","39","19","20","1","0","1","1","1","0","0","0","0","-2"
"200280","University of North Dakota","2013","Not on tenure/no tenure system, assistant professors","100","36","64","4","2","2","6","2","4","2","1","1","0","0","0","0","0","0","77","25","52","2","1","1","1","0","1","8","5","3","-2"
"200280","University of North Dakota","2013","Not on tenure/no tenure system, instructors","31","11","20","0","0","0","0","0","0","0","0","0","0","0","0","0","0","0","31","11","20","0","0","0","0","0","0","0","0","0","-2"
"200280","University of North Dakota","2013","Not on tenure/no tenure system, lecturers","40","31","9","0","0","0","0","0","0","0","0","0","1","0","1","0","0","0","36","28","8","0","0","0","0","0","0","3","3","0","-2"
"201885","University of Cincinnati-Main Campus","2013","Tenured total","715","487","228","2","2","0","87","62","25","35","17","18","19","11","8","0","0","0","533","367","166","0","0","0","25","16","9","14","12","2","-2"
"201885","University of Cincinnati-Main Campus","2013","Tenured, professors","410","312","98","1","1","0","52","40","12","19","9","10","9","6","3","0","0","0","314","244","70","0","0","0","11","8","3","4","4","0","-2"
"201885","University of Cincinnati-Main Campus","2013","Tenured, associate professors","295","168","127","1","1","0","34","21","13","16","8","8","10","5","5","0","0","0","212","118","94","0","0","0","12","7","5","10","8","2","-2"
"201885","University of Cincinnati-Main Campus","2013","Tenured, assistant professors","9","6","3","0","0","0","1","1","0","0","0","0","0","0","0","0","0","0","6","4","2","0","0","0","2","1","1","0","0","0","-2"
"201885","University of Cincinnati-Main Campus","2013","Tenured, instructors","1","1","0","0","0","0","0","0","0","0","0","0","0","0","0","0","0","0","1","1","0","0","0","0","0","0","0","0","0","0","-2"
"201885","University of Cincinnati-Main Campus","2013","On-Tenure track total","113","52","61","0","0","0","0","0","0","5","2","3","3","0","3","1","0","1","58","27","31","0","0","0","18","9","9","28","14","14","-2"
"201885","University of Cincinnati-Main Campus","2013","On-tenure track, professors","2","2","0","0","0","0","0","0","0","0","0","0","0","0","0","0","0","0","1","1","0","0","0","0","1","1","0","0","0","0","-2"
"201885","University of Cincinnati-Main Campus","2013","On-tenure track, associate professors","15","6","9","0","0","0","0","0","0","0","0","0","0","0","0","0","0","0","8","3","5","0","0","0","4","2","2","3","1","2","-2"
"201885","University of Cincinnati-Main Campus","2013","On-tenure track, assistant professors","96","44","52","0","0","0","0","0","0","5","2","3","3","0","3","1","0","1","49","23","26","0","0","0","13","6","7","25","13","12","-2"
"201885","University of Cincinnati-Main Campus","2013","Not on tenure track/No tenure system system total","826","443","383","1","1","0","63","35","28","35","16","19","20","5","15","0","0","0","572","300","272","1","1","0","75","44","31","59","41","18","-2"
"201885","University of Cincinnati-Main Campus","2013","Not on tenure/no tenure system, professors","92","54","38","0","0","0","4","3","1","4","2","2","4","2","2","0","0","0","73","44","29","0","0","0","3","2","1","4","1","3","-2"
"201885","University of Cincinnati-Main Campus","2013","Not on tenure/no tenure system, associate professors","205","102","103","1","1","0","24","14","10","9","5","4","6","0","6","0","0","0","145","74","71","0","0","0","14","5","9","6","3","3","-2"
"201885","University of Cincinnati-Main Campus","2013","Not on tenure/no tenure system, assistant professors","441","251","190","0","0","0","32","17","15","20","9","11","8","3","5","0","0","0","288","158","130","1","1","0","48","31","17","44","32","12","-2"
"201885","University of Cincinnati-Main Campus","2013","Not on tenure/no tenure system, instructors","88","36","52","0","0","0","3","1","2","2","0","2","2","0","2","0","0","0","66","24","42","0","0","0","10","6","4","5","5","0","-2"
"204796","Ohio State University-Main Campus","2013","Tenured total","1890","1298","592","1","0","1","207","165","42","70","42","28","57","34","23","0","0","0","1412","950","462","9","7","2","39","28","11","95","72","23","-2"
"204796","Ohio State University-Main Campus","2013","Tenured, professors","1010","768","242","1","0","1","109","93","16","26","17","9","20","14","6","0","0","0","789","590","199","3","3","0","23","20","3","39","31","8","-2"
"204796","Ohio State University-Main Campus","2013","Tenured, associate professors","839","510","329","0","0","0","97","72","25","42","25","17","37","20","17","0","0","0","585","340","245","6","4","2","16","8","8","56","41","15","-2"
"204796","Ohio State University-Main Campus","2013","Tenured, assistant professors","40","20","20","0","0","0","1","0","1","2","0","2","0","0","0","0","0","0","37","20","17","0","0","0","0","0","0","0","0","0","-2"
"204796","Ohio State University-Main Campus","2013","Tenured, instructors","1","0","1","0","0","0","0","0","0","0","0","0","0","0","0","0","0","0","1","0","1","0","0","0","0","0","0","0","0","0","-2"
"204796","Ohio State University-Main Campus","2013","On-Tenure track total","602","335","267","1","1","0","76","46","30","27","16","11","13","7","6","3","1","2","375","202","173","5","1","4","29","18","11","73","43","30","-2"
"204796","Ohio State University-Main Campus","2013","On-tenure track, professors","3","3","0","0","0","0","1","1","0","0","0","0","0","0","0","0","0","0","1","1","0","0","0","0","0","0","0","1","1","0","-2"
"204796","Ohio State University-Main Campus","2013","On-tenure track, associate professors","26","20","6","0","0","0","4","3","1","1","1","0","2","2","0","0","0","0","14","10","4","1","1","0","2","2","0","2","1","1","-2"
"204796","Ohio State University-Main Campus","2013","On-tenure track, assistant professors","567","309","258","1","1","0","70","41","29","26","15","11","11","5","6","3","1","2","358","191","167","4","0","4","25","15","10","69","40","29","-2"
"204796","Ohio State University-Main Campus","2013","On-tenure track, instructors","6","3","3","0","0","0","1","1","0","0","0","0","0","0","0","0","0","0","2","0","2","0","0","0","2","1","1","1","1","0","-2"
"204796","Ohio State University-Main Campus","2013","Not on tenure track/No tenure system system total","1007","563","444","2","0","2","123","63","60","31","13","18","33","19","14","1","1","0","727","408","319","3","0","3","50","38","12","37","21","16","-2"
"204796","Ohio State University-Main Campus","2013","Not on tenure/no tenure system, professors","100","73","27","0","0","0","9","7","2","2","0","2","2","2","0","0","0","0","81","58","23","0","0","0","5","5","0","1","1","0","-2"
"204796","Ohio State University-Main Campus","2013","Not on tenure/no tenure system, associate professors","247","149","98","1","0","1","19","9","10","5","3","2","5","4","1","1","1","0","193","115","78","0","0","0","12","10","2","11","7","4","-2"
"204796","Ohio State University-Main Campus","2013","Not on tenure/no tenure system, assistant professors","659","341","318","1","0","1","95","47","48","24","10","14","26","13","13","0","0","0","452","235","217","3","0","3","33","23","10","25","13","12","-2"
"204796","Ohio State University-Main Campus","2013","Not on tenure/no tenure system, instructors","1","0","1","0","0","0","0","0","0","0","0","0","0","0","0","0","0","0","1","0","1","0","0","0","0","0","0","0","0","0","-2"
"204857","Ohio University-Main Campus","2013","Tenured total","554","374","180","2","1","1","48","41","7","28","18","10","17","12","5","0","0","0","433","285","148","8","4","4","4","2","2","14","11","3","-2"
"204857","Ohio University-Main Campus","2013","Tenured, professors","221","165","56","1","1","0","19","18","1","8","6","2","6","4","2","0","0","0","179","130","49","2","1","1","0","0","0","6","5","1","-2"
"204857","Ohio University-Main Campus","2013","Tenured, associate professors","325","203","122","1","0","1","29","23","6","18","11","7","11","8","3","0","0","0","248","150","98","6","3","3","4","2","2","8","6","2","-2"
"204857","Ohio University-Main Campus","2013","Tenured, assistant professors","8","6","2","0","0","0","0","0","0","2","1","1","0","0","0","0","0","0","6","5","1","0","0","0","0","0","0","0","0","0","-2"
"204857","Ohio University-Main Campus","2013","On-Tenure track total","164","95","69","1","1","0","15","9","6","9","7","2","10","5","5","0","0","0","95","54","41","1","0","1","13","8","5","20","11","9","-2"
"204857","Ohio University-Main Campus","2013","On-tenure track, associate professors","13","7","6","0","0","0","3","3","0","1","1","0","1","0","1","0","0","0","6","2","4","0","0","0","2","1","1","0","0","0","-2"
"204857","Ohio University-Main Campus","2013","On-tenure track, assistant professors","151","88","63","1","1","0","12","6","6","8","6","2","9","5","4","0","0","0","89","52","37","1","0","1","11","7","4","20","11","9","-2"
"204857","Ohio University-Main Campus","2013","Not on tenure track/No tenure system system total","230","111","119","0","0","0","6","2","4","3","2","1","3","2","1","0","0","0","164","81","83","1","1","0","26","12","14","27","11","16","-2"
"204857","Ohio University-Main Campus","2013","Not on tenure/no tenure system, professors","6","4","2","0","0","0","0","0","0","0","0","0","0","0","0","0","0","0","4","3","1","0","0","0","0","0","0","2","1","1","-2"
"204857","Ohio University-Main Campus","2013","Not on tenure/no tenure system, associate professors","3","2","1","0","0","0","1","0","1","1","1","0","0","0","0","0","0","0","1","1","0","0","0","0","0","0","0","0","0","0","-2"
"204857","Ohio University-Main Campus","2013","Not on tenure/no tenure system, assistant professors","96","51","45","0","0","0","3","1","2","2","1","1","3","2","1","0","0","0","68","34","34","0","0","0","12","7","5","8","6","2","-2"
"204857","Ohio University-Main Campus","2013","Not on tenure/no tenure system, instructors","84","38","46","0","0","0","1","0","1","0","0","0","0","0","0","0","0","0","62","32","30","1","1","0","9","4","5","11","1","10","-2"
"204857","Ohio University-Main Campus","2013","Not on tenure/no tenure system, lecturers","23","9","14","0","0","0","1","1","0","0","0","0","0","0","0","0","0","0","16","5","11","0","0","0","3","1","2","3","2","1","-2"
"204857","Ohio University-Main Campus","2013","Not on tenure/no tenure system, no academic rank","18","7","11","0","0","0","0","0","0","0","0","0","0","0","0","0","0","0","13","6","7","0","0","0","2","0","2","3","1","2","-2"
"207500","University of Oklahoma-Norman Campus","2013","Tenured total","694","493","201","11","7","4","67","53","14","12","6","6","18","12","6","0","0","0","530","374","156","3","1","2","14","13","1","39","27","12","-2"
"207500","University of Oklahoma-Norman Campus","2013","Tenured, professors","393","315","78","7","4","3","53","44","9","5","2","3","12","9","3","0","0","0","302","243","59","1","1","0","4","4","0","9","8","1","-2"
"207500","University of Oklahoma-Norman Campus","2013","Tenured, associate professors","301","178","123","4","3","1","14","9","5","7","4","3","6","3","3","0","0","0","228","131","97","2","0","2","10","9","1","30","19","11","-2"
"207500","University of Oklahoma-Norman Campus","2013","On-Tenure track total","218","124","94","6","3","3","17","10","7","9","6","3","5","2","3","1","0","1","139","81","58","3","1","2","6","4","2","32","17","15","-2"
"207500","University of Oklahoma-Norman Campus","2013","On-tenure track, associate professors","14","8","6","0","0","0","3","3","0","1","0","1","0","0","0","0","0","0","9","4","5","0","0","0","0","0","0","1","1","0","-2"
"207500","University of Oklahoma-Norman Campus","2013","On-tenure track, assistant professors","204","116","88","6","3","3","14","7","7","8","6","2","5","2","3","1","0","1","130","77","53","3","1","2","6","4","2","31","16","15","-2"
"207500","University of Oklahoma-Norman Campus","2013","Not on tenure track/No tenure system system total","244","128","116","11","6","5","10","6","4","8","3","5","9","3","6","0","0","0","179","97","82","2","0","2","8","5","3","17","8","9","-2"
"207500","University of Oklahoma-Norman Campus","2013","Not on tenure/no tenure system, professors","7","5","2","0","0","0","1","1","0","1","0","1","0","0","0","0","0","0","5","4","1","0","0","0","0","0","0","0","0","0","-2"
"207500","University of Oklahoma-Norman Campus","2013","Not on tenure/no tenure system, associate professors","22","13","9","0","0","0","1","0","1","1","0","1","0","0","0","0","0","0","19","13","6","0","0","0","0","0","0","1","0","1","-2"
"207500","University of Oklahoma-Norman Campus","2013","Not on tenure/no tenure system, assistant professors","60","28","32","2","2","0","1","1","0","3","1","2","2","0","2","0","0","0","48","22","26","0","0","0","3","2","1","1","0","1","-2"
"207500","University of Oklahoma-Norman Campus","2013","Not on tenure/no tenure system, instructors","95","46","49","8","4","4","3","1","2","3","2","1","6","2","4","0","0","0","65","34","31","0","0","0","3","1","2","7","2","5","-2"
"207500","University of Oklahoma-Norman Campus","2013","Not on tenure/no tenure system, lecturers","60","36","24","1","0","1","4","3","1","0","0","0","1","1","0","0","0","0","42","24","18","2","0","2","2","2","0","8","6","2","-2"
"207971","University of Tulsa","2013","Tenured total","178","141","37","9","7","2","13","13","0","2","1","1","3","3","0","0","0","0","147","113","34","0","0","0","2","2","0","2","2","0","-2"
"207971","University of Tulsa","2013","Tenured, professors","106","87","19","6","5","1","8","8","0","2","1","1","1","1","0","0","0","0","88","71","17","0","0","0","1","1","0","0","0","0","-2"
"207971","University of Tulsa","2013","Tenured, associate professors","72","54","18","3","2","1","5","5","0","0","0","0","2","2","0","0","0","0","59","42","17","0","0","0","1","1","0","2","2","0","-2"
"207971","University of Tulsa","2013","On-Tenure track total","81","56","25","0","0","0","6","3","3","0","0","0","3","2","1","0","0","0","60","43","17","0","0","0","0","0","0","12","8","4","-2"
"207971","University of Tulsa","2013","On-tenure track, professors","1","1","0","0","0","0","0","0","0","0","0","0","0","0","0","0","0","0","1","1","0","0","0","0","0","0","0","0","0","0","-2"
"207971","University of Tulsa","2013","On-tenure track, associate professors","3","3","0","0","0","0","0","0","0","0","0","0","0","0","0","0","0","0","3","3","0","0","0","0","0","0","0","0","0","0","-2"
"207971","University of Tulsa","2013","On-tenure track, assistant professors","77","52","25","0","0","0","6","3","3","0","0","0","3","2","1","0","0","0","56","39","17","0","0","0","0","0","0","12","8","4","-2"
"207971","University of Tulsa","2013","Not on tenure track/No tenure system system total","75","26","49","8","2","6","1","0","1","1","0","1","5","0","5","0","0","0","58","22","36","0","0","0","1","1","0","1","1","0","-2"
"207971","University of Tulsa","2013","Not on tenure/no tenure system, professors","11","5","6","1","0","1","0","0","0","0","0","0","1","0","1","0","0","0","9","5","4","0","0","0","0","0","0","0","0","0","-2"
"207971","University of Tulsa","2013","Not on tenure/no tenure system, associate professors","13","5","8","1","1","0","0","0","0","0","0","0","0","0","0","0","0","0","12","4","8","0","0","0","0","0","0","0","0","0","-2"
"207971","University of Tulsa","2013","Not on tenure/no tenure system, assistant professors","25","9","16","4","1","3","1","0","1","1","0","1","0","0","0","0","0","0","18","7","11","0","0","0","1","1","0","0","0","0","-2"
"207971","University of Tulsa","2013","Not on tenure/no tenure system, instructors","25","7","18","2","0","2","0","0","0","0","0","0","4","0","4","0","0","0","18","6","12","0","0","0","0","0","0","1","1","0","-2"
"207971","University of Tulsa","2013","Not on tenure/no tenure system, lecturers","1","0","1","0","0","0","0","0","0","0","0","0","0","0","0","0","0","0","1","0","1","0","0","0","0","0","0","0","0","0","-2"
"209542","Oregon State University","2013","Tenured total","375","257","118","2","1","1","44","29","15","4","3","1","17","11","6","0","0","0","269","185","84","1","1","0","18","10","8","20","17","3","209542"
"209542","Oregon State University","2013","Tenured, professors","186","137","49","0","0","0","17","16","1","1","0","1","6","5","1","0","0","0","144","101","43","0","0","0","9","6","3","9","9","0","209542"
"209542","Oregon State University","2013","Tenured, associate professors","182","117","65","2","1","1","26","13","13","3","3","0","9","5","4","0","0","0","121","82","39","1","1","0","9","4","5","11","8","3","209542"
"209542","Oregon State University","2013","Tenured, assistant professors","2","1","1","0","0","0","0","0","0","0","0","0","1","1","0","0","0","0","1","0","1","0","0","0","0","0","0","0","0","0","209542"
"209542","Oregon State University","2013","Tenured, instructors","5","2","3","0","0","0","1","0","1","0","0","0","1","0","1","0","0","0","3","2","1","0","0","0","0","0","0","0","0","0","209542"
"209542","Oregon State University","2013","On-Tenure track total","240","150","90","2","1","1","25","17","8","0","0","0","14","8","6","0","0","0","138","81","57","3","2","1","24","16","8","34","25","9","209542"
"209542","Oregon State University","2013","On-tenure track, associate professors","23","18","5","0","0","0","1","0","1","0","0","0","0","0","0","0","0","0","17","13","4","0","0","0","4","4","0","1","1","0","209542"
"209542","Oregon State University","2013","On-tenure track, assistant professors","215","132","83","2","1","1","24","17","7","0","0","0","13","8","5","0","0","0","120","68","52","3","2","1","20","12","8","33","24","9","209542"
"209542","Oregon State University","2013","On-tenure track, instructors","2","0","2","0","0","0","0","0","0","0","0","0","1","0","1","0","0","0","1","0","1","0","0","0","0","0","0","0","0","0","209542"
"209542","Oregon State University","2013","Not on tenure track/No tenure system system total","315","159","156","2","1","1","9","4","5","2","1","1","11","5","6","0","0","0","254","122","132","2","0","2","15","12","3","20","14","6","209542"
"209542","Oregon State University","2013","Not on tenure/no tenure system, professors","7","6","1","0","0","0","0","0","0","0","0","0","0","0","0","0","0","0","7","6","1","0","0","0","0","0","0","0","0","0","209542"
"209542","Oregon State University","2013","Not on tenure/no tenure system, associate professors","15","6","9","0","0","0","2","1","1","0","0","0","0","0","0","0","0","0","10","2","8","0","0","0","1","1","0","2","2","0","209542"
"209542","Oregon State University","2013","Not on tenure/no tenure system, assistant professors","33","16","17","0","0","0","1","0","1","0","0","0","3","2","1","0","0","0","26","11","15","0","0","0","1","1","0","2","2","0","209542"
"209542","Oregon State University","2013","Not on tenure/no tenure system, instructors","249","123","126","2","1","1","6","3","3","2","1","1","7","2","5","0","0","0","201","96","105","2","0","2","13","10","3","16","10","6","209542"
"209542","Oregon State University","2013","Not on tenure/no tenure system, no academic rank","11","8","3","0","0","0","0","0","0","0","0","0","1","1","0","0","0","0","10","7","3","0","0","0","0","0","0","0","0","0","209542"
"211361","California University of Pennsylvania","2013","Tenured total","171","98","73","0","0","0","5","4","1","12","6","6","3","1","2","0","0","0","150","87","63","1","0","1","0","0","0","0","0","0","-2"
"211361","California University of Pennsylvania","2013","Tenured, professors","83","49","34","0","0","0","3","3","0","5","2","3","0","0","0","0","0","0","75","44","31","0","0","0","0","0","0","0","0","0","-2"
"211361","California University of Pennsylvania","2013","Tenured, associate professors","65","38","27","0","0","0","2","1","1","5","3","2","1","0","1","0","0","0","56","34","22","1","0","1","0","0","0","0","0","0","-2"
"211361","California University of Pennsylvania","2013","Tenured, assistant professors","22","11","11","0","0","0","0","0","0","2","1","1","2","1","1","0","0","0","18","9","9","0","0","0","0","0","0","0","0","0","-2"
"211361","California University of Pennsylvania","2013","Tenured, instructors","1","0","1","0","0","0","0","0","0","0","0","0","0","0","0","0","0","0","1","0","1","0","0","0","0","0","0","0","0","0","-2"
"211361","California University of Pennsylvania","2013","On-Tenure track total","66","27","39","0","0","0","4","1","3","6","2","4","1","1","0","0","0","0","53","22","31","0","0","0","0","0","0","2","1","1","-2"
"211361","California University of Pennsylvania","2013","On-tenure track, associate professors","22","6","16","0","0","0","2","1","1","2","0","2","0","0","0","0","0","0","18","5","13","0","0","0","0","0","0","0","0","0","-2"
"211361","California University of Pennsylvania","2013","On-tenure track, assistant professors","42","21","21","0","0","0","2","0","2","4","2","2","1","1","0","0","0","0","33","17","16","0","0","0","0","0","0","2","1","1","-2"
"211361","California University of Pennsylvania","2013","On-tenure track, instructors","2","0","2","0","0","0","0","0","0","0","0","0","0","0","0","0","0","0","2","0","2","0","0","0","0","0","0","0","0","0","-2"
"211361","California University of Pennsylvania","2013","Not on tenure track/No tenure system system total","29","8","21","0","0","0","0","0","0","1","0","1","3","2","1","0","0","0","24","5","19","0","0","0","0","0","0","1","1","0","-2"
"211361","California University of Pennsylvania","2013","Not on tenure/no tenure system, assistant professors","6","4","2","0","0","0","0","0","0","0","0","0","2","1","1","0","0","0","3","2","1","0","0","0","0","0","0","1","1","0","-2"
"211361","California University of Pennsylvania","2013","Not on tenure/no tenure system, instructors","23","4","19","0","0","0","0","0","0","1","0","1","1","1","0","0","0","0","21","3","18","0","0","0","0","0","0","0","0","0","-2"
"212054","Drexel University","2013","Tenured total","439","306","133","0","0","0","69","53","16","12","10","2","7","2","5","0","0","0","323","223","100","4","3","1","19","12","7","5","3","2","-2"
"212054","Drexel University","2013","Tenured, professors","225","181","44","0","0","0","39","35","4","8","8","0","2","1","1","0","0","0","164","126","38","2","2","0","10","9","1","0","0","0","-2"
"212054","Drexel University","2013","Tenured, associate professors","199","111","88","0","0","0","29","17","12","4","2","2","5","1","4","0","0","0","145","84","61","2","1","1","9","3","6","5","3","2","-2"
"212054","Drexel University","2013","Tenured, instructors","15","14","1","0","0","0","1","1","0","0","0","0","0","0","0","0","0","0","14","13","1","0","0","0","0","0","0","0","0","0","-2"
"212054","Drexel University","2013","On-Tenure track total","242","141","101","1","1","0","32","20","12","11","5","6","9","6","3","0","0","0","155","91","64","2","2","0","10","6","4","22","10","12","-2"
"212054","Drexel University","2013","On-tenure track, professors","5","4","1","0","0","0","0","0","0","0","0","0","0","0","0","0","0","0","5","4","1","0","0","0","0","0","0","0","0","0","-2"
"212054","Drexel University","2013","On-tenure track, associate professors","24","14","10","1","1","0","3","3","0","0","0","0","3","1","2","0","0","0","16","8","8","0","0","0","1","1","0","0","0","0","-2"
"212054","Drexel University","2013","On-tenure track, assistant professors","159","82","77","0","0","0","25","13","12","11","5","6","3","2","1","0","0","0","92","48","44","1","1","0","8","5","3","19","8","11","-2"
"212054","Drexel University","2013","On-tenure track, instructors","54","41","13","0","0","0","4","4","0","0","0","0","3","3","0","0","0","0","42","31","11","1","1","0","1","0","1","3","2","1","-2"
"212054","Drexel University","2013","Not on tenure track/No tenure system system total","856","402","454","4","2","2","78","35","43","34","14","20","14","10","4","0","0","0","645","296","349","4","1","3","26","14","12","51","30","21","-2"
"212054","Drexel University","2013","Not on tenure/no tenure system, professors","12","9","3","0","0","0","2","1","1","0","0","0","0","0","0","0","0","0","10","8","2","0","0","0","0","0","0","0","0","0","-2"
"212054","Drexel University","2013","Not on tenure/no tenure system, associate professors","7","7","0","0","0","0","1","1","0","0","0","0","0","0","0","0","0","0","6","6","0","0","0","0","0","0","0","0","0","0","-2"
"212054","Drexel University","2013","Not on tenure/no tenure system, assistant professors","12","6","6","0","0","0","1","0","1","0","0","0","0","0","0","0","0","0","9","5","4","0","0","0","1","0","1","1","1","0","-2"
"212054","Drexel University","2013","Not on tenure/no tenure system, instructors","825","380","445","4","2","2","74","33","41","34","14","20","14","10","4","0","0","0","620","277","343","4","1","3","25","14","11","50","29","21","-2"
"213598","Lincoln University","2013","Tenured total","55","39","16","0","0","0","7","6","1","28","21","7","1","0","1","0","0","0","19","12","7","0","0","0","0","0","0","0","0","0","-2"
"213598","Lincoln University","2013","Tenured, professors","26","20","6","0","0","0","0","0","0","15","13","2","0","0","0","0","0","0","11","7","4","0","0","0","0","0","0","0","0","0","-2"
"213598","Lincoln University","2013","Tenured, associate professors","24","16","8","0","0","0","6","5","1","10","7","3","1","0","1","0","0","0","7","4","3","0","0","0","0","0","0","0","0","0","-2"
"213598","Lincoln University","2013","Tenured, assistant professors","5","3","2","0","0","0","1","1","0","3","1","2","0","0","0","0","0","0","1","1","0","0","0","0","0","0","0","0","0","0","-2"
"213598","Lincoln University","2013","On-Tenure track total","31","14","17","1","0","1","3","1","2","11","5","6","0","0","0","0","0","0","13","8","5","0","0","0","3","0","3","0","0","0","-2"
"213598","Lincoln University","2013","On-tenure track, professors","1","0","1","0","0","0","0","0","0","0","0","0","0","0","0","0","0","0","0","0","0","0","0","0","1","0","1","0","0","0","-2"
"213598","Lincoln University","2013","On-tenure track, associate professors","7","3","4","0","0","0","0","0","0","3","1","2","0","0","0","0","0","0","3","2","1","0","0","0","1","0","1","0","0","0","-2"
"213598","Lincoln University","2013","On-tenure track, assistant professors","21","10","11","1","0","1","3","1","2","8","4","4","0","0","0","0","0","0","8","5","3","0","0","0","1","0","1","0","0","0","-2"
"213598","Lincoln University","2013","On-tenure track, instructors","1","1","0","0","0","0","0","0","0","0","0","0","0","0","0","0","0","0","1","1","0","0","0","0","0","0","0","0","0","0","-2"
"213598","Lincoln University","2013","On-tenure track, lecturers","1","0","1","0","0","0","0","0","0","0","0","0","0","0","0","0","0","0","1","0","1","0","0","0","0","0","0","0","0","0","-2"
"213598","Lincoln University","2013","Not on tenure track/No tenure system system total","7","3","4","0","0","0","0","0","0","5","2","3","0","0","0","0","0","0","2","1","1","0","0","0","0","0","0","0","0","0","-2"
"213598","Lincoln University","2013","Not on tenure/no tenure system, associate professors","1","0","1","0","0","0","0","0","0","0","0","0","0","0","0","0","0","0","1","0","1","0","0","0","0","0","0","0","0","0","-2"
"213598","Lincoln University","2013","Not on tenure/no tenure system, assistant professors","3","0","3","0","0","0","0","0","0","3","0","3","0","0","0","0","0","0","0","0","0","0","0","0","0","0","0","0","0","0","-2"
"213598","Lincoln University","2013","Not on tenure/no tenure system, lecturers","3","3","0","0","0","0","0","0","0","2","2","0","0","0","0","0","0","0","1","1","0","0","0","0","0","0","0","0","0","0","-2"
"214041","Millersville University of Pennsylvania","2013","Tenured total","228","121","107","0","0","0","17","9","8","11","6","5","12","4","8","0","0","0","187","102","85","1","0","1","0","0","0","0","0","0","-2"
"214041","Millersville University of Pennsylvania","2013","Tenured, professors","89","52","37","0","0","0","7","4","3","5","3","2","3","1","2","0","0","0","74","44","30","0","0","0","0","0","0","0","0","0","-2"
"214041","Millersville University of Pennsylvania","2013","Tenured, associate professors","99","48","51","0","0","0","6","4","2","3","0","3","6","1","5","0","0","0","83","43","40","1","0","1","0","0","0","0","0","0","-2"
"214041","Millersville University of Pennsylvania","2013","Tenured, assistant professors","40","21","19","0","0","0","4","1","3","3","3","0","3","2","1","0","0","0","30","15","15","0","0","0","0","0","0","0","0","0","-2"
"214041","Millersville University of Pennsylvania","2013","On-Tenure track total","45","24","21","1","1","0","1","1","0","2","2","0","5","3","2","0","0","0","31","14","17","1","1","0","0","0","0","4","2","2","-2"
"214041","Millersville University of Pennsylvania","2013","On-tenure track, associate professors","2","1","1","0","0","0","0","0","0","1","1","0","0","0","0","0","0","0","1","0","1","0","0","0","0","0","0","0","0","0","-2"
"214041","Millersville University of Pennsylvania","2013","On-tenure track, assistant professors","41","23","18","1","1","0","1","1","0","1","1","0","5","3","2","0","0","0","28","14","14","1","1","0","0","0","0","4","2","2","-2"
"214041","Millersville University of Pennsylvania","2013","On-tenure track, instructors","2","0","2","0","0","0","0","0","0","0","0","0","0","0","0","0","0","0","2","0","2","0","0","0","0","0","0","0","0","0","-2"
"214041","Millersville University of Pennsylvania","2013","Not on tenure track/No tenure system system total","8","4","4","0","0","0","0","0","0","0","0","0","1","0","1","0","0","0","7","4","3","0","0","0","0","0","0","0","0","0","-2"
"214041","Millersville University of Pennsylvania","2013","Not on tenure/no tenure system, assistant professors","3","2","1","0","0","0","0","0","0","0","0","0","0","0","0","0","0","0","3","2","1","0","0","0","0","0","0","0","0","0","-2"
"214041","Millersville University of Pennsylvania","2013","Not on tenure/no tenure system, instructors","5","2","3","0","0","0","0","0","0","0","0","0","1","0","1","0","0","0","4","2","2","0","0","0","0","0","0","0","0","0","-2"
"214777","Pennsylvania State University-Main Campus","2013","Tenured total","1214","848","366","3","3","0","156","126","30","48","28","20","36","23","13","0","0","0","907","623","284","5","2","3","54","39","15","5","4","1","-2"
"214777","Pennsylvania State University-Main Campus","2013","Tenured, professors","764","590","174","1","1","0","96","86","10","25","19","6","13","11","2","0","0","0","596","451","145","1","0","1","29","20","9","3","2","1","-2"
"214777","Pennsylvania State University-Main Campus","2013","Tenured, associate professors","449","258","191","2","2","0","60","40","20","23","9","14","23","12","11","0","0","0","310","172","138","4","2","2","25","19","6","2","2","0","-2"
"214777","Pennsylvania State University-Main Campus","2013","Tenured, assistant professors","1","0","1","0","0","0","0","0","0","0","0","0","0","0","0","0","0","0","1","0","1","0","0","0","0","0","0","0","0","0","-2"
"214777","Pennsylvania State University-Main Campus","2013","On-Tenure track total","343","197","146","2","1","1","33","19","14","16","5","11","19","10","9","0","0","0","209","122","87","4","2","2","24","11","13","36","27","9","-2"
"214777","Pennsylvania State University-Main Campus","2013","On-tenure track, professors","2","1","1","0","0","0","1","1","0","0","0","0","0","0","0","0","0","0","0","0","0","0","0","0","1","0","1","0","0","0","-2"
"214777","Pennsylvania State University-Main Campus","2013","On-tenure track, associate professors","42","28","14","0","0","0","5","4","1","3","1","2","4","3","1","0","0","0","23","16","7","1","0","1","4","3","1","2","1","1","-2"
"214777","Pennsylvania State University-Main Campus","2013","On-tenure track, assistant professors","299","168","131","2","1","1","27","14","13","13","4","9","15","7","8","0","0","0","186","106","80","3","2","1","19","8","11","34","26","8","-2"
"214777","Pennsylvania State University-Main Campus","2013","Not on tenure track/No tenure system system total","1072","547","525","1","0","1","64","33","31","30","17","13","28","10","18","0","0","0","795","401","394","5","3","2","47","23","24","102","60","42","-2"
"214777","Pennsylvania State University-Main Campus","2013","Not on tenure/no tenure system, professors","34","28","6","0","0","0","0","0","0","1","1","0","1","0","1","0","0","0","27","23","4","0","0","0","4","3","1","1","1","0","-2"
"214777","Pennsylvania State University-Main Campus","2013","Not on tenure/no tenure system, associate professors","62","35","27","0","0","0","7","4","3","0","0","0","0","0","0","0","0","0","49","29","20","0","0","0","3","0","3","3","2","1","-2"
"214777","Pennsylvania State University-Main Campus","2013","Not on tenure/no tenure system, assistant professors","222","127","95","1","0","1","25","20","5","10","6","4","1","1","0","0","0","0","127","66","61","1","1","0","10","1","9","47","32","15","-2"
"214777","Pennsylvania State University-Main Campus","2013","Not on tenure/no tenure system, instructors","281","132","149","0","0","0","12","3","9","7","3","4","5","3","2","0","0","0","226","103","123","2","1","1","15","10","5","14","9","5","-2"
"214777","Pennsylvania State University-Main Campus","2013","Not on tenure/no tenure system, lecturers","473","225","248","0","0","0","20","6","14","12","7","5","21","6","15","0","0","0","366","180","186","2","1","1","15","9","6","37","16","21","-2"
"217156","Brown University","2013","Tenured total","497","360","137","0","0","0","50","37","13","18","16","2","14","11","3","0","0","0","402","286","116","4","2","2","6","5","1","3","3","0","-2"
"217156","Brown University","2013","Tenured, professors","369","278","91","0","0","0","31","26","5","11","9","2","6","4","2","0","0","0","310","231","79","4","2","2","4","3","1","3","3","0","-2"
"217156","Brown University","2013","Tenured, associate professors","128","82","46","0","0","0","19","11","8","7","7","0","8","7","1","0","0","0","92","55","37","0","0","0","2","2","0","0","0","0","-2"
"217156","Brown University","2013","On-Tenure track total","149","95","54","0","0","0","15","9","6","10","1","9","6","5","1","0","0","0","95","66","29","2","1","1","13","6","7","8","7","1","-2"
"217156","Brown University","2013","On-tenure track, professors","2","2","0","0","0","0","0","0","0","0","0","0","0","0","0","0","0","0","0","0","0","0","0","0","1","1","0","1","1","0","-2"
"217156","Brown University","2013","On-tenure track, associate professors","1","1","0","0","0","0","0","0","0","0","0","0","0","0","0","0","0","0","1","1","0","0","0","0","0","0","0","0","0","0","-2"
"217156","Brown University","2013","On-tenure track, assistant professors","146","92","54","0","0","0","15","9","6","10","1","9","6","5","1","0","0","0","94","65","29","2","1","1","12","5","7","7","6","1","-2"
"217156","Brown University","2013","Not on tenure track/No tenure system system total","150","63","87","0","0","0","12","3","9","7","4","3","5","2","3","0","0","0","100","43","57","3","1","2","7","2","5","16","8","8","-2"
"217156","Brown University","2013","Not on tenure/no tenure system, professors","11","8","3","0","0","0","0","0","0","0","0","0","0","0","0","0","0","0","11","8","3","0","0","0","0","0","0","0","0","0","-2"
"217156","Brown University","2013","Not on tenure/no tenure system, associate professors","2","1","1","0","0","0","0","0","0","0","0","0","0","0","0","0","0","0","2","1","1","0","0","0","0","0","0","0","0","0","-2"
"217156","Brown University","2013","Not on tenure/no tenure system, assistant professors","8","2","6","0","0","0","1","0","1","0","0","0","0","0","0","0","0","0","1","0","1","1","0","1","1","0","1","4","2","2","-2"
"217156","Brown University","2013","Not on tenure/no tenure system, lecturers","67","22","45","0","0","0","8","2","6","2","1","1","3","0","3","0","0","0","52","18","34","1","1","0","0","0","0","1","0","1","-2"
"217156","Brown University","2013","Not on tenure/no tenure system, no academic rank","62","30","32","0","0","0","3","1","2","5","3","2","2","2","0","0","0","0","34","16","18","1","0","1","6","2","4","11","6","5","-2"
"217484","University of Rhode Island","2013","Tenured total","446","277","169","3","1","2","47","35","12","14","7","7","10","5","5","0","0","0","367","225","142","0","0","0","0","0","0","5","4","1","-2"
"217484","University of Rhode Island","2013","Tenured, professors","289","205","84","2","1","1","30","26","4","6","5","1","6","5","1","0","0","0","243","167","76","0","0","0","0","0","0","2","1","1","-2"
"217484","University of Rhode Island","2013","Tenured, associate professors","157","72","85","1","0","1","17","9","8","8","2","6","4","0","4","0","0","0","124","58","66","0","0","0","0","0","0","3","3","0","-2"
"217484","University of Rhode Island","2013","On-Tenure track total","92","42","50","1","0","1","8","6","2","0","0","0","5","2","3","0","0","0","69","32","37","0","0","0","0","0","0","9","2","7","-2"
"217484","University of Rhode Island","2013","On-tenure track, associate professors","3","1","2","0","0","0","0","0","0","0","0","0","1","0","1","0","0","0","2","1","1","0","0","0","0","0","0","0","0","0","-2"
"217484","University of Rhode Island","2013","On-tenure track, assistant professors","86","41","45","1","0","1","8","6","2","0","0","0","4","2","2","0","0","0","65","31","34","0","0","0","0","0","0","8","2","6","-2"
"217484","University of Rhode Island","2013","On-tenure track, instructors","3","0","3","0","0","0","0","0","0","0","0","0","0","0","0","0","0","0","2","0","2","0","0","0","0","0","0","1","0","1","-2"
"217484","University of Rhode Island","2013","Not on tenure track/No tenure system system total","152","54","98","0","0","0","5","0","5","3","1","2","5","3","2","0","0","0","135","48","87","0","0","0","0","0","0","4","2","2","-2"
"217484","University of Rhode Island","2013","Not on tenure/no tenure system, professors","3","2","1","0","0","0","0","0","0","0","0","0","0","0","0","0","0","0","3","2","1","0","0","0","0","0","0","0","0","0","-2"
"217484","University of Rhode Island","2013","Not on tenure/no tenure system, associate professors","18","4","14","0","0","0","0","0","0","0","0","0","0","0","0","0","0","0","18","4","14","0","0","0","0","0","0","0","0","0","-2"
"217484","University of Rhode Island","2013","Not on tenure/no tenure system, assistant professors","26","5","21","0","0","0","0","0","0","1","1","0","0","0","0","0","0","0","25","4","21","0","0","0","0","0","0","0","0","0","-2"
"217484","University of Rhode Island","2013","Not on tenure/no tenure system, instructors","5","3","2","0","0","0","0","0","0","0","0","0","0","0","0","0","0","0","5","3","2","0","0","0","0","0","0","0","0","0","-2"
"217484","University of Rhode Island","2013","Not on tenure/no tenure system, lecturers","100","40","60","0","0","0","5","0","5","2","0","2","5","3","2","0","0","0","84","35","49","0","0","0","0","0","0","4","2","2","-2"
"217819","College of Charleston","2013","Tenured total","311","187","124","0","0","0","6","6","0","14","7","7","13","8","5","0","0","0","253","147","106","3","3","0","15","12","3","7","4","3","-2"
"217819","College of Charleston","2013","Tenured, professors","143","93","50","0","0","0","3","3","0","5","4","1","3","2","1","0","0","0","123","76","47","2","2","0","7","6","1","0","0","0","-2"
"217819","College of Charleston","2013","Tenured, associate professors","165","94","71","0","0","0","3","3","0","9","3","6","10","6","4","0","0","0","127","71","56","1","1","0","8","6","2","7","4","3","-2"
"217819","College of Charleston","2013","Tenured, assistant professors","3","0","3","0","0","0","0","0","0","0","0","0","0","0","0","0","0","0","3","0","3","0","0","0","0","0","0","0","0","0","-2"
"217819","College of Charleston","2013","On-Tenure track total","124","75","49","0","0","0","2","1","1","5","3","2","7","3","4","0","0","0","92","55","37","4","4","0","5","4","1","9","5","4","-2"
"217819","College of Charleston","2013","On-tenure track, associate professors","1","1","0","0","0","0","0","0","0","0","0","0","0","0","0","0","0","0","1","1","0","0","0","0","0","0","0","0","0","0","-2"
"217819","College of Charleston","2013","On-tenure track, assistant professors","122","73","49","0","0","0","2","1","1","5","3","2","7","3","4","0","0","0","90","53","37","4","4","0","5","4","1","9","5","4","-2"
"217819","College of Charleston","2013","On-tenure track, instructors","1","1","0","0","0","0","0","0","0","0","0","0","0","0","0","0","0","0","1","1","0","0","0","0","0","0","0","0","0","0","-2"
"217819","College of Charleston","2013","Not on tenure track/No tenure system system total","100","45","55","0","0","0","3","3","0","3","0","3","4","2","2","0","0","0","81","34","47","0","0","0","4","2","2","5","4","1","-2"
"217819","College of Charleston","2013","Not on tenure/no tenure system, professors","1","1","0","0","0","0","0","0","0","0","0","0","0","0","0","0","0","0","1","1","0","0","0","0","0","0","0","0","0","0","-2"
"217819","College of Charleston","2013","Not on tenure/no tenure system, assistant professors","42","20","22","0","0","0","2","2","0","2","0","2","1","1","0","0","0","0","32","14","18","0","0","0","1","0","1","4","3","1","-2"
"217819","College of Charleston","2013","Not on tenure/no tenure system, instructors","57","24","33","0","0","0","1","1","0","1","0","1","3","1","2","0","0","0","48","19","29","0","0","0","3","2","1","1","1","0","-2"
"217873","Claflin University","2013","Tenured total","35","23","12","0","0","0","13","11","2","11","6","5","1","1","0","0","0","0","10","5","5","0","0","0","0","0","0","0","0","0","-2"
"217873","Claflin University","2013","Tenured, professors","16","10","6","0","0","0","7","6","1","6","3","3","0","0","0","0","0","0","3","1","2","0","0","0","0","0","0","0","0","0","-2"
"217873","Claflin University","2013","Tenured, associate professors","13","9","4","0","0","0","6","5","1","1","0","1","1","1","0","0","0","0","5","3","2","0","0","0","0","0","0","0","0","0","-2"
"217873","Claflin University","2013","Tenured, assistant professors","6","4","2","0","0","0","0","0","0","4","3","1","0","0","0","0","0","0","2","1","1","0","0","0","0","0","0","0","0","0","-2"
"217873","Claflin University","2013","On-Tenure track total","52","31","21","1","1","0","9","5","4","21","10","11","3","3","0","0","0","0","12","9","3","1","0","1","0","0","0","5","3","2","-2"
"217873","Claflin University","2013","On-tenure track, professors","2","1","1","0","0","0","0","0","0","2","1","1","0","0","0","0","0","0","0","0","0","0","0","0","0","0","0","0","0","0","-2"
"217873","Claflin University","2013","On-tenure track, associate professors","11","10","1","1","1","0","0","0","0","5","4","1","1","1","0","0","0","0","3","3","0","0","0","0","0","0","0","1","1","0","-2"
"217873","Claflin University","2013","On-tenure track, assistant professors","39","20","19","0","0","0","9","5","4","14","5","9","2","2","0","0","0","0","9","6","3","1","0","1","0","0","0","4","2","2","-2"
"217873","Claflin University","2013","Not on tenure track/No tenure system system total","26","13","13","0","0","0","2","2","0","14","4","10","1","0","1","0","0","0","6","5","1","0","0","0","0","0","0","3","2","1","-2"
"217873","Claflin University","2013","Not on tenure/no tenure system, professors","1","1","0","0","0","0","0","0","0","0","0","0","0","0","0","0","0","0","1","1","0","0","0","0","0","0","0","0","0","0","-2"
"217873","Claflin University","2013","Not on tenure/no tenure system, assistant professors","12","6","6","0","0","0","1","1","0","4","0","4","1","0","1","0","0","0","3","3","0","0","0","0","0","0","0","3","2","1","-2"
"217873","Claflin University","2013","Not on tenure/no tenure system, instructors","12","6","6","0","0","0","1","1","0","9","4","5","0","0","0","0","0","0","2","1","1","0","0","0","0","0","0","0","0","0","-2"
"217873","Claflin University","2013","Not on tenure/no tenure system, lecturers","1","0","1","0","0","0","0","0","0","1","0","1","0","0","0","0","0","0","0","0","0","0","0","0","0","0","0","0","0","0","-2"
"217882","Clemson University","2013","Tenured total","588","444","144","0","0","0","66","53","13","19","16","3","9","4","5","1","1","0","491","369","122","1","0","1","1","1","0","0","0","0","-2"
"217882","Clemson University","2013","Tenured, professors","334","269","65","0","0","0","36","32","4","7","6","1","4","3","1","0","0","0","286","228","58","1","0","1","0","0","0","0","0","0","-2"
"217882","Clemson University","2013","Tenured, associate professors","251","172","79","0","0","0","29","20","9","12","10","2","5","1","4","1","1","0","203","139","64","0","0","0","1","1","0","0","0","0","-2"
"217882","Clemson University","2013","Tenured, assistant professors","3","3","0","0","0","0","1","1","0","0","0","0","0","0","0","0","0","0","2","2","0","0","0","0","0","0","0","0","0","0","-2"
"217882","Clemson University","2013","On-Tenure track total","260","152","108","0","0","0","45","32","13","11","5","6","11","5","6","0","0","0","185","103","82","0","0","0","8","7","1","0","0","0","-2"
"217882","Clemson University","2013","On-tenure track, professors","1","1","0","0","0","0","0","0","0","0","0","0","0","0","0","0","0","0","1","1","0","0","0","0","0","0","0","0","0","0","-2"
"217882","Clemson University","2013","On-tenure track, associate professors","27","17","10","0","0","0","7","5","2","2","1","1","0","0","0","0","0","0","17","10","7","0","0","0","1","1","0","0","0","0","-2"
"217882","Clemson University","2013","On-tenure track, assistant professors","232","134","98","0","0","0","38","27","11","9","4","5","11","5","6","0","0","0","167","92","75","0","0","0","7","6","1","0","0","0","-2"
"217882","Clemson University","2013","Not on tenure track/No tenure system system total","253","116","137","1","0","1","11","3","8","11","4","7","6","3","3","0","0","0","222","105","117","1","0","1","1","1","0","0","0","0","-2"
"217882","Clemson University","2013","Not on tenure/no tenure system, associate professors","2","2","0","0","0","0","0","0","0","0","0","0","0","0","0","0","0","0","2","2","0","0","0","0","0","0","0","0","0","0","-2"
"217882","Clemson University","2013","Not on tenure/no tenure system, assistant professors","6","5","1","0","0","0","0","0","0","1","1","0","0","0","0","0","0","0","5","4","1","0","0","0","0","0","0","0","0","0","-2"
"217882","Clemson University","2013","Not on tenure/no tenure system, instructors","5","1","4","0","0","0","0","0","0","0","0","0","0","0","0","0","0","0","5","1","4","0","0","0","0","0","0","0","0","0","-2"
"217882","Clemson University","2013","Not on tenure/no tenure system, lecturers","240","108","132","1","0","1","11","3","8","10","3","7","6","3","3","0","0","0","210","98","112","1","0","1","1","1","0","0","0","0","-2"
"218724","Coastal Carolina University","2013","Tenured total","169","113","56","2","2","0","3","1","2","7","4","3","4","2","2","0","0","0","153","104","49","0","0","0","0","0","0","0","0","0","-2"
"218724","Coastal Carolina University","2013","Tenured, professors","69","50","19","0","0","0","1","1","0","2","1","1","0","0","0","0","0","0","66","48","18","0","0","0","0","0","0","0","0","0","-2"
"218724","Coastal Carolina University","2013","Tenured, associate professors","96","60","36","2","2","0","2","0","2","4","3","1","4","2","2","0","0","0","84","53","31","0","0","0","0","0","0","0","0","0","-2"
"218724","Coastal Carolina University","2013","Tenured, assistant professors","4","3","1","0","0","0","0","0","0","1","0","1","0","0","0","0","0","0","3","3","0","0","0","0","0","0","0","0","0","0","-2"
"218724","Coastal Carolina University","2013","On-Tenure track total","123","63","60","0","0","0","3","0","3","7","3","4","0","0","0","6","6","0","107","54","53","0","0","0","0","0","0","0","0","0","-2"
"218724","Coastal Carolina University","2013","On-tenure track, associate professors","11","6","5","0","0","0","0","0","0","0","0","0","0","0","0","0","0","0","11","6","5","0","0","0","0","0","0","0","0","0","-2"
"218724","Coastal Carolina University","2013","On-tenure track, assistant professors","112","57","55","0","0","0","3","0","3","7","3","4","0","0","0","6","6","0","96","48","48","0","0","0","0","0","0","0","0","0","-2"
"218724","Coastal Carolina University","2013","Not on tenure track/No tenure system system total","118","57","61","0","0","0","2","1","1","6","2","4","5","3","2","0","0","0","104","50","54","0","0","0","1","1","0","0","0","0","-2"
"218724","Coastal Carolina University","2013","Not on tenure/no tenure system, assistant professors","4","2","2","0","0","0","0","0","0","1","0","1","0","0","0","0","0","0","3","2","1","0","0","0","0","0","0","0","0","0","-2"
"218724","Coastal Carolina University","2013","Not on tenure/no tenure system, instructors","11","6","5","0","0","0","1","0","1","0","0","0","2","2","0","0","0","0","8","4","4","0","0","0","0","0","0","0","0","0","-2"
"218724","Coastal Carolina University","2013","Not on tenure/no tenure system, lecturers","103","49","54","0","0","0","1","1","0","5","2","3","3","1","2","0","0","0","93","44","49","0","0","0","1","1","0","0","0","0","-2"
"219347","South Dakota School of Mines and Technology","2013","Tenured total","73","61","12","0","0","0","7","6","1","0","0","0","2","2","0","0","0","0","64","53","11","0","0","0","0","0","0","0","0","0","-2"
"219347","South Dakota School of Mines and Technology","2013","Tenured, professors","47","38","9","0","0","0","4","3","1","0","0","0","1","1","0","0","0","0","42","34","8","0","0","0","0","0","0","0","0","0","-2"
"219347","South Dakota School of Mines and Technology","2013","Tenured, associate professors","26","23","3","0","0","0","3","3","0","0","0","0","1","1","0","0","0","0","22","19","3","0","0","0","0","0","0","0","0","0","-2"
"219347","South Dakota School of Mines and Technology","2013","On-Tenure track total","52","39","13","1","1","0","6","5","1","0","0","0","1","0","1","0","0","0","36","26","10","0","0","0","0","0","0","8","7","1","-2"
"219347","South Dakota School of Mines and Technology","2013","On-tenure track, professors","1","1","0","0","0","0","0","0","0","0","0","0","0","0","0","0","0","0","1","1","0","0","0","0","0","0","0","0","0","0","-2"
"219347","South Dakota School of Mines and Technology","2013","On-tenure track, associate professors","9","7","2","1","1","0","1","1","0","0","0","0","0","0","0","0","0","0","7","5","2","0","0","0","0","0","0","0","0","0","-2"
"219347","South Dakota School of Mines and Technology","2013","On-tenure track, assistant professors","42","31","11","0","0","0","5","4","1","0","0","0","1","0","1","0","0","0","28","20","8","0","0","0","0","0","0","8","7","1","-2"
"219347","South Dakota School of Mines and Technology","2013","Not on tenure track/No tenure system system total","28","17","11","1","1","0","0","0","0","0","0","0","0","0","0","0","0","0","26","15","11","0","0","0","0","0","0","1","1","0","-2"
"219347","South Dakota School of Mines and Technology","2013","Not on tenure/no tenure system, professors","3","3","0","0","0","0","0","0","0","0","0","0","0","0","0","0","0","0","3","3","0","0","0","0","0","0","0","0","0","0","-2"
"219347","South Dakota School of Mines and Technology","2013","Not on tenure/no tenure system, associate professors","1","0","1","0","0","0","0","0","0","0","0","0","0","0","0","0","0","0","1","0","1","0","0","0","0","0","0","0","0","0","-2"
"219347","South Dakota School of Mines and Technology","2013","Not on tenure/no tenure system, assistant professors","5","3","2","0","0","0","0","0","0","0","0","0","0","0","0","0","0","0","5","3","2","0","0","0","0","0","0","0","0","0","-2"
"219347","South Dakota School of Mines and Technology","2013","Not on tenure/no tenure system, instructors","14","7","7","1","1","0","0","0","0","0","0","0","0","0","0","0","0","0","12","5","7","0","0","0","0","0","0","1","1","0","-2"
"219347","South Dakota School of Mines and Technology","2013","Not on tenure/no tenure system, lecturers","5","4","1","0","0","0","0","0","0","0","0","0","0","0","0","0","0","0","5","4","1","0","0","0","0","0","0","0","0","0","-2"
"221759","The University of Tennessee-Knoxville","2013","Tenured total","1146","802","344","4","4","0","115","92","23","37","21","16","27","25","2","0","0","0","959","657","302","1","0","1","0","0","0","3","3","0","-2"
"221759","The University of Tennessee-Knoxville","2013","Tenured, professors","678","524","154","1","1","0","52","43","9","12","7","5","12","11","1","0","0","0","601","462","139","0","0","0","0","0","0","0","0","0","-2"
"221759","The University of Tennessee-Knoxville","2013","Tenured, associate professors","458","275","183","3","3","0","62","49","13","23","13","10","15","14","1","0","0","0","351","193","158","1","0","1","0","0","0","3","3","0","-2"
"221759","The University of Tennessee-Knoxville","2013","Tenured, assistant professors","9","3","6","0","0","0","1","0","1","2","1","1","0","0","0","0","0","0","6","2","4","0","0","0","0","0","0","0","0","0","-2"
"221759","The University of Tennessee-Knoxville","2013","Tenured, instructors","1","0","1","0","0","0","0","0","0","0","0","0","0","0","0","0","0","0","1","0","1","0","0","0","0","0","0","0","0","0","-2"
"221759","The University of Tennessee-Knoxville","2013","On-Tenure track total","372","212","160","2","1","1","52","33","19","25","8","17","11","6","5","0","0","0","233","133","100","5","1","4","0","0","0","44","30","14","-2"
"221759","The University of Tennessee-Knoxville","2013","On-tenure track, professors","12","10","2","0","0","0","2","2","0","1","0","1","1","1","0","0","0","0","8","7","1","0","0","0","0","0","0","0","0","0","-2"
"221759","The University of Tennessee-Knoxville","2013","On-tenure track, associate professors","43","28","15","0","0","0","14","11","3","2","0","2","0","0","0","0","0","0","24","16","8","2","0","2","0","0","0","1","1","0","-2"
"221759","The University of Tennessee-Knoxville","2013","On-tenure track, assistant professors","316","174","142","2","1","1","36","20","16","22","8","14","10","5","5","0","0","0","200","110","90","3","1","2","0","0","0","43","29","14","-2"
"221759","The University of Tennessee-Knoxville","2013","On-tenure track, instructors","1","0","1","0","0","0","0","0","0","0","0","0","0","0","0","0","0","0","1","0","1","0","0","0","0","0","0","0","0","0","-2"
"221759","The University of Tennessee-Knoxville","2013","Not on tenure track/No tenure system system total","598","263","335","2","1","1","38","24","14","25","8","17","26","9","17","0","0","0","480","201","279","1","0","1","0","0","0","26","20","6","-2"
"221759","The University of Tennessee-Knoxville","2013","Not on tenure/no tenure system, professors","20","15","5","0","0","0","0","0","0","0","0","0","0","0","0","0","0","0","20","15","5","0","0","0","0","0","0","0","0","0","-2"
"221759","The University of Tennessee-Knoxville","2013","Not on tenure/no tenure system, associate professors","72","35","37","1","0","1","10","7","3","2","2","0","3","2","1","0","0","0","56","24","32","0","0","0","0","0","0","0","0","0","-2"
"221759","The University of Tennessee-Knoxville","2013","Not on tenure/no tenure system, assistant professors","180","80","100","0","0","0","18","14","4","14","4","10","9","3","6","0","0","0","127","50","77","0","0","0","0","0","0","12","9","3","-2"
"221759","The University of Tennessee-Knoxville","2013","Not on tenure/no tenure system, instructors","44","9","35","0","0","0","3","1","2","4","0","4","1","0","1","0","0","0","33","5","28","0","0","0","0","0","0","3","3","0","-2"
"221759","The University of Tennessee-Knoxville","2013","Not on tenure/no tenure system, lecturers","275","120","155","1","1","0","7","2","5","4","2","2","13","4","9","0","0","0","240","105","135","1","0","1","0","0","0","9","6","3","-2"
"221759","The University of Tennessee-Knoxville","2013","Not on tenure/no tenure system, no academic rank","7","4","3","0","0","0","0","0","0","1","0","1","0","0","0","0","0","0","4","2","2","0","0","0","0","0","0","2","2","0","-2"
"221768","The University of Tennessee-Martin","2013","Tenured total","151","90","61","1","0","1","4","3","1","8","3","5","2","1","1","0","0","0","134","82","52","0","0","0","0","0","0","2","1","1","-2"
"221768","The University of Tennessee-Martin","2013","Tenured, professors","73","51","22","0","0","0","2","1","1","2","1","1","0","0","0","0","0","0","69","49","20","0","0","0","0","0","0","0","0","0","-2"
"221768","The University of Tennessee-Martin","2013","Tenured, associate professors","60","32","28","1","0","1","1","1","0","5","2","3","2","1","1","0","0","0","49","27","22","0","0","0","0","0","0","2","1","1","-2"
"221768","The University of Tennessee-Martin","2013","Tenured, assistant professors","9","2","7","0","0","0","1","1","0","0","0","0","0","0","0","0","0","0","8","1","7","0","0","0","0","0","0","0","0","0","-2"
"221768","The University of Tennessee-Martin","2013","Tenured, instructors","9","5","4","0","0","0","0","0","0","1","0","1","0","0","0","0","0","0","8","5","3","0","0","0","0","0","0","0","0","0","-2"
"221768","The University of Tennessee-Martin","2013","On-Tenure track total","88","52","36","0","0","0","3","1","2","4","2","2","0","0","0","0","0","0","74","43","31","0","0","0","0","0","0","7","6","1","-2"
"221768","The University of Tennessee-Martin","2013","On-tenure track, professors","1","1","0","0","0","0","0","0","0","0","0","0","0","0","0","0","0","0","0","0","0","0","0","0","0","0","0","1","1","0","-2"
"221768","The University of Tennessee-Martin","2013","On-tenure track, associate professors","10","7","3","0","0","0","0","0","0","0","0","0","0","0","0","0","0","0","10","7","3","0","0","0","0","0","0","0","0","0","-2"
"221768","The University of Tennessee-Martin","2013","On-tenure track, assistant professors","73","41","32","0","0","0","3","1","2","4","2","2","0","0","0","0","0","0","61","33","28","0","0","0","0","0","0","5","5","0","-2"
"221768","The University of Tennessee-Martin","2013","On-tenure track, instructors","3","3","0","0","0","0","0","0","0","0","0","0","0","0","0","0","0","0","3","3","0","0","0","0","0","0","0","0","0","0","-2"
"221768","The University of Tennessee-Martin","2013","On-tenure track, lecturers","1","0","1","0","0","0","0","0","0","0","0","0","0","0","0","0","0","0","0","0","0","0","0","0","0","0","0","1","0","1","-2"
"221768","The University of Tennessee-Martin","2013","Not on tenure track/No tenure system system total","42","15","27","0","0","0","1","0","1","2","0","2","1","0","1","0","0","0","37","14","23","0","0","0","0","0","0","1","1","0","-2"
"221768","The University of Tennessee-Martin","2013","Not on tenure/no tenure system, assistant professors","1","0","1","0","0","0","0","0","0","1","0","1","0","0","0","0","0","0","0","0","0","0","0","0","0","0","0","0","0","0","-2"
"221768","The University of Tennessee-Martin","2013","Not on tenure/no tenure system, instructors","1","1","0","0","0","0","0","0","0","0","0","0","0","0","0","0","0","0","1","1","0","0","0","0","0","0","0","0","0","0","-2"
"221768","The University of Tennessee-Martin","2013","Not on tenure/no tenure system, lecturers","40","14","26","0","0","0","1","0","1","1","0","1","1","0","1","0","0","0","36","13","23","0","0","0","0","0","0","1","1","0","-2"
"221838","Tennessee State University","2013","Tenured total","241","144","97","1","0","1","33","26","7","99","50","49","6","2","4","0","0","0","91","55","36","3","3","0","1","1","0","7","7","0","-2"
"221838","Tennessee State University","2013","Tenured, professors","107","71","36","0","0","0","19","16","3","41","24","17","3","1","2","0","0","0","41","27","14","2","2","0","0","0","0","1","1","0","-2"
"221838","Tennessee State University","2013","Tenured, associate professors","94","54","40","1","0","1","12","9","3","32","16","16","3","1","2","0","0","0","38","20","18","1","1","0","1","1","0","6","6","0","-2"
"221838","Tennessee State University","2013","Tenured, assistant professors","37","17","20","0","0","0","2","1","1","23","8","15","0","0","0","0","0","0","12","8","4","0","0","0","0","0","0","0","0","0","-2"
"221838","Tennessee State University","2013","Tenured, instructors","3","2","1","0","0","0","0","0","0","3","2","1","0","0","0","0","0","0","0","0","0","0","0","0","0","0","0","0","0","0","-2"
"221838","Tennessee State University","2013","On-Tenure track total","64","23","41","1","0","1","1","1","0","21","2","19","2","1","1","0","0","0","25","10","15","2","0","2","0","0","0","12","9","3","-2"
"221838","Tennessee State University","2013","On-tenure track, associate professors","12","6","6","1","0","1","0","0","0","6","1","5","1","1","0","0","0","0","3","3","0","0","0","0","0","0","0","1","1","0","-2"
"221838","Tennessee State University","2013","On-tenure track, assistant professors","52","17","35","0","0","0","1","1","0","15","1","14","1","0","1","0","0","0","22","7","15","2","0","2","0","0","0","11","8","3","-2"
"221838","Tennessee State University","2013","Not on tenure track/No tenure system system total","49","25","24","0","0","0","5","4","1","24","12","12","0","0","0","0","0","0","11","4","7","5","5","0","1","0","1","3","0","3","-2"
"221838","Tennessee State University","2013","Not on tenure/no tenure system, professors","6","4","2","0","0","0","1","0","1","5","4","1","0","0","0","0","0","0","0","0","0","0","0","0","0","0","0","0","0","0","-2"
"221838","Tennessee State University","2013","Not on tenure/no tenure system, associate professors","12","9","3","0","0","0","3","3","0","5","3","2","0","0","0","0","0","0","3","2","1","1","1","0","0","0","0","0","0","0","-2"
"221838","Tennessee State University","2013","Not on tenure/no tenure system, assistant professors","22","9","13","0","0","0","1","1","0","10","4","6","0","0","0","0","0","0","3","0","3","4","4","0","1","0","1","3","0","3","-2"
"221838","Tennessee State University","2013","Not on tenure/no tenure system, instructors","4","1","3","0","0","0","0","0","0","2","0","2","0","0","0","0","0","0","2","1","1","0","0","0","0","0","0","0","0","0","-2"
"221838","Tennessee State University","2013","Not on tenure/no tenure system, no academic rank","5","2","3","0","0","0","0","0","0","2","1","1","0","0","0","0","0","0","3","1","2","0","0","0","0","0","0","0","0","0","-2"
"221999","Vanderbilt University","2013","Tenured total","926","701","225","2","1","1","53","41","12","32","20","12","19","14","5","0","0","0","792","608","184","0","0","0","17","11","6","11","6","5","-2"
"221999","Vanderbilt University","2013","Tenured, professors","619","498","121","0","0","0","28","22","6","17","10","7","14","12","2","0","0","0","545","442","103","0","0","0","12","9","3","3","3","0","-2"
"221999","Vanderbilt University","2013","Tenured, associate professors","307","203","104","2","1","1","25","19","6","15","10","5","5","2","3","0","0","0","247","166","81","0","0","0","5","2","3","8","3","5","-2"
"221999","Vanderbilt University","2013","On-Tenure track total","339","207","132","1","0","1","40","24","16","13","5","8","15","11","4","0","0","0","227","139","88","1","1","0","21","12","9","21","15","6","-2"
"221999","Vanderbilt University","2013","On-tenure track, professors","1","1","0","0","0","0","0","0","0","0","0","0","1","1","0","0","0","0","0","0","0","0","0","0","0","0","0","0","0","0","-2"
"221999","Vanderbilt University","2013","On-tenure track, associate professors","13","11","2","0","0","0","1","1","0","1","1","0","0","0","0","0","0","0","10","8","2","0","0","0","0","0","0","1","1","0","-2"
"221999","Vanderbilt University","2013","On-tenure track, assistant professors","325","195","130","1","0","1","39","23","16","12","4","8","14","10","4","0","0","0","217","131","86","1","1","0","21","12","9","20","14","6","-2"
"221999","Vanderbilt University","2013","Not on tenure track/No tenure system system total","2088","954","1134","3","1","2","156","77","79","72","30","42","48","21","27","0","0","0","1693","757","936","3","2","1","77","46","31","36","20","16","-2"
"221999","Vanderbilt University","2013","Not on tenure/no tenure system, professors","163","117","46","0","0","0","11","9","2","5","4","1","0","0","0","0","0","0","144","102","42","0","0","0","3","2","1","0","0","0","-2"
"221999","Vanderbilt University","2013","Not on tenure/no tenure system, associate professors","307","199","108","1","0","1","20","12","8","17","11","6","6","2","4","0","0","0","252","167","85","0","0","0","10","6","4","1","1","0","-2"
"221999","Vanderbilt University","2013","Not on tenure/no tenure system, assistant professors","958","481","477","1","1","0","108","51","57","30","10","20","24","12","12","0","0","0","736","372","364","2","2","0","32","17","15","25","16","9","-2"
"221999","Vanderbilt University","2013","Not on tenure/no tenure system, instructors","507","102","405","1","0","1","12","5","7","15","3","12","11","5","6","0","0","0","444","69","375","0","0","0","21","18","3","3","2","1","-2"
"221999","Vanderbilt University","2013","Not on tenure/no tenure system, lecturers","153","55","98","0","0","0","5","0","5","5","2","3","7","2","5","0","0","0","117","47","70","1","0","1","11","3","8","7","1","6","-2"
"224147","Texas A & M University-Corpus Christi","2013","Tenured total","164","109","55","1","1","0","12","8","4","4","4","0","26","15","11","1","1","0","118","78","40","0","0","0","0","0","0","2","2","0","-2"
"224147","Texas A & M University-Corpus Christi","2013","Tenured, professors","83","58","25","0","0","0","5","4","1","2","2","0","12","9","3","0","0","0","63","42","21","0","0","0","0","0","0","1","1","0","-2"
"224147","Texas A & M University-Corpus Christi","2013","Tenured, associate professors","78","51","27","1","1","0","7","4","3","2","2","0","13","6","7","1","1","0","53","36","17","0","0","0","0","0","0","1","1","0","-2"
"224147","Texas A & M University-Corpus Christi","2013","Tenured, assistant professors","3","0","3","0","0","0","0","0","0","0","0","0","1","0","1","0","0","0","2","0","2","0","0","0","0","0","0","0","0","0","-2"
"224147","Texas A & M University-Corpus Christi","2013","On-Tenure track total","96","43","53","0","0","0","9","7","2","5","1","4","13","4","9","0","0","0","58","25","33","2","0","2","1","1","0","8","5","3","-2"
"224147","Texas A & M University-Corpus Christi","2013","On-tenure track, associate professors","11","3","8","0","0","0","1","1","0","0","0","0","0","0","0","0","0","0","10","2","8","0","0","0","0","0","0","0","0","0","-2"
"224147","Texas A & M University-Corpus Christi","2013","On-tenure track, assistant professors","85","40","45","0","0","0","8","6","2","5","1","4","13","4","9","0","0","0","48","23","25","2","0","2","1","1","0","8","5","3","-2"
"224147","Texas A & M University-Corpus Christi","2013","Not on tenure track/No tenure system system total","116","38","78","0","0","0","5","2","3","0","0","0","17","6","11","0","0","0","80","23","57","0","0","0","3","1","2","11","6","5","-2"
"224147","Texas A & M University-Corpus Christi","2013","Not on tenure/no tenure system, associate professors","2","0","2","0","0","0","0","0","0","0","0","0","0","0","0","0","0","0","2","0","2","0","0","0","0","0","0","0","0","0","-2"
"224147","Texas A & M University-Corpus Christi","2013","Not on tenure/no tenure system, assistant professors","82","23","59","0","0","0","5","2","3","0","0","0","12","4","8","0","0","0","59","15","44","0","0","0","3","1","2","3","1","2","-2"
"224147","Texas A & M University-Corpus Christi","2013","Not on tenure/no tenure system, instructors","15","8","7","0","0","0","0","0","0","0","0","0","1","1","0","0","0","0","9","3","6","0","0","0","0","0","0","5","4","1","-2"
"224147","Texas A & M University-Corpus Christi","2013","Not on tenure/no tenure system, no academic rank","17","7","10","0","0","0","0","0","0","0","0","0","4","1","3","0","0","0","10","5","5","0","0","0","0","0","0","3","1","2","-2"
"225511","University of Houston","2013","Tenured total","680","506","174","2","2","0","112","83","29","25","15","10","46","27","19","0","0","0","493","378","115","2","1","1","0","0","0","0","0","0","-2"
"225511","University of Houston","2013","Tenured, professors","383","317","66","0","0","0","64","55","9","7","6","1","19","11","8","0","0","0","293","245","48","0","0","0","0","0","0","0","0","0","-2"
"225511","University of Houston","2013","Tenured, associate professors","297","189","108","2","2","0","48","28","20","18","9","9","27","16","11","0","0","0","200","133","67","2","1","1","0","0","0","0","0","0","-2"
"225511","University of Houston","2013","On-Tenure track total","238","132","106","1","1","0","62","38","24","7","4","3","16","8","8","0","0","0","124","63","61","2","1","1","0","0","0","26","17","9","-2"
"225511","University of Houston","2013","On-tenure track, professors","1","1","0","0","0","0","0","0","0","0","0","0","0","0","0","0","0","0","1","1","0","0","0","0","0","0","0","0","0","0","-2"
"225511","University of Houston","2013","On-tenure track, associate professors","13","7","6","0","0","0","4","3","1","0","0","0","1","0","1","0","0","0","6","3","3","1","0","1","0","0","0","1","1","0","-2"
"225511","University of Houston","2013","On-tenure track, assistant professors","224","124","100","1","1","0","58","35","23","7","4","3","15","8","7","0","0","0","117","59","58","1","1","0","0","0","0","25","16","9","-2"
"225511","University of Houston","2013","Not on tenure track/No tenure system system total","224","106","118","0","0","0","16","10","6","14","5","9","24","10","14","0","0","0","156","71","85","3","1","2","0","0","0","11","9","2","-2"
"225511","University of Houston","2013","Not on tenure/no tenure system, assistant professors","2","1","1","0","0","0","0","0","0","0","0","0","0","0","0","0","0","0","2","1","1","0","0","0","0","0","0","0","0","0","-2"
"225511","University of Houston","2013","Not on tenure/no tenure system, lecturers","54","18","36","0","0","0","2","0","2","2","1","1","12","4","8","0","0","0","35","13","22","2","0","2","0","0","0","1","0","1","-2"
"225511","University of Houston","2013","Not on tenure/no tenure system, no academic rank","168","87","81","0","0","0","14","10","4","12","4","8","12","6","6","0","0","0","119","57","62","1","1","0","0","0","0","10","9","1","-2"
"225627","University of the Incarnate Word","2013","Tenured total","115","56","59","0","0","0","7","5","2","5","0","5","19","11","8","0","0","0","81","39","42","0","0","0","1","0","1","2","1","1","-2"
"225627","University of the Incarnate Word","2013","Tenured, professors","50","25","25","0","0","0","4","3","1","1","0","1","3","1","2","0","0","0","41","20","21","0","0","0","0","0","0","1","1","0","-2"
"225627","University of the Incarnate Word","2013","Tenured, associate professors","64","31","33","0","0","0","3","2","1","4","0","4","16","10","6","0","0","0","39","19","20","0","0","0","1","0","1","1","0","1","-2"
"225627","University of the Incarnate Word","2013","Tenured, assistant professors","1","0","1","0","0","0","0","0","0","0","0","0","0","0","0","0","0","0","1","0","1","0","0","0","0","0","0","0","0","0","-2"
"225627","University of the Incarnate Word","2013","On-Tenure track total","105","42","63","1","0","1","6","3","3","6","3","3","18","7","11","0","0","0","70","27","43","0","0","0","0","0","0","4","2","2","-2"
"225627","University of the Incarnate Word","2013","On-tenure track, professors","4","3","1","0","0","0","0","0","0","0","0","0","0","0","0","0","0","0","4","3","1","0","0","0","0","0","0","0","0","0","-2"
"225627","University of the Incarnate Word","2013","On-tenure track, associate professors","16","7","9","0","0","0","0","0","0","0","0","0","5","3","2","0","0","0","10","3","7","0","0","0","0","0","0","1","1","0","-2"
"225627","University of the Incarnate Word","2013","On-tenure track, assistant professors","85","32","53","1","0","1","6","3","3","6","3","3","13","4","9","0","0","0","56","21","35","0","0","0","0","0","0","3","1","2","-2"
"225627","University of the Incarnate Word","2013","Not on tenure track/No tenure system system total","80","32","48","0","0","0","5","1","4","7","5","2","22","8","14","0","0","0","45","17","28","0","0","0","1","1","0","0","0","0","-2"
"225627","University of the Incarnate Word","2013","Not on tenure/no tenure system, professors","4","2","2","0","0","0","0","0","0","0","0","0","2","1","1","0","0","0","2","1","1","0","0","0","0","0","0","0","0","0","-2"
"225627","University of the Incarnate Word","2013","Not on tenure/no tenure system, associate professors","2","2","0","0","0","0","0","0","0","0","0","0","1","1","0","0","0","0","1","1","0","0","0","0","0","0","0","0","0","0","-2"
"225627","University of the Incarnate Word","2013","Not on tenure/no tenure system, assistant professors","20","9","11","0","0","0","1","0","1","3","2","1","6","3","3","0","0","0","10","4","6","0","0","0","0","0","0","0","0","0","-2"
"225627","University of the Incarnate Word","2013","Not on tenure/no tenure system, instructors","54","19","35","0","0","0","4","1","3","4","3","1","13","3","10","0","0","0","32","11","21","0","0","0","1","1","0","0","0","0","-2"
"227757","Rice University","2013","Tenured total","404","313","91","0","0","0","45","31","14","7","5","2","19","17","2","0","0","0","332","259","73","0","0","0","0","0","0","1","1","0","-2"
"227757","Rice University","2013","Tenured, professors","291","238","53","0","0","0","25","21","4","3","3","0","13","12","1","0","0","0","249","201","48","0","0","0","0","0","0","1","1","0","-2"
"227757","Rice University","2013","Tenured, associate professors","113","75","38","0","0","0","20","10","10","4","2","2","6","5","1","0","0","0","83","58","25","0","0","0","0","0","0","0","0","0","-2"
"227757","Rice University","2013","On-Tenure track total","93","59","34","0","0","0","9","6","3","3","3","0","8","5","3","0","0","0","64","39","25","1","1","0","0","0","0","8","5","3","-2"
"227757","Rice University","2013","On-tenure track, assistant professors","93","59","34","0","0","0","9","6","3","3","3","0","8","5","3","0","0","0","64","39","25","1","1","0","0","0","0","8","5","3","-2"
"227757","Rice University","2013","Not on tenure track/No tenure system system total","143","80","63","0","0","0","12","7","5","3","2","1","10","4","6","0","0","0","109","62","47","3","1","2","0","0","0","6","4","2","-2"
"227757","Rice University","2013","Not on tenure/no tenure system, instructors","9","4","5","0","0","0","2","1","1","0","0","0","1","0","1","0","0","0","4","2","2","0","0","0","0","0","0","2","1","1","-2"
"227757","Rice University","2013","Not on tenure/no tenure system, lecturers","123","69","54","0","0","0","9","5","4","1","1","0","9","4","5","0","0","0","99","56","43","2","1","1","0","0","0","3","2","1","-2"
"227757","Rice University","2013","Not on tenure/no tenure system, no academic rank","11","7","4","0","0","0","1","1","0","2","1","1","0","0","0","0","0","0","6","4","2","1","0","1","0","0","0","1","1","0","-2"
"228459","Texas State University","2013","Tenured total","505","307","198","2","1","1","39","30","9","17","10","7","55","30","25","2","1","1","374","222","152","0","0","0","15","12","3","1","1","0","-2"
"228459","Texas State University","2013","Tenured, professors","267","183","84","1","1","0","16","13","3","5","4","1","15","10","5","1","1","0","220","145","75","0","0","0","9","9","0","0","0","0","-2"
"228459","Texas State University","2013","Tenured, associate professors","230","119","111","1","0","1","23","17","6","12","6","6","39","20","19","1","0","1","147","72","75","0","0","0","6","3","3","1","1","0","-2"
"228459","Texas State University","2013","Tenured, assistant professors","7","4","3","0","0","0","0","0","0","0","0","0","1","0","1","0","0","0","6","4","2","0","0","0","0","0","0","0","0","0","-2"
"228459","Texas State University","2013","Tenured, instructors","1","1","0","0","0","0","0","0","0","0","0","0","0","0","0","0","0","0","1","1","0","0","0","0","0","0","0","0","0","0","-2"
"228459","Texas State University","2013","On-Tenure track total","198","98","100","1","1","0","28","18","10","7","6","1","21","8","13","1","1","0","126","56","70","0","0","0","11","7","4","3","1","2","-2"
"228459","Texas State University","2013","On-tenure track, associate professors","6","3","3","0","0","0","0","0","0","0","0","0","0","0","0","0","0","0","6","3","3","0","0","0","0","0","0","0","0","0","-2"
"228459","Texas State University","2013","On-tenure track, assistant professors","192","95","97","1","1","0","28","18","10","7","6","1","21","8","13","1","1","0","120","53","67","0","0","0","11","7","4","3","1","2","-2"
"228459","Texas State University","2013","Not on tenure track/No tenure system system total","429","181","248","2","2","0","20","9","11","8","2","6","26","9","17","2","0","2","356","149","207","0","0","0","13","8","5","2","2","0","-2"
"228459","Texas State University","2013","Not on tenure/no tenure system, professors","4","4","0","0","0","0","0","0","0","0","0","0","0","0","0","0","0","0","4","4","0","0","0","0","0","0","0","0","0","0","-2"
"228459","Texas State University","2013","Not on tenure/no tenure system, associate professors","8","0","8","0","0","0","0","0","0","0","0","0","0","0","0","0","0","0","8","0","8","0","0","0","0","0","0","0","0","0","-2"
"228459","Texas State University","2013","Not on tenure/no tenure system, assistant professors","19","3","16","0","0","0","1","0","1","3","0","3","1","1","0","0","0","0","14","2","12","0","0","0","0","0","0","0","0","0","-2"
"228459","Texas State University","2013","Not on tenure/no tenure system, lecturers","386","168","218","2","2","0","16","6","10","4","1","3","24","8","16","2","0","2","324","142","182","0","0","0","12","7","5","2","2","0","-2"
"228459","Texas State University","2013","Not on tenure/no tenure system, no academic rank","12","6","6","0","0","0","3","3","0","1","1","0","1","0","1","0","0","0","6","1","5","0","0","0","1","1","0","0","0","0","-2"
"228723","Texas A & M University-College Station","2013","Tenured total","1436","1113","323","3","2","1","206","171","35","46","32","14","84","60","24","0","0","0","1083","835","248","3","3","0","8","8","0","3","2","1","-2"
"228723","Texas A & M University-College Station","2013","Tenured, professors","866","724","142","1","0","1","102","91","11","24","19","5","36","27","9","0","0","0","698","582","116","1","1","0","4","4","0","0","0","0","-2"
"228723","Texas A & M University-College Station","2013","Tenured, associate professors","569","388","181","2","2","0","104","80","24","22","13","9","48","33","15","0","0","0","384","252","132","2","2","0","4","4","0","3","2","1","-2"
"228723","Texas A & M University-College Station","2013","Tenured, assistant professors","1","1","0","0","0","0","0","0","0","0","0","0","0","0","0","0","0","0","1","1","0","0","0","0","0","0","0","0","0","0","-2"
"228723","Texas A & M University-College Station","2013","On-Tenure track total","375","226","149","2","0","2","56","29","27","21","9","12","24","17","7","0","0","0","221","137","84","3","1","2","4","3","1","44","30","14","-2"
"228723","Texas A & M University-College Station","2013","On-tenure track, professors","11","10","1","0","0","0","2","2","0","0","0","0","0","0","0","0","0","0","9","8","1","0","0","0","0","0","0","0","0","0","-2"
"228723","Texas A & M University-College Station","2013","On-tenure track, associate professors","40","22","18","1","0","1","2","0","2","1","1","0","1","1","0","0","0","0","31","17","14","2","1","1","0","0","0","2","2","0","-2"
"228723","Texas A & M University-College Station","2013","On-tenure track, assistant professors","324","194","130","1","0","1","52","27","25","20","8","12","23","16","7","0","0","0","181","112","69","1","0","1","4","3","1","42","28","14","-2"
"228723","Texas A & M University-College Station","2013","Not on tenure track/No tenure system system total","671","330","341","3","1","2","30","12","18","15","6","9","34","22","12","0","0","0","525","244","281","3","2","1","7","6","1","54","37","17","-2"
"228723","Texas A & M University-College Station","2013","Not on tenure/no tenure system, professors","72","47","25","1","0","1","3","2","1","0","0","0","1","0","1","0","0","0","60","38","22","1","1","0","3","3","0","3","3","0","-2"
"228723","Texas A & M University-College Station","2013","Not on tenure/no tenure system, associate professors","51","26","25","0","0","0","1","1","0","2","0","2","1","1","0","0","0","0","47","24","23","0","0","0","0","0","0","0","0","0","-2"
"228723","Texas A & M University-College Station","2013","Not on tenure/no tenure system, assistant professors","86","54","32","0","0","0","8","4","4","4","3","1","7","4","3","0","0","0","43","22","21","0","0","0","1","1","0","23","20","3","-2"
"228723","Texas A & M University-College Station","2013","Not on tenure/no tenure system, instructors","182","82","100","2","1","1","4","2","2","1","1","0","6","4","2","0","0","0","155","69","86","1","1","0","0","0","0","13","4","9","-2"
"228723","Texas A & M University-College Station","2013","Not on tenure/no tenure system, lecturers","280","121","159","0","0","0","14","3","11","8","2","6","19","13","6","0","0","0","220","91","129","1","0","1","3","2","1","15","10","5","-2"
"228769","The University of Texas at Arlington","2013","Tenured total","392","299","93","1","0","1","90","78","12","10","8","2","23","17","6","1","0","1","259","188","71","0","0","0","0","0","0","8","8","0","-2"
"228769","The University of Texas at Arlington","2013","Tenured, professors","181","147","34","1","0","1","48","43","5","2","1","1","6","5","1","0","0","0","121","95","26","0","0","0","0","0","0","3","3","0","-2"
"228769","The University of Texas at Arlington","2013","Tenured, associate professors","211","152","59","0","0","0","42","35","7","8","7","1","17","12","5","1","0","1","138","93","45","0","0","0","0","0","0","5","5","0","-2"
"228769","The University of Texas at Arlington","2013","On-Tenure track total","175","97","78","0","0","0","48","31","17","11","6","5","13","5","8","0","0","0","95","52","43","5","0","5","2","2","0","1","1","0","-2"
"228769","The University of Texas at Arlington","2013","On-tenure track, associate professors","9","3","6","0","0","0","1","0","1","0","0","0","0","0","0","0","0","0","8","3","5","0","0","0","0","0","0","0","0","0","-2"
"228769","The University of Texas at Arlington","2013","On-tenure track, assistant professors","166","94","72","0","0","0","47","31","16","11","6","5","13","5","8","0","0","0","87","49","38","5","0","5","2","2","0","1","1","0","-2"
"228769","The University of Texas at Arlington","2013","Not on tenure track/No tenure system system total","57","5","52","4","0","4","0","0","0","2","0","2","4","1","3","0","0","0","47","4","43","0","0","0","0","0","0","0","0","0","-2"
"228769","The University of Texas at Arlington","2013","Not on tenure/no tenure system, lecturers","57","5","52","4","0","4","0","0","0","2","0","2","4","1","3","0","0","0","47","4","43","0","0","0","0","0","0","0","0","0","-2"
"228778","The University of Texas at Austin","2013","Tenured total","1509","1078","431","9","4","5","131","96","35","63","37","26","83","54","29","0","0","0","1203","876","327","8","2","6","0","0","0","12","9","3","-2"
"228778","The University of Texas at Austin","2013","Tenured, professors","990","765","225","6","4","2","77","63","14","26","20","6","42","31","11","0","0","0","830","642","188","4","2","2","0","0","0","5","3","2","-2"
"228778","The University of Texas at Austin","2013","Tenured, associate professors","519","313","206","3","0","3","54","33","21","37","17","20","41","23","18","0","0","0","373","234","139","4","0","4","0","0","0","7","6","1","-2"
"228778","The University of Texas at Austin","2013","On-Tenure track total","389","225","164","0","0","0","51","31","20","21","12","9","31","15","16","0","0","0","240","139","101","4","3","1","0","0","0","42","25","17","-2"
"228778","The University of Texas at Austin","2013","On-tenure track, associate professors","2","0","2","0","0","0","0","0","0","0","0","0","0","0","0","0","0","0","2","0","2","0","0","0","0","0","0","0","0","0","-2"
"228778","The University of Texas at Austin","2013","On-tenure track, assistant professors","387","225","162","0","0","0","51","31","20","21","12","9","31","15","16","0","0","0","238","139","99","4","3","1","0","0","0","42","25","17","-2"
"228778","The University of Texas at Austin","2013","Not on tenure track/No tenure system system total","854","390","464","0","0","0","65","26","39","19","10","9","58","20","38","0","0","0","649","298","351","8","4","4","0","0","0","55","32","23","-2"
"228778","The University of Texas at Austin","2013","Not on tenure/no tenure system, lecturers","571","277","294","0","0","0","47","18","29","9","7","2","29","9","20","0","0","0","446","221","225","3","1","2","0","0","0","37","21","16","-2"
"228778","The University of Texas at Austin","2013","Not on tenure/no tenure system, no academic rank","283","113","170","0","0","0","18","8","10","10","3","7","29","11","18","0","0","0","203","77","126","5","3","2","0","0","0","18","11","7","-2"
"228796","The University of Texas at El Paso","2013","Tenured total","345","249","96","0","0","0","34","26","8","4","4","0","93","64","29","0","0","0","208","151","57","3","3","0","0","0","0","3","1","2","-2"
"228796","The University of Texas at El Paso","2013","Tenured, professors","159","125","34","0","0","0","14","12","2","2","2","0","37","27","10","0","0","0","103","81","22","3","3","0","0","0","0","0","0","0","-2"
"228796","The University of Texas at El Paso","2013","Tenured, associate professors","186","124","62","0","0","0","20","14","6","2","2","0","56","37","19","0","0","0","105","70","35","0","0","0","0","0","0","3","1","2","-2"
"228796","The University of Texas at El Paso","2013","On-Tenure track total","140","82","58","0","0","0","24","15","9","2","1","1","46","28","18","0","0","0","48","28","20","1","1","0","0","0","0","19","9","10","-2"
"228796","The University of Texas at El Paso","2013","On-tenure track, associate professors","12","9","3","0","0","0","2","1","1","0","0","0","6","5","1","0","0","0","4","3","1","0","0","0","0","0","0","0","0","0","-2"
"228796","The University of Texas at El Paso","2013","On-tenure track, assistant professors","128","73","55","0","0","0","22","14","8","2","1","1","40","23","17","0","0","0","44","25","19","1","1","0","0","0","0","19","9","10","-2"
"228796","The University of Texas at El Paso","2013","Not on tenure track/No tenure system system total","200","75","125","1","0","1","6","2","4","3","0","3","79","25","54","0","0","0","97","41","56","0","0","0","0","0","0","14","7","7","-2"
"228796","The University of Texas at El Paso","2013","Not on tenure/no tenure system, lecturers","200","75","125","1","0","1","6","2","4","3","0","3","79","25","54","0","0","0","97","41","56","0","0","0","0","0","0","14","7","7","-2"
"229063","Texas Southern University","2013","Tenured total","240","141","99","0","0","0","33","21","12","151","85","66","4","3","1","0","0","0","33","19","14","0","0","0","0","0","0","19","13","6","-2"
"229063","Texas Southern University","2013","Tenured, professors","120","84","36","0","0","0","12","10","2","77","52","25","3","3","0","0","0","0","16","11","5","0","0","0","0","0","0","12","8","4","-2"
"229063","Texas Southern University","2013","Tenured, associate professors","107","49","58","0","0","0","21","11","10","63","26","37","1","0","1","0","0","0","16","8","8","0","0","0","0","0","0","6","4","2","-2"
"229063","Texas Southern University","2013","Tenured, assistant professors","11","7","4","0","0","0","0","0","0","9","6","3","0","0","0","0","0","0","1","0","1","0","0","0","0","0","0","1","1","0","-2"
"229063","Texas Southern University","2013","Tenured, instructors","1","1","0","0","0","0","0","0","0","1","1","0","0","0","0","0","0","0","0","0","0","0","0","0","0","0","0","0","0","0","-2"
"229063","Texas Southern University","2013","Tenured, no academic rank","1","0","1","0","0","0","0","0","0","1","0","1","0","0","0","0","0","0","0","0","0","0","0","0","0","0","0","0","0","0","-2"
"229063","Texas Southern University","2013","On-Tenure track total","58","21","37","0","0","0","10","5","5","39","10","29","0","0","0","0","0","0","9","6","3","0","0","0","0","0","0","0","0","0","-2"
"229063","Texas Southern University","2013","On-tenure track, associate professors","11","3","8","0","0","0","2","0","2","6","2","4","0","0","0","0","0","0","3","1","2","0","0","0","0","0","0","0","0","0","-2"
"229063","Texas Southern University","2013","On-tenure track, assistant professors","47","18","29","0","0","0","8","5","3","33","8","25","0","0","0","0","0","0","6","5","1","0","0","0","0","0","0","0","0","0","-2"
"229063","Texas Southern University","2013","Not on tenure track/No tenure system system total","126","67","59","0","0","0","6","3","3","96","48","48","9","6","3","0","0","0","13","9","4","0","0","0","0","0","0","2","1","1","-2"
"229063","Texas Southern University","2013","Not on tenure/no tenure system, instructors","8","5","3","0","0","0","0","0","0","4","4","0","2","1","1","0","0","0","1","0","1","0","0","0","0","0","0","1","0","1","-2"
"229063","Texas Southern University","2013","Not on tenure/no tenure system, no academic rank","118","62","56","0","0","0","6","3","3","92","44","48","7","5","2","0","0","0","12","9","3","0","0","0","0","0","0","1","1","0","-2"
"229115","Texas Tech University","2013","Tenured total","688","494","194","3","2","1","39","29","10","12","6","6","30","19","11","0","0","0","504","365","139","0","0","0","0","0","0","100","73","27","-2"
"229115","Texas Tech University","2013","Tenured, professors","323","252","71","2","1","1","27","21","6","8","4","4","11","7","4","0","0","0","251","196","55","0","0","0","0","0","0","24","23","1","-2"
"229115","Texas Tech University","2013","Tenured, associate professors","364","241","123","1","1","0","12","8","4","4","2","2","19","12","7","0","0","0","252","168","84","0","0","0","0","0","0","76","50","26","-2"
"229115","Texas Tech University","2013","Tenured, assistant professors","1","1","0","0","0","0","0","0","0","0","0","0","0","0","0","0","0","0","1","1","0","0","0","0","0","0","0","0","0","0","-2"
"229115","Texas Tech University","2013","On-Tenure track total","310","194","116","0","0","0","14","11","3","7","4","3","19","10","9","0","0","0","187","118","69","4","3","1","0","0","0","79","48","31","-2"
"229115","Texas Tech University","2013","On-tenure track, professors","2","2","0","0","0","0","0","0","0","0","0","0","0","0","0","0","0","0","2","2","0","0","0","0","0","0","0","0","0","0","-2"
"229115","Texas Tech University","2013","On-tenure track, associate professors","37","25","12","0","0","0","2","2","0","1","1","0","1","1","0","0","0","0","26","16","10","0","0","0","0","0","0","7","5","2","-2"
"229115","Texas Tech University","2013","On-tenure track, assistant professors","271","167","104","0","0","0","12","9","3","6","3","3","18","9","9","0","0","0","159","100","59","4","3","1","0","0","0","72","43","29","-2"
"229115","Texas Tech University","2013","Not on tenure track/No tenure system system total","309","136","173","1","1","0","6","4","2","9","4","5","20","9","11","0","0","0","237","95","142","1","1","0","0","0","0","35","22","13","-2"
"229115","Texas Tech University","2013","Not on tenure/no tenure system, professors","4","4","0","0","0","0","0","0","0","0","0","0","0","0","0","0","0","0","4","4","0","0","0","0","0","0","0","0","0","0","-2"
"229115","Texas Tech University","2013","Not on tenure/no tenure system, associate professors","9","5","4","0","0","0","1","1","0","0","0","0","0","0","0","0","0","0","5","1","4","0","0","0","0","0","0","3","3","0","-2"
"229115","Texas Tech University","2013","Not on tenure/no tenure system, assistant professors","41","19","22","0","0","0","1","0","1","5","2","3","3","1","2","0","0","0","22","10","12","0","0","0","0","0","0","10","6","4","-2"
"229115","Texas Tech University","2013","Not on tenure/no tenure system, instructors","255","108","147","1","1","0","4","3","1","4","2","2","17","8","9","0","0","0","206","80","126","1","1","0","0","0","0","22","13","9","-2"
"230728","Utah State University","2013","Tenured total","479","349","130","1","1","0","18","13","5","2","2","0","12","6","6","0","0","0","421","307","114","2","1","1","20","16","4","3","3","0","-2"
"230728","Utah State University","2013","Tenured, professors","216","181","35","0","0","0","9","8","1","1","1","0","2","1","1","0","0","0","192","160","32","1","1","0","9","8","1","2","2","0","-2"
"230728","Utah State University","2013","Tenured, associate professors","262","167","95","1","1","0","9","5","4","1","1","0","10","5","5","0","0","0","228","146","82","1","0","1","11","8","3","1","1","0","-2"
"230728","Utah State University","2013","Tenured, instructors","1","1","0","0","0","0","0","0","0","0","0","0","0","0","0","0","0","0","1","1","0","0","0","0","0","0","0","0","0","0","-2"
"230728","Utah State University","2013","On-Tenure track total","223","129","94","0","0","0","15","9","6","0","0","0","10","5","5","0","0","0","140","80","60","0","0","0","35","22","13","23","13","10","-2"
"230728","Utah State University","2013","On-tenure track, professors","1","1","0","0","0","0","0","0","0","0","0","0","0","0","0","0","0","0","0","0","0","0","0","0","1","1","0","0","0","0","-2"
"230728","Utah State University","2013","On-tenure track, associate professors","9","7","2","0","0","0","1","1","0","0","0","0","0","0","0","0","0","0","4","3","1","0","0","0","3","2","1","1","1","0","-2"
"230728","Utah State University","2013","On-tenure track, assistant professors","208","118","90","0","0","0","14","8","6","0","0","0","10","5","5","0","0","0","133","75","58","0","0","0","29","18","11","22","12","10","-2"
"230728","Utah State University","2013","On-tenure track, instructors","5","3","2","0","0","0","0","0","0","0","0","0","0","0","0","0","0","0","3","2","1","0","0","0","2","1","1","0","0","0","-2"
"230728","Utah State University","2013","Not on tenure track/No tenure system system total","178","92","86","2","1","1","1","0","1","2","1","1","4","3","1","0","0","0","139","72","67","1","0","1","27","14","13","2","1","1","-2"
"230728","Utah State University","2013","Not on tenure/no tenure system, professors","2","2","0","0","0","0","0","0","0","0","0","0","0","0","0","0","0","0","1","1","0","0","0","0","1","1","0","0","0","0","-2"
"230728","Utah State University","2013","Not on tenure/no tenure system, associate professors","8","5","3","0","0","0","0","0","0","0","0","0","0","0","0","0","0","0","6","5","1","0","0","0","2","0","2","0","0","0","-2"
"230728","Utah State University","2013","Not on tenure/no tenure system, assistant professors","33","16","17","1","1","0","0","0","0","0","0","0","1","1","0","0","0","0","23","10","13","0","0","0","7","4","3","1","0","1","-2"
"230728","Utah State University","2013","Not on tenure/no tenure system, instructors","25","9","16","0","0","0","0","0","0","0","0","0","1","1","0","0","0","0","21","7","14","0","0","0","3","1","2","0","0","0","-2"
"230728","Utah State University","2013","Not on tenure/no tenure system, lecturers","110","60","50","1","0","1","1","0","1","2","1","1","2","1","1","0","0","0","88","49","39","1","0","1","14","8","6","1","1","0","-2"
"230764","University of Utah","2013","Tenured total","1008","735","273","3","1","2","87","71","16","9","6","3","35","24","11","0","0","0","820","592","228","4","2","2","38","29","9","12","10","2","-2"
"230764","University of Utah","2013","Tenured, professors","646","499","147","3","1","2","53","43","10","3","2","1","16","13","3","0","0","0","542","417","125","2","2","0","21","15","6","6","6","0","-2"
"230764","University of Utah","2013","Tenured, associate professors","361","236","125","0","0","0","34","28","6","6","4","2","19","11","8","0","0","0","277","175","102","2","0","2","17","14","3","6","4","2","-2"
"230764","University of Utah","2013","Tenured, assistant professors","1","0","1","0","0","0","0","0","0","0","0","0","0","0","0","0","0","0","1","0","1","0","0","0","0","0","0","0","0","0","-2"
"230764","University of Utah","2013","On-Tenure track total","465","266","199","2","0","2","57","35","22","2","1","1","17","5","12","0","0","0","293","170","123","11","3","8","51","33","18","32","19","13","-2"
"230764","University of Utah","2013","On-tenure track, professors","18","9","9","0","0","0","1","1","0","0","0","0","0","0","0","0","0","0","15","8","7","1","0","1","1","0","1","0","0","0","-2"
"230764","University of Utah","2013","On-tenure track, associate professors","60","35","25","0","0","0","11","7","4","0","0","0","1","0","1","0","0","0","37","21","16","1","0","1","10","7","3","0","0","0","-2"
"230764","University of Utah","2013","On-tenure track, assistant professors","376","216","160","2","0","2","44","27","17","2","1","1","15","5","10","0","0","0","235","137","98","9","3","6","39","25","14","30","18","12","-2"
"230764","University of Utah","2013","On-tenure track, instructors","11","6","5","0","0","0","1","0","1","0","0","0","1","0","1","0","0","0","6","4","2","0","0","0","1","1","0","2","1","1","-2"
"230764","University of Utah","2013","Not on tenure track/No tenure system system total","2111","1204","907","2","1","1","180","105","75","22","11","11","46","21","25","0","0","0","1399","772","627","17","12","5","158","86","72","287","196","91","-2"
"230764","University of Utah","2013","Not on tenure/no tenure system, lecturers","2111","1204","907","2","1","1","180","105","75","22","11","11","46","21","25","0","0","0","1399","772","627","17","12","5","158","86","72","287","196","91","-2"
"230913","Northern Vermont University","2013","Tenured total","29","19","10","0","0","0","0","0","0","0","0","0","0","0","0","0","0","0","28","19","9","1","0","1","0","0","0","0","0","0","-2"
"230913","Northern Vermont University","2013","Tenured, professors","26","17","9","0","0","0","0","0","0","0","0","0","0","0","0","0","0","0","25","17","8","1","0","1","0","0","0","0","0","0","-2"
"230913","Northern Vermont University","2013","Tenured, associate professors","3","2","1","0","0","0","0","0","0","0","0","0","0","0","0","0","0","0","3","2","1","0","0","0","0","0","0","0","0","0","-2"
"230913","Northern Vermont University","2013","On-Tenure track total","15","8","7","0","0","0","0","0","0","0","0","0","0","0","0","0","0","0","11","6","5","0","0","0","3","2","1","1","0","1","-2"
"230913","Northern Vermont University","2013","On-tenure track, associate professors","8","6","2","0","0","0","0","0","0","0","0","0","0","0","0","0","0","0","6","5","1","0","0","0","1","1","0","1","0","1","-2"
"230913","Northern Vermont University","2013","On-tenure track, assistant professors","7","2","5","0","0","0","0","0","0","0","0","0","0","0","0","0","0","0","5","1","4","0","0","0","2","1","1","0","0","0","-2"
"230913","Northern Vermont University","2013","Not on tenure track/No tenure system system total","1","1","0","0","0","0","0","0","0","0","0","0","0","0","0","0","0","0","1","1","0","0","0","0","0","0","0","0","0","0","-2"
"230913","Northern Vermont University","2013","Not on tenure/no tenure system, assistant professors","1","1","0","0","0","0","0","0","0","0","0","0","0","0","0","0","0","0","1","1","0","0","0","0","0","0","0","0","0","0","-2"
"232186","George Mason University","2013","Tenured total","691","472","219","3","1","2","80","60","20","23","10","13","16","12","4","0","0","0","522","360","162","0","0","0","43","25","18","4","4","0","-2"
"232186","George Mason University","2013","Tenured, professors","353","272","81","1","1","0","29","24","5","10","5","5","7","7","0","0","0","0","285","220","65","0","0","0","18","12","6","3","3","0","-2"
"232186","George Mason University","2013","Tenured, associate professors","338","200","138","2","0","2","51","36","15","13","5","8","9","5","4","0","0","0","237","140","97","0","0","0","25","13","12","1","1","0","-2"
"232186","George Mason University","2013","On-Tenure track total","217","111","106","1","1","0","14","7","7","5","3","2","5","3","2","0","0","0","77","33","44","1","0","1","83","41","42","31","23","8","-2"
"232186","George Mason University","2013","On-tenure track, associate professors","16","11","5","0","0","0","1","1","0","0","0","0","1","1","0","0","0","0","8","4","4","0","0","0","5","4","1","1","1","0","-2"
"232186","George Mason University","2013","On-tenure track, assistant professors","201","100","101","1","1","0","13","6","7","5","3","2","4","2","2","0","0","0","69","29","40","1","0","1","78","37","41","30","22","8","-2"
"232186","George Mason University","2013","Not on tenure track/No tenure system system total","333","129","204","1","1","0","20","10","10","15","4","11","6","3","3","0","0","0","221","81","140","1","0","1","54","25","29","15","5","10","-2"
"232186","George Mason University","2013","Not on tenure/no tenure system, professors","23","13","10","0","0","0","1","1","0","0","0","0","0","0","0","0","0","0","18","9","9","0","0","0","4","3","1","0","0","0","-2"
"232186","George Mason University","2013","Not on tenure/no tenure system, associate professors","53","19","34","1","1","0","5","2","3","4","1","3","1","1","0","0","0","0","37","11","26","0","0","0","4","3","1","1","0","1","-2"
"232186","George Mason University","2013","Not on tenure/no tenure system, assistant professors","169","62","107","0","0","0","9","4","5","8","3","5","4","2","2","0","0","0","100","36","64","1","0","1","35","13","22","12","4","8","-2"
"232186","George Mason University","2013","Not on tenure/no tenure system, instructors","88","35","53","0","0","0","5","3","2","3","0","3","1","0","1","0","0","0","66","25","41","0","0","0","11","6","5","2","1","1","-2"
"232265","Hampton University","2013","Tenured total","77","48","29","0","0","0","12","10","2","44","23","21","2","1","1","0","0","0","19","14","5","0","0","0","0","0","0","0","0","0","-2"
"232265","Hampton University","2013","Tenured, professors","34","23","11","0","0","0","7","6","1","22","13","9","0","0","0","0","0","0","5","4","1","0","0","0","0","0","0","0","0","0","-2"
"232265","Hampton University","2013","Tenured, associate professors","31","18","13","0","0","0","3","2","1","18","8","10","1","1","0","0","0","0","9","7","2","0","0","0","0","0","0","0","0","0","-2"
"232265","Hampton University","2013","Tenured, assistant professors","12","7","5","0","0","0","2","2","0","4","2","2","1","0","1","0","0","0","5","3","2","0","0","0","0","0","0","0","0","0","-2"
"232265","Hampton University","2013","On-Tenure track total","33","16","17","0","0","0","3","1","2","21","11","10","2","0","2","0","0","0","7","4","3","0","0","0","0","0","0","0","0","0","-2"
"232265","Hampton University","2013","On-tenure track, professors","3","1","2","0","0","0","0","0","0","2","1","1","0","0","0","0","0","0","1","0","1","0","0","0","0","0","0","0","0","0","-2"
"232265","Hampton University","2013","On-tenure track, associate professors","13","7","6","0","0","0","1","0","1","11","7","4","1","0","1","0","0","0","0","0","0","0","0","0","0","0","0","0","0","0","-2"
"232265","Hampton University","2013","On-tenure track, assistant professors","16","7","9","0","0","0","2","1","1","8","3","5","1","0","1","0","0","0","5","3","2","0","0","0","0","0","0","0","0","0","-2"
"232265","Hampton University","2013","On-tenure track, lecturers","1","1","0","0","0","0","0","0","0","0","0","0","0","0","0","0","0","0","1","1","0","0","0","0","0","0","0","0","0","0","-2"
"232265","Hampton University","2013","Not on tenure track/No tenure system system total","164","74","90","1","0","1","13","4","9","117","54","63","2","1","1","0","0","0","31","15","16","0","0","0","0","0","0","0","0","0","-2"
"232265","Hampton University","2013","Not on tenure/no tenure system, professors","9","4","5","0","0","0","0","0","0","7","3","4","1","1","0","0","0","0","1","0","1","0","0","0","0","0","0","0","0","0","-2"
"232265","Hampton University","2013","Not on tenure/no tenure system, associate professors","25","10","15","0","0","0","4","2","2","14","6","8","0","0","0","0","0","0","7","2","5","0","0","0","0","0","0","0","0","0","-2"
"232265","Hampton University","2013","Not on tenure/no tenure system, assistant professors","89","40","49","1","0","1","5","1","4","63","28","35","1","0","1","0","0","0","19","11","8","0","0","0","0","0","0","0","0","0","-2"
"232265","Hampton University","2013","Not on tenure/no tenure system, instructors","8","1","7","0","0","0","4","1","3","4","0","4","0","0","0","0","0","0","0","0","0","0","0","0","0","0","0","0","0","0","-2"
"232265","Hampton University","2013","Not on tenure/no tenure system, lecturers","16","10","6","0","0","0","0","0","0","14","8","6","0","0","0","0","0","0","2","2","0","0","0","0","0","0","0","0","0","0","-2"
"232265","Hampton University","2013","Not on tenure/no tenure system, no academic rank","17","9","8","0","0","0","0","0","0","15","9","6","0","0","0","0","0","0","2","0","2","0","0","0","0","0","0","0","0","0","-2"
"232982","Old Dominion University","2013","Tenured total","395","277","118","2","1","1","41","32","9","21","13","8","10","8","2","0","0","0","247","165","82","0","0","0","53","41","12","21","17","4","-2"
"232982","Old Dominion University","2013","Tenured, professors","197","159","38","1","0","1","19","18","1","7","6","1","4","4","0","0","0","0","123","97","26","0","0","0","29","21","8","14","13","1","-2"
"232982","Old Dominion University","2013","Tenured, associate professors","198","118","80","1","1","0","22","14","8","14","7","7","6","4","2","0","0","0","124","68","56","0","0","0","24","20","4","7","4","3","-2"
"232982","Old Dominion University","2013","On-Tenure track total","174","105","69","1","1","0","30","18","12","9","4","5","8","5","3","0","0","0","95","60","35","1","1","0","11","3","8","19","13","6","-2"
"232982","Old Dominion University","2013","On-tenure track, professors","4","3","1","0","0","0","1","1","0","0","0","0","0","0","0","0","0","0","3","2","1","0","0","0","0","0","0","0","0","0","-2"
"232982","Old Dominion University","2013","On-tenure track, associate professors","14","9","5","0","0","0","3","2","1","2","1","1","1","1","0","0","0","0","6","4","2","0","0","0","2","1","1","0","0","0","-2"
"232982","Old Dominion University","2013","On-tenure track, assistant professors","156","93","63","1","1","0","26","15","11","7","3","4","7","4","3","0","0","0","86","54","32","1","1","0","9","2","7","19","13","6","-2"
"232982","Old Dominion University","2013","Not on tenure track/No tenure system system total","224","68","156","1","1","0","7","4","3","17","1","16","10","5","5","0","0","0","158","48","110","2","0","2","25","8","17","4","1","3","-2"
"232982","Old Dominion University","2013","Not on tenure/no tenure system, professors","3","2","1","0","0","0","0","0","0","0","0","0","0","0","0","0","0","0","3","2","1","0","0","0","0","0","0","0","0","0","-2"
"232982","Old Dominion University","2013","Not on tenure/no tenure system, associate professors","2","0","2","0","0","0","0","0","0","0","0","0","0","0","0","0","0","0","2","0","2","0","0","0","0","0","0","0","0","0","-2"
"232982","Old Dominion University","2013","Not on tenure/no tenure system, assistant professors","8","4","4","0","0","0","0","0","0","1","0","1","0","0","0","0","0","0","5","3","2","1","0","1","1","1","0","0","0","0","-2"
"232982","Old Dominion University","2013","Not on tenure/no tenure system, instructors","25","9","16","0","0","0","1","1","0","1","0","1","0","0","0","0","0","0","17","5","12","0","0","0","3","2","1","3","1","2","-2"
"232982","Old Dominion University","2013","Not on tenure/no tenure system, lecturers","186","53","133","1","1","0","6","3","3","15","1","14","10","5","5","0","0","0","131","38","93","1","0","1","21","5","16","1","0","1","-2"
"233921","Virginia Polytechnic Institute and State University","2013","Tenured total","1054","788","266","5","2","3","118","94","24","31","21","10","32","28","4","1","0","1","857","636","221","3","1","2","0","0","0","7","6","1","-2"
"233921","Virginia Polytechnic Institute and State University","2013","Tenured, professors","564","458","106","2","0","2","62","57","5","14","10","4","10","9","1","1","0","1","473","381","92","2","1","1","0","0","0","0","0","0","-2"
"233921","Virginia Polytechnic Institute and State University","2013","Tenured, associate professors","490","330","160","3","2","1","56","37","19","17","11","6","22","19","3","0","0","0","384","255","129","1","0","1","0","0","0","7","6","1","-2"
"233921","Virginia Polytechnic Institute and State University","2013","On-Tenure track total","334","206","128","1","1","0","41","27","14","8","2","6","17","9","8","1","1","0","221","134","87","1","1","0","0","0","0","44","31","13","-2"
"233921","Virginia Polytechnic Institute and State University","2013","On-tenure track, professors","1","1","0","0","0","0","1","1","0","0","0","0","0","0","0","0","0","0","0","0","0","0","0","0","0","0","0","0","0","0","-2"
"233921","Virginia Polytechnic Institute and State University","2013","On-tenure track, associate professors","25","23","2","0","0","0","5","5","0","0","0","0","0","0","0","0","0","0","20","18","2","0","0","0","0","0","0","0","0","0","-2"
"233921","Virginia Polytechnic Institute and State University","2013","On-tenure track, assistant professors","308","182","126","1","1","0","35","21","14","8","2","6","17","9","8","1","1","0","201","116","85","1","1","0","0","0","0","44","31","13","-2"
"233921","Virginia Polytechnic Institute and State University","2013","Not on tenure track/No tenure system system total","335","153","182","0","0","0","14","8","6","11","7","4","13","1","12","1","0","1","275","121","154","3","3","0","0","0","0","18","13","5","-2"
"233921","Virginia Polytechnic Institute and State University","2013","Not on tenure/no tenure system, professors","7","5","2","0","0","0","0","0","0","0","0","0","0","0","0","0","0","0","5","4","1","0","0","0","0","0","0","2","1","1","-2"
"233921","Virginia Polytechnic Institute and State University","2013","Not on tenure/no tenure system, associate professors","18","9","9","0","0","0","0","0","0","0","0","0","0","0","0","0","0","0","18","9","9","0","0","0","0","0","0","0","0","0","-2"
"233921","Virginia Polytechnic Institute and State University","2013","Not on tenure/no tenure system, assistant professors","88","42","46","0","0","0","5","5","0","4","2","2","4","1","3","0","0","0","68","30","38","0","0","0","0","0","0","7","4","3","-2"
"233921","Virginia Polytechnic Institute and State University","2013","Not on tenure/no tenure system, instructors","217","94","123","0","0","0","9","3","6","7","5","2","9","0","9","1","0","1","179","75","104","3","3","0","0","0","0","9","8","1","-2"
"233921","Virginia Polytechnic Institute and State University","2013","Not on tenure/no tenure system, lecturers","5","3","2","0","0","0","0","0","0","0","0","0","0","0","0","0","0","0","5","3","2","0","0","0","0","0","0","0","0","0","-2"
"234076","University of Virginia-Main Campus","2013","Tenured total","1038","783","255","0","0","0","67","51","16","38","25","13","17","13","4","0","0","0","902","686","216","6","2","4","0","0","0","8","6","2","-2"
"234076","University of Virginia-Main Campus","2013","Tenured, professors","702","572","130","0","0","0","45","40","5","15","11","4","10","9","1","0","0","0","626","508","118","2","0","2","0","0","0","4","4","0","-2"
"234076","University of Virginia-Main Campus","2013","Tenured, associate professors","336","211","125","0","0","0","22","11","11","23","14","9","7","4","3","0","0","0","276","178","98","4","2","2","0","0","0","4","2","2","-2"
"234076","University of Virginia-Main Campus","2013","On-Tenure track total","282","172","110","0","0","0","45","29","16","10","4","6","11","7","4","0","0","0","189","118","71","3","2","1","0","0","0","24","12","12","-2"
"234076","University of Virginia-Main Campus","2013","On-tenure track, associate professors","56","36","20","0","0","0","9","7","2","1","0","1","1","1","0","0","0","0","40","25","15","1","1","0","0","0","0","4","2","2","-2"
"234076","University of Virginia-Main Campus","2013","On-tenure track, assistant professors","226","136","90","0","0","0","36","22","14","9","4","5","10","6","4","0","0","0","149","93","56","2","1","1","0","0","0","20","10","10","-2"
"234076","University of Virginia-Main Campus","2013","Not on tenure track/No tenure system system total","620","324","296","1","1","0","41","20","21","23","11","12","13","7","6","0","0","0","509","268","241","5","2","3","0","0","0","28","15","13","-2"
"234076","University of Virginia-Main Campus","2013","Not on tenure/no tenure system, professors","61","37","24","0","0","0","0","0","0","1","1","0","0","0","0","0","0","0","60","36","24","0","0","0","0","0","0","0","0","0","-2"
"234076","University of Virginia-Main Campus","2013","Not on tenure/no tenure system, associate professors","198","119","79","0","0","0","9","6","3","12","6","6","2","2","0","0","0","0","175","105","70","0","0","0","0","0","0","0","0","0","-2"
"234076","University of Virginia-Main Campus","2013","Not on tenure/no tenure system, assistant professors","195","80","115","1","1","0","19","10","9","6","3","3","5","2","3","0","0","0","154","61","93","2","1","1","0","0","0","8","2","6","-2"
"234076","University of Virginia-Main Campus","2013","Not on tenure/no tenure system, instructors","43","29","14","0","0","0","3","1","2","0","0","0","0","0","0","0","0","0","31","20","11","2","1","1","0","0","0","7","7","0","-2"
"234076","University of Virginia-Main Campus","2013","Not on tenure/no tenure system, lecturers","123","59","64","0","0","0","10","3","7","4","1","3","6","3","3","0","0","0","89","46","43","1","0","1","0","0","0","13","6","7","-2"
"236939","Washington State University","2013","Tenured total","657","455","202","2","1","1","75","62","13","6","5","1","16","11","5","5","3","2","448","300","148","12","6","6","91","66","25","2","1","1","-2"
"236939","Washington State University","2013","Tenured, professors","346","270","76","0","0","0","38","34","4","2","2","0","10","8","2","4","3","1","257","197","60","7","4","3","28","22","6","0","0","0","-2"
"236939","Washington State University","2013","Tenured, associate professors","310","184","126","2","1","1","37","28","9","4","3","1","6","3","3","1","0","1","190","102","88","5","2","3","63","44","19","2","1","1","-2"
"236939","Washington State University","2013","Tenured, assistant professors","1","1","0","0","0","0","0","0","0","0","0","0","0","0","0","0","0","0","1","1","0","0","0","0","0","0","0","0","0","0","-2"
"236939","Washington State University","2013","On-Tenure track total","217","131","86","0","0","0","17","11","6","4","3","1","8","4","4","0","0","0","94","48","46","0","0","0","68","48","20","26","17","9","-2"
"236939","Washington State University","2013","On-tenure track, professors","2","2","0","0","0","0","0","0","0","0","0","0","0","0","0","0","0","0","0","0","0","0","0","0","1","1","0","1","1","0","-2"
"236939","Washington State University","2013","On-tenure track, associate professors","6","5","1","0","0","0","0","0","0","0","0","0","0","0","0","0","0","0","4","3","1","0","0","0","2","2","0","0","0","0","-2"
"236939","Washington State University","2013","On-tenure track, assistant professors","209","124","85","0","0","0","17","11","6","4","3","1","8","4","4","0","0","0","90","45","45","0","0","0","65","45","20","25","16","9","-2"
"236939","Washington State University","2013","Not on tenure track/No tenure system system total","368","169","199","1","0","1","8","1","7","2","1","1","23","14","9","0","0","0","234","103","131","6","1","5","85","42","43","9","7","2","-2"
"236939","Washington State University","2013","Not on tenure/no tenure system, instructors","157","62","95","0","0","0","2","0","2","2","1","1","11","6","5","0","0","0","95","36","59","3","0","3","42","18","24","2","1","1","-2"
"236939","Washington State University","2013","Not on tenure/no tenure system, lecturers","4","2","2","0","0","0","0","0","0","0","0","0","0","0","0","0","0","0","4","2","2","0","0","0","0","0","0","0","0","0","-2"
"236939","Washington State University","2013","Not on tenure/no tenure system, no academic rank","207","105","102","1","0","1","6","1","5","0","0","0","12","8","4","0","0","0","135","65","70","3","1","2","43","24","19","7","6","1","-2"
"236948","University of Washington-Seattle Campus","2013","Tenured total","1094","740","354","6","1","5","122","87","35","25","12","13","40","33","7","0","0","0","873","592","281","11","2","9","16","12","4","1","1","0","-2"
"236948","University of Washington-Seattle Campus","2013","Tenured, professors","733","548","185","1","1","0","77","60","17","14","11","3","17","16","1","0","0","0","614","453","161","3","1","2","7","6","1","0","0","0","-2"
"236948","University of Washington-Seattle Campus","2013","Tenured, associate professors","361","192","169","5","0","5","45","27","18","11","1","10","23","17","6","0","0","0","259","139","120","8","1","7","9","6","3","1","1","0","-2"
"236948","University of Washington-Seattle Campus","2013","On-Tenure track total","250","137","113","1","0","1","36","19","17","5","3","2","15","10","5","0","0","0","121","69","52","7","4","3","46","22","24","19","10","9","-2"
"236948","University of Washington-Seattle Campus","2013","On-tenure track, assistant professors","250","137","113","1","0","1","36","19","17","5","3","2","15","10","5","0","0","0","121","69","52","7","4","3","46","22","24","19","10","9","-2"
"236948","University of Washington-Seattle Campus","2013","Not on tenure track/No tenure system system total","2194","1207","987","6","4","2","292","168","124","27","16","11","86","40","46","2","2","0","1411","762","649","29","18","11","248","128","120","93","69","24","-2"
"236948","University of Washington-Seattle Campus","2013","Not on tenure/no tenure system, professors","449","323","126","2","1","1","40","29","11","1","1","0","8","7","1","0","0","0","378","267","111","3","3","0","13","11","2","4","4","0","-2"
"236948","University of Washington-Seattle Campus","2013","Not on tenure/no tenure system, associate professors","410","255","155","1","1","0","65","44","21","3","2","1","20","10","10","0","0","0","278","172","106","6","4","2","30","17","13","7","5","2","-2"
"236948","University of Washington-Seattle Campus","2013","Not on tenure/no tenure system, assistant professors","567","299","268","1","1","0","97","52","45","8","5","3","26","9","17","1","1","0","298","144","154","9","6","3","93","57","36","34","24","10","-2"
"236948","University of Washington-Seattle Campus","2013","Not on tenure/no tenure system, instructors","244","132","112","0","0","0","41","24","17","2","2","0","11","6","5","1","1","0","101","44","57","3","3","0","44","18","26","41","34","7","-2"
"236948","University of Washington-Seattle Campus","2013","Not on tenure/no tenure system, lecturers","378","161","217","1","1","0","36","17","19","9","5","4","16","6","10","0","0","0","269","113","156","3","1","2","37","16","21","7","2","5","-2"
"236948","University of Washington-Seattle Campus","2013","Not on tenure/no tenure system, no academic rank","146","37","109","1","0","1","13","2","11","4","1","3","5","2","3","0","0","0","87","22","65","5","1","4","31","9","22","0","0","0","-2"
"237057","Whitman College","2013","Tenured total","72","46","26","1","0","1","4","2","2","1","1","0","1","1","0","0","0","0","65","42","23","0","0","0","0","0","0","0","0","0","-2"
"237057","Whitman College","2013","Tenured, professors","32","23","9","1","0","1","1","0","1","0","0","0","0","0","0","0","0","0","30","23","7","0","0","0","0","0","0","0","0","0","-2"
"237057","Whitman College","2013","Tenured, associate professors","39","22","17","0","0","0","2","1","1","1","1","0","1","1","0","0","0","0","35","19","16","0","0","0","0","0","0","0","0","0","-2"
"237057","Whitman College","2013","Tenured, assistant professors","1","1","0","0","0","0","1","1","0","0","0","0","0","0","0","0","0","0","0","0","0","0","0","0","0","0","0","0","0","0","-2"
"237057","Whitman College","2013","On-Tenure track total","45","18","27","0","0","0","8","1","7","2","0","2","0","0","0","0","0","0","35","17","18","0","0","0","0","0","0","0","0","0","-2"
"237057","Whitman College","2013","On-tenure track, assistant professors","45","18","27","0","0","0","8","1","7","2","0","2","0","0","0","0","0","0","35","17","18","0","0","0","0","0","0","0","0","0","-2"
"237057","Whitman College","2013","Not on tenure track/No tenure system system total","57","32","25","1","0","1","3","1","2","0","0","0","0","0","0","1","1","0","52","30","22","0","0","0","0","0","0","0","0","0","-2"
"237057","Whitman College","2013","Not on tenure/no tenure system, professors","1","1","0","0","0","0","0","0","0","0","0","0","0","0","0","0","0","0","1","1","0","0","0","0","0","0","0","0","0","0","-2"
"237057","Whitman College","2013","Not on tenure/no tenure system, assistant professors","24","10","14","1","0","1","2","0","2","0","0","0","0","0","0","0","0","0","21","10","11","0","0","0","0","0","0","0","0","0","-2"
"237057","Whitman College","2013","Not on tenure/no tenure system, instructors","10","8","2","0","0","0","1","1","0","0","0","0","0","0","0","1","1","0","8","6","2","0","0","0","0","0","0","0","0","0","-2"
"237057","Whitman College","2013","Not on tenure/no tenure system, lecturers","22","13","9","0","0","0","0","0","0","0","0","0","0","0","0","0","0","0","22","13","9","0","0","0","0","0","0","0","0","0","-2"
"237525","Marshall University","2013","Tenured total","375","238","137","2","0","2","26","18","8","9","8","1","7","4","3","0","0","0","323","206","117","0","0","0","1","1","0","7","1","6","-2"
"237525","Marshall University","2013","Tenured, professors","233","154","79","1","0","1","15","12","3","7","6","1","5","2","3","0","0","0","202","134","68","0","0","0","0","0","0","3","0","3","-2"
"237525","Marshall University","2013","Tenured, associate professors","137","83","54","1","0","1","11","6","5","2","2","0","2","2","0","0","0","0","116","71","45","0","0","0","1","1","0","4","1","3","-2"
"237525","Marshall University","2013","Tenured, assistant professors","5","1","4","0","0","0","0","0","0","0","0","0","0","0","0","0","0","0","5","1","4","0","0","0","0","0","0","0","0","0","-2"
"237525","Marshall University","2013","On-Tenure track total","198","111","87","0","0","0","32","21","11","5","3","2","4","1","3","0","0","0","149","84","65","0","0","0","4","0","4","4","2","2","-2"
"237525","Marshall University","2013","On-tenure track, professors","7","5","2","0","0","0","2","2","0","1","0","1","0","0","0","0","0","0","4","3","1","0","0","0","0","0","0","0","0","0","-2"
"237525","Marshall University","2013","On-tenure track, associate professors","40","22","18","0","0","0","11","9","2","0","0","0","2","1","1","0","0","0","26","12","14","0","0","0","0","0","0","1","0","1","-2"
"237525","Marshall University","2013","On-tenure track, assistant professors","151","84","67","0","0","0","19","10","9","4","3","1","2","0","2","0","0","0","119","69","50","0","0","0","4","0","4","3","2","1","-2"
"237525","Marshall University","2013","Not on tenure track/No tenure system system total","175","85","90","0","0","0","10","4","6","4","2","2","1","1","0","0","0","0","152","75","77","0","0","0","3","2","1","5","1","4","-2"
"237525","Marshall University","2013","Not on tenure/no tenure system, professors","3","1","2","0","0","0","0","0","0","0","0","0","0","0","0","0","0","0","3","1","2","0","0","0","0","0","0","0","0","0","-2"
"237525","Marshall University","2013","Not on tenure/no tenure system, associate professors","17","13","4","0","0","0","1","1","0","1","1","0","0","0","0","0","0","0","15","11","4","0","0","0","0","0","0","0","0","0","-2"
"237525","Marshall University","2013","Not on tenure/no tenure system, assistant professors","75","44","31","0","0","0","7","3","4","2","1","1","1","1","0","0","0","0","62","37","25","0","0","0","3","2","1","0","0","0","-2"
"237525","Marshall University","2013","Not on tenure/no tenure system, instructors","79","26","53","0","0","0","2","0","2","1","0","1","0","0","0","0","0","0","71","25","46","0","0","0","0","0","0","5","1","4","-2"
"237525","Marshall University","2013","Not on tenure/no tenure system, no academic rank","1","1","0","0","0","0","0","0","0","0","0","0","0","0","0","0","0","0","1","1","0","0","0","0","0","0","0","0","0","0","-2"
"239512","Northland College","2013","Tenured total","23","17","6","0","0","0","1","1","0","0","0","0","0","0","0","0","0","0","22","16","6","0","0","0","0","0","0","0","0","0","-2"
"239512","Northland College","2013","Tenured, professors","12","9","3","0","0","0","1","1","0","0","0","0","0","0","0","0","0","0","11","8","3","0","0","0","0","0","0","0","0","0","-2"
"239512","Northland College","2013","Tenured, associate professors","11","8","3","0","0","0","0","0","0","0","0","0","0","0","0","0","0","0","11","8","3","0","0","0","0","0","0","0","0","0","-2"
"239512","Northland College","2013","On-Tenure track total","19","12","7","0","0","0","1","1","0","0","0","0","0","0","0","0","0","0","17","10","7","1","1","0","0","0","0","0","0","0","-2"
"239512","Northland College","2013","On-tenure track, associate professors","1","1","0","0","0","0","0","0","0","0","0","0","0","0","0","0","0","0","1","1","0","0","0","0","0","0","0","0","0","0","-2"
"239512","Northland College","2013","On-tenure track, assistant professors","18","11","7","0","0","0","1","1","0","0","0","0","0","0","0","0","0","0","16","9","7","1","1","0","0","0","0","0","0","0","-2"
"239512","Northland College","2013","Not on tenure track/No tenure system system total","9","2","7","1","0","1","0","0","0","0","0","0","0","0","0","0","0","0","8","2","6","0","0","0","0","0","0","0","0","0","-2"
"239512","Northland College","2013","Not on tenure/no tenure system, assistant professors","3","0","3","0","0","0","0","0","0","0","0","0","0","0","0","0","0","0","3","0","3","0","0","0","0","0","0","0","0","0","-2"
"239512","Northland College","2013","Not on tenure/no tenure system, instructors","6","2","4","1","0","1","0","0","0","0","0","0","0","0","0","0","0","0","5","2","3","0","0","0","0","0","0","0","0","0","-2"
"240444","University of Wisconsin-Madison","2013","Tenured total","1528","1081","447","7","3","4","170","126","44","29","16","13","52","29","23","0","0","0","1230","876","354","7","5","2","30","23","7","3","3","0","-2"
"240444","University of Wisconsin-Madison","2013","Tenured, professors","1153","856","297","4","2","2","114","90","24","20","12","8","35","19","16","0","0","0","960","715","245","5","5","0","14","12","2","1","1","0","-2"
"240444","University of Wisconsin-Madison","2013","Tenured, associate professors","375","225","150","3","1","2","56","36","20","9","4","5","17","10","7","0","0","0","270","161","109","2","0","2","16","11","5","2","2","0","-2"
"240444","University of Wisconsin-Madison","2013","On-Tenure track total","460","266","194","0","0","0","46","30","16","19","10","9","16","8","8","0","0","0","280","156","124","7","3","4","40","27","13","52","32","20","-2"
"240444","University of Wisconsin-Madison","2013","On-tenure track, assistant professors","460","266","194","0","0","0","46","30","16","19","10","9","16","8","8","0","0","0","280","156","124","7","3","4","40","27","13","52","32","20","-2"
"240444","University of Wisconsin-Madison","2013","Not on tenure track/No tenure system system total","1299","753","546","3","1","2","94","49","45","17","9","8","20","12","8","1","0","1","1052","612","440","8","5","3","66","38","28","38","27","11","-2"
"240444","University of Wisconsin-Madison","2013","Not on tenure/no tenure system, professors","312","204","108","0","0","0","14","7","7","3","3","0","7","4","3","0","0","0","279","182","97","1","1","0","5","5","0","3","2","1","-2"
"240444","University of Wisconsin-Madison","2013","Not on tenure/no tenure system, associate professors","323","188","135","1","0","1","21","9","12","3","2","1","5","3","2","0","0","0","277","166","111","2","0","2","8","4","4","6","4","2","-2"
"240444","University of Wisconsin-Madison","2013","Not on tenure/no tenure system, assistant professors","433","251","182","2","1","1","44","24","20","8","4","4","5","4","1","1","0","1","306","176","130","3","2","1","41","22","19","23","18","5","-2"
"240444","University of Wisconsin-Madison","2013","Not on tenure/no tenure system, instructors","151","70","81","0","0","0","10","6","4","3","0","3","2","1","1","0","0","0","119","53","66","2","2","0","12","7","5","3","1","2","-2"
"240444","University of Wisconsin-Madison","2013","Not on tenure/no tenure system, lecturers","80","40","40","0","0","0","5","3","2","0","0","0","1","0","1","0","0","0","71","35","36","0","0","0","0","0","0","3","2","1","-2"
"240453","University of Wisconsin-Milwaukee","2013","Tenured total","565","356","209","7","5","2","85","66","19","34","19","15","24","17","7","0","0","0","408","244","164","4","2","2","0","0","0","3","3","0","-2"
"240453","University of Wisconsin-Milwaukee","2013","Tenured, professors","220","156","64","2","1","1","31","27","4","13","9","4","8","6","2","0","0","0","162","110","52","2","1","1","0","0","0","2","2","0","-2"
"240453","University of Wisconsin-Milwaukee","2013","Tenured, associate professors","345","200","145","5","4","1","54","39","15","21","10","11","16","11","5","0","0","0","246","134","112","2","1","1","0","0","0","1","1","0","-2"
"240453","University of Wisconsin-Milwaukee","2013","On-Tenure track total","224","112","112","3","1","2","43","18","25","17","9","8","11","3","8","0","0","0","124","68","56","2","0","2","0","0","0","24","13","11","-2"
"240453","University of Wisconsin-Milwaukee","2013","On-tenure track, assistant professors","222","111","111","2","1","1","43","18","25","17","9","8","11","3","8","0","0","0","123","67","56","2","0","2","0","0","0","24","13","11","-2"
"240453","University of Wisconsin-Milwaukee","2013","On-tenure track, instructors","2","1","1","1","0","1","0","0","0","0","0","0","0","0","0","0","0","0","1","1","0","0","0","0","0","0","0","0","0","0","-2"
"240453","University of Wisconsin-Milwaukee","2013","Not on tenure track/No tenure system system total","322","118","204","0","0","0","14","7","7","8","1","7","8","2","6","0","0","0","282","103","179","2","2","0","0","0","0","8","3","5","-2"
"240453","University of Wisconsin-Milwaukee","2013","Not on tenure/no tenure system, professors","20","9","11","0","0","0","2","2","0","1","0","1","0","0","0","0","0","0","16","6","10","0","0","0","0","0","0","1","1","0","-2"
"240453","University of Wisconsin-Milwaukee","2013","Not on tenure/no tenure system, associate professors","21","2","19","0","0","0","1","1","0","0","0","0","0","0","0","0","0","0","20","1","19","0","0","0","0","0","0","0","0","0","-2"
"240453","University of Wisconsin-Milwaukee","2013","Not on tenure/no tenure system, assistant professors","44","9","35","0","0","0","0","0","0","2","0","2","2","0","2","0","0","0","37","7","30","0","0","0","0","0","0","3","2","1","-2"
"240453","University of Wisconsin-Milwaukee","2013","Not on tenure/no tenure system, instructors","11","2","9","0","0","0","1","0","1","1","0","1","0","0","0","0","0","0","8","1","7","1","1","0","0","0","0","0","0","0","-2"
"240453","University of Wisconsin-Milwaukee","2013","Not on tenure/no tenure system, lecturers","226","96","130","0","0","0","10","4","6","4","1","3","6","2","4","0","0","0","201","88","113","1","1","0","0","0","0","4","0","4","-2"
"240727","University of Wyoming","2013","Tenured total","424","300","124","2","1","1","18","14","4","5","2","3","9","4","5","1","1","0","350","253","97","1","1","0","31","19","12","7","5","2","-2"
"240727","University of Wyoming","2013","Tenured, professors","213","165","48","0","0","0","6","6","0","1","0","1","5","4","1","1","1","0","192","149","43","1","1","0","6","3","3","1","1","0","-2"
"240727","University of Wyoming","2013","Tenured, associate professors","211","135","76","2","1","1","12","8","4","4","2","2","4","0","4","0","0","0","158","104","54","0","0","0","25","16","9","6","4","2","-2"
"240727","University of Wyoming","2013","On-Tenure track total","177","101","76","1","0","1","25","18","7","2","2","0","3","0","3","0","0","0","88","49","39","0","0","0","46","25","21","12","7","5","-2"
"240727","University of Wyoming","2013","On-tenure track, associate professors","6","5","1","0","0","0","1","1","0","0","0","0","0","0","0","0","0","0","2","1","1","0","0","0","3","3","0","0","0","0","-2"
"240727","University of Wyoming","2013","On-tenure track, assistant professors","167","95","72","1","0","1","24","17","7","2","2","0","3","0","3","0","0","0","83","48","35","0","0","0","42","21","21","12","7","5","-2"
"240727","University of Wyoming","2013","On-tenure track, instructors","4","1","3","0","0","0","0","0","0","0","0","0","0","0","0","0","0","0","3","0","3","0","0","0","1","1","0","0","0","0","-2"
"240727","University of Wyoming","2013","Not on tenure track/No tenure system system total","156","58","98","1","0","1","4","1","3","0","0","0","3","0","3","0","0","0","125","47","78","0","0","0","23","10","13","0","0","0","-2"
"240727","University of Wyoming","2013","Not on tenure/no tenure system, assistant professors","1","1","0","0","0","0","0","0","0","0","0","0","0","0","0","0","0","0","0","0","0","0","0","0","1","1","0","0","0","0","-2"
"240727","University of Wyoming","2013","Not on tenure/no tenure system, lecturers","155","57","98","1","0","1","4","1","3","0","0","0","3","0","3","0","0","0","125","47","78","0","0","0","22","9","13","0","0","0","-2"
"243665","University of the Virgin Islands","2013","Tenured total","47","30","17","0","0","0","2","2","0","15","8","7","1","0","1","0","0","0","28","20","8","0","0","0","1","0","1","0","0","0","-2"
"243665","University of the Virgin Islands","2013","Tenured, professors","24","16","8","0","0","0","1","1","0","10","5","5","0","0","0","0","0","0","13","10","3","0","0","0","0","0","0","0","0","0","-2"
"243665","University of the Virgin Islands","2013","Tenured, associate professors","16","11","5","0","0","0","1","1","0","5","3","2","0","0","0","0","0","0","10","7","3","0","0","0","0","0","0","0","0","0","-2"
"243665","University of the Virgin Islands","2013","Tenured, assistant professors","7","3","4","0","0","0","0","0","0","0","0","0","1","0","1","0","0","0","5","3","2","0","0","0","1","0","1","0","0","0","-2"
"243665","University of the Virgin Islands","2013","On-Tenure track total","26","14","12","0","0","0","3","3","0","13","8","5","2","0","2","0","0","0","7","3","4","0","0","0","1","0","1","0","0","0","-2"
"243665","University of the Virgin Islands","2013","On-tenure track, professors","1","1","0","0","0","0","0","0","0","0","0","0","0","0","0","0","0","0","1","1","0","0","0","0","0","0","0","0","0","0","-2"
"243665","University of the Virgin Islands","2013","On-tenure track, associate professors","14","8","6","0","0","0","2","2","0","7","5","2","0","0","0","0","0","0","4","1","3","0","0","0","1","0","1","0","0","0","-2"
"243665","University of the Virgin Islands","2013","On-tenure track, assistant professors","11","5","6","0","0","0","1","1","0","6","3","3","2","0","2","0","0","0","2","1","1","0","0","0","0","0","0","0","0","0","-2"
"243665","University of the Virgin Islands","2013","Not on tenure track/No tenure system system total","36","12","24","0","0","0","0","0","0","16","5","11","0","0","0","0","0","0","19","7","12","0","0","0","1","0","1","0","0","0","-2"
"243665","University of the Virgin Islands","2013","Not on tenure/no tenure system, associate professors","6","2","4","0","0","0","0","0","0","2","0","2","0","0","0","0","0","0","3","2","1","0","0","0","1","0","1","0","0","0","-2"
"243665","University of the Virgin Islands","2013","Not on tenure/no tenure system, assistant professors","26","8","18","0","0","0","0","0","0","12","4","8","0","0","0","0","0","0","14","4","10","0","0","0","0","0","0","0","0","0","-2"
"243665","University of the Virgin Islands","2013","Not on tenure/no tenure system, instructors","3","1","2","0","0","0","0","0","0","1","0","1","0","0","0","0","0","0","2","1","1","0","0","0","0","0","0","0","0","0","-2"
"243665","University of the Virgin Islands","2013","Not on tenure/no tenure system, no academic rank","1","1","0","0","0","0","0","0","0","1","1","0","0","0","0","0","0","0","0","0","0","0","0","0","0","0","0","0","0","0","-2"
"243744","Stanford University","2013","Tenured total","1060","825","235","1","1","0","115","86","29","27","18","9","25","19","6","0","0","0","784","615","169","8","4","4","27","24","3","73","58","15","-2"
"243744","Stanford University","2013","Tenured, professors","833","669","164","1","1","0","78","64","14","17","11","6","21","17","4","0","0","0","641","513","128","5","3","2","22","20","2","48","40","8","-2"
"243744","Stanford University","2013","Tenured, associate professors","227","156","71","0","0","0","37","22","15","10","7","3","4","2","2","0","0","0","143","102","41","3","1","2","5","4","1","25","18","7","-2"
"243744","Stanford University","2013","On-Tenure track total","316","211","105","1","0","1","53","37","16","9","3","6","14","10","4","0","0","0","154","101","53","6","3","3","12","12","0","67","45","22","-2"
"243744","Stanford University","2013","On-tenure track, professors","2","2","0","0","0","0","0","0","0","0","0","0","0","0","0","0","0","0","2","2","0","0","0","0","0","0","0","0","0","0","-2"
"243744","Stanford University","2013","On-tenure track, associate professors","24","18","6","0","0","0","4","3","1","0","0","0","1","1","0","0","0","0","13","9","4","0","0","0","0","0","0","6","5","1","-2"
"243744","Stanford University","2013","On-tenure track, assistant professors","290","191","99","1","0","1","49","34","15","9","3","6","13","9","4","0","0","0","139","90","49","6","3","3","12","12","0","61","40","21","-2"
"243744","Stanford University","2013","Not on tenure track/No tenure system system total","496","345","151","1","1","0","105","67","38","13","8","5","21","17","4","0","0","0","329","233","96","2","2","0","8","6","2","17","11","6","-2"
"243744","Stanford University","2013","Not on tenure/no tenure system, professors","228","172","56","0","0","0","31","19","12","3","2","1","7","6","1","0","0","0","178","138","40","0","0","0","2","2","0","7","5","2","-2"
"243744","Stanford University","2013","Not on tenure/no tenure system, associate professors","138","98","40","1","1","0","36","26","10","4","2","2","9","7","2","0","0","0","79","54","25","0","0","0","4","4","0","5","4","1","-2"
"243744","Stanford University","2013","Not on tenure/no tenure system, assistant professors","130","75","55","0","0","0","38","22","16","6","4","2","5","4","1","0","0","0","72","41","31","2","2","0","2","0","2","5","2","3","-2"
"243780","Purdue University-Main Campus","2013","Tenured total","1229","945","284","0","0","0","222","184","38","31","23","8","36","29","7","0","0","0","932","704","228","6","3","3","1","1","0","1","1","0","-2"
"243780","Purdue University-Main Campus","2013","Tenured, professors","697","581","116","0","0","0","128","114","14","12","12","0","11","9","2","0","0","0","545","446","99","1","0","1","0","0","0","0","0","0","-2"
"243780","Purdue University-Main Campus","2013","Tenured, associate professors","527","362","165","0","0","0","94","70","24","18","11","7","25","20","5","0","0","0","383","256","127","5","3","2","1","1","0","1","1","0","-2"
"243780","Purdue University-Main Campus","2013","Tenured, assistant professors","5","2","3","0","0","0","0","0","0","1","0","1","0","0","0","0","0","0","4","2","2","0","0","0","0","0","0","0","0","0","-2"
"243780","Purdue University-Main Campus","2013","On-Tenure track total","336","182","154","0","0","0","50","27","23","12","2","10","12","7","5","0","0","0","205","107","98","3","1","2","0","0","0","54","38","16","-2"
"243780","Purdue University-Main Campus","2013","On-tenure track, professors","1","1","0","0","0","0","0","0","0","0","0","0","0","0","0","0","0","0","0","0","0","0","0","0","0","0","0","1","1","0","-2"
"243780","Purdue University-Main Campus","2013","On-tenure track, associate professors","10","8","2","0","0","0","1","1","0","1","0","1","0","0","0","0","0","0","2","2","0","0","0","0","0","0","0","6","5","1","-2"
"243780","Purdue University-Main Campus","2013","On-tenure track, assistant professors","324","173","151","0","0","0","49","26","23","11","2","9","12","7","5","0","0","0","203","105","98","3","1","2","0","0","0","46","32","14","-2"
"243780","Purdue University-Main Campus","2013","On-tenure track, instructors","1","0","1","0","0","0","0","0","0","0","0","0","0","0","0","0","0","0","0","0","0","0","0","0","0","0","0","1","0","1","-2"
"243780","Purdue University-Main Campus","2013","Not on tenure track/No tenure system system total","75","48","27","0","0","0","8","3","5","0","0","0","1","1","0","0","0","0","34","18","16","0","0","0","0","0","0","32","26","6","-2"
"243780","Purdue University-Main Campus","2013","Not on tenure/no tenure system, professors","2","1","1","0","0","0","0","0","0","0","0","0","0","0","0","0","0","0","1","0","1","0","0","0","0","0","0","1","1","0","-2"
"243780","Purdue University-Main Campus","2013","Not on tenure/no tenure system, associate professors","6","4","2","0","0","0","0","0","0","0","0","0","0","0","0","0","0","0","3","1","2","0","0","0","0","0","0","3","3","0","-2"
"243780","Purdue University-Main Campus","2013","Not on tenure/no tenure system, assistant professors","57","38","19","0","0","0","7","3","4","0","0","0","1","1","0","0","0","0","25","14","11","0","0","0","0","0","0","24","20","4","-2"
"243780","Purdue University-Main Campus","2013","Not on tenure/no tenure system, instructors","10","5","5","0","0","0","1","0","1","0","0","0","0","0","0","0","0","0","5","3","2","0","0","0","0","0","0","4","2","2","-2"
"409698","California State University-Monterey Bay","2013","Tenured total","84","46","38","1","1","0","18","8","10","4","3","1","17","8","9","1","0","1","40","23","17","0","0","0","3","3","0","0","0","0","-2"
"409698","California State University-Monterey Bay","2013","Tenured, professors","50","32","18","1","1","0","12","6","6","2","1","1","10","7","3","1","0","1","24","17","7","0","0","0","0","0","0","0","0","0","-2"
"409698","California State University-Monterey Bay","2013","Tenured, associate professors","31","12","19","0","0","0","6","2","4","1","1","0","7","1","6","0","0","0","14","5","9","0","0","0","3","3","0","0","0","0","-2"
"409698","California State University-Monterey Bay","2013","Tenured, assistant professors","1","1","0","0","0","0","0","0","0","1","1","0","0","0","0","0","0","0","0","0","0","0","0","0","0","0","0","0","0","0","-2"
"409698","California State University-Monterey Bay","2013","Tenured, no academic rank","2","1","1","0","0","0","0","0","0","0","0","0","0","0","0","0","0","0","2","1","1","0","0","0","0","0","0","0","0","0","-2"
"409698","California State University-Monterey Bay","2013","On-Tenure track total","30","11","19","0","0","0","4","1","3","1","1","0","6","4","2","0","0","0","15","3","12","0","0","0","3","1","2","1","1","0","-2"
"409698","California State University-Monterey Bay","2013","On-tenure track, associate professors","1","0","1","0","0","0","1","0","1","0","0","0","0","0","0","0","0","0","0","0","0","0","0","0","0","0","0","0","0","0","-2"
"409698","California State University-Monterey Bay","2013","On-tenure track, assistant professors","29","11","18","0","0","0","3","1","2","1","1","0","6","4","2","0","0","0","15","3","12","0","0","0","3","1","2","1","1","0","-2"
"409698","California State University-Monterey Bay","2013","Not on tenure track/No tenure system system total","56","17","39","1","0","1","4","2","2","2","0","2","6","2","4","0","0","0","38","12","26","0","0","0","4","0","4","1","1","0","-2"
"409698","California State University-Monterey Bay","2013","Not on tenure/no tenure system, lecturers","56","17","39","1","0","1","4","2","2","2","0","2","6","2","4","0","0","0","38","12","26","0","0","0","4","0","4","1","1","0","-2"
"445188","University of California-Merced","2013","Tenured total","96","65","31","2","0","2","18","13","5","0","0","0","10","8","2","0","0","0","65","43","22","0","0","0","0","0","0","1","1","0","-2"
"445188","University of California-Merced","2013","Tenured, professors","37","28","9","0","0","0","3","3","0","0","0","0","4","4","0","0","0","0","29","20","9","0","0","0","0","0","0","1","1","0","-2"
"445188","University of California-Merced","2013","Tenured, associate professors","57","37","20","2","0","2","14","10","4","0","0","0","5","4","1","0","0","0","36","23","13","0","0","0","0","0","0","0","0","0","-2"
"445188","University of California-Merced","2013","Tenured, lecturers","2","0","2","0","0","0","1","0","1","0","0","0","1","0","1","0","0","0","0","0","0","0","0","0","0","0","0","0","0","0","-2"
"445188","University of California-Merced","2013","On-Tenure track total","71","40","31","0","0","0","13","9","4","3","2","1","9","4","5","0","0","0","37","18","19","1","1","0","0","0","0","8","6","2","-2"
"445188","University of California-Merced","2013","On-tenure track, assistant professors","64","35","29","0","0","0","12","8","4","3","2","1","8","3","5","0","0","0","32","15","17","1","1","0","0","0","0","8","6","2","-2"
"445188","University of California-Merced","2013","On-tenure track, lecturers","7","5","2","0","0","0","1","1","0","0","0","0","1","1","0","0","0","0","5","3","2","0","0","0","0","0","0","0","0","0","-2"
"445188","University of California-Merced","2013","Not on tenure track/No tenure system system total","102","48","54","1","1","0","12","2","10","2","1","1","12","8","4","0","0","0","68","32","36","1","0","1","3","2","1","3","2","1","-2"
"445188","University of California-Merced","2013","Not on tenure/no tenure system, assistant professors","8","6","2","0","0","0","1","0","1","0","0","0","2","2","0","0","0","0","2","1","1","0","0","0","1","1","0","2","2","0","-2"
"445188","University of California-Merced","2013","Not on tenure/no tenure system, lecturers","94","42","52","1","1","0","11","2","9","2","1","1","10","6","4","0","0","0","66","31","35","1","0","1","2","1","1","1","0","1","-2"
