"unitid","institution name","year","S2016_IS.Instructional staff category","S2016_IS_RV.Grand total","S2016_IS_RV.Grand total men","S2016_IS_RV.Grand total women","S2016_IS_RV.American Indian or Alaska Native total","S2016_IS_RV.American Indian or Alaska Native men","S2016_IS_RV.American Indian or Alaska Native women","S2016_IS_RV.Asian total","S2016_IS_RV.Asian men","S2016_IS_RV.Asian women","S2016_IS_RV.Black or African American total","S2016_IS_RV.Black or African American men","S2016_IS_RV.Black or African American women","S2016_IS_RV.Hispanic or Latino total","S2016_IS_RV.Hispanic or Latino men","S2016_IS_RV.Hispanic or Latino women","S2016_IS_RV.Native Hawaiian or Other Pacific Islander total","S2016_IS_RV.Native Hawaiian or Other Pacific Islander men","S2016_IS_RV.Native Hawaiian or Other Pacific Islander women","S2016_IS_RV.White total","S2016_IS_RV.White men","S2016_IS_RV.White women","S2016_IS_RV.Two or more races total","S2016_IS_RV.Two or more races men","S2016_IS_RV.Two or more races women","S2016_IS_RV.Race/ethnicity unknown total","S2016_IS_RV.Race/ethnicity unknown men","S2016_IS_RV.Race/ethnicity unknown women","S2016_IS_RV.Nonresident alien total","S2016_IS_RV.Nonresident alien men","S2016_IS_RV.Nonresident alien women","IDX_HR"
"100654","Alabama A & M University","2016","Tenured total","83","62","21","0","0","0","9","8","1","68","52","16","0","0","0","0","0","0","3","0","3","0","0","0","1","0","1","2","2","0","-2"
"100654","Alabama A & M University","2016","Tenured, professors","40","32","8","0","0","0","5","5","0","32","26","6","0","0","0","0","0","0","1","0","1","0","0","0","1","0","1","1","1","0","-2"
"100654","Alabama A & M University","2016","Tenured, associate professors","32","25","7","0","0","0","4","3","1","27","21","6","0","0","0","0","0","0","0","0","0","0","0","0","0","0","0","1","1","0","-2"
"100654","Alabama A & M University","2016","Tenured, assistant professors","11","5","6","0","0","0","0","0","0","9","5","4","0","0","0","0","0","0","2","0","2","0","0","0","0","0","0","0","0","0","-2"
"100654","Alabama A & M University","2016","On-Tenure track total","75","34","41","0","0","0","5","1","4","38","11","27","0","0","0","0","0","0","12","8","4","0","0","0","0","0","0","20","14","6","-2"
"100654","Alabama A & M University","2016","On-tenure track, professors","3","3","0","0","0","0","1","1","0","1","1","0","0","0","0","0","0","0","0","0","0","0","0","0","0","0","0","1","1","0","-2"
"100654","Alabama A & M University","2016","On-tenure track, associate professors","19","7","12","0","0","0","3","0","3","7","1","6","0","0","0","0","0","0","4","3","1","0","0","0","0","0","0","5","3","2","-2"
"100654","Alabama A & M University","2016","On-tenure track, assistant professors","52","24","28","0","0","0","1","0","1","29","9","20","0","0","0","0","0","0","8","5","3","0","0","0","0","0","0","14","10","4","-2"
"100654","Alabama A & M University","2016","On-tenure track, instructors","1","0","1","0","0","0","0","0","0","1","0","1","0","0","0","0","0","0","0","0","0","0","0","0","0","0","0","0","0","0","-2"
"100654","Alabama A & M University","2016","Not on tenure track/No tenure system system total","98","42","56","1","0","1","3","3","0","67","29","38","0","0","0","0","0","0","19","6","13","0","0","0","1","0","1","7","4","3","-2"
"100654","Alabama A & M University","2016","Not on tenure/no tenure system, associate professors","10","7","3","0","0","0","0","0","0","8","6","2","0","0","0","0","0","0","2","1","1","0","0","0","0","0","0","0","0","0","-2"
"100654","Alabama A & M University","2016","Not on tenure/no tenure system, assistant professors","40","24","16","0","0","0","1","1","0","26","16","10","0","0","0","0","0","0","9","5","4","0","0","0","0","0","0","4","2","2","-2"
"100654","Alabama A & M University","2016","Not on tenure/no tenure system, instructors","42","11","31","1","0","1","2","2","0","28","7","21","0","0","0","0","0","0","8","0","8","0","0","0","0","0","0","3","2","1","-2"
"100654","Alabama A & M University","2016","Not on tenure/no tenure system, no academic rank","6","0","6","0","0","0","0","0","0","5","0","5","0","0","0","0","0","0","0","0","0","0","0","0","1","0","1","0","0","0","-2"
"100706","University of Alabama in Huntsville","2016","Tenured total","153","117","36","0","0","0","34","31","3","6","3","3","5","4","1","0","0","0","107","79","28","1","0","1","0","0","0","0","0","0","-2"
"100706","University of Alabama in Huntsville","2016","Tenured, professors","66","55","11","0","0","0","13","13","0","1","1","0","2","2","0","0","0","0","50","39","11","0","0","0","0","0","0","0","0","0","-2"
"100706","University of Alabama in Huntsville","2016","Tenured, associate professors","86","62","24","0","0","0","21","18","3","5","2","3","2","2","0","0","0","0","57","40","17","1","0","1","0","0","0","0","0","0","-2"
"100706","University of Alabama in Huntsville","2016","Tenured, assistant professors","1","0","1","0","0","0","0","0","0","0","0","0","1","0","1","0","0","0","0","0","0","0","0","0","0","0","0","0","0","0","-2"
"100706","University of Alabama in Huntsville","2016","On-Tenure track total","70","42","28","0","0","0","15","12","3","1","0","1","0","0","0","0","0","0","43","26","17","0","0","0","0","0","0","11","4","7","-2"
"100706","University of Alabama in Huntsville","2016","On-tenure track, associate professors","6","3","3","0","0","0","2","2","0","0","0","0","0","0","0","0","0","0","4","1","3","0","0","0","0","0","0","0","0","0","-2"
"100706","University of Alabama in Huntsville","2016","On-tenure track, assistant professors","64","39","25","0","0","0","13","10","3","1","0","1","0","0","0","0","0","0","39","25","14","0","0","0","0","0","0","11","4","7","-2"
"100706","University of Alabama in Huntsville","2016","Not on tenure track/No tenure system system total","104","28","76","0","0","0","5","1","4","5","2","3","3","0","3","1","1","0","90","24","66","0","0","0","0","0","0","0","0","0","-2"
"100706","University of Alabama in Huntsville","2016","Not on tenure/no tenure system, associate professors","8","2","6","0","0","0","0","0","0","0","0","0","1","0","1","0","0","0","7","2","5","0","0","0","0","0","0","0","0","0","-2"
"100706","University of Alabama in Huntsville","2016","Not on tenure/no tenure system, assistant professors","25","4","21","0","0","0","0","0","0","1","0","1","0","0","0","0","0","0","24","4","20","0","0","0","0","0","0","0","0","0","-2"
"100706","University of Alabama in Huntsville","2016","Not on tenure/no tenure system, instructors","11","0","11","0","0","0","0","0","0","1","0","1","0","0","0","0","0","0","10","0","10","0","0","0","0","0","0","0","0","0","-2"
"100706","University of Alabama in Huntsville","2016","Not on tenure/no tenure system, lecturers","60","22","38","0","0","0","5","1","4","3","2","1","2","0","2","1","1","0","49","18","31","0","0","0","0","0","0","0","0","0","-2"
"100751","The University of Alabama","2016","Tenured total","577","378","199","0","0","0","55","41","14","33","12","21","17","9","8","0","0","0","468","315","153","1","0","1","1","1","0","2","0","2","-2"
"100751","The University of Alabama","2016","Tenured, professors","277","212","65","0","0","0","27","24","3","11","6","5","5","4","1","0","0","0","233","177","56","0","0","0","1","1","0","0","0","0","-2"
"100751","The University of Alabama","2016","Tenured, associate professors","295","165","130","0","0","0","28","17","11","22","6","16","11","4","7","0","0","0","231","138","93","1","0","1","0","0","0","2","0","2","-2"
"100751","The University of Alabama","2016","Tenured, assistant professors","5","1","4","0","0","0","0","0","0","0","0","0","1","1","0","0","0","0","4","0","4","0","0","0","0","0","0","0","0","0","-2"
"100751","The University of Alabama","2016","On-Tenure track total","335","181","154","1","0","1","28","17","11","22","10","12","3","1","2","0","0","0","193","103","90","0","0","0","45","23","22","43","27","16","-2"
"100751","The University of Alabama","2016","On-tenure track, professors","12","5","7","0","0","0","0","0","0","0","0","0","0","0","0","0","0","0","7","3","4","0","0","0","5","2","3","0","0","0","-2"
"100751","The University of Alabama","2016","On-tenure track, associate professors","16","11","5","0","0","0","2","2","0","1","0","1","0","0","0","0","0","0","8","5","3","0","0","0","5","4","1","0","0","0","-2"
"100751","The University of Alabama","2016","On-tenure track, assistant professors","307","165","142","1","0","1","26","15","11","21","10","11","3","1","2","0","0","0","178","95","83","0","0","0","35","17","18","43","27","16","-2"
"100751","The University of Alabama","2016","Not on tenure track/No tenure system system total","466","206","260","0","0","0","11","3","8","25","7","18","14","7","7","0","0","0","384","166","218","1","0","1","17","13","4","14","10","4","-2"
"100751","The University of Alabama","2016","Not on tenure/no tenure system, professors","14","9","5","0","0","0","1","1","0","0","0","0","1","1","0","0","0","0","11","6","5","0","0","0","0","0","0","1","1","0","-2"
"100751","The University of Alabama","2016","Not on tenure/no tenure system, associate professors","26","9","17","0","0","0","1","0","1","2","0","2","0","0","0","0","0","0","23","9","14","0","0","0","0","0","0","0","0","0","-2"
"100751","The University of Alabama","2016","Not on tenure/no tenure system, assistant professors","114","46","68","0","0","0","4","2","2","8","2","6","1","0","1","0","0","0","91","34","57","0","0","0","8","6","2","2","2","0","-2"
"100751","The University of Alabama","2016","Not on tenure/no tenure system, instructors","293","128","165","0","0","0","5","0","5","14","4","10","12","6","6","0","0","0","242","105","137","1","0","1","9","7","2","10","6","4","-2"
"100751","The University of Alabama","2016","Not on tenure/no tenure system, lecturers","19","14","5","0","0","0","0","0","0","1","1","0","0","0","0","0","0","0","17","12","5","0","0","0","0","0","0","1","1","0","-2"
"101675","Miles College","2016","Tenured total","7","5","2","0","0","0","3","2","1","4","3","1","0","0","0","0","0","0","0","0","0","0","0","0","0","0","0","0","0","0","-2"
"101675","Miles College","2016","Tenured, professors","7","5","2","0","0","0","3","2","1","4","3","1","0","0","0","0","0","0","0","0","0","0","0","0","0","0","0","0","0","0","-2"
"101675","Miles College","2016","On-Tenure track total","74","24","50","0","0","0","3","0","3","54","16","38","0","0","0","0","0","0","15","7","8","0","0","0","2","1","1","0","0","0","-2"
"101675","Miles College","2016","On-tenure track, associate professors","8","5","3","0","0","0","0","0","0","6","3","3","0","0","0","0","0","0","2","2","0","0","0","0","0","0","0","0","0","0","-2"
"101675","Miles College","2016","On-tenure track, assistant professors","25","4","21","0","0","0","2","0","2","18","2","16","0","0","0","0","0","0","4","1","3","0","0","0","1","1","0","0","0","0","-2"
"101675","Miles College","2016","On-tenure track, instructors","41","15","26","0","0","0","1","0","1","30","11","19","0","0","0","0","0","0","9","4","5","0","0","0","1","0","1","0","0","0","-2"
"102094","University of South Alabama","2016","Tenured total","256","175","81","0","0","0","19","14","5","8","5","3","2","2","0","0","0","0","226","154","72","1","0","1","0","0","0","0","0","0","-2"
"102094","University of South Alabama","2016","Tenured, professors","135","102","33","0","0","0","7","6","1","4","4","0","0","0","0","0","0","0","124","92","32","0","0","0","0","0","0","0","0","0","-2"
"102094","University of South Alabama","2016","Tenured, associate professors","116","70","46","0","0","0","12","8","4","3","0","3","2","2","0","0","0","0","98","60","38","1","0","1","0","0","0","0","0","0","-2"
"102094","University of South Alabama","2016","Tenured, assistant professors","5","3","2","0","0","0","0","0","0","1","1","0","0","0","0","0","0","0","4","2","2","0","0","0","0","0","0","0","0","0","-2"
"102094","University of South Alabama","2016","On-Tenure track total","132","92","40","1","0","1","19","14","5","4","2","2","3","3","0","0","0","0","101","70","31","4","3","1","0","0","0","0","0","0","-2"
"102094","University of South Alabama","2016","On-tenure track, professors","1","1","0","0","0","0","0","0","0","0","0","0","0","0","0","0","0","0","1","1","0","0","0","0","0","0","0","0","0","0","-2"
"102094","University of South Alabama","2016","On-tenure track, associate professors","9","8","1","0","0","0","0","0","0","0","0","0","0","0","0","0","0","0","8","7","1","1","1","0","0","0","0","0","0","0","-2"
"102094","University of South Alabama","2016","On-tenure track, assistant professors","120","82","38","1","0","1","18","13","5","4","2","2","3","3","0","0","0","0","91","62","29","3","2","1","0","0","0","0","0","0","-2"
"102094","University of South Alabama","2016","On-tenure track, instructors","2","1","1","0","0","0","1","1","0","0","0","0","0","0","0","0","0","0","1","0","1","0","0","0","0","0","0","0","0","0","-2"
"102094","University of South Alabama","2016","Not on tenure track/No tenure system system total","391","168","223","0","0","0","28","19","9","26","4","22","5","4","1","0","0","0","327","140","187","2","0","2","3","1","2","0","0","0","-2"
"102094","University of South Alabama","2016","Not on tenure/no tenure system, professors","32","23","9","0","0","0","4","4","0","2","0","2","2","2","0","0","0","0","24","17","7","0","0","0","0","0","0","0","0","0","-2"
"102094","University of South Alabama","2016","Not on tenure/no tenure system, associate professors","52","30","22","0","0","0","4","4","0","1","0","1","2","1","1","0","0","0","43","25","18","1","0","1","1","0","1","0","0","0","-2"
"102094","University of South Alabama","2016","Not on tenure/no tenure system, assistant professors","166","67","99","0","0","0","15","9","6","16","4","12","1","1","0","0","0","0","132","52","80","1","0","1","1","1","0","0","0","0","-2"
"102094","University of South Alabama","2016","Not on tenure/no tenure system, instructors","140","48","92","0","0","0","5","2","3","7","0","7","0","0","0","0","0","0","127","46","81","0","0","0","1","0","1","0","0","0","-2"
"102094","University of South Alabama","2016","Not on tenure/no tenure system, lecturers","1","0","1","0","0","0","0","0","0","0","0","0","0","0","0","0","0","0","1","0","1","0","0","0","0","0","0","0","0","0","-2"
"102377","Tuskegee University","2016","Tenured total","86","47","39","0","0","0","13","10","3","49","32","17","1","0","1","0","0","0","5","2","3","0","0","0","18","3","15","0","0","0","-2"
"102377","Tuskegee University","2016","Tenured, professors","44","20","24","0","0","0","7","4","3","22","14","8","0","0","0","0","0","0","3","2","1","0","0","0","12","0","12","0","0","0","-2"
"102377","Tuskegee University","2016","Tenured, associate professors","35","22","13","0","0","0","4","4","0","23","16","7","1","0","1","0","0","0","2","0","2","0","0","0","5","2","3","0","0","0","-2"
"102377","Tuskegee University","2016","Tenured, assistant professors","7","5","2","0","0","0","2","2","0","4","2","2","0","0","0","0","0","0","0","0","0","0","0","0","1","1","0","0","0","0","-2"
"102377","Tuskegee University","2016","On-Tenure track total","61","42","19","0","0","0","9","7","2","44","30","14","1","0","1","0","0","0","0","0","0","0","0","0","7","5","2","0","0","0","-2"
"102377","Tuskegee University","2016","On-tenure track, professors","1","1","0","0","0","0","1","1","0","0","0","0","0","0","0","0","0","0","0","0","0","0","0","0","0","0","0","0","0","0","-2"
"102377","Tuskegee University","2016","On-tenure track, associate professors","6","4","2","0","0","0","0","0","0","6","4","2","0","0","0","0","0","0","0","0","0","0","0","0","0","0","0","0","0","0","-2"
"102377","Tuskegee University","2016","On-tenure track, assistant professors","50","34","16","0","0","0","8","6","2","34","23","11","1","0","1","0","0","0","0","0","0","0","0","0","7","5","2","0","0","0","-2"
"102377","Tuskegee University","2016","On-tenure track, instructors","4","3","1","0","0","0","0","0","0","4","3","1","0","0","0","0","0","0","0","0","0","0","0","0","0","0","0","0","0","0","-2"
"102377","Tuskegee University","2016","Not on tenure track/No tenure system system total","108","68","40","0","0","0","11","7","4","77","46","31","0","0","0","0","0","0","3","3","0","0","0","0","17","12","5","0","0","0","-2"
"102377","Tuskegee University","2016","Not on tenure/no tenure system, professors","4","4","0","0","0","0","1","1","0","2","2","0","0","0","0","0","0","0","1","1","0","0","0","0","0","0","0","0","0","0","-2"
"102377","Tuskegee University","2016","Not on tenure/no tenure system, associate professors","13","8","5","0","0","0","7","5","2","5","3","2","0","0","0","0","0","0","0","0","0","0","0","0","1","0","1","0","0","0","-2"
"102377","Tuskegee University","2016","Not on tenure/no tenure system, assistant professors","40","27","13","0","0","0","1","1","0","31","18","13","0","0","0","0","0","0","0","0","0","0","0","0","8","8","0","0","0","0","-2"
"102377","Tuskegee University","2016","Not on tenure/no tenure system, instructors","2","2","0","0","0","0","0","0","0","2","2","0","0","0","0","0","0","0","0","0","0","0","0","0","0","0","0","0","0","0","-2"
"102377","Tuskegee University","2016","Not on tenure/no tenure system, lecturers","11","4","7","0","0","0","0","0","0","11","4","7","0","0","0","0","0","0","0","0","0","0","0","0","0","0","0","0","0","0","-2"
"102377","Tuskegee University","2016","Not on tenure/no tenure system, no academic rank","38","23","15","0","0","0","2","0","2","26","17","9","0","0","0","0","0","0","2","2","0","0","0","0","8","4","4","0","0","0","-2"
"102614","University of Alaska Fairbanks","2016","Tenured total","183","118","65","2","1","1","20","16","4","1","0","1","2","2","0","0","0","0","149","94","55","2","1","1","7","4","3","0","0","0","-2"
"102614","University of Alaska Fairbanks","2016","Tenured, professors","89","62","27","0","0","0","12","11","1","1","0","1","0","0","0","0","0","0","69","48","21","1","0","1","6","3","3","0","0","0","-2"
"102614","University of Alaska Fairbanks","2016","Tenured, associate professors","94","56","38","2","1","1","8","5","3","0","0","0","2","2","0","0","0","0","80","46","34","1","1","0","1","1","0","0","0","0","-2"
"102614","University of Alaska Fairbanks","2016","On-Tenure track total","86","46","40","6","3","3","4","3","1","2","1","1","1","0","1","0","0","0","64","32","32","2","1","1","2","2","0","5","4","1","-2"
"102614","University of Alaska Fairbanks","2016","On-tenure track, professors","1","1","0","0","0","0","0","0","0","0","0","0","0","0","0","0","0","0","1","1","0","0","0","0","0","0","0","0","0","0","-2"
"102614","University of Alaska Fairbanks","2016","On-tenure track, associate professors","6","4","2","0","0","0","0","0","0","0","0","0","0","0","0","0","0","0","5","4","1","0","0","0","0","0","0","1","0","1","-2"
"102614","University of Alaska Fairbanks","2016","On-tenure track, assistant professors","79","41","38","6","3","3","4","3","1","2","1","1","1","0","1","0","0","0","58","27","31","2","1","1","2","2","0","4","4","0","-2"
"102614","University of Alaska Fairbanks","2016","Not on tenure track/No tenure system system total","83","36","47","6","2","4","2","1","1","3","2","1","5","1","4","1","0","1","58","25","33","5","2","3","2","2","0","1","1","0","-2"
"102614","University of Alaska Fairbanks","2016","Not on tenure/no tenure system, associate professors","5","1","4","1","0","1","0","0","0","0","0","0","0","0","0","1","0","1","3","1","2","0","0","0","0","0","0","0","0","0","-2"
"102614","University of Alaska Fairbanks","2016","Not on tenure/no tenure system, assistant professors","41","18","23","2","0","2","1","1","0","2","2","0","3","1","2","0","0","0","28","10","18","3","2","1","2","2","0","0","0","0","-2"
"102614","University of Alaska Fairbanks","2016","Not on tenure/no tenure system, instructors","34","16","18","3","2","1","1","0","1","1","0","1","2","0","2","0","0","0","24","13","11","2","0","2","0","0","0","1","1","0","-2"
"102614","University of Alaska Fairbanks","2016","Not on tenure/no tenure system, no academic rank","3","1","2","0","0","0","0","0","0","0","0","0","0","0","0","0","0","0","3","1","2","0","0","0","0","0","0","0","0","0","-2"
"104151","Arizona State University-Tempe","2016","Tenured total","952","647","305","9","5","4","131","97","34","25","14","11","84","54","30","0","0","0","676","460","216","9","4","5","6","4","2","12","9","3","-2"
"104151","Arizona State University-Tempe","2016","Tenured, professors","547","404","143","5","4","1","65","52","13","11","7","4","43","31","12","0","0","0","407","299","108","7","4","3","3","2","1","6","5","1","-2"
"104151","Arizona State University-Tempe","2016","Tenured, associate professors","404","243","161","4","1","3","66","45","21","14","7","7","41","23","18","0","0","0","268","161","107","2","0","2","3","2","1","6","4","2","-2"
"104151","Arizona State University-Tempe","2016","Tenured, assistant professors","1","0","1","0","0","0","0","0","0","0","0","0","0","0","0","0","0","0","1","0","1","0","0","0","0","0","0","0","0","0","-2"
"104151","Arizona State University-Tempe","2016","On-Tenure track total","354","203","151","13","4","9","62","34","28","9","4","5","19","10","9","0","0","0","187","111","76","6","1","5","11","6","5","47","33","14","-2"
"104151","Arizona State University-Tempe","2016","On-tenure track, professors","1","1","0","0","0","0","0","0","0","0","0","0","0","0","0","0","0","0","1","1","0","0","0","0","0","0","0","0","0","0","-2"
"104151","Arizona State University-Tempe","2016","On-tenure track, associate professors","9","7","2","0","0","0","0","0","0","0","0","0","0","0","0","0","0","0","6","4","2","0","0","0","0","0","0","3","3","0","-2"
"104151","Arizona State University-Tempe","2016","On-tenure track, assistant professors","344","195","149","13","4","9","62","34","28","9","4","5","19","10","9","0","0","0","180","106","74","6","1","5","11","6","5","44","30","14","-2"
"104151","Arizona State University-Tempe","2016","Not on tenure track/No tenure system system total","635","305","330","5","3","2","59","24","35","12","4","8","40","17","23","2","1","1","480","233","247","5","2","3","7","5","2","25","16","9","-2"
"104151","Arizona State University-Tempe","2016","Not on tenure/no tenure system, professors","46","36","10","1","1","0","2","0","2","4","3","1","2","2","0","0","0","0","34","27","7","2","2","0","0","0","0","1","1","0","-2"
"104151","Arizona State University-Tempe","2016","Not on tenure/no tenure system, associate professors","49","30","19","1","1","0","6","5","1","1","1","0","6","3","3","0","0","0","35","20","15","0","0","0","0","0","0","0","0","0","-2"
"104151","Arizona State University-Tempe","2016","Not on tenure/no tenure system, assistant professors","101","45","56","0","0","0","9","6","3","2","0","2","5","1","4","0","0","0","79","35","44","0","0","0","0","0","0","6","3","3","-2"
"104151","Arizona State University-Tempe","2016","Not on tenure/no tenure system, instructors","170","71","99","2","1","1","9","1","8","2","0","2","14","4","10","0","0","0","134","60","74","1","0","1","3","2","1","5","3","2","-2"
"104151","Arizona State University-Tempe","2016","Not on tenure/no tenure system, lecturers","266","122","144","0","0","0","33","12","21","3","0","3","13","7","6","2","1","1","197","91","106","2","0","2","4","3","1","12","8","4","-2"
"104151","Arizona State University-Tempe","2016","Not on tenure/no tenure system, no academic rank","3","1","2","1","0","1","0","0","0","0","0","0","0","0","0","0","0","0","1","0","1","0","0","0","0","0","0","1","1","0","-2"
"104179","University of Arizona","2016","Tenured total","1088","731","357","8","3","5","104","73","31","16","12","4","76","43","33","0","0","0","810","552","258","4","2","2","65","42","23","5","4","1","-2"
"104179","University of Arizona","2016","Tenured, professors","711","501","210","4","2","2","59","41","18","10","7","3","39","26","13","0","0","0","567","401","166","3","2","1","28","21","7","1","1","0","-2"
"104179","University of Arizona","2016","Tenured, associate professors","377","230","147","4","1","3","45","32","13","6","5","1","37","17","20","0","0","0","243","151","92","1","0","1","37","21","16","4","3","1","-2"
"104179","University of Arizona","2016","On-Tenure track total","386","232","154","3","1","2","46","32","14","11","6","5","31","13","18","0","0","0","190","113","77","6","3","3","56","30","26","43","34","9","-2"
"104179","University of Arizona","2016","On-tenure track, professors","4","3","1","0","0","0","1","1","0","0","0","0","0","0","0","0","0","0","2","1","1","0","0","0","0","0","0","1","1","0","-2"
"104179","University of Arizona","2016","On-tenure track, associate professors","30","25","5","0","0","0","5","5","0","0","0","0","2","2","0","0","0","0","15","12","3","0","0","0","6","4","2","2","2","0","-2"
"104179","University of Arizona","2016","On-tenure track, assistant professors","352","204","148","3","1","2","40","26","14","11","6","5","29","11","18","0","0","0","173","100","73","6","3","3","50","26","24","40","31","9","-2"
"104179","University of Arizona","2016","Not on tenure track/No tenure system system total","414","179","235","3","3","0","21","9","12","10","7","3","41","19","22","0","0","0","260","93","167","27","23","4","35","18","17","17","7","10","-2"
"104179","University of Arizona","2016","Not on tenure/no tenure system, professors","28","15","13","0","0","0","3","1","2","0","0","0","1","1","0","0","0","0","21","12","9","1","0","1","1","0","1","1","1","0","-2"
"104179","University of Arizona","2016","Not on tenure/no tenure system, associate professors","44","18","26","1","1","0","3","1","2","2","1","1","1","1","0","0","0","0","29","10","19","1","1","0","4","3","1","3","0","3","-2"
"104179","University of Arizona","2016","Not on tenure/no tenure system, assistant professors","115","40","75","0","0","0","7","5","2","1","0","1","9","1","8","0","0","0","58","3","55","23","21","2","14","9","5","3","1","2","-2"
"104179","University of Arizona","2016","Not on tenure/no tenure system, instructors","144","71","73","2","2","0","4","2","2","7","6","1","11","4","7","0","0","0","106","50","56","2","1","1","7","3","4","5","3","2","-2"
"104179","University of Arizona","2016","Not on tenure/no tenure system, lecturers","81","34","47","0","0","0","4","0","4","0","0","0","19","12","7","0","0","0","44","17","27","0","0","0","9","3","6","5","2","3","-2"
"104179","University of Arizona","2016","Not on tenure/no tenure system, no academic rank","2","1","1","0","0","0","0","0","0","0","0","0","0","0","0","0","0","0","2","1","1","0","0","0","0","0","0","0","0","0","-2"
"104586","Embry-Riddle Aeronautical University-Prescott","2016","Tenured total","29","24","5","0","0","0","4","2","2","0","0","0","1","1","0","0","0","0","24","21","3","0","0","0","0","0","0","0","0","0","-2"
"104586","Embry-Riddle Aeronautical University-Prescott","2016","Tenured, professors","13","11","2","0","0","0","1","0","1","0","0","0","0","0","0","0","0","0","12","11","1","0","0","0","0","0","0","0","0","0","-2"
"104586","Embry-Riddle Aeronautical University-Prescott","2016","Tenured, associate professors","13","10","3","0","0","0","3","2","1","0","0","0","1","1","0","0","0","0","9","7","2","0","0","0","0","0","0","0","0","0","-2"
"104586","Embry-Riddle Aeronautical University-Prescott","2016","Tenured, assistant professors","3","3","0","0","0","0","0","0","0","0","0","0","0","0","0","0","0","0","3","3","0","0","0","0","0","0","0","0","0","0","-2"
"104586","Embry-Riddle Aeronautical University-Prescott","2016","On-Tenure track total","52","39","13","0","0","0","6","3","3","0","0","0","1","1","0","0","0","0","44","34","10","0","0","0","1","1","0","0","0","0","-2"
"104586","Embry-Riddle Aeronautical University-Prescott","2016","On-tenure track, professors","1","1","0","0","0","0","0","0","0","0","0","0","0","0","0","0","0","0","1","1","0","0","0","0","0","0","0","0","0","0","-2"
"104586","Embry-Riddle Aeronautical University-Prescott","2016","On-tenure track, associate professors","14","12","2","0","0","0","0","0","0","0","0","0","1","1","0","0","0","0","13","11","2","0","0","0","0","0","0","0","0","0","-2"
"104586","Embry-Riddle Aeronautical University-Prescott","2016","On-tenure track, assistant professors","37","26","11","0","0","0","6","3","3","0","0","0","0","0","0","0","0","0","30","22","8","0","0","0","1","1","0","0","0","0","-2"
"104586","Embry-Riddle Aeronautical University-Prescott","2016","Not on tenure track/No tenure system system total","28","19","9","0","0","0","0","0","0","1","1","0","1","1","0","0","0","0","25","16","9","0","0","0","1","1","0","0","0","0","-2"
"104586","Embry-Riddle Aeronautical University-Prescott","2016","Not on tenure/no tenure system, associate professors","7","5","2","0","0","0","0","0","0","0","0","0","0","0","0","0","0","0","7","5","2","0","0","0","0","0","0","0","0","0","-2"
"104586","Embry-Riddle Aeronautical University-Prescott","2016","Not on tenure/no tenure system, assistant professors","18","12","6","0","0","0","0","0","0","1","1","0","1","1","0","0","0","0","15","9","6","0","0","0","1","1","0","0","0","0","-2"
"104586","Embry-Riddle Aeronautical University-Prescott","2016","Not on tenure/no tenure system, instructors","3","2","1","0","0","0","0","0","0","0","0","0","0","0","0","0","0","0","3","2","1","0","0","0","0","0","0","0","0","0","-2"
"105330","Northern Arizona University","2016","Tenured total","428","259","169","15","8","7","18","10","8","7","6","1","23","10","13","1","1","0","343","211","132","3","2","1","12","7","5","6","4","2","-2"
"105330","Northern Arizona University","2016","Tenured, professors","276","179","97","9","5","4","8","4","4","4","4","0","15","7","8","0","0","0","225","150","75","2","1","1","8","5","3","5","3","2","-2"
"105330","Northern Arizona University","2016","Tenured, associate professors","151","80","71","6","3","3","10","6","4","3","2","1","8","3","5","1","1","0","117","61","56","1","1","0","4","2","2","1","1","0","-2"
"105330","Northern Arizona University","2016","Tenured, assistant professors","1","0","1","0","0","0","0","0","0","0","0","0","0","0","0","0","0","0","1","0","1","0","0","0","0","0","0","0","0","0","-2"
"105330","Northern Arizona University","2016","On-Tenure track total","106","60","46","2","1","1","6","1","5","1","1","0","7","4","3","0","0","0","74","42","32","1","0","1","7","5","2","8","6","2","-2"
"105330","Northern Arizona University","2016","On-tenure track, professors","1","1","0","0","0","0","0","0","0","0","0","0","0","0","0","0","0","0","1","1","0","0","0","0","0","0","0","0","0","0","-2"
"105330","Northern Arizona University","2016","On-tenure track, associate professors","7","5","2","0","0","0","0","0","0","0","0","0","0","0","0","0","0","0","7","5","2","0","0","0","0","0","0","0","0","0","-2"
"105330","Northern Arizona University","2016","On-tenure track, assistant professors","98","54","44","2","1","1","6","1","5","1","1","0","7","4","3","0","0","0","66","36","30","1","0","1","7","5","2","8","6","2","-2"
"105330","Northern Arizona University","2016","Not on tenure track/No tenure system system total","547","222","325","9","3","6","15","3","12","10","4","6","43","17","26","1","0","1","421","171","250","7","3","4","21","12","9","20","9","11","-2"
"105330","Northern Arizona University","2016","Not on tenure/no tenure system, professors","12","5","7","0","0","0","0","0","0","0","0","0","2","0","2","0","0","0","10","5","5","0","0","0","0","0","0","0","0","0","-2"
"105330","Northern Arizona University","2016","Not on tenure/no tenure system, associate professors","44","16","28","0","0","0","1","1","0","1","0","1","1","1","0","0","0","0","39","14","25","1","0","1","1","0","1","0","0","0","-2"
"105330","Northern Arizona University","2016","Not on tenure/no tenure system, assistant professors","141","47","94","2","0","2","4","1","3","4","3","1","13","2","11","1","0","1","108","40","68","2","1","1","4","0","4","3","0","3","-2"
"105330","Northern Arizona University","2016","Not on tenure/no tenure system, instructors","71","30","41","1","0","1","2","0","2","1","1","0","5","2","3","0","0","0","55","22","33","1","1","0","1","1","0","5","3","2","-2"
"105330","Northern Arizona University","2016","Not on tenure/no tenure system, lecturers","279","124","155","6","3","3","8","1","7","4","0","4","22","12","10","0","0","0","209","90","119","3","1","2","15","11","4","12","6","6","-2"
"110404","California Institute of Technology","2016","Tenured total","243","199","44","0","0","0","26","23","3","2","2","0","8","8","0","0","0","0","206","165","41","0","0","0","0","0","0","1","1","0","-2"
"110404","California Institute of Technology","2016","Tenured, professors","243","199","44","0","0","0","26","23","3","2","2","0","8","8","0","0","0","0","206","165","41","0","0","0","0","0","0","1","1","0","-2"
"110404","California Institute of Technology","2016","On-Tenure track total","48","34","14","0","0","0","15","10","5","1","1","0","1","1","0","0","0","0","25","16","9","0","0","0","0","0","0","6","6","0","-2"
"110404","California Institute of Technology","2016","On-tenure track, associate professors","5","5","0","0","0","0","1","1","0","0","0","0","1","1","0","0","0","0","2","2","0","0","0","0","0","0","0","1","1","0","-2"
"110404","California Institute of Technology","2016","On-tenure track, assistant professors","43","29","14","0","0","0","14","9","5","1","1","0","0","0","0","0","0","0","23","14","9","0","0","0","0","0","0","5","5","0","-2"
"110404","California Institute of Technology","2016","Not on tenure track/No tenure system system total","40","29","11","0","0","0","4","1","3","0","0","0","3","2","1","0","0","0","24","17","7","0","0","0","0","0","0","9","9","0","-2"
"110404","California Institute of Technology","2016","Not on tenure/no tenure system, assistant professors","1","1","0","0","0","0","1","1","0","0","0","0","0","0","0","0","0","0","0","0","0","0","0","0","0","0","0","0","0","0","-2"
"110404","California Institute of Technology","2016","Not on tenure/no tenure system, instructors","17","14","3","0","0","0","0","0","0","0","0","0","1","1","0","0","0","0","7","4","3","0","0","0","0","0","0","9","9","0","-2"
"110404","California Institute of Technology","2016","Not on tenure/no tenure system, lecturers","17","11","6","0","0","0","3","0","3","0","0","0","2","1","1","0","0","0","12","10","2","0","0","0","0","0","0","0","0","0","-2"
"110404","California Institute of Technology","2016","Not on tenure/no tenure system, no academic rank","5","3","2","0","0","0","0","0","0","0","0","0","0","0","0","0","0","0","5","3","2","0","0","0","0","0","0","0","0","0","-2"
"110538","California State University-Chico","2016","Tenured total","293","169","124","1","1","0","26","18","8","5","1","4","11","8","3","0","0","0","237","133","104","2","2","0","9","6","3","2","0","2","-2"
"110538","California State University-Chico","2016","Tenured, professors","203","125","78","1","1","0","17","12","5","4","1","3","9","7","2","0","0","0","165","99","66","2","2","0","5","3","2","0","0","0","-2"
"110538","California State University-Chico","2016","Tenured, associate professors","88","44","44","0","0","0","9","6","3","1","0","1","2","1","1","0","0","0","70","34","36","0","0","0","4","3","1","2","0","2","-2"
"110538","California State University-Chico","2016","Tenured, assistant professors","1","0","1","0","0","0","0","0","0","0","0","0","0","0","0","0","0","0","1","0","1","0","0","0","0","0","0","0","0","0","-2"
"110538","California State University-Chico","2016","Tenured, no academic rank","1","0","1","0","0","0","0","0","0","0","0","0","0","0","0","0","0","0","1","0","1","0","0","0","0","0","0","0","0","0","-2"
"110538","California State University-Chico","2016","On-Tenure track total","148","66","82","1","0","1","17","7","10","2","1","1","5","2","3","0","0","0","89","40","49","2","0","2","20","10","10","12","6","6","-2"
"110538","California State University-Chico","2016","On-tenure track, associate professors","6","3","3","0","0","0","0","0","0","0","0","0","0","0","0","0","0","0","4","2","2","0","0","0","2","1","1","0","0","0","-2"
"110538","California State University-Chico","2016","On-tenure track, assistant professors","142","63","79","1","0","1","17","7","10","2","1","1","5","2","3","0","0","0","85","38","47","2","0","2","18","9","9","12","6","6","-2"
"110538","California State University-Chico","2016","Not on tenure track/No tenure system system total","95","52","43","0","0","0","5","4","1","0","0","0","6","1","5","0","0","0","74","40","34","2","1","1","8","6","2","0","0","0","-2"
"110538","California State University-Chico","2016","Not on tenure/no tenure system, lecturers","95","52","43","0","0","0","5","4","1","0","0","0","6","1","5","0","0","0","74","40","34","2","1","1","8","6","2","0","0","0","-2"
"110635","University of California-Berkeley","2016","Tenured total","1138","788","350","1","0","1","152","98","54","39","27","12","74","50","24","1","1","0","796","560","236","8","2","6","59","44","15","8","6","2","-2"
"110635","University of California-Berkeley","2016","Tenured, professors","824","611","213","0","0","0","108","76","32","25","21","4","51","38","13","1","1","0","609","453","156","3","2","1","23","17","6","4","3","1","-2"
"110635","University of California-Berkeley","2016","Tenured, associate professors","298","168","130","1","0","1","42","21","21","14","6","8","22","11","11","0","0","0","174","100","74","5","0","5","36","27","9","4","3","1","-2"
"110635","University of California-Berkeley","2016","Tenured, lecturers","16","9","7","0","0","0","2","1","1","0","0","0","1","1","0","0","0","0","13","7","6","0","0","0","0","0","0","0","0","0","-2"
"110635","University of California-Berkeley","2016","On-Tenure track total","235","146","89","1","0","1","22","10","12","9","3","6","13","8","5","0","0","0","97","65","32","8","6","2","50","32","18","35","22","13","-2"
"110635","University of California-Berkeley","2016","On-tenure track, professors","8","3","5","0","0","0","2","1","1","0","0","0","0","0","0","0","0","0","3","1","2","0","0","0","2","0","2","1","1","0","-2"
"110635","University of California-Berkeley","2016","On-tenure track, assistant professors","223","140","83","1","0","1","20","9","11","9","3","6","13","8","5","0","0","0","92","62","30","8","6","2","46","31","15","34","21","13","-2"
"110635","University of California-Berkeley","2016","On-tenure track, lecturers","4","3","1","0","0","0","0","0","0","0","0","0","0","0","0","0","0","0","2","2","0","0","0","0","2","1","1","0","0","0","-2"
"110635","University of California-Berkeley","2016","Not on tenure track/No tenure system system total","268","124","144","0","0","0","53","17","36","7","2","5","12","7","5","0","0","0","134","68","66","3","1","2","29","12","17","30","17","13","-2"
"110635","University of California-Berkeley","2016","Not on tenure/no tenure system, professors","35","19","16","0","0","0","2","0","2","1","0","1","2","2","0","0","0","0","25","13","12","0","0","0","0","0","0","5","4","1","-2"
"110635","University of California-Berkeley","2016","Not on tenure/no tenure system, associate professors","14","5","9","0","0","0","3","1","2","1","0","1","1","0","1","0","0","0","4","2","2","0","0","0","5","2","3","0","0","0","-2"
"110635","University of California-Berkeley","2016","Not on tenure/no tenure system, assistant professors","36","24","12","0","0","0","12","6","6","0","0","0","0","0","0","0","0","0","9","8","1","0","0","0","5","2","3","10","8","2","-2"
"110635","University of California-Berkeley","2016","Not on tenure/no tenure system, instructors","6","2","4","0","0","0","1","0","1","0","0","0","1","1","0","0","0","0","2","0","2","0","0","0","2","1","1","0","0","0","-2"
"110635","University of California-Berkeley","2016","Not on tenure/no tenure system, lecturers","163","72","91","0","0","0","34","10","24","4","2","2","6","4","2","0","0","0","87","43","44","3","1","2","14","7","7","15","5","10","-2"
"110635","University of California-Berkeley","2016","Not on tenure/no tenure system, no academic rank","14","2","12","0","0","0","1","0","1","1","0","1","2","0","2","0","0","0","7","2","5","0","0","0","3","0","3","0","0","0","-2"
"110644","University of California-Davis","2016","Tenured total","1199","800","399","7","2","5","188","123","65","21","8","13","63","37","26","0","0","0","875","597","278","1","1","0","36","26","10","8","6","2","-2"
"110644","University of California-Davis","2016","Tenured, professors","901","638","263","6","2","4","133","98","35","13","6","7","38","24","14","0","0","0","686","487","199","1","1","0","21","18","3","3","2","1","-2"
"110644","University of California-Davis","2016","Tenured, associate professors","285","154","131","1","0","1","54","25","29","8","2","6","25","13","12","0","0","0","178","102","76","0","0","0","14","8","6","5","4","1","-2"
"110644","University of California-Davis","2016","Tenured, lecturers","13","8","5","0","0","0","1","0","1","0","0","0","0","0","0","0","0","0","11","8","3","0","0","0","1","0","1","0","0","0","-2"
"110644","University of California-Davis","2016","On-Tenure track total","285","154","131","1","0","1","32","18","14","11","2","9","25","13","12","0","0","0","145","81","64","4","2","2","20","12","8","47","26","21","-2"
"110644","University of California-Davis","2016","On-tenure track, professors","5","2","3","0","0","0","1","1","0","2","0","2","1","0","1","0","0","0","1","1","0","0","0","0","0","0","0","0","0","0","-2"
"110644","University of California-Davis","2016","On-tenure track, associate professors","1","0","1","0","0","0","0","0","0","0","0","0","0","0","0","0","0","0","1","0","1","0","0","0","0","0","0","0","0","0","-2"
"110644","University of California-Davis","2016","On-tenure track, assistant professors","257","145","112","1","0","1","31","17","14","7","2","5","23","13","10","0","0","0","127","74","53","4","2","2","18","11","7","46","26","20","-2"
"110644","University of California-Davis","2016","On-tenure track, lecturers","22","7","15","0","0","0","0","0","0","2","0","2","1","0","1","0","0","0","16","6","10","0","0","0","2","1","1","1","0","1","-2"
"110644","University of California-Davis","2016","Not on tenure track/No tenure system system total","818","470","348","0","0","0","200","108","92","11","7","4","46","25","21","1","0","1","510","298","212","5","4","1","9","3","6","36","25","11","-2"
"110644","University of California-Davis","2016","Not on tenure/no tenure system, professors","226","167","59","0","0","0","55","42","13","1","1","0","8","7","1","0","0","0","162","117","45","0","0","0","0","0","0","0","0","0","-2"
"110644","University of California-Davis","2016","Not on tenure/no tenure system, associate professors","179","99","80","0","0","0","56","27","29","3","2","1","10","9","1","0","0","0","105","57","48","1","1","0","1","0","1","3","3","0","-2"
"110644","University of California-Davis","2016","Not on tenure/no tenure system, assistant professors","274","141","133","0","0","0","78","35","43","6","3","3","20","9","11","0","0","0","134","71","63","4","3","1","2","0","2","30","20","10","-2"
"110644","University of California-Davis","2016","Not on tenure/no tenure system, lecturers","139","63","76","0","0","0","11","4","7","1","1","0","8","0","8","1","0","1","109","53","56","0","0","0","6","3","3","3","2","1","-2"
"110653","University of California-Irvine","2016","Tenured total","973","650","323","3","2","1","183","120","63","25","16","9","52","34","18","1","1","0","684","466","218","4","1","3","9","4","5","12","6","6","-2"
"110653","University of California-Irvine","2016","Tenured, professors","675","490","185","1","1","0","126","88","38","16","12","4","29","21","8","0","0","0","488","361","127","4","1","3","6","3","3","5","3","2","-2"
"110653","University of California-Irvine","2016","Tenured, associate professors","254","139","115","2","1","1","53","28","25","9","4","5","21","12","9","1","1","0","158","89","69","0","0","0","3","1","2","7","3","4","-2"
"110653","University of California-Irvine","2016","Tenured, lecturers","44","21","23","0","0","0","4","4","0","0","0","0","2","1","1","0","0","0","38","16","22","0","0","0","0","0","0","0","0","0","-2"
"110653","University of California-Irvine","2016","On-Tenure track total","224","115","109","0","0","0","38","19","19","11","7","4","21","5","16","1","1","0","102","53","49","7","6","1","11","4","7","33","20","13","-2"
"110653","University of California-Irvine","2016","On-tenure track, professors","5","3","2","0","0","0","2","1","1","0","0","0","0","0","0","0","0","0","2","1","1","1","1","0","0","0","0","0","0","0","-2"
"110653","University of California-Irvine","2016","On-tenure track, associate professors","1","0","1","0","0","0","0","0","0","0","0","0","0","0","0","0","0","0","0","0","0","0","0","0","0","0","0","1","0","1","-2"
"110653","University of California-Irvine","2016","On-tenure track, assistant professors","190","102","88","0","0","0","35","18","17","8","6","2","18","5","13","1","1","0","83","44","39","6","5","1","9","4","5","30","19","11","-2"
"110653","University of California-Irvine","2016","On-tenure track, lecturers","28","10","18","0","0","0","1","0","1","3","1","2","3","0","3","0","0","0","17","8","9","0","0","0","2","0","2","2","1","1","-2"
"110653","University of California-Irvine","2016","Not on tenure track/No tenure system system total","578","330","248","3","1","2","182","104","78","15","8","7","27","16","11","1","1","0","300","167","133","2","1","1","16","11","5","32","21","11","-2"
"110653","University of California-Irvine","2016","Not on tenure/no tenure system, professors","136","86","50","2","1","1","50","31","19","1","0","1","8","5","3","0","0","0","71","47","24","0","0","0","2","1","1","2","1","1","-2"
"110653","University of California-Irvine","2016","Not on tenure/no tenure system, associate professors","111","75","36","1","0","1","38","27","11","4","3","1","4","3","1","1","1","0","58","36","22","0","0","0","3","3","0","2","2","0","-2"
"110653","University of California-Irvine","2016","Not on tenure/no tenure system, assistant professors","168","87","81","0","0","0","55","26","29","6","3","3","6","4","2","0","0","0","74","36","38","0","0","0","7","4","3","20","14","6","-2"
"110653","University of California-Irvine","2016","Not on tenure/no tenure system, instructors","50","28","22","0","0","0","19","12","7","3","2","1","5","3","2","0","0","0","20","8","12","0","0","0","1","1","0","2","2","0","-2"
"110653","University of California-Irvine","2016","Not on tenure/no tenure system, lecturers","113","54","59","0","0","0","20","8","12","1","0","1","4","1","3","0","0","0","77","40","37","2","1","1","3","2","1","6","2","4","-2"
"110662","University of California-Los Angeles","2016","Tenured total","1518","1053","465","8","3","5","271","193","78","61","35","26","96","67","29","1","1","0","1061","742","319","1","0","1","11","6","5","8","6","2","-2"
"110662","University of California-Los Angeles","2016","Tenured, professors","1220","882","338","6","3","3","203","150","53","34","22","12","75","54","21","1","1","0","885","642","243","0","0","0","10","6","4","6","4","2","-2"
"110662","University of California-Los Angeles","2016","Tenured, associate professors","292","167","125","2","0","2","68","43","25","27","13","14","21","13","8","0","0","0","170","96","74","1","0","1","1","0","1","2","2","0","-2"
"110662","University of California-Los Angeles","2016","Tenured, lecturers","6","4","2","0","0","0","0","0","0","0","0","0","0","0","0","0","0","0","6","4","2","0","0","0","0","0","0","0","0","0","-2"
"110662","University of California-Los Angeles","2016","On-Tenure track total","225","126","99","2","1","1","29","14","15","15","7","8","17","9","8","2","0","2","102","63","39","2","0","2","13","6","7","43","26","17","-2"
"110662","University of California-Los Angeles","2016","On-tenure track, professors","8","4","4","0","0","0","2","2","0","2","1","1","0","0","0","0","0","0","4","1","3","0","0","0","0","0","0","0","0","0","-2"
"110662","University of California-Los Angeles","2016","On-tenure track, assistant professors","216","121","95","2","1","1","27","12","15","13","6","7","17","9","8","2","0","2","97","61","36","2","0","2","13","6","7","43","26","17","-2"
"110662","University of California-Los Angeles","2016","On-tenure track, lecturers","1","1","0","0","0","0","0","0","0","0","0","0","0","0","0","0","0","0","1","1","0","0","0","0","0","0","0","0","0","0","-2"
"110662","University of California-Los Angeles","2016","Not on tenure track/No tenure system system total","1687","974","713","2","1","1","495","258","237","32","12","20","88","47","41","2","1","1","894","547","347","6","4","2","90","51","39","78","53","25","-2"
"110662","University of California-Los Angeles","2016","Not on tenure/no tenure system, professors","366","258","108","0","0","0","81","56","25","5","3","2","13","9","4","0","0","0","254","178","76","0","0","0","6","5","1","7","7","0","-2"
"110662","University of California-Los Angeles","2016","Not on tenure/no tenure system, associate professors","284","178","106","0","0","0","92","51","41","4","1","3","15","10","5","0","0","0","162","109","53","0","0","0","7","5","2","4","2","2","-2"
"110662","University of California-Los Angeles","2016","Not on tenure/no tenure system, assistant professors","562","319","243","0","0","0","186","97","89","12","5","7","35","17","18","2","1","1","248","141","107","4","3","1","30","22","8","45","33","12","-2"
"110662","University of California-Los Angeles","2016","Not on tenure/no tenure system, instructors","283","135","148","2","1","1","107","43","64","7","2","5","14","6","8","0","0","0","113","63","50","2","1","1","31","14","17","7","5","2","-2"
"110662","University of California-Los Angeles","2016","Not on tenure/no tenure system, lecturers","186","80","106","0","0","0","29","11","18","2","0","2","9","3","6","0","0","0","116","56","60","0","0","0","15","4","11","15","6","9","-2"
"110662","University of California-Los Angeles","2016","Not on tenure/no tenure system, no academic rank","6","4","2","0","0","0","0","0","0","2","1","1","2","2","0","0","0","0","1","0","1","0","0","0","1","1","0","0","0","0","-2"
"110680","University of California-San Diego","2016","Tenured total","1063","799","264","1","1","0","175","136","39","21","8","13","64","45","19","0","0","0","766","577","189","0","0","0","6","6","0","30","26","4","-2"
"110680","University of California-San Diego","2016","Tenured, professors","795","631","164","1","1","0","125","106","19","7","2","5","45","33","12","0","0","0","597","469","128","0","0","0","0","0","0","20","20","0","-2"
"110680","University of California-San Diego","2016","Tenured, associate professors","228","146","82","0","0","0","47","30","17","14","6","8","18","12","6","0","0","0","134","87","47","0","0","0","5","5","0","10","6","4","-2"
"110680","University of California-San Diego","2016","Tenured, lecturers","40","22","18","0","0","0","3","0","3","0","0","0","1","0","1","0","0","0","35","21","14","0","0","0","1","1","0","0","0","0","-2"
"110680","University of California-San Diego","2016","On-Tenure track total","244","144","100","2","1","1","39","27","12","8","1","7","21","11","10","0","0","0","123","70","53","1","0","1","6","3","3","44","31","13","-2"
"110680","University of California-San Diego","2016","On-tenure track, associate professors","2","2","0","0","0","0","1","1","0","0","0","0","0","0","0","0","0","0","1","1","0","0","0","0","0","0","0","0","0","0","-2"
"110680","University of California-San Diego","2016","On-tenure track, assistant professors","225","132","93","2","1","1","37","26","11","7","1","6","21","11","10","0","0","0","112","62","50","1","0","1","5","3","2","40","28","12","-2"
"110680","University of California-San Diego","2016","On-tenure track, lecturers","17","10","7","0","0","0","1","0","1","1","0","1","0","0","0","0","0","0","10","7","3","0","0","0","1","0","1","4","3","1","-2"
"110680","University of California-San Diego","2016","Not on tenure track/No tenure system system total","932","519","413","5","3","2","196","98","98","11","8","3","54","30","24","0","0","0","598","341","257","1","1","0","18","9","9","49","29","20","-2"
"110680","University of California-San Diego","2016","Not on tenure/no tenure system, professors","305","195","110","1","1","0","40","22","18","7","6","1","10","10","0","0","0","0","240","151","89","0","0","0","1","1","0","6","4","2","-2"
"110680","University of California-San Diego","2016","Not on tenure/no tenure system, associate professors","211","121","90","0","0","0","53","27","26","0","0","0","19","12","7","0","0","0","131","77","54","0","0","0","2","2","0","6","3","3","-2"
"110680","University of California-San Diego","2016","Not on tenure/no tenure system, assistant professors","288","145","143","4","2","2","77","41","36","4","2","2","19","8","11","0","0","0","152","74","78","0","0","0","12","5","7","20","13","7","-2"
"110680","University of California-San Diego","2016","Not on tenure/no tenure system, lecturers","128","58","70","0","0","0","26","8","18","0","0","0","6","0","6","0","0","0","75","39","36","1","1","0","3","1","2","17","9","8","-2"
"115755","Humboldt State University","2016","Tenured total","157","98","59","3","2","1","9","9","0","1","1","0","6","3","3","0","0","0","134","82","52","1","0","1","3","1","2","0","0","0","-2"
"115755","Humboldt State University","2016","Tenured, professors","115","74","41","1","1","0","8","8","0","0","0","0","4","2","2","0","0","0","99","63","36","1","0","1","2","0","2","0","0","0","-2"
"115755","Humboldt State University","2016","Tenured, associate professors","41","23","18","2","1","1","1","1","0","1","1","0","2","1","1","0","0","0","34","18","16","0","0","0","1","1","0","0","0","0","-2"
"115755","Humboldt State University","2016","Tenured, assistant professors","1","1","0","0","0","0","0","0","0","0","0","0","0","0","0","0","0","0","1","1","0","0","0","0","0","0","0","0","0","0","-2"
"115755","Humboldt State University","2016","On-Tenure track total","80","34","46","1","0","1","6","2","4","2","0","2","4","1","3","0","0","0","46","21","25","0","0","0","13","6","7","8","4","4","-2"
"115755","Humboldt State University","2016","On-tenure track, professors","1","1","0","0","0","0","0","0","0","0","0","0","0","0","0","0","0","0","1","1","0","0","0","0","0","0","0","0","0","0","-2"
"115755","Humboldt State University","2016","On-tenure track, associate professors","3","2","1","0","0","0","0","0","0","0","0","0","0","0","0","0","0","0","2","1","1","0","0","0","1","1","0","0","0","0","-2"
"115755","Humboldt State University","2016","On-tenure track, assistant professors","76","31","45","1","0","1","6","2","4","2","0","2","4","1","3","0","0","0","43","19","24","0","0","0","12","5","7","8","4","4","-2"
"115755","Humboldt State University","2016","Not on tenure track/No tenure system system total","62","27","35","3","1","2","2","1","1","2","1","1","1","1","0","1","0","1","46","21","25","1","1","0","5","1","4","1","0","1","-2"
"115755","Humboldt State University","2016","Not on tenure/no tenure system, lecturers","62","27","35","3","1","2","2","1","1","2","1","1","1","1","0","1","0","1","46","21","25","1","1","0","5","1","4","1","0","1","-2"
"119678","Naval Postgraduate School","2016","Tenured total","149","122","27","1","1","0","20","15","5","1","0","1","6","3","3","1","1","0","118","100","18","0","0","0","2","2","0","0","0","0","-2"
"119678","Naval Postgraduate School","2016","Tenured, professors","73","62","11","0","0","0","15","11","4","1","0","1","3","3","0","1","1","0","53","47","6","0","0","0","0","0","0","0","0","0","-2"
"119678","Naval Postgraduate School","2016","Tenured, associate professors","76","60","16","1","1","0","5","4","1","0","0","0","3","0","3","0","0","0","65","53","12","0","0","0","2","2","0","0","0","0","-2"
"119678","Naval Postgraduate School","2016","On-Tenure track total","46","30","16","0","0","0","3","1","2","1","0","1","2","2","0","1","1","0","34","22","12","0","0","0","5","4","1","0","0","0","-2"
"119678","Naval Postgraduate School","2016","On-tenure track, professors","1","1","0","0","0","0","0","0","0","0","0","0","0","0","0","0","0","0","1","1","0","0","0","0","0","0","0","0","0","0","-2"
"119678","Naval Postgraduate School","2016","On-tenure track, associate professors","15","8","7","0","0","0","1","0","1","0","0","0","0","0","0","1","1","0","11","5","6","0","0","0","2","2","0","0","0","0","-2"
"119678","Naval Postgraduate School","2016","On-tenure track, assistant professors","30","21","9","0","0","0","2","1","1","1","0","1","2","2","0","0","0","0","22","16","6","0","0","0","3","2","1","0","0","0","-2"
"119678","Naval Postgraduate School","2016","Not on tenure track/No tenure system system total","113","95","18","1","0","1","3","1","2","0","0","0","5","4","1","0","0","0","102","89","13","0","0","0","2","1","1","0","0","0","-2"
"119678","Naval Postgraduate School","2016","Not on tenure/no tenure system, professors","10","9","1","0","0","0","1","0","1","0","0","0","0","0","0","0","0","0","9","9","0","0","0","0","0","0","0","0","0","0","-2"
"119678","Naval Postgraduate School","2016","Not on tenure/no tenure system, lecturers","103","86","17","1","0","1","2","1","1","0","0","0","5","4","1","0","0","0","93","80","13","0","0","0","2","1","1","0","0","0","-2"
"122409","San Diego State University","2016","Tenured total","524","325","199","2","2","0","78","46","32","15","11","4","42","21","21","0","0","0","377","239","138","1","0","1","5","3","2","4","3","1","-2"
"122409","San Diego State University","2016","Tenured, professors","330","218","112","2","2","0","51","30","21","4","4","0","26","13","13","0","0","0","241","163","78","0","0","0","3","3","0","3","3","0","-2"
"122409","San Diego State University","2016","Tenured, associate professors","189","104","85","0","0","0","27","16","11","11","7","4","15","7","8","0","0","0","132","74","58","1","0","1","2","0","2","1","0","1","-2"
"122409","San Diego State University","2016","Tenured, no academic rank","5","3","2","0","0","0","0","0","0","0","0","0","1","1","0","0","0","0","4","2","2","0","0","0","0","0","0","0","0","0","-2"
"122409","San Diego State University","2016","On-Tenure track total","181","92","89","2","1","1","25","13","12","5","2","3","20","12","8","0","0","0","87","40","47","6","4","2","10","5","5","26","15","11","-2"
"122409","San Diego State University","2016","On-tenure track, professors","2","2","0","0","0","0","2","2","0","0","0","0","0","0","0","0","0","0","0","0","0","0","0","0","0","0","0","0","0","0","-2"
"122409","San Diego State University","2016","On-tenure track, associate professors","12","5","7","0","0","0","1","1","0","0","0","0","0","0","0","0","0","0","8","3","5","0","0","0","2","1","1","1","0","1","-2"
"122409","San Diego State University","2016","On-tenure track, assistant professors","166","84","82","2","1","1","22","10","12","5","2","3","20","12","8","0","0","0","78","36","42","6","4","2","8","4","4","25","15","10","-2"
"122409","San Diego State University","2016","On-tenure track, no academic rank","1","1","0","0","0","0","0","0","0","0","0","0","0","0","0","0","0","0","1","1","0","0","0","0","0","0","0","0","0","0","-2"
"122409","San Diego State University","2016","Not on tenure track/No tenure system system total","171","64","107","0","0","0","9","0","9","2","1","1","14","4","10","2","0","2","139","55","84","2","2","0","1","0","1","2","2","0","-2"
"122409","San Diego State University","2016","Not on tenure/no tenure system, lecturers","171","64","107","0","0","0","9","0","9","2","1","1","14","4","10","2","0","2","139","55","84","2","2","0","1","0","1","2","2","0","-2"
"122597","San Francisco State University","2016","Tenured total","500","266","234","7","3","4","117","56","61","22","11","11","38","20","18","0","0","0","283","158","125","9","5","4","22","12","10","2","1","1","-2"
"122597","San Francisco State University","2016","Tenured, professors","317","192","125","4","2","2","75","43","32","11","6","5","24","14","10","0","0","0","188","116","72","3","2","1","12","9","3","0","0","0","-2"
"122597","San Francisco State University","2016","Tenured, associate professors","173","72","101","2","1","1","42","13","29","11","5","6","13","6","7","0","0","0","88","40","48","6","3","3","9","3","6","2","1","1","-2"
"122597","San Francisco State University","2016","Tenured, assistant professors","6","1","5","1","0","1","0","0","0","0","0","0","1","0","1","0","0","0","3","1","2","0","0","0","1","0","1","0","0","0","-2"
"122597","San Francisco State University","2016","Tenured, no academic rank","4","1","3","0","0","0","0","0","0","0","0","0","0","0","0","0","0","0","4","1","3","0","0","0","0","0","0","0","0","0","-2"
"122597","San Francisco State University","2016","On-Tenure track total","228","87","141","3","2","1","49","13","36","13","7","6","12","4","8","0","0","0","115","53","62","1","0","1","26","5","21","9","3","6","-2"
"122597","San Francisco State University","2016","On-tenure track, professors","22","9","13","0","0","0","2","1","1","2","1","1","1","1","0","0","0","0","15","6","9","0","0","0","2","0","2","0","0","0","-2"
"122597","San Francisco State University","2016","On-tenure track, associate professors","53","26","27","1","1","0","13","6","7","1","1","0","5","2","3","0","0","0","26","15","11","1","0","1","5","1","4","1","0","1","-2"
"122597","San Francisco State University","2016","On-tenure track, assistant professors","153","52","101","2","1","1","34","6","28","10","5","5","6","1","5","0","0","0","74","32","42","0","0","0","19","4","15","8","3","5","-2"
"122597","San Francisco State University","2016","Not on tenure track/No tenure system system total","128","62","66","1","1","0","18","6","12","2","1","1","12","3","9","0","0","0","87","49","38","0","0","0","8","2","6","0","0","0","-2"
"122597","San Francisco State University","2016","Not on tenure/no tenure system, lecturers","128","62","66","1","1","0","18","6","12","2","1","1","12","3","9","0","0","0","87","49","38","0","0","0","8","2","6","0","0","0","-2"
"122755","San Jose State University","2016","Tenured total","460","245","215","4","2","2","108","62","46","11","7","4","29","17","12","0","0","0","270","140","130","4","1","3","32","15","17","2","1","1","-2"
"122755","San Jose State University","2016","Tenured, professors","315","183","132","4","2","2","76","50","26","5","3","2","21","15","6","0","0","0","190","105","85","3","1","2","16","7","9","0","0","0","-2"
"122755","San Jose State University","2016","Tenured, associate professors","137","56","81","0","0","0","30","10","20","6","4","2","7","1","6","0","0","0","77","34","43","1","0","1","14","6","8","2","1","1","-2"
"122755","San Jose State University","2016","Tenured, assistant professors","6","5","1","0","0","0","2","2","0","0","0","0","1","1","0","0","0","0","2","1","1","0","0","0","1","1","0","0","0","0","-2"
"122755","San Jose State University","2016","Tenured, no academic rank","2","1","1","0","0","0","0","0","0","0","0","0","0","0","0","0","0","0","1","0","1","0","0","0","1","1","0","0","0","0","-2"
"122755","San Jose State University","2016","On-Tenure track total","188","77","111","1","1","0","28","8","20","5","1","4","9","4","5","1","0","1","94","36","58","3","2","1","19","11","8","28","14","14","-2"
"122755","San Jose State University","2016","On-tenure track, associate professors","7","4","3","0","0","0","3","3","0","0","0","0","2","0","2","0","0","0","2","1","1","0","0","0","0","0","0","0","0","0","-2"
"122755","San Jose State University","2016","On-tenure track, assistant professors","181","73","108","1","1","0","25","5","20","5","1","4","7","4","3","1","0","1","92","35","57","3","2","1","19","11","8","28","14","14","-2"
"122755","San Jose State University","2016","Not on tenure track/No tenure system system total","94","42","52","1","0","1","13","6","7","0","0","0","5","2","3","0","0","0","62","28","34","2","0","2","10","5","5","1","1","0","-2"
"122755","San Jose State University","2016","Not on tenure/no tenure system, lecturers","94","42","52","1","0","1","13","6","7","0","0","0","5","2","3","0","0","0","62","28","34","2","0","2","10","5","5","1","1","0","-2"
"123961","University of Southern California","2016","Tenured total","1168","863","305","2","2","0","180","134","46","29","17","12","44","28","16","0","0","0","890","663","227","19","15","4","4","4","0","0","0","0","-2"
"123961","University of Southern California","2016","Tenured, professors","821","637","184","2","2","0","114","91","23","13","12","1","23","15","8","0","0","0","658","508","150","9","7","2","2","2","0","0","0","0","-2"
"123961","University of Southern California","2016","Tenured, associate professors","344","223","121","0","0","0","66","43","23","16","5","11","21","13","8","0","0","0","229","152","77","10","8","2","2","2","0","0","0","0","-2"
"123961","University of Southern California","2016","Tenured, assistant professors","3","3","0","0","0","0","0","0","0","0","0","0","0","0","0","0","0","0","3","3","0","0","0","0","0","0","0","0","0","0","-2"
"123961","University of Southern California","2016","On-Tenure track total","302","181","121","1","0","1","80","51","29","6","2","4","18","9","9","0","0","0","164","97","67","6","3","3","21","14","7","6","5","1","-2"
"123961","University of Southern California","2016","On-tenure track, associate professors","10","8","2","0","0","0","4","3","1","0","0","0","1","0","1","0","0","0","5","5","0","0","0","0","0","0","0","0","0","0","-2"
"123961","University of Southern California","2016","On-tenure track, assistant professors","292","173","119","1","0","1","76","48","28","6","2","4","17","9","8","0","0","0","159","92","67","6","3","3","21","14","7","6","5","1","-2"
"123961","University of Southern California","2016","Not on tenure track/No tenure system system total","899","419","480","2","1","1","88","41","47","41","16","25","70","29","41","1","0","1","651","308","343","16","8","8","26","13","13","4","3","1","-2"
"123961","University of Southern California","2016","Not on tenure/no tenure system, professors","152","83","69","0","0","0","13","8","5","8","6","2","14","8","6","0","0","0","111","58","53","2","1","1","4","2","2","0","0","0","-2"
"123961","University of Southern California","2016","Not on tenure/no tenure system, associate professors","274","123","151","0","0","0","23","12","11","17","4","13","15","6","9","0","0","0","212","97","115","6","3","3","1","1","0","0","0","0","-2"
"123961","University of Southern California","2016","Not on tenure/no tenure system, assistant professors","195","87","108","1","1","0","11","2","9","9","4","5","9","2","7","1","0","1","151","68","83","3","1","2","7","6","1","3","3","0","-2"
"123961","University of Southern California","2016","Not on tenure/no tenure system, instructors","1","1","0","0","0","0","0","0","0","0","0","0","0","0","0","0","0","0","1","1","0","0","0","0","0","0","0","0","0","0","-2"
"123961","University of Southern California","2016","Not on tenure/no tenure system, lecturers","277","125","152","1","0","1","41","19","22","7","2","5","32","13","19","0","0","0","176","84","92","5","3","2","14","4","10","1","0","1","-2"
"126614","University of Colorado Boulder","2016","Tenured total","850","580","270","5","2","3","87","51","36","18","9","9","48","36","12","1","1","0","648","452","196","2","0","2","32","23","9","9","6","3","-2"
"126614","University of Colorado Boulder","2016","Tenured, professors","473","359","114","4","2","2","41","26","15","8","6","2","24","21","3","1","1","0","377","288","89","0","0","0","14","11","3","4","4","0","-2"
"126614","University of Colorado Boulder","2016","Tenured, associate professors","357","209","148","1","0","1","44","24","20","9","3","6","21","13","8","0","0","0","259","156","103","2","0","2","17","12","5","4","1","3","-2"
"126614","University of Colorado Boulder","2016","Tenured, assistant professors","20","12","8","0","0","0","2","1","1","1","0","1","3","2","1","0","0","0","12","8","4","0","0","0","1","0","1","1","1","0","-2"
"126614","University of Colorado Boulder","2016","On-Tenure track total","289","178","111","2","1","1","36","21","15","7","5","2","15","6","9","2","1","1","155","100","55","4","2","2","43","25","18","25","17","8","-2"
"126614","University of Colorado Boulder","2016","On-tenure track, associate professors","13","8","5","0","0","0","1","0","1","0","0","0","2","0","2","0","0","0","9","7","2","0","0","0","1","1","0","0","0","0","-2"
"126614","University of Colorado Boulder","2016","On-tenure track, assistant professors","276","170","106","2","1","1","35","21","14","7","5","2","13","6","7","2","1","1","146","93","53","4","2","2","42","24","18","25","17","8","-2"
"126614","University of Colorado Boulder","2016","Not on tenure track/No tenure system system total","369","190","179","1","1","0","22","6","16","4","2","2","15","7","8","0","0","0","278","153","125","2","1","1","31","13","18","16","7","9","-2"
"126614","University of Colorado Boulder","2016","Not on tenure/no tenure system, associate professors","1","0","1","0","0","0","0","0","0","0","0","0","0","0","0","0","0","0","0","0","0","0","0","0","1","0","1","0","0","0","-2"
"126614","University of Colorado Boulder","2016","Not on tenure/no tenure system, instructors","368","190","178","1","1","0","22","6","16","4","2","2","15","7","8","0","0","0","278","153","125","2","1","1","30","13","17","16","7","9","-2"
"126818","Colorado State University-Fort Collins","2016","Tenured total","759","500","259","0","0","0","64","47","17","8","7","1","43","23","20","0","0","0","632","415","217","5","3","2","0","0","0","7","5","2","-2"
"126818","Colorado State University-Fort Collins","2016","Tenured, professors","430","308","122","0","0","0","30","25","5","5","4","1","19","11","8","0","0","0","375","267","108","0","0","0","0","0","0","1","1","0","-2"
"126818","Colorado State University-Fort Collins","2016","Tenured, associate professors","329","192","137","0","0","0","34","22","12","3","3","0","24","12","12","0","0","0","257","148","109","5","3","2","0","0","0","6","4","2","-2"
"126818","Colorado State University-Fort Collins","2016","On-Tenure track total","267","150","117","2","2","0","23","10","13","3","2","1","11","6","5","0","0","0","179","105","74","7","1","6","24","16","8","18","8","10","-2"
"126818","Colorado State University-Fort Collins","2016","On-tenure track, professors","5","4","1","0","0","0","0","0","0","0","0","0","0","0","0","0","0","0","4","4","0","0","0","0","1","0","1","0","0","0","-2"
"126818","Colorado State University-Fort Collins","2016","On-tenure track, associate professors","13","8","5","0","0","0","0","0","0","0","0","0","0","0","0","0","0","0","11","6","5","0","0","0","2","2","0","0","0","0","-2"
"126818","Colorado State University-Fort Collins","2016","On-tenure track, assistant professors","249","138","111","2","2","0","23","10","13","3","2","1","11","6","5","0","0","0","164","95","69","7","1","6","21","14","7","18","8","10","-2"
"126818","Colorado State University-Fort Collins","2016","Not on tenure track/No tenure system system total","331","129","202","0","0","0","11","2","9","3","1","2","17","4","13","0","0","0","279","114","165","4","0","4","8","2","6","9","6","3","-2"
"126818","Colorado State University-Fort Collins","2016","Not on tenure/no tenure system, professors","2","1","1","0","0","0","1","0","1","0","0","0","0","0","0","0","0","0","1","1","0","0","0","0","0","0","0","0","0","0","-2"
"126818","Colorado State University-Fort Collins","2016","Not on tenure/no tenure system, associate professors","14","8","6","0","0","0","0","0","0","0","0","0","1","0","1","0","0","0","12","8","4","0","0","0","1","0","1","0","0","0","-2"
"126818","Colorado State University-Fort Collins","2016","Not on tenure/no tenure system, assistant professors","112","39","73","0","0","0","5","1","4","2","1","1","4","1","3","0","0","0","89","32","57","3","0","3","2","0","2","7","4","3","-2"
"126818","Colorado State University-Fort Collins","2016","Not on tenure/no tenure system, instructors","203","81","122","0","0","0","5","1","4","1","0","1","12","3","9","0","0","0","177","73","104","1","0","1","5","2","3","2","2","0","-2"
"127060","University of Denver","2016","Tenured total","362","220","142","0","0","0","29","19","10","9","3","6","21","12","9","0","0","0","265","159","106","4","3","1","33","23","10","1","1","0","-2"
"127060","University of Denver","2016","Tenured, professors","154","109","45","0","0","0","7","6","1","3","2","1","8","5","3","0","0","0","124","86","38","1","1","0","10","8","2","1","1","0","-2"
"127060","University of Denver","2016","Tenured, associate professors","208","111","97","0","0","0","22","13","9","6","1","5","13","7","6","0","0","0","141","73","68","3","2","1","23","15","8","0","0","0","-2"
"127060","University of Denver","2016","On-Tenure track total","125","66","59","1","0","1","11","3","8","4","1","3","7","6","1","0","0","0","74","42","32","3","1","2","14","7","7","11","6","5","-2"
"127060","University of Denver","2016","On-tenure track, professors","1","1","0","0","0","0","0","0","0","0","0","0","0","0","0","0","0","0","1","1","0","0","0","0","0","0","0","0","0","0","-2"
"127060","University of Denver","2016","On-tenure track, associate professors","3","0","3","0","0","0","0","0","0","1","0","1","0","0","0","0","0","0","1","0","1","0","0","0","1","0","1","0","0","0","-2"
"127060","University of Denver","2016","On-tenure track, assistant professors","121","65","56","1","0","1","11","3","8","3","1","2","7","6","1","0","0","0","72","41","31","3","1","2","13","7","6","11","6","5","-2"
"127060","University of Denver","2016","Not on tenure track/No tenure system system total","235","116","119","1","1","0","8","3","5","7","6","1","18","10","8","0","0","0","162","74","88","7","2","5","20","12","8","12","8","4","-2"
"127060","University of Denver","2016","Not on tenure/no tenure system, professors","20","15","5","0","0","0","1","0","1","0","0","0","0","0","0","0","0","0","19","15","4","0","0","0","0","0","0","0","0","0","-2"
"127060","University of Denver","2016","Not on tenure/no tenure system, associate professors","18","6","12","0","0","0","1","1","0","0","0","0","2","2","0","0","0","0","14","3","11","0","0","0","1","0","1","0","0","0","-2"
"127060","University of Denver","2016","Not on tenure/no tenure system, assistant professors","33","9","24","0","0","0","0","0","0","1","0","1","3","1","2","0","0","0","24","7","17","3","0","3","2","1","1","0","0","0","-2"
"127060","University of Denver","2016","Not on tenure/no tenure system, lecturers","164","86","78","1","1","0","6","2","4","6","6","0","13","7","6","0","0","0","105","49","56","4","2","2","17","11","6","12","8","4","-2"
"127565","Metropolitan State University of Denver","2016","Tenured total","337","184","153","2","1","1","27","18","9","15","11","4","29","17","12","0","0","0","258","133","125","6","4","2","0","0","0","0","0","0","-2"
"127565","Metropolitan State University of Denver","2016","Tenured, professors","153","93","60","0","0","0","11","6","5","6","4","2","10","9","1","0","0","0","122","71","51","4","3","1","0","0","0","0","0","0","-2"
"127565","Metropolitan State University of Denver","2016","Tenured, associate professors","181","90","91","2","1","1","16","12","4","9","7","2","19","8","11","0","0","0","133","61","72","2","1","1","0","0","0","0","0","0","-2"
"127565","Metropolitan State University of Denver","2016","Tenured, assistant professors","3","1","2","0","0","0","0","0","0","0","0","0","0","0","0","0","0","0","3","1","2","0","0","0","0","0","0","0","0","0","-2"
"127565","Metropolitan State University of Denver","2016","On-Tenure track total","117","51","66","0","0","0","8","5","3","7","4","3","11","6","5","1","1","0","89","35","54","1","0","1","0","0","0","0","0","0","-2"
"127565","Metropolitan State University of Denver","2016","On-tenure track, associate professors","6","2","4","0","0","0","0","0","0","1","0","1","0","0","0","0","0","0","5","2","3","0","0","0","0","0","0","0","0","0","-2"
"127565","Metropolitan State University of Denver","2016","On-tenure track, assistant professors","111","49","62","0","0","0","8","5","3","6","4","2","11","6","5","1","1","0","84","33","51","1","0","1","0","0","0","0","0","0","-2"
"127565","Metropolitan State University of Denver","2016","Not on tenure track/No tenure system system total","108","43","65","1","0","1","8","1","7","10","1","9","7","4","3","0","0","0","80","35","45","1","1","0","1","1","0","0","0","0","-2"
"127565","Metropolitan State University of Denver","2016","Not on tenure/no tenure system, assistant professors","6","2","4","0","0","0","0","0","0","1","0","1","0","0","0","0","0","0","5","2","3","0","0","0","0","0","0","0","0","0","-2"
"127565","Metropolitan State University of Denver","2016","Not on tenure/no tenure system, instructors","6","6","0","0","0","0","0","0","0","0","0","0","0","0","0","0","0","0","6","6","0","0","0","0","0","0","0","0","0","0","-2"
"127565","Metropolitan State University of Denver","2016","Not on tenure/no tenure system, lecturers","94","35","59","1","0","1","8","1","7","9","1","8","7","4","3","0","0","0","67","27","40","1","1","0","1","1","0","0","0","0","-2"
"127565","Metropolitan State University of Denver","2016","Not on tenure/no tenure system, no academic rank","2","0","2","0","0","0","0","0","0","0","0","0","0","0","0","0","0","0","2","0","2","0","0","0","0","0","0","0","0","0","-2"
"127741","University of Northern Colorado","2016","Tenured total","273","160","113","3","2","1","9","6","3","8","6","2","16","7","9","0","0","0","232","135","97","1","1","0","0","0","0","4","3","1","-2"
"127741","University of Northern Colorado","2016","Tenured, professors","171","103","68","3","2","1","6","4","2","5","3","2","13","6","7","0","0","0","143","87","56","1","1","0","0","0","0","0","0","0","-2"
"127741","University of Northern Colorado","2016","Tenured, associate professors","102","57","45","0","0","0","3","2","1","3","3","0","3","1","2","0","0","0","89","48","41","0","0","0","0","0","0","4","3","1","-2"
"127741","University of Northern Colorado","2016","On-Tenure track total","119","47","72","0","0","0","5","1","4","1","1","0","5","1","4","0","0","0","95","37","58","2","1","1","1","1","0","10","5","5","-2"
"127741","University of Northern Colorado","2016","On-tenure track, professors","1","0","1","0","0","0","0","0","0","0","0","0","0","0","0","0","0","0","1","0","1","0","0","0","0","0","0","0","0","0","-2"
"127741","University of Northern Colorado","2016","On-tenure track, associate professors","11","3","8","0","0","0","1","0","1","0","0","0","0","0","0","0","0","0","10","3","7","0","0","0","0","0","0","0","0","0","-2"
"127741","University of Northern Colorado","2016","On-tenure track, assistant professors","107","44","63","0","0","0","4","1","3","1","1","0","5","1","4","0","0","0","84","34","50","2","1","1","1","1","0","10","5","5","-2"
"127741","University of Northern Colorado","2016","Not on tenure track/No tenure system system total","93","25","68","0","0","0","3","2","1","0","0","0","6","2","4","1","0","1","80","21","59","1","0","1","0","0","0","2","0","2","-2"
"127741","University of Northern Colorado","2016","Not on tenure/no tenure system, professors","1","1","0","0","0","0","0","0","0","0","0","0","1","1","0","0","0","0","0","0","0","0","0","0","0","0","0","0","0","0","-2"
"127741","University of Northern Colorado","2016","Not on tenure/no tenure system, associate professors","11","4","7","0","0","0","0","0","0","0","0","0","0","0","0","0","0","0","11","4","7","0","0","0","0","0","0","0","0","0","-2"
"127741","University of Northern Colorado","2016","Not on tenure/no tenure system, assistant professors","24","4","20","0","0","0","1","1","0","0","0","0","1","0","1","0","0","0","20","3","17","1","0","1","0","0","0","1","0","1","-2"
"127741","University of Northern Colorado","2016","Not on tenure/no tenure system, instructors","18","5","13","0","0","0","0","0","0","0","0","0","2","1","1","0","0","0","15","4","11","0","0","0","0","0","0","1","0","1","-2"
"127741","University of Northern Colorado","2016","Not on tenure/no tenure system, lecturers","39","11","28","0","0","0","2","1","1","0","0","0","2","0","2","1","0","1","34","10","24","0","0","0","0","0","0","0","0","0","-2"
"128328","United States Air Force Academy","2016","Not on tenure track/No tenure system system total","182","127","55","0","0","0","7","2","5","1","0","1","3","2","1","0","0","0","171","123","48","0","0","0","0","0","0","0","0","0","-2"
"128328","United States Air Force Academy","2016","Not on tenure/no tenure system, professors","64","52","12","0","0","0","1","1","0","0","0","0","0","0","0","0","0","0","63","51","12","0","0","0","0","0","0","0","0","0","-2"
"128328","United States Air Force Academy","2016","Not on tenure/no tenure system, associate professors","42","31","11","0","0","0","1","0","1","0","0","0","1","0","1","0","0","0","40","31","9","0","0","0","0","0","0","0","0","0","-2"
"128328","United States Air Force Academy","2016","Not on tenure/no tenure system, assistant professors","53","32","21","0","0","0","4","1","3","1","0","1","1","1","0","0","0","0","47","30","17","0","0","0","0","0","0","0","0","0","-2"
"128328","United States Air Force Academy","2016","Not on tenure/no tenure system, instructors","23","12","11","0","0","0","1","0","1","0","0","0","1","1","0","0","0","0","21","11","10","0","0","0","0","0","0","0","0","0","-2"
"130776","Western Connecticut State University","2016","Tenured total","142","75","67","0","0","0","12","7","5","7","5","2","7","4","3","0","0","0","109","54","55","0","0","0","7","5","2","0","0","0","-2"
"130776","Western Connecticut State University","2016","Tenured, professors","88","51","37","0","0","0","5","3","2","3","2","1","4","2","2","0","0","0","73","42","31","0","0","0","3","2","1","0","0","0","-2"
"130776","Western Connecticut State University","2016","Tenured, associate professors","46","22","24","0","0","0","7","4","3","3","2","1","3","2","1","0","0","0","30","12","18","0","0","0","3","2","1","0","0","0","-2"
"130776","Western Connecticut State University","2016","Tenured, assistant professors","8","2","6","0","0","0","0","0","0","1","1","0","0","0","0","0","0","0","6","0","6","0","0","0","1","1","0","0","0","0","-2"
"130776","Western Connecticut State University","2016","On-Tenure track total","64","22","42","0","0","0","11","7","4","2","0","2","2","0","2","0","0","0","45","13","32","0","0","0","4","2","2","0","0","0","-2"
"130776","Western Connecticut State University","2016","On-tenure track, associate professors","13","6","7","0","0","0","4","1","3","0","0","0","0","0","0","0","0","0","8","4","4","0","0","0","1","1","0","0","0","0","-2"
"130776","Western Connecticut State University","2016","On-tenure track, assistant professors","49","15","34","0","0","0","6","5","1","2","0","2","2","0","2","0","0","0","36","9","27","0","0","0","3","1","2","0","0","0","-2"
"130776","Western Connecticut State University","2016","On-tenure track, instructors","2","1","1","0","0","0","1","1","0","0","0","0","0","0","0","0","0","0","1","0","1","0","0","0","0","0","0","0","0","0","-2"
"130776","Western Connecticut State University","2016","Not on tenure track/No tenure system system total","18","7","11","1","1","0","0","0","0","0","0","0","3","1","2","0","0","0","14","5","9","0","0","0","0","0","0","0","0","0","-2"
"130776","Western Connecticut State University","2016","Not on tenure/no tenure system, assistant professors","9","3","6","0","0","0","0","0","0","0","0","0","1","0","1","0","0","0","8","3","5","0","0","0","0","0","0","0","0","0","-2"
"130776","Western Connecticut State University","2016","Not on tenure/no tenure system, instructors","9","4","5","1","1","0","0","0","0","0","0","0","2","1","1","0","0","0","6","2","4","0","0","0","0","0","0","0","0","0","-2"
"130794","Yale University","2016","Tenured total","1020","754","266","2","2","0","97","69","28","29","16","13","21","17","4","1","1","0","825","625","200","10","5","5","22","13","9","13","6","7","-2"
"130794","Yale University","2016","Tenured, professors","931","699","232","1","1","0","84","62","22","25","15","10","16","15","1","1","1","0","769","587","182","9","4","5","18","10","8","8","4","4","-2"
"130794","Yale University","2016","Tenured, associate professors","89","55","34","1","1","0","13","7","6","4","1","3","5","2","3","0","0","0","56","38","18","1","1","0","4","3","1","5","2","3","-2"
"130794","Yale University","2016","On-Tenure track total","1044","592","452","0","0","0","178","100","78","40","19","21","36","20","16","4","1","3","634","364","270","16","5","11","61","34","27","75","49","26","-2"
"130794","Yale University","2016","On-tenure track, associate professors","320","193","127","0","0","0","64","40","24","15","6","9","12","8","4","2","0","2","215","132","83","2","0","2","4","2","2","6","5","1","-2"
"130794","Yale University","2016","On-tenure track, assistant professors","723","399","324","0","0","0","114","60","54","25","13","12","24","12","12","2","1","1","418","232","186","14","5","9","57","32","25","69","44","25","-2"
"130794","Yale University","2016","On-tenure track, lecturers","1","0","1","0","0","0","0","0","0","0","0","0","0","0","0","0","0","0","1","0","1","0","0","0","0","0","0","0","0","0","-2"
"130794","Yale University","2016","Not on tenure track/No tenure system system total","732","367","365","2","2","0","70","31","39","20","8","12","17","5","12","1","1","0","429","226","203","13","7","6","119","55","64","61","32","29","-2"
"130794","Yale University","2016","Not on tenure/no tenure system, professors","76","55","21","0","0","0","6","4","2","2","1","1","0","0","0","0","0","0","65","48","17","0","0","0","0","0","0","3","2","1","-2"
"130794","Yale University","2016","Not on tenure/no tenure system, associate professors","18","6","12","0","0","0","3","2","1","1","1","0","0","0","0","0","0","0","14","3","11","0","0","0","0","0","0","0","0","0","-2"
"130794","Yale University","2016","Not on tenure/no tenure system, assistant professors","25","19","6","0","0","0","0","0","0","0","0","0","1","1","0","0","0","0","14","9","5","0","0","0","0","0","0","10","9","1","-2"
"130794","Yale University","2016","Not on tenure/no tenure system, lecturers","613","287","326","2","2","0","61","25","36","17","6","11","16","4","12","1","1","0","336","166","170","13","7","6","119","55","64","48","21","27","-2"
"130934","Delaware State University","2016","Tenured total","127","80","47","3","2","1","24","20","4","52","30","22","2","1","1","0","0","0","46","27","19","0","0","0","0","0","0","0","0","0","-2"
"130934","Delaware State University","2016","Tenured, professors","41","31","10","2","2","0","8","8","0","17","13","4","0","0","0","0","0","0","14","8","6","0","0","0","0","0","0","0","0","0","-2"
"130934","Delaware State University","2016","Tenured, associate professors","86","49","37","1","0","1","16","12","4","35","17","18","2","1","1","0","0","0","32","19","13","0","0","0","0","0","0","0","0","0","-2"
"130934","Delaware State University","2016","On-Tenure track total","63","30","33","0","0","0","17","8","9","16","6","10","2","1","1","0","0","0","28","15","13","0","0","0","0","0","0","0","0","0","-2"
"130934","Delaware State University","2016","On-tenure track, professors","1","1","0","0","0","0","0","0","0","0","0","0","0","0","0","0","0","0","1","1","0","0","0","0","0","0","0","0","0","0","-2"
"130934","Delaware State University","2016","On-tenure track, associate professors","16","6","10","0","0","0","6","1","5","3","1","2","1","1","0","0","0","0","6","3","3","0","0","0","0","0","0","0","0","0","-2"
"130934","Delaware State University","2016","On-tenure track, assistant professors","43","23","20","0","0","0","11","7","4","13","5","8","0","0","0","0","0","0","19","11","8","0","0","0","0","0","0","0","0","0","-2"
"130934","Delaware State University","2016","On-tenure track, instructors","3","0","3","0","0","0","0","0","0","0","0","0","1","0","1","0","0","0","2","0","2","0","0","0","0","0","0","0","0","0","-2"
"130934","Delaware State University","2016","Not on tenure track/No tenure system system total","32","13","19","0","0","0","5","3","2","14","6","8","0","0","0","0","0","0","13","4","9","0","0","0","0","0","0","0","0","0","-2"
"130934","Delaware State University","2016","Not on tenure/no tenure system, professors","1","1","0","0","0","0","0","0","0","1","1","0","0","0","0","0","0","0","0","0","0","0","0","0","0","0","0","0","0","0","-2"
"130934","Delaware State University","2016","Not on tenure/no tenure system, associate professors","1","1","0","0","0","0","0","0","0","1","1","0","0","0","0","0","0","0","0","0","0","0","0","0","0","0","0","0","0","0","-2"
"130934","Delaware State University","2016","Not on tenure/no tenure system, assistant professors","10","3","7","0","0","0","1","1","0","4","1","3","0","0","0","0","0","0","5","1","4","0","0","0","0","0","0","0","0","0","-2"
"130934","Delaware State University","2016","Not on tenure/no tenure system, instructors","12","6","6","0","0","0","1","1","0","7","3","4","0","0","0","0","0","0","4","2","2","0","0","0","0","0","0","0","0","0","-2"
"130934","Delaware State University","2016","Not on tenure/no tenure system, lecturers","8","2","6","0","0","0","3","1","2","1","0","1","0","0","0","0","0","0","4","1","3","0","0","0","0","0","0","0","0","0","-2"
"130943","University of Delaware","2016","Tenured total","664","438","226","0","0","0","95","67","28","27","15","12","21","14","7","0","0","0","518","341","177","0","0","0","2","1","1","1","0","1","-2"
"130943","University of Delaware","2016","Tenured, professors","372","279","93","0","0","0","49","41","8","13","8","5","11","11","0","0","0","0","299","219","80","0","0","0","0","0","0","0","0","0","-2"
"130943","University of Delaware","2016","Tenured, associate professors","292","159","133","0","0","0","46","26","20","14","7","7","10","3","7","0","0","0","219","122","97","0","0","0","2","1","1","1","0","1","-2"
"130943","University of Delaware","2016","On-Tenure track total","175","85","90","0","0","0","31","15","16","6","2","4","9","7","2","0","0","0","109","49","60","1","1","0","0","0","0","19","11","8","-2"
"130943","University of Delaware","2016","On-tenure track, associate professors","7","2","5","0","0","0","0","0","0","1","0","1","1","1","0","0","0","0","5","1","4","0","0","0","0","0","0","0","0","0","-2"
"130943","University of Delaware","2016","On-tenure track, assistant professors","168","83","85","0","0","0","31","15","16","5","2","3","8","6","2","0","0","0","104","48","56","1","1","0","0","0","0","19","11","8","-2"
"130943","University of Delaware","2016","Not on tenure track/No tenure system system total","297","132","165","1","0","1","15","7","8","13","7","6","9","3","6","1","0","1","249","108","141","2","0","2","0","0","0","7","7","0","-2"
"130943","University of Delaware","2016","Not on tenure/no tenure system, professors","12","9","3","0","0","0","2","1","1","1","1","0","0","0","0","0","0","0","9","7","2","0","0","0","0","0","0","0","0","0","-2"
"130943","University of Delaware","2016","Not on tenure/no tenure system, associate professors","56","33","23","0","0","0","3","3","0","2","1","1","1","0","1","0","0","0","47","27","20","1","0","1","0","0","0","2","2","0","-2"
"130943","University of Delaware","2016","Not on tenure/no tenure system, assistant professors","143","65","78","1","0","1","9","3","6","8","4","4","4","3","1","1","0","1","114","50","64","1","0","1","0","0","0","5","5","0","-2"
"130943","University of Delaware","2016","Not on tenure/no tenure system, instructors","86","25","61","0","0","0","1","0","1","2","1","1","4","0","4","0","0","0","79","24","55","0","0","0","0","0","0","0","0","0","-2"
"131520","Howard University","2016","Tenured total","426","272","154","2","1","1","49","39","10","247","153","94","10","1","9","0","0","0","81","53","28","0","0","0","37","25","12","0","0","0","-2"
"131520","Howard University","2016","Tenured, professors","208","150","58","2","1","1","23","20","3","117","82","35","4","1","3","0","0","0","45","33","12","0","0","0","17","13","4","0","0","0","-2"
"131520","Howard University","2016","Tenured, associate professors","214","120","94","0","0","0","25","18","7","128","70","58","5","0","5","0","0","0","36","20","16","0","0","0","20","12","8","0","0","0","-2"
"131520","Howard University","2016","Tenured, assistant professors","4","2","2","0","0","0","1","1","0","2","1","1","1","0","1","0","0","0","0","0","0","0","0","0","0","0","0","0","0","0","-2"
"131520","Howard University","2016","On-Tenure track total","144","68","76","0","0","0","20","12","8","84","38","46","3","1","2","0","0","0","21","10","11","0","0","0","16","7","9","0","0","0","-2"
"131520","Howard University","2016","On-tenure track, professors","1","1","0","0","0","0","0","0","0","1","1","0","0","0","0","0","0","0","0","0","0","0","0","0","0","0","0","0","0","0","-2"
"131520","Howard University","2016","On-tenure track, associate professors","15","9","6","0","0","0","3","3","0","6","4","2","1","0","1","0","0","0","2","1","1","0","0","0","3","1","2","0","0","0","-2"
"131520","Howard University","2016","On-tenure track, assistant professors","127","58","69","0","0","0","17","9","8","76","33","43","2","1","1","0","0","0","19","9","10","0","0","0","13","6","7","0","0","0","-2"
"131520","Howard University","2016","On-tenure track, instructors","1","0","1","0","0","0","0","0","0","1","0","1","0","0","0","0","0","0","0","0","0","0","0","0","0","0","0","0","0","0","-2"
"131520","Howard University","2016","Not on tenure track/No tenure system system total","594","302","292","1","1","0","28","7","21","376","191","185","23","20","3","0","0","0","99","49","50","0","0","0","67","34","33","0","0","0","-2"
"131520","Howard University","2016","Not on tenure/no tenure system, professors","19","13","6","0","0","0","1","1","0","9","4","5","0","0","0","0","0","0","9","8","1","0","0","0","0","0","0","0","0","0","-2"
"131520","Howard University","2016","Not on tenure/no tenure system, associate professors","29","19","10","0","0","0","1","1","0","20","11","9","1","0","1","0","0","0","4","4","0","0","0","0","3","3","0","0","0","0","-2"
"131520","Howard University","2016","Not on tenure/no tenure system, assistant professors","117","49","68","0","0","0","4","1","3","79","33","46","5","4","1","0","0","0","15","5","10","0","0","0","14","6","8","0","0","0","-2"
"131520","Howard University","2016","Not on tenure/no tenure system, instructors","108","41","67","1","1","0","3","0","3","63","24","39","4","3","1","0","0","0","23","4","19","0","0","0","14","9","5","0","0","0","-2"
"131520","Howard University","2016","Not on tenure/no tenure system, lecturers","224","123","101","0","0","0","12","0","12","143","84","59","12","12","0","0","0","0","27","15","12","0","0","0","30","12","18","0","0","0","-2"
"131520","Howard University","2016","Not on tenure/no tenure system, no academic rank","97","57","40","0","0","0","7","4","3","62","35","27","1","1","0","0","0","0","21","13","8","0","0","0","6","4","2","0","0","0","-2"
"133553","Embry-Riddle Aeronautical University-Daytona Beach","2016","Tenured total","121","97","24","0","0","0","14","11","3","2","1","1","1","0","1","0","0","0","103","85","18","0","0","0","0","0","0","1","0","1","-2"
"133553","Embry-Riddle Aeronautical University-Daytona Beach","2016","Tenured, professors","68","60","8","0","0","0","9","8","1","1","1","0","0","0","0","0","0","0","57","51","6","0","0","0","0","0","0","1","0","1","-2"
"133553","Embry-Riddle Aeronautical University-Daytona Beach","2016","Tenured, associate professors","53","37","16","0","0","0","5","3","2","1","0","1","1","0","1","0","0","0","46","34","12","0","0","0","0","0","0","0","0","0","-2"
"133553","Embry-Riddle Aeronautical University-Daytona Beach","2016","On-Tenure track total","80","52","28","0","0","0","7","4","3","2","2","0","4","1","3","0","0","0","48","32","16","0","0","0","8","4","4","11","9","2","-2"
"133553","Embry-Riddle Aeronautical University-Daytona Beach","2016","On-tenure track, professors","2","2","0","0","0","0","0","0","0","0","0","0","0","0","0","0","0","0","2","2","0","0","0","0","0","0","0","0","0","0","-2"
"133553","Embry-Riddle Aeronautical University-Daytona Beach","2016","On-tenure track, associate professors","16","12","4","0","0","0","2","1","1","0","0","0","2","1","1","0","0","0","11","9","2","0","0","0","1","1","0","0","0","0","-2"
"133553","Embry-Riddle Aeronautical University-Daytona Beach","2016","On-tenure track, assistant professors","62","38","24","0","0","0","5","3","2","2","2","0","2","0","2","0","0","0","35","21","14","0","0","0","7","3","4","11","9","2","-2"
"133553","Embry-Riddle Aeronautical University-Daytona Beach","2016","Not on tenure track/No tenure system system total","104","77","27","0","0","0","7","3","4","3","2","1","5","4","1","1","1","0","79","62","17","0","0","0","5","2","3","4","3","1","-2"
"133553","Embry-Riddle Aeronautical University-Daytona Beach","2016","Not on tenure/no tenure system, professors","5","4","1","0","0","0","0","0","0","0","0","0","1","0","1","0","0","0","4","4","0","0","0","0","0","0","0","0","0","0","-2"
"133553","Embry-Riddle Aeronautical University-Daytona Beach","2016","Not on tenure/no tenure system, associate professors","32","27","5","0","0","0","2","1","1","2","2","0","1","1","0","0","0","0","27","23","4","0","0","0","0","0","0","0","0","0","-2"
"133553","Embry-Riddle Aeronautical University-Daytona Beach","2016","Not on tenure/no tenure system, assistant professors","46","33","13","0","0","0","4","2","2","1","0","1","3","3","0","1","1","0","30","23","7","0","0","0","4","1","3","3","3","0","-2"
"133553","Embry-Riddle Aeronautical University-Daytona Beach","2016","Not on tenure/no tenure system, instructors","21","13","8","0","0","0","1","0","1","0","0","0","0","0","0","0","0","0","18","12","6","0","0","0","1","1","0","1","0","1","-2"
"133650","Florida Agricultural and Mechanical University","2016","Tenured total","299","183","116","0","0","0","17","14","3","198","114","84","9","3","6","0","0","0","54","37","17","5","2","3","0","0","0","16","13","3","-2"
"133650","Florida Agricultural and Mechanical University","2016","Tenured, professors","143","102","41","0","0","0","11","10","1","95","64","31","3","1","2","0","0","0","26","21","5","1","0","1","0","0","0","7","6","1","-2"
"133650","Florida Agricultural and Mechanical University","2016","Tenured, associate professors","145","74","71","0","0","0","6","4","2","92","43","49","6","2","4","0","0","0","28","16","12","4","2","2","0","0","0","9","7","2","-2"
"133650","Florida Agricultural and Mechanical University","2016","Tenured, assistant professors","11","7","4","0","0","0","0","0","0","11","7","4","0","0","0","0","0","0","0","0","0","0","0","0","0","0","0","0","0","0","-2"
"133650","Florida Agricultural and Mechanical University","2016","On-Tenure track total","128","61","67","0","0","0","6","3","3","84","34","50","6","5","1","0","0","0","18","10","8","2","1","1","0","0","0","12","8","4","-2"
"133650","Florida Agricultural and Mechanical University","2016","On-tenure track, professors","1","0","1","0","0","0","1","0","1","0","0","0","0","0","0","0","0","0","0","0","0","0","0","0","0","0","0","0","0","0","-2"
"133650","Florida Agricultural and Mechanical University","2016","On-tenure track, associate professors","24","8","16","0","0","0","1","0","1","17","5","12","0","0","0","0","0","0","2","1","1","2","1","1","0","0","0","2","1","1","-2"
"133650","Florida Agricultural and Mechanical University","2016","On-tenure track, assistant professors","102","52","50","0","0","0","4","3","1","67","29","38","5","4","1","0","0","0","16","9","7","0","0","0","0","0","0","10","7","3","-2"
"133650","Florida Agricultural and Mechanical University","2016","On-tenure track, no academic rank","1","1","0","0","0","0","0","0","0","0","0","0","1","1","0","0","0","0","0","0","0","0","0","0","0","0","0","0","0","0","-2"
"133650","Florida Agricultural and Mechanical University","2016","Not on tenure track/No tenure system system total","115","51","64","0","0","0","1","1","0","76","28","48","3","0","3","0","0","0","19","12","7","1","1","0","0","0","0","15","9","6","-2"
"133650","Florida Agricultural and Mechanical University","2016","Not on tenure/no tenure system, professors","2","2","0","0","0","0","0","0","0","1","1","0","0","0","0","0","0","0","1","1","0","0","0","0","0","0","0","0","0","0","-2"
"133650","Florida Agricultural and Mechanical University","2016","Not on tenure/no tenure system, associate professors","3","2","1","0","0","0","0","0","0","1","0","1","0","0","0","0","0","0","1","1","0","1","1","0","0","0","0","0","0","0","-2"
"133650","Florida Agricultural and Mechanical University","2016","Not on tenure/no tenure system, assistant professors","34","20","14","0","0","0","0","0","0","23","13","10","0","0","0","0","0","0","6","4","2","0","0","0","0","0","0","5","3","2","-2"
"133650","Florida Agricultural and Mechanical University","2016","Not on tenure/no tenure system, instructors","72","25","47","0","0","0","1","1","0","48","13","35","3","0","3","0","0","0","10","5","5","0","0","0","0","0","0","10","6","4","-2"
"133650","Florida Agricultural and Mechanical University","2016","Not on tenure/no tenure system, lecturers","1","1","0","0","0","0","0","0","0","0","0","0","0","0","0","0","0","0","1","1","0","0","0","0","0","0","0","0","0","0","-2"
"133650","Florida Agricultural and Mechanical University","2016","Not on tenure/no tenure system, no academic rank","3","1","2","0","0","0","0","0","0","3","1","2","0","0","0","0","0","0","0","0","0","0","0","0","0","0","0","0","0","0","-2"
"133881","Florida Institute of Technology","2016","Not on tenure track/No tenure system system total","303","229","74","1","1","0","33","28","5","7","4","3","18","10","8","10","10","0","213","159","54","2","1","1","2","1","1","17","15","2","-2"
"133881","Florida Institute of Technology","2016","Not on tenure/no tenure system, professors","82","69","13","0","0","0","6","5","1","0","0","0","3","2","1","10","10","0","59","49","10","0","0","0","1","0","1","3","3","0","-2"
"133881","Florida Institute of Technology","2016","Not on tenure/no tenure system, associate professors","88","76","12","0","0","0","16","14","2","2","2","0","5","5","0","0","0","0","63","53","10","1","1","0","0","0","0","1","1","0","-2"
"133881","Florida Institute of Technology","2016","Not on tenure/no tenure system, assistant professors","112","75","37","1","1","0","11","9","2","3","2","1","10","3","7","0","0","0","73","49","24","1","0","1","1","1","0","12","10","2","-2"
"133881","Florida Institute of Technology","2016","Not on tenure/no tenure system, instructors","21","9","12","0","0","0","0","0","0","2","0","2","0","0","0","0","0","0","18","8","10","0","0","0","0","0","0","1","1","0","-2"
"133951","Florida International University","2016","Tenured total","494","343","151","2","1","1","106","84","22","24","12","12","66","50","16","0","0","0","284","190","94","0","0","0","0","0","0","12","6","6","-2"
"133951","Florida International University","2016","Tenured, professors","241","185","56","1","0","1","45","39","6","9","8","1","44","35","9","0","0","0","139","101","38","0","0","0","0","0","0","3","2","1","-2"
"133951","Florida International University","2016","Tenured, associate professors","253","158","95","1","1","0","61","45","16","15","4","11","22","15","7","0","0","0","145","89","56","0","0","0","0","0","0","9","4","5","-2"
"133951","Florida International University","2016","On-Tenure track total","224","129","95","1","1","0","37","24","13","8","2","6","18","11","7","0","0","0","120","66","54","0","0","0","0","0","0","40","25","15","-2"
"133951","Florida International University","2016","On-tenure track, associate professors","15","10","5","0","0","0","6","5","1","2","0","2","1","1","0","0","0","0","5","3","2","0","0","0","0","0","0","1","1","0","-2"
"133951","Florida International University","2016","On-tenure track, assistant professors","209","119","90","1","1","0","31","19","12","6","2","4","17","10","7","0","0","0","115","63","52","0","0","0","0","0","0","39","24","15","-2"
"133951","Florida International University","2016","Not on tenure track/No tenure system system total","556","265","291","1","0","1","34","16","18","45","15","30","150","65","85","0","0","0","285","138","147","4","2","2","0","0","0","37","29","8","-2"
"133951","Florida International University","2016","Not on tenure/no tenure system, professors","19","14","5","0","0","0","2","1","1","0","0","0","2","2","0","0","0","0","12","8","4","0","0","0","0","0","0","3","3","0","-2"
"133951","Florida International University","2016","Not on tenure/no tenure system, associate professors","41","17","24","0","0","0","1","1","0","5","1","4","12","4","8","0","0","0","20","8","12","0","0","0","0","0","0","3","3","0","-2"
"133951","Florida International University","2016","Not on tenure/no tenure system, assistant professors","135","50","85","0","0","0","11","6","5","16","1","15","37","15","22","0","0","0","59","19","40","2","1","1","0","0","0","10","8","2","-2"
"133951","Florida International University","2016","Not on tenure/no tenure system, instructors","295","152","143","1","0","1","17","7","10","21","12","9","78","36","42","0","0","0","156","82","74","1","0","1","0","0","0","21","15","6","-2"
"133951","Florida International University","2016","Not on tenure/no tenure system, lecturers","39","18","21","0","0","0","3","1","2","3","1","2","9","3","6","0","0","0","24","13","11","0","0","0","0","0","0","0","0","0","-2"
"133951","Florida International University","2016","Not on tenure/no tenure system, no academic rank","27","14","13","0","0","0","0","0","0","0","0","0","12","5","7","0","0","0","14","8","6","1","1","0","0","0","0","0","0","0","-2"
"133979","Florida Memorial University","2016","Tenured total","28","17","11","0","0","0","4","4","0","13","7","6","2","2","0","0","0","0","9","4","5","0","0","0","0","0","0","0","0","0","-2"
"133979","Florida Memorial University","2016","Tenured, professors","7","4","3","0","0","0","2","2","0","4","2","2","0","0","0","0","0","0","1","0","1","0","0","0","0","0","0","0","0","0","-2"
"133979","Florida Memorial University","2016","Tenured, associate professors","21","13","8","0","0","0","2","2","0","9","5","4","2","2","0","0","0","0","8","4","4","0","0","0","0","0","0","0","0","0","-2"
"133979","Florida Memorial University","2016","On-Tenure track total","34","22","12","0","0","0","2","1","1","26","17","9","2","1","1","0","0","0","4","3","1","0","0","0","0","0","0","0","0","0","-2"
"133979","Florida Memorial University","2016","On-tenure track, associate professors","12","8","4","0","0","0","0","0","0","10","7","3","1","0","1","0","0","0","1","1","0","0","0","0","0","0","0","0","0","0","-2"
"133979","Florida Memorial University","2016","On-tenure track, assistant professors","22","14","8","0","0","0","2","1","1","16","10","6","1","1","0","0","0","0","3","2","1","0","0","0","0","0","0","0","0","0","-2"
"133979","Florida Memorial University","2016","Not on tenure track/No tenure system system total","9","6","3","0","0","0","2","1","1","4","2","2","2","2","0","0","0","0","1","1","0","0","0","0","0","0","0","0","0","0","-2"
"133979","Florida Memorial University","2016","Not on tenure/no tenure system, instructors","9","6","3","0","0","0","2","1","1","4","2","2","2","2","0","0","0","0","1","1","0","0","0","0","0","0","0","0","0","0","-2"
"134097","Florida State University","2016","Tenured total","778","535","243","3","3","0","100","79","21","33","15","18","26","18","8","0","0","0","610","419","191","6","1","5","0","0","0","0","0","0","-2"
"134097","Florida State University","2016","Tenured, professors","464","345","119","2","2","0","49","40","9","19","11","8","15","10","5","0","0","0","376","281","95","3","1","2","0","0","0","0","0","0","-2"
"134097","Florida State University","2016","Tenured, associate professors","294","172","122","1","1","0","48","36","12","14","4","10","10","7","3","0","0","0","218","124","94","3","0","3","0","0","0","0","0","0","-2"
"134097","Florida State University","2016","Tenured, no academic rank","20","18","2","0","0","0","3","3","0","0","0","0","1","1","0","0","0","0","16","14","2","0","0","0","0","0","0","0","0","0","-2"
"134097","Florida State University","2016","On-Tenure track total","309","177","132","0","0","0","39","26","13","10","5","5","14","8","6","0","0","0","190","104","86","4","2","2","0","0","0","52","32","20","-2"
"134097","Florida State University","2016","On-tenure track, professors","3","2","1","0","0","0","0","0","0","0","0","0","0","0","0","0","0","0","3","2","1","0","0","0","0","0","0","0","0","0","-2"
"134097","Florida State University","2016","On-tenure track, associate professors","11","6","5","0","0","0","5","3","2","1","1","0","0","0","0","0","0","0","5","2","3","0","0","0","0","0","0","0","0","0","-2"
"134097","Florida State University","2016","On-tenure track, assistant professors","295","169","126","0","0","0","34","23","11","9","4","5","14","8","6","0","0","0","182","100","82","4","2","2","0","0","0","52","32","20","-2"
"134097","Florida State University","2016","Not on tenure track/No tenure system system total","429","192","237","0","0","0","18","4","14","25","7","18","25","8","17","0","0","0","341","168","173","9","1","8","0","0","0","11","4","7","-2"
"134097","Florida State University","2016","Not on tenure/no tenure system, professors","16","10","6","0","0","0","0","0","0","2","1","1","2","1","1","0","0","0","11","8","3","1","0","1","0","0","0","0","0","0","-2"
"134097","Florida State University","2016","Not on tenure/no tenure system, associate professors","11","5","6","0","0","0","0","0","0","1","0","1","2","1","1","0","0","0","8","4","4","0","0","0","0","0","0","0","0","0","-2"
"134097","Florida State University","2016","Not on tenure/no tenure system, assistant professors","28","11","17","0","0","0","1","0","1","2","0","2","3","1","2","0","0","0","17","8","9","1","0","1","0","0","0","4","2","2","-2"
"134097","Florida State University","2016","Not on tenure/no tenure system, lecturers","2","2","0","0","0","0","0","0","0","2","2","0","0","0","0","0","0","0","0","0","0","0","0","0","0","0","0","0","0","0","-2"
"134097","Florida State University","2016","Not on tenure/no tenure system, no academic rank","372","164","208","0","0","0","17","4","13","18","4","14","18","5","13","0","0","0","305","148","157","7","1","6","0","0","0","7","2","5","-2"
"135726","University of Miami","2016","Tenured total","851","619","232","4","4","0","105","81","24","23","14","9","91","60","31","0","0","0","619","455","164","3","2","1","2","2","0","4","1","3","-2"
"135726","University of Miami","2016","Tenured, professors","573","456","117","2","2","0","63","53","10","13","9","4","63","47","16","0","0","0","425","340","85","3","2","1","2","2","0","2","1","1","-2"
"135726","University of Miami","2016","Tenured, associate professors","278","163","115","2","2","0","42","28","14","10","5","5","28","13","15","0","0","0","194","115","79","0","0","0","0","0","0","2","0","2","-2"
"135726","University of Miami","2016","On-Tenure track total","232","147","85","0","0","0","48","31","17","7","6","1","25","17","8","0","0","0","110","61","49","1","0","1","2","1","1","39","31","8","-2"
"135726","University of Miami","2016","On-tenure track, professors","16","12","4","0","0","0","6","3","3","1","1","0","1","1","0","0","0","0","6","5","1","0","0","0","1","1","0","1","1","0","-2"
"135726","University of Miami","2016","On-tenure track, associate professors","51","37","14","0","0","0","17","13","4","1","1","0","10","8","2","0","0","0","21","14","7","0","0","0","1","0","1","1","1","0","-2"
"135726","University of Miami","2016","On-tenure track, assistant professors","165","98","67","0","0","0","25","15","10","5","4","1","14","8","6","0","0","0","83","42","41","1","0","1","0","0","0","37","29","8","-2"
"135726","University of Miami","2016","Not on tenure track/No tenure system system total","436","206","230","0","0","0","21","4","17","27","9","18","107","46","61","0","0","0","253","127","126","7","3","4","6","6","0","15","11","4","-2"
"135726","University of Miami","2016","Not on tenure/no tenure system, professors","19","13","6","0","0","0","0","0","0","1","0","1","2","2","0","0","0","0","15","10","5","0","0","0","1","1","0","0","0","0","-2"
"135726","University of Miami","2016","Not on tenure/no tenure system, associate professors","26","12","14","0","0","0","2","1","1","4","2","2","6","3","3","0","0","0","13","6","7","0","0","0","0","0","0","1","0","1","-2"
"135726","University of Miami","2016","Not on tenure/no tenure system, assistant professors","83","35","48","0","0","0","5","1","4","10","1","9","24","5","19","0","0","0","35","20","15","1","0","1","2","2","0","6","6","0","-2"
"135726","University of Miami","2016","Not on tenure/no tenure system, lecturers","308","146","162","0","0","0","14","2","12","12","6","6","75","36","39","0","0","0","190","91","99","6","3","3","3","3","0","8","5","3","-2"
"137351","University of South Florida-Main Campus","2016","Tenured total","727","490","237","3","2","1","93","74","19","33","16","17","39","21","18","0","0","0","536","361","175","1","0","1","2","2","0","20","14","6","-2"
"137351","University of South Florida-Main Campus","2016","Tenured, professors","382","284","98","3","2","1","46","43","3","7","6","1","23","14","9","0","0","0","300","217","83","0","0","0","1","1","0","2","1","1","-2"
"137351","University of South Florida-Main Campus","2016","Tenured, associate professors","343","206","137","0","0","0","47","31","16","26","10","16","16","7","9","0","0","0","234","144","90","1","0","1","1","1","0","18","13","5","-2"
"137351","University of South Florida-Main Campus","2016","Tenured, assistant professors","1","0","1","0","0","0","0","0","0","0","0","0","0","0","0","0","0","0","1","0","1","0","0","0","0","0","0","0","0","0","-2"
"137351","University of South Florida-Main Campus","2016","Tenured, instructors","1","0","1","0","0","0","0","0","0","0","0","0","0","0","0","0","0","0","1","0","1","0","0","0","0","0","0","0","0","0","-2"
"137351","University of South Florida-Main Campus","2016","On-Tenure track total","273","140","133","1","0","1","46","27","19","15","5","10","18","9","9","0","0","0","141","73","68","1","0","1","2","1","1","49","25","24","-2"
"137351","University of South Florida-Main Campus","2016","On-tenure track, professors","14","11","3","0","0","0","1","1","0","1","1","0","1","0","1","0","0","0","10","9","1","0","0","0","1","0","1","0","0","0","-2"
"137351","University of South Florida-Main Campus","2016","On-tenure track, associate professors","24","16","8","0","0","0","5","5","0","1","0","1","2","1","1","0","0","0","15","9","6","0","0","0","0","0","0","1","1","0","-2"
"137351","University of South Florida-Main Campus","2016","On-tenure track, assistant professors","226","108","118","1","0","1","39","20","19","13","4","9","13","7","6","0","0","0","112","52","60","1","0","1","1","1","0","46","24","22","-2"
"137351","University of South Florida-Main Campus","2016","On-tenure track, instructors","9","5","4","0","0","0","1","1","0","0","0","0","2","1","1","0","0","0","4","3","1","0","0","0","0","0","0","2","0","2","-2"
"137351","University of South Florida-Main Campus","2016","Not on tenure track/No tenure system system total","753","345","408","1","1","0","66","30","36","33","15","18","97","48","49","0","0","0","514","232","282","2","0","2","2","1","1","38","18","20","-2"
"137351","University of South Florida-Main Campus","2016","Not on tenure/no tenure system, professors","44","31","13","0","0","0","4","2","2","1","0","1","1","1","0","0","0","0","38","28","10","0","0","0","0","0","0","0","0","0","-2"
"137351","University of South Florida-Main Campus","2016","Not on tenure/no tenure system, associate professors","80","42","38","1","1","0","5","4","1","4","2","2","15","9","6","0","0","0","50","25","25","0","0","0","1","0","1","4","1","3","-2"
"137351","University of South Florida-Main Campus","2016","Not on tenure/no tenure system, assistant professors","226","116","110","0","0","0","30","16","14","9","3","6","47","29","18","0","0","0","128","62","66","1","0","1","0","0","0","11","6","5","-2"
"137351","University of South Florida-Main Campus","2016","Not on tenure/no tenure system, instructors","337","132","205","0","0","0","17","5","12","19","10","9","24","7","17","0","0","0","255","100","155","1","0","1","1","1","0","20","9","11","-2"
"137351","University of South Florida-Main Campus","2016","Not on tenure/no tenure system, no academic rank","66","24","42","0","0","0","10","3","7","0","0","0","10","2","8","0","0","0","43","17","26","0","0","0","0","0","0","3","2","1","-2"
"139755","Georgia Institute of Technology-Main Campus","2016","Tenured total","570","445","125","0","0","0","58","48","10","18","14","4","15","9","6","0","0","0","300","241","59","1","1","0","0","0","0","178","132","46","-2"
"139755","Georgia Institute of Technology-Main Campus","2016","Tenured, professors","323","262","61","0","0","0","38","33","5","7","6","1","6","4","2","0","0","0","196","158","38","0","0","0","0","0","0","76","61","15","-2"
"139755","Georgia Institute of Technology-Main Campus","2016","Tenured, associate professors","217","164","53","0","0","0","19","15","4","11","8","3","6","3","3","0","0","0","93","75","18","1","1","0","0","0","0","87","62","25","-2"
"139755","Georgia Institute of Technology-Main Campus","2016","Tenured, assistant professors","30","19","11","0","0","0","1","0","1","0","0","0","3","2","1","0","0","0","11","8","3","0","0","0","0","0","0","15","9","6","-2"
"139755","Georgia Institute of Technology-Main Campus","2016","On-Tenure track total","126","83","43","0","0","0","9","5","4","3","1","2","2","2","0","0","0","0","59","39","20","0","0","0","2","1","1","51","35","16","-2"
"139755","Georgia Institute of Technology-Main Campus","2016","On-tenure track, professors","1","1","0","0","0","0","0","0","0","0","0","0","0","0","0","0","0","0","1","1","0","0","0","0","0","0","0","0","0","0","-2"
"139755","Georgia Institute of Technology-Main Campus","2016","On-tenure track, associate professors","5","3","2","0","0","0","0","0","0","0","0","0","0","0","0","0","0","0","3","2","1","0","0","0","0","0","0","2","1","1","-2"
"139755","Georgia Institute of Technology-Main Campus","2016","On-tenure track, assistant professors","120","79","41","0","0","0","9","5","4","3","1","2","2","2","0","0","0","0","55","36","19","0","0","0","2","1","1","49","34","15","-2"
"139755","Georgia Institute of Technology-Main Campus","2016","Not on tenure track/No tenure system system total","136","77","59","0","0","0","9","5","4","4","3","1","1","0","1","0","0","0","99","56","43","0","0","0","3","1","2","20","12","8","-2"
"139755","Georgia Institute of Technology-Main Campus","2016","Not on tenure/no tenure system, professors","1","1","0","0","0","0","0","0","0","0","0","0","0","0","0","0","0","0","0","0","0","0","0","0","0","0","0","1","1","0","-2"
"139755","Georgia Institute of Technology-Main Campus","2016","Not on tenure/no tenure system, assistant professors","1","1","0","0","0","0","0","0","0","0","0","0","0","0","0","0","0","0","1","1","0","0","0","0","0","0","0","0","0","0","-2"
"139755","Georgia Institute of Technology-Main Campus","2016","Not on tenure/no tenure system, instructors","19","6","13","0","0","0","0","0","0","0","0","0","0","0","0","0","0","0","17","6","11","0","0","0","1","0","1","1","0","1","-2"
"139755","Georgia Institute of Technology-Main Campus","2016","Not on tenure/no tenure system, lecturers","62","36","26","0","0","0","5","2","3","3","2","1","1","0","1","0","0","0","41","24","17","0","0","0","0","0","0","12","8","4","-2"
"139755","Georgia Institute of Technology-Main Campus","2016","Not on tenure/no tenure system, no academic rank","53","33","20","0","0","0","4","3","1","1","1","0","0","0","0","0","0","0","40","25","15","0","0","0","2","1","1","6","3","3","-2"
"139959","University of Georgia","2016","Tenured total","1222","838","384","4","2","2","117","89","28","79","42","37","51","31","20","0","0","0","942","655","287","5","4","1","23","15","8","1","0","1","-2"
"139959","University of Georgia","2016","Tenured, professors","720","532","188","4","2","2","56","46","10","45","26","19","24","17","7","0","0","0","572","428","144","3","3","0","15","10","5","1","0","1","-2"
"139959","University of Georgia","2016","Tenured, associate professors","501","305","196","0","0","0","61","43","18","34","16","18","27","14","13","0","0","0","369","226","143","2","1","1","8","5","3","0","0","0","-2"
"139959","University of Georgia","2016","Tenured, assistant professors","1","1","0","0","0","0","0","0","0","0","0","0","0","0","0","0","0","0","1","1","0","0","0","0","0","0","0","0","0","0","-2"
"139959","University of Georgia","2016","On-Tenure track total","407","225","182","1","1","0","57","35","22","14","5","9","18","9","9","0","0","0","252","140","112","1","0","1","50","26","24","14","9","5","-2"
"139959","University of Georgia","2016","On-tenure track, professors","1","0","1","0","0","0","0","0","0","0","0","0","0","0","0","0","0","0","1","0","1","0","0","0","0","0","0","0","0","0","-2"
"139959","University of Georgia","2016","On-tenure track, associate professors","18","11","7","0","0","0","2","1","1","0","0","0","2","1","1","0","0","0","8","6","2","1","0","1","5","3","2","0","0","0","-2"
"139959","University of Georgia","2016","On-tenure track, assistant professors","388","214","174","1","1","0","55","34","21","14","5","9","16","8","8","0","0","0","243","134","109","0","0","0","45","23","22","14","9","5","-2"
"139959","University of Georgia","2016","Not on tenure track/No tenure system system total","383","173","210","2","0","2","12","5","7","9","2","7","13","2","11","0","0","0","298","135","163","3","1","2","38","21","17","8","7","1","-2"
"139959","University of Georgia","2016","Not on tenure/no tenure system, professors","10","5","5","0","0","0","0","0","0","0","0","0","0","0","0","0","0","0","9","4","5","0","0","0","1","1","0","0","0","0","-2"
"139959","University of Georgia","2016","Not on tenure/no tenure system, associate professors","29","10","19","0","0","0","0","0","0","1","0","1","1","0","1","0","0","0","26","9","17","0","0","0","1","1","0","0","0","0","-2"
"139959","University of Georgia","2016","Not on tenure/no tenure system, assistant professors","73","31","42","1","0","1","1","0","1","1","0","1","2","1","1","0","0","0","43","14","29","1","0","1","21","13","8","3","3","0","-2"
"139959","University of Georgia","2016","Not on tenure/no tenure system, instructors","81","41","40","1","0","1","2","2","0","0","0","0","7","1","6","0","0","0","62","34","28","1","0","1","6","3","3","2","1","1","-2"
"139959","University of Georgia","2016","Not on tenure/no tenure system, lecturers","190","86","104","0","0","0","9","3","6","7","2","5","3","0","3","0","0","0","158","74","84","1","1","0","9","3","6","3","3","0","-2"
"140720","Paine College","2016","Tenured total","4","4","0","0","0","0","2","2","0","1","1","0","0","0","0","0","0","0","1","1","0","0","0","0","0","0","0","0","0","0","-2"
"140720","Paine College","2016","Tenured, professors","3","3","0","0","0","0","2","2","0","0","0","0","0","0","0","0","0","0","1","1","0","0","0","0","0","0","0","0","0","0","-2"
"140720","Paine College","2016","Tenured, associate professors","1","1","0","0","0","0","0","0","0","1","1","0","0","0","0","0","0","0","0","0","0","0","0","0","0","0","0","0","0","0","-2"
"140720","Paine College","2016","On-Tenure track total","23","16","7","0","0","0","4","3","1","16","10","6","1","1","0","0","0","0","2","2","0","0","0","0","0","0","0","0","0","0","-2"
"140720","Paine College","2016","On-tenure track, associate professors","5","3","2","0","0","0","1","1","0","4","2","2","0","0","0","0","0","0","0","0","0","0","0","0","0","0","0","0","0","0","-2"
"140720","Paine College","2016","On-tenure track, assistant professors","18","13","5","0","0","0","3","2","1","12","8","4","1","1","0","0","0","0","2","2","0","0","0","0","0","0","0","0","0","0","-2"
"140720","Paine College","2016","Not on tenure track/No tenure system system total","5","2","3","0","0","0","0","0","0","4","2","2","0","0","0","0","0","0","1","0","1","0","0","0","0","0","0","0","0","0","-2"
"140720","Paine College","2016","Not on tenure/no tenure system, assistant professors","2","1","1","0","0","0","0","0","0","2","1","1","0","0","0","0","0","0","0","0","0","0","0","0","0","0","0","0","0","0","-2"
"140720","Paine College","2016","Not on tenure/no tenure system, instructors","3","1","2","0","0","0","0","0","0","2","1","1","0","0","0","0","0","0","1","0","1","0","0","0","0","0","0","0","0","0","-2"
"140960","Savannah State University","2016","Tenured total","50","34","16","0","0","0","15","11","4","24","16","8","0","0","0","0","0","0","9","6","3","0","0","0","0","0","0","2","1","1","-2"
"140960","Savannah State University","2016","Tenured, professors","22","17","5","0","0","0","8","7","1","11","8","3","0","0","0","0","0","0","3","2","1","0","0","0","0","0","0","0","0","0","-2"
"140960","Savannah State University","2016","Tenured, associate professors","22","14","8","0","0","0","6","4","2","9","6","3","0","0","0","0","0","0","5","3","2","0","0","0","0","0","0","2","1","1","-2"
"140960","Savannah State University","2016","Tenured, assistant professors","5","3","2","0","0","0","0","0","0","4","2","2","0","0","0","0","0","0","1","1","0","0","0","0","0","0","0","0","0","0","-2"
"140960","Savannah State University","2016","Tenured, instructors","1","0","1","0","0","0","1","0","1","0","0","0","0","0","0","0","0","0","0","0","0","0","0","0","0","0","0","0","0","0","-2"
"140960","Savannah State University","2016","On-Tenure track total","81","45","36","0","0","0","6","6","0","28","13","15","2","2","0","1","0","1","23","13","10","0","0","0","3","2","1","18","9","9","-2"
"140960","Savannah State University","2016","On-tenure track, professors","3","3","0","0","0","0","1","1","0","2","2","0","0","0","0","0","0","0","0","0","0","0","0","0","0","0","0","0","0","0","-2"
"140960","Savannah State University","2016","On-tenure track, associate professors","19","9","10","0","0","0","2","2","0","3","2","1","0","0","0","0","0","0","9","4","5","0","0","0","1","1","0","4","0","4","-2"
"140960","Savannah State University","2016","On-tenure track, assistant professors","57","33","24","0","0","0","3","3","0","22","9","13","2","2","0","1","0","1","13","9","4","0","0","0","2","1","1","14","9","5","-2"
"140960","Savannah State University","2016","On-tenure track, instructors","2","0","2","0","0","0","0","0","0","1","0","1","0","0","0","0","0","0","1","0","1","0","0","0","0","0","0","0","0","0","-2"
"140960","Savannah State University","2016","Not on tenure track/No tenure system system total","77","31","46","0","0","0","4","3","1","31","10","21","3","2","1","0","0","0","31","12","19","1","0","1","4","2","2","3","2","1","-2"
"140960","Savannah State University","2016","Not on tenure/no tenure system, professors","1","1","0","0","0","0","0","0","0","1","1","0","0","0","0","0","0","0","0","0","0","0","0","0","0","0","0","0","0","0","-2"
"140960","Savannah State University","2016","Not on tenure/no tenure system, associate professors","1","1","0","0","0","0","0","0","0","0","0","0","0","0","0","0","0","0","1","1","0","0","0","0","0","0","0","0","0","0","-2"
"140960","Savannah State University","2016","Not on tenure/no tenure system, assistant professors","8","2","6","0","0","0","0","0","0","4","0","4","1","1","0","0","0","0","3","1","2","0","0","0","0","0","0","0","0","0","-2"
"140960","Savannah State University","2016","Not on tenure/no tenure system, instructors","54","23","31","0","0","0","4","3","1","19","7","12","2","1","1","0","0","0","22","9","13","1","0","1","3","1","2","3","2","1","-2"
"140960","Savannah State University","2016","Not on tenure/no tenure system, lecturers","12","4","8","0","0","0","0","0","0","6","2","4","0","0","0","0","0","0","5","1","4","0","0","0","1","1","0","0","0","0","-2"
"140960","Savannah State University","2016","Not on tenure/no tenure system, no academic rank","1","0","1","0","0","0","0","0","0","1","0","1","0","0","0","0","0","0","0","0","0","0","0","0","0","0","0","0","0","0","-2"
"141060","Spelman College","2016","Tenured total","83","27","56","0","0","0","9","4","5","56","14","42","4","1","3","0","0","0","12","7","5","2","1","1","0","0","0","0","0","0","-2"
"141060","Spelman College","2016","Tenured, professors","25","9","16","0","0","0","5","2","3","14","3","11","1","0","1","0","0","0","5","4","1","0","0","0","0","0","0","0","0","0","-2"
"141060","Spelman College","2016","Tenured, associate professors","58","18","40","0","0","0","4","2","2","42","11","31","3","1","2","0","0","0","7","3","4","2","1","1","0","0","0","0","0","0","-2"
"141060","Spelman College","2016","On-Tenure track total","46","14","32","0","0","0","8","4","4","26","5","21","2","1","1","0","0","0","6","1","5","4","3","1","0","0","0","0","0","0","-2"
"141060","Spelman College","2016","On-tenure track, assistant professors","46","14","32","0","0","0","8","4","4","26","5","21","2","1","1","0","0","0","6","1","5","4","3","1","0","0","0","0","0","0","-2"
"141060","Spelman College","2016","Not on tenure track/No tenure system system total","42","9","33","0","0","0","0","0","0","32","6","26","4","1","3","0","0","0","5","1","4","1","1","0","0","0","0","0","0","0","-2"
"141060","Spelman College","2016","Not on tenure/no tenure system, instructors","18","4","14","0","0","0","0","0","0","17","4","13","1","0","1","0","0","0","0","0","0","0","0","0","0","0","0","0","0","0","-2"
"141060","Spelman College","2016","Not on tenure/no tenure system, lecturers","24","5","19","0","0","0","0","0","0","15","2","13","3","1","2","0","0","0","5","1","4","1","1","0","0","0","0","0","0","0","-2"
"141574","University of Hawaii at Manoa","2016","Tenured total","743","458","285","1","1","0","205","124","81","5","3","2","11","6","5","37","11","26","446","296","150","7","2","5","0","0","0","31","15","16","-2"
"141574","University of Hawaii at Manoa","2016","Tenured, professors","440","305","135","1","1","0","110","81","29","2","1","1","7","3","4","14","4","10","295","210","85","2","0","2","0","0","0","9","5","4","-2"
"141574","University of Hawaii at Manoa","2016","Tenured, associate professors","302","153","149","0","0","0","94","43","51","3","2","1","4","3","1","23","7","16","151","86","65","5","2","3","0","0","0","22","10","12","-2"
"141574","University of Hawaii at Manoa","2016","Tenured, assistant professors","1","0","1","0","0","0","1","0","1","0","0","0","0","0","0","0","0","0","0","0","0","0","0","0","0","0","0","0","0","0","-2"
"141574","University of Hawaii at Manoa","2016","On-Tenure track total","188","81","107","0","0","0","36","17","19","6","3","3","7","3","4","16","4","12","90","43","47","9","1","8","0","0","0","24","10","14","-2"
"141574","University of Hawaii at Manoa","2016","On-tenure track, professors","1","1","0","0","0","0","1","1","0","0","0","0","0","0","0","0","0","0","0","0","0","0","0","0","0","0","0","0","0","0","-2"
"141574","University of Hawaii at Manoa","2016","On-tenure track, associate professors","7","4","3","0","0","0","2","2","0","1","0","1","0","0","0","1","1","0","3","1","2","0","0","0","0","0","0","0","0","0","-2"
"141574","University of Hawaii at Manoa","2016","On-tenure track, assistant professors","180","76","104","0","0","0","33","14","19","5","3","2","7","3","4","15","3","12","87","42","45","9","1","8","0","0","0","24","10","14","-2"
"141574","University of Hawaii at Manoa","2016","Not on tenure track/No tenure system system total","217","88","129","2","1","1","63","17","46","4","0","4","7","3","4","31","12","19","83","41","42","9","2","7","0","0","0","18","12","6","-2"
"141574","University of Hawaii at Manoa","2016","Not on tenure/no tenure system, professors","14","11","3","0","0","0","6","4","2","0","0","0","0","0","0","1","1","0","6","5","1","0","0","0","0","0","0","1","1","0","-2"
"141574","University of Hawaii at Manoa","2016","Not on tenure/no tenure system, associate professors","26","12","14","0","0","0","10","5","5","0","0","0","0","0","0","1","0","1","15","7","8","0","0","0","0","0","0","0","0","0","-2"
"141574","University of Hawaii at Manoa","2016","Not on tenure/no tenure system, assistant professors","77","31","46","0","0","0","19","4","15","2","0","2","3","1","2","9","3","6","30","14","16","3","0","3","0","0","0","11","9","2","-2"
"141574","University of Hawaii at Manoa","2016","Not on tenure/no tenure system, instructors","100","34","66","2","1","1","28","4","24","2","0","2","4","2","2","20","8","12","32","15","17","6","2","4","0","0","0","6","2","4","-2"
"141644","Hawaii Pacific University","2016","Tenured total","3","3","0","0","0","0","0","0","0","0","0","0","0","0","0","0","0","0","3","3","0","0","0","0","0","0","0","0","0","0","-2"
"141644","Hawaii Pacific University","2016","Tenured, professors","2","2","0","0","0","0","0","0","0","0","0","0","0","0","0","0","0","0","2","2","0","0","0","0","0","0","0","0","0","0","-2"
"141644","Hawaii Pacific University","2016","Tenured, associate professors","1","1","0","0","0","0","0","0","0","0","0","0","0","0","0","0","0","0","1","1","0","0","0","0","0","0","0","0","0","0","-2"
"141644","Hawaii Pacific University","2016","Not on tenure track/No tenure system system total","147","76","71","4","1","3","26","13","13","2","0","2","6","1","5","6","3","3","98","57","41","5","1","4","0","0","0","0","0","0","-2"
"141644","Hawaii Pacific University","2016","Not on tenure/no tenure system, professors","27","15","12","1","0","1","2","2","0","0","0","0","0","0","0","1","0","1","22","13","9","1","0","1","0","0","0","0","0","0","-2"
"141644","Hawaii Pacific University","2016","Not on tenure/no tenure system, associate professors","46","24","22","1","0","1","11","6","5","1","0","1","1","0","1","2","2","0","29","15","14","1","1","0","0","0","0","0","0","0","-2"
"141644","Hawaii Pacific University","2016","Not on tenure/no tenure system, assistant professors","38","18","20","1","1","0","7","3","4","0","0","0","2","0","2","1","0","1","25","14","11","2","0","2","0","0","0","0","0","0","-2"
"141644","Hawaii Pacific University","2016","Not on tenure/no tenure system, instructors","18","10","8","0","0","0","3","1","2","0","0","0","2","1","1","2","1","1","10","7","3","1","0","1","0","0","0","0","0","0","-2"
"141644","Hawaii Pacific University","2016","Not on tenure/no tenure system, lecturers","18","9","9","1","0","1","3","1","2","1","0","1","1","0","1","0","0","0","12","8","4","0","0","0","0","0","0","0","0","0","-2"
"142115","Boise State University","2016","Tenured total","353","198","155","3","1","2","22","16","6","2","2","0","12","4","8","0","0","0","309","171","138","2","2","0","0","0","0","3","2","1","-2"
"142115","Boise State University","2016","Tenured, professors","166","107","59","3","1","2","7","6","1","0","0","0","4","3","1","0","0","0","150","95","55","1","1","0","0","0","0","1","1","0","-2"
"142115","Boise State University","2016","Tenured, associate professors","183","89","94","0","0","0","15","10","5","2","2","0","8","1","7","0","0","0","155","74","81","1","1","0","0","0","0","2","1","1","-2"
"142115","Boise State University","2016","Tenured, assistant professors","4","2","2","0","0","0","0","0","0","0","0","0","0","0","0","0","0","0","4","2","2","0","0","0","0","0","0","0","0","0","-2"
"142115","Boise State University","2016","On-Tenure track total","159","86","73","0","0","0","14","8","6","1","1","0","4","3","1","0","0","0","125","64","61","0","0","0","1","1","0","14","9","5","-2"
"142115","Boise State University","2016","On-tenure track, associate professors","5","3","2","0","0","0","0","0","0","0","0","0","0","0","0","0","0","0","5","3","2","0","0","0","0","0","0","0","0","0","-2"
"142115","Boise State University","2016","On-tenure track, assistant professors","154","83","71","0","0","0","14","8","6","1","1","0","4","3","1","0","0","0","120","61","59","0","0","0","1","1","0","14","9","5","-2"
"142115","Boise State University","2016","Not on tenure track/No tenure system system total","215","90","125","0","0","0","11","4","7","0","0","0","9","2","7","1","1","0","191","81","110","1","0","1","0","0","0","2","2","0","-2"
"142115","Boise State University","2016","Not on tenure/no tenure system, associate professors","7","2","5","0","0","0","0","0","0","0","0","0","0","0","0","0","0","0","7","2","5","0","0","0","0","0","0","0","0","0","-2"
"142115","Boise State University","2016","Not on tenure/no tenure system, assistant professors","50","19","31","0","0","0","2","1","1","0","0","0","3","0","3","1","1","0","42","15","27","0","0","0","0","0","0","2","2","0","-2"
"142115","Boise State University","2016","Not on tenure/no tenure system, instructors","7","3","4","0","0","0","0","0","0","0","0","0","1","0","1","0","0","0","6","3","3","0","0","0","0","0","0","0","0","0","-2"
"142115","Boise State University","2016","Not on tenure/no tenure system, lecturers","138","60","78","0","0","0","9","3","6","0","0","0","4","2","2","0","0","0","124","55","69","1","0","1","0","0","0","0","0","0","-2"
"142115","Boise State University","2016","Not on tenure/no tenure system, no academic rank","13","6","7","0","0","0","0","0","0","0","0","0","1","0","1","0","0","0","12","6","6","0","0","0","0","0","0","0","0","0","-2"
"142294","The College of Idaho","2016","Tenured total","42","24","18","0","0","0","2","0","2","0","0","0","0","0","0","0","0","0","38","24","14","1","0","1","0","0","0","1","0","1","-2"
"142294","The College of Idaho","2016","Tenured, professors","27","17","10","0","0","0","2","0","2","0","0","0","0","0","0","0","0","0","25","17","8","0","0","0","0","0","0","0","0","0","-2"
"142294","The College of Idaho","2016","Tenured, associate professors","15","7","8","0","0","0","0","0","0","0","0","0","0","0","0","0","0","0","13","7","6","1","0","1","0","0","0","1","0","1","-2"
"142294","The College of Idaho","2016","On-Tenure track total","24","14","10","0","0","0","0","0","0","0","0","0","1","0","1","0","0","0","22","14","8","0","0","0","0","0","0","1","0","1","-2"
"142294","The College of Idaho","2016","On-tenure track, professors","1","1","0","0","0","0","0","0","0","0","0","0","0","0","0","0","0","0","1","1","0","0","0","0","0","0","0","0","0","0","-2"
"142294","The College of Idaho","2016","On-tenure track, associate professors","1","1","0","0","0","0","0","0","0","0","0","0","0","0","0","0","0","0","1","1","0","0","0","0","0","0","0","0","0","0","-2"
"142294","The College of Idaho","2016","On-tenure track, assistant professors","20","10","10","0","0","0","0","0","0","0","0","0","1","0","1","0","0","0","18","10","8","0","0","0","0","0","0","1","0","1","-2"
"142294","The College of Idaho","2016","On-tenure track, instructors","2","2","0","0","0","0","0","0","0","0","0","0","0","0","0","0","0","0","2","2","0","0","0","0","0","0","0","0","0","0","-2"
"142294","The College of Idaho","2016","Not on tenure track/No tenure system system total","25","17","8","0","0","0","0","0","0","0","0","0","0","0","0","1","1","0","22","14","8","1","1","0","0","0","0","1","1","0","-2"
"142294","The College of Idaho","2016","Not on tenure/no tenure system, assistant professors","8","4","4","0","0","0","0","0","0","0","0","0","0","0","0","0","0","0","7","3","4","1","1","0","0","0","0","0","0","0","-2"
"142294","The College of Idaho","2016","Not on tenure/no tenure system, instructors","14","10","4","0","0","0","0","0","0","0","0","0","0","0","0","1","1","0","13","9","4","0","0","0","0","0","0","0","0","0","-2"
"142294","The College of Idaho","2016","Not on tenure/no tenure system, no academic rank","3","3","0","0","0","0","0","0","0","0","0","0","0","0","0","0","0","0","2","2","0","0","0","0","0","0","0","1","1","0","-2"
"144050","University of Chicago","2016","Tenured total","818","611","207","0","0","0","100","84","16","28","21","7","23","19","4","0","0","0","641","468","173","7","6","1","14","10","4","5","3","2","-2"
"144050","University of Chicago","2016","Tenured, professors","633","497","136","0","0","0","72","67","5","17","13","4","17","14","3","0","0","0","510","389","121","4","4","0","10","8","2","3","2","1","-2"
"144050","University of Chicago","2016","Tenured, associate professors","185","114","71","0","0","0","28","17","11","11","8","3","6","5","1","0","0","0","131","79","52","3","2","1","4","2","2","2","1","1","-2"
"144050","University of Chicago","2016","On-Tenure track total","302","200","102","1","1","0","41","23","18","4","1","3","9","3","6","0","0","0","190","133","57","4","2","2","18","15","3","35","22","13","-2"
"144050","University of Chicago","2016","On-tenure track, professors","3","3","0","0","0","0","0","0","0","0","0","0","0","0","0","0","0","0","3","3","0","0","0","0","0","0","0","0","0","0","-2"
"144050","University of Chicago","2016","On-tenure track, associate professors","40","28","12","0","0","0","7","5","2","0","0","0","0","0","0","0","0","0","29","20","9","0","0","0","1","1","0","3","2","1","-2"
"144050","University of Chicago","2016","On-tenure track, assistant professors","259","169","90","1","1","0","34","18","16","4","1","3","9","3","6","0","0","0","158","110","48","4","2","2","17","14","3","32","20","12","-2"
"144050","University of Chicago","2016","Not on tenure track/No tenure system system total","1049","592","457","0","0","0","210","122","88","41","11","30","15","6","9","1","0","1","641","367","274","3","0","3","57","33","24","81","53","28","-2"
"144050","University of Chicago","2016","Not on tenure/no tenure system, professors","216","160","56","0","0","0","27","19","8","7","3","4","2","0","2","0","0","0","163","123","40","0","0","0","6","6","0","11","9","2","-2"
"144050","University of Chicago","2016","Not on tenure/no tenure system, associate professors","192","115","77","0","0","0","49","34","15","12","4","8","2","1","1","0","0","0","120","72","48","1","0","1","4","2","2","4","2","2","-2"
"144050","University of Chicago","2016","Not on tenure/no tenure system, assistant professors","343","166","177","0","0","0","88","50","38","15","2","13","6","4","2","0","0","0","179","85","94","1","0","1","26","9","17","28","16","12","-2"
"144050","University of Chicago","2016","Not on tenure/no tenure system, instructors","66","45","21","0","0","0","4","3","1","1","0","1","1","0","1","0","0","0","32","19","13","0","0","0","7","6","1","21","17","4","-2"
"144050","University of Chicago","2016","Not on tenure/no tenure system, lecturers","172","78","94","0","0","0","18","7","11","3","2","1","4","1","3","0","0","0","121","55","66","1","0","1","11","7","4","14","6","8","-2"
"144050","University of Chicago","2016","Not on tenure/no tenure system, no academic rank","60","28","32","0","0","0","24","9","15","3","0","3","0","0","0","1","0","1","26","13","13","0","0","0","3","3","0","3","3","0","-2"
"144865","College of DuPage","2016","Tenured total","283","147","136","2","1","1","24","9","15","13","8","5","8","5","3","0","0","0","233","122","111","2","1","1","1","1","0","0","0","0","-2"
"144865","College of DuPage","2016","Tenured, professors","132","70","62","1","1","0","13","5","8","5","3","2","2","1","1","0","0","0","110","60","50","1","0","1","0","0","0","0","0","0","-2"
"144865","College of DuPage","2016","Tenured, associate professors","44","27","17","0","0","0","4","2","2","2","2","0","3","2","1","0","0","0","35","21","14","0","0","0","0","0","0","0","0","0","-2"
"144865","College of DuPage","2016","Tenured, assistant professors","84","41","43","0","0","0","6","2","4","4","2","2","3","2","1","0","0","0","70","34","36","1","1","0","0","0","0","0","0","0","-2"
"144865","College of DuPage","2016","Tenured, instructors","23","9","14","1","0","1","1","0","1","2","1","1","0","0","0","0","0","0","18","7","11","0","0","0","1","1","0","0","0","0","-2"
"144865","College of DuPage","2016","Not on tenure track/No tenure system system total","2","1","1","0","0","0","1","0","1","0","0","0","0","0","0","0","0","0","1","1","0","0","0","0","0","0","0","0","0","0","-2"
"144865","College of DuPage","2016","Not on tenure/no tenure system, assistant professors","1","0","1","0","0","0","1","0","1","0","0","0","0","0","0","0","0","0","0","0","0","0","0","0","0","0","0","0","0","0","-2"
"144865","College of DuPage","2016","Not on tenure/no tenure system, instructors","1","1","0","0","0","0","0","0","0","0","0","0","0","0","0","0","0","0","1","1","0","0","0","0","0","0","0","0","0","0","-2"
"145637","University of Illinois at Urbana-Champaign","2016","Tenured total","1271","891","380","4","1","3","213","159","54","58","32","26","71","43","28","0","0","0","900","637","263","11","7","4","10","10","0","4","2","2","-2"
"145637","University of Illinois at Urbana-Champaign","2016","Tenured, professors","783","590","193","1","0","1","106","86","20","27","16","11","40","25","15","0","0","0","596","451","145","5","4","1","6","6","0","2","2","0","-2"
"145637","University of Illinois at Urbana-Champaign","2016","Tenured, associate professors","488","301","187","3","1","2","107","73","34","31","16","15","31","18","13","0","0","0","304","186","118","6","3","3","4","4","0","2","0","2","-2"
"145637","University of Illinois at Urbana-Champaign","2016","On-Tenure track total","486","284","202","3","2","1","75","40","35","23","8","15","25","15","10","0","0","0","264","159","105","6","4","2","11","5","6","79","51","28","-2"
"145637","University of Illinois at Urbana-Champaign","2016","On-tenure track, professors","1","1","0","0","0","0","0","0","0","1","1","0","0","0","0","0","0","0","0","0","0","0","0","0","0","0","0","0","0","0","-2"
"145637","University of Illinois at Urbana-Champaign","2016","On-tenure track, associate professors","10","7","3","0","0","0","2","2","0","1","0","1","1","0","1","0","0","0","5","5","0","0","0","0","1","0","1","0","0","0","-2"
"145637","University of Illinois at Urbana-Champaign","2016","On-tenure track, assistant professors","475","276","199","3","2","1","73","38","35","21","7","14","24","15","9","0","0","0","259","154","105","6","4","2","10","5","5","79","51","28","-2"
"145637","University of Illinois at Urbana-Champaign","2016","Not on tenure track/No tenure system system total","491","236","255","0","0","0","32","18","14","17","5","12","19","10","9","0","0","0","397","186","211","5","5","0","6","4","2","15","8","7","-2"
"145637","University of Illinois at Urbana-Champaign","2016","Not on tenure/no tenure system, professors","29","15","14","0","0","0","1","1","0","0","0","0","1","1","0","0","0","0","26","12","14","0","0","0","0","0","0","1","1","0","-2"
"145637","University of Illinois at Urbana-Champaign","2016","Not on tenure/no tenure system, associate professors","21","6","15","0","0","0","0","0","0","2","0","2","1","1","0","0","0","0","18","5","13","0","0","0","0","0","0","0","0","0","-2"
"145637","University of Illinois at Urbana-Champaign","2016","Not on tenure/no tenure system, assistant professors","109","47","62","0","0","0","9","4","5","7","2","5","3","1","2","0","0","0","83","36","47","1","1","0","1","1","0","5","2","3","-2"
"145637","University of Illinois at Urbana-Champaign","2016","Not on tenure/no tenure system, instructors","69","27","42","0","0","0","1","1","0","3","1","2","2","1","1","0","0","0","61","23","38","0","0","0","1","0","1","1","1","0","-2"
"145637","University of Illinois at Urbana-Champaign","2016","Not on tenure/no tenure system, lecturers","221","116","105","0","0","0","19","11","8","4","1","3","11","5","6","0","0","0","172","89","83","3","3","0","4","3","1","8","4","4","-2"
"145637","University of Illinois at Urbana-Champaign","2016","Not on tenure/no tenure system, no academic rank","42","25","17","0","0","0","2","1","1","1","1","0","1","1","0","0","0","0","37","21","16","1","1","0","0","0","0","0","0","0","-2"
"147703","Northern Illinois University","2016","Tenured total","465","278","187","1","0","1","36","25","11","17","9","8","12","6","6","0","0","0","329","201","128","3","2","1","5","3","2","62","32","30","-2"
"147703","Northern Illinois University","2016","Tenured, professors","200","144","56","0","0","0","23","18","5","7","4","3","4","1","3","0","0","0","150","108","42","2","1","1","2","2","0","12","10","2","-2"
"147703","Northern Illinois University","2016","Tenured, associate professors","261","132","129","1","0","1","13","7","6","9","5","4","8","5","3","0","0","0","176","91","85","1","1","0","3","1","2","50","22","28","-2"
"147703","Northern Illinois University","2016","Tenured, assistant professors","4","2","2","0","0","0","0","0","0","1","0","1","0","0","0","0","0","0","3","2","1","0","0","0","0","0","0","0","0","0","-2"
"147703","Northern Illinois University","2016","On-Tenure track total","148","74","74","1","0","1","15","8","7","2","0","2","5","2","3","0","0","0","94","45","49","0","0","0","2","0","2","29","19","10","-2"
"147703","Northern Illinois University","2016","On-tenure track, associate professors","7","3","4","0","0","0","1","1","0","0","0","0","0","0","0","0","0","0","4","1","3","0","0","0","1","0","1","1","1","0","-2"
"147703","Northern Illinois University","2016","On-tenure track, assistant professors","141","71","70","1","0","1","14","7","7","2","0","2","5","2","3","0","0","0","90","44","46","0","0","0","1","0","1","28","18","10","-2"
"147703","Northern Illinois University","2016","Not on tenure track/No tenure system system total","216","92","124","0","0","0","7","4","3","9","4","5","5","3","2","0","0","0","178","70","108","1","1","0","1","0","1","15","10","5","-2"
"147703","Northern Illinois University","2016","Not on tenure/no tenure system, professors","6","5","1","0","0","0","0","0","0","0","0","0","0","0","0","0","0","0","5","4","1","0","0","0","0","0","0","1","1","0","-2"
"147703","Northern Illinois University","2016","Not on tenure/no tenure system, associate professors","2","2","0","0","0","0","0","0","0","0","0","0","0","0","0","0","0","0","2","2","0","0","0","0","0","0","0","0","0","0","-2"
"147703","Northern Illinois University","2016","Not on tenure/no tenure system, assistant professors","30","11","19","0","0","0","2","1","1","3","1","2","1","1","0","0","0","0","23","7","16","0","0","0","0","0","0","1","1","0","-2"
"147703","Northern Illinois University","2016","Not on tenure/no tenure system, instructors","151","60","91","0","0","0","4","2","2","5","3","2","4","2","2","0","0","0","130","49","81","1","1","0","1","0","1","6","3","3","-2"
"147703","Northern Illinois University","2016","Not on tenure/no tenure system, no academic rank","27","14","13","0","0","0","1","1","0","1","0","1","0","0","0","0","0","0","18","8","10","0","0","0","0","0","0","7","5","2","-2"
"147767","Northwestern University","2016","Tenured total","1006","735","271","0","0","0","123","94","29","39","24","15","40","28","12","0","0","0","792","584","208","4","1","3","6","3","3","2","1","1","-2"
"147767","Northwestern University","2016","Tenured, professors","714","542","172","0","0","0","76","63","13","19","10","9","18","12","6","0","0","0","598","455","143","0","0","0","3","2","1","0","0","0","-2"
"147767","Northwestern University","2016","Tenured, associate professors","292","193","99","0","0","0","47","31","16","20","14","6","22","16","6","0","0","0","194","129","65","4","1","3","3","1","2","2","1","1","-2"
"147767","Northwestern University","2016","On-Tenure track total","329","193","136","1","1","0","36","22","14","18","5","13","12","7","5","0","0","0","200","122","78","8","3","5","11","7","4","43","26","17","-2"
"147767","Northwestern University","2016","On-tenure track, associate professors","23","15","8","0","0","0","3","2","1","0","0","0","0","0","0","0","0","0","18","11","7","0","0","0","1","1","0","1","1","0","-2"
"147767","Northwestern University","2016","On-tenure track, assistant professors","306","178","128","1","1","0","33","20","13","18","5","13","12","7","5","0","0","0","182","111","71","8","3","5","10","6","4","42","25","17","-2"
"147767","Northwestern University","2016","Not on tenure track/No tenure system system total","881","439","442","0","0","0","107","42","65","28","15","13","29","13","16","0","0","0","660","337","323","4","0","4","17","10","7","36","22","14","-2"
"147767","Northwestern University","2016","Not on tenure/no tenure system, professors","164","117","47","0","0","0","21","13","8","7","5","2","4","2","2","0","0","0","131","96","35","0","0","0","0","0","0","1","1","0","-2"
"147767","Northwestern University","2016","Not on tenure/no tenure system, associate professors","189","93","96","0","0","0","29","11","18","4","2","2","8","5","3","0","0","0","143","73","70","0","0","0","1","0","1","4","2","2","-2"
"147767","Northwestern University","2016","Not on tenure/no tenure system, assistant professors","229","104","125","0","0","0","39","13","26","11","5","6","9","3","6","0","0","0","156","76","80","2","0","2","3","2","1","9","5","4","-2"
"147767","Northwestern University","2016","Not on tenure/no tenure system, instructors","13","3","10","0","0","0","0","0","0","0","0","0","0","0","0","0","0","0","13","3","10","0","0","0","0","0","0","0","0","0","-2"
"147767","Northwestern University","2016","Not on tenure/no tenure system, lecturers","286","122","164","0","0","0","18","5","13","6","3","3","8","3","5","0","0","0","217","89","128","2","0","2","13","8","5","22","14","8","-2"
"149772","Western Illinois University","2016","Tenured total","369","235","134","3","1","2","46","32","14","22","16","6","7","4","3","0","0","0","283","178","105","4","3","1","0","0","0","4","1","3","-2"
"149772","Western Illinois University","2016","Tenured, professors","212","148","64","2","1","1","21","20","1","14","9","5","3","2","1","0","0","0","168","114","54","3","2","1","0","0","0","1","0","1","-2"
"149772","Western Illinois University","2016","Tenured, associate professors","154","86","68","1","0","1","24","12","12","8","7","1","4","2","2","0","0","0","113","63","50","1","1","0","0","0","0","3","1","2","-2"
"149772","Western Illinois University","2016","Tenured, assistant professors","2","1","1","0","0","0","0","0","0","0","0","0","0","0","0","0","0","0","2","1","1","0","0","0","0","0","0","0","0","0","-2"
"149772","Western Illinois University","2016","Tenured, instructors","1","0","1","0","0","0","1","0","1","0","0","0","0","0","0","0","0","0","0","0","0","0","0","0","0","0","0","0","0","0","-2"
"149772","Western Illinois University","2016","On-Tenure track total","75","34","41","0","0","0","8","4","4","5","3","2","2","1","1","1","1","0","53","20","33","0","0","0","1","1","0","5","4","1","-2"
"149772","Western Illinois University","2016","On-tenure track, assistant professors","75","34","41","0","0","0","8","4","4","5","3","2","2","1","1","1","1","0","53","20","33","0","0","0","1","1","0","5","4","1","-2"
"149772","Western Illinois University","2016","Not on tenure track/No tenure system system total","122","44","78","0","0","0","6","1","5","3","1","2","1","0","1","0","0","0","107","39","68","0","0","0","3","2","1","2","1","1","-2"
"149772","Western Illinois University","2016","Not on tenure/no tenure system, associate professors","2","0","2","0","0","0","0","0","0","0","0","0","0","0","0","0","0","0","2","0","2","0","0","0","0","0","0","0","0","0","-2"
"149772","Western Illinois University","2016","Not on tenure/no tenure system, assistant professors","20","8","12","0","0","0","1","0","1","0","0","0","0","0","0","0","0","0","19","8","11","0","0","0","0","0","0","0","0","0","-2"
"149772","Western Illinois University","2016","Not on tenure/no tenure system, instructors","95","34","61","0","0","0","5","1","4","3","1","2","1","0","1","0","0","0","81","29","52","0","0","0","3","2","1","2","1","1","-2"
"149772","Western Illinois University","2016","Not on tenure/no tenure system, lecturers","5","2","3","0","0","0","0","0","0","0","0","0","0","0","0","0","0","0","5","2","3","0","0","0","0","0","0","0","0","0","-2"
"150136","Ball State University","2016","Tenured total","452","281","171","0","0","0","8","6","2","8","4","4","5","4","1","0","0","0","363","228","135","3","2","1","1","0","1","64","37","27","-2"
"150136","Ball State University","2016","Tenured, professors","211","149","62","0","0","0","5","4","1","3","2","1","3","3","0","0","0","0","173","123","50","2","2","0","0","0","0","25","15","10","-2"
"150136","Ball State University","2016","Tenured, associate professors","219","119","100","0","0","0","3","2","1","5","2","3","2","1","1","0","0","0","168","92","76","1","0","1","1","0","1","39","22","17","-2"
"150136","Ball State University","2016","Tenured, assistant professors","22","13","9","0","0","0","0","0","0","0","0","0","0","0","0","0","0","0","22","13","9","0","0","0","0","0","0","0","0","0","-2"
"150136","Ball State University","2016","On-Tenure track total","219","105","114","0","0","0","6","3","3","6","1","5","8","2","6","0","0","0","155","78","77","4","1","3","0","0","0","40","20","20","-2"
"150136","Ball State University","2016","On-tenure track, associate professors","10","4","6","0","0","0","0","0","0","0","0","0","0","0","0","0","0","0","9","4","5","0","0","0","0","0","0","1","0","1","-2"
"150136","Ball State University","2016","On-tenure track, assistant professors","209","101","108","0","0","0","6","3","3","6","1","5","8","2","6","0","0","0","146","74","72","4","1","3","0","0","0","39","20","19","-2"
"150136","Ball State University","2016","Not on tenure track/No tenure system system total","343","148","195","0","0","0","9","4","5","12","4","8","8","4","4","0","0","0","293","124","169","3","2","1","3","3","0","15","7","8","-2"
"150136","Ball State University","2016","Not on tenure/no tenure system, associate professors","1","1","0","0","0","0","0","0","0","0","0","0","0","0","0","0","0","0","1","1","0","0","0","0","0","0","0","0","0","0","-2"
"150136","Ball State University","2016","Not on tenure/no tenure system, assistant professors","110","56","54","0","0","0","2","1","1","2","0","2","5","2","3","0","0","0","91","47","44","0","0","0","1","1","0","9","5","4","-2"
"150136","Ball State University","2016","Not on tenure/no tenure system, instructors","232","91","141","0","0","0","7","3","4","10","4","6","3","2","1","0","0","0","201","76","125","3","2","1","2","2","0","6","2","4","-2"
"151351","Indiana University-Bloomington","2016","Tenured total","1024","686","338","1","1","0","91","53","38","33","17","16","37","23","14","0","0","0","848","580","268","14","12","2","0","0","0","0","0","0","-2"
"151351","Indiana University-Bloomington","2016","Tenured, professors","626","465","161","1","1","0","46","35","11","11","4","7","19","15","4","0","0","0","542","403","139","7","7","0","0","0","0","0","0","0","-2"
"151351","Indiana University-Bloomington","2016","Tenured, associate professors","398","221","177","0","0","0","45","18","27","22","13","9","18","8","10","0","0","0","306","177","129","7","5","2","0","0","0","0","0","0","-2"
"151351","Indiana University-Bloomington","2016","On-Tenure track total","381","234","147","1","0","1","81","52","29","21","13","8","25","13","12","1","1","0","247","151","96","3","2","1","0","0","0","2","2","0","-2"
"151351","Indiana University-Bloomington","2016","On-tenure track, professors","3","3","0","0","0","0","0","0","0","0","0","0","0","0","0","0","0","0","3","3","0","0","0","0","0","0","0","0","0","0","-2"
"151351","Indiana University-Bloomington","2016","On-tenure track, associate professors","61","39","22","0","0","0","10","7","3","7","4","3","4","1","3","0","0","0","40","27","13","0","0","0","0","0","0","0","0","0","-2"
"151351","Indiana University-Bloomington","2016","On-tenure track, assistant professors","317","192","125","1","0","1","71","45","26","14","9","5","21","12","9","1","1","0","204","121","83","3","2","1","0","0","0","2","2","0","-2"
"151351","Indiana University-Bloomington","2016","Not on tenure track/No tenure system system total","669","328","341","2","2","0","53","24","29","32","21","11","30","19","11","0","0","0","546","261","285","3","1","2","0","0","0","3","0","3","-2"
"151351","Indiana University-Bloomington","2016","Not on tenure/no tenure system, professors","65","45","20","0","0","0","6","4","2","7","5","2","2","2","0","0","0","0","50","34","16","0","0","0","0","0","0","0","0","0","-2"
"151351","Indiana University-Bloomington","2016","Not on tenure/no tenure system, associate professors","55","26","29","0","0","0","1","1","0","3","2","1","1","1","0","0","0","0","50","22","28","0","0","0","0","0","0","0","0","0","-2"
"151351","Indiana University-Bloomington","2016","Not on tenure/no tenure system, assistant professors","116","54","62","0","0","0","14","8","6","5","3","2","7","4","3","0","0","0","88","38","50","2","1","1","0","0","0","0","0","0","-2"
"151351","Indiana University-Bloomington","2016","Not on tenure/no tenure system, lecturers","433","203","230","2","2","0","32","11","21","17","11","6","20","12","8","0","0","0","358","167","191","1","0","1","0","0","0","3","0","3","-2"
"152600","Valparaiso University","2016","Tenured total","144","92","52","1","1","0","7","6","1","2","2","0","1","1","0","0","0","0","129","80","49","0","0","0","4","2","2","0","0","0","-2"
"152600","Valparaiso University","2016","Tenured, professors","53","41","12","1","1","0","2","2","0","0","0","0","1","1","0","0","0","0","48","36","12","0","0","0","1","1","0","0","0","0","-2"
"152600","Valparaiso University","2016","Tenured, associate professors","87","47","40","0","0","0","5","4","1","2","2","0","0","0","0","0","0","0","77","40","37","0","0","0","3","1","2","0","0","0","-2"
"152600","Valparaiso University","2016","Tenured, assistant professors","4","4","0","0","0","0","0","0","0","0","0","0","0","0","0","0","0","0","4","4","0","0","0","0","0","0","0","0","0","0","-2"
"152600","Valparaiso University","2016","On-Tenure track total","69","39","30","0","0","0","10","5","5","4","3","1","0","0","0","0","0","0","46","25","21","0","0","0","8","5","3","1","1","0","-2"
"152600","Valparaiso University","2016","On-tenure track, associate professors","6","5","1","0","0","0","3","2","1","1","1","0","0","0","0","0","0","0","1","1","0","0","0","0","1","1","0","0","0","0","-2"
"152600","Valparaiso University","2016","On-tenure track, assistant professors","63","34","29","0","0","0","7","3","4","3","2","1","0","0","0","0","0","0","45","24","21","0","0","0","7","4","3","1","1","0","-2"
"152600","Valparaiso University","2016","Not on tenure track/No tenure system system total","84","36","48","0","0","0","3","0","3","5","3","2","0","0","0","0","0","0","50","20","30","0","0","0","24","12","12","2","1","1","-2"
"152600","Valparaiso University","2016","Not on tenure/no tenure system, professors","4","3","1","0","0","0","0","0","0","1","0","1","0","0","0","0","0","0","3","3","0","0","0","0","0","0","0","0","0","0","-2"
"152600","Valparaiso University","2016","Not on tenure/no tenure system, associate professors","4","1","3","0","0","0","1","0","1","0","0","0","0","0","0","0","0","0","2","0","2","0","0","0","1","1","0","0","0","0","-2"
"152600","Valparaiso University","2016","Not on tenure/no tenure system, assistant professors","15","4","11","0","0","0","0","0","0","2","1","1","0","0","0","0","0","0","10","3","7","0","0","0","3","0","3","0","0","0","-2"
"152600","Valparaiso University","2016","Not on tenure/no tenure system, instructors","11","4","7","0","0","0","0","0","0","0","0","0","0","0","0","0","0","0","4","0","4","0","0","0","5","3","2","2","1","1","-2"
"152600","Valparaiso University","2016","Not on tenure/no tenure system, lecturers","50","24","26","0","0","0","2","0","2","2","2","0","0","0","0","0","0","0","31","14","17","0","0","0","15","8","7","0","0","0","-2"
"153603","Iowa State University","2016","Tenured total","897","655","242","2","2","0","169","140","29","17","13","4","25","16","9","1","1","0","677","481","196","0","0","0","0","0","0","6","2","4","-2"
"153603","Iowa State University","2016","Tenured, professors","518","407","111","1","1","0","89","75","14","9","6","3","12","10","2","0","0","0","406","315","91","0","0","0","0","0","0","1","0","1","-2"
"153603","Iowa State University","2016","Tenured, associate professors","378","248","130","1","1","0","80","65","15","8","7","1","13","6","7","1","1","0","270","166","104","0","0","0","0","0","0","5","2","3","-2"
"153603","Iowa State University","2016","Tenured, assistant professors","1","0","1","0","0","0","0","0","0","0","0","0","0","0","0","0","0","0","1","0","1","0","0","0","0","0","0","0","0","0","-2"
"153603","Iowa State University","2016","On-Tenure track total","375","210","165","1","1","0","57","33","24","13","6","7","10","7","3","0","0","0","231","124","107","5","2","3","0","0","0","58","37","21","-2"
"153603","Iowa State University","2016","On-tenure track, associate professors","10","7","3","0","0","0","1","1","0","0","0","0","0","0","0","0","0","0","8","5","3","0","0","0","0","0","0","1","1","0","-2"
"153603","Iowa State University","2016","On-tenure track, assistant professors","365","203","162","1","1","0","56","32","24","13","6","7","10","7","3","0","0","0","223","119","104","5","2","3","0","0","0","57","36","21","-2"
"153603","Iowa State University","2016","Not on tenure track/No tenure system system total","288","132","156","1","0","1","19","8","11","11","7","4","15","5","10","0","0","0","224","100","124","3","2","1","0","0","0","15","10","5","-2"
"153603","Iowa State University","2016","Not on tenure/no tenure system, professors","3","2","1","0","0","0","1","0","1","0","0","0","0","0","0","0","0","0","2","2","0","0","0","0","0","0","0","0","0","0","-2"
"153603","Iowa State University","2016","Not on tenure/no tenure system, associate professors","10","7","3","0","0","0","2","2","0","0","0","0","0","0","0","0","0","0","8","5","3","0","0","0","0","0","0","0","0","0","-2"
"153603","Iowa State University","2016","Not on tenure/no tenure system, assistant professors","31","10","21","0","0","0","7","1","6","3","1","2","4","2","2","0","0","0","14","4","10","1","1","0","0","0","0","2","1","1","-2"
"153603","Iowa State University","2016","Not on tenure/no tenure system, lecturers","244","113","131","1","0","1","9","5","4","8","6","2","11","3","8","0","0","0","200","89","111","2","1","1","0","0","0","13","9","4","-2"
"153658","University of Iowa","2016","Tenured total","1020","718","302","3","1","2","115","94","21","20","12","8","40","24","16","0","0","0","824","577","247","5","1","4","11","8","3","2","1","1","-2"
"153658","University of Iowa","2016","Tenured, professors","618","479","139","1","1","0","64","55","9","10","9","1","19","10","9","0","0","0","514","399","115","2","0","2","7","5","2","1","0","1","-2"
"153658","University of Iowa","2016","Tenured, associate professors","402","239","163","2","0","2","51","39","12","10","3","7","21","14","7","0","0","0","310","178","132","3","1","2","4","3","1","1","1","0","-2"
"153658","University of Iowa","2016","On-Tenure track total","340","206","134","1","0","1","51","30","21","8","4","4","15","10","5","0","0","0","219","127","92","4","3","1","6","4","2","36","28","8","-2"
"153658","University of Iowa","2016","On-tenure track, associate professors","19","13","6","0","0","0","6","3","3","0","0","0","1","1","0","0","0","0","11","8","3","1","1","0","0","0","0","0","0","0","-2"
"153658","University of Iowa","2016","On-tenure track, assistant professors","321","193","128","1","0","1","45","27","18","8","4","4","14","9","5","0","0","0","208","119","89","3","2","1","6","4","2","36","28","8","-2"
"153658","University of Iowa","2016","Not on tenure track/No tenure system system total","999","521","478","3","1","2","95","48","47","22","12","10","52","31","21","0","0","0","704","354","350","5","2","3","47","26","21","71","47","24","-2"
"153658","University of Iowa","2016","Not on tenure/no tenure system, professors","117","75","42","1","1","0","9","8","1","2","2","0","2","2","0","0","0","0","98","61","37","0","0","0","3","1","2","2","0","2","-2"
"153658","University of Iowa","2016","Not on tenure/no tenure system, associate professors","203","115","88","0","0","0","22","11","11","6","3","3","11","7","4","0","0","0","149","84","65","1","0","1","12","9","3","2","1","1","-2"
"153658","University of Iowa","2016","Not on tenure/no tenure system, assistant professors","379","196","183","0","0","0","45","23","22","10","5","5","24","14","10","0","0","0","230","110","120","2","1","1","21","10","11","47","33","14","-2"
"153658","University of Iowa","2016","Not on tenure/no tenure system, instructors","4","3","1","0","0","0","0","0","0","0","0","0","0","0","0","0","0","0","4","3","1","0","0","0","0","0","0","0","0","0","-2"
"153658","University of Iowa","2016","Not on tenure/no tenure system, lecturers","231","94","137","2","0","2","10","2","8","3","2","1","12","6","6","0","0","0","186","75","111","1","0","1","9","4","5","8","5","3","-2"
"153658","University of Iowa","2016","Not on tenure/no tenure system, no academic rank","65","38","27","0","0","0","9","4","5","1","0","1","3","2","1","0","0","0","37","21","16","1","1","0","2","2","0","12","8","4","-2"
"155317","University of Kansas","2016","Tenured total","972","657","315","6","4","2","124","90","34","29","18","11","38","23","15","0","0","0","760","516","244","11","4","7","3","2","1","1","0","1","-2"
"155317","University of Kansas","2016","Tenured, professors","510","392","118","3","2","1","57","51","6","13","9","4","15","12","3","0","0","0","420","317","103","1","0","1","1","1","0","0","0","0","-2"
"155317","University of Kansas","2016","Tenured, associate professors","458","262","196","3","2","1","66","38","28","16","9","7","23","11","12","0","0","0","337","197","140","10","4","6","2","1","1","1","0","1","-2"
"155317","University of Kansas","2016","Tenured, assistant professors","4","3","1","0","0","0","1","1","0","0","0","0","0","0","0","0","0","0","3","2","1","0","0","0","0","0","0","0","0","0","-2"
"155317","University of Kansas","2016","On-Tenure track total","285","171","114","2","1","1","49","29","20","9","2","7","6","6","0","0","0","0","180","108","72","5","2","3","4","1","3","30","22","8","-2"
"155317","University of Kansas","2016","On-tenure track, professors","3","0","3","0","0","0","0","0","0","0","0","0","0","0","0","0","0","0","3","0","3","0","0","0","0","0","0","0","0","0","-2"
"155317","University of Kansas","2016","On-tenure track, associate professors","13","7","6","0","0","0","4","2","2","1","0","1","0","0","0","0","0","0","8","5","3","0","0","0","0","0","0","0","0","0","-2"
"155317","University of Kansas","2016","On-tenure track, assistant professors","269","164","105","2","1","1","45","27","18","8","2","6","6","6","0","0","0","0","169","103","66","5","2","3","4","1","3","30","22","8","-2"
"155317","University of Kansas","2016","Not on tenure track/No tenure system system total","939","462","477","1","0","1","89","45","44","28","12","16","20","8","12","0","0","0","713","344","369","16","6","10","4","2","2","68","45","23","-2"
"155317","University of Kansas","2016","Not on tenure/no tenure system, professors","48","32","16","0","0","0","3","2","1","0","0","0","2","0","2","0","0","0","43","30","13","0","0","0","0","0","0","0","0","0","-2"
"155317","University of Kansas","2016","Not on tenure/no tenure system, associate professors","154","72","82","1","0","1","17","11","6","2","2","0","3","1","2","0","0","0","123","53","70","1","0","1","1","1","0","6","4","2","-2"
"155317","University of Kansas","2016","Not on tenure/no tenure system, assistant professors","503","259","244","0","0","0","59","28","31","17","4","13","8","3","5","0","0","0","359","187","172","8","4","4","2","0","2","50","33","17","-2"
"155317","University of Kansas","2016","Not on tenure/no tenure system, instructors","64","27","37","0","0","0","5","3","2","5","3","2","2","1","1","0","0","0","42","15","27","4","0","4","1","1","0","5","4","1","-2"
"155317","University of Kansas","2016","Not on tenure/no tenure system, lecturers","170","72","98","0","0","0","5","1","4","4","3","1","5","3","2","0","0","0","146","59","87","3","2","1","0","0","0","7","4","3","-2"
"157447","Northern Kentucky University","2016","Tenured total","274","154","120","1","1","0","19","9","10","11","9","2","3","3","0","0","0","0","236","130","106","2","0","2","0","0","0","2","2","0","-2"
"157447","Northern Kentucky University","2016","Tenured, professors","115","74","41","0","0","0","8","3","5","4","3","1","2","2","0","0","0","0","99","65","34","1","0","1","0","0","0","1","1","0","-2"
"157447","Northern Kentucky University","2016","Tenured, associate professors","159","80","79","1","1","0","11","6","5","7","6","1","1","1","0","0","0","0","137","65","72","1","0","1","0","0","0","1","1","0","-2"
"157447","Northern Kentucky University","2016","On-Tenure track total","100","41","59","0","0","0","3","1","2","10","4","6","5","2","3","0","0","0","71","28","43","2","1","1","0","0","0","9","5","4","-2"
"157447","Northern Kentucky University","2016","On-tenure track, associate professors","6","4","2","0","0","0","0","0","0","2","1","1","0","0","0","0","0","0","4","3","1","0","0","0","0","0","0","0","0","0","-2"
"157447","Northern Kentucky University","2016","On-tenure track, assistant professors","94","37","57","0","0","0","3","1","2","8","3","5","5","2","3","0","0","0","67","25","42","2","1","1","0","0","0","9","5","4","-2"
"157447","Northern Kentucky University","2016","Not on tenure track/No tenure system system total","195","78","117","1","1","0","4","2","2","6","2","4","3","0","3","1","1","0","177","71","106","0","0","0","0","0","0","3","1","2","-2"
"157447","Northern Kentucky University","2016","Not on tenure/no tenure system, assistant professors","4","2","2","0","0","0","0","0","0","0","0","0","0","0","0","0","0","0","3","2","1","0","0","0","0","0","0","1","0","1","-2"
"157447","Northern Kentucky University","2016","Not on tenure/no tenure system, lecturers","191","76","115","1","1","0","4","2","2","6","2","4","3","0","3","1","1","0","174","69","105","0","0","0","0","0","0","2","1","1","-2"
"157951","Western Kentucky University","2016","Tenured total","410","239","171","5","4","1","32","22","10","19","9","10","6","3","3","0","0","0","343","198","145","4","3","1","0","0","0","1","0","1","-2"
"157951","Western Kentucky University","2016","Tenured, professors","173","113","60","3","3","0","12","11","1","7","2","5","0","0","0","0","0","0","147","95","52","3","2","1","0","0","0","1","0","1","-2"
"157951","Western Kentucky University","2016","Tenured, associate professors","228","120","108","2","1","1","20","11","9","12","7","5","6","3","3","0","0","0","187","97","90","1","1","0","0","0","0","0","0","0","-2"
"157951","Western Kentucky University","2016","Tenured, assistant professors","9","6","3","0","0","0","0","0","0","0","0","0","0","0","0","0","0","0","9","6","3","0","0","0","0","0","0","0","0","0","-2"
"157951","Western Kentucky University","2016","On-Tenure track total","173","62","111","2","0","2","20","3","17","11","2","9","3","2","1","0","0","0","131","51","80","5","4","1","1","0","1","0","0","0","-2"
"157951","Western Kentucky University","2016","On-tenure track, professors","1","1","0","0","0","0","1","1","0","0","0","0","0","0","0","0","0","0","0","0","0","0","0","0","0","0","0","0","0","0","-2"
"157951","Western Kentucky University","2016","On-tenure track, associate professors","13","4","9","0","0","0","2","1","1","0","0","0","0","0","0","0","0","0","11","3","8","0","0","0","0","0","0","0","0","0","-2"
"157951","Western Kentucky University","2016","On-tenure track, assistant professors","159","57","102","2","0","2","17","1","16","11","2","9","3","2","1","0","0","0","120","48","72","5","4","1","1","0","1","0","0","0","-2"
"157951","Western Kentucky University","2016","Not on tenure track/No tenure system system total","181","65","116","0","0","0","15","6","9","7","3","4","6","3","3","0","0","0","145","50","95","4","2","2","3","0","3","1","1","0","-2"
"157951","Western Kentucky University","2016","Not on tenure/no tenure system, associate professors","1","0","1","0","0","0","0","0","0","0","0","0","0","0","0","0","0","0","1","0","1","0","0","0","0","0","0","0","0","0","-2"
"157951","Western Kentucky University","2016","Not on tenure/no tenure system, assistant professors","12","4","8","0","0","0","2","0","2","0","0","0","1","0","1","0","0","0","8","3","5","1","1","0","0","0","0","0","0","0","-2"
"157951","Western Kentucky University","2016","Not on tenure/no tenure system, instructors","138","45","93","0","0","0","10","4","6","6","3","3","4","3","1","0","0","0","114","34","80","1","0","1","2","0","2","1","1","0","-2"
"157951","Western Kentucky University","2016","Not on tenure/no tenure system, lecturers","3","1","2","0","0","0","0","0","0","0","0","0","0","0","0","0","0","0","2","1","1","0","0","0","1","0","1","0","0","0","-2"
"157951","Western Kentucky University","2016","Not on tenure/no tenure system, no academic rank","27","15","12","0","0","0","3","2","1","1","0","1","1","0","1","0","0","0","20","12","8","2","1","1","0","0","0","0","0","0","-2"
"159993","University of Louisiana at Monroe","2016","Tenured total","146","71","75","0","0","0","8","6","2","6","2","4","4","1","3","0","0","0","128","62","66","0","0","0","0","0","0","0","0","0","-2"
"159993","University of Louisiana at Monroe","2016","Tenured, professors","48","31","17","0","0","0","4","3","1","1","0","1","1","0","1","0","0","0","42","28","14","0","0","0","0","0","0","0","0","0","-2"
"159993","University of Louisiana at Monroe","2016","Tenured, associate professors","84","39","45","0","0","0","4","3","1","5","2","3","3","1","2","0","0","0","72","33","39","0","0","0","0","0","0","0","0","0","-2"
"159993","University of Louisiana at Monroe","2016","Tenured, assistant professors","14","1","13","0","0","0","0","0","0","0","0","0","0","0","0","0","0","0","14","1","13","0","0","0","0","0","0","0","0","0","-2"
"159993","University of Louisiana at Monroe","2016","On-Tenure track total","73","27","46","0","0","0","5","2","3","6","0","6","0","0","0","0","0","0","61","24","37","1","1","0","0","0","0","0","0","0","-2"
"159993","University of Louisiana at Monroe","2016","On-tenure track, associate professors","3","2","1","0","0","0","0","0","0","0","0","0","0","0","0","0","0","0","2","1","1","1","1","0","0","0","0","0","0","0","-2"
"159993","University of Louisiana at Monroe","2016","On-tenure track, assistant professors","70","25","45","0","0","0","5","2","3","6","0","6","0","0","0","0","0","0","59","23","36","0","0","0","0","0","0","0","0","0","-2"
"159993","University of Louisiana at Monroe","2016","Not on tenure track/No tenure system system total","76","29","47","1","1","0","0","0","0","4","1","3","2","0","2","0","0","0","69","27","42","0","0","0","0","0","0","0","0","0","-2"
"159993","University of Louisiana at Monroe","2016","Not on tenure/no tenure system, professors","1","1","0","0","0","0","0","0","0","0","0","0","0","0","0","0","0","0","1","1","0","0","0","0","0","0","0","0","0","0","-2"
"159993","University of Louisiana at Monroe","2016","Not on tenure/no tenure system, associate professors","15","4","11","0","0","0","0","0","0","2","1","1","0","0","0","0","0","0","13","3","10","0","0","0","0","0","0","0","0","0","-2"
"159993","University of Louisiana at Monroe","2016","Not on tenure/no tenure system, assistant professors","9","4","5","0","0","0","0","0","0","0","0","0","0","0","0","0","0","0","9","4","5","0","0","0","0","0","0","0","0","0","-2"
"159993","University of Louisiana at Monroe","2016","Not on tenure/no tenure system, instructors","51","20","31","1","1","0","0","0","0","2","0","2","2","0","2","0","0","0","46","19","27","0","0","0","0","0","0","0","0","0","-2"
"160755","Tulane University of Louisiana","2016","Tenured total","438","312","126","1","1","0","45","37","8","12","6","6","20","14","6","0","0","0","350","247","103","4","2","2","2","2","0","4","3","1","-2"
"160755","Tulane University of Louisiana","2016","Tenured, professors","263","205","58","1","1","0","26","22","4","6","4","2","10","9","1","0","0","0","212","163","49","3","2","1","2","2","0","3","2","1","-2"
"160755","Tulane University of Louisiana","2016","Tenured, associate professors","175","107","68","0","0","0","19","15","4","6","2","4","10","5","5","0","0","0","138","84","54","1","0","1","0","0","0","1","1","0","-2"
"160755","Tulane University of Louisiana","2016","On-Tenure track total","172","98","74","1","1","0","23","18","5","8","4","4","4","2","2","0","0","0","99","48","51","3","1","2","5","2","3","29","22","7","-2"
"160755","Tulane University of Louisiana","2016","On-tenure track, associate professors","7","1","6","0","0","0","3","1","2","0","0","0","0","0","0","0","0","0","2","0","2","1","0","1","0","0","0","1","0","1","-2"
"160755","Tulane University of Louisiana","2016","On-tenure track, assistant professors","165","97","68","1","1","0","20","17","3","8","4","4","4","2","2","0","0","0","97","48","49","2","1","1","5","2","3","28","22","6","-2"
"160755","Tulane University of Louisiana","2016","Not on tenure track/No tenure system system total","368","181","187","1","1","0","38","16","22","11","4","7","22","8","14","0","0","0","255","126","129","2","1","1","8","6","2","31","19","12","-2"
"160755","Tulane University of Louisiana","2016","Not on tenure/no tenure system, professors","19","16","3","0","0","0","0","0","0","1","0","1","1","0","1","0","0","0","17","16","1","0","0","0","0","0","0","0","0","0","-2"
"160755","Tulane University of Louisiana","2016","Not on tenure/no tenure system, associate professors","45","16","29","0","0","0","11","5","6","2","0","2","4","1","3","0","0","0","28","10","18","0","0","0","0","0","0","0","0","0","-2"
"160755","Tulane University of Louisiana","2016","Not on tenure/no tenure system, assistant professors","129","65","64","1","1","0","15","7","8","3","1","2","8","4","4","0","0","0","76","36","40","1","0","1","6","4","2","19","12","7","-2"
"160755","Tulane University of Louisiana","2016","Not on tenure/no tenure system, instructors","31","15","16","0","0","0","4","2","2","2","1","1","0","0","0","0","0","0","23","10","13","0","0","0","0","0","0","2","2","0","-2"
"160755","Tulane University of Louisiana","2016","Not on tenure/no tenure system, lecturers","135","67","68","0","0","0","6","1","5","3","2","1","8","3","5","0","0","0","105","53","52","1","1","0","2","2","0","10","5","5","-2"
"160755","Tulane University of Louisiana","2016","Not on tenure/no tenure system, no academic rank","9","2","7","0","0","0","2","1","1","0","0","0","1","0","1","0","0","0","6","1","5","0","0","0","0","0","0","0","0","0","-2"
"162928","Johns Hopkins University","2016","Tenured total","1061","804","257","1","1","0","132","95","37","21","16","5","29","26","3","0","0","0","865","658","207","5","2","3","0","0","0","8","6","2","-2"
"162928","Johns Hopkins University","2016","Tenured, professors","1008","769","239","1","1","0","121","91","30","18","14","4","26","23","3","0","0","0","830","632","198","5","2","3","0","0","0","7","6","1","-2"
"162928","Johns Hopkins University","2016","Tenured, associate professors","53","35","18","0","0","0","11","4","7","3","2","1","3","3","0","0","0","0","35","26","9","0","0","0","0","0","0","1","0","1","-2"
"162928","Johns Hopkins University","2016","On-Tenure track total","1862","1016","846","3","2","1","413","235","178","98","31","67","68","38","30","1","0","1","1151","626","525","15","5","10","4","4","0","109","75","34","-2"
"162928","Johns Hopkins University","2016","On-tenure track, professors","7","3","4","0","0","0","0","0","0","0","0","0","1","1","0","0","0","0","6","2","4","0","0","0","0","0","0","0","0","0","-2"
"162928","Johns Hopkins University","2016","On-tenure track, associate professors","632","389","243","0","0","0","137","93","44","22","8","14","26","17","9","0","0","0","430","257","173","2","2","0","1","1","0","14","11","3","-2"
"162928","Johns Hopkins University","2016","On-tenure track, assistant professors","1223","624","599","3","2","1","276","142","134","76","23","53","41","20","21","1","0","1","715","367","348","13","3","10","3","3","0","95","64","31","-2"
"162928","Johns Hopkins University","2016","Not on tenure track/No tenure system system total","737","313","424","0","0","0","106","47","59","52","13","39","23","8","15","0","0","0","513","221","292","7","4","3","2","2","0","34","18","16","-2"
"162928","Johns Hopkins University","2016","Not on tenure/no tenure system, professors","37","24","13","0","0","0","5","4","1","3","1","2","0","0","0","0","0","0","28","18","10","0","0","0","0","0","0","1","1","0","-2"
"162928","Johns Hopkins University","2016","Not on tenure/no tenure system, associate professors","34","12","22","0","0","0","3","3","0","3","0","3","0","0","0","0","0","0","28","9","19","0","0","0","0","0","0","0","0","0","-2"
"162928","Johns Hopkins University","2016","Not on tenure/no tenure system, assistant professors","54","17","37","0","0","0","8","4","4","7","2","5","1","0","1","0","0","0","37","11","26","1","0","1","0","0","0","0","0","0","-2"
"162928","Johns Hopkins University","2016","Not on tenure/no tenure system, instructors","238","104","134","0","0","0","59","26","33","20","7","13","8","2","6","0","0","0","139","61","78","2","2","0","0","0","0","10","6","4","-2"
"162928","Johns Hopkins University","2016","Not on tenure/no tenure system, lecturers","235","77","158","0","0","0","20","8","12","16","2","14","12","4","8","0","0","0","169","56","113","4","2","2","1","1","0","13","4","9","-2"
"162928","Johns Hopkins University","2016","Not on tenure/no tenure system, no academic rank","139","79","60","0","0","0","11","2","9","3","1","2","2","2","0","0","0","0","112","66","46","0","0","0","1","1","0","10","7","3","-2"
"163268","University of Maryland-Baltimore County","2016","Tenured total","285","174","111","0","0","0","44","28","16","18","10","8","9","5","4","0","0","0","213","131","82","1","0","1","0","0","0","0","0","0","-2"
"163268","University of Maryland-Baltimore County","2016","Tenured, professors","147","107","40","0","0","0","24","20","4","6","4","2","2","2","0","0","0","0","115","81","34","0","0","0","0","0","0","0","0","0","-2"
"163268","University of Maryland-Baltimore County","2016","Tenured, associate professors","137","66","71","0","0","0","20","8","12","11","5","6","7","3","4","0","0","0","98","50","48","1","0","1","0","0","0","0","0","0","-2"
"163268","University of Maryland-Baltimore County","2016","Tenured, assistant professors","1","1","0","0","0","0","0","0","0","1","1","0","0","0","0","0","0","0","0","0","0","0","0","0","0","0","0","0","0","0","-2"
"163268","University of Maryland-Baltimore County","2016","On-Tenure track total","109","53","56","0","0","0","27","13","14","8","2","6","4","2","2","0","0","0","56","29","27","1","0","1","0","0","0","13","7","6","-2"
"163268","University of Maryland-Baltimore County","2016","On-tenure track, associate professors","12","6","6","0","0","0","7","4","3","1","0","1","0","0","0","0","0","0","4","2","2","0","0","0","0","0","0","0","0","0","-2"
"163268","University of Maryland-Baltimore County","2016","On-tenure track, assistant professors","97","47","50","0","0","0","20","9","11","7","2","5","4","2","2","0","0","0","52","27","25","1","0","1","0","0","0","13","7","6","-2"
"163268","University of Maryland-Baltimore County","2016","Not on tenure track/No tenure system system total","141","53","88","0","0","0","10","3","7","8","3","5","6","1","5","0","0","0","113","44","69","0","0","0","0","0","0","4","2","2","-2"
"163268","University of Maryland-Baltimore County","2016","Not on tenure/no tenure system, professors","11","8","3","0","0","0","0","0","0","0","0","0","0","0","0","0","0","0","11","8","3","0","0","0","0","0","0","0","0","0","-2"
"163268","University of Maryland-Baltimore County","2016","Not on tenure/no tenure system, associate professors","5","1","4","0","0","0","0","0","0","0","0","0","0","0","0","0","0","0","5","1","4","0","0","0","0","0","0","0","0","0","-2"
"163268","University of Maryland-Baltimore County","2016","Not on tenure/no tenure system, assistant professors","14","1","13","0","0","0","1","0","1","1","0","1","0","0","0","0","0","0","10","0","10","0","0","0","0","0","0","2","1","1","-2"
"163268","University of Maryland-Baltimore County","2016","Not on tenure/no tenure system, instructors","12","2","10","0","0","0","0","0","0","0","0","0","0","0","0","0","0","0","12","2","10","0","0","0","0","0","0","0","0","0","-2"
"163268","University of Maryland-Baltimore County","2016","Not on tenure/no tenure system, lecturers","99","41","58","0","0","0","9","3","6","7","3","4","6","1","5","0","0","0","75","33","42","0","0","0","0","0","0","2","1","1","-2"
"163286","University of Maryland-College Park","2016","Tenured total","1090","772","318","1","1","0","172","123","49","39","20","19","41","23","18","0","0","0","777","566","211","6","4","2","51","32","19","3","3","0","-2"
"163286","University of Maryland-College Park","2016","Tenured, professors","685","523","162","0","0","0","101","79","22","16","10","6","25","15","10","0","0","0","517","401","116","2","2","0","22","14","8","2","2","0","-2"
"163286","University of Maryland-College Park","2016","Tenured, associate professors","404","248","156","1","1","0","71","44","27","23","10","13","16","8","8","0","0","0","259","164","95","4","2","2","29","18","11","1","1","0","-2"
"163286","University of Maryland-College Park","2016","Tenured, assistant professors","1","1","0","0","0","0","0","0","0","0","0","0","0","0","0","0","0","0","1","1","0","0","0","0","0","0","0","0","0","0","-2"
"163286","University of Maryland-College Park","2016","On-Tenure track total","292","156","136","1","0","1","36","21","15","21","10","11","16","8","8","2","0","2","127","71","56","3","0","3","55","27","28","31","19","12","-2"
"163286","University of Maryland-College Park","2016","On-tenure track, associate professors","7","6","1","0","0","0","2","2","0","0","0","0","1","1","0","0","0","0","2","2","0","0","0","0","2","1","1","0","0","0","-2"
"163286","University of Maryland-College Park","2016","On-tenure track, assistant professors","285","150","135","1","0","1","34","19","15","21","10","11","15","7","8","2","0","2","125","69","56","3","0","3","53","26","27","31","19","12","-2"
"163286","University of Maryland-College Park","2016","Not on tenure track/No tenure system system total","421","196","225","1","1","0","24","11","13","29","11","18","28","14","14","0","0","0","282","135","147","2","0","2","42","18","24","13","6","7","-2"
"163286","University of Maryland-College Park","2016","Not on tenure/no tenure system, professors","28","20","8","0","0","0","1","1","0","2","2","0","3","3","0","0","0","0","21","14","7","0","0","0","1","0","1","0","0","0","-2"
"163286","University of Maryland-College Park","2016","Not on tenure/no tenure system, associate professors","19","8","11","0","0","0","0","0","0","0","0","0","0","0","0","0","0","0","19","8","11","0","0","0","0","0","0","0","0","0","-2"
"163286","University of Maryland-College Park","2016","Not on tenure/no tenure system, assistant professors","36","6","30","0","0","0","0","0","0","7","0","7","5","1","4","0","0","0","17","4","13","0","0","0","5","1","4","2","0","2","-2"
"163286","University of Maryland-College Park","2016","Not on tenure/no tenure system, instructors","7","4","3","0","0","0","0","0","0","3","2","1","0","0","0","0","0","0","4","2","2","0","0","0","0","0","0","0","0","0","-2"
"163286","University of Maryland-College Park","2016","Not on tenure/no tenure system, lecturers","331","158","173","1","1","0","23","10","13","17","7","10","20","10","10","0","0","0","221","107","114","2","0","2","36","17","19","11","6","5","-2"
"163338","University of Maryland Eastern Shore","2016","Tenured total","106","71","35","1","1","0","21","13","8","39","28","11","2","2","0","0","0","0","41","26","15","0","0","0","2","1","1","0","0","0","-2"
"163338","University of Maryland Eastern Shore","2016","Tenured, professors","34","21","13","1","1","0","8","4","4","13","9","4","0","0","0","0","0","0","12","7","5","0","0","0","0","0","0","0","0","0","-2"
"163338","University of Maryland Eastern Shore","2016","Tenured, associate professors","61","41","20","0","0","0","12","8","4","20","15","5","2","2","0","0","0","0","25","15","10","0","0","0","2","1","1","0","0","0","-2"
"163338","University of Maryland Eastern Shore","2016","Tenured, assistant professors","11","9","2","0","0","0","1","1","0","6","4","2","0","0","0","0","0","0","4","4","0","0","0","0","0","0","0","0","0","0","-2"
"163338","University of Maryland Eastern Shore","2016","On-Tenure track total","55","30","25","0","0","0","9","6","3","23","12","11","2","2","0","1","1","0","9","2","7","3","2","1","1","1","0","7","4","3","-2"
"163338","University of Maryland Eastern Shore","2016","On-tenure track, associate professors","8","5","3","0","0","0","0","0","0","7","4","3","0","0","0","0","0","0","0","0","0","1","1","0","0","0","0","0","0","0","-2"
"163338","University of Maryland Eastern Shore","2016","On-tenure track, assistant professors","45","23","22","0","0","0","9","6","3","14","6","8","2","2","0","1","1","0","9","2","7","2","1","1","1","1","0","7","4","3","-2"
"163338","University of Maryland Eastern Shore","2016","On-tenure track, instructors","2","2","0","0","0","0","0","0","0","2","2","0","0","0","0","0","0","0","0","0","0","0","0","0","0","0","0","0","0","0","-2"
"163338","University of Maryland Eastern Shore","2016","Not on tenure track/No tenure system system total","58","24","34","0","0","0","8","5","3","16","4","12","3","0","3","0","0","0","28","12","16","0","0","0","0","0","0","3","3","0","-2"
"163338","University of Maryland Eastern Shore","2016","Not on tenure/no tenure system, professors","2","2","0","0","0","0","0","0","0","0","0","0","0","0","0","0","0","0","1","1","0","0","0","0","0","0","0","1","1","0","-2"
"163338","University of Maryland Eastern Shore","2016","Not on tenure/no tenure system, associate professors","2","2","0","0","0","0","0","0","0","0","0","0","0","0","0","0","0","0","1","1","0","0","0","0","0","0","0","1","1","0","-2"
"163338","University of Maryland Eastern Shore","2016","Not on tenure/no tenure system, assistant professors","9","4","5","0","0","0","3","2","1","0","0","0","1","0","1","0","0","0","5","2","3","0","0","0","0","0","0","0","0","0","-2"
"163338","University of Maryland Eastern Shore","2016","Not on tenure/no tenure system, lecturers","45","16","29","0","0","0","5","3","2","16","4","12","2","0","2","0","0","0","21","8","13","0","0","0","0","0","0","1","1","0","-2"
"163851","Salisbury University","2016","Tenured total","229","141","88","0","0","0","20","12","8","15","11","4","1","0","1","0","0","0","189","115","74","0","0","0","1","1","0","3","2","1","-2"
"163851","Salisbury University","2016","Tenured, professors","97","64","33","0","0","0","8","5","3","3","3","0","0","0","0","0","0","0","86","56","30","0","0","0","0","0","0","0","0","0","-2"
"163851","Salisbury University","2016","Tenured, associate professors","122","70","52","0","0","0","11","7","4","12","8","4","1","0","1","0","0","0","94","52","42","0","0","0","1","1","0","3","2","1","-2"
"163851","Salisbury University","2016","Tenured, assistant professors","10","7","3","0","0","0","1","0","1","0","0","0","0","0","0","0","0","0","9","7","2","0","0","0","0","0","0","0","0","0","-2"
"163851","Salisbury University","2016","On-Tenure track total","95","42","53","0","0","0","5","2","3","7","3","4","3","3","0","0","0","0","76","33","43","1","0","1","2","1","1","1","0","1","-2"
"163851","Salisbury University","2016","On-tenure track, professors","1","1","0","0","0","0","0","0","0","1","1","0","0","0","0","0","0","0","0","0","0","0","0","0","0","0","0","0","0","0","-2"
"163851","Salisbury University","2016","On-tenure track, associate professors","2","1","1","0","0","0","1","1","0","0","0","0","0","0","0","0","0","0","1","0","1","0","0","0","0","0","0","0","0","0","-2"
"163851","Salisbury University","2016","On-tenure track, assistant professors","84","39","45","0","0","0","4","1","3","5","2","3","3","3","0","0","0","0","68","32","36","1","0","1","2","1","1","1","0","1","-2"
"163851","Salisbury University","2016","On-tenure track, instructors","8","1","7","0","0","0","0","0","0","1","0","1","0","0","0","0","0","0","7","1","6","0","0","0","0","0","0","0","0","0","-2"
"163851","Salisbury University","2016","Not on tenure track/No tenure system system total","86","24","62","0","0","0","6","0","6","2","1","1","3","1","2","0","0","0","75","22","53","0","0","0","0","0","0","0","0","0","-2"
"163851","Salisbury University","2016","Not on tenure/no tenure system, lecturers","86","24","62","0","0","0","6","0","6","2","1","1","3","1","2","0","0","0","75","22","53","0","0","0","0","0","0","0","0","0","-2"
"164155","United States Naval Academy","2016","Tenured total","223","160","63","1","0","1","16","11","5","8","5","3","7","2","5","0","0","0","191","142","49","0","0","0","0","0","0","0","0","0","-2"
"164155","United States Naval Academy","2016","Tenured, professors","129","93","36","1","0","1","4","3","1","2","1","1","3","1","2","0","0","0","119","88","31","0","0","0","0","0","0","0","0","0","-2"
"164155","United States Naval Academy","2016","Tenured, associate professors","94","67","27","0","0","0","12","8","4","6","4","2","4","1","3","0","0","0","72","54","18","0","0","0","0","0","0","0","0","0","-2"
"164155","United States Naval Academy","2016","On-Tenure track total","87","56","31","0","0","0","9","4","5","3","3","0","5","2","3","0","0","0","70","47","23","0","0","0","0","0","0","0","0","0","-2"
"164155","United States Naval Academy","2016","On-tenure track, assistant professors","87","56","31","0","0","0","9","4","5","3","3","0","5","2","3","0","0","0","70","47","23","0","0","0","0","0","0","0","0","0","-2"
"164155","United States Naval Academy","2016","Not on tenure track/No tenure system system total","3","2","1","0","0","0","0","0","0","0","0","0","1","1","0","0","0","0","2","1","1","0","0","0","0","0","0","0","0","0","-2"
"164155","United States Naval Academy","2016","Not on tenure/no tenure system, instructors","3","2","1","0","0","0","0","0","0","0","0","0","1","1","0","0","0","0","2","1","1","0","0","0","0","0","0","0","0","0","-2"
"166027","Harvard University","2016","Tenured total","1114","843","271","0","0","0","109","82","27","40","25","15","31","22","9","0","0","0","898","684","214","6","5","1","0","0","0","30","25","5","-2"
"166027","Harvard University","2016","Tenured, professors","1114","843","271","0","0","0","109","82","27","40","25","15","31","22","9","0","0","0","898","684","214","6","5","1","0","0","0","30","25","5","-2"
"166027","Harvard University","2016","On-Tenure track total","385","228","157","0","0","0","62","37","25","18","7","11","19","10","9","0","0","0","223","135","88","7","6","1","0","0","0","56","33","23","-2"
"166027","Harvard University","2016","On-tenure track, associate professors","151","95","56","0","0","0","22","14","8","6","2","4","11","5","6","0","0","0","99","65","34","1","1","0","0","0","0","12","8","4","-2"
"166027","Harvard University","2016","On-tenure track, assistant professors","234","133","101","0","0","0","40","23","17","12","5","7","8","5","3","0","0","0","124","70","54","6","5","1","0","0","0","44","25","19","-2"
"166027","Harvard University","2016","Not on tenure track/No tenure system system total","638","365","273","1","0","1","59","31","28","25","13","12","17","12","5","0","0","0","408","238","170","10","3","7","1","1","0","117","67","50","-2"
"166027","Harvard University","2016","Not on tenure/no tenure system, professors","107","73","34","0","0","0","8","4","4","11","6","5","2","2","0","0","0","0","63","44","19","2","2","0","1","1","0","20","14","6","-2"
"166027","Harvard University","2016","Not on tenure/no tenure system, associate professors","21","12","9","0","0","0","5","2","3","0","0","0","2","2","0","0","0","0","12","7","5","0","0","0","0","0","0","2","1","1","-2"
"166027","Harvard University","2016","Not on tenure/no tenure system, assistant professors","29","19","10","1","0","1","5","3","2","1","1","0","0","0","0","0","0","0","16","12","4","0","0","0","0","0","0","6","3","3","-2"
"166027","Harvard University","2016","Not on tenure/no tenure system, instructors","71","40","31","0","0","0","15","10","5","0","0","0","4","4","0","0","0","0","40","22","18","1","0","1","0","0","0","11","4","7","-2"
"166027","Harvard University","2016","Not on tenure/no tenure system, lecturers","410","221","189","0","0","0","26","12","14","13","6","7","9","4","5","0","0","0","277","153","124","7","1","6","0","0","0","78","45","33","-2"
"166513","University of Massachusetts-Lowell","2016","Tenured total","286","180","106","0","0","0","74","52","22","7","6","1","8","6","2","0","0","0","195","115","80","1","1","0","0","0","0","1","0","1","-2"
"166513","University of Massachusetts-Lowell","2016","Tenured, professors","143","106","37","0","0","0","40","29","11","2","2","0","2","2","0","0","0","0","99","73","26","0","0","0","0","0","0","0","0","0","-2"
"166513","University of Massachusetts-Lowell","2016","Tenured, associate professors","143","74","69","0","0","0","34","23","11","5","4","1","6","4","2","0","0","0","96","42","54","1","1","0","0","0","0","1","0","1","-2"
"166513","University of Massachusetts-Lowell","2016","On-Tenure track total","141","83","58","0","0","0","29","18","11","3","1","2","6","5","1","0","0","0","79","46","33","3","2","1","0","0","0","21","11","10","-2"
"166513","University of Massachusetts-Lowell","2016","On-tenure track, professors","3","3","0","0","0","0","0","0","0","0","0","0","1","1","0","0","0","0","2","2","0","0","0","0","0","0","0","0","0","0","-2"
"166513","University of Massachusetts-Lowell","2016","On-tenure track, associate professors","12","9","3","0","0","0","6","5","1","0","0","0","0","0","0","0","0","0","5","3","2","0","0","0","0","0","0","1","1","0","-2"
"166513","University of Massachusetts-Lowell","2016","On-tenure track, assistant professors","126","71","55","0","0","0","23","13","10","3","1","2","5","4","1","0","0","0","72","41","31","3","2","1","0","0","0","20","10","10","-2"
"166513","University of Massachusetts-Lowell","2016","Not on tenure track/No tenure system system total","149","68","81","0","0","0","9","6","3","3","0","3","4","4","0","0","0","0","123","49","74","1","1","0","1","1","0","8","7","1","-2"
"166513","University of Massachusetts-Lowell","2016","Not on tenure/no tenure system, associate professors","7","2","5","0","0","0","0","0","0","0","0","0","1","1","0","0","0","0","6","1","5","0","0","0","0","0","0","0","0","0","-2"
"166513","University of Massachusetts-Lowell","2016","Not on tenure/no tenure system, assistant professors","8","1","7","0","0","0","1","0","1","0","0","0","0","0","0","0","0","0","7","1","6","0","0","0","0","0","0","0","0","0","-2"
"166513","University of Massachusetts-Lowell","2016","Not on tenure/no tenure system, instructors","1","0","1","0","0","0","0","0","0","0","0","0","0","0","0","0","0","0","1","0","1","0","0","0","0","0","0","0","0","0","-2"
"166513","University of Massachusetts-Lowell","2016","Not on tenure/no tenure system, lecturers","97","44","53","0","0","0","6","4","2","2","0","2","2","2","0","0","0","0","83","35","48","1","1","0","0","0","0","3","2","1","-2"
"166513","University of Massachusetts-Lowell","2016","Not on tenure/no tenure system, no academic rank","36","21","15","0","0","0","2","2","0","1","0","1","1","1","0","0","0","0","26","12","14","0","0","0","1","1","0","5","5","0","-2"
"166629","University of Massachusetts-Amherst","2016","Tenured total","753","491","262","3","2","1","91","66","25","32","19","13","35","18","17","0","0","0","556","364","192","8","3","5","23","14","9","5","5","0","-2"
"166629","University of Massachusetts-Amherst","2016","Tenured, professors","451","327","124","1","1","0","43","35","8","13","8","5","16","7","9","0","0","0","362","265","97","5","3","2","10","7","3","1","1","0","-2"
"166629","University of Massachusetts-Amherst","2016","Tenured, associate professors","301","163","138","2","1","1","47","30","17","19","11","8","19","11","8","0","0","0","194","99","95","3","0","3","13","7","6","4","4","0","-2"
"166629","University of Massachusetts-Amherst","2016","Tenured, assistant professors","1","1","0","0","0","0","1","1","0","0","0","0","0","0","0","0","0","0","0","0","0","0","0","0","0","0","0","0","0","0","-2"
"166629","University of Massachusetts-Amherst","2016","On-Tenure track total","293","139","154","1","0","1","36","15","21","19","8","11","6","2","4","0","0","0","173","80","93","2","2","0","23","13","10","33","19","14","-2"
"166629","University of Massachusetts-Amherst","2016","On-tenure track, professors","2","1","1","0","0","0","1","1","0","0","0","0","0","0","0","0","0","0","1","0","1","0","0","0","0","0","0","0","0","0","-2"
"166629","University of Massachusetts-Amherst","2016","On-tenure track, associate professors","7","4","3","0","0","0","1","1","0","0","0","0","0","0","0","0","0","0","4","1","3","1","1","0","0","0","0","1","1","0","-2"
"166629","University of Massachusetts-Amherst","2016","On-tenure track, assistant professors","284","134","150","1","0","1","34","13","21","19","8","11","6","2","4","0","0","0","168","79","89","1","1","0","23","13","10","32","18","14","-2"
"166629","University of Massachusetts-Amherst","2016","Not on tenure track/No tenure system system total","281","120","161","5","0","5","13","4","9","6","3","3","8","1","7","0","0","0","212","94","118","3","2","1","11","3","8","23","13","10","-2"
"166629","University of Massachusetts-Amherst","2016","Not on tenure/no tenure system, professors","1","0","1","0","0","0","0","0","0","0","0","0","1","0","1","0","0","0","0","0","0","0","0","0","0","0","0","0","0","0","-2"
"166629","University of Massachusetts-Amherst","2016","Not on tenure/no tenure system, associate professors","3","1","2","0","0","0","0","0","0","0","0","0","0","0","0","0","0","0","3","1","2","0","0","0","0","0","0","0","0","0","-2"
"166629","University of Massachusetts-Amherst","2016","Not on tenure/no tenure system, assistant professors","17","0","17","0","0","0","0","0","0","1","0","1","0","0","0","0","0","0","15","0","15","0","0","0","1","0","1","0","0","0","-2"
"166629","University of Massachusetts-Amherst","2016","Not on tenure/no tenure system, instructors","4","1","3","0","0","0","0","0","0","0","0","0","0","0","0","0","0","0","2","0","2","0","0","0","1","0","1","1","1","0","-2"
"166629","University of Massachusetts-Amherst","2016","Not on tenure/no tenure system, lecturers","256","118","138","5","0","5","13","4","9","5","3","2","7","1","6","0","0","0","192","93","99","3","2","1","9","3","6","22","12","10","-2"
"166683","Massachusetts Institute of Technology","2016","Tenured total","758","612","146","0","0","0","89","71","18","24","18","6","24","22","2","0","0","0","568","457","111","8","6","2","41","34","7","4","4","0","-2"
"166683","Massachusetts Institute of Technology","2016","Tenured, professors","645","529","116","0","0","0","68","57","11","17","14","3","16","15","1","0","0","0","508","414","94","3","2","1","29","23","6","4","4","0","-2"
"166683","Massachusetts Institute of Technology","2016","Tenured, associate professors","113","83","30","0","0","0","21","14","7","7","4","3","8","7","1","0","0","0","60","43","17","5","4","1","12","11","1","0","0","0","-2"
"166683","Massachusetts Institute of Technology","2016","On-Tenure track total","247","178","69","0","0","0","25","21","4","4","3","1","13","7","6","0","0","0","114","89","25","6","3","3","58","34","24","27","21","6","-2"
"166683","Massachusetts Institute of Technology","2016","On-tenure track, associate professors","85","63","22","0","0","0","12","10","2","1","1","0","5","4","1","0","0","0","41","34","7","2","1","1","20","9","11","4","4","0","-2"
"166683","Massachusetts Institute of Technology","2016","On-tenure track, assistant professors","162","115","47","0","0","0","13","11","2","3","2","1","8","3","5","0","0","0","73","55","18","4","2","2","38","25","13","23","17","6","-2"
"166683","Massachusetts Institute of Technology","2016","Not on tenure track/No tenure system system total","9","6","3","0","0","0","1","0","1","1","1","0","0","0","0","0","0","0","7","5","2","0","0","0","0","0","0","0","0","0","-2"
"166683","Massachusetts Institute of Technology","2016","Not on tenure/no tenure system, associate professors","8","5","3","0","0","0","1","0","1","1","1","0","0","0","0","0","0","0","6","4","2","0","0","0","0","0","0","0","0","0","-2"
"166683","Massachusetts Institute of Technology","2016","Not on tenure/no tenure system, assistant professors","1","1","0","0","0","0","0","0","0","0","0","0","0","0","0","0","0","0","1","1","0","0","0","0","0","0","0","0","0","0","-2"
"169248","Central Michigan University","2016","Tenured total","457","285","172","1","1","0","57","33","24","16","9","7","17","9","8","0","0","0","360","228","132","4","4","0","0","0","0","2","1","1","-2"
"169248","Central Michigan University","2016","Tenured, professors","286","189","97","1","1","0","33","24","9","13","8","5","10","5","5","0","0","0","228","150","78","1","1","0","0","0","0","0","0","0","-2"
"169248","Central Michigan University","2016","Tenured, associate professors","162","91","71","0","0","0","23","9","14","3","1","2","7","4","3","0","0","0","124","73","51","3","3","0","0","0","0","2","1","1","-2"
"169248","Central Michigan University","2016","Tenured, assistant professors","9","5","4","0","0","0","1","0","1","0","0","0","0","0","0","0","0","0","8","5","3","0","0","0","0","0","0","0","0","0","-2"
"169248","Central Michigan University","2016","On-Tenure track total","156","72","84","0","0","0","17","11","6","5","2","3","2","2","0","0","0","0","102","45","57","1","0","1","1","0","1","28","12","16","-2"
"169248","Central Michigan University","2016","On-tenure track, professors","1","1","0","0","0","0","0","0","0","0","0","0","0","0","0","0","0","0","1","1","0","0","0","0","0","0","0","0","0","0","-2"
"169248","Central Michigan University","2016","On-tenure track, associate professors","15","9","6","0","0","0","4","1","3","1","0","1","1","1","0","0","0","0","9","7","2","0","0","0","0","0","0","0","0","0","-2"
"169248","Central Michigan University","2016","On-tenure track, assistant professors","140","62","78","0","0","0","13","10","3","4","2","2","1","1","0","0","0","0","92","37","55","1","0","1","1","0","1","28","12","16","-2"
"169248","Central Michigan University","2016","Not on tenure track/No tenure system system total","237","129","108","1","1","0","7","4","3","5","3","2","3","0","3","0","0","0","209","112","97","0","0","0","0","0","0","12","9","3","-2"
"169248","Central Michigan University","2016","Not on tenure/no tenure system, assistant professors","1","0","1","0","0","0","0","0","0","0","0","0","0","0","0","0","0","0","1","0","1","0","0","0","0","0","0","0","0","0","-2"
"169248","Central Michigan University","2016","Not on tenure/no tenure system, instructors","1","1","0","0","0","0","0","0","0","0","0","0","0","0","0","0","0","0","1","1","0","0","0","0","0","0","0","0","0","0","-2"
"169248","Central Michigan University","2016","Not on tenure/no tenure system, lecturers","227","124","103","1","1","0","7","4","3","4","3","1","3","0","3","0","0","0","200","107","93","0","0","0","0","0","0","12","9","3","-2"
"169248","Central Michigan University","2016","Not on tenure/no tenure system, no academic rank","8","4","4","0","0","0","0","0","0","1","0","1","0","0","0","0","0","0","7","4","3","0","0","0","0","0","0","0","0","0","-2"
"170976","University of Michigan-Ann Arbor","2016","Tenured total","2111","1474","637","11","8","3","294","215","79","83","52","31","89","53","36","3","1","2","1589","1112","477","17","13","4","15","11","4","10","9","1","-2"
"170976","University of Michigan-Ann Arbor","2016","Tenured, professors","1443","1066","377","7","6","1","182","141","41","49","30","19","52","31","21","3","1","2","1123","837","286","9","6","3","10","7","3","8","7","1","-2"
"170976","University of Michigan-Ann Arbor","2016","Tenured, associate professors","668","408","260","4","2","2","112","74","38","34","22","12","37","22","15","0","0","0","466","275","191","8","7","1","5","4","1","2","2","0","-2"
"170976","University of Michigan-Ann Arbor","2016","On-Tenure track total","641","351","290","1","1","0","129","76","53","36","17","19","23","15","8","0","0","0","373","199","174","11","7","4","18","8","10","50","28","22","-2"
"170976","University of Michigan-Ann Arbor","2016","On-tenure track, professors","5","5","0","0","0","0","1","1","0","0","0","0","0","0","0","0","0","0","4","4","0","0","0","0","0","0","0","0","0","0","-2"
"170976","University of Michigan-Ann Arbor","2016","On-tenure track, associate professors","17","8","9","0","0","0","5","3","2","1","1","0","1","0","1","0","0","0","9","4","5","0","0","0","1","0","1","0","0","0","-2"
"170976","University of Michigan-Ann Arbor","2016","On-tenure track, assistant professors","619","338","281","1","1","0","123","72","51","35","16","19","22","15","7","0","0","0","360","191","169","11","7","4","17","8","9","50","28","22","-2"
"170976","University of Michigan-Ann Arbor","2016","Not on tenure track/No tenure system system total","3592","2062","1530","6","3","3","512","291","221","90","46","44","112","54","58","0","0","0","1928","1037","891","41","20","21","46","29","17","857","582","275","-2"
"170976","University of Michigan-Ann Arbor","2016","Not on tenure/no tenure system, professors","190","139","51","1","1","0","21","16","5","3","1","2","7","5","2","0","0","0","154","112","42","0","0","0","1","1","0","3","3","0","-2"
"170976","University of Michigan-Ann Arbor","2016","Not on tenure/no tenure system, associate professors","280","161","119","0","0","0","51","31","20","6","4","2","8","4","4","0","0","0","204","118","86","5","3","2","3","0","3","3","1","2","-2"
"170976","University of Michigan-Ann Arbor","2016","Not on tenure/no tenure system, assistant professors","719","400","319","2","0","2","127","76","51","27","12","15","23","14","9","0","0","0","456","244","212","10","3","7","14","11","3","60","40","20","-2"
"170976","University of Michigan-Ann Arbor","2016","Not on tenure/no tenure system, instructors","144","59","85","0","0","0","29","15","14","9","4","5","6","0","6","0","0","0","90","34","56","1","1","0","3","1","2","6","4","2","-2"
"170976","University of Michigan-Ann Arbor","2016","Not on tenure/no tenure system, lecturers","706","322","384","2","1","1","74","26","48","20","10","10","37","11","26","0","0","0","509","239","270","11","4","7","15","10","5","38","21","17","-2"
"170976","University of Michigan-Ann Arbor","2016","Not on tenure/no tenure system, no academic rank","1553","981","572","1","1","0","210","127","83","25","15","10","31","20","11","0","0","0","515","290","225","14","9","5","10","6","4","747","513","234","-2"
"171100","Michigan State University","2016","Tenured total","1429","972","457","10","9","1","195","127","68","51","35","16","53","37","16","2","2","0","1110","758","352","6","2","4","0","0","0","2","2","0","-2"
"171100","Michigan State University","2016","Tenured, professors","844","630","214","6","5","1","99","77","22","29","20","9","17","12","5","1","1","0","688","512","176","3","2","1","0","0","0","1","1","0","-2"
"171100","Michigan State University","2016","Tenured, associate professors","585","342","243","4","4","0","96","50","46","22","15","7","36","25","11","1","1","0","422","246","176","3","0","3","0","0","0","1","1","0","-2"
"171100","Michigan State University","2016","On-Tenure track total","427","219","208","2","0","2","64","42","22","26","9","17","36","15","21","1","0","1","239","115","124","1","0","1","0","0","0","58","38","20","-2"
"171100","Michigan State University","2016","On-tenure track, associate professors","17","12","5","0","0","0","6","5","1","1","1","0","1","1","0","0","0","0","7","3","4","0","0","0","0","0","0","2","2","0","-2"
"171100","Michigan State University","2016","On-tenure track, assistant professors","410","207","203","2","0","2","58","37","21","25","8","17","35","14","21","1","0","1","232","112","120","1","0","1","0","0","0","56","36","20","-2"
"171100","Michigan State University","2016","Not on tenure track/No tenure system system total","822","426","396","2","2","0","92","50","42","51","29","22","28","15","13","1","1","0","575","283","292","1","0","1","0","0","0","72","46","26","-2"
"171100","Michigan State University","2016","Not on tenure/no tenure system, professors","79","57","22","0","0","0","10","9","1","8","5","3","1","1","0","1","1","0","58","40","18","0","0","0","0","0","0","1","1","0","-2"
"171100","Michigan State University","2016","Not on tenure/no tenure system, associate professors","111","71","40","0","0","0","15","8","7","8","6","2","0","0","0","0","0","0","86","55","31","0","0","0","0","0","0","2","2","0","-2"
"171100","Michigan State University","2016","Not on tenure/no tenure system, assistant professors","460","241","219","1","1","0","57","30","27","32","17","15","23","13","10","0","0","0","292","143","149","1","0","1","0","0","0","54","37","17","-2"
"171100","Michigan State University","2016","Not on tenure/no tenure system, instructors","166","54","112","1","1","0","9","3","6","2","1","1","4","1","3","0","0","0","135","42","93","0","0","0","0","0","0","15","6","9","-2"
"171100","Michigan State University","2016","Not on tenure/no tenure system, lecturers","6","3","3","0","0","0","1","0","1","1","0","1","0","0","0","0","0","0","4","3","1","0","0","0","0","0","0","0","0","0","-2"
"171128","Michigan Technological University","2016","Tenured total","237","179","58","0","0","0","44","38","6","4","2","2","4","2","2","0","0","0","159","116","43","1","1","0","25","20","5","0","0","0","-2"
"171128","Michigan Technological University","2016","Tenured, professors","109","85","24","0","0","0","19","18","1","1","0","1","3","2","1","0","0","0","77","57","20","0","0","0","9","8","1","0","0","0","-2"
"171128","Michigan Technological University","2016","Tenured, associate professors","127","93","34","0","0","0","25","20","5","3","2","1","1","0","1","0","0","0","81","58","23","1","1","0","16","12","4","0","0","0","-2"
"171128","Michigan Technological University","2016","Tenured, assistant professors","1","1","0","0","0","0","0","0","0","0","0","0","0","0","0","0","0","0","1","1","0","0","0","0","0","0","0","0","0","0","-2"
"171128","Michigan Technological University","2016","On-Tenure track total","96","63","33","0","0","0","18","13","5","0","0","0","6","5","1","0","0","0","43","23","20","0","0","0","16","12","4","13","10","3","-2"
"171128","Michigan Technological University","2016","On-tenure track, associate professors","2","1","1","0","0","0","1","1","0","0","0","0","0","0","0","0","0","0","1","0","1","0","0","0","0","0","0","0","0","0","-2"
"171128","Michigan Technological University","2016","On-tenure track, assistant professors","94","62","32","0","0","0","17","12","5","0","0","0","6","5","1","0","0","0","42","23","19","0","0","0","16","12","4","13","10","3","-2"
"171128","Michigan Technological University","2016","Not on tenure track/No tenure system system total","75","47","28","0","0","0","3","2","1","0","0","0","1","0","1","0","0","0","63","38","25","0","0","0","2","1","1","6","6","0","-2"
"171128","Michigan Technological University","2016","Not on tenure/no tenure system, instructors","22","18","4","0","0","0","0","0","0","0","0","0","0","0","0","0","0","0","19","15","4","0","0","0","1","1","0","2","2","0","-2"
"171128","Michigan Technological University","2016","Not on tenure/no tenure system, lecturers","53","29","24","0","0","0","3","2","1","0","0","0","1","0","1","0","0","0","44","23","21","0","0","0","1","0","1","4","4","0","-2"
"174066","University of Minnesota-Twin Cities","2016","Tenured total","1685","1137","548","7","3","4","237","176","61","42","23","19","39","22","17","1","1","0","1327","888","439","17","11","6","8","6","2","7","7","0","-2"
"174066","University of Minnesota-Twin Cities","2016","Tenured, professors","1081","780","301","4","2","2","126","102","24","19","12","7","21","14","7","0","0","0","896","639","257","7","4","3","4","3","1","4","4","0","-2"
"174066","University of Minnesota-Twin Cities","2016","Tenured, associate professors","603","356","247","3","1","2","111","74","37","23","11","12","18","8","10","1","1","0","430","248","182","10","7","3","4","3","1","3","3","0","-2"
"174066","University of Minnesota-Twin Cities","2016","Tenured, assistant professors","1","1","0","0","0","0","0","0","0","0","0","0","0","0","0","0","0","0","1","1","0","0","0","0","0","0","0","0","0","0","-2"
"174066","University of Minnesota-Twin Cities","2016","On-Tenure track total","488","275","213","6","3","3","46","26","20","15","6","9","23","12","11","1","0","1","257","136","121","12","8","4","40","24","16","88","60","28","-2"
"174066","University of Minnesota-Twin Cities","2016","On-tenure track, professors","1","1","0","0","0","0","0","0","0","0","0","0","0","0","0","0","0","0","1","1","0","0","0","0","0","0","0","0","0","0","-2"
"174066","University of Minnesota-Twin Cities","2016","On-tenure track, associate professors","43","18","25","0","0","0","5","2","3","2","2","0","1","0","1","0","0","0","29","9","20","2","2","0","1","0","1","3","3","0","-2"
"174066","University of Minnesota-Twin Cities","2016","On-tenure track, assistant professors","443","255","188","6","3","3","41","24","17","13","4","9","22","12","10","1","0","1","226","125","101","10","6","4","39","24","15","85","57","28","-2"
"174066","University of Minnesota-Twin Cities","2016","On-tenure track, instructors","1","1","0","0","0","0","0","0","0","0","0","0","0","0","0","0","0","0","1","1","0","0","0","0","0","0","0","0","0","0","-2"
"174066","University of Minnesota-Twin Cities","2016","Not on tenure track/No tenure system system total","938","490","448","3","1","2","117","69","48","15","9","6","33","22","11","2","2","0","676","329","347","9","4","5","27","18","9","56","36","20","-2"
"174066","University of Minnesota-Twin Cities","2016","Not on tenure/no tenure system, professors","80","57","23","0","0","0","10","9","1","0","0","0","2","2","0","0","0","0","66","44","22","0","0","0","1","1","0","1","1","0","-2"
"174066","University of Minnesota-Twin Cities","2016","Not on tenure/no tenure system, associate professors","199","117","82","0","0","0","29","17","12","4","4","0","6","3","3","1","1","0","155","89","66","0","0","0","1","1","0","3","2","1","-2"
"174066","University of Minnesota-Twin Cities","2016","Not on tenure/no tenure system, assistant professors","614","294","320","3","1","2","70","38","32","9","4","5","25","17","8","1","1","0","424","184","240","9","4","5","22","13","9","51","32","19","-2"
"174066","University of Minnesota-Twin Cities","2016","Not on tenure/no tenure system, instructors","43","20","23","0","0","0","8","5","3","2","1","1","0","0","0","0","0","0","29","10","19","0","0","0","3","3","0","1","1","0","-2"
"174066","University of Minnesota-Twin Cities","2016","Not on tenure/no tenure system, no academic rank","2","2","0","0","0","0","0","0","0","0","0","0","0","0","0","0","0","0","2","2","0","0","0","0","0","0","0","0","0","0","-2"
"174783","Saint Cloud State University","2016","Tenured total","306","184","122","3","1","2","47","30","17","16","13","3","14","9","5","0","0","0","217","127","90","1","0","1","7","3","4","1","1","0","-2"
"174783","Saint Cloud State University","2016","Tenured, professors","203","127","76","2","1","1","29","21","8","11","9","2","8","6","2","0","0","0","149","88","61","0","0","0","4","2","2","0","0","0","-2"
"174783","Saint Cloud State University","2016","Tenured, associate professors","95","52","43","1","0","1","18","9","9","5","4","1","5","3","2","0","0","0","61","34","27","1","0","1","3","1","2","1","1","0","-2"
"174783","Saint Cloud State University","2016","Tenured, assistant professors","8","5","3","0","0","0","0","0","0","0","0","0","1","0","1","0","0","0","7","5","2","0","0","0","0","0","0","0","0","0","-2"
"174783","Saint Cloud State University","2016","On-Tenure track total","48","30","18","0","0","0","5","3","2","4","2","2","2","2","0","0","0","0","35","21","14","0","0","0","0","0","0","2","2","0","-2"
"174783","Saint Cloud State University","2016","On-tenure track, associate professors","7","3","4","0","0","0","3","2","1","0","0","0","0","0","0","0","0","0","4","1","3","0","0","0","0","0","0","0","0","0","-2"
"174783","Saint Cloud State University","2016","On-tenure track, assistant professors","41","27","14","0","0","0","2","1","1","4","2","2","2","2","0","0","0","0","31","20","11","0","0","0","0","0","0","2","2","0","-2"
"174783","Saint Cloud State University","2016","Not on tenure track/No tenure system system total","69","28","41","1","1","0","11","5","6","1","1","0","0","0","0","1","0","1","54","20","34","0","0","0","0","0","0","1","1","0","-2"
"174783","Saint Cloud State University","2016","Not on tenure/no tenure system, associate professors","6","3","3","0","0","0","1","1","0","0","0","0","0","0","0","0","0","0","5","2","3","0","0","0","0","0","0","0","0","0","-2"
"174783","Saint Cloud State University","2016","Not on tenure/no tenure system, assistant professors","50","21","29","1","1","0","9","3","6","1","1","0","0","0","0","1","0","1","38","16","22","0","0","0","0","0","0","0","0","0","-2"
"174783","Saint Cloud State University","2016","Not on tenure/no tenure system, instructors","13","4","9","0","0","0","1","1","0","0","0","0","0","0","0","0","0","0","11","2","9","0","0","0","0","0","0","1","1","0","-2"
"175856","Jackson State University","2016","Tenured total","180","119","61","1","1","0","31","27","4","100","53","47","1","1","0","2","2","0","35","26","9","0","0","0","0","0","0","10","9","1","-2"
"175856","Jackson State University","2016","Tenured, professors","81","60","21","1","1","0","17","14","3","41","28","13","1","1","0","0","0","0","18","13","5","0","0","0","0","0","0","3","3","0","-2"
"175856","Jackson State University","2016","Tenured, associate professors","93","55","38","0","0","0","14","13","1","54","22","32","0","0","0","2","2","0","17","13","4","0","0","0","0","0","0","6","5","1","-2"
"175856","Jackson State University","2016","Tenured, assistant professors","6","4","2","0","0","0","0","0","0","5","3","2","0","0","0","0","0","0","0","0","0","0","0","0","0","0","0","1","1","0","-2"
"175856","Jackson State University","2016","On-Tenure track total","78","35","43","0","0","0","5","4","1","48","16","32","1","1","0","0","0","0","9","5","4","1","1","0","0","0","0","14","8","6","-2"
"175856","Jackson State University","2016","On-tenure track, professors","2","2","0","0","0","0","0","0","0","1","1","0","0","0","0","0","0","0","1","1","0","0","0","0","0","0","0","0","0","0","-2"
"175856","Jackson State University","2016","On-tenure track, associate professors","10","7","3","0","0","0","0","0","0","7","5","2","1","1","0","0","0","0","1","0","1","0","0","0","0","0","0","1","1","0","-2"
"175856","Jackson State University","2016","On-tenure track, assistant professors","66","26","40","0","0","0","5","4","1","40","10","30","0","0","0","0","0","0","7","4","3","1","1","0","0","0","0","13","7","6","-2"
"175856","Jackson State University","2016","Not on tenure track/No tenure system system total","117","49","68","0","0","0","9","3","6","89","37","52","2","0","2","0","0","0","13","6","7","0","0","0","0","0","0","4","3","1","-2"
"175856","Jackson State University","2016","Not on tenure/no tenure system, professors","3","1","2","0","0","0","0","0","0","2","0","2","0","0","0","0","0","0","1","1","0","0","0","0","0","0","0","0","0","0","-2"
"175856","Jackson State University","2016","Not on tenure/no tenure system, associate professors","5","4","1","0","0","0","0","0","0","5","4","1","0","0","0","0","0","0","0","0","0","0","0","0","0","0","0","0","0","0","-2"
"175856","Jackson State University","2016","Not on tenure/no tenure system, assistant professors","32","16","16","0","0","0","4","3","1","22","9","13","0","0","0","0","0","0","3","2","1","0","0","0","0","0","0","3","2","1","-2"
"175856","Jackson State University","2016","Not on tenure/no tenure system, instructors","76","28","48","0","0","0","5","0","5","59","24","35","2","0","2","0","0","0","9","3","6","0","0","0","0","0","0","1","1","0","-2"
"175856","Jackson State University","2016","Not on tenure/no tenure system, lecturers","1","0","1","0","0","0","0","0","0","1","0","1","0","0","0","0","0","0","0","0","0","0","0","0","0","0","0","0","0","0","-2"
"176017","University of Mississippi","2016","Tenured total","634","414","220","1","1","0","48","36","12","45","20","25","11","10","1","1","0","1","510","332","178","18","15","3","0","0","0","0","0","0","-2"
"176017","University of Mississippi","2016","Tenured, professors","351","242","109","1","1","0","29","26","3","25","10","15","6","6","0","0","0","0","280","189","91","10","10","0","0","0","0","0","0","0","-2"
"176017","University of Mississippi","2016","Tenured, associate professors","275","168","107","0","0","0","16","7","9","20","10","10","5","4","1","1","0","1","225","142","83","8","5","3","0","0","0","0","0","0","-2"
"176017","University of Mississippi","2016","Tenured, assistant professors","8","4","4","0","0","0","3","3","0","0","0","0","0","0","0","0","0","0","5","1","4","0","0","0","0","0","0","0","0","0","-2"
"176017","University of Mississippi","2016","On-Tenure track total","341","201","140","1","0","1","32","19","13","22","8","14","7","4","3","0","0","0","217","127","90","6","5","1","1","1","0","55","37","18","-2"
"176017","University of Mississippi","2016","On-tenure track, professors","27","19","8","0","0","0","2","1","1","1","1","0","0","0","0","0","0","0","22","16","6","1","0","1","0","0","0","1","1","0","-2"
"176017","University of Mississippi","2016","On-tenure track, associate professors","45","31","14","0","0","0","9","6","3","5","2","3","2","1","1","0","0","0","26","20","6","1","1","0","1","1","0","1","0","1","-2"
"176017","University of Mississippi","2016","On-tenure track, assistant professors","269","151","118","1","0","1","21","12","9","16","5","11","5","3","2","0","0","0","169","91","78","4","4","0","0","0","0","53","36","17","-2"
"176017","University of Mississippi","2016","Not on tenure track/No tenure system system total","839","398","441","2","2","0","67","36","31","60","18","42","28","11","17","0","0","0","600","282","318","9","5","4","0","0","0","73","44","29","-2"
"176017","University of Mississippi","2016","Not on tenure/no tenure system, professors","59","46","13","1","1","0","4","3","1","1","0","1","1","1","0","0","0","0","50","39","11","2","2","0","0","0","0","0","0","0","-2"
"176017","University of Mississippi","2016","Not on tenure/no tenure system, associate professors","139","83","56","0","0","0","16","11","5","17","6","11","3","2","1","0","0","0","102","63","39","0","0","0","0","0","0","1","1","0","-2"
"176017","University of Mississippi","2016","Not on tenure/no tenure system, assistant professors","348","169","179","0","0","0","33","15","18","24","5","19","10","5","5","0","0","0","224","104","120","3","2","1","0","0","0","54","38","16","-2"
"176017","University of Mississippi","2016","Not on tenure/no tenure system, instructors","256","89","167","1","1","0","13","7","6","18","7","11","10","2","8","0","0","0","193","66","127","3","1","2","0","0","0","18","5","13","-2"
"176017","University of Mississippi","2016","Not on tenure/no tenure system, lecturers","37","11","26","0","0","0","1","0","1","0","0","0","4","1","3","0","0","0","31","10","21","1","0","1","0","0","0","0","0","0","-2"
"176044","Mississippi Valley State University","2016","Tenured total","60","33","27","0","0","0","12","9","3","38","19","19","0","0","0","0","0","0","10","5","5","0","0","0","0","0","0","0","0","0","-2"
"176044","Mississippi Valley State University","2016","Tenured, professors","17","12","5","0","0","0","6","4","2","6","5","1","0","0","0","0","0","0","5","3","2","0","0","0","0","0","0","0","0","0","-2"
"176044","Mississippi Valley State University","2016","Tenured, associate professors","23","14","9","0","0","0","5","4","1","14","9","5","0","0","0","0","0","0","4","1","3","0","0","0","0","0","0","0","0","0","-2"
"176044","Mississippi Valley State University","2016","Tenured, assistant professors","20","7","13","0","0","0","1","1","0","18","5","13","0","0","0","0","0","0","1","1","0","0","0","0","0","0","0","0","0","0","-2"
"176044","Mississippi Valley State University","2016","On-Tenure track total","30","15","15","0","0","0","4","3","1","18","6","12","0","0","0","0","0","0","8","6","2","0","0","0","0","0","0","0","0","0","-2"
"176044","Mississippi Valley State University","2016","On-tenure track, associate professors","3","1","2","0","0","0","0","0","0","2","1","1","0","0","0","0","0","0","1","0","1","0","0","0","0","0","0","0","0","0","-2"
"176044","Mississippi Valley State University","2016","On-tenure track, assistant professors","27","14","13","0","0","0","4","3","1","16","5","11","0","0","0","0","0","0","7","6","1","0","0","0","0","0","0","0","0","0","-2"
"176044","Mississippi Valley State University","2016","Not on tenure track/No tenure system system total","30","13","17","0","0","0","2","2","0","27","11","16","0","0","0","0","0","0","1","0","1","0","0","0","0","0","0","0","0","0","-2"
"176044","Mississippi Valley State University","2016","Not on tenure/no tenure system, instructors","30","13","17","0","0","0","2","2","0","27","11","16","0","0","0","0","0","0","1","0","1","0","0","0","0","0","0","0","0","0","-2"
"176080","Mississippi State University","2016","Tenured total","462","342","120","0","0","0","49","40","9","18","5","13","7","7","0","0","0","0","383","288","95","4","1","3","0","0","0","1","1","0","-2"
"176080","Mississippi State University","2016","Tenured, professors","233","186","47","0","0","0","27","23","4","7","1","6","3","3","0","0","0","0","195","159","36","1","0","1","0","0","0","0","0","0","-2"
"176080","Mississippi State University","2016","Tenured, associate professors","229","156","73","0","0","0","22","17","5","11","4","7","4","4","0","0","0","0","188","129","59","3","1","2","0","0","0","1","1","0","-2"
"176080","Mississippi State University","2016","On-Tenure track total","290","166","124","1","0","1","27","22","5","23","7","16","11","4","7","0","0","0","184","107","77","4","1","3","0","0","0","40","25","15","-2"
"176080","Mississippi State University","2016","On-tenure track, professors","4","4","0","0","0","0","0","0","0","0","0","0","0","0","0","0","0","0","4","4","0","0","0","0","0","0","0","0","0","0","-2"
"176080","Mississippi State University","2016","On-tenure track, associate professors","11","8","3","0","0","0","3","3","0","0","0","0","0","0","0","0","0","0","6","3","3","0","0","0","0","0","0","2","2","0","-2"
"176080","Mississippi State University","2016","On-tenure track, assistant professors","275","154","121","1","0","1","24","19","5","23","7","16","11","4","7","0","0","0","174","100","74","4","1","3","0","0","0","38","23","15","-2"
"176080","Mississippi State University","2016","Not on tenure track/No tenure system system total","219","79","140","1","1","0","5","2","3","13","4","9","3","0","3","1","0","1","189","68","121","2","1","1","0","0","0","5","3","2","-2"
"176080","Mississippi State University","2016","Not on tenure/no tenure system, professors","1","0","1","0","0","0","0","0","0","0","0","0","0","0","0","0","0","0","1","0","1","0","0","0","0","0","0","0","0","0","-2"
"176080","Mississippi State University","2016","Not on tenure/no tenure system, associate professors","1","1","0","0","0","0","0","0","0","0","0","0","0","0","0","0","0","0","1","1","0","0","0","0","0","0","0","0","0","0","-2"
"176080","Mississippi State University","2016","Not on tenure/no tenure system, assistant professors","14","9","5","0","0","0","0","0","0","2","0","2","1","0","1","0","0","0","8","6","2","0","0","0","0","0","0","3","3","0","-2"
"176080","Mississippi State University","2016","Not on tenure/no tenure system, instructors","149","49","100","1","1","0","4","2","2","10","4","6","2","0","2","1","0","1","130","41","89","1","1","0","0","0","0","0","0","0","-2"
"176080","Mississippi State University","2016","Not on tenure/no tenure system, lecturers","54","20","34","0","0","0","1","0","1","1","0","1","0","0","0","0","0","0","49","20","29","1","0","1","0","0","0","2","0","2","-2"
"178396","University of Missouri-Columbia","2016","Tenured total","749","516","233","3","3","0","116","93","23","17","10","7","23","12","11","1","1","0","577","389","188","2","2","0","8","5","3","2","1","1","-2"
"178396","University of Missouri-Columbia","2016","Tenured, professors","418","314","104","1","1","0","77","68","9","9","5","4","8","5","3","0","0","0","317","230","87","2","2","0","4","3","1","0","0","0","-2"
"178396","University of Missouri-Columbia","2016","Tenured, associate professors","331","202","129","2","2","0","39","25","14","8","5","3","15","7","8","1","1","0","260","159","101","0","0","0","4","2","2","2","1","1","-2"
"178396","University of Missouri-Columbia","2016","On-Tenure track total","234","133","101","1","0","1","35","24","11","16","8","8","17","10","7","0","0","0","132","72","60","1","0","1","2","0","2","30","19","11","-2"
"178396","University of Missouri-Columbia","2016","On-tenure track, professors","1","1","0","0","0","0","0","0","0","1","1","0","0","0","0","0","0","0","0","0","0","0","0","0","0","0","0","0","0","0","-2"
"178396","University of Missouri-Columbia","2016","On-tenure track, associate professors","12","8","4","0","0","0","2","2","0","0","0","0","3","2","1","0","0","0","5","2","3","0","0","0","0","0","0","2","2","0","-2"
"178396","University of Missouri-Columbia","2016","On-tenure track, assistant professors","221","124","97","1","0","1","33","22","11","15","7","8","14","8","6","0","0","0","127","70","57","1","0","1","2","0","2","28","17","11","-2"
"178396","University of Missouri-Columbia","2016","Not on tenure track/No tenure system system total","883","452","431","2","0","2","74","42","32","26","14","12","25","10","15","1","0","1","645","311","334","9","6","3","19","13","6","82","56","26","-2"
"178396","University of Missouri-Columbia","2016","Not on tenure/no tenure system, professors","64","34","30","0","0","0","3","2","1","1","1","0","1","0","1","0","0","0","59","31","28","0","0","0","0","0","0","0","0","0","-2"
"178396","University of Missouri-Columbia","2016","Not on tenure/no tenure system, associate professors","208","114","94","1","0","1","29","17","12","4","2","2","5","2","3","1","0","1","166","91","75","1","1","0","0","0","0","1","1","0","-2"
"178396","University of Missouri-Columbia","2016","Not on tenure/no tenure system, assistant professors","410","220","190","0","0","0","31","18","13","16","10","6","16","6","10","0","0","0","291","145","146","4","4","0","9","6","3","43","31","12","-2"
"178396","University of Missouri-Columbia","2016","Not on tenure/no tenure system, instructors","90","26","64","0","0","0","3","1","2","3","0","3","2","1","1","0","0","0","74","22","52","2","0","2","1","1","0","5","1","4","-2"
"178396","University of Missouri-Columbia","2016","Not on tenure/no tenure system, lecturers","17","2","15","1","0","1","2","0","2","0","0","0","1","1","0","0","0","0","11","1","10","1","0","1","1","0","1","0","0","0","-2"
"178396","University of Missouri-Columbia","2016","Not on tenure/no tenure system, no academic rank","94","56","38","0","0","0","6","4","2","2","1","1","0","0","0","0","0","0","44","21","23","1","1","0","8","6","2","33","23","10","-2"
"178411","Missouri University of Science and Technology","2016","Tenured total","220","180","40","0","0","0","50","43","7","5","4","1","5","5","0","0","0","0","150","121","29","2","2","0","0","0","0","8","5","3","-2"
"178411","Missouri University of Science and Technology","2016","Tenured, professors","125","106","19","0","0","0","31","28","3","3","2","1","1","1","0","0","0","0","87","72","15","0","0","0","0","0","0","3","3","0","-2"
"178411","Missouri University of Science and Technology","2016","Tenured, associate professors","95","74","21","0","0","0","19","15","4","2","2","0","4","4","0","0","0","0","63","49","14","2","2","0","0","0","0","5","2","3","-2"
"178411","Missouri University of Science and Technology","2016","On-Tenure track total","87","60","27","0","0","0","15","9","6","2","1","1","0","0","0","0","0","0","36","23","13","0","0","0","4","2","2","30","25","5","-2"
"178411","Missouri University of Science and Technology","2016","On-tenure track, associate professors","2","1","1","0","0","0","0","0","0","0","0","0","0","0","0","0","0","0","2","1","1","0","0","0","0","0","0","0","0","0","-2"
"178411","Missouri University of Science and Technology","2016","On-tenure track, assistant professors","85","59","26","0","0","0","15","9","6","2","1","1","0","0","0","0","0","0","34","22","12","0","0","0","4","2","2","30","25","5","-2"
"178411","Missouri University of Science and Technology","2016","Not on tenure track/No tenure system system total","77","43","34","1","0","1","5","3","2","2","1","1","2","2","0","0","0","0","51","23","28","0","0","0","0","0","0","16","14","2","-2"
"178411","Missouri University of Science and Technology","2016","Not on tenure/no tenure system, professors","2","1","1","0","0","0","0","0","0","0","0","0","0","0","0","0","0","0","2","1","1","0","0","0","0","0","0","0","0","0","-2"
"178411","Missouri University of Science and Technology","2016","Not on tenure/no tenure system, associate professors","21","11","10","0","0","0","3","2","1","0","0","0","0","0","0","0","0","0","17","8","9","0","0","0","0","0","0","1","1","0","-2"
"178411","Missouri University of Science and Technology","2016","Not on tenure/no tenure system, assistant professors","35","18","17","0","0","0","1","0","1","2","1","1","2","2","0","0","0","0","22","8","14","0","0","0","0","0","0","8","7","1","-2"
"178411","Missouri University of Science and Technology","2016","Not on tenure/no tenure system, lecturers","9","5","4","1","0","1","0","0","0","0","0","0","0","0","0","0","0","0","8","5","3","0","0","0","0","0","0","0","0","0","-2"
"178411","Missouri University of Science and Technology","2016","Not on tenure/no tenure system, no academic rank","10","8","2","0","0","0","1","1","0","0","0","0","0","0","0","0","0","0","2","1","1","0","0","0","0","0","0","7","6","1","-2"
"179159","Saint Louis University","2016","Tenured total","505","342","163","0","0","0","49","37","12","19","12","7","20","10","10","0","0","0","395","264","131","7","6","1","3","3","0","12","10","2","-2"
"179159","Saint Louis University","2016","Tenured, professors","275","209","66","0","0","0","26","21","5","3","2","1","8","5","3","0","0","0","230","173","57","4","4","0","2","2","0","2","2","0","-2"
"179159","Saint Louis University","2016","Tenured, associate professors","229","132","97","0","0","0","23","16","7","16","10","6","12","5","7","0","0","0","164","90","74","3","2","1","1","1","0","10","8","2","-2"
"179159","Saint Louis University","2016","Tenured, assistant professors","1","1","0","0","0","0","0","0","0","0","0","0","0","0","0","0","0","0","1","1","0","0","0","0","0","0","0","0","0","0","-2"
"179159","Saint Louis University","2016","On-Tenure track total","200","94","106","0","0","0","22","14","8","10","2","8","8","3","5","1","0","1","130","59","71","4","1","3","4","2","2","21","13","8","-2"
"179159","Saint Louis University","2016","On-tenure track, professors","4","3","1","0","0","0","1","0","1","0","0","0","0","0","0","0","0","0","3","3","0","0","0","0","0","0","0","0","0","0","-2"
"179159","Saint Louis University","2016","On-tenure track, associate professors","16","7","9","0","0","0","3","3","0","1","0","1","1","0","1","0","0","0","11","4","7","0","0","0","0","0","0","0","0","0","-2"
"179159","Saint Louis University","2016","On-tenure track, assistant professors","179","84","95","0","0","0","18","11","7","9","2","7","7","3","4","1","0","1","115","52","63","4","1","3","4","2","2","21","13","8","-2"
"179159","Saint Louis University","2016","On-tenure track, instructors","1","0","1","0","0","0","0","0","0","0","0","0","0","0","0","0","0","0","1","0","1","0","0","0","0","0","0","0","0","0","-2"
"179159","Saint Louis University","2016","Not on tenure track/No tenure system system total","617","297","320","0","0","0","87","39","48","22","9","13","17","10","7","0","0","0","437","208","229","13","6","7","9","4","5","32","21","11","-2"
"179159","Saint Louis University","2016","Not on tenure/no tenure system, professors","69","43","26","0","0","0","7","3","4","1","0","1","0","0","0","0","0","0","60","39","21","1","1","0","0","0","0","0","0","0","-2"
"179159","Saint Louis University","2016","Not on tenure/no tenure system, associate professors","151","80","71","0","0","0","27","15","12","2","2","0","4","0","4","0","0","0","107","56","51","0","0","0","5","2","3","6","5","1","-2"
"179159","Saint Louis University","2016","Not on tenure/no tenure system, assistant professors","317","146","171","0","0","0","51","20","31","12","5","7","9","7","2","0","0","0","209","93","116","11","4","7","3","2","1","22","15","7","-2"
"179159","Saint Louis University","2016","Not on tenure/no tenure system, instructors","80","28","52","0","0","0","2","1","1","7","2","5","4","3","1","0","0","0","61","20","41","1","1","0","1","0","1","4","1","3","-2"
"179867","Washington University in St Louis","2016","Tenured total","951","726","225","1","1","0","114","86","28","30","14","16","20","17","3","0","0","0","780","602","178","4","4","0","0","0","0","2","2","0","-2"
"179867","Washington University in St Louis","2016","Tenured, professors","667","537","130","0","0","0","57","49","8","15","7","8","10","9","1","0","0","0","580","467","113","4","4","0","0","0","0","1","1","0","-2"
"179867","Washington University in St Louis","2016","Tenured, associate professors","284","189","95","1","1","0","57","37","20","15","7","8","10","8","2","0","0","0","200","135","65","0","0","0","0","0","0","1","1","0","-2"
"179867","Washington University in St Louis","2016","On-Tenure track total","345","216","129","0","0","0","75","50","25","26","11","15","16","11","5","1","0","1","223","141","82","2","1","1","0","0","0","2","2","0","-2"
"179867","Washington University in St Louis","2016","On-tenure track, professors","1","1","0","0","0","0","0","0","0","0","0","0","0","0","0","0","0","0","1","1","0","0","0","0","0","0","0","0","0","0","-2"
"179867","Washington University in St Louis","2016","On-tenure track, associate professors","13","9","4","0","0","0","3","3","0","1","1","0","1","0","1","0","0","0","8","5","3","0","0","0","0","0","0","0","0","0","-2"
"179867","Washington University in St Louis","2016","On-tenure track, assistant professors","331","206","125","0","0","0","72","47","25","25","10","15","15","11","4","1","0","1","214","135","79","2","1","1","0","0","0","2","2","0","-2"
"179867","Washington University in St Louis","2016","Not on tenure track/No tenure system system total","287","135","152","0","0","0","36","14","22","7","3","4","11","1","10","0","0","0","224","113","111","3","0","3","0","0","0","6","4","2","-2"
"179867","Washington University in St Louis","2016","Not on tenure/no tenure system, professors","38","24","14","0","0","0","2","2","0","1","1","0","1","0","1","0","0","0","30","18","12","0","0","0","0","0","0","4","3","1","-2"
"179867","Washington University in St Louis","2016","Not on tenure/no tenure system, associate professors","4","3","1","0","0","0","0","0","0","0","0","0","0","0","0","0","0","0","4","3","1","0","0","0","0","0","0","0","0","0","-2"
"179867","Washington University in St Louis","2016","Not on tenure/no tenure system, assistant professors","6","4","2","0","0","0","2","1","1","0","0","0","0","0","0","0","0","0","4","3","1","0","0","0","0","0","0","0","0","0","-2"
"179867","Washington University in St Louis","2016","Not on tenure/no tenure system, instructors","30","15","15","0","0","0","6","3","3","0","0","0","2","0","2","0","0","0","22","12","10","0","0","0","0","0","0","0","0","0","-2"
"179867","Washington University in St Louis","2016","Not on tenure/no tenure system, lecturers","193","81","112","0","0","0","25","8","17","6","2","4","8","1","7","0","0","0","149","69","80","3","0","3","0","0","0","2","1","1","-2"
"179867","Washington University in St Louis","2016","Not on tenure/no tenure system, no academic rank","16","8","8","0","0","0","1","0","1","0","0","0","0","0","0","0","0","0","15","8","7","0","0","0","0","0","0","0","0","0","-2"
"180461","Montana State University","2016","Tenured total","333","222","111","1","1","0","16","10","6","0","0","0","2","1","1","0","0","0","302","201","101","2","2","0","10","7","3","0","0","0","-2"
"180461","Montana State University","2016","Tenured, professors","172","136","36","1","1","0","3","3","0","0","0","0","0","0","0","0","0","0","160","126","34","2","2","0","6","4","2","0","0","0","-2"
"180461","Montana State University","2016","Tenured, associate professors","157","84","73","0","0","0","13","7","6","0","0","0","2","1","1","0","0","0","138","73","65","0","0","0","4","3","1","0","0","0","-2"
"180461","Montana State University","2016","Tenured, assistant professors","1","0","1","0","0","0","0","0","0","0","0","0","0","0","0","0","0","0","1","0","1","0","0","0","0","0","0","0","0","0","-2"
"180461","Montana State University","2016","Tenured, instructors","3","2","1","0","0","0","0","0","0","0","0","0","0","0","0","0","0","0","3","2","1","0","0","0","0","0","0","0","0","0","-2"
"180461","Montana State University","2016","On-Tenure track total","162","78","84","3","1","2","6","1","5","1","1","0","4","3","1","0","0","0","126","60","66","2","1","1","5","4","1","15","7","8","-2"
"180461","Montana State University","2016","On-tenure track, professors","3","3","0","0","0","0","0","0","0","0","0","0","0","0","0","0","0","0","2","2","0","0","0","0","0","0","0","1","1","0","-2"
"180461","Montana State University","2016","On-tenure track, assistant professors","149","72","77","3","1","2","6","1","5","1","1","0","4","3","1","0","0","0","114","55","59","2","1","1","5","4","1","14","6","8","-2"
"180461","Montana State University","2016","On-tenure track, instructors","8","3","5","0","0","0","0","0","0","0","0","0","0","0","0","0","0","0","8","3","5","0","0","0","0","0","0","0","0","0","-2"
"180461","Montana State University","2016","On-tenure track, no academic rank","2","0","2","0","0","0","0","0","0","0","0","0","0","0","0","0","0","0","2","0","2","0","0","0","0","0","0","0","0","0","-2"
"180461","Montana State University","2016","Not on tenure track/No tenure system system total","105","46","59","0","0","0","1","0","1","0","0","0","2","0","2","0","0","0","94","42","52","5","3","2","2","1","1","1","0","1","-2"
"180461","Montana State University","2016","Not on tenure/no tenure system, professors","1","1","0","0","0","0","0","0","0","0","0","0","0","0","0","0","0","0","1","1","0","0","0","0","0","0","0","0","0","0","-2"
"180461","Montana State University","2016","Not on tenure/no tenure system, instructors","23","7","16","0","0","0","1","0","1","0","0","0","0","0","0","0","0","0","21","6","15","1","1","0","0","0","0","0","0","0","-2"
"180461","Montana State University","2016","Not on tenure/no tenure system, no academic rank","81","38","43","0","0","0","0","0","0","0","0","0","2","0","2","0","0","0","72","35","37","4","2","2","2","1","1","1","0","1","-2"
"181002","Creighton University","2016","Tenured total","361","241","120","1","0","1","31","27","4","9","4","5","10","5","5","0","0","0","305","203","102","0","0","0","1","0","1","4","2","2","-2"
"181002","Creighton University","2016","Tenured, professors","171","126","45","0","0","0","23","21","2","3","0","3","3","2","1","0","0","0","140","103","37","0","0","0","1","0","1","1","0","1","-2"
"181002","Creighton University","2016","Tenured, associate professors","165","100","65","1","0","1","8","6","2","5","3","2","6","2","4","0","0","0","142","87","55","0","0","0","0","0","0","3","2","1","-2"
"181002","Creighton University","2016","Tenured, assistant professors","25","15","10","0","0","0","0","0","0","1","1","0","1","1","0","0","0","0","23","13","10","0","0","0","0","0","0","0","0","0","-2"
"181002","Creighton University","2016","On-Tenure track total","103","57","46","1","1","0","5","3","2","3","1","2","3","2","1","0","0","0","81","43","38","2","2","0","4","2","2","4","3","1","-2"
"181002","Creighton University","2016","On-tenure track, professors","2","2","0","0","0","0","0","0","0","0","0","0","0","0","0","0","0","0","1","1","0","1","1","0","0","0","0","0","0","0","-2"
"181002","Creighton University","2016","On-tenure track, associate professors","11","7","4","1","1","0","0","0","0","0","0","0","0","0","0","0","0","0","9","5","4","0","0","0","1","1","0","0","0","0","-2"
"181002","Creighton University","2016","On-tenure track, assistant professors","90","48","42","0","0","0","5","3","2","3","1","2","3","2","1","0","0","0","71","37","34","1","1","0","3","1","2","4","3","1","-2"
"181002","Creighton University","2016","Not on tenure track/No tenure system system total","177","66","111","1","1","0","9","4","5","4","2","2","1","1","0","0","0","0","155","54","101","0","0","0","1","0","1","6","4","2","-2"
"181002","Creighton University","2016","Not on tenure/no tenure system, professors","3","3","0","0","0","0","0","0","0","0","0","0","0","0","0","0","0","0","3","3","0","0","0","0","0","0","0","0","0","0","-2"
"181002","Creighton University","2016","Not on tenure/no tenure system, associate professors","24","10","14","0","0","0","1","0","1","0","0","0","1","1","0","0","0","0","22","9","13","0","0","0","0","0","0","0","0","0","-2"
"181002","Creighton University","2016","Not on tenure/no tenure system, assistant professors","108","40","68","0","0","0","5","4","1","3","2","1","0","0","0","0","0","0","96","32","64","0","0","0","0","0","0","4","2","2","-2"
"181002","Creighton University","2016","Not on tenure/no tenure system, instructors","42","13","29","1","1","0","3","0","3","1","0","1","0","0","0","0","0","0","34","10","24","0","0","0","1","0","1","2","2","0","-2"
"181464","University of Nebraska-Lincoln","2016","Tenured total","768","564","204","4","2","2","98","73","25","20","8","12","32","26","6","0","0","0","612","455","157","2","0","2","0","0","0","0","0","0","-2"
"181464","University of Nebraska-Lincoln","2016","Tenured, professors","463","366","97","2","1","1","46","40","6","6","4","2","14","12","2","0","0","0","395","309","86","0","0","0","0","0","0","0","0","0","-2"
"181464","University of Nebraska-Lincoln","2016","Tenured, associate professors","305","198","107","2","1","1","52","33","19","14","4","10","18","14","4","0","0","0","217","146","71","2","0","2","0","0","0","0","0","0","-2"
"181464","University of Nebraska-Lincoln","2016","On-Tenure track total","320","194","126","0","0","0","53","34","19","5","3","2","11","6","5","1","0","1","190","112","78","2","1","1","0","0","0","58","38","20","-2"
"181464","University of Nebraska-Lincoln","2016","On-tenure track, professors","2","1","1","0","0","0","1","0","1","0","0","0","0","0","0","0","0","0","0","0","0","0","0","0","0","0","0","1","1","0","-2"
"181464","University of Nebraska-Lincoln","2016","On-tenure track, associate professors","12","10","2","0","0","0","5","4","1","0","0","0","0","0","0","0","0","0","7","6","1","0","0","0","0","0","0","0","0","0","-2"
"181464","University of Nebraska-Lincoln","2016","On-tenure track, assistant professors","306","183","123","0","0","0","47","30","17","5","3","2","11","6","5","1","0","1","183","106","77","2","1","1","0","0","0","57","37","20","-2"
"181464","University of Nebraska-Lincoln","2016","Not on tenure track/No tenure system system total","232","106","126","1","0","1","14","5","9","4","1","3","9","6","3","0","0","0","196","89","107","0","0","0","0","0","0","8","5","3","-2"
"181464","University of Nebraska-Lincoln","2016","Not on tenure/no tenure system, professors","3","1","2","0","0","0","0","0","0","0","0","0","0","0","0","0","0","0","3","1","2","0","0","0","0","0","0","0","0","0","-2"
"181464","University of Nebraska-Lincoln","2016","Not on tenure/no tenure system, assistant professors","1","1","0","0","0","0","0","0","0","0","0","0","0","0","0","0","0","0","1","1","0","0","0","0","0","0","0","0","0","0","-2"
"181464","University of Nebraska-Lincoln","2016","Not on tenure/no tenure system, lecturers","228","104","124","1","0","1","14","5","9","4","1","3","9","6","3","0","0","0","192","87","105","0","0","0","0","0","0","8","5","3","-2"
"182281","University of Nevada-Las Vegas","2016","Tenured total","521","363","158","4","2","2","87","68","19","19","11","8","23","14","9","0","0","0","386","268","118","2","0","2","0","0","0","0","0","0","-2"
"182281","University of Nevada-Las Vegas","2016","Tenured, professors","319","239","80","2","1","1","50","42","8","12","6","6","12","9","3","0","0","0","242","181","61","1","0","1","0","0","0","0","0","0","-2"
"182281","University of Nevada-Las Vegas","2016","Tenured, associate professors","197","120","77","2","1","1","36","25","11","7","5","2","11","5","6","0","0","0","140","84","56","1","0","1","0","0","0","0","0","0","-2"
"182281","University of Nevada-Las Vegas","2016","Tenured, assistant professors","5","4","1","0","0","0","1","1","0","0","0","0","0","0","0","0","0","0","4","3","1","0","0","0","0","0","0","0","0","0","-2"
"182281","University of Nevada-Las Vegas","2016","On-Tenure track total","186","98","88","0","0","0","41","22","19","6","4","2","12","5","7","1","1","0","98","54","44","8","4","4","0","0","0","20","8","12","-2"
"182281","University of Nevada-Las Vegas","2016","On-tenure track, associate professors","17","8","9","0","0","0","2","1","1","0","0","0","0","0","0","1","1","0","12","5","7","2","1","1","0","0","0","0","0","0","-2"
"182281","University of Nevada-Las Vegas","2016","On-tenure track, assistant professors","169","90","79","0","0","0","39","21","18","6","4","2","12","5","7","0","0","0","86","49","37","6","3","3","0","0","0","20","8","12","-2"
"182281","University of Nevada-Las Vegas","2016","Not on tenure track/No tenure system system total","254","121","133","2","2","0","13","4","9","12","3","9","16","6","10","0","0","0","200","103","97","5","0","5","0","0","0","6","3","3","-2"
"182281","University of Nevada-Las Vegas","2016","Not on tenure/no tenure system, professors","9","7","2","0","0","0","2","1","1","0","0","0","0","0","0","0","0","0","7","6","1","0","0","0","0","0","0","0","0","0","-2"
"182281","University of Nevada-Las Vegas","2016","Not on tenure/no tenure system, associate professors","31","16","15","0","0","0","1","0","1","4","1","3","1","0","1","0","0","0","25","15","10","0","0","0","0","0","0","0","0","0","-2"
"182281","University of Nevada-Las Vegas","2016","Not on tenure/no tenure system, assistant professors","125","65","60","2","2","0","7","2","5","6","2","4","7","3","4","0","0","0","95","53","42","2","0","2","0","0","0","6","3","3","-2"
"182281","University of Nevada-Las Vegas","2016","Not on tenure/no tenure system, lecturers","89","33","56","0","0","0","3","1","2","2","0","2","8","3","5","0","0","0","73","29","44","3","0","3","0","0","0","0","0","0","-2"
"182290","University of Nevada-Reno","2016","Tenured total","378","254","124","2","1","1","44","37","7","3","2","1","20","14","6","0","0","0","305","197","108","3","2","1","0","0","0","1","1","0","-2"
"182290","University of Nevada-Reno","2016","Tenured, professors","191","145","46","2","1","1","22","20","2","0","0","0","6","5","1","0","0","0","157","116","41","3","2","1","0","0","0","1","1","0","-2"
"182290","University of Nevada-Reno","2016","Tenured, associate professors","186","109","77","0","0","0","22","17","5","3","2","1","14","9","5","0","0","0","147","81","66","0","0","0","0","0","0","0","0","0","-2"
"182290","University of Nevada-Reno","2016","Tenured, assistant professors","1","0","1","0","0","0","0","0","0","0","0","0","0","0","0","0","0","0","1","0","1","0","0","0","0","0","0","0","0","0","-2"
"182290","University of Nevada-Reno","2016","On-Tenure track total","235","144","91","0","0","0","32","20","12","5","4","1","20","11","9","1","1","0","132","78","54","4","2","2","0","0","0","41","28","13","-2"
"182290","University of Nevada-Reno","2016","On-tenure track, professors","2","2","0","0","0","0","0","0","0","0","0","0","0","0","0","0","0","0","2","2","0","0","0","0","0","0","0","0","0","0","-2"
"182290","University of Nevada-Reno","2016","On-tenure track, associate professors","10","7","3","0","0","0","1","0","1","0","0","0","0","0","0","0","0","0","7","6","1","0","0","0","0","0","0","2","1","1","-2"
"182290","University of Nevada-Reno","2016","On-tenure track, assistant professors","223","135","88","0","0","0","31","20","11","5","4","1","20","11","9","1","1","0","123","70","53","4","2","2","0","0","0","39","27","12","-2"
"182290","University of Nevada-Reno","2016","Not on tenure track/No tenure system system total","294","151","143","1","0","1","38","24","14","12","7","5","8","3","5","0","0","0","217","107","110","5","3","2","0","0","0","13","7","6","-2"
"182290","University of Nevada-Reno","2016","Not on tenure/no tenure system, instructors","2","1","1","0","0","0","0","0","0","0","0","0","0","0","0","0","0","0","2","1","1","0","0","0","0","0","0","0","0","0","-2"
"182290","University of Nevada-Reno","2016","Not on tenure/no tenure system, lecturers","135","60","75","1","0","1","11","7","4","2","0","2","5","1","4","0","0","0","106","48","58","2","1","1","0","0","0","8","3","5","-2"
"182290","University of Nevada-Reno","2016","Not on tenure/no tenure system, no academic rank","157","90","67","0","0","0","27","17","10","10","7","3","3","2","1","0","0","0","109","58","51","3","2","1","0","0","0","5","4","1","-2"
"182670","Dartmouth College","2016","Tenured total","417","296","121","2","1","1","27","20","7","11","5","6","15","9","6","0","0","0","355","257","98","7","4","3","0","0","0","0","0","0","-2"
"182670","Dartmouth College","2016","Tenured, professors","294","221","73","0","0","0","19","14","5","1","1","0","7","3","4","0","0","0","262","200","62","5","3","2","0","0","0","0","0","0","-2"
"182670","Dartmouth College","2016","Tenured, associate professors","123","75","48","2","1","1","8","6","2","10","4","6","8","6","2","0","0","0","93","57","36","2","1","1","0","0","0","0","0","0","-2"
"182670","Dartmouth College","2016","On-Tenure track total","174","104","70","0","0","0","23","13","10","2","0","2","9","2","7","1","0","1","124","80","44","4","2","2","0","0","0","11","7","4","-2"
"182670","Dartmouth College","2016","On-tenure track, professors","2","2","0","0","0","0","1","1","0","0","0","0","0","0","0","0","0","0","1","1","0","0","0","0","0","0","0","0","0","0","-2"
"182670","Dartmouth College","2016","On-tenure track, associate professors","29","15","14","0","0","0","2","1","1","0","0","0","1","0","1","1","0","1","25","14","11","0","0","0","0","0","0","0","0","0","-2"
"182670","Dartmouth College","2016","On-tenure track, assistant professors","143","87","56","0","0","0","20","11","9","2","0","2","8","2","6","0","0","0","98","65","33","4","2","2","0","0","0","11","7","4","-2"
"182670","Dartmouth College","2016","Not on tenure track/No tenure system system total","119","58","61","1","0","1","10","5","5","1","0","1","5","0","5","0","0","0","95","50","45","0","0","0","0","0","0","7","3","4","-2"
"182670","Dartmouth College","2016","Not on tenure/no tenure system, professors","21","15","6","0","0","0","1","1","0","1","0","1","0","0","0","0","0","0","18","13","5","0","0","0","0","0","0","1","1","0","-2"
"182670","Dartmouth College","2016","Not on tenure/no tenure system, associate professors","8","4","4","0","0","0","0","0","0","0","0","0","1","0","1","0","0","0","7","4","3","0","0","0","0","0","0","0","0","0","-2"
"182670","Dartmouth College","2016","Not on tenure/no tenure system, assistant professors","9","8","1","0","0","0","2","2","0","0","0","0","0","0","0","0","0","0","6","5","1","0","0","0","0","0","0","1","1","0","-2"
"182670","Dartmouth College","2016","Not on tenure/no tenure system, instructors","20","7","13","0","0","0","3","1","2","0","0","0","0","0","0","0","0","0","16","6","10","0","0","0","0","0","0","1","0","1","-2"
"182670","Dartmouth College","2016","Not on tenure/no tenure system, lecturers","53","20","33","1","0","1","3","1","2","0","0","0","4","0","4","0","0","0","44","19","25","0","0","0","0","0","0","1","0","1","-2"
"182670","Dartmouth College","2016","Not on tenure/no tenure system, no academic rank","8","4","4","0","0","0","1","0","1","0","0","0","0","0","0","0","0","0","4","3","1","0","0","0","0","0","0","3","1","2","-2"
"183044","University of New Hampshire-Main Campus","2016","Tenured total","414","258","156","0","0","0","30","14","16","5","5","0","10","6","4","0","0","0","329","209","120","2","2","0","38","22","16","0","0","0","-2"
"183044","University of New Hampshire-Main Campus","2016","Tenured, professors","200","149","51","0","0","0","10","6","4","0","0","0","3","2","1","0","0","0","174","131","43","1","1","0","12","9","3","0","0","0","-2"
"183044","University of New Hampshire-Main Campus","2016","Tenured, associate professors","214","109","105","0","0","0","20","8","12","5","5","0","7","4","3","0","0","0","155","78","77","1","1","0","26","13","13","0","0","0","-2"
"183044","University of New Hampshire-Main Campus","2016","On-Tenure track total","139","66","73","2","2","0","29","13","16","4","1","3","4","3","1","0","0","0","73","32","41","4","1","3","21","14","7","2","0","2","-2"
"183044","University of New Hampshire-Main Campus","2016","On-tenure track, associate professors","5","3","2","0","0","0","0","0","0","0","0","0","0","0","0","0","0","0","3","1","2","0","0","0","2","2","0","0","0","0","-2"
"183044","University of New Hampshire-Main Campus","2016","On-tenure track, assistant professors","133","63","70","2","2","0","29","13","16","4","1","3","3","3","0","0","0","0","70","31","39","4","1","3","19","12","7","2","0","2","-2"
"183044","University of New Hampshire-Main Campus","2016","On-tenure track, instructors","1","0","1","0","0","0","0","0","0","0","0","0","1","0","1","0","0","0","0","0","0","0","0","0","0","0","0","0","0","0","-2"
"183044","University of New Hampshire-Main Campus","2016","Not on tenure track/No tenure system system total","91","35","56","0","0","0","4","2","2","0","0","0","0","0","0","0","0","0","74","28","46","0","0","0","13","5","8","0","0","0","-2"
"183044","University of New Hampshire-Main Campus","2016","Not on tenure/no tenure system, professors","1","1","0","0","0","0","0","0","0","0","0","0","0","0","0","0","0","0","1","1","0","0","0","0","0","0","0","0","0","0","-2"
"183044","University of New Hampshire-Main Campus","2016","Not on tenure/no tenure system, associate professors","17","3","14","0","0","0","0","0","0","0","0","0","0","0","0","0","0","0","15","3","12","0","0","0","2","0","2","0","0","0","-2"
"183044","University of New Hampshire-Main Campus","2016","Not on tenure/no tenure system, assistant professors","41","11","30","0","0","0","2","1","1","0","0","0","0","0","0","0","0","0","31","7","24","0","0","0","8","3","5","0","0","0","-2"
"183044","University of New Hampshire-Main Campus","2016","Not on tenure/no tenure system, lecturers","31","20","11","0","0","0","1","1","0","0","0","0","0","0","0","0","0","0","27","17","10","0","0","0","3","2","1","0","0","0","-2"
"183044","University of New Hampshire-Main Campus","2016","Not on tenure/no tenure system, no academic rank","1","0","1","0","0","0","1","0","1","0","0","0","0","0","0","0","0","0","0","0","0","0","0","0","0","0","0","0","0","0","-2"
"183080","Plymouth State University","2016","Tenured total","119","63","56","0","0","0","10","9","1","2","1","1","1","0","1","0","0","0","100","50","50","0","0","0","6","3","3","0","0","0","-2"
"183080","Plymouth State University","2016","Tenured, professors","75","43","32","0","0","0","5","4","1","1","0","1","1","0","1","0","0","0","64","37","27","0","0","0","4","2","2","0","0","0","-2"
"183080","Plymouth State University","2016","Tenured, associate professors","42","20","22","0","0","0","5","5","0","1","1","0","0","0","0","0","0","0","34","13","21","0","0","0","2","1","1","0","0","0","-2"
"183080","Plymouth State University","2016","Tenured, no academic rank","2","0","2","0","0","0","0","0","0","0","0","0","0","0","0","0","0","0","2","0","2","0","0","0","0","0","0","0","0","0","-2"
"183080","Plymouth State University","2016","On-Tenure track total","43","16","27","0","0","0","3","3","0","0","0","0","1","0","1","0","0","0","30","10","20","0","0","0","9","3","6","0","0","0","-2"
"183080","Plymouth State University","2016","On-tenure track, associate professors","1","0","1","0","0","0","0","0","0","0","0","0","0","0","0","0","0","0","1","0","1","0","0","0","0","0","0","0","0","0","-2"
"183080","Plymouth State University","2016","On-tenure track, assistant professors","42","16","26","0","0","0","3","3","0","0","0","0","1","0","1","0","0","0","29","10","19","0","0","0","9","3","6","0","0","0","-2"
"183080","Plymouth State University","2016","Not on tenure track/No tenure system system total","27","12","15","0","0","0","1","0","1","0","0","0","1","1","0","0","0","0","24","11","13","0","0","0","1","0","1","0","0","0","-2"
"183080","Plymouth State University","2016","Not on tenure/no tenure system, associate professors","1","0","1","0","0","0","0","0","0","0","0","0","0","0","0","0","0","0","1","0","1","0","0","0","0","0","0","0","0","0","-2"
"183080","Plymouth State University","2016","Not on tenure/no tenure system, assistant professors","5","0","5","0","0","0","0","0","0","0","0","0","0","0","0","0","0","0","5","0","5","0","0","0","0","0","0","0","0","0","-2"
"183080","Plymouth State University","2016","Not on tenure/no tenure system, lecturers","21","12","9","0","0","0","1","0","1","0","0","0","1","1","0","0","0","0","18","11","7","0","0","0","1","0","1","0","0","0","-2"
"185262","Kean University","2016","Tenured total","200","98","102","0","0","0","28","12","16","21","10","11","13","7","6","0","0","0","138","69","69","0","0","0","0","0","0","0","0","0","-2"
"185262","Kean University","2016","Tenured, professors","72","39","33","0","0","0","6","5","1","8","5","3","2","1","1","0","0","0","56","28","28","0","0","0","0","0","0","0","0","0","-2"
"185262","Kean University","2016","Tenured, associate professors","69","32","37","0","0","0","13","3","10","5","2","3","5","3","2","0","0","0","46","24","22","0","0","0","0","0","0","0","0","0","-2"
"185262","Kean University","2016","Tenured, assistant professors","59","27","32","0","0","0","9","4","5","8","3","5","6","3","3","0","0","0","36","17","19","0","0","0","0","0","0","0","0","0","-2"
"185262","Kean University","2016","On-Tenure track total","44","21","23","0","0","0","10","6","4","0","0","0","1","1","0","0","0","0","26","10","16","0","0","0","0","0","0","7","4","3","-2"
"185262","Kean University","2016","On-tenure track, associate professors","2","0","2","0","0","0","0","0","0","0","0","0","0","0","0","0","0","0","2","0","2","0","0","0","0","0","0","0","0","0","-2"
"185262","Kean University","2016","On-tenure track, assistant professors","41","21","20","0","0","0","10","6","4","0","0","0","1","1","0","0","0","0","23","10","13","0","0","0","0","0","0","7","4","3","-2"
"185262","Kean University","2016","On-tenure track, no academic rank","1","0","1","0","0","0","0","0","0","0","0","0","0","0","0","0","0","0","1","0","1","0","0","0","0","0","0","0","0","0","-2"
"185262","Kean University","2016","Not on tenure track/No tenure system system total","87","34","53","0","0","0","3","1","2","10","6","4","4","3","1","0","0","0","68","22","46","1","1","0","0","0","0","1","1","0","-2"
"185262","Kean University","2016","Not on tenure/no tenure system, assistant professors","1","1","0","0","0","0","0","0","0","0","0","0","0","0","0","0","0","0","1","1","0","0","0","0","0","0","0","0","0","0","-2"
"185262","Kean University","2016","Not on tenure/no tenure system, lecturers","84","33","51","0","0","0","3","1","2","10","6","4","4","3","1","0","0","0","65","21","44","1","1","0","0","0","0","1","1","0","-2"
"185262","Kean University","2016","Not on tenure/no tenure system, no academic rank","2","0","2","0","0","0","0","0","0","0","0","0","0","0","0","0","0","0","2","0","2","0","0","0","0","0","0","0","0","0","-2"
"186131","Princeton University","2016","Tenured total","575","419","156","0","0","0","55","44","11","19","12","7","14","10","4","0","0","0","473","346","127","2","1","1","4","2","2","8","4","4","-2"
"186131","Princeton University","2016","Tenured, professors","476","361","115","0","0","0","48","41","7","16","9","7","9","8","1","0","0","0","392","298","94","2","1","1","4","2","2","5","2","3","-2"
"186131","Princeton University","2016","Tenured, associate professors","99","58","41","0","0","0","7","3","4","3","3","0","5","2","3","0","0","0","81","48","33","0","0","0","0","0","0","3","2","1","-2"
"186131","Princeton University","2016","On-Tenure track total","178","109","69","0","0","0","16","5","11","7","3","4","11","6","5","0","0","0","105","73","32","3","2","1","8","4","4","28","16","12","-2"
"186131","Princeton University","2016","On-tenure track, assistant professors","178","109","69","0","0","0","16","5","11","7","3","4","11","6","5","0","0","0","105","73","32","3","2","1","8","4","4","28","16","12","-2"
"186131","Princeton University","2016","Not on tenure track/No tenure system system total","171","91","80","0","0","0","18","4","14","3","3","0","6","2","4","0","0","0","94","53","41","0","0","0","9","5","4","41","24","17","-2"
"186131","Princeton University","2016","Not on tenure/no tenure system, instructors","17","14","3","0","0","0","0","0","0","0","0","0","0","0","0","0","0","0","3","2","1","0","0","0","0","0","0","14","12","2","-2"
"186131","Princeton University","2016","Not on tenure/no tenure system, lecturers","154","77","77","0","0","0","18","4","14","3","3","0","6","2","4","0","0","0","91","51","40","0","0","0","9","5","4","27","12","15","-2"
"186380","Rutgers University-New Brunswick","2016","Tenured total","1360","905","455","1","1","0","166","124","42","40","17","23","48","30","18","0","0","0","995","667","328","4","2","2","52","28","24","54","36","18","-2"
"186380","Rutgers University-New Brunswick","2016","Tenured, professors","931","683","248","0","0","0","117","95","22","21","13","8","24","17","7","0","0","0","727","527","200","2","2","0","21","14","7","19","15","4","-2"
"186380","Rutgers University-New Brunswick","2016","Tenured, associate professors","429","222","207","1","1","0","49","29","20","19","4","15","24","13","11","0","0","0","268","140","128","2","0","2","31","14","17","35","21","14","-2"
"186380","Rutgers University-New Brunswick","2016","On-Tenure track total","354","183","171","0","0","0","46","25","21","11","3","8","16","9","7","0","0","0","116","53","63","5","2","3","92","47","45","68","44","24","-2"
"186380","Rutgers University-New Brunswick","2016","On-tenure track, professors","14","9","5","0","0","0","0","0","0","0","0","0","0","0","0","0","0","0","10","7","3","1","0","1","3","2","1","0","0","0","-2"
"186380","Rutgers University-New Brunswick","2016","On-tenure track, associate professors","53","27","26","0","0","0","10","5","5","0","0","0","2","0","2","0","0","0","29","14","15","0","0","0","7","5","2","5","3","2","-2"
"186380","Rutgers University-New Brunswick","2016","On-tenure track, assistant professors","287","147","140","0","0","0","36","20","16","11","3","8","14","9","5","0","0","0","77","32","45","4","2","2","82","40","42","63","41","22","-2"
"186380","Rutgers University-New Brunswick","2016","Not on tenure track/No tenure system system total","1451","658","793","1","0","1","248","121","127","68","24","44","57","14","43","0","0","0","758","360","398","7","5","2","212","87","125","100","47","53","-2"
"186380","Rutgers University-New Brunswick","2016","Not on tenure/no tenure system, professors","134","80","54","0","0","0","26","15","11","4","3","1","2","1","1","0","0","0","88","54","34","0","0","0","11","6","5","3","1","2","-2"
"186380","Rutgers University-New Brunswick","2016","Not on tenure/no tenure system, associate professors","262","134","128","0","0","0","50","28","22","10","4","6","8","4","4","0","0","0","155","77","78","2","1","1","15","8","7","22","12","10","-2"
"186380","Rutgers University-New Brunswick","2016","Not on tenure/no tenure system, assistant professors","685","307","378","0","0","0","128","63","65","38","17","21","26","6","20","0","0","0","337","158","179","1","1","0","106","39","67","49","23","26","-2"
"186380","Rutgers University-New Brunswick","2016","Not on tenure/no tenure system, instructors","328","118","210","1","0","1","44","15","29","14","0","14","19","3","16","0","0","0","153","63","90","3","2","1","74","29","45","20","6","14","-2"
"186380","Rutgers University-New Brunswick","2016","Not on tenure/no tenure system, lecturers","42","19","23","0","0","0","0","0","0","2","0","2","2","0","2","0","0","0","25","8","17","1","1","0","6","5","1","6","5","1","-2"
"187967","New Mexico Institute of Mining and Technology","2016","Tenured total","70","59","11","0","0","0","10","10","0","0","0","0","6","5","1","0","0","0","54","44","10","0","0","0","0","0","0","0","0","0","-2"
"187967","New Mexico Institute of Mining and Technology","2016","Tenured, professors","38","31","7","0","0","0","5","5","0","0","0","0","3","3","0","0","0","0","30","23","7","0","0","0","0","0","0","0","0","0","-2"
"187967","New Mexico Institute of Mining and Technology","2016","Tenured, associate professors","32","28","4","0","0","0","5","5","0","0","0","0","3","2","1","0","0","0","24","21","3","0","0","0","0","0","0","0","0","0","-2"
"187967","New Mexico Institute of Mining and Technology","2016","On-Tenure track total","46","33","13","0","0","0","16","12","4","0","0","0","3","3","0","0","0","0","27","18","9","0","0","0","0","0","0","0","0","0","-2"
"187967","New Mexico Institute of Mining and Technology","2016","On-tenure track, associate professors","5","5","0","0","0","0","3","3","0","0","0","0","0","0","0","0","0","0","2","2","0","0","0","0","0","0","0","0","0","0","-2"
"187967","New Mexico Institute of Mining and Technology","2016","On-tenure track, assistant professors","41","28","13","0","0","0","13","9","4","0","0","0","3","3","0","0","0","0","25","16","9","0","0","0","0","0","0","0","0","0","-2"
"187967","New Mexico Institute of Mining and Technology","2016","Not on tenure track/No tenure system system total","18","12","6","0","0","0","4","2","2","0","0","0","0","0","0","0","0","0","14","10","4","0","0","0","0","0","0","0","0","0","-2"
"187967","New Mexico Institute of Mining and Technology","2016","Not on tenure/no tenure system, professors","4","3","1","0","0","0","0","0","0","0","0","0","0","0","0","0","0","0","4","3","1","0","0","0","0","0","0","0","0","0","-2"
"187967","New Mexico Institute of Mining and Technology","2016","Not on tenure/no tenure system, associate professors","1","1","0","0","0","0","0","0","0","0","0","0","0","0","0","0","0","0","1","1","0","0","0","0","0","0","0","0","0","0","-2"
"187967","New Mexico Institute of Mining and Technology","2016","Not on tenure/no tenure system, assistant professors","6","5","1","0","0","0","3","2","1","0","0","0","0","0","0","0","0","0","3","3","0","0","0","0","0","0","0","0","0","0","-2"
"187967","New Mexico Institute of Mining and Technology","2016","Not on tenure/no tenure system, instructors","7","3","4","0","0","0","1","0","1","0","0","0","0","0","0","0","0","0","6","3","3","0","0","0","0","0","0","0","0","0","-2"
"190150","Columbia University in the City of New York","2016","Tenured total","1105","819","286","2","1","1","147","112","35","39","23","16","25","19","6","0","0","0","852","631","221","5","3","2","21","16","5","14","14","0","-2"
"190150","Columbia University in the City of New York","2016","Tenured, professors","922","698","224","0","0","0","111","89","22","30","18","12","23","18","5","0","0","0","727","547","180","3","2","1","17","13","4","11","11","0","-2"
"190150","Columbia University in the City of New York","2016","Tenured, associate professors","183","121","62","2","1","1","36","23","13","9","5","4","2","1","1","0","0","0","125","84","41","2","1","1","4","3","1","3","3","0","-2"
"190150","Columbia University in the City of New York","2016","On-Tenure track total","527","325","202","0","0","0","87","55","32","32","13","19","25","13","12","1","0","1","268","169","99","10","4","6","20","14","6","84","57","27","-2"
"190150","Columbia University in the City of New York","2016","On-tenure track, professors","42","36","6","0","0","0","7","7","0","3","2","1","1","1","0","0","0","0","23","18","5","0","0","0","1","1","0","7","7","0","-2"
"190150","Columbia University in the City of New York","2016","On-tenure track, associate professors","100","61","39","0","0","0","10","6","4","8","5","3","5","3","2","0","0","0","66","41","25","2","0","2","2","2","0","7","4","3","-2"
"190150","Columbia University in the City of New York","2016","On-tenure track, assistant professors","371","222","149","0","0","0","67","40","27","21","6","15","17","8","9","1","0","1","174","108","66","7","4","3","17","11","6","67","45","22","-2"
"190150","Columbia University in the City of New York","2016","On-tenure track, instructors","3","2","1","0","0","0","1","1","0","0","0","0","0","0","0","0","0","0","0","0","0","0","0","0","0","0","0","2","1","1","-2"
"190150","Columbia University in the City of New York","2016","On-tenure track, lecturers","11","4","7","0","0","0","2","1","1","0","0","0","2","1","1","0","0","0","5","2","3","1","0","1","0","0","0","1","0","1","-2"
"190150","Columbia University in the City of New York","2016","Not on tenure track/No tenure system system total","2216","1085","1131","1","1","0","381","175","206","105","44","61","124","51","73","2","1","1","1429","731","698","22","7","15","69","34","35","83","41","42","-2"
"190150","Columbia University in the City of New York","2016","Not on tenure/no tenure system, professors","375","258","117","0","0","0","27","18","9","14","8","6","12","10","2","0","0","0","307","215","92","2","1","1","7","3","4","6","3","3","-2"
"190150","Columbia University in the City of New York","2016","Not on tenure/no tenure system, associate professors","369","201","168","0","0","0","60","36","24","13","8","5","17","5","12","0","0","0","264","143","121","0","0","0","11","7","4","4","2","2","-2"
"190150","Columbia University in the City of New York","2016","Not on tenure/no tenure system, assistant professors","1024","435","589","0","0","0","227","92","135","57","19","38","60","22","38","2","1","1","599","265","334","13","4","9","41","18","23","25","14","11","-2"
"190150","Columbia University in the City of New York","2016","Not on tenure/no tenure system, instructors","142","52","90","1","1","0","36","17","19","15","5","10","16","4","12","0","0","0","62","18","44","3","2","1","4","1","3","5","4","1","-2"
"190150","Columbia University in the City of New York","2016","Not on tenure/no tenure system, lecturers","306","139","167","0","0","0","31","12","19","6","4","2","19","10","9","0","0","0","197","90","107","4","0","4","6","5","1","43","18","25","-2"
"190415","Cornell University","2016","Tenured total","1083","769","314","5","3","2","108","80","28","44","25","19","36","21","15","0","0","0","874","633","241","3","0","3","1","0","1","12","7","5","-2"
"190415","Cornell University","2016","Tenured, professors","719","545","174","2","2","0","63","50","13","23","17","6","18","11","7","0","0","0","605","461","144","2","0","2","0","0","0","6","4","2","-2"
"190415","Cornell University","2016","Tenured, associate professors","364","224","140","3","1","2","45","30","15","21","8","13","18","10","8","0","0","0","269","172","97","1","0","1","1","0","1","6","3","3","-2"
"190415","Cornell University","2016","On-Tenure track total","345","208","137","1","0","1","40","23","17","16","7","9","20","10","10","0","0","0","197","121","76","3","1","2","1","0","1","67","46","21","-2"
"190415","Cornell University","2016","On-tenure track, professors","8","6","2","0","0","0","0","0","0","0","0","0","1","1","0","0","0","0","6","4","2","0","0","0","0","0","0","1","1","0","-2"
"190415","Cornell University","2016","On-tenure track, associate professors","15","10","5","0","0","0","3","1","2","0","0","0","0","0","0","0","0","0","11","8","3","0","0","0","0","0","0","1","1","0","-2"
"190415","Cornell University","2016","On-tenure track, assistant professors","322","192","130","1","0","1","37","22","15","16","7","9","19","9","10","0","0","0","180","109","71","3","1","2","1","0","1","65","44","21","-2"
"190415","Cornell University","2016","Not on tenure track/No tenure system system total","388","180","208","0","0","0","40","10","30","14","9","5","7","4","3","0","0","0","279","138","141","3","0","3","1","0","1","44","19","25","-2"
"190415","Cornell University","2016","Not on tenure/no tenure system, professors","3","3","0","0","0","0","0","0","0","0","0","0","0","0","0","0","0","0","3","3","0","0","0","0","0","0","0","0","0","0","-2"
"190415","Cornell University","2016","Not on tenure/no tenure system, associate professors","2","1","1","0","0","0","1","0","1","0","0","0","0","0","0","0","0","0","1","1","0","0","0","0","0","0","0","0","0","0","-2"
"190415","Cornell University","2016","Not on tenure/no tenure system, assistant professors","1","0","1","0","0","0","0","0","0","0","0","0","0","0","0","0","0","0","1","0","1","0","0","0","0","0","0","0","0","0","-2"
"190415","Cornell University","2016","Not on tenure/no tenure system, instructors","107","54","53","0","0","0","13","5","8","2","1","1","2","1","1","0","0","0","68","34","34","0","0","0","0","0","0","22","13","9","-2"
"190415","Cornell University","2016","Not on tenure/no tenure system, lecturers","275","122","153","0","0","0","26","5","21","12","8","4","5","3","2","0","0","0","206","100","106","3","0","3","1","0","1","22","6","16","-2"
"190567","CUNY City College","2016","Tenured total","442","278","164","0","0","0","62","47","15","36","16","20","35","16","19","0","0","0","301","194","107","0","0","0","0","0","0","8","5","3","-2"
"190567","CUNY City College","2016","Tenured, professors","237","170","67","0","0","0","33","26","7","14","8","6","16","8","8","0","0","0","172","126","46","0","0","0","0","0","0","2","2","0","-2"
"190567","CUNY City College","2016","Tenured, associate professors","150","83","67","0","0","0","24","18","6","13","5","8","15","6","9","0","0","0","93","51","42","0","0","0","0","0","0","5","3","2","-2"
"190567","CUNY City College","2016","Tenured, assistant professors","14","7","7","0","0","0","2","1","1","1","0","1","2","1","1","0","0","0","9","5","4","0","0","0","0","0","0","0","0","0","-2"
"190567","CUNY City College","2016","Tenured, lecturers","41","18","23","0","0","0","3","2","1","8","3","5","2","1","1","0","0","0","27","12","15","0","0","0","0","0","0","1","0","1","-2"
"190567","CUNY City College","2016","On-Tenure track total","139","77","62","0","0","0","19","10","9","13","6","7","13","4","9","0","0","0","79","47","32","1","0","1","0","0","0","14","10","4","-2"
"190567","CUNY City College","2016","On-tenure track, professors","1","0","1","0","0","0","1","0","1","0","0","0","0","0","0","0","0","0","0","0","0","0","0","0","0","0","0","0","0","0","-2"
"190567","CUNY City College","2016","On-tenure track, associate professors","18","10","8","0","0","0","1","0","1","1","1","0","1","0","1","0","0","0","13","7","6","0","0","0","0","0","0","2","2","0","-2"
"190567","CUNY City College","2016","On-tenure track, assistant professors","110","60","50","0","0","0","17","10","7","9","3","6","12","4","8","0","0","0","60","36","24","1","0","1","0","0","0","11","7","4","-2"
"190567","CUNY City College","2016","On-tenure track, lecturers","10","7","3","0","0","0","0","0","0","3","2","1","0","0","0","0","0","0","6","4","2","0","0","0","0","0","0","1","1","0","-2"
"190567","CUNY City College","2016","Not on tenure track/No tenure system system total","33","17","16","0","0","0","2","0","2","2","0","2","4","2","2","0","0","0","24","14","10","0","0","0","0","0","0","1","1","0","-2"
"190567","CUNY City College","2016","Not on tenure/no tenure system, professors","11","8","3","0","0","0","0","0","0","1","0","1","1","1","0","0","0","0","9","7","2","0","0","0","0","0","0","0","0","0","-2"
"190567","CUNY City College","2016","Not on tenure/no tenure system, assistant professors","4","2","2","0","0","0","0","0","0","0","0","0","0","0","0","0","0","0","3","1","2","0","0","0","0","0","0","1","1","0","-2"
"190567","CUNY City College","2016","Not on tenure/no tenure system, instructors","3","2","1","0","0","0","0","0","0","1","0","1","1","1","0","0","0","0","1","1","0","0","0","0","0","0","0","0","0","0","-2"
"190567","CUNY City College","2016","Not on tenure/no tenure system, lecturers","15","5","10","0","0","0","2","0","2","0","0","0","2","0","2","0","0","0","11","5","6","0","0","0","0","0","0","0","0","0","-2"
"190576","CUNY Graduate School and University Center","2016","Tenured total","159","93","66","1","0","1","8","6","2","8","6","2","8","3","5","0","0","0","131","76","55","0","0","0","0","0","0","3","2","1","-2"
"190576","CUNY Graduate School and University Center","2016","Tenured, professors","132","81","51","1","0","1","6","5","1","7","6","1","6","2","4","0","0","0","110","67","43","0","0","0","0","0","0","2","1","1","-2"
"190576","CUNY Graduate School and University Center","2016","Tenured, associate professors","23","12","11","0","0","0","2","1","1","0","0","0","2","1","1","0","0","0","18","9","9","0","0","0","0","0","0","1","1","0","-2"
"190576","CUNY Graduate School and University Center","2016","Tenured, assistant professors","4","0","4","0","0","0","0","0","0","1","0","1","0","0","0","0","0","0","3","0","3","0","0","0","0","0","0","0","0","0","-2"
"190576","CUNY Graduate School and University Center","2016","On-Tenure track total","29","17","12","0","0","0","4","3","1","3","2","1","2","0","2","0","0","0","20","12","8","0","0","0","0","0","0","0","0","0","-2"
"190576","CUNY Graduate School and University Center","2016","On-tenure track, professors","3","1","2","0","0","0","0","0","0","0","0","0","0","0","0","0","0","0","3","1","2","0","0","0","0","0","0","0","0","0","-2"
"190576","CUNY Graduate School and University Center","2016","On-tenure track, associate professors","9","5","4","0","0","0","0","0","0","1","0","1","1","0","1","0","0","0","7","5","2","0","0","0","0","0","0","0","0","0","-2"
"190576","CUNY Graduate School and University Center","2016","On-tenure track, assistant professors","16","10","6","0","0","0","4","3","1","2","2","0","1","0","1","0","0","0","9","5","4","0","0","0","0","0","0","0","0","0","-2"
"190576","CUNY Graduate School and University Center","2016","On-tenure track, lecturers","1","1","0","0","0","0","0","0","0","0","0","0","0","0","0","0","0","0","1","1","0","0","0","0","0","0","0","0","0","0","-2"
"190576","CUNY Graduate School and University Center","2016","Not on tenure track/No tenure system system total","55","28","27","0","0","0","5","2","3","5","1","4","6","2","4","0","0","0","38","23","15","0","0","0","0","0","0","1","0","1","-2"
"190576","CUNY Graduate School and University Center","2016","Not on tenure/no tenure system, professors","28","16","12","0","0","0","2","1","1","1","1","0","3","2","1","0","0","0","22","12","10","0","0","0","0","0","0","0","0","0","-2"
"190576","CUNY Graduate School and University Center","2016","Not on tenure/no tenure system, associate professors","2","1","1","0","0","0","0","0","0","1","0","1","0","0","0","0","0","0","1","1","0","0","0","0","0","0","0","0","0","0","-2"
"190576","CUNY Graduate School and University Center","2016","Not on tenure/no tenure system, assistant professors","16","5","11","0","0","0","2","0","2","2","0","2","3","0","3","0","0","0","8","5","3","0","0","0","0","0","0","1","0","1","-2"
"190576","CUNY Graduate School and University Center","2016","Not on tenure/no tenure system, lecturers","9","6","3","0","0","0","1","1","0","1","0","1","0","0","0","0","0","0","7","5","2","0","0","0","0","0","0","0","0","0","-2"
"191630","Hobart William Smith Colleges","2016","Tenured total","120","73","47","0","0","0","12","7","5","3","1","2","3","2","1","0","0","0","99","62","37","2","0","2","1","1","0","0","0","0","-2"
"191630","Hobart William Smith Colleges","2016","Tenured, professors","52","39","13","0","0","0","2","1","1","0","0","0","0","0","0","0","0","0","49","37","12","0","0","0","1","1","0","0","0","0","-2"
"191630","Hobart William Smith Colleges","2016","Tenured, associate professors","68","34","34","0","0","0","10","6","4","3","1","2","3","2","1","0","0","0","50","25","25","2","0","2","0","0","0","0","0","0","-2"
"191630","Hobart William Smith Colleges","2016","On-Tenure track total","70","28","42","1","0","1","4","2","2","3","1","2","2","2","0","0","0","0","57","23","34","1","0","1","0","0","0","2","0","2","-2"
"191630","Hobart William Smith Colleges","2016","On-tenure track, associate professors","1","1","0","0","0","0","0","0","0","0","0","0","0","0","0","0","0","0","1","1","0","0","0","0","0","0","0","0","0","0","-2"
"191630","Hobart William Smith Colleges","2016","On-tenure track, assistant professors","69","27","42","1","0","1","4","2","2","3","1","2","2","2","0","0","0","0","56","22","34","1","0","1","0","0","0","2","0","2","-2"
"191630","Hobart William Smith Colleges","2016","Not on tenure track/No tenure system system total","12","6","6","0","0","0","1","1","0","0","0","0","1","1","0","0","0","0","9","4","5","0","0","0","0","0","0","1","0","1","-2"
"191630","Hobart William Smith Colleges","2016","Not on tenure/no tenure system, assistant professors","11","5","6","0","0","0","1","1","0","0","0","0","1","1","0","0","0","0","8","3","5","0","0","0","0","0","0","1","0","1","-2"
"191630","Hobart William Smith Colleges","2016","Not on tenure/no tenure system, instructors","1","1","0","0","0","0","0","0","0","0","0","0","0","0","0","0","0","0","1","1","0","0","0","0","0","0","0","0","0","0","-2"
"193900","New York University","2016","Tenured total","1520","1024","496","0","0","0","166","110","56","61","35","26","62","39","23","0","0","0","1207","826","381","5","2","3","4","3","1","15","9","6","-2"
"193900","New York University","2016","Tenured, professors","994","724","270","0","0","0","91","73","18","27","17","10","38","26","12","0","0","0","827","600","227","3","2","1","3","3","0","5","3","2","-2"
"193900","New York University","2016","Tenured, associate professors","477","279","198","0","0","0","74","37","37","30","17","13","22","12","10","0","0","0","339","207","132","1","0","1","1","0","1","10","6","4","-2"
"193900","New York University","2016","Tenured, assistant professors","3","2","1","0","0","0","0","0","0","0","0","0","1","1","0","0","0","0","1","1","0","1","0","1","0","0","0","0","0","0","-2"
"193900","New York University","2016","Tenured, no academic rank","46","19","27","0","0","0","1","0","1","4","1","3","1","0","1","0","0","0","40","18","22","0","0","0","0","0","0","0","0","0","-2"
"193900","New York University","2016","On-Tenure track total","443","237","206","1","1","0","69","29","40","12","5","7","22","11","11","2","1","1","261","144","117","4","3","1","15","6","9","57","37","20","-2"
"193900","New York University","2016","On-tenure track, professors","7","2","5","0","0","0","2","1","1","0","0","0","0","0","0","0","0","0","5","1","4","0","0","0","0","0","0","0","0","0","-2"
"193900","New York University","2016","On-tenure track, associate professors","66","41","25","0","0","0","14","9","5","3","1","2","6","3","3","0","0","0","36","24","12","0","0","0","0","0","0","7","4","3","-2"
"193900","New York University","2016","On-tenure track, assistant professors","332","177","155","1","1","0","50","17","33","7","3","4","13","8","5","2","1","1","191","106","85","4","3","1","15","6","9","49","32","17","-2"
"193900","New York University","2016","On-tenure track, no academic rank","38","17","21","0","0","0","3","2","1","2","1","1","3","0","3","0","0","0","29","13","16","0","0","0","0","0","0","1","1","0","-2"
"193900","New York University","2016","Not on tenure track/No tenure system system total","3547","1952","1595","4","3","1","628","309","319","192","78","114","164","75","89","6","4","2","2352","1359","993","12","7","5","29","13","16","160","104","56","-2"
"193900","New York University","2016","Not on tenure/no tenure system, professors","421","283","138","1","1","0","93","59","34","44","21","23","21","11","10","0","0","0","249","181","68","1","1","0","1","1","0","11","8","3","-2"
"193900","New York University","2016","Not on tenure/no tenure system, associate professors","443","295","148","1","1","0","76","46","30","19","8","11","25","11","14","2","2","0","310","219","91","1","1","0","0","0","0","9","7","2","-2"
"193900","New York University","2016","Not on tenure/no tenure system, assistant professors","1187","628","559","0","0","0","258","123","135","69","25","44","52","21","31","2","1","1","716","401","315","5","2","3","10","4","6","75","51","24","-2"
"193900","New York University","2016","Not on tenure/no tenure system, instructors","321","162","159","0","0","0","84","38","46","14","5","9","14","9","5","1","0","1","196","106","90","1","1","0","0","0","0","11","3","8","-2"
"193900","New York University","2016","Not on tenure/no tenure system, lecturers","234","98","136","0","0","0","32","7","25","0","0","0","16","10","6","0","0","0","172","73","99","2","1","1","3","1","2","9","6","3","-2"
"193900","New York University","2016","Not on tenure/no tenure system, no academic rank","941","486","455","2","1","1","85","36","49","46","19","27","36","13","23","1","1","0","709","379","330","2","1","1","15","7","8","45","29","16","-2"
"196060","SUNY at Albany","2016","Tenured total","365","236","129","2","0","2","53","34","19","15","7","8","14","8","6","0","0","0","279","185","94","0","0","0","0","0","0","2","2","0","-2"
"196060","SUNY at Albany","2016","Tenured, professors","156","119","37","1","0","1","14","13","1","4","2","2","5","3","2","0","0","0","132","101","31","0","0","0","0","0","0","0","0","0","-2"
"196060","SUNY at Albany","2016","Tenured, associate professors","209","117","92","1","0","1","39","21","18","11","5","6","9","5","4","0","0","0","147","84","63","0","0","0","0","0","0","2","2","0","-2"
"196060","SUNY at Albany","2016","On-Tenure track total","192","109","83","2","0","2","38","27","11","9","2","7","9","3","6","0","0","0","98","58","40","1","0","1","0","0","0","35","19","16","-2"
"196060","SUNY at Albany","2016","On-tenure track, professors","2","1","1","0","0","0","1","0","1","0","0","0","0","0","0","0","0","0","1","1","0","0","0","0","0","0","0","0","0","0","-2"
"196060","SUNY at Albany","2016","On-tenure track, associate professors","7","6","1","0","0","0","2","1","1","0","0","0","0","0","0","0","0","0","4","4","0","0","0","0","0","0","0","1","1","0","-2"
"196060","SUNY at Albany","2016","On-tenure track, assistant professors","183","102","81","2","0","2","35","26","9","9","2","7","9","3","6","0","0","0","93","53","40","1","0","1","0","0","0","34","18","16","-2"
"196060","SUNY at Albany","2016","Not on tenure track/No tenure system system total","107","44","63","0","0","0","7","1","6","5","2","3","6","1","5","0","0","0","87","38","49","0","0","0","0","0","0","2","2","0","-2"
"196060","SUNY at Albany","2016","Not on tenure/no tenure system, professors","1","1","0","0","0","0","0","0","0","0","0","0","0","0","0","0","0","0","1","1","0","0","0","0","0","0","0","0","0","0","-2"
"196060","SUNY at Albany","2016","Not on tenure/no tenure system, associate professors","2","1","1","0","0","0","1","0","1","0","0","0","0","0","0","0","0","0","1","1","0","0","0","0","0","0","0","0","0","0","-2"
"196060","SUNY at Albany","2016","Not on tenure/no tenure system, assistant professors","26","12","14","0","0","0","2","1","1","1","1","0","4","1","3","0","0","0","19","9","10","0","0","0","0","0","0","0","0","0","-2"
"196060","SUNY at Albany","2016","Not on tenure/no tenure system, lecturers","78","30","48","0","0","0","4","0","4","4","1","3","2","0","2","0","0","0","66","27","39","0","0","0","0","0","0","2","2","0","-2"
"196097","Stony Brook University","2016","Tenured total","712","516","196","1","1","0","91","67","24","19","12","7","24","16","8","0","0","0","544","399","145","1","1","0","14","6","8","18","14","4","-2"
"196097","Stony Brook University","2016","Tenured, professors","451","355","96","0","0","0","57","44","13","11","9","2","7","5","2","0","0","0","364","288","76","0","0","0","6","4","2","6","5","1","-2"
"196097","Stony Brook University","2016","Tenured, associate professors","259","161","98","1","1","0","34","23","11","8","3","5","17","11","6","0","0","0","178","111","67","1","1","0","8","2","6","12","9","3","-2"
"196097","Stony Brook University","2016","Tenured, assistant professors","2","0","2","0","0","0","0","0","0","0","0","0","0","0","0","0","0","0","2","0","2","0","0","0","0","0","0","0","0","0","-2"
"196097","Stony Brook University","2016","On-Tenure track total","295","186","109","0","0","0","61","37","24","9","2","7","12","9","3","0","0","0","136","91","45","4","4","0","20","10","10","53","33","20","-2"
"196097","Stony Brook University","2016","On-tenure track, professors","15","10","5","0","0","0","1","1","0","1","0","1","0","0","0","0","0","0","9","6","3","0","0","0","2","1","1","2","2","0","-2"
"196097","Stony Brook University","2016","On-tenure track, associate professors","14","7","7","0","0","0","4","2","2","0","0","0","1","1","0","0","0","0","3","2","1","0","0","0","2","0","2","4","2","2","-2"
"196097","Stony Brook University","2016","On-tenure track, assistant professors","266","169","97","0","0","0","56","34","22","8","2","6","11","8","3","0","0","0","124","83","41","4","4","0","16","9","7","47","29","18","-2"
"196097","Stony Brook University","2016","Not on tenure track/No tenure system system total","725","342","383","1","1","0","112","52","60","33","10","23","27","6","21","1","1","0","502","240","262","3","2","1","10","7","3","36","23","13","-2"
"196097","Stony Brook University","2016","Not on tenure/no tenure system, professors","48","30","18","0","0","0","10","6","4","0","0","0","0","0","0","0","0","0","37","24","13","0","0","0","0","0","0","1","0","1","-2"
"196097","Stony Brook University","2016","Not on tenure/no tenure system, associate professors","147","85","62","0","0","0","18","12","6","6","3","3","3","1","2","0","0","0","111","61","50","1","1","0","2","1","1","6","6","0","-2"
"196097","Stony Brook University","2016","Not on tenure/no tenure system, assistant professors","357","152","205","0","0","0","65","30","35","22","4","18","13","1","12","1","1","0","236","104","132","2","1","1","4","3","1","14","8","6","-2"
"196097","Stony Brook University","2016","Not on tenure/no tenure system, instructors","45","16","29","0","0","0","6","2","4","2","1","1","3","2","1","0","0","0","33","10","23","0","0","0","1","1","0","0","0","0","-2"
"196097","Stony Brook University","2016","Not on tenure/no tenure system, lecturers","128","59","69","1","1","0","13","2","11","3","2","1","8","2","6","0","0","0","85","41","44","0","0","0","3","2","1","15","9","6","-2"
"196121","SUNY College at Brockport","2016","Tenured total","190","100","90","1","0","1","21","16","5","5","4","1","7","4","3","1","1","0","154","74","80","1","1","0","0","0","0","0","0","0","-2"
"196121","SUNY College at Brockport","2016","Tenured, professors","61","40","21","1","0","1","11","10","1","1","1","0","3","2","1","1","1","0","44","26","18","0","0","0","0","0","0","0","0","0","-2"
"196121","SUNY College at Brockport","2016","Tenured, associate professors","125","60","65","0","0","0","10","6","4","4","3","1","3","2","1","0","0","0","107","48","59","1","1","0","0","0","0","0","0","0","-2"
"196121","SUNY College at Brockport","2016","Tenured, assistant professors","4","0","4","0","0","0","0","0","0","0","0","0","1","0","1","0","0","0","3","0","3","0","0","0","0","0","0","0","0","0","-2"
"196121","SUNY College at Brockport","2016","On-Tenure track total","84","36","48","0","0","0","5","5","0","4","0","4","3","2","1","0","0","0","61","25","36","1","0","1","0","0","0","10","4","6","-2"
"196121","SUNY College at Brockport","2016","On-tenure track, associate professors","11","6","5","0","0","0","1","1","0","0","0","0","0","0","0","0","0","0","10","5","5","0","0","0","0","0","0","0","0","0","-2"
"196121","SUNY College at Brockport","2016","On-tenure track, assistant professors","69","29","40","0","0","0","4","4","0","3","0","3","3","2","1","0","0","0","50","19","31","0","0","0","0","0","0","9","4","5","-2"
"196121","SUNY College at Brockport","2016","On-tenure track, instructors","4","1","3","0","0","0","0","0","0","1","0","1","0","0","0","0","0","0","1","1","0","1","0","1","0","0","0","1","0","1","-2"
"196121","SUNY College at Brockport","2016","Not on tenure track/No tenure system system total","57","19","38","0","0","0","0","0","0","3","1","2","1","0","1","0","0","0","48","15","33","0","0","0","0","0","0","5","3","2","-2"
"196121","SUNY College at Brockport","2016","Not on tenure/no tenure system, professors","1","0","1","0","0","0","0","0","0","0","0","0","0","0","0","0","0","0","1","0","1","0","0","0","0","0","0","0","0","0","-2"
"196121","SUNY College at Brockport","2016","Not on tenure/no tenure system, associate professors","2","0","2","0","0","0","0","0","0","0","0","0","0","0","0","0","0","0","2","0","2","0","0","0","0","0","0","0","0","0","-2"
"196121","SUNY College at Brockport","2016","Not on tenure/no tenure system, assistant professors","35","13","22","0","0","0","0","0","0","3","1","2","1","0","1","0","0","0","27","9","18","0","0","0","0","0","0","4","3","1","-2"
"196121","SUNY College at Brockport","2016","Not on tenure/no tenure system, instructors","2","0","2","0","0","0","0","0","0","0","0","0","0","0","0","0","0","0","2","0","2","0","0","0","0","0","0","0","0","0","-2"
"196121","SUNY College at Brockport","2016","Not on tenure/no tenure system, lecturers","17","6","11","0","0","0","0","0","0","0","0","0","0","0","0","0","0","0","16","6","10","0","0","0","0","0","0","1","0","1","-2"
"196130","SUNY Buffalo State","2016","Tenured total","273","155","118","1","1","0","27","15","12","13","8","5","14","6","8","0","0","0","212","122","90","0","0","0","0","0","0","6","3","3","-2"
"196130","SUNY Buffalo State","2016","Tenured, professors","101","71","30","0","0","0","10","7","3","6","3","3","3","1","2","0","0","0","80","58","22","0","0","0","0","0","0","2","2","0","-2"
"196130","SUNY Buffalo State","2016","Tenured, associate professors","169","83","86","1","1","0","16","8","8","6","5","1","11","5","6","0","0","0","131","63","68","0","0","0","0","0","0","4","1","3","-2"
"196130","SUNY Buffalo State","2016","Tenured, assistant professors","3","1","2","0","0","0","1","0","1","1","0","1","0","0","0","0","0","0","1","1","0","0","0","0","0","0","0","0","0","0","-2"
"196130","SUNY Buffalo State","2016","On-Tenure track total","62","26","36","1","1","0","8","4","4","3","1","2","3","2","1","0","0","0","39","15","24","1","0","1","0","0","0","7","3","4","-2"
"196130","SUNY Buffalo State","2016","On-tenure track, associate professors","6","2","4","0","0","0","1","0","1","0","0","0","0","0","0","0","0","0","4","2","2","0","0","0","0","0","0","1","0","1","-2"
"196130","SUNY Buffalo State","2016","On-tenure track, assistant professors","56","24","32","1","1","0","7","4","3","3","1","2","3","2","1","0","0","0","35","13","22","1","0","1","0","0","0","6","3","3","-2"
"196130","SUNY Buffalo State","2016","Not on tenure track/No tenure system system total","44","17","27","0","0","0","2","0","2","2","1","1","0","0","0","0","0","0","40","16","24","0","0","0","0","0","0","0","0","0","-2"
"196130","SUNY Buffalo State","2016","Not on tenure/no tenure system, professors","1","1","0","0","0","0","0","0","0","0","0","0","0","0","0","0","0","0","1","1","0","0","0","0","0","0","0","0","0","0","-2"
"196130","SUNY Buffalo State","2016","Not on tenure/no tenure system, associate professors","1","0","1","0","0","0","0","0","0","0","0","0","0","0","0","0","0","0","1","0","1","0","0","0","0","0","0","0","0","0","-2"
"196130","SUNY Buffalo State","2016","Not on tenure/no tenure system, assistant professors","1","0","1","0","0","0","0","0","0","0","0","0","0","0","0","0","0","0","1","0","1","0","0","0","0","0","0","0","0","0","-2"
"196130","SUNY Buffalo State","2016","Not on tenure/no tenure system, lecturers","41","16","25","0","0","0","2","0","2","2","1","1","0","0","0","0","0","0","37","15","22","0","0","0","0","0","0","0","0","0","-2"
"196185","SUNY Oneonta","2016","Tenured total","149","84","65","0","0","0","20","11","9","5","0","5","2","2","0","0","0","0","122","71","51","0","0","0","0","0","0","0","0","0","-2"
"196185","SUNY Oneonta","2016","Tenured, professors","50","34","16","0","0","0","10","8","2","2","0","2","1","1","0","0","0","0","37","25","12","0","0","0","0","0","0","0","0","0","-2"
"196185","SUNY Oneonta","2016","Tenured, associate professors","87","45","42","0","0","0","9","3","6","3","0","3","1","1","0","0","0","0","74","41","33","0","0","0","0","0","0","0","0","0","-2"
"196185","SUNY Oneonta","2016","Tenured, assistant professors","12","5","7","0","0","0","1","0","1","0","0","0","0","0","0","0","0","0","11","5","6","0","0","0","0","0","0","0","0","0","-2"
"196185","SUNY Oneonta","2016","On-Tenure track total","87","41","46","0","0","0","10","4","6","4","2","2","5","2","3","0","0","0","54","25","29","0","0","0","0","0","0","14","8","6","-2"
"196185","SUNY Oneonta","2016","On-tenure track, associate professors","5","3","2","0","0","0","0","0","0","0","0","0","0","0","0","0","0","0","4","2","2","0","0","0","0","0","0","1","1","0","-2"
"196185","SUNY Oneonta","2016","On-tenure track, assistant professors","82","38","44","0","0","0","10","4","6","4","2","2","5","2","3","0","0","0","50","23","27","0","0","0","0","0","0","13","7","6","-2"
"196185","SUNY Oneonta","2016","Not on tenure track/No tenure system system total","48","22","26","0","0","0","1","0","1","4","3","1","2","2","0","0","0","0","37","16","21","0","0","0","0","0","0","4","1","3","-2"
"196185","SUNY Oneonta","2016","Not on tenure/no tenure system, professors","1","1","0","0","0","0","0","0","0","0","0","0","0","0","0","0","0","0","1","1","0","0","0","0","0","0","0","0","0","0","-2"
"196185","SUNY Oneonta","2016","Not on tenure/no tenure system, assistant professors","4","1","3","0","0","0","0","0","0","1","0","1","1","1","0","0","0","0","1","0","1","0","0","0","0","0","0","1","0","1","-2"
"196185","SUNY Oneonta","2016","Not on tenure/no tenure system, lecturers","43","20","23","0","0","0","1","0","1","3","3","0","1","1","0","0","0","0","35","15","20","0","0","0","0","0","0","3","1","2","-2"
"196194","SUNY College at Oswego","2016","Tenured total","173","106","67","1","1","0","16","13","3","11","4","7","6","5","1","0","0","0","137","83","54","2","0","2","0","0","0","0","0","0","-2"
"196194","SUNY College at Oswego","2016","Tenured, professors","77","52","25","0","0","0","8","7","1","4","2","2","2","1","1","0","0","0","62","42","20","1","0","1","0","0","0","0","0","0","-2"
"196194","SUNY College at Oswego","2016","Tenured, associate professors","86","46","40","0","0","0","7","5","2","7","2","5","4","4","0","0","0","0","67","35","32","1","0","1","0","0","0","0","0","0","-2"
"196194","SUNY College at Oswego","2016","Tenured, assistant professors","10","8","2","1","1","0","1","1","0","0","0","0","0","0","0","0","0","0","8","6","2","0","0","0","0","0","0","0","0","0","-2"
"196194","SUNY College at Oswego","2016","On-Tenure track total","102","40","62","0","0","0","11","3","8","2","1","1","4","1","3","0","0","0","70","30","40","1","0","1","0","0","0","14","5","9","-2"
"196194","SUNY College at Oswego","2016","On-tenure track, professors","2","0","2","0","0","0","0","0","0","0","0","0","0","0","0","0","0","0","2","0","2","0","0","0","0","0","0","0","0","0","-2"
"196194","SUNY College at Oswego","2016","On-tenure track, associate professors","10","2","8","0","0","0","0","0","0","1","1","0","0","0","0","0","0","0","9","1","8","0","0","0","0","0","0","0","0","0","-2"
"196194","SUNY College at Oswego","2016","On-tenure track, assistant professors","89","38","51","0","0","0","10","3","7","1","0","1","4","1","3","0","0","0","59","29","30","1","0","1","0","0","0","14","5","9","-2"
"196194","SUNY College at Oswego","2016","On-tenure track, instructors","1","0","1","0","0","0","1","0","1","0","0","0","0","0","0","0","0","0","0","0","0","0","0","0","0","0","0","0","0","0","-2"
"196194","SUNY College at Oswego","2016","Not on tenure track/No tenure system system total","84","41","43","0","0","0","2","2","0","5","3","2","3","1","2","0","0","0","70","32","38","1","1","0","0","0","0","3","2","1","-2"
"196194","SUNY College at Oswego","2016","Not on tenure/no tenure system, assistant professors","68","31","37","0","0","0","2","2","0","5","3","2","3","1","2","0","0","0","54","22","32","1","1","0","0","0","0","3","2","1","-2"
"196194","SUNY College at Oswego","2016","Not on tenure/no tenure system, instructors","9","5","4","0","0","0","0","0","0","0","0","0","0","0","0","0","0","0","9","5","4","0","0","0","0","0","0","0","0","0","-2"
"196194","SUNY College at Oswego","2016","Not on tenure/no tenure system, lecturers","7","5","2","0","0","0","0","0","0","0","0","0","0","0","0","0","0","0","7","5","2","0","0","0","0","0","0","0","0","0","-2"
"196291","SUNY Maritime College","2016","Tenured total","42","31","11","0","0","0","2","2","0","0","0","0","0","0","0","0","0","0","40","29","11","0","0","0","0","0","0","0","0","0","-2"
"196291","SUNY Maritime College","2016","Tenured, professors","23","17","6","0","0","0","0","0","0","0","0","0","0","0","0","0","0","0","23","17","6","0","0","0","0","0","0","0","0","0","-2"
"196291","SUNY Maritime College","2016","Tenured, associate professors","16","11","5","0","0","0","2","2","0","0","0","0","0","0","0","0","0","0","14","9","5","0","0","0","0","0","0","0","0","0","-2"
"196291","SUNY Maritime College","2016","Tenured, assistant professors","3","3","0","0","0","0","0","0","0","0","0","0","0","0","0","0","0","0","3","3","0","0","0","0","0","0","0","0","0","0","-2"
"196291","SUNY Maritime College","2016","On-Tenure track total","14","9","5","0","0","0","1","1","0","1","0","1","0","0","0","0","0","0","10","6","4","0","0","0","0","0","0","2","2","0","-2"
"196291","SUNY Maritime College","2016","On-tenure track, associate professors","1","1","0","0","0","0","0","0","0","0","0","0","0","0","0","0","0","0","1","1","0","0","0","0","0","0","0","0","0","0","-2"
"196291","SUNY Maritime College","2016","On-tenure track, assistant professors","13","8","5","0","0","0","1","1","0","1","0","1","0","0","0","0","0","0","9","5","4","0","0","0","0","0","0","2","2","0","-2"
"196291","SUNY Maritime College","2016","Not on tenure track/No tenure system system total","37","34","3","0","0","0","2","2","0","2","2","0","1","1","0","0","0","0","31","28","3","0","0","0","0","0","0","1","1","0","-2"
"196291","SUNY Maritime College","2016","Not on tenure/no tenure system, professors","1","1","0","0","0","0","1","1","0","0","0","0","0","0","0","0","0","0","0","0","0","0","0","0","0","0","0","0","0","0","-2"
"196291","SUNY Maritime College","2016","Not on tenure/no tenure system, instructors","4","4","0","0","0","0","0","0","0","0","0","0","1","1","0","0","0","0","3","3","0","0","0","0","0","0","0","0","0","0","-2"
"196291","SUNY Maritime College","2016","Not on tenure/no tenure system, lecturers","32","29","3","0","0","0","1","1","0","2","2","0","0","0","0","0","0","0","28","25","3","0","0","0","0","0","0","1","1","0","-2"
"197869","Appalachian State University","2016","Tenured total","520","301","219","2","0","2","12","8","4","10","9","1","6","2","4","0","0","0","466","266","200","2","2","0","6","4","2","16","10","6","-2"
"197869","Appalachian State University","2016","Tenured, professors","291","182","109","0","0","0","6","5","1","3","3","0","4","1","3","0","0","0","268","166","102","0","0","0","4","3","1","6","4","2","-2"
"197869","Appalachian State University","2016","Tenured, associate professors","229","119","110","2","0","2","6","3","3","7","6","1","2","1","1","0","0","0","198","100","98","2","2","0","2","1","1","10","6","4","-2"
"197869","Appalachian State University","2016","On-Tenure track total","206","95","111","0","0","0","9","7","2","7","2","5","1","1","0","0","0","0","169","80","89","6","1","5","3","0","3","11","4","7","-2"
"197869","Appalachian State University","2016","On-tenure track, professors","1","0","1","0","0","0","0","0","0","0","0","0","0","0","0","0","0","0","1","0","1","0","0","0","0","0","0","0","0","0","-2"
"197869","Appalachian State University","2016","On-tenure track, associate professors","11","5","6","0","0","0","0","0","0","1","0","1","0","0","0","0","0","0","10","5","5","0","0","0","0","0","0","0","0","0","-2"
"197869","Appalachian State University","2016","On-tenure track, assistant professors","194","90","104","0","0","0","9","7","2","6","2","4","1","1","0","0","0","0","158","75","83","6","1","5","3","0","3","11","4","7","-2"
"197869","Appalachian State University","2016","Not on tenure track/No tenure system system total","225","105","120","0","0","0","4","2","2","1","1","0","3","0","3","0","0","0","203","97","106","2","0","2","4","1","3","8","4","4","-2"
"197869","Appalachian State University","2016","Not on tenure/no tenure system, professors","1","1","0","0","0","0","0","0","0","0","0","0","0","0","0","0","0","0","1","1","0","0","0","0","0","0","0","0","0","0","-2"
"197869","Appalachian State University","2016","Not on tenure/no tenure system, assistant professors","1","1","0","0","0","0","0","0","0","0","0","0","0","0","0","0","0","0","1","1","0","0","0","0","0","0","0","0","0","0","-2"
"197869","Appalachian State University","2016","Not on tenure/no tenure system, instructors","1","1","0","0","0","0","0","0","0","0","0","0","0","0","0","0","0","0","1","1","0","0","0","0","0","0","0","0","0","0","-2"
"197869","Appalachian State University","2016","Not on tenure/no tenure system, lecturers","168","73","95","0","0","0","3","1","2","0","0","0","2","0","2","0","0","0","157","70","87","1","0","1","2","0","2","3","2","1","-2"
"197869","Appalachian State University","2016","Not on tenure/no tenure system, no academic rank","54","29","25","0","0","0","1","1","0","1","1","0","1","0","1","0","0","0","43","24","19","1","0","1","2","1","1","5","2","3","-2"
"198419","Duke University","2016","Tenured total","1271","948","323","1","1","0","153","113","40","49","28","21","32","25","7","1","1","0","1035","780","255","0","0","0","0","0","0","0","0","0","-2"
"198419","Duke University","2016","Tenured, professors","950","742","208","1","1","0","103","82","21","31","22","9","20","16","4","1","1","0","794","620","174","0","0","0","0","0","0","0","0","0","-2"
"198419","Duke University","2016","Tenured, associate professors","321","206","115","0","0","0","50","31","19","18","6","12","12","9","3","0","0","0","241","160","81","0","0","0","0","0","0","0","0","0","-2"
"198419","Duke University","2016","On-Tenure track total","369","216","153","1","1","0","74","49","25","22","12","10","20","10","10","0","0","0","252","144","108","0","0","0","0","0","0","0","0","0","-2"
"198419","Duke University","2016","On-tenure track, associate professors","109","64","45","0","0","0","23","13","10","3","2","1","4","1","3","0","0","0","79","48","31","0","0","0","0","0","0","0","0","0","-2"
"198419","Duke University","2016","On-tenure track, assistant professors","260","152","108","1","1","0","51","36","15","19","10","9","16","9","7","0","0","0","173","96","77","0","0","0","0","0","0","0","0","0","-2"
"198419","Duke University","2016","Not on tenure track/No tenure system system total","2091","1083","1008","5","3","2","319","179","140","99","42","57","73","35","38","5","2","3","1590","822","768","0","0","0","0","0","0","0","0","0","-2"
"198419","Duke University","2016","Not on tenure/no tenure system, professors","270","165","105","0","0","0","29","21","8","6","5","1","4","2","2","0","0","0","231","137","94","0","0","0","0","0","0","0","0","0","-2"
"198419","Duke University","2016","Not on tenure/no tenure system, associate professors","407","238","169","0","0","0","65","39","26","15","7","8","14","10","4","0","0","0","313","182","131","0","0","0","0","0","0","0","0","0","-2"
"198419","Duke University","2016","Not on tenure/no tenure system, assistant professors","901","455","446","3","1","2","159","94","65","51","21","30","36","15","21","1","0","1","651","324","327","0","0","0","0","0","0","0","0","0","-2"
"198419","Duke University","2016","Not on tenure/no tenure system, instructors","399","194","205","2","2","0","60","25","35","24","8","16","9","4","5","4","2","2","300","153","147","0","0","0","0","0","0","0","0","0","-2"
"198419","Duke University","2016","Not on tenure/no tenure system, lecturers","114","31","83","0","0","0","6","0","6","3","1","2","10","4","6","0","0","0","95","26","69","0","0","0","0","0","0","0","0","0","-2"
"199102","North Carolina A & T State University","2016","Tenured total","269","181","88","0","0","0","45","36","9","137","80","57","5","4","1","0","0","0","75","55","20","1","1","0","1","1","0","5","4","1","-2"
"199102","North Carolina A & T State University","2016","Tenured, professors","98","74","24","0","0","0","19","17","2","43","29","14","1","1","0","0","0","0","30","23","7","1","1","0","1","1","0","3","2","1","-2"
"199102","North Carolina A & T State University","2016","Tenured, associate professors","168","106","62","0","0","0","26","19","7","91","50","41","4","3","1","0","0","0","45","32","13","0","0","0","0","0","0","2","2","0","-2"
"199102","North Carolina A & T State University","2016","Tenured, assistant professors","3","1","2","0","0","0","0","0","0","3","1","2","0","0","0","0","0","0","0","0","0","0","0","0","0","0","0","0","0","0","-2"
"199102","North Carolina A & T State University","2016","On-Tenure track total","98","47","51","1","0","1","13","9","4","46","14","32","0","0","0","0","0","0","21","14","7","0","0","0","10","5","5","7","5","2","-2"
"199102","North Carolina A & T State University","2016","On-tenure track, professors","2","1","1","1","0","1","0","0","0","1","1","0","0","0","0","0","0","0","0","0","0","0","0","0","0","0","0","0","0","0","-2"
"199102","North Carolina A & T State University","2016","On-tenure track, associate professors","20","10","10","0","0","0","2","2","0","14","6","8","0","0","0","0","0","0","3","2","1","0","0","0","1","0","1","0","0","0","-2"
"199102","North Carolina A & T State University","2016","On-tenure track, assistant professors","75","36","39","0","0","0","11","7","4","30","7","23","0","0","0","0","0","0","18","12","6","0","0","0","9","5","4","7","5","2","-2"
"199102","North Carolina A & T State University","2016","On-tenure track, no academic rank","1","0","1","0","0","0","0","0","0","1","0","1","0","0","0","0","0","0","0","0","0","0","0","0","0","0","0","0","0","0","-2"
"199102","North Carolina A & T State University","2016","Not on tenure track/No tenure system system total","70","31","39","1","0","1","3","2","1","44","19","25","1","0","1","0","0","0","19","10","9","0","0","0","1","0","1","1","0","1","-2"
"199102","North Carolina A & T State University","2016","Not on tenure/no tenure system, assistant professors","4","1","3","0","0","0","0","0","0","3","1","2","0","0","0","0","0","0","1","0","1","0","0","0","0","0","0","0","0","0","-2"
"199102","North Carolina A & T State University","2016","Not on tenure/no tenure system, instructors","1","1","0","0","0","0","0","0","0","0","0","0","0","0","0","0","0","0","1","1","0","0","0","0","0","0","0","0","0","0","-2"
"199102","North Carolina A & T State University","2016","Not on tenure/no tenure system, lecturers","1","1","0","0","0","0","0","0","0","1","1","0","0","0","0","0","0","0","0","0","0","0","0","0","0","0","0","0","0","0","-2"
"199102","North Carolina A & T State University","2016","Not on tenure/no tenure system, no academic rank","64","28","36","1","0","1","3","2","1","40","17","23","1","0","1","0","0","0","17","9","8","0","0","0","1","0","1","1","0","1","-2"
"199111","University of North Carolina at Asheville","2016","Tenured total","119","68","51","0","0","0","8","3","5","9","5","4","4","1","3","1","0","1","96","59","37","1","0","1","0","0","0","0","0","0","-2"
"199111","University of North Carolina at Asheville","2016","Tenured, professors","62","43","19","0","0","0","2","1","1","2","1","1","1","1","0","0","0","0","57","40","17","0","0","0","0","0","0","0","0","0","-2"
"199111","University of North Carolina at Asheville","2016","Tenured, associate professors","56","24","32","0","0","0","6","2","4","6","3","3","3","0","3","1","0","1","39","19","20","1","0","1","0","0","0","0","0","0","-2"
"199111","University of North Carolina at Asheville","2016","Tenured, assistant professors","1","1","0","0","0","0","0","0","0","1","1","0","0","0","0","0","0","0","0","0","0","0","0","0","0","0","0","0","0","0","-2"
"199111","University of North Carolina at Asheville","2016","On-Tenure track total","59","31","28","1","1","0","1","0","1","4","3","1","2","1","1","0","0","0","45","24","21","0","0","0","0","0","0","6","2","4","-2"
"199111","University of North Carolina at Asheville","2016","On-tenure track, professors","1","1","0","0","0","0","0","0","0","0","0","0","0","0","0","0","0","0","1","1","0","0","0","0","0","0","0","0","0","0","-2"
"199111","University of North Carolina at Asheville","2016","On-tenure track, associate professors","3","1","2","0","0","0","0","0","0","1","0","1","0","0","0","0","0","0","2","1","1","0","0","0","0","0","0","0","0","0","-2"
"199111","University of North Carolina at Asheville","2016","On-tenure track, assistant professors","55","29","26","1","1","0","1","0","1","3","3","0","2","1","1","0","0","0","42","22","20","0","0","0","0","0","0","6","2","4","-2"
"199111","University of North Carolina at Asheville","2016","Not on tenure track/No tenure system system total","46","23","23","0","0","0","0","0","0","1","1","0","1","0","1","0","0","0","40","21","19","0","0","0","1","1","0","3","0","3","-2"
"199111","University of North Carolina at Asheville","2016","Not on tenure/no tenure system, professors","1","1","0","0","0","0","0","0","0","0","0","0","0","0","0","0","0","0","1","1","0","0","0","0","0","0","0","0","0","0","-2"
"199111","University of North Carolina at Asheville","2016","Not on tenure/no tenure system, instructors","1","0","1","0","0","0","0","0","0","0","0","0","0","0","0","0","0","0","1","0","1","0","0","0","0","0","0","0","0","0","-2"
"199111","University of North Carolina at Asheville","2016","Not on tenure/no tenure system, lecturers","41","20","21","0","0","0","0","0","0","1","1","0","1","0","1","0","0","0","35","18","17","0","0","0","1","1","0","3","0","3","-2"
"199111","University of North Carolina at Asheville","2016","Not on tenure/no tenure system, no academic rank","3","2","1","0","0","0","0","0","0","0","0","0","0","0","0","0","0","0","3","2","1","0","0","0","0","0","0","0","0","0","-2"
"199120","University of North Carolina at Chapel Hill","2016","Tenured total","1010","643","367","4","2","2","88","63","25","50","19","31","38","21","17","0","0","0","818","531","287","6","3","3","0","0","0","6","4","2","-2"
"199120","University of North Carolina at Chapel Hill","2016","Tenured, professors","635","434","201","2","2","0","49","38","11","17","8","9","14","8","6","0","0","0","547","372","175","2","2","0","0","0","0","4","4","0","-2"
"199120","University of North Carolina at Chapel Hill","2016","Tenured, associate professors","375","209","166","2","0","2","39","25","14","33","11","22","24","13","11","0","0","0","271","159","112","4","1","3","0","0","0","2","0","2","-2"
"199120","University of North Carolina at Chapel Hill","2016","On-Tenure track total","339","174","165","3","2","1","31","11","20","28","12","16","24","14","10","0","0","0","192","101","91","2","1","1","14","6","8","45","27","18","-2"
"199120","University of North Carolina at Chapel Hill","2016","On-tenure track, associate professors","29","18","11","0","0","0","1","0","1","2","2","0","3","2","1","0","0","0","20","13","7","0","0","0","3","1","2","0","0","0","-2"
"199120","University of North Carolina at Chapel Hill","2016","On-tenure track, assistant professors","307","155","152","3","2","1","28","11","17","26","10","16","21","12","9","0","0","0","172","88","84","2","1","1","11","5","6","44","26","18","-2"
"199120","University of North Carolina at Chapel Hill","2016","On-tenure track, instructors","3","1","2","0","0","0","2","0","2","0","0","0","0","0","0","0","0","0","0","0","0","0","0","0","0","0","0","1","1","0","-2"
"199120","University of North Carolina at Chapel Hill","2016","Not on tenure track/No tenure system system total","593","223","370","6","2","4","29","7","22","36","11","25","35","16","19","0","0","0","447","167","280","1","0","1","15","7","8","24","13","11","-2"
"199120","University of North Carolina at Chapel Hill","2016","Not on tenure/no tenure system, professors","55","28","27","1","1","0","1","1","0","2","0","2","2","1","1","0","0","0","45","21","24","0","0","0","0","0","0","4","4","0","-2"
"199120","University of North Carolina at Chapel Hill","2016","Not on tenure/no tenure system, associate professors","68","28","40","0","0","0","2","0","2","2","0","2","4","3","1","0","0","0","58","24","34","0","0","0","1","0","1","1","1","0","-2"
"199120","University of North Carolina at Chapel Hill","2016","Not on tenure/no tenure system, assistant professors","73","31","42","1","0","1","5","1","4","10","3","7","8","4","4","0","0","0","44","20","24","0","0","0","3","2","1","2","1","1","-2"
"199120","University of North Carolina at Chapel Hill","2016","Not on tenure/no tenure system, instructors","10","2","8","1","0","1","0","0","0","1","1","0","0","0","0","0","0","0","6","1","5","0","0","0","2","0","2","0","0","0","-2"
"199120","University of North Carolina at Chapel Hill","2016","Not on tenure/no tenure system, lecturers","199","81","118","0","0","0","15","4","11","11","5","6","17","7","10","0","0","0","138","57","81","0","0","0","4","2","2","14","6","8","-2"
"199120","University of North Carolina at Chapel Hill","2016","Not on tenure/no tenure system, no academic rank","188","53","135","3","1","2","6","1","5","10","2","8","4","1","3","0","0","0","156","44","112","1","0","1","5","3","2","3","1","2","-2"
"199139","University of North Carolina at Charlotte","2016","Tenured total","531","339","192","0","0","0","68","55","13","27","13","14","17","9","8","0","0","0","378","240","138","0","0","0","18","10","8","23","12","11","-2"
"199139","University of North Carolina at Charlotte","2016","Tenured, professors","221","167","54","0","0","0","32","27","5","5","5","0","6","3","3","0","0","0","169","125","44","0","0","0","6","5","1","3","2","1","-2"
"199139","University of North Carolina at Charlotte","2016","Tenured, associate professors","308","171","137","0","0","0","36","28","8","22","8","14","11","6","5","0","0","0","207","114","93","0","0","0","12","5","7","20","10","10","-2"
"199139","University of North Carolina at Charlotte","2016","Tenured, assistant professors","2","1","1","0","0","0","0","0","0","0","0","0","0","0","0","0","0","0","2","1","1","0","0","0","0","0","0","0","0","0","-2"
"199139","University of North Carolina at Charlotte","2016","On-Tenure track total","201","99","102","0","0","0","15","9","6","18","7","11","5","3","2","0","0","0","76","39","37","1","0","1","50","19","31","36","22","14","-2"
"199139","University of North Carolina at Charlotte","2016","On-tenure track, associate professors","4","4","0","0","0","0","2","2","0","0","0","0","0","0","0","0","0","0","1","1","0","0","0","0","1","1","0","0","0","0","-2"
"199139","University of North Carolina at Charlotte","2016","On-tenure track, assistant professors","197","95","102","0","0","0","13","7","6","18","7","11","5","3","2","0","0","0","75","38","37","1","0","1","49","18","31","36","22","14","-2"
"199139","University of North Carolina at Charlotte","2016","Not on tenure track/No tenure system system total","350","129","221","0","0","0","15","5","10","27","6","21","10","4","6","0","0","0","240","88","152","0","0","0","40","17","23","18","9","9","-2"
"199139","University of North Carolina at Charlotte","2016","Not on tenure/no tenure system, professors","2","2","0","0","0","0","0","0","0","0","0","0","0","0","0","0","0","0","2","2","0","0","0","0","0","0","0","0","0","0","-2"
"199139","University of North Carolina at Charlotte","2016","Not on tenure/no tenure system, associate professors","2","1","1","0","0","0","0","0","0","1","0","1","0","0","0","0","0","0","1","1","0","0","0","0","0","0","0","0","0","0","-2"
"199139","University of North Carolina at Charlotte","2016","Not on tenure/no tenure system, assistant professors","12","5","7","0","0","0","2","0","2","1","0","1","1","0","1","0","0","0","4","1","3","0","0","0","1","1","0","3","3","0","-2"
"199139","University of North Carolina at Charlotte","2016","Not on tenure/no tenure system, lecturers","233","81","152","0","0","0","9","2","7","15","3","12","8","3","5","0","0","0","172","60","112","0","0","0","21","10","11","8","3","5","-2"
"199139","University of North Carolina at Charlotte","2016","Not on tenure/no tenure system, no academic rank","101","40","61","0","0","0","4","3","1","10","3","7","1","1","0","0","0","0","61","24","37","0","0","0","18","6","12","7","3","4","-2"
"199157","North Carolina Central University","2016","Tenured total","174","97","77","0","0","0","20","12","8","97","51","46","3","2","1","0","0","0","43","23","20","0","0","0","4","3","1","7","6","1","-2"
"199157","North Carolina Central University","2016","Tenured, professors","60","36","24","0","0","0","10","5","5","35","19","16","1","0","1","0","0","0","12","10","2","0","0","0","1","1","0","1","1","0","-2"
"199157","North Carolina Central University","2016","Tenured, associate professors","101","55","46","0","0","0","9","6","3","51","28","23","2","2","0","0","0","0","30","12","18","0","0","0","3","2","1","6","5","1","-2"
"199157","North Carolina Central University","2016","Tenured, assistant professors","12","6","6","0","0","0","1","1","0","10","4","6","0","0","0","0","0","0","1","1","0","0","0","0","0","0","0","0","0","0","-2"
"199157","North Carolina Central University","2016","Tenured, no academic rank","1","0","1","0","0","0","0","0","0","1","0","1","0","0","0","0","0","0","0","0","0","0","0","0","0","0","0","0","0","0","-2"
"199157","North Carolina Central University","2016","On-Tenure track total","92","45","47","0","0","0","7","5","2","52","19","33","1","1","0","0","0","0","26","16","10","0","0","0","3","1","2","3","3","0","-2"
"199157","North Carolina Central University","2016","On-tenure track, professors","4","3","1","0","0","0","1","1","0","1","0","1","0","0","0","0","0","0","2","2","0","0","0","0","0","0","0","0","0","0","-2"
"199157","North Carolina Central University","2016","On-tenure track, associate professors","7","5","2","0","0","0","1","1","0","4","2","2","0","0","0","0","0","0","1","1","0","0","0","0","0","0","0","1","1","0","-2"
"199157","North Carolina Central University","2016","On-tenure track, assistant professors","75","34","41","0","0","0","5","3","2","43","16","27","1","1","0","0","0","0","21","11","10","0","0","0","3","1","2","2","2","0","-2"
"199157","North Carolina Central University","2016","On-tenure track, lecturers","1","1","0","0","0","0","0","0","0","1","1","0","0","0","0","0","0","0","0","0","0","0","0","0","0","0","0","0","0","0","-2"
"199157","North Carolina Central University","2016","On-tenure track, no academic rank","5","2","3","0","0","0","0","0","0","3","0","3","0","0","0","0","0","0","2","2","0","0","0","0","0","0","0","0","0","0","-2"
"199157","North Carolina Central University","2016","Not on tenure track/No tenure system system total","120","47","73","0","0","0","6","2","4","70","25","45","2","1","1","0","0","0","35","14","21","0","0","0","3","1","2","4","4","0","-2"
"199157","North Carolina Central University","2016","Not on tenure/no tenure system, professors","3","1","2","0","0","0","0","0","0","0","0","0","0","0","0","0","0","0","2","0","2","0","0","0","1","1","0","0","0","0","-2"
"199157","North Carolina Central University","2016","Not on tenure/no tenure system, associate professors","4","1","3","0","0","0","0","0","0","3","0","3","0","0","0","0","0","0","1","1","0","0","0","0","0","0","0","0","0","0","-2"
"199157","North Carolina Central University","2016","Not on tenure/no tenure system, assistant professors","10","3","7","0","0","0","0","0","0","5","1","4","0","0","0","0","0","0","4","1","3","0","0","0","0","0","0","1","1","0","-2"
"199157","North Carolina Central University","2016","Not on tenure/no tenure system, instructors","7","3","4","0","0","0","1","1","0","4","1","3","0","0","0","0","0","0","1","0","1","0","0","0","0","0","0","1","1","0","-2"
"199157","North Carolina Central University","2016","Not on tenure/no tenure system, lecturers","22","5","17","0","0","0","0","0","0","18","4","14","0","0","0","0","0","0","2","1","1","0","0","0","2","0","2","0","0","0","-2"
"199157","North Carolina Central University","2016","Not on tenure/no tenure system, no academic rank","74","34","40","0","0","0","5","1","4","40","19","21","2","1","1","0","0","0","25","11","14","0","0","0","0","0","0","2","2","0","-2"
"199193","North Carolina State University at Raleigh","2016","Tenured total","1063","789","274","1","1","0","127","105","22","38","23","15","39","18","21","1","1","0","824","617","207","5","4","1","23","15","8","5","5","0","-2"
"199193","North Carolina State University at Raleigh","2016","Tenured, professors","645","516","129","0","0","0","80","70","10","13","9","4","24","14","10","0","0","0","514","411","103","4","3","1","8","7","1","2","2","0","-2"
"199193","North Carolina State University at Raleigh","2016","Tenured, associate professors","418","273","145","1","1","0","47","35","12","25","14","11","15","4","11","1","1","0","310","206","104","1","1","0","15","8","7","3","3","0","-2"
"199193","North Carolina State University at Raleigh","2016","On-Tenure track total","317","181","136","0","0","0","31","22","9","17","8","9","19","11","8","0","0","0","163","92","71","4","2","2","39","16","23","44","30","14","-2"
"199193","North Carolina State University at Raleigh","2016","On-tenure track, associate professors","28","18","10","0","0","0","5","5","0","0","0","0","1","0","1","0","0","0","16","10","6","1","0","1","3","1","2","2","2","0","-2"
"199193","North Carolina State University at Raleigh","2016","On-tenure track, assistant professors","289","163","126","0","0","0","26","17","9","17","8","9","18","11","7","0","0","0","147","82","65","3","2","1","36","15","21","42","28","14","-2"
"199193","North Carolina State University at Raleigh","2016","Not on tenure track/No tenure system system total","355","160","195","0","0","0","14","4","10","13","5","8","12","8","4","0","0","0","288","127","161","2","1","1","20","11","9","6","4","2","-2"
"199193","North Carolina State University at Raleigh","2016","Not on tenure/no tenure system, professors","13","7","6","0","0","0","0","0","0","0","0","0","1","1","0","0","0","0","12","6","6","0","0","0","0","0","0","0","0","0","-2"
"199193","North Carolina State University at Raleigh","2016","Not on tenure/no tenure system, associate professors","43","21","22","0","0","0","3","1","2","1","0","1","3","1","2","0","0","0","36","19","17","0","0","0","0","0","0","0","0","0","-2"
"199193","North Carolina State University at Raleigh","2016","Not on tenure/no tenure system, assistant professors","104","40","64","0","0","0","5","1","4","4","1","3","3","2","1","0","0","0","83","30","53","1","1","0","6","3","3","2","2","0","-2"
"199193","North Carolina State University at Raleigh","2016","Not on tenure/no tenure system, instructors","1","1","0","0","0","0","0","0","0","0","0","0","0","0","0","0","0","0","1","1","0","0","0","0","0","0","0","0","0","0","-2"
"199193","North Carolina State University at Raleigh","2016","Not on tenure/no tenure system, lecturers","185","85","100","0","0","0","6","2","4","7","3","4","5","4","1","0","0","0","151","69","82","1","0","1","13","7","6","2","0","2","-2"
"199193","North Carolina State University at Raleigh","2016","Not on tenure/no tenure system, no academic rank","9","6","3","0","0","0","0","0","0","1","1","0","0","0","0","0","0","0","5","2","3","0","0","0","1","1","0","2","2","0","-2"
"199847","Wake Forest University","2016","Tenured total","516","340","176","2","2","0","35","28","7","16","10","6","23","14","9","0","0","0","430","279","151","1","1","0","4","4","0","5","2","3","-2"
"199847","Wake Forest University","2016","Tenured, professors","339","242","97","1","1","0","19","17","2","10","7","3","10","7","3","0","0","0","294","206","88","0","0","0","3","3","0","2","1","1","-2"
"199847","Wake Forest University","2016","Tenured, associate professors","173","95","78","1","1","0","16","11","5","6","3","3","13","7","6","0","0","0","132","70","62","1","1","0","1","1","0","3","1","2","-2"
"199847","Wake Forest University","2016","Tenured, no academic rank","4","3","1","0","0","0","0","0","0","0","0","0","0","0","0","0","0","0","4","3","1","0","0","0","0","0","0","0","0","0","-2"
"199847","Wake Forest University","2016","On-Tenure track total","154","85","69","0","0","0","17","12","5","8","4","4","7","2","5","0","0","0","105","55","50","1","1","0","5","3","2","11","8","3","-2"
"199847","Wake Forest University","2016","On-tenure track, professors","2","0","2","0","0","0","0","0","0","0","0","0","1","0","1","0","0","0","1","0","1","0","0","0","0","0","0","0","0","0","-2"
"199847","Wake Forest University","2016","On-tenure track, associate professors","16","11","5","0","0","0","2","1","1","1","1","0","0","0","0","0","0","0","12","8","4","1","1","0","0","0","0","0","0","0","-2"
"199847","Wake Forest University","2016","On-tenure track, assistant professors","135","74","61","0","0","0","15","11","4","7","3","4","6","2","4","0","0","0","91","47","44","0","0","0","5","3","2","11","8","3","-2"
"199847","Wake Forest University","2016","On-tenure track, no academic rank","1","0","1","0","0","0","0","0","0","0","0","0","0","0","0","0","0","0","1","0","1","0","0","0","0","0","0","0","0","0","-2"
"199847","Wake Forest University","2016","Not on tenure track/No tenure system system total","1178","709","469","6","4","2","161","105","56","57","17","40","29","12","17","3","1","2","883","548","335","7","3","4","5","2","3","27","17","10","-2"
"199847","Wake Forest University","2016","Not on tenure/no tenure system, professors","137","113","24","0","0","0","14","13","1","3","2","1","1","0","1","0","0","0","116","95","21","0","0","0","0","0","0","3","3","0","-2"
"199847","Wake Forest University","2016","Not on tenure/no tenure system, associate professors","224","149","75","2","0","2","24","17","7","8","2","6","4","1","3","0","0","0","185","128","57","0","0","0","0","0","0","1","1","0","-2"
"199847","Wake Forest University","2016","Not on tenure/no tenure system, assistant professors","454","241","213","2","2","0","80","47","33","27","9","18","11","6","5","3","1","2","315","166","149","7","3","4","0","0","0","9","7","2","-2"
"199847","Wake Forest University","2016","Not on tenure/no tenure system, instructors","256","131","125","2","2","0","38","25","13","10","1","9","11","3","8","0","0","0","178","93","85","0","0","0","4","2","2","13","5","8","-2"
"199847","Wake Forest University","2016","Not on tenure/no tenure system, lecturers","5","5","0","0","0","0","0","0","0","0","0","0","1","1","0","0","0","0","3","3","0","0","0","0","0","0","0","1","1","0","-2"
"199847","Wake Forest University","2016","Not on tenure/no tenure system, no academic rank","102","70","32","0","0","0","5","3","2","9","3","6","1","1","0","0","0","0","86","63","23","0","0","0","1","0","1","0","0","0","-2"
"200280","University of North Dakota","2016","Tenured total","347","235","112","2","1","1","15","11","4","4","3","1","2","1","1","0","0","0","262","174","88","3","1","2","3","3","0","56","41","15","-2"
"200280","University of North Dakota","2016","Tenured, professors","166","119","47","1","1","0","10","9","1","2","2","0","0","0","0","0","0","0","134","93","41","1","1","0","1","1","0","17","12","5","-2"
"200280","University of North Dakota","2016","Tenured, associate professors","176","112","64","1","0","1","5","2","3","2","1","1","1","0","1","0","0","0","124","78","46","2","0","2","2","2","0","39","29","10","-2"
"200280","University of North Dakota","2016","Tenured, assistant professors","5","4","1","0","0","0","0","0","0","0","0","0","1","1","0","0","0","0","4","3","1","0","0","0","0","0","0","0","0","0","-2"
"200280","University of North Dakota","2016","On-Tenure track total","107","64","43","0","0","0","8","7","1","0","0","0","0","0","0","0","0","0","60","33","27","3","0","3","1","1","0","35","23","12","-2"
"200280","University of North Dakota","2016","On-tenure track, associate professors","6","3","3","0","0","0","0","0","0","0","0","0","0","0","0","0","0","0","5","2","3","0","0","0","0","0","0","1","1","0","-2"
"200280","University of North Dakota","2016","On-tenure track, assistant professors","101","61","40","0","0","0","8","7","1","0","0","0","0","0","0","0","0","0","55","31","24","3","0","3","1","1","0","34","22","12","-2"
"200280","University of North Dakota","2016","Not on tenure track/No tenure system system total","246","96","150","7","2","5","9","2","7","4","2","2","1","0","1","0","0","0","204","78","126","4","2","2","2","1","1","15","9","6","-2"
"200280","University of North Dakota","2016","Not on tenure/no tenure system, professors","8","4","4","0","0","0","1","0","1","0","0","0","0","0","0","0","0","0","7","4","3","0","0","0","0","0","0","0","0","0","-2"
"200280","University of North Dakota","2016","Not on tenure/no tenure system, associate professors","45","18","27","2","0","2","2","1","1","0","0","0","0","0","0","0","0","0","37","14","23","2","1","1","1","1","0","1","1","0","-2"
"200280","University of North Dakota","2016","Not on tenure/no tenure system, assistant professors","95","37","58","4","2","2","4","1","3","2","2","0","0","0","0","0","0","0","77","27","50","2","1","1","1","0","1","5","4","1","-2"
"200280","University of North Dakota","2016","Not on tenure/no tenure system, instructors","64","17","47","1","0","1","2","0","2","2","0","2","0","0","0","0","0","0","53","14","39","0","0","0","0","0","0","6","3","3","-2"
"200280","University of North Dakota","2016","Not on tenure/no tenure system, lecturers","33","20","13","0","0","0","0","0","0","0","0","0","1","0","1","0","0","0","29","19","10","0","0","0","0","0","0","3","1","2","-2"
"200280","University of North Dakota","2016","Not on tenure/no tenure system, no academic rank","1","0","1","0","0","0","0","0","0","0","0","0","0","0","0","0","0","0","1","0","1","0","0","0","0","0","0","0","0","0","-2"
"201885","University of Cincinnati-Main Campus","2016","Tenured total","737","492","245","1","1","0","113","83","30","27","13","14","21","12","9","1","0","1","533","356","177","1","1","0","30","18","12","10","8","2","-2"
"201885","University of Cincinnati-Main Campus","2016","Tenured, professors","418","315","103","0","0","0","73","61","12","15","10","5","7","6","1","0","0","0","313","230","83","0","0","0","9","7","2","1","1","0","-2"
"201885","University of Cincinnati-Main Campus","2016","Tenured, associate professors","314","174","140","1","1","0","39","21","18","12","3","9","14","6","8","1","0","1","217","124","93","1","1","0","20","11","9","9","7","2","-2"
"201885","University of Cincinnati-Main Campus","2016","Tenured, assistant professors","5","3","2","0","0","0","1","1","0","0","0","0","0","0","0","0","0","0","3","2","1","0","0","0","1","0","1","0","0","0","-2"
"201885","University of Cincinnati-Main Campus","2016","On-Tenure track total","255","148","107","0","0","0","36","20","16","23","8","15","9","8","1","0","0","0","138","72","66","1","1","0","12","9","3","36","30","6","-2"
"201885","University of Cincinnati-Main Campus","2016","On-tenure track, professors","2","1","1","0","0","0","0","0","0","0","0","0","0","0","0","0","0","0","2","1","1","0","0","0","0","0","0","0","0","0","-2"
"201885","University of Cincinnati-Main Campus","2016","On-tenure track, associate professors","25","14","11","0","0","0","5","4","1","1","1","0","0","0","0","0","0","0","17","7","10","0","0","0","1","1","0","1","1","0","-2"
"201885","University of Cincinnati-Main Campus","2016","On-tenure track, assistant professors","228","133","95","0","0","0","31","16","15","22","7","15","9","8","1","0","0","0","119","64","55","1","1","0","11","8","3","35","29","6","-2"
"201885","University of Cincinnati-Main Campus","2016","Not on tenure track/No tenure system system total","1098","562","536","1","1","0","107","62","45","40","20","20","21","6","15","0","0","0","776","389","387","8","6","2","86","47","39","59","31","28","-2"
"201885","University of Cincinnati-Main Campus","2016","Not on tenure/no tenure system, professors","138","83","55","0","0","0","17","12","5","3","2","1","0","0","0","0","0","0","115","67","48","0","0","0","2","1","1","1","1","0","-2"
"201885","University of Cincinnati-Main Campus","2016","Not on tenure/no tenure system, associate professors","252","142","110","1","1","0","30","13","17","14","9","5","7","2","5","0","0","0","181","108","73","0","0","0","15","9","6","4","0","4","-2"
"201885","University of Cincinnati-Main Campus","2016","Not on tenure/no tenure system, assistant professors","558","281","277","0","0","0","53","33","20","19","9","10","9","3","6","0","0","0","367","177","190","5","4","1","60","31","29","45","24","21","-2"
"201885","University of Cincinnati-Main Campus","2016","Not on tenure/no tenure system, instructors","150","56","94","0","0","0","7","4","3","4","0","4","5","1","4","0","0","0","113","37","76","3","2","1","9","6","3","9","6","3","-2"
"204796","Ohio State University-Main Campus","2016","Tenured total","1833","1221","612","2","1","1","210","160","50","66","34","32","60","37","23","0","0","0","1310","857","453","14","9","5","53","36","17","118","87","31","-2"
"204796","Ohio State University-Main Campus","2016","Tenured, professors","1023","749","274","1","0","1","128","108","20","22","13","9","27","18","9","0","0","0","760","540","220","6","5","1","28","23","5","51","42","9","-2"
"204796","Ohio State University-Main Campus","2016","Tenured, associate professors","785","462","323","1","1","0","82","52","30","42","21","21","33","19","14","0","0","0","527","307","220","8","4","4","25","13","12","67","45","22","-2"
"204796","Ohio State University-Main Campus","2016","Tenured, assistant professors","24","10","14","0","0","0","0","0","0","2","0","2","0","0","0","0","0","0","22","10","12","0","0","0","0","0","0","0","0","0","-2"
"204796","Ohio State University-Main Campus","2016","Tenured, instructors","1","0","1","0","0","0","0","0","0","0","0","0","0","0","0","0","0","0","1","0","1","0","0","0","0","0","0","0","0","0","-2"
"204796","Ohio State University-Main Campus","2016","On-Tenure track total","598","331","267","0","0","0","77","48","29","23","17","6","22","8","14","1","1","0","331","176","155","6","1","5","38","16","22","100","64","36","-2"
"204796","Ohio State University-Main Campus","2016","On-tenure track, professors","2","1","1","0","0","0","0","0","0","0","0","0","0","0","0","0","0","0","1","0","1","0","0","0","0","0","0","1","1","0","-2"
"204796","Ohio State University-Main Campus","2016","On-tenure track, associate professors","18","13","5","0","0","0","3","3","0","1","1","0","0","0","0","0","0","0","13","8","5","0","0","0","0","0","0","1","1","0","-2"
"204796","Ohio State University-Main Campus","2016","On-tenure track, assistant professors","573","316","257","0","0","0","73","45","28","22","16","6","22","8","14","1","1","0","315","167","148","6","1","5","37","16","21","97","62","35","-2"
"204796","Ohio State University-Main Campus","2016","On-tenure track, instructors","5","1","4","0","0","0","1","0","1","0","0","0","0","0","0","0","0","0","2","1","1","0","0","0","1","0","1","1","0","1","-2"
"204796","Ohio State University-Main Campus","2016","Not on tenure track/No tenure system system total","1304","689","615","2","0","2","180","80","100","50","22","28","41","25","16","1","1","0","895","478","417","6","3","3","66","46","20","63","34","29","-2"
"204796","Ohio State University-Main Campus","2016","Not on tenure/no tenure system, professors","139","93","46","0","0","0","13","8","5","6","2","4","4","3","1","0","0","0","102","68","34","0","0","0","7","6","1","7","6","1","-2"
"204796","Ohio State University-Main Campus","2016","Not on tenure/no tenure system, associate professors","298","179","119","1","0","1","31","20","11","9","5","4","10","5","5","1","1","0","219","126","93","1","0","1","14","13","1","12","9","3","-2"
"204796","Ohio State University-Main Campus","2016","Not on tenure/no tenure system, assistant professors","863","416","447","1","0","1","135","51","84","35","15","20","27","17","10","0","0","0","571","284","287","5","3","2","45","27","18","44","19","25","-2"
"204796","Ohio State University-Main Campus","2016","Not on tenure/no tenure system, instructors","4","1","3","0","0","0","1","1","0","0","0","0","0","0","0","0","0","0","3","0","3","0","0","0","0","0","0","0","0","0","-2"
"204857","Ohio University-Main Campus","2016","Tenured total","547","362","185","2","1","1","53","42","11","27","17","10","23","15","8","0","0","0","414","270","144","6","3","3","13","7","6","9","7","2","-2"
"204857","Ohio University-Main Campus","2016","Tenured, professors","236","166","70","1","1","0","20","18","2","10","7","3","7","5","2","0","0","0","187","129","58","2","1","1","5","2","3","4","3","1","-2"
"204857","Ohio University-Main Campus","2016","Tenured, associate professors","307","193","114","1","0","1","33","24","9","17","10","7","16","10","6","0","0","0","223","138","85","4","2","2","8","5","3","5","4","1","-2"
"204857","Ohio University-Main Campus","2016","Tenured, assistant professors","4","3","1","0","0","0","0","0","0","0","0","0","0","0","0","0","0","0","4","3","1","0","0","0","0","0","0","0","0","0","-2"
"204857","Ohio University-Main Campus","2016","On-Tenure track total","222","129","93","1","1","0","16","7","9","9","5","4","5","4","1","0","0","0","114","66","48","1","0","1","46","29","17","30","17","13","-2"
"204857","Ohio University-Main Campus","2016","On-tenure track, associate professors","15","11","4","0","0","0","4","2","2","1","1","0","0","0","0","0","0","0","6","5","1","0","0","0","4","3","1","0","0","0","-2"
"204857","Ohio University-Main Campus","2016","On-tenure track, assistant professors","207","118","89","1","1","0","12","5","7","8","4","4","5","4","1","0","0","0","108","61","47","1","0","1","42","26","16","30","17","13","-2"
"204857","Ohio University-Main Campus","2016","Not on tenure track/No tenure system system total","303","133","170","0","0","0","12","4","8","2","2","0","4","2","2","0","0","0","214","89","125","3","3","0","57","27","30","11","6","5","-2"
"204857","Ohio University-Main Campus","2016","Not on tenure/no tenure system, professors","5","4","1","0","0","0","0","0","0","0","0","0","0","0","0","0","0","0","3","3","0","0","0","0","1","0","1","1","1","0","-2"
"204857","Ohio University-Main Campus","2016","Not on tenure/no tenure system, associate professors","3","1","2","0","0","0","1","0","1","1","1","0","0","0","0","0","0","0","1","0","1","0","0","0","0","0","0","0","0","0","-2"
"204857","Ohio University-Main Campus","2016","Not on tenure/no tenure system, assistant professors","75","38","37","0","0","0","6","2","4","1","1","0","1","1","0","0","0","0","51","24","27","0","0","0","13","7","6","3","3","0","-2"
"204857","Ohio University-Main Campus","2016","Not on tenure/no tenure system, instructors","37","16","21","0","0","0","2","0","2","0","0","0","0","0","0","0","0","0","29","14","15","0","0","0","4","2","2","2","0","2","-2"
"204857","Ohio University-Main Campus","2016","Not on tenure/no tenure system, lecturers","130","52","78","0","0","0","2","2","0","0","0","0","3","1","2","0","0","0","86","31","55","3","3","0","32","13","19","4","2","2","-2"
"204857","Ohio University-Main Campus","2016","Not on tenure/no tenure system, no academic rank","53","22","31","0","0","0","1","0","1","0","0","0","0","0","0","0","0","0","44","17","27","0","0","0","7","5","2","1","0","1","-2"
"207500","University of Oklahoma-Norman Campus","2016","Tenured total","653","460","193","12","7","5","65","51","14","9","5","4","16","11","5","0","0","0","491","340","151","5","3","2","16","14","2","39","29","10","-2"
"207500","University of Oklahoma-Norman Campus","2016","Tenured, professors","390","298","92","6","3","3","51","44","7","5","2","3","9","7","2","0","0","0","298","225","73","3","2","1","4","4","0","14","11","3","-2"
"207500","University of Oklahoma-Norman Campus","2016","Tenured, associate professors","263","162","101","6","4","2","14","7","7","4","3","1","7","4","3","0","0","0","193","115","78","2","1","1","12","10","2","25","18","7","-2"
"207500","University of Oklahoma-Norman Campus","2016","On-Tenure track total","275","161","114","5","3","2","37","20","17","11","5","6","8","4","4","0","0","0","171","101","70","4","3","1","12","7","5","27","18","9","-2"
"207500","University of Oklahoma-Norman Campus","2016","On-tenure track, associate professors","15","7","8","1","0","1","3","1","2","1","0","1","0","0","0","0","0","0","8","4","4","1","1","0","0","0","0","1","1","0","-2"
"207500","University of Oklahoma-Norman Campus","2016","On-tenure track, assistant professors","260","154","106","4","3","1","34","19","15","10","5","5","8","4","4","0","0","0","163","97","66","3","2","1","12","7","5","26","17","9","-2"
"207500","University of Oklahoma-Norman Campus","2016","Not on tenure track/No tenure system system total","283","139","144","11","7","4","6","2","4","5","3","2","12","1","11","1","0","1","212","110","102","5","3","2","7","4","3","24","9","15","-2"
"207500","University of Oklahoma-Norman Campus","2016","Not on tenure/no tenure system, professors","8","6","2","0","0","0","1","1","0","0","0","0","0","0","0","0","0","0","7","5","2","0","0","0","0","0","0","0","0","0","-2"
"207500","University of Oklahoma-Norman Campus","2016","Not on tenure/no tenure system, associate professors","25","14","11","0","0","0","1","0","1","0","0","0","0","0","0","1","0","1","22","14","8","0","0","0","0","0","0","1","0","1","-2"
"207500","University of Oklahoma-Norman Campus","2016","Not on tenure/no tenure system, assistant professors","60","34","26","2","1","1","1","1","0","1","0","1","1","0","1","0","0","0","48","28","20","2","1","1","3","2","1","2","1","1","-2"
"207500","University of Oklahoma-Norman Campus","2016","Not on tenure/no tenure system, instructors","101","37","64","6","5","1","3","0","3","2","2","0","9","0","9","0","0","0","67","27","40","2","1","1","3","1","2","9","1","8","-2"
"207500","University of Oklahoma-Norman Campus","2016","Not on tenure/no tenure system, lecturers","89","48","41","3","1","2","0","0","0","2","1","1","2","1","1","0","0","0","68","36","32","1","1","0","1","1","0","12","7","5","-2"
"207971","University of Tulsa","2016","Tenured total","194","153","41","7","5","2","13","13","0","2","1","1","3","3","0","0","0","0","161","125","36","0","0","0","0","0","0","8","6","2","-2"
"207971","University of Tulsa","2016","Tenured, professors","114","93","21","5","4","1","10","10","0","2","1","1","2","2","0","0","0","0","95","76","19","0","0","0","0","0","0","0","0","0","-2"
"207971","University of Tulsa","2016","Tenured, associate professors","80","60","20","2","1","1","3","3","0","0","0","0","1","1","0","0","0","0","66","49","17","0","0","0","0","0","0","8","6","2","-2"
"207971","University of Tulsa","2016","On-Tenure track total","69","45","24","2","0","2","11","5","6","2","1","1","2","1","1","0","0","0","47","33","14","1","1","0","0","0","0","4","4","0","-2"
"207971","University of Tulsa","2016","On-tenure track, associate professors","4","3","1","0","0","0","0","0","0","0","0","0","0","0","0","0","0","0","4","3","1","0","0","0","0","0","0","0","0","0","-2"
"207971","University of Tulsa","2016","On-tenure track, assistant professors","65","42","23","2","0","2","11","5","6","2","1","1","2","1","1","0","0","0","43","30","13","1","1","0","0","0","0","4","4","0","-2"
"207971","University of Tulsa","2016","Not on tenure track/No tenure system system total","85","36","49","7","1","6","2","1","1","1","0","1","4","0","4","0","0","0","70","34","36","0","0","0","1","0","1","0","0","0","-2"
"207971","University of Tulsa","2016","Not on tenure/no tenure system, professors","9","5","4","1","0","1","0","0","0","0","0","0","1","0","1","0","0","0","7","5","2","0","0","0","0","0","0","0","0","0","-2"
"207971","University of Tulsa","2016","Not on tenure/no tenure system, associate professors","22","9","13","2","0","2","0","0","0","0","0","0","0","0","0","0","0","0","20","9","11","0","0","0","0","0","0","0","0","0","-2"
"207971","University of Tulsa","2016","Not on tenure/no tenure system, assistant professors","32","13","19","2","1","1","1","0","1","1","0","1","0","0","0","0","0","0","27","12","15","0","0","0","1","0","1","0","0","0","-2"
"207971","University of Tulsa","2016","Not on tenure/no tenure system, instructors","22","9","13","2","0","2","1","1","0","0","0","0","3","0","3","0","0","0","16","8","8","0","0","0","0","0","0","0","0","0","-2"
"209542","Oregon State University","2016","Tenured total","593","408","185","2","1","1","71","48","23","6","5","1","35","24","11","1","1","0","445","309","136","3","2","1","22","13","9","8","5","3","209542"
"209542","Oregon State University","2016","Tenured, professors","335","250","85","0","0","0","38","33","5","4","3","1","11","9","2","0","0","0","267","196","71","1","1","0","14","8","6","0","0","0","209542"
"209542","Oregon State University","2016","Tenured, associate professors","250","156","94","2","1","1","32","15","17","2","2","0","21","14","7","1","1","0","174","112","62","2","1","1","8","5","3","8","5","3","209542"
"209542","Oregon State University","2016","Tenured, assistant professors","2","1","1","0","0","0","0","0","0","0","0","0","1","1","0","0","0","0","1","0","1","0","0","0","0","0","0","0","0","0","209542"
"209542","Oregon State University","2016","Tenured, instructors","6","1","5","0","0","0","1","0","1","0","0","0","2","0","2","0","0","0","3","1","2","0","0","0","0","0","0","0","0","0","209542"
"209542","Oregon State University","2016","On-Tenure track total","337","208","129","2","2","0","38","31","7","3","2","1","22","13","9","0","0","0","175","97","78","4","2","2","30","18","12","63","43","20","209542"
"209542","Oregon State University","2016","On-tenure track, professors","1","1","0","0","0","0","0","0","0","0","0","0","0","0","0","0","0","0","1","1","0","0","0","0","0","0","0","0","0","0","209542"
"209542","Oregon State University","2016","On-tenure track, associate professors","19","15","4","0","0","0","0","0","0","0","0","0","0","0","0","0","0","0","17","13","4","0","0","0","2","2","0","0","0","0","209542"
"209542","Oregon State University","2016","On-tenure track, assistant professors","316","191","125","2","2","0","38","31","7","3","2","1","22","13","9","0","0","0","156","82","74","4","2","2","28","16","12","63","43","20","209542"
"209542","Oregon State University","2016","On-tenure track, instructors","1","1","0","0","0","0","0","0","0","0","0","0","0","0","0","0","0","0","1","1","0","0","0","0","0","0","0","0","0","0","209542"
"209542","Oregon State University","2016","Not on tenure track/No tenure system system total","456","225","231","3","1","2","13","7","6","4","3","1","20","11","9","0","0","0","359","176","183","10","2","8","20","10","10","27","15","12","209542"
"209542","Oregon State University","2016","Not on tenure/no tenure system, professors","4","3","1","0","0","0","0","0","0","0","0","0","1","1","0","0","0","0","3","2","1","0","0","0","0","0","0","0","0","0","209542"
"209542","Oregon State University","2016","Not on tenure/no tenure system, associate professors","17","10","7","0","0","0","2","1","1","0","0","0","2","1","1","0","0","0","12","7","5","0","0","0","1","1","0","0","0","0","209542"
"209542","Oregon State University","2016","Not on tenure/no tenure system, assistant professors","47","24","23","0","0","0","3","2","1","1","1","0","1","1","0","0","0","0","31","15","16","2","0","2","4","2","2","5","3","2","209542"
"209542","Oregon State University","2016","Not on tenure/no tenure system, instructors","388","188","200","3","1","2","8","4","4","3","2","1","16","8","8","0","0","0","313","152","161","8","2","6","15","7","8","22","12","10","209542"
"211361","California University of Pennsylvania","2016","Tenured total","171","92","79","0","0","0","7","5","2","11","5","6","1","1","0","0","0","0","151","81","70","1","0","1","0","0","0","0","0","0","-2"
"211361","California University of Pennsylvania","2016","Tenured, professors","94","52","42","0","0","0","4","4","0","6","2","4","0","0","0","0","0","0","84","46","38","0","0","0","0","0","0","0","0","0","-2"
"211361","California University of Pennsylvania","2016","Tenured, associate professors","58","32","26","0","0","0","3","1","2","3","2","1","0","0","0","0","0","0","51","29","22","1","0","1","0","0","0","0","0","0","-2"
"211361","California University of Pennsylvania","2016","Tenured, assistant professors","18","8","10","0","0","0","0","0","0","2","1","1","1","1","0","0","0","0","15","6","9","0","0","0","0","0","0","0","0","0","-2"
"211361","California University of Pennsylvania","2016","Tenured, instructors","1","0","1","0","0","0","0","0","0","0","0","0","0","0","0","0","0","0","1","0","1","0","0","0","0","0","0","0","0","0","-2"
"211361","California University of Pennsylvania","2016","On-Tenure track total","61","26","35","0","0","0","5","1","4","6","2","4","2","2","0","0","0","0","46","20","26","0","0","0","1","0","1","1","1","0","-2"
"211361","California University of Pennsylvania","2016","On-tenure track, associate professors","18","6","12","0","0","0","2","0","2","1","0","1","0","0","0","0","0","0","15","6","9","0","0","0","0","0","0","0","0","0","-2"
"211361","California University of Pennsylvania","2016","On-tenure track, assistant professors","43","20","23","0","0","0","3","1","2","5","2","3","2","2","0","0","0","0","31","14","17","0","0","0","1","0","1","1","1","0","-2"
"211361","California University of Pennsylvania","2016","Not on tenure track/No tenure system system total","32","10","22","0","0","0","0","0","0","5","1","4","1","0","1","0","0","0","26","9","17","0","0","0","0","0","0","0","0","0","-2"
"211361","California University of Pennsylvania","2016","Not on tenure/no tenure system, assistant professors","10","4","6","0","0","0","0","0","0","3","1","2","0","0","0","0","0","0","7","3","4","0","0","0","0","0","0","0","0","0","-2"
"211361","California University of Pennsylvania","2016","Not on tenure/no tenure system, instructors","22","6","16","0","0","0","0","0","0","2","0","2","1","0","1","0","0","0","19","6","13","0","0","0","0","0","0","0","0","0","-2"
"212054","Drexel University","2016","Tenured total","485","318","167","1","1","0","78","56","22","18","14","4","12","6","6","0","0","0","346","225","121","5","3","2","19","12","7","6","1","5","-2"
"212054","Drexel University","2016","Tenured, professors","249","190","59","0","0","0","39","35","4","11","9","2","6","4","2","0","0","0","179","131","48","2","2","0","11","9","2","1","0","1","-2"
"212054","Drexel University","2016","Tenured, associate professors","234","128","106","1","1","0","38","21","17","7","5","2","6","2","4","0","0","0","166","94","72","3","1","2","8","3","5","5","1","4","-2"
"212054","Drexel University","2016","Tenured, assistant professors","2","0","2","0","0","0","1","0","1","0","0","0","0","0","0","0","0","0","1","0","1","0","0","0","0","0","0","0","0","0","-2"
"212054","Drexel University","2016","On-Tenure track total","228","135","93","0","0","0","25","16","9","16","9","7","11","9","2","2","0","2","134","77","57","3","1","2","13","7","6","24","16","8","-2"
"212054","Drexel University","2016","On-tenure track, associate professors","18","9","9","0","0","0","0","0","0","1","1","0","2","0","2","0","0","0","15","8","7","0","0","0","0","0","0","0","0","0","-2"
"212054","Drexel University","2016","On-tenure track, assistant professors","210","126","84","0","0","0","25","16","9","15","8","7","9","9","0","2","0","2","119","69","50","3","1","2","13","7","6","24","16","8","-2"
"212054","Drexel University","2016","Not on tenure track/No tenure system system total","815","372","443","4","2","2","70","34","36","39","16","23","15","10","5","1","1","0","614","265","349","9","4","5","17","10","7","46","30","16","-2"
"212054","Drexel University","2016","Not on tenure/no tenure system, instructors","815","372","443","4","2","2","70","34","36","39","16","23","15","10","5","1","1","0","614","265","349","9","4","5","17","10","7","46","30","16","-2"
"213598","Lincoln University","2016","Tenured total","54","35","19","9","6","3","0","0","0","23","16","7","1","0","1","0","0","0","18","10","8","0","0","0","0","0","0","3","3","0","-2"
"213598","Lincoln University","2016","Tenured, professors","26","20","6","0","0","0","0","0","0","15","12","3","0","0","0","0","0","0","8","5","3","0","0","0","0","0","0","3","3","0","-2"
"213598","Lincoln University","2016","Tenured, associate professors","25","14","11","9","6","3","0","0","0","7","4","3","1","0","1","0","0","0","8","4","4","0","0","0","0","0","0","0","0","0","-2"
"213598","Lincoln University","2016","Tenured, assistant professors","3","1","2","0","0","0","0","0","0","1","0","1","0","0","0","0","0","0","2","1","1","0","0","0","0","0","0","0","0","0","-2"
"213598","Lincoln University","2016","On-Tenure track total","27","12","15","0","0","0","1","1","0","14","6","8","0","0","0","0","0","0","9","3","6","1","1","0","1","0","1","1","1","0","-2"
"213598","Lincoln University","2016","On-tenure track, associate professors","4","1","3","0","0","0","1","1","0","1","0","1","0","0","0","0","0","0","2","0","2","0","0","0","0","0","0","0","0","0","-2"
"213598","Lincoln University","2016","On-tenure track, assistant professors","21","9","12","0","0","0","0","0","0","13","6","7","0","0","0","0","0","0","6","2","4","0","0","0","1","0","1","1","1","0","-2"
"213598","Lincoln University","2016","On-tenure track, instructors","2","2","0","0","0","0","0","0","0","0","0","0","0","0","0","0","0","0","1","1","0","1","1","0","0","0","0","0","0","0","-2"
"213598","Lincoln University","2016","Not on tenure track/No tenure system system total","12","5","7","0","0","0","0","0","0","3","1","2","0","0","0","0","0","0","6","2","4","1","1","0","1","1","0","1","0","1","-2"
"213598","Lincoln University","2016","Not on tenure/no tenure system, professors","1","1","0","0","0","0","0","0","0","0","0","0","0","0","0","0","0","0","0","0","0","1","1","0","0","0","0","0","0","0","-2"
"213598","Lincoln University","2016","Not on tenure/no tenure system, assistant professors","7","3","4","0","0","0","0","0","0","3","1","2","0","0","0","0","0","0","3","1","2","0","0","0","1","1","0","0","0","0","-2"
"213598","Lincoln University","2016","Not on tenure/no tenure system, lecturers","4","1","3","0","0","0","0","0","0","0","0","0","0","0","0","0","0","0","3","1","2","0","0","0","0","0","0","1","0","1","-2"
"214041","Millersville University of Pennsylvania","2016","Tenured total","224","119","105","0","0","0","19","11","8","12","7","5","11","3","8","0","0","0","181","97","84","0","0","0","1","1","0","0","0","0","-2"
"214041","Millersville University of Pennsylvania","2016","Tenured, professors","93","53","40","0","0","0","8","5","3","6","3","3","4","1","3","0","0","0","75","44","31","0","0","0","0","0","0","0","0","0","-2"
"214041","Millersville University of Pennsylvania","2016","Tenured, associate professors","106","54","52","0","0","0","8","5","3","4","2","2","5","1","4","0","0","0","89","46","43","0","0","0","0","0","0","0","0","0","-2"
"214041","Millersville University of Pennsylvania","2016","Tenured, assistant professors","25","12","13","0","0","0","3","1","2","2","2","0","2","1","1","0","0","0","17","7","10","0","0","0","1","1","0","0","0","0","-2"
"214041","Millersville University of Pennsylvania","2016","On-Tenure track total","60","34","26","2","2","0","2","0","2","3","1","2","4","3","1","0","0","0","42","24","18","1","1","0","2","1","1","4","2","2","-2"
"214041","Millersville University of Pennsylvania","2016","On-tenure track, associate professors","2","1","1","0","0","0","0","0","0","0","0","0","0","0","0","0","0","0","2","1","1","0","0","0","0","0","0","0","0","0","-2"
"214041","Millersville University of Pennsylvania","2016","On-tenure track, assistant professors","56","32","24","2","2","0","2","0","2","3","1","2","4","3","1","0","0","0","38","22","16","1","1","0","2","1","1","4","2","2","-2"
"214041","Millersville University of Pennsylvania","2016","On-tenure track, instructors","2","1","1","0","0","0","0","0","0","0","0","0","0","0","0","0","0","0","2","1","1","0","0","0","0","0","0","0","0","0","-2"
"214041","Millersville University of Pennsylvania","2016","Not on tenure track/No tenure system system total","12","5","7","0","0","0","1","1","0","2","0","2","1","0","1","0","0","0","6","2","4","0","0","0","2","2","0","0","0","0","-2"
"214041","Millersville University of Pennsylvania","2016","Not on tenure/no tenure system, assistant professors","2","1","1","0","0","0","0","0","0","0","0","0","0","0","0","0","0","0","1","0","1","0","0","0","1","1","0","0","0","0","-2"
"214041","Millersville University of Pennsylvania","2016","Not on tenure/no tenure system, instructors","10","4","6","0","0","0","1","1","0","2","0","2","1","0","1","0","0","0","5","2","3","0","0","0","1","1","0","0","0","0","-2"
"214777","Pennsylvania State University-Main Campus","2016","Tenured total","1380","976","404","4","4","0","187","150","37","52","30","22","51","33","18","0","0","0","1000","695","305","8","5","3","68","49","19","10","10","0","-2"
"214777","Pennsylvania State University-Main Campus","2016","Tenured, professors","857","662","195","3","3","0","120","105","15","22","18","4","19","17","2","0","0","0","647","483","164","4","3","1","37","28","9","5","5","0","-2"
"214777","Pennsylvania State University-Main Campus","2016","Tenured, associate professors","523","314","209","1","1","0","67","45","22","30","12","18","32","16","16","0","0","0","353","212","141","4","2","2","31","21","10","5","5","0","-2"
"214777","Pennsylvania State University-Main Campus","2016","On-Tenure track total","395","237","158","2","2","0","47","28","19","21","7","14","16","8","8","0","0","0","198","115","83","3","2","1","36","21","15","72","54","18","-2"
"214777","Pennsylvania State University-Main Campus","2016","On-tenure track, associate professors","26","18","8","0","0","0","7","5","2","0","0","0","1","0","1","0","0","0","13","10","3","1","0","1","1","1","0","3","2","1","-2"
"214777","Pennsylvania State University-Main Campus","2016","On-tenure track, assistant professors","369","219","150","2","2","0","40","23","17","21","7","14","15","8","7","0","0","0","185","105","80","2","2","0","35","20","15","69","52","17","-2"
"214777","Pennsylvania State University-Main Campus","2016","Not on tenure track/No tenure system system total","975","484","491","0","0","0","40","16","24","32","17","15","36","14","22","0","0","0","761","385","376","8","4","4","44","23","21","54","25","29","-2"
"214777","Pennsylvania State University-Main Campus","2016","Not on tenure/no tenure system, professors","38","34","4","0","0","0","0","0","0","1","1","0","0","0","0","0","0","0","33","29","4","0","0","0","3","3","0","1","1","0","-2"
"214777","Pennsylvania State University-Main Campus","2016","Not on tenure/no tenure system, associate professors","46","20","26","0","0","0","6","3","3","1","1","0","0","0","0","0","0","0","34","15","19","0","0","0","4","0","4","1","1","0","-2"
"214777","Pennsylvania State University-Main Campus","2016","Not on tenure/no tenure system, assistant professors","109","50","59","0","0","0","6","4","2","6","2","4","4","3","1","0","0","0","76","31","45","0","0","0","7","3","4","10","7","3","-2"
"214777","Pennsylvania State University-Main Campus","2016","Not on tenure/no tenure system, instructors","270","131","139","0","0","0","6","2","4","6","4","2","5","2","3","0","0","0","226","105","121","4","2","2","15","11","4","8","5","3","-2"
"214777","Pennsylvania State University-Main Campus","2016","Not on tenure/no tenure system, lecturers","512","249","263","0","0","0","22","7","15","18","9","9","27","9","18","0","0","0","392","205","187","4","2","2","15","6","9","34","11","23","-2"
"217156","Brown University","2016","Tenured total","520","371","149","0","0","0","55","38","17","18","13","5","15","12","3","0","0","0","416","294","122","5","3","2","4","4","0","7","7","0","-2"
"217156","Brown University","2016","Tenured, professors","384","284","100","0","0","0","37","30","7","10","8","2","8","6","2","0","0","0","316","229","87","4","2","2","3","3","0","6","6","0","-2"
"217156","Brown University","2016","Tenured, associate professors","136","87","49","0","0","0","18","8","10","8","5","3","7","6","1","0","0","0","100","65","35","1","1","0","1","1","0","1","1","0","-2"
"217156","Brown University","2016","On-Tenure track total","140","86","54","1","0","1","16","7","9","9","3","6","14","10","4","0","0","0","77","53","24","4","1","3","6","4","2","13","8","5","-2"
"217156","Brown University","2016","On-tenure track, associate professors","1","1","0","0","0","0","0","0","0","1","1","0","0","0","0","0","0","0","0","0","0","0","0","0","0","0","0","0","0","0","-2"
"217156","Brown University","2016","On-tenure track, assistant professors","139","85","54","1","0","1","16","7","9","8","2","6","14","10","4","0","0","0","77","53","24","4","1","3","6","4","2","13","8","5","-2"
"217156","Brown University","2016","Not on tenure track/No tenure system system total","157","69","88","0","0","0","14","3","11","4","1","3","10","3","7","0","0","0","97","43","54","3","1","2","8","4","4","21","14","7","-2"
"217156","Brown University","2016","Not on tenure/no tenure system, professors","3","3","0","0","0","0","0","0","0","0","0","0","0","0","0","0","0","0","3","3","0","0","0","0","0","0","0","0","0","0","-2"
"217156","Brown University","2016","Not on tenure/no tenure system, associate professors","2","2","0","0","0","0","0","0","0","0","0","0","0","0","0","0","0","0","2","2","0","0","0","0","0","0","0","0","0","0","-2"
"217156","Brown University","2016","Not on tenure/no tenure system, assistant professors","4","1","3","0","0","0","1","0","1","0","0","0","0","0","0","0","0","0","3","1","2","0","0","0","0","0","0","0","0","0","-2"
"217156","Brown University","2016","Not on tenure/no tenure system, lecturers","72","23","49","0","0","0","7","2","5","1","0","1","5","0","5","0","0","0","56","20","36","1","0","1","0","0","0","2","1","1","-2"
"217156","Brown University","2016","Not on tenure/no tenure system, no academic rank","76","40","36","0","0","0","6","1","5","3","1","2","5","3","2","0","0","0","33","17","16","2","1","1","8","4","4","19","13","6","-2"
"217484","University of Rhode Island","2016","Tenured total","408","245","163","2","1","1","48","36","12","12","6","6","14","7","7","0","0","0","328","192","136","0","0","0","0","0","0","4","3","1","-2"
"217484","University of Rhode Island","2016","Tenured, professors","274","184","90","1","1","0","32","27","5","5","5","0","7","5","2","0","0","0","228","145","83","0","0","0","0","0","0","1","1","0","-2"
"217484","University of Rhode Island","2016","Tenured, associate professors","134","61","73","1","0","1","16","9","7","7","1","6","7","2","5","0","0","0","100","47","53","0","0","0","0","0","0","3","2","1","-2"
"217484","University of Rhode Island","2016","On-Tenure track total","136","66","70","1","0","1","22","11","11","6","4","2","1","1","0","0","0","0","86","40","46","0","0","0","0","0","0","20","10","10","-2"
"217484","University of Rhode Island","2016","On-tenure track, associate professors","1","1","0","0","0","0","1","1","0","0","0","0","0","0","0","0","0","0","0","0","0","0","0","0","0","0","0","0","0","0","-2"
"217484","University of Rhode Island","2016","On-tenure track, assistant professors","135","65","70","1","0","1","21","10","11","6","4","2","1","1","0","0","0","0","86","40","46","0","0","0","0","0","0","20","10","10","-2"
"217484","University of Rhode Island","2016","Not on tenure track/No tenure system system total","180","64","116","0","0","0","10","2","8","2","2","0","8","3","5","0","0","0","153","55","98","0","0","0","0","0","0","7","2","5","-2"
"217484","University of Rhode Island","2016","Not on tenure/no tenure system, professors","8","4","4","0","0","0","0","0","0","0","0","0","0","0","0","0","0","0","8","4","4","0","0","0","0","0","0","0","0","0","-2"
"217484","University of Rhode Island","2016","Not on tenure/no tenure system, associate professors","18","4","14","0","0","0","0","0","0","0","0","0","0","0","0","0","0","0","18","4","14","0","0","0","0","0","0","0","0","0","-2"
"217484","University of Rhode Island","2016","Not on tenure/no tenure system, assistant professors","24","5","19","0","0","0","0","0","0","2","2","0","1","0","1","0","0","0","21","3","18","0","0","0","0","0","0","0","0","0","-2"
"217484","University of Rhode Island","2016","Not on tenure/no tenure system, lecturers","130","51","79","0","0","0","10","2","8","0","0","0","7","3","4","0","0","0","106","44","62","0","0","0","0","0","0","7","2","5","-2"
"217819","College of Charleston","2016","Tenured total","330","199","131","0","0","0","15","12","3","12","6","6","12","6","6","0","0","0","267","154","113","5","5","0","18","15","3","1","1","0","-2"
"217819","College of Charleston","2016","Tenured, professors","153","95","58","0","0","0","3","3","0","4","3","1","6","3","3","0","0","0","127","74","53","3","3","0","9","8","1","1","1","0","-2"
"217819","College of Charleston","2016","Tenured, associate professors","175","104","71","0","0","0","12","9","3","8","3","5","6","3","3","0","0","0","138","80","58","2","2","0","9","7","2","0","0","0","-2"
"217819","College of Charleston","2016","Tenured, assistant professors","2","0","2","0","0","0","0","0","0","0","0","0","0","0","0","0","0","0","2","0","2","0","0","0","0","0","0","0","0","0","-2"
"217819","College of Charleston","2016","On-Tenure track total","120","63","57","0","0","0","1","1","0","9","4","5","10","5","5","0","0","0","86","45","41","5","3","2","2","1","1","7","4","3","-2"
"217819","College of Charleston","2016","On-tenure track, associate professors","1","1","0","0","0","0","0","0","0","0","0","0","0","0","0","0","0","0","1","1","0","0","0","0","0","0","0","0","0","0","-2"
"217819","College of Charleston","2016","On-tenure track, assistant professors","119","62","57","0","0","0","1","1","0","9","4","5","10","5","5","0","0","0","85","44","41","5","3","2","2","1","1","7","4","3","-2"
"217819","College of Charleston","2016","Not on tenure track/No tenure system system total","81","32","49","0","0","0","2","2","0","4","0","4","5","2","3","1","1","0","66","25","41","0","0","0","2","1","1","1","1","0","-2"
"217819","College of Charleston","2016","Not on tenure/no tenure system, professors","1","1","0","0","0","0","0","0","0","0","0","0","0","0","0","0","0","0","1","1","0","0","0","0","0","0","0","0","0","0","-2"
"217819","College of Charleston","2016","Not on tenure/no tenure system, associate professors","2","0","2","0","0","0","0","0","0","1","0","1","0","0","0","0","0","0","1","0","1","0","0","0","0","0","0","0","0","0","-2"
"217819","College of Charleston","2016","Not on tenure/no tenure system, assistant professors","24","10","14","0","0","0","0","0","0","2","0","2","2","1","1","0","0","0","20","9","11","0","0","0","0","0","0","0","0","0","-2"
"217819","College of Charleston","2016","Not on tenure/no tenure system, instructors","54","21","33","0","0","0","2","2","0","1","0","1","3","1","2","1","1","0","44","15","29","0","0","0","2","1","1","1","1","0","-2"
"217873","Claflin University","2016","Tenured total","31","21","10","0","0","0","13","11","2","9","5","4","0","0","0","0","0","0","9","5","4","0","0","0","0","0","0","0","0","0","-2"
"217873","Claflin University","2016","Tenured, professors","13","9","4","0","0","0","7","6","1","5","3","2","0","0","0","0","0","0","1","0","1","0","0","0","0","0","0","0","0","0","-2"
"217873","Claflin University","2016","Tenured, associate professors","13","9","4","0","0","0","6","5","1","1","0","1","0","0","0","0","0","0","6","4","2","0","0","0","0","0","0","0","0","0","-2"
"217873","Claflin University","2016","Tenured, assistant professors","5","3","2","0","0","0","0","0","0","3","2","1","0","0","0","0","0","0","2","1","1","0","0","0","0","0","0","0","0","0","-2"
"217873","Claflin University","2016","On-Tenure track total","32","16","16","0","0","0","7","3","4","14","6","8","2","2","0","0","0","0","7","4","3","0","0","0","0","0","0","2","1","1","-2"
"217873","Claflin University","2016","On-tenure track, professors","3","0","3","0","0","0","0","0","0","3","0","3","0","0","0","0","0","0","0","0","0","0","0","0","0","0","0","0","0","0","-2"
"217873","Claflin University","2016","On-tenure track, associate professors","15","12","3","0","0","0","4","2","2","5","4","1","2","2","0","0","0","0","3","3","0","0","0","0","0","0","0","1","1","0","-2"
"217873","Claflin University","2016","On-tenure track, assistant professors","14","4","10","0","0","0","3","1","2","6","2","4","0","0","0","0","0","0","4","1","3","0","0","0","0","0","0","1","0","1","-2"
"217873","Claflin University","2016","Not on tenure track/No tenure system system total","63","30","33","1","1","0","4","4","0","38","15","23","1","0","1","1","0","1","13","7","6","0","0","0","1","1","0","4","2","2","-2"
"217873","Claflin University","2016","Not on tenure/no tenure system, professors","5","1","4","0","0","0","0","0","0","5","1","4","0","0","0","0","0","0","0","0","0","0","0","0","0","0","0","0","0","0","-2"
"217873","Claflin University","2016","Not on tenure/no tenure system, associate professors","8","5","3","0","0","0","0","0","0","5","2","3","0","0","0","0","0","0","2","2","0","0","0","0","1","1","0","0","0","0","-2"
"217873","Claflin University","2016","Not on tenure/no tenure system, assistant professors","29","16","13","0","0","0","3","3","0","12","6","6","1","0","1","1","0","1","8","5","3","0","0","0","0","0","0","4","2","2","-2"
"217873","Claflin University","2016","Not on tenure/no tenure system, instructors","20","8","12","1","1","0","1","1","0","15","6","9","0","0","0","0","0","0","3","0","3","0","0","0","0","0","0","0","0","0","-2"
"217873","Claflin University","2016","Not on tenure/no tenure system, lecturers","1","0","1","0","0","0","0","0","0","1","0","1","0","0","0","0","0","0","0","0","0","0","0","0","0","0","0","0","0","0","-2"
"217882","Clemson University","2016","Tenured total","587","425","162","0","0","0","69","56","13","17","12","5","10","6","4","1","1","0","487","348","139","1","0","1","2","2","0","0","0","0","-2"
"217882","Clemson University","2016","Tenured, professors","330","261","69","0","0","0","42","36","6","8","6","2","5","5","0","0","0","0","272","212","60","1","0","1","2","2","0","0","0","0","-2"
"217882","Clemson University","2016","Tenured, associate professors","255","162","93","0","0","0","27","20","7","9","6","3","5","1","4","1","1","0","213","134","79","0","0","0","0","0","0","0","0","0","-2"
"217882","Clemson University","2016","Tenured, assistant professors","1","1","0","0","0","0","0","0","0","0","0","0","0","0","0","0","0","0","1","1","0","0","0","0","0","0","0","0","0","0","-2"
"217882","Clemson University","2016","Tenured, no academic rank","1","1","0","0","0","0","0","0","0","0","0","0","0","0","0","0","0","0","1","1","0","0","0","0","0","0","0","0","0","0","-2"
"217882","Clemson University","2016","On-Tenure track total","270","161","109","0","0","0","56","35","21","13","7","6","18","11","7","0","0","0","178","105","73","0","0","0","5","3","2","0","0","0","-2"
"217882","Clemson University","2016","On-tenure track, professors","3","2","1","0","0","0","1","0","1","0","0","0","0","0","0","0","0","0","2","2","0","0","0","0","0","0","0","0","0","0","-2"
"217882","Clemson University","2016","On-tenure track, associate professors","19","13","6","0","0","0","3","2","1","2","1","1","0","0","0","0","0","0","13","9","4","0","0","0","1","1","0","0","0","0","-2"
"217882","Clemson University","2016","On-tenure track, assistant professors","248","146","102","0","0","0","52","33","19","11","6","5","18","11","7","0","0","0","163","94","69","0","0","0","4","2","2","0","0","0","-2"
"217882","Clemson University","2016","Not on tenure track/No tenure system system total","316","147","169","2","1","1","11","6","5","18","4","14","10","3","7","0","0","0","265","128","137","1","0","1","7","3","4","2","2","0","-2"
"217882","Clemson University","2016","Not on tenure/no tenure system, professors","10","8","2","0","0","0","0","0","0","1","0","1","0","0","0","0","0","0","9","8","1","0","0","0","0","0","0","0","0","0","-2"
"217882","Clemson University","2016","Not on tenure/no tenure system, associate professors","3","3","0","0","0","0","0","0","0","0","0","0","0","0","0","0","0","0","3","3","0","0","0","0","0","0","0","0","0","0","-2"
"217882","Clemson University","2016","Not on tenure/no tenure system, assistant professors","7","7","0","0","0","0","2","2","0","1","1","0","0","0","0","0","0","0","4","4","0","0","0","0","0","0","0","0","0","0","-2"
"217882","Clemson University","2016","Not on tenure/no tenure system, instructors","1","0","1","0","0","0","0","0","0","0","0","0","0","0","0","0","0","0","1","0","1","0","0","0","0","0","0","0","0","0","-2"
"217882","Clemson University","2016","Not on tenure/no tenure system, lecturers","295","129","166","2","1","1","9","4","5","16","3","13","10","3","7","0","0","0","248","113","135","1","0","1","7","3","4","2","2","0","-2"
"218724","Coastal Carolina University","2016","Tenured total","204","126","78","1","1","0","11","7","4","10","4","6","5","4","1","0","0","0","177","110","67","0","0","0","0","0","0","0","0","0","-2"
"218724","Coastal Carolina University","2016","Tenured, professors","94","66","28","0","0","0","3","2","1","4","2","2","1","1","0","0","0","0","86","61","25","0","0","0","0","0","0","0","0","0","-2"
"218724","Coastal Carolina University","2016","Tenured, associate professors","108","59","49","0","0","0","8","5","3","5","2","3","4","3","1","0","0","0","91","49","42","0","0","0","0","0","0","0","0","0","-2"
"218724","Coastal Carolina University","2016","Tenured, assistant professors","2","1","1","1","1","0","0","0","0","1","0","1","0","0","0","0","0","0","0","0","0","0","0","0","0","0","0","0","0","0","-2"
"218724","Coastal Carolina University","2016","On-Tenure track total","113","62","51","0","0","0","6","5","1","8","4","4","1","1","0","0","0","0","98","52","46","0","0","0","0","0","0","0","0","0","-2"
"218724","Coastal Carolina University","2016","On-tenure track, professors","1","1","0","0","0","0","0","0","0","0","0","0","0","0","0","0","0","0","1","1","0","0","0","0","0","0","0","0","0","0","-2"
"218724","Coastal Carolina University","2016","On-tenure track, associate professors","9","5","4","0","0","0","0","0","0","0","0","0","0","0","0","0","0","0","9","5","4","0","0","0","0","0","0","0","0","0","-2"
"218724","Coastal Carolina University","2016","On-tenure track, assistant professors","103","56","47","0","0","0","6","5","1","8","4","4","1","1","0","0","0","0","88","46","42","0","0","0","0","0","0","0","0","0","-2"
"218724","Coastal Carolina University","2016","Not on tenure track/No tenure system system total","134","64","70","0","0","0","3","1","2","3","0","3","5","3","2","0","0","0","122","60","62","1","0","1","0","0","0","0","0","0","-2"
"218724","Coastal Carolina University","2016","Not on tenure/no tenure system, assistant professors","9","5","4","0","0","0","1","0","1","0","0","0","1","1","0","0","0","0","7","4","3","0","0","0","0","0","0","0","0","0","-2"
"218724","Coastal Carolina University","2016","Not on tenure/no tenure system, instructors","11","6","5","0","0","0","1","0","1","0","0","0","2","2","0","0","0","0","8","4","4","0","0","0","0","0","0","0","0","0","-2"
"218724","Coastal Carolina University","2016","Not on tenure/no tenure system, lecturers","113","52","61","0","0","0","1","1","0","3","0","3","2","0","2","0","0","0","106","51","55","1","0","1","0","0","0","0","0","0","-2"
"218724","Coastal Carolina University","2016","Not on tenure/no tenure system, no academic rank","1","1","0","0","0","0","0","0","0","0","0","0","0","0","0","0","0","0","1","1","0","0","0","0","0","0","0","0","0","0","-2"
"219347","South Dakota School of Mines and Technology","2016","Tenured total","71","63","8","1","1","0","6","6","0","0","0","0","2","2","0","0","0","0","61","53","8","0","0","0","0","0","0","1","1","0","-2"
"219347","South Dakota School of Mines and Technology","2016","Tenured, professors","41","35","6","0","0","0","2","2","0","0","0","0","1","1","0","0","0","0","38","32","6","0","0","0","0","0","0","0","0","0","-2"
"219347","South Dakota School of Mines and Technology","2016","Tenured, associate professors","30","28","2","1","1","0","4","4","0","0","0","0","1","1","0","0","0","0","23","21","2","0","0","0","0","0","0","1","1","0","-2"
"219347","South Dakota School of Mines and Technology","2016","On-Tenure track total","49","33","16","0","0","0","7","6","1","1","1","0","1","0","1","0","0","0","33","21","12","0","0","0","0","0","0","7","5","2","-2"
"219347","South Dakota School of Mines and Technology","2016","On-tenure track, associate professors","5","3","2","0","0","0","1","1","0","0","0","0","0","0","0","0","0","0","4","2","2","0","0","0","0","0","0","0","0","0","-2"
"219347","South Dakota School of Mines and Technology","2016","On-tenure track, assistant professors","42","28","14","0","0","0","6","5","1","1","1","0","1","0","1","0","0","0","28","18","10","0","0","0","0","0","0","6","4","2","-2"
"219347","South Dakota School of Mines and Technology","2016","On-tenure track, instructors","1","1","0","0","0","0","0","0","0","0","0","0","0","0","0","0","0","0","0","0","0","0","0","0","0","0","0","1","1","0","-2"
"219347","South Dakota School of Mines and Technology","2016","On-tenure track, lecturers","1","1","0","0","0","0","0","0","0","0","0","0","0","0","0","0","0","0","1","1","0","0","0","0","0","0","0","0","0","0","-2"
"219347","South Dakota School of Mines and Technology","2016","Not on tenure track/No tenure system system total","28","15","13","1","1","0","0","0","0","0","0","0","1","1","0","0","0","0","26","13","13","0","0","0","0","0","0","0","0","0","-2"
"219347","South Dakota School of Mines and Technology","2016","Not on tenure/no tenure system, professors","2","2","0","0","0","0","0","0","0","0","0","0","0","0","0","0","0","0","2","2","0","0","0","0","0","0","0","0","0","0","-2"
"219347","South Dakota School of Mines and Technology","2016","Not on tenure/no tenure system, associate professors","1","0","1","0","0","0","0","0","0","0","0","0","0","0","0","0","0","0","1","0","1","0","0","0","0","0","0","0","0","0","-2"
"219347","South Dakota School of Mines and Technology","2016","Not on tenure/no tenure system, assistant professors","5","3","2","0","0","0","0","0","0","0","0","0","0","0","0","0","0","0","5","3","2","0","0","0","0","0","0","0","0","0","-2"
"219347","South Dakota School of Mines and Technology","2016","Not on tenure/no tenure system, instructors","10","6","4","1","1","0","0","0","0","0","0","0","1","1","0","0","0","0","8","4","4","0","0","0","0","0","0","0","0","0","-2"
"219347","South Dakota School of Mines and Technology","2016","Not on tenure/no tenure system, lecturers","10","4","6","0","0","0","0","0","0","0","0","0","0","0","0","0","0","0","10","4","6","0","0","0","0","0","0","0","0","0","-2"
"221759","The University of Tennessee-Knoxville","2016","Tenured total","795","550","245","4","3","1","92","73","19","21","12","9","23","20","3","0","0","0","654","442","212","1","0","1","0","0","0","0","0","0","-2"
"221759","The University of Tennessee-Knoxville","2016","Tenured, professors","495","373","122","2","1","1","54","46","8","7","5","2","9","7","2","0","0","0","423","314","109","0","0","0","0","0","0","0","0","0","-2"
"221759","The University of Tennessee-Knoxville","2016","Tenured, associate professors","299","176","123","2","2","0","38","27","11","14","7","7","14","13","1","0","0","0","230","127","103","1","0","1","0","0","0","0","0","0","-2"
"221759","The University of Tennessee-Knoxville","2016","Tenured, assistant professors","1","1","0","0","0","0","0","0","0","0","0","0","0","0","0","0","0","0","1","1","0","0","0","0","0","0","0","0","0","0","-2"
"221759","The University of Tennessee-Knoxville","2016","On-Tenure track total","320","174","146","2","1","1","30","18","12","27","13","14","15","9","6","0","0","0","210","112","98","4","0","4","0","0","0","32","21","11","-2"
"221759","The University of Tennessee-Knoxville","2016","On-tenure track, professors","5","4","1","0","0","0","0","0","0","1","0","1","0","0","0","0","0","0","4","4","0","0","0","0","0","0","0","0","0","0","-2"
"221759","The University of Tennessee-Knoxville","2016","On-tenure track, associate professors","54","25","29","0","0","0","8","5","3","4","1","3","2","0","2","0","0","0","37","18","19","2","0","2","0","0","0","1","1","0","-2"
"221759","The University of Tennessee-Knoxville","2016","On-tenure track, assistant professors","261","145","116","2","1","1","22","13","9","22","12","10","13","9","4","0","0","0","169","90","79","2","0","2","0","0","0","31","20","11","-2"
"221759","The University of Tennessee-Knoxville","2016","Not on tenure track/No tenure system system total","414","154","260","0","0","0","17","8","9","8","5","3","15","4","11","0","0","0","357","125","232","3","1","2","0","0","0","14","11","3","-2"
"221759","The University of Tennessee-Knoxville","2016","Not on tenure/no tenure system, professors","8","2","6","0","0","0","3","2","1","0","0","0","0","0","0","0","0","0","5","0","5","0","0","0","0","0","0","0","0","0","-2"
"221759","The University of Tennessee-Knoxville","2016","Not on tenure/no tenure system, associate professors","19","1","18","0","0","0","1","0","1","0","0","0","1","0","1","0","0","0","17","1","16","0","0","0","0","0","0","0","0","0","-2"
"221759","The University of Tennessee-Knoxville","2016","Not on tenure/no tenure system, assistant professors","65","13","52","0","0","0","3","2","1","1","0","1","1","1","0","0","0","0","57","9","48","0","0","0","0","0","0","3","1","2","-2"
"221759","The University of Tennessee-Knoxville","2016","Not on tenure/no tenure system, instructors","25","2","23","0","0","0","1","1","0","1","0","1","2","0","2","0","0","0","20","1","19","1","0","1","0","0","0","0","0","0","-2"
"221759","The University of Tennessee-Knoxville","2016","Not on tenure/no tenure system, lecturers","294","134","160","0","0","0","9","3","6","6","5","1","11","3","8","0","0","0","255","112","143","2","1","1","0","0","0","11","10","1","-2"
"221759","The University of Tennessee-Knoxville","2016","Not on tenure/no tenure system, no academic rank","3","2","1","0","0","0","0","0","0","0","0","0","0","0","0","0","0","0","3","2","1","0","0","0","0","0","0","0","0","0","-2"
"221768","The University of Tennessee-Martin","2016","Tenured total","152","94","58","0","0","0","3","2","1","9","4","5","1","1","0","0","0","0","138","87","51","0","0","0","0","0","0","1","0","1","-2"
"221768","The University of Tennessee-Martin","2016","Tenured, professors","77","50","27","0","0","0","1","0","1","4","1","3","1","1","0","0","0","0","70","48","22","0","0","0","0","0","0","1","0","1","-2"
"221768","The University of Tennessee-Martin","2016","Tenured, associate professors","59","37","22","0","0","0","1","1","0","5","3","2","0","0","0","0","0","0","53","33","20","0","0","0","0","0","0","0","0","0","-2"
"221768","The University of Tennessee-Martin","2016","Tenured, assistant professors","9","2","7","0","0","0","1","1","0","0","0","0","0","0","0","0","0","0","8","1","7","0","0","0","0","0","0","0","0","0","-2"
"221768","The University of Tennessee-Martin","2016","Tenured, instructors","7","5","2","0","0","0","0","0","0","0","0","0","0","0","0","0","0","0","7","5","2","0","0","0","0","0","0","0","0","0","-2"
"221768","The University of Tennessee-Martin","2016","On-Tenure track total","65","36","29","0","0","0","5","2","3","2","1","1","3","2","1","0","0","0","53","30","23","0","0","0","0","0","0","2","1","1","-2"
"221768","The University of Tennessee-Martin","2016","On-tenure track, associate professors","13","10","3","0","0","0","0","0","0","0","0","0","1","1","0","0","0","0","12","9","3","0","0","0","0","0","0","0","0","0","-2"
"221768","The University of Tennessee-Martin","2016","On-tenure track, assistant professors","51","26","25","0","0","0","5","2","3","2","1","1","2","1","1","0","0","0","40","21","19","0","0","0","0","0","0","2","1","1","-2"
"221768","The University of Tennessee-Martin","2016","On-tenure track, instructors","1","0","1","0","0","0","0","0","0","0","0","0","0","0","0","0","0","0","1","0","1","0","0","0","0","0","0","0","0","0","-2"
"221768","The University of Tennessee-Martin","2016","Not on tenure track/No tenure system system total","74","28","46","0","0","0","1","0","1","5","0","5","2","1","1","0","0","0","62","26","36","0","0","0","0","0","0","4","1","3","-2"
"221768","The University of Tennessee-Martin","2016","Not on tenure/no tenure system, instructors","3","3","0","0","0","0","0","0","0","0","0","0","0","0","0","0","0","0","3","3","0","0","0","0","0","0","0","0","0","0","-2"
"221768","The University of Tennessee-Martin","2016","Not on tenure/no tenure system, lecturers","71","25","46","0","0","0","1","0","1","5","0","5","2","1","1","0","0","0","59","23","36","0","0","0","0","0","0","4","1","3","-2"
"221838","Tennessee State University","2016","Tenured total","222","128","94","1","0","1","29","22","7","89","41","48","4","2","2","0","0","0","81","48","33","3","3","0","1","1","0","14","11","3","-2"
"221838","Tennessee State University","2016","Tenured, professors","100","66","34","0","0","0","17","14","3","40","23","17","3","1","2","0","0","0","35","23","12","2","2","0","0","0","0","3","3","0","-2"
"221838","Tennessee State University","2016","Tenured, associate professors","90","47","43","1","0","1","9","6","3","29","11","18","1","1","0","0","0","0","37","19","18","1","1","0","1","1","0","11","8","3","-2"
"221838","Tennessee State University","2016","Tenured, assistant professors","28","12","16","0","0","0","2","1","1","17","5","12","0","0","0","0","0","0","9","6","3","0","0","0","0","0","0","0","0","0","-2"
"221838","Tennessee State University","2016","Tenured, instructors","3","2","1","0","0","0","0","0","0","3","2","1","0","0","0","0","0","0","0","0","0","0","0","0","0","0","0","0","0","0","-2"
"221838","Tennessee State University","2016","Tenured, no academic rank","1","1","0","0","0","0","1","1","0","0","0","0","0","0","0","0","0","0","0","0","0","0","0","0","0","0","0","0","0","0","-2"
"221838","Tennessee State University","2016","On-Tenure track total","74","34","40","0","0","0","4","4","0","27","7","20","1","1","0","0","0","0","28","11","17","3","1","2","0","0","0","11","10","1","-2"
"221838","Tennessee State University","2016","On-tenure track, professors","1","0","1","0","0","0","0","0","0","1","0","1","0","0","0","0","0","0","0","0","0","0","0","0","0","0","0","0","0","0","-2"
"221838","Tennessee State University","2016","On-tenure track, associate professors","17","10","7","0","0","0","2","2","0","6","1","5","1","1","0","0","0","0","3","3","0","2","1","1","0","0","0","3","2","1","-2"
"221838","Tennessee State University","2016","On-tenure track, assistant professors","55","23","32","0","0","0","2","2","0","20","6","14","0","0","0","0","0","0","24","7","17","1","0","1","0","0","0","8","8","0","-2"
"221838","Tennessee State University","2016","On-tenure track, instructors","1","1","0","0","0","0","0","0","0","0","0","0","0","0","0","0","0","0","1","1","0","0","0","0","0","0","0","0","0","0","-2"
"221838","Tennessee State University","2016","Not on tenure track/No tenure system system total","29","15","14","0","0","0","0","0","0","13","8","5","1","1","0","0","0","0","12","5","7","2","1","1","0","0","0","1","0","1","-2"
"221838","Tennessee State University","2016","Not on tenure/no tenure system, no academic rank","29","15","14","0","0","0","0","0","0","13","8","5","1","1","0","0","0","0","12","5","7","2","1","1","0","0","0","1","0","1","-2"
"221999","Vanderbilt University","2016","Tenured total","597","432","165","2","1","1","36","28","8","23","13","10","16","11","5","0","0","0","490","358","132","0","0","0","18","14","4","12","7","5","-2"
"221999","Vanderbilt University","2016","Tenured, professors","404","316","88","0","0","0","25","21","4","14","8","6","8","7","1","0","0","0","343","267","76","0","0","0","9","8","1","5","5","0","-2"
"221999","Vanderbilt University","2016","Tenured, associate professors","193","116","77","2","1","1","11","7","4","9","5","4","8","4","4","0","0","0","147","91","56","0","0","0","9","6","3","7","2","5","-2"
"221999","Vanderbilt University","2016","On-Tenure track total","179","99","80","0","0","0","17","9","8","7","1","6","16","11","5","1","1","0","105","61","44","1","1","0","22","8","14","10","7","3","-2"
"221999","Vanderbilt University","2016","On-tenure track, associate professors","10","7","3","0","0","0","2","1","1","0","0","0","1","1","0","0","0","0","6","5","1","0","0","0","1","0","1","0","0","0","-2"
"221999","Vanderbilt University","2016","On-tenure track, assistant professors","169","92","77","0","0","0","15","8","7","7","1","6","15","10","5","1","1","0","99","56","43","1","1","0","21","8","13","10","7","3","-2"
"221999","Vanderbilt University","2016","Not on tenure track/No tenure system system total","450","165","285","0","0","0","18","5","13","18","8","10","18","4","14","0","0","0","343","122","221","2","0","2","34","15","19","17","11","6","-2"
"221999","Vanderbilt University","2016","Not on tenure/no tenure system, professors","39","17","22","0","0","0","1","1","0","1","1","0","1","0","1","0","0","0","35","14","21","0","0","0","1","1","0","0","0","0","-2"
"221999","Vanderbilt University","2016","Not on tenure/no tenure system, associate professors","56","34","22","0","0","0","1","0","1","4","4","0","0","0","0","0","0","0","47","29","18","0","0","0","4","1","3","0","0","0","-2"
"221999","Vanderbilt University","2016","Not on tenure/no tenure system, assistant professors","111","38","73","0","0","0","5","2","3","3","0","3","8","3","5","0","0","0","74","22","52","1","0","1","6","1","5","14","10","4","-2"
"221999","Vanderbilt University","2016","Not on tenure/no tenure system, instructors","65","11","54","0","0","0","2","0","2","5","0","5","0","0","0","0","0","0","56","9","47","0","0","0","2","2","0","0","0","0","-2"
"221999","Vanderbilt University","2016","Not on tenure/no tenure system, lecturers","177","64","113","0","0","0","9","2","7","5","3","2","9","1","8","0","0","0","130","48","82","1","0","1","21","10","11","2","0","2","-2"
"221999","Vanderbilt University","2016","Not on tenure/no tenure system, no academic rank","2","1","1","0","0","0","0","0","0","0","0","0","0","0","0","0","0","0","1","0","1","0","0","0","0","0","0","1","1","0","-2"
"224147","Texas A & M University-Corpus Christi","2016","Tenured total","165","109","56","2","2","0","15","11","4","4","4","0","25","13","12","0","0","0","117","78","39","2","1","1","0","0","0","0","0","0","-2"
"224147","Texas A & M University-Corpus Christi","2016","Tenured, professors","80","60","20","1","1","0","6","5","1","2","2","0","9","6","3","0","0","0","61","45","16","1","1","0","0","0","0","0","0","0","-2"
"224147","Texas A & M University-Corpus Christi","2016","Tenured, associate professors","82","49","33","1","1","0","9","6","3","2","2","0","15","7","8","0","0","0","54","33","21","1","0","1","0","0","0","0","0","0","-2"
"224147","Texas A & M University-Corpus Christi","2016","Tenured, assistant professors","3","0","3","0","0","0","0","0","0","0","0","0","1","0","1","0","0","0","2","0","2","0","0","0","0","0","0","0","0","0","-2"
"224147","Texas A & M University-Corpus Christi","2016","On-Tenure track total","121","59","62","0","0","0","15","10","5","6","2","4","18","9","9","0","0","0","66","29","37","1","0","1","3","0","3","12","9","3","-2"
"224147","Texas A & M University-Corpus Christi","2016","On-tenure track, professors","2","1","1","0","0","0","0","0","0","0","0","0","0","0","0","0","0","0","2","1","1","0","0","0","0","0","0","0","0","0","-2"
"224147","Texas A & M University-Corpus Christi","2016","On-tenure track, associate professors","17","11","6","0","0","0","4","4","0","0","0","0","0","0","0","0","0","0","13","7","6","0","0","0","0","0","0","0","0","0","-2"
"224147","Texas A & M University-Corpus Christi","2016","On-tenure track, assistant professors","102","47","55","0","0","0","11","6","5","6","2","4","18","9","9","0","0","0","51","21","30","1","0","1","3","0","3","12","9","3","-2"
"224147","Texas A & M University-Corpus Christi","2016","Not on tenure track/No tenure system system total","145","49","96","0","0","0","8","2","6","2","0","2","23","7","16","0","0","0","97","30","67","0","0","0","2","0","2","13","10","3","-2"
"224147","Texas A & M University-Corpus Christi","2016","Not on tenure/no tenure system, professors","1","0","1","0","0","0","0","0","0","0","0","0","0","0","0","0","0","0","0","0","0","0","0","0","1","0","1","0","0","0","-2"
"224147","Texas A & M University-Corpus Christi","2016","Not on tenure/no tenure system, associate professors","7","3","4","0","0","0","0","0","0","0","0","0","0","0","0","0","0","0","6","3","3","0","0","0","1","0","1","0","0","0","-2"
"224147","Texas A & M University-Corpus Christi","2016","Not on tenure/no tenure system, assistant professors","100","34","66","0","0","0","6","2","4","2","0","2","13","3","10","0","0","0","72","24","48","0","0","0","0","0","0","7","5","2","-2"
"224147","Texas A & M University-Corpus Christi","2016","Not on tenure/no tenure system, instructors","9","4","5","0","0","0","1","0","1","0","0","0","1","1","0","0","0","0","5","1","4","0","0","0","0","0","0","2","2","0","-2"
"224147","Texas A & M University-Corpus Christi","2016","Not on tenure/no tenure system, no academic rank","28","8","20","0","0","0","1","0","1","0","0","0","9","3","6","0","0","0","14","2","12","0","0","0","0","0","0","4","3","1","-2"
"225511","University of Houston","2016","Tenured total","713","504","209","1","1","0","140","94","46","30","19","11","55","31","24","1","1","0","481","355","126","5","3","2","0","0","0","0","0","0","-2"
"225511","University of Houston","2016","Tenured, professors","393","322","71","0","0","0","81","67","14","12","11","1","19","9","10","1","1","0","280","234","46","0","0","0","0","0","0","0","0","0","-2"
"225511","University of Houston","2016","Tenured, associate professors","320","182","138","1","1","0","59","27","32","18","8","10","36","22","14","0","0","0","201","121","80","5","3","2","0","0","0","0","0","0","-2"
"225511","University of Houston","2016","On-Tenure track total","266","162","104","0","0","0","74","55","19","6","3","3","20","9","11","0","0","0","125","68","57","0","0","0","1","0","1","40","27","13","-2"
"225511","University of Houston","2016","On-tenure track, professors","1","1","0","0","0","0","0","0","0","0","0","0","0","0","0","0","0","0","0","0","0","0","0","0","0","0","0","1","1","0","-2"
"225511","University of Houston","2016","On-tenure track, associate professors","24","17","7","0","0","0","9","8","1","1","0","1","3","1","2","0","0","0","9","7","2","0","0","0","0","0","0","2","1","1","-2"
"225511","University of Houston","2016","On-tenure track, assistant professors","241","144","97","0","0","0","65","47","18","5","3","2","17","8","9","0","0","0","116","61","55","0","0","0","1","0","1","37","25","12","-2"
"225511","University of Houston","2016","Not on tenure track/No tenure system system total","265","121","144","0","0","0","18","7","11","11","3","8","31","11","20","0","0","0","189","93","96","5","1","4","1","1","0","10","5","5","-2"
"225511","University of Houston","2016","Not on tenure/no tenure system, lecturers","73","31","42","0","0","0","4","0","4","2","1","1","13","6","7","0","0","0","51","24","27","1","0","1","0","0","0","2","0","2","-2"
"225511","University of Houston","2016","Not on tenure/no tenure system, no academic rank","192","90","102","0","0","0","14","7","7","9","2","7","18","5","13","0","0","0","138","69","69","4","1","3","1","1","0","8","5","3","-2"
"225627","University of the Incarnate Word","2016","Tenured total","136","61","75","0","0","0","9","6","3","5","1","4","28","14","14","0","0","0","91","40","51","0","0","0","0","0","0","3","0","3","-2"
"225627","University of the Incarnate Word","2016","Tenured, professors","56","30","26","0","0","0","5","4","1","1","0","1","7","4","3","0","0","0","43","22","21","0","0","0","0","0","0","0","0","0","-2"
"225627","University of the Incarnate Word","2016","Tenured, associate professors","80","31","49","0","0","0","4","2","2","4","1","3","21","10","11","0","0","0","48","18","30","0","0","0","0","0","0","3","0","3","-2"
"225627","University of the Incarnate Word","2016","On-Tenure track total","108","48","60","1","0","1","6","1","5","5","3","2","21","10","11","0","0","0","71","32","39","1","0","1","0","0","0","3","2","1","-2"
"225627","University of the Incarnate Word","2016","On-tenure track, professors","1","1","0","0","0","0","0","0","0","0","0","0","0","0","0","0","0","0","1","1","0","0","0","0","0","0","0","0","0","0","-2"
"225627","University of the Incarnate Word","2016","On-tenure track, associate professors","15","8","7","0","0","0","2","1","1","0","0","0","5","5","0","0","0","0","6","2","4","1","0","1","0","0","0","1","0","1","-2"
"225627","University of the Incarnate Word","2016","On-tenure track, assistant professors","91","38","53","1","0","1","4","0","4","5","3","2","15","4","11","0","0","0","64","29","35","0","0","0","0","0","0","2","2","0","-2"
"225627","University of the Incarnate Word","2016","On-tenure track, instructors","1","1","0","0","0","0","0","0","0","0","0","0","1","1","0","0","0","0","0","0","0","0","0","0","0","0","0","0","0","0","-2"
"225627","University of the Incarnate Word","2016","Not on tenure track/No tenure system system total","89","36","53","0","0","0","4","3","1","7","4","3","27","10","17","0","0","0","48","18","30","1","0","1","0","0","0","2","1","1","-2"
"225627","University of the Incarnate Word","2016","Not on tenure/no tenure system, professors","9","6","3","0","0","0","0","0","0","0","0","0","2","1","1","0","0","0","7","5","2","0","0","0","0","0","0","0","0","0","-2"
"225627","University of the Incarnate Word","2016","Not on tenure/no tenure system, associate professors","8","5","3","0","0","0","1","1","0","0","0","0","2","1","1","0","0","0","5","3","2","0","0","0","0","0","0","0","0","0","-2"
"225627","University of the Incarnate Word","2016","Not on tenure/no tenure system, assistant professors","26","10","16","0","0","0","3","2","1","5","2","3","6","2","4","0","0","0","11","4","7","1","0","1","0","0","0","0","0","0","-2"
"225627","University of the Incarnate Word","2016","Not on tenure/no tenure system, instructors","46","15","31","0","0","0","0","0","0","2","2","0","17","6","11","0","0","0","25","6","19","0","0","0","0","0","0","2","1","1","-2"
"227757","Rice University","2016","Tenured total","420","315","105","0","0","0","53","35","18","10","8","2","24","21","3","0","0","0","331","250","81","1","0","1","0","0","0","1","1","0","-2"
"227757","Rice University","2016","Tenured, professors","310","246","64","0","0","0","37","29","8","6","6","0","15","13","2","0","0","0","251","197","54","0","0","0","0","0","0","1","1","0","-2"
"227757","Rice University","2016","Tenured, associate professors","110","69","41","0","0","0","16","6","10","4","2","2","9","8","1","0","0","0","80","53","27","1","0","1","0","0","0","0","0","0","-2"
"227757","Rice University","2016","On-Tenure track total","97","61","36","0","0","0","12","9","3","1","1","0","8","5","3","0","0","0","60","37","23","4","2","2","0","0","0","12","7","5","-2"
"227757","Rice University","2016","On-tenure track, associate professors","1","1","0","0","0","0","0","0","0","0","0","0","0","0","0","0","0","0","1","1","0","0","0","0","0","0","0","0","0","0","-2"
"227757","Rice University","2016","On-tenure track, assistant professors","96","60","36","0","0","0","12","9","3","1","1","0","8","5","3","0","0","0","59","36","23","4","2","2","0","0","0","12","7","5","-2"
"227757","Rice University","2016","Not on tenure track/No tenure system system total","154","76","78","0","0","0","15","9","6","4","1","3","12","6","6","0","0","0","106","52","54","0","0","0","0","0","0","17","8","9","-2"
"227757","Rice University","2016","Not on tenure/no tenure system, associate professors","1","0","1","0","0","0","0","0","0","0","0","0","0","0","0","0","0","0","1","0","1","0","0","0","0","0","0","0","0","0","-2"
"227757","Rice University","2016","Not on tenure/no tenure system, instructors","23","18","5","0","0","0","6","5","1","0","0","0","0","0","0","0","0","0","11","8","3","0","0","0","0","0","0","6","5","1","-2"
"227757","Rice University","2016","Not on tenure/no tenure system, lecturers","123","54","69","0","0","0","8","3","5","3","1","2","12","6","6","0","0","0","90","42","48","0","0","0","0","0","0","10","2","8","-2"
"227757","Rice University","2016","Not on tenure/no tenure system, no academic rank","7","4","3","0","0","0","1","1","0","1","0","1","0","0","0","0","0","0","4","2","2","0","0","0","0","0","0","1","1","0","-2"
"228459","Texas State University","2016","Tenured total","509","309","200","3","2","1","44","30","14","16","9","7","50","27","23","0","0","0","350","204","146","7","5","2","33","26","7","6","6","0","-2"
"228459","Texas State University","2016","Tenured, professors","247","163","84","1","1","0","18","14","4","4","2","2","16","12","4","0","0","0","192","120","72","2","1","1","13","12","1","1","1","0","-2"
"228459","Texas State University","2016","Tenured, associate professors","256","142","114","2","1","1","26","16","10","12","7","5","33","15","18","0","0","0","153","80","73","5","4","1","20","14","6","5","5","0","-2"
"228459","Texas State University","2016","Tenured, assistant professors","5","3","2","0","0","0","0","0","0","0","0","0","1","0","1","0","0","0","4","3","1","0","0","0","0","0","0","0","0","0","-2"
"228459","Texas State University","2016","Tenured, instructors","1","1","0","0","0","0","0","0","0","0","0","0","0","0","0","0","0","0","1","1","0","0","0","0","0","0","0","0","0","0","-2"
"228459","Texas State University","2016","On-Tenure track total","205","80","125","0","0","0","22","7","15","10","4","6","29","11","18","0","0","0","121","50","71","0","0","0","23","8","15","0","0","0","-2"
"228459","Texas State University","2016","On-tenure track, professors","1","0","1","0","0","0","0","0","0","0","0","0","0","0","0","0","0","0","0","0","0","0","0","0","1","0","1","0","0","0","-2"
"228459","Texas State University","2016","On-tenure track, associate professors","3","0","3","0","0","0","1","0","1","1","0","1","0","0","0","0","0","0","1","0","1","0","0","0","0","0","0","0","0","0","-2"
"228459","Texas State University","2016","On-tenure track, assistant professors","201","80","121","0","0","0","21","7","14","9","4","5","29","11","18","0","0","0","120","50","70","0","0","0","22","8","14","0","0","0","-2"
"228459","Texas State University","2016","Not on tenure track/No tenure system system total","534","231","303","1","1","0","20","9","11","11","2","9","45","16","29","0","0","0","409","184","225","4","2","2","38","13","25","6","4","2","-2"
"228459","Texas State University","2016","Not on tenure/no tenure system, professors","9","5","4","0","0","0","0","0","0","0","0","0","0","0","0","0","0","0","8","4","4","0","0","0","1","1","0","0","0","0","-2"
"228459","Texas State University","2016","Not on tenure/no tenure system, associate professors","13","2","11","0","0","0","1","0","1","0","0","0","0","0","0","0","0","0","10","2","8","0","0","0","2","0","2","0","0","0","-2"
"228459","Texas State University","2016","Not on tenure/no tenure system, assistant professors","23","5","18","0","0","0","0","0","0","2","1","1","2","1","1","0","0","0","16","2","14","0","0","0","3","1","2","0","0","0","-2"
"228459","Texas State University","2016","Not on tenure/no tenure system, lecturers","469","212","257","1","1","0","18","8","10","7","0","7","40","14","26","0","0","0","363","172","191","4","2","2","30","11","19","6","4","2","-2"
"228459","Texas State University","2016","Not on tenure/no tenure system, no academic rank","20","7","13","0","0","0","1","1","0","2","1","1","3","1","2","0","0","0","12","4","8","0","0","0","2","0","2","0","0","0","-2"
"228723","Texas A & M University-College Station","2016","Tenured total","1584","1202","382","5","3","2","255","205","50","54","32","22","98","69","29","0","0","0","1136","865","271","4","4","0","23","18","5","9","6","3","-2"
"228723","Texas A & M University-College Station","2016","Tenured, professors","1000","819","181","3","1","2","145","125","20","25","18","7","44","33","11","0","0","0","768","630","138","2","2","0","10","7","3","3","3","0","-2"
"228723","Texas A & M University-College Station","2016","Tenured, associate professors","582","381","201","2","2","0","109","79","30","29","14","15","54","36","18","0","0","0","367","234","133","2","2","0","13","11","2","6","3","3","-2"
"228723","Texas A & M University-College Station","2016","Tenured, assistant professors","2","2","0","0","0","0","1","1","0","0","0","0","0","0","0","0","0","0","1","1","0","0","0","0","0","0","0","0","0","0","-2"
"228723","Texas A & M University-College Station","2016","On-Tenure track total","438","265","173","1","0","1","79","51","28","13","7","6","24","13","11","0","0","0","237","137","100","6","1","5","9","6","3","69","50","19","-2"
"228723","Texas A & M University-College Station","2016","On-tenure track, professors","28","22","6","0","0","0","7","6","1","0","0","0","2","1","1","0","0","0","17","13","4","0","0","0","0","0","0","2","2","0","-2"
"228723","Texas A & M University-College Station","2016","On-tenure track, associate professors","64","40","24","0","0","0","16","9","7","2","2","0","11","7","4","0","0","0","30","19","11","1","0","1","1","1","0","3","2","1","-2"
"228723","Texas A & M University-College Station","2016","On-tenure track, assistant professors","346","203","143","1","0","1","56","36","20","11","5","6","11","5","6","0","0","0","190","105","85","5","1","4","8","5","3","64","46","18","-2"
"228723","Texas A & M University-College Station","2016","Not on tenure track/No tenure system system total","1083","555","528","3","2","1","90","50","40","35","16","19","63","36","27","3","3","0","787","387","400","13","4","9","18","11","7","71","46","25","-2"
"228723","Texas A & M University-College Station","2016","Not on tenure/no tenure system, professors","85","59","26","0","0","0","10","9","1","1","0","1","1","0","1","1","1","0","69","46","23","0","0","0","1","1","0","2","2","0","-2"
"228723","Texas A & M University-College Station","2016","Not on tenure/no tenure system, associate professors","119","65","54","0","0","0","18","14","4","5","2","3","5","2","3","0","0","0","89","45","44","0","0","0","0","0","0","2","2","0","-2"
"228723","Texas A & M University-College Station","2016","Not on tenure/no tenure system, assistant professors","274","129","145","1","1","0","32","16","16","11","6","5","18","9","9","2","2","0","167","66","101","4","3","1","7","4","3","32","22","10","-2"
"228723","Texas A & M University-College Station","2016","Not on tenure/no tenure system, instructors","344","180","164","2","1","1","17","7","10","7","4","3","23","15","8","0","0","0","262","134","128","6","1","5","5","5","0","22","13","9","-2"
"228723","Texas A & M University-College Station","2016","Not on tenure/no tenure system, lecturers","261","122","139","0","0","0","13","4","9","11","4","7","16","10","6","0","0","0","200","96","104","3","0","3","5","1","4","13","7","6","-2"
"228769","The University of Texas at Arlington","2016","Tenured total","473","349","124","4","2","2","127","103","24","14","8","6","22","16","6","5","3","2","294","211","83","3","3","0","1","1","0","3","2","1","-2"
"228769","The University of Texas at Arlington","2016","Tenured, professors","230","189","41","1","1","0","70","61","9","4","3","1","6","6","0","4","2","2","143","114","29","1","1","0","0","0","0","1","1","0","-2"
"228769","The University of Texas at Arlington","2016","Tenured, associate professors","243","160","83","3","1","2","57","42","15","10","5","5","16","10","6","1","1","0","151","97","54","2","2","0","1","1","0","2","1","1","-2"
"228769","The University of Texas at Arlington","2016","On-Tenure track total","107","63","44","0","0","0","38","25","13","4","2","2","10","5","5","2","2","0","51","28","23","0","0","0","0","0","0","2","1","1","-2"
"228769","The University of Texas at Arlington","2016","On-tenure track, assistant professors","107","63","44","0","0","0","38","25","13","4","2","2","10","5","5","2","2","0","51","28","23","0","0","0","0","0","0","2","1","1","-2"
"228769","The University of Texas at Arlington","2016","Not on tenure track/No tenure system system total","372","145","227","5","1","4","26","15","11","22","1","21","19","10","9","24","9","15","267","101","166","1","1","0","6","6","0","2","1","1","-2"
"228769","The University of Texas at Arlington","2016","Not on tenure/no tenure system, lecturers","167","80","87","2","1","1","9","7","2","3","0","3","12","9","3","9","3","6","131","59","72","1","1","0","0","0","0","0","0","0","-2"
"228769","The University of Texas at Arlington","2016","Not on tenure/no tenure system, no academic rank","205","65","140","3","0","3","17","8","9","19","1","18","7","1","6","15","6","9","136","42","94","0","0","0","6","6","0","2","1","1","-2"
"228778","The University of Texas at Austin","2016","Tenured total","1512","1058","454","7","4","3","144","107","37","61","35","26","81","50","31","0","0","0","1195","850","345","12","5","7","0","0","0","12","7","5","-2"
"228778","The University of Texas at Austin","2016","Tenured, professors","990","757","233","6","4","2","87","71","16","25","18","7","49","33","16","0","0","0","813","625","188","5","2","3","0","0","0","5","4","1","-2"
"228778","The University of Texas at Austin","2016","Tenured, associate professors","522","301","221","1","0","1","57","36","21","36","17","19","32","17","15","0","0","0","382","225","157","7","3","4","0","0","0","7","3","4","-2"
"228778","The University of Texas at Austin","2016","On-Tenure track total","319","193","126","0","0","0","40","28","12","13","7","6","35","17","18","0","0","0","183","109","74","5","2","3","0","0","0","43","30","13","-2"
"228778","The University of Texas at Austin","2016","On-tenure track, associate professors","1","0","1","0","0","0","0","0","0","0","0","0","1","0","1","0","0","0","0","0","0","0","0","0","0","0","0","0","0","0","-2"
"228778","The University of Texas at Austin","2016","On-tenure track, assistant professors","318","193","125","0","0","0","40","28","12","13","7","6","34","17","17","0","0","0","183","109","74","5","2","3","0","0","0","43","30","13","-2"
"228778","The University of Texas at Austin","2016","Not on tenure track/No tenure system system total","917","413","504","1","0","1","71","31","40","26","13","13","65","19","46","0","0","0","687","317","370","12","4","8","0","0","0","55","29","26","-2"
"228778","The University of Texas at Austin","2016","Not on tenure/no tenure system, lecturers","603","289","314","1","0","1","49","22","27","14","9","5","32","10","22","0","0","0","461","226","235","7","2","5","0","0","0","39","20","19","-2"
"228778","The University of Texas at Austin","2016","Not on tenure/no tenure system, no academic rank","314","124","190","0","0","0","22","9","13","12","4","8","33","9","24","0","0","0","226","91","135","5","2","3","0","0","0","16","9","7","-2"
"228796","The University of Texas at El Paso","2016","Tenured total","346","247","99","0","0","0","49","36","13","4","4","0","97","65","32","0","0","0","190","138","52","4","3","1","0","0","0","2","1","1","-2"
"228796","The University of Texas at El Paso","2016","Tenured, professors","173","131","42","0","0","0","23","17","6","3","3","0","37","23","14","0","0","0","108","86","22","2","2","0","0","0","0","0","0","0","-2"
"228796","The University of Texas at El Paso","2016","Tenured, associate professors","173","116","57","0","0","0","26","19","7","1","1","0","60","42","18","0","0","0","82","52","30","2","1","1","0","0","0","2","1","1","-2"
"228796","The University of Texas at El Paso","2016","On-Tenure track total","157","85","72","0","0","0","34","20","14","9","4","5","30","11","19","0","0","0","64","39","25","1","1","0","0","0","0","19","10","9","-2"
"228796","The University of Texas at El Paso","2016","On-tenure track, associate professors","7","7","0","0","0","0","2","2","0","0","0","0","2","2","0","0","0","0","3","3","0","0","0","0","0","0","0","0","0","0","-2"
"228796","The University of Texas at El Paso","2016","On-tenure track, assistant professors","150","78","72","0","0","0","32","18","14","9","4","5","28","9","19","0","0","0","61","36","25","1","1","0","0","0","0","19","10","9","-2"
"228796","The University of Texas at El Paso","2016","Not on tenure track/No tenure system system total","246","99","147","1","0","1","5","1","4","6","3","3","106","41","65","1","0","1","108","45","63","1","0","1","0","0","0","18","9","9","-2"
"228796","The University of Texas at El Paso","2016","Not on tenure/no tenure system, lecturers","246","99","147","1","0","1","5","1","4","6","3","3","106","41","65","1","0","1","108","45","63","1","0","1","0","0","0","18","9","9","-2"
"229063","Texas Southern University","2016","Tenured total","199","117","82","0","0","0","30","19","11","121","68","53","6","4","2","0","0","0","26","16","10","0","0","0","0","0","0","16","10","6","-2"
"229063","Texas Southern University","2016","Tenured, professors","136","85","51","0","0","0","22","14","8","80","46","34","5","4","1","0","0","0","19","15","4","0","0","0","0","0","0","10","6","4","-2"
"229063","Texas Southern University","2016","Tenured, associate professors","62","31","31","0","0","0","8","5","3","40","21","19","1","0","1","0","0","0","7","1","6","0","0","0","0","0","0","6","4","2","-2"
"229063","Texas Southern University","2016","Tenured, assistant professors","1","1","0","0","0","0","0","0","0","1","1","0","0","0","0","0","0","0","0","0","0","0","0","0","0","0","0","0","0","0","-2"
"229063","Texas Southern University","2016","On-Tenure track total","89","36","53","0","0","0","14","9","5","60","17","43","1","1","0","0","0","0","13","8","5","0","0","0","0","0","0","1","1","0","-2"
"229063","Texas Southern University","2016","On-tenure track, associate professors","31","11","20","0","0","0","3","0","3","20","6","14","1","1","0","0","0","0","7","4","3","0","0","0","0","0","0","0","0","0","-2"
"229063","Texas Southern University","2016","On-tenure track, assistant professors","58","25","33","0","0","0","11","9","2","40","11","29","0","0","0","0","0","0","6","4","2","0","0","0","0","0","0","1","1","0","-2"
"229063","Texas Southern University","2016","Not on tenure track/No tenure system system total","100","51","49","1","1","0","2","2","0","81","38","43","6","3","3","0","0","0","7","5","2","1","1","0","0","0","0","2","1","1","-2"
"229063","Texas Southern University","2016","Not on tenure/no tenure system, instructors","4","2","2","0","0","0","0","0","0","2","2","0","1","0","1","0","0","0","0","0","0","0","0","0","0","0","0","1","0","1","-2"
"229063","Texas Southern University","2016","Not on tenure/no tenure system, no academic rank","96","49","47","1","1","0","2","2","0","79","36","43","5","3","2","0","0","0","7","5","2","1","1","0","0","0","0","1","1","0","-2"
"229115","Texas Tech University","2016","Tenured total","756","532","224","3","2","1","46","37","9","21","10","11","42","26","16","1","1","0","528","375","153","4","4","0","0","0","0","111","77","34","-2"
"229115","Texas Tech University","2016","Tenured, professors","358","282","76","2","1","1","32","26","6","12","7","5","15","11","4","1","1","0","261","205","56","3","3","0","0","0","0","32","28","4","-2"
"229115","Texas Tech University","2016","Tenured, associate professors","357","228","129","1","1","0","13","10","3","8","2","6","25","14","11","0","0","0","233","154","79","1","1","0","0","0","0","76","46","30","-2"
"229115","Texas Tech University","2016","Tenured, assistant professors","4","4","0","0","0","0","0","0","0","1","1","0","0","0","0","0","0","0","1","1","0","0","0","0","0","0","0","2","2","0","-2"
"229115","Texas Tech University","2016","Tenured, no academic rank","37","18","19","0","0","0","1","1","0","0","0","0","2","1","1","0","0","0","33","15","18","0","0","0","0","0","0","1","1","0","-2"
"229115","Texas Tech University","2016","On-Tenure track total","318","188","130","1","1","0","9","6","3","8","5","3","16","7","9","0","0","0","179","98","81","4","3","1","0","0","0","101","68","33","-2"
"229115","Texas Tech University","2016","On-tenure track, professors","1","0","1","0","0","0","0","0","0","0","0","0","0","0","0","0","0","0","1","0","1","0","0","0","0","0","0","0","0","0","-2"
"229115","Texas Tech University","2016","On-tenure track, associate professors","25","16","9","1","1","0","4","2","2","0","0","0","0","0","0","0","0","0","14","7","7","0","0","0","0","0","0","6","6","0","-2"
"229115","Texas Tech University","2016","On-tenure track, assistant professors","281","167","114","0","0","0","5","4","1","7","5","2","14","7","7","0","0","0","158","87","71","4","3","1","0","0","0","93","61","32","-2"
"229115","Texas Tech University","2016","On-tenure track, no academic rank","11","5","6","0","0","0","0","0","0","1","0","1","2","0","2","0","0","0","6","4","2","0","0","0","0","0","0","2","1","1","-2"
"229115","Texas Tech University","2016","Not on tenure track/No tenure system system total","423","178","245","2","1","1","13","7","6","8","2","6","39","14","25","0","0","0","280","111","169","4","1","3","1","0","1","76","42","34","-2"
"229115","Texas Tech University","2016","Not on tenure/no tenure system, professors","17","14","3","1","0","1","0","0","0","0","0","0","1","1","0","0","0","0","13","11","2","0","0","0","0","0","0","2","2","0","-2"
"229115","Texas Tech University","2016","Not on tenure/no tenure system, associate professors","20","14","6","0","0","0","2","2","0","0","0","0","1","1","0","0","0","0","9","4","5","1","1","0","0","0","0","7","6","1","-2"
"229115","Texas Tech University","2016","Not on tenure/no tenure system, assistant professors","81","38","43","0","0","0","3","3","0","3","1","2","5","2","3","0","0","0","40","17","23","1","0","1","0","0","0","29","15","14","-2"
"229115","Texas Tech University","2016","Not on tenure/no tenure system, instructors","297","108","189","1","1","0","7","1","6","5","1","4","30","10","20","0","0","0","214","77","137","2","0","2","1","0","1","37","18","19","-2"
"229115","Texas Tech University","2016","Not on tenure/no tenure system, no academic rank","8","4","4","0","0","0","1","1","0","0","0","0","2","0","2","0","0","0","4","2","2","0","0","0","0","0","0","1","1","0","-2"
"230728","Utah State University","2016","Tenured total","482","349","133","0","0","0","29","19","10","2","2","0","16","7","9","0","0","0","431","318","113","2","1","1","2","2","0","0","0","0","-2"
"230728","Utah State University","2016","Tenured, professors","239","183","56","0","0","0","12","10","2","1","1","0","6","3","3","0","0","0","217","167","50","2","1","1","1","1","0","0","0","0","-2"
"230728","Utah State University","2016","Tenured, associate professors","241","164","77","0","0","0","17","9","8","1","1","0","10","4","6","0","0","0","212","149","63","0","0","0","1","1","0","0","0","0","-2"
"230728","Utah State University","2016","Tenured, assistant professors","1","1","0","0","0","0","0","0","0","0","0","0","0","0","0","0","0","0","1","1","0","0","0","0","0","0","0","0","0","0","-2"
"230728","Utah State University","2016","Tenured, instructors","1","1","0","0","0","0","0","0","0","0","0","0","0","0","0","0","0","0","1","1","0","0","0","0","0","0","0","0","0","0","-2"
"230728","Utah State University","2016","On-Tenure track total","222","126","96","1","0","1","21","12","9","1","0","1","14","9","5","0","0","0","142","78","64","5","2","3","35","23","12","3","2","1","-2"
"230728","Utah State University","2016","On-tenure track, associate professors","5","4","1","0","0","0","2","2","0","0","0","0","0","0","0","0","0","0","3","2","1","0","0","0","0","0","0","0","0","0","-2"
"230728","Utah State University","2016","On-tenure track, assistant professors","213","118","95","1","0","1","19","10","9","1","0","1","14","9","5","0","0","0","135","72","63","5","2","3","35","23","12","3","2","1","-2"
"230728","Utah State University","2016","On-tenure track, instructors","4","4","0","0","0","0","0","0","0","0","0","0","0","0","0","0","0","0","4","4","0","0","0","0","0","0","0","0","0","0","-2"
"230728","Utah State University","2016","Not on tenure track/No tenure system system total","223","106","117","3","1","2","3","1","2","3","1","2","4","2","2","0","0","0","197","92","105","1","0","1","11","8","3","1","1","0","-2"
"230728","Utah State University","2016","Not on tenure/no tenure system, professors","9","7","2","0","0","0","0","0","0","0","0","0","0","0","0","0","0","0","7","5","2","0","0","0","2","2","0","0","0","0","-2"
"230728","Utah State University","2016","Not on tenure/no tenure system, associate professors","11","5","6","0","0","0","0","0","0","0","0","0","0","0","0","0","0","0","11","5","6","0","0","0","0","0","0","0","0","0","-2"
"230728","Utah State University","2016","Not on tenure/no tenure system, assistant professors","62","26","36","1","0","1","0","0","0","1","0","1","1","1","0","0","0","0","54","21","33","0","0","0","5","4","1","0","0","0","-2"
"230728","Utah State University","2016","Not on tenure/no tenure system, instructors","23","7","16","1","1","0","0","0","0","0","0","0","0","0","0","0","0","0","22","6","16","0","0","0","0","0","0","0","0","0","-2"
"230728","Utah State University","2016","Not on tenure/no tenure system, lecturers","118","61","57","1","0","1","3","1","2","2","1","1","3","1","2","0","0","0","103","55","48","1","0","1","4","2","2","1","1","0","-2"
"230764","University of Utah","2016","Tenured total","784","543","241","2","1","1","80","66","14","10","5","5","29","19","10","0","0","0","617","418","199","4","2","2","35","26","9","7","6","1","-2"
"230764","University of Utah","2016","Tenured, professors","500","379","121","2","1","1","55","45","10","4","2","2","14","10","4","0","0","0","402","304","98","2","1","1","16","12","4","5","4","1","-2"
"230764","University of Utah","2016","Tenured, associate professors","284","164","120","0","0","0","25","21","4","6","3","3","15","9","6","0","0","0","215","114","101","2","1","1","19","14","5","2","2","0","-2"
"230764","University of Utah","2016","On-Tenure track total","310","174","136","0","0","0","43","23","20","6","2","4","19","7","12","0","0","0","186","106","80","7","4","3","22","17","5","27","15","12","-2"
"230764","University of Utah","2016","On-tenure track, professors","4","3","1","0","0","0","0","0","0","0","0","0","1","1","0","0","0","0","2","1","1","0","0","0","0","0","0","1","1","0","-2"
"230764","University of Utah","2016","On-tenure track, associate professors","38","19","19","0","0","0","3","1","2","0","0","0","3","1","2","0","0","0","28","14","14","0","0","0","3","3","0","1","0","1","-2"
"230764","University of Utah","2016","On-tenure track, assistant professors","268","152","116","0","0","0","40","22","18","6","2","4","15","5","10","0","0","0","156","91","65","7","4","3","19","14","5","25","14","11","-2"
"230764","University of Utah","2016","Not on tenure track/No tenure system system total","603","321","282","2","1","1","23","10","13","2","1","1","18","11","7","1","0","1","482","251","231","9","3","6","44","28","16","22","16","6","-2"
"230764","University of Utah","2016","Not on tenure/no tenure system, lecturers","556","304","252","2","1","1","22","10","12","2","1","1","17","10","7","1","0","1","442","238","204","8","3","5","42","26","16","20","15","5","-2"
"230764","University of Utah","2016","Not on tenure/no tenure system, no academic rank","47","17","30","0","0","0","1","0","1","0","0","0","1","1","0","0","0","0","40","13","27","1","0","1","2","2","0","2","1","1","-2"
"230913","Northern Vermont University","2016","Tenured total","25","16","9","0","0","0","0","0","0","0","0","0","0","0","0","0","0","0","24","16","8","1","0","1","0","0","0","0","0","0","-2"
"230913","Northern Vermont University","2016","Tenured, professors","21","14","7","0","0","0","0","0","0","0","0","0","0","0","0","0","0","0","20","14","6","1","0","1","0","0","0","0","0","0","-2"
"230913","Northern Vermont University","2016","Tenured, associate professors","4","2","2","0","0","0","0","0","0","0","0","0","0","0","0","0","0","0","4","2","2","0","0","0","0","0","0","0","0","0","-2"
"230913","Northern Vermont University","2016","On-Tenure track total","15","9","6","0","0","0","0","0","0","0","0","0","0","0","0","0","0","0","8","4","4","0","0","0","7","5","2","0","0","0","-2"
"230913","Northern Vermont University","2016","On-tenure track, associate professors","9","5","4","0","0","0","0","0","0","0","0","0","0","0","0","0","0","0","7","4","3","0","0","0","2","1","1","0","0","0","-2"
"230913","Northern Vermont University","2016","On-tenure track, assistant professors","6","4","2","0","0","0","0","0","0","0","0","0","0","0","0","0","0","0","1","0","1","0","0","0","5","4","1","0","0","0","-2"
"230913","Northern Vermont University","2016","Not on tenure track/No tenure system system total","2","1","1","0","0","0","0","0","0","0","0","0","0","0","0","0","0","0","1","0","1","0","0","0","1","1","0","0","0","0","-2"
"230913","Northern Vermont University","2016","Not on tenure/no tenure system, assistant professors","2","1","1","0","0","0","0","0","0","0","0","0","0","0","0","0","0","0","1","0","1","0","0","0","1","1","0","0","0","0","-2"
"232186","George Mason University","2016","Tenured total","675","443","232","1","1","0","89","67","22","26","12","14","17","11","6","0","0","0","493","319","174","7","5","2","39","27","12","3","1","2","-2"
"232186","George Mason University","2016","Tenured, professors","338","256","82","1","1","0","38","32","6","11","5","6","7","6","1","0","0","0","261","196","65","2","2","0","17","13","4","1","1","0","-2"
"232186","George Mason University","2016","Tenured, associate professors","337","187","150","0","0","0","51","35","16","15","7","8","10","5","5","0","0","0","232","123","109","5","3","2","22","14","8","2","0","2","-2"
"232186","George Mason University","2016","On-Tenure track total","201","117","84","1","1","0","27","13","14","10","6","4","5","3","2","0","0","0","95","54","41","7","4","3","28","18","10","28","18","10","-2"
"232186","George Mason University","2016","On-tenure track, professors","1","1","0","0","0","0","0","0","0","0","0","0","0","0","0","0","0","0","1","1","0","0","0","0","0","0","0","0","0","0","-2"
"232186","George Mason University","2016","On-tenure track, associate professors","12","8","4","0","0","0","3","1","2","1","1","0","0","0","0","0","0","0","6","5","1","0","0","0","2","1","1","0","0","0","-2"
"232186","George Mason University","2016","On-tenure track, assistant professors","188","108","80","1","1","0","24","12","12","9","5","4","5","3","2","0","0","0","88","48","40","7","4","3","26","17","9","28","18","10","-2"
"232186","George Mason University","2016","Not on tenure track/No tenure system system total","399","166","233","1","1","0","26","15","11","22","6","16","12","5","7","0","0","0","292","118","174","4","1","3","29","15","14","13","5","8","-2"
"232186","George Mason University","2016","Not on tenure/no tenure system, professors","23","13","10","0","0","0","1","1","0","1","1","0","0","0","0","0","0","0","18","9","9","0","0","0","3","2","1","0","0","0","-2"
"232186","George Mason University","2016","Not on tenure/no tenure system, associate professors","83","37","46","0","0","0","6","2","4","5","1","4","1","1","0","0","0","0","63","27","36","2","1","1","5","4","1","1","1","0","-2"
"232186","George Mason University","2016","Not on tenure/no tenure system, assistant professors","191","74","117","1","1","0","13","9","4","10","2","8","7","2","5","0","0","0","132","48","84","2","0","2","15","8","7","11","4","7","-2"
"232186","George Mason University","2016","Not on tenure/no tenure system, instructors","102","42","60","0","0","0","6","3","3","6","2","4","4","2","2","0","0","0","79","34","45","0","0","0","6","1","5","1","0","1","-2"
"232265","Hampton University","2016","Tenured total","72","41","31","0","0","0","12","9","3","43","19","24","4","2","2","0","0","0","13","11","2","0","0","0","0","0","0","0","0","0","-2"
"232265","Hampton University","2016","Tenured, professors","37","25","12","0","0","0","7","7","0","21","10","11","3","2","1","0","0","0","6","6","0","0","0","0","0","0","0","0","0","0","-2"
"232265","Hampton University","2016","Tenured, associate professors","33","14","19","0","0","0","5","2","3","22","9","13","1","0","1","0","0","0","5","3","2","0","0","0","0","0","0","0","0","0","-2"
"232265","Hampton University","2016","Tenured, assistant professors","2","2","0","0","0","0","0","0","0","0","0","0","0","0","0","0","0","0","2","2","0","0","0","0","0","0","0","0","0","0","-2"
"232265","Hampton University","2016","On-Tenure track total","29","16","13","0","0","0","4","3","1","19","8","11","0","0","0","1","0","1","5","5","0","0","0","0","0","0","0","0","0","0","-2"
"232265","Hampton University","2016","On-tenure track, professors","1","1","0","0","0","0","1","1","0","0","0","0","0","0","0","0","0","0","0","0","0","0","0","0","0","0","0","0","0","0","-2"
"232265","Hampton University","2016","On-tenure track, associate professors","8","3","5","0","0","0","0","0","0","8","3","5","0","0","0","0","0","0","0","0","0","0","0","0","0","0","0","0","0","0","-2"
"232265","Hampton University","2016","On-tenure track, assistant professors","20","12","8","0","0","0","3","2","1","11","5","6","0","0","0","1","0","1","5","5","0","0","0","0","0","0","0","0","0","0","-2"
"232265","Hampton University","2016","Not on tenure track/No tenure system system total","159","61","98","0","0","0","17","8","9","109","38","71","2","1","1","1","0","1","30","14","16","0","0","0","0","0","0","0","0","0","-2"
"232265","Hampton University","2016","Not on tenure/no tenure system, professors","2","2","0","0","0","0","1","1","0","1","1","0","0","0","0","0","0","0","0","0","0","0","0","0","0","0","0","0","0","0","-2"
"232265","Hampton University","2016","Not on tenure/no tenure system, associate professors","15","7","8","0","0","0","1","0","1","9","4","5","0","0","0","0","0","0","5","3","2","0","0","0","0","0","0","0","0","0","-2"
"232265","Hampton University","2016","Not on tenure/no tenure system, assistant professors","93","26","67","0","0","0","8","6","2","66","16","50","2","1","1","1","0","1","16","3","13","0","0","0","0","0","0","0","0","0","-2"
"232265","Hampton University","2016","Not on tenure/no tenure system, instructors","3","0","3","0","0","0","0","0","0","3","0","3","0","0","0","0","0","0","0","0","0","0","0","0","0","0","0","0","0","0","-2"
"232265","Hampton University","2016","Not on tenure/no tenure system, lecturers","3","1","2","0","0","0","1","1","0","2","0","2","0","0","0","0","0","0","0","0","0","0","0","0","0","0","0","0","0","0","-2"
"232265","Hampton University","2016","Not on tenure/no tenure system, no academic rank","43","25","18","0","0","0","6","0","6","28","17","11","0","0","0","0","0","0","9","8","1","0","0","0","0","0","0","0","0","0","-2"
"232982","Old Dominion University","2016","Tenured total","405","282","123","2","1","1","52","38","14","19","12","7","12","9","3","0","0","0","246","167","79","0","0","0","55","40","15","19","15","4","-2"
"232982","Old Dominion University","2016","Tenured, professors","206","163","43","1","0","1","24","21","3","10","7","3","6","6","0","0","0","0","121","92","29","0","0","0","32","26","6","12","11","1","-2"
"232982","Old Dominion University","2016","Tenured, associate professors","199","119","80","1","1","0","28","17","11","9","5","4","6","3","3","0","0","0","125","75","50","0","0","0","23","14","9","7","4","3","-2"
"232982","Old Dominion University","2016","On-Tenure track total","180","97","83","0","0","0","26","19","7","15","5","10","7","4","3","0","0","0","101","51","50","1","1","0","1","0","1","29","17","12","-2"
"232982","Old Dominion University","2016","On-tenure track, professors","3","3","0","0","0","0","1","1","0","1","1","0","0","0","0","0","0","0","1","1","0","0","0","0","0","0","0","0","0","0","-2"
"232982","Old Dominion University","2016","On-tenure track, associate professors","18","10","8","0","0","0","4","2","2","4","1","3","1","1","0","0","0","0","8","5","3","0","0","0","0","0","0","1","1","0","-2"
"232982","Old Dominion University","2016","On-tenure track, assistant professors","159","84","75","0","0","0","21","16","5","10","3","7","6","3","3","0","0","0","92","45","47","1","1","0","1","0","1","28","16","12","-2"
"232982","Old Dominion University","2016","Not on tenure track/No tenure system system total","249","85","164","0","0","0","11","4","7","17","0","17","9","4","5","0","0","0","178","61","117","3","1","2","25","12","13","6","3","3","-2"
"232982","Old Dominion University","2016","Not on tenure/no tenure system, professors","1","0","1","0","0","0","0","0","0","0","0","0","0","0","0","0","0","0","1","0","1","0","0","0","0","0","0","0","0","0","-2"
"232982","Old Dominion University","2016","Not on tenure/no tenure system, associate professors","5","4","1","0","0","0","1","1","0","0","0","0","0","0","0","0","0","0","3","2","1","0","0","0","0","0","0","1","1","0","-2"
"232982","Old Dominion University","2016","Not on tenure/no tenure system, assistant professors","16","9","7","0","0","0","0","0","0","1","0","1","0","0","0","0","0","0","12","7","5","1","0","1","1","1","0","1","1","0","-2"
"232982","Old Dominion University","2016","Not on tenure/no tenure system, instructors","10","5","5","0","0","0","0","0","0","1","0","1","0","0","0","0","0","0","7","3","4","0","0","0","2","2","0","0","0","0","-2"
"232982","Old Dominion University","2016","Not on tenure/no tenure system, lecturers","217","67","150","0","0","0","10","3","7","15","0","15","9","4","5","0","0","0","155","49","106","2","1","1","22","9","13","4","1","3","-2"
"233921","Virginia Polytechnic Institute and State University","2016","Tenured total","1030","762","268","5","3","2","124","101","23","29","20","9","31","25","6","1","0","1","836","611","225","3","1","2","0","0","0","1","1","0","-2"
"233921","Virginia Polytechnic Institute and State University","2016","Tenured, professors","569","467","102","1","0","1","72","64","8","12","9","3","16","14","2","1","0","1","465","379","86","2","1","1","0","0","0","0","0","0","-2"
"233921","Virginia Polytechnic Institute and State University","2016","Tenured, associate professors","461","295","166","4","3","1","52","37","15","17","11","6","15","11","4","0","0","0","371","232","139","1","0","1","0","0","0","1","1","0","-2"
"233921","Virginia Polytechnic Institute and State University","2016","On-Tenure track total","390","245","145","1","1","0","60","40","20","9","3","6","12","8","4","1","1","0","239","144","95","3","3","0","0","0","0","65","45","20","-2"
"233921","Virginia Polytechnic Institute and State University","2016","On-tenure track, professors","1","1","0","0","0","0","1","1","0","0","0","0","0","0","0","0","0","0","0","0","0","0","0","0","0","0","0","0","0","0","-2"
"233921","Virginia Polytechnic Institute and State University","2016","On-tenure track, associate professors","22","21","1","0","0","0","3","3","0","0","0","0","0","0","0","0","0","0","17","16","1","0","0","0","0","0","0","2","2","0","-2"
"233921","Virginia Polytechnic Institute and State University","2016","On-tenure track, assistant professors","367","223","144","1","1","0","56","36","20","9","3","6","12","8","4","1","1","0","222","128","94","3","3","0","0","0","0","63","43","20","-2"
"233921","Virginia Polytechnic Institute and State University","2016","Not on tenure track/No tenure system system total","324","163","161","0","0","0","14","6","8","9","6","3","14","3","11","0","0","0","271","136","135","3","2","1","0","0","0","13","10","3","-2"
"233921","Virginia Polytechnic Institute and State University","2016","Not on tenure/no tenure system, professors","7","7","0","0","0","0","0","0","0","0","0","0","0","0","0","0","0","0","7","7","0","0","0","0","0","0","0","0","0","0","-2"
"233921","Virginia Polytechnic Institute and State University","2016","Not on tenure/no tenure system, associate professors","28","13","15","0","0","0","0","0","0","1","1","0","0","0","0","0","0","0","27","12","15","0","0","0","0","0","0","0","0","0","-2"
"233921","Virginia Polytechnic Institute and State University","2016","Not on tenure/no tenure system, assistant professors","64","37","27","0","0","0","3","3","0","3","1","2","4","2","2","0","0","0","50","29","21","0","0","0","0","0","0","4","2","2","-2"
"233921","Virginia Polytechnic Institute and State University","2016","Not on tenure/no tenure system, instructors","225","106","119","0","0","0","11","3","8","5","4","1","10","1","9","0","0","0","187","88","99","3","2","1","0","0","0","9","8","1","-2"
"234076","University of Virginia-Main Campus","2016","Tenured total","1052","769","283","0","0","0","85","60","25","46","29","17","25","19","6","0","0","0","877","651","226","9","4","5","1","1","0","9","5","4","-2"
"234076","University of Virginia-Main Campus","2016","Tenured, professors","693","555","138","0","0","0","51","45","6","18","15","3","12","11","1","0","0","0","604","481","123","2","0","2","0","0","0","6","3","3","-2"
"234076","University of Virginia-Main Campus","2016","Tenured, associate professors","359","214","145","0","0","0","34","15","19","28","14","14","13","8","5","0","0","0","273","170","103","7","4","3","1","1","0","3","2","1","-2"
"234076","University of Virginia-Main Campus","2016","On-Tenure track total","387","238","149","0","0","0","48","31","17","14","6","8","22","13","9","1","1","0","259","156","103","3","1","2","0","0","0","40","30","10","-2"
"234076","University of Virginia-Main Campus","2016","On-tenure track, associate professors","72","53","19","0","0","0","10","10","0","1","1","0","2","1","1","0","0","0","57","40","17","1","1","0","0","0","0","1","0","1","-2"
"234076","University of Virginia-Main Campus","2016","On-tenure track, assistant professors","315","185","130","0","0","0","38","21","17","13","5","8","20","12","8","1","1","0","202","116","86","2","0","2","0","0","0","39","30","9","-2"
"234076","University of Virginia-Main Campus","2016","Not on tenure track/No tenure system system total","778","392","386","2","1","1","61","29","32","21","9","12","25","13","12","0","0","0","619","319","300","5","2","3","0","0","0","45","19","26","-2"
"234076","University of Virginia-Main Campus","2016","Not on tenure/no tenure system, professors","78","47","31","0","0","0","1","0","1","0","0","0","0","0","0","0","0","0","77","47","30","0","0","0","0","0","0","0","0","0","-2"
"234076","University of Virginia-Main Campus","2016","Not on tenure/no tenure system, associate professors","208","119","89","0","0","0","13","8","5","10","5","5","4","2","2","0","0","0","179","103","76","2","1","1","0","0","0","0","0","0","-2"
"234076","University of Virginia-Main Campus","2016","Not on tenure/no tenure system, assistant professors","265","118","147","1","1","0","31","16","15","6","2","4","10","4","6","0","0","0","205","89","116","1","1","0","0","0","0","11","5","6","-2"
"234076","University of Virginia-Main Campus","2016","Not on tenure/no tenure system, instructors","31","21","10","0","0","0","3","1","2","0","0","0","2","1","1","0","0","0","22","16","6","0","0","0","0","0","0","4","3","1","-2"
"234076","University of Virginia-Main Campus","2016","Not on tenure/no tenure system, lecturers","196","87","109","1","0","1","13","4","9","5","2","3","9","6","3","0","0","0","136","64","72","2","0","2","0","0","0","30","11","19","-2"
"236939","Washington State University","2016","Tenured total","639","428","211","3","2","1","83","68","15","8","6","2","20","11","9","3","2","1","413","263","150","9","4","5","97","70","27","3","2","1","-2"
"236939","Washington State University","2016","Tenured, professors","338","248","90","1","1","0","41","36","5","2","2","0","10","7","3","3","2","1","232","167","65","6","3","3","42","29","13","1","1","0","-2"
"236939","Washington State University","2016","Tenured, associate professors","301","180","121","2","1","1","42","32","10","6","4","2","10","4","6","0","0","0","181","96","85","3","1","2","55","41","14","2","1","1","-2"
"236939","Washington State University","2016","On-Tenure track total","247","145","102","0","0","0","22","14","8","1","1","0","2","2","0","0","0","0","88","40","48","2","0","2","100","69","31","32","19","13","-2"
"236939","Washington State University","2016","On-tenure track, professors","2","1","1","0","0","0","0","0","0","0","0","0","0","0","0","0","0","0","1","0","1","0","0","0","1","1","0","0","0","0","-2"
"236939","Washington State University","2016","On-tenure track, associate professors","10","8","2","0","0","0","0","0","0","0","0","0","0","0","0","0","0","0","5","3","2","0","0","0","5","5","0","0","0","0","-2"
"236939","Washington State University","2016","On-tenure track, assistant professors","235","136","99","0","0","0","22","14","8","1","1","0","2","2","0","0","0","0","82","37","45","2","0","2","94","63","31","32","19","13","-2"
"236939","Washington State University","2016","Not on tenure track/No tenure system system total","482","205","277","2","0","2","20","5","15","3","1","2","26","11","15","0","0","0","287","119","168","3","1","2","113","53","60","28","15","13","-2"
"236939","Washington State University","2016","Not on tenure/no tenure system, instructors","176","60","116","0","0","0","7","1","6","2","0","2","11","4","7","0","0","0","104","33","71","2","1","1","42","18","24","8","3","5","-2"
"236939","Washington State University","2016","Not on tenure/no tenure system, lecturers","4","1","3","0","0","0","0","0","0","0","0","0","0","0","0","0","0","0","2","1","1","0","0","0","2","0","2","0","0","0","-2"
"236939","Washington State University","2016","Not on tenure/no tenure system, no academic rank","302","144","158","2","0","2","13","4","9","1","1","0","15","7","8","0","0","0","181","85","96","1","0","1","69","35","34","20","12","8","-2"
"236948","University of Washington-Seattle Campus","2016","Tenured total","2052","1332","720","9","4","5","183","118","65","30","14","16","57","34","23","0","0","0","1333","856","477","27","13","14","59","43","16","354","250","104","-2"
"236948","University of Washington-Seattle Campus","2016","Tenured, professors","1255","875","380","4","2","2","91","65","26","16","10","6","25","17","8","0","0","0","890","607","283","8","7","1","27","23","4","194","144","50","-2"
"236948","University of Washington-Seattle Campus","2016","Tenured, associate professors","797","457","340","5","2","3","92","53","39","14","4","10","32","17","15","0","0","0","443","249","194","19","6","13","32","20","12","160","106","54","-2"
"236948","University of Washington-Seattle Campus","2016","On-Tenure track total","659","333","326","5","0","5","68","27","41","10","4","6","16","9","7","1","0","1","329","163","166","12","4","8","43","25","18","175","101","74","-2"
"236948","University of Washington-Seattle Campus","2016","On-tenure track, associate professors","10","9","1","0","0","0","0","0","0","0","0","0","0","0","0","0","0","0","4","4","0","0","0","0","1","1","0","5","4","1","-2"
"236948","University of Washington-Seattle Campus","2016","On-tenure track, assistant professors","649","324","325","5","0","5","68","27","41","10","4","6","16","9","7","1","0","1","325","159","166","12","4","8","42","24","18","170","97","73","-2"
"236948","University of Washington-Seattle Campus","2016","Not on tenure track/No tenure system system total","1076","494","582","0","0","0","106","44","62","18","8","10","43","17","26","2","2","0","601","278","323","26","7","19","94","37","57","186","101","85","-2"
"236948","University of Washington-Seattle Campus","2016","Not on tenure/no tenure system, professors","34","26","8","0","0","0","0","0","0","0","0","0","1","1","0","0","0","0","29","22","7","0","0","0","0","0","0","4","3","1","-2"
"236948","University of Washington-Seattle Campus","2016","Not on tenure/no tenure system, associate professors","52","35","17","0","0","0","7","5","2","0","0","0","1","1","0","0","0","0","25","17","8","0","0","0","3","2","1","16","10","6","-2"
"236948","University of Washington-Seattle Campus","2016","Not on tenure/no tenure system, assistant professors","229","122","107","0","0","0","41","20","21","4","2","2","12","3","9","1","1","0","94","47","47","2","1","1","20","10","10","55","38","17","-2"
"236948","University of Washington-Seattle Campus","2016","Not on tenure/no tenure system, instructors","169","92","77","0","0","0","16","6","10","2","1","1","6","5","1","1","1","0","81","41","40","4","2","2","18","10","8","41","26","15","-2"
"236948","University of Washington-Seattle Campus","2016","Not on tenure/no tenure system, lecturers","592","219","373","0","0","0","42","13","29","12","5","7","23","7","16","0","0","0","372","151","221","20","4","16","53","15","38","70","24","46","-2"
"237057","Whitman College","2016","Tenured total","73","46","27","1","0","1","5","2","3","3","1","2","1","1","0","0","0","0","63","42","21","0","0","0","0","0","0","0","0","0","-2"
"237057","Whitman College","2016","Tenured, professors","31","21","10","1","0","1","1","0","1","0","0","0","0","0","0","0","0","0","29","21","8","0","0","0","0","0","0","0","0","0","-2"
"237057","Whitman College","2016","Tenured, associate professors","41","24","17","0","0","0","3","1","2","3","1","2","1","1","0","0","0","0","34","21","13","0","0","0","0","0","0","0","0","0","-2"
"237057","Whitman College","2016","Tenured, assistant professors","1","1","0","0","0","0","1","1","0","0","0","0","0","0","0","0","0","0","0","0","0","0","0","0","0","0","0","0","0","0","-2"
"237057","Whitman College","2016","On-Tenure track total","57","22","35","0","0","0","6","1","5","0","0","0","1","1","0","0","0","0","44","17","27","0","0","0","2","2","0","4","1","3","-2"
"237057","Whitman College","2016","On-tenure track, associate professors","7","3","4","0","0","0","1","0","1","0","0","0","0","0","0","0","0","0","6","3","3","0","0","0","0","0","0","0","0","0","-2"
"237057","Whitman College","2016","On-tenure track, assistant professors","50","19","31","0","0","0","5","1","4","0","0","0","1","1","0","0","0","0","38","14","24","0","0","0","2","2","0","4","1","3","-2"
"237057","Whitman College","2016","Not on tenure track/No tenure system system total","56","34","22","0","0","0","2","2","0","0","0","0","1","0","1","1","1","0","45","26","19","0","0","0","1","0","1","6","5","1","-2"
"237057","Whitman College","2016","Not on tenure/no tenure system, assistant professors","21","13","8","0","0","0","0","0","0","0","0","0","1","0","1","0","0","0","15","9","6","0","0","0","0","0","0","5","4","1","-2"
"237057","Whitman College","2016","Not on tenure/no tenure system, instructors","11","6","5","0","0","0","2","2","0","0","0","0","0","0","0","0","0","0","8","4","4","0","0","0","1","0","1","0","0","0","-2"
"237057","Whitman College","2016","Not on tenure/no tenure system, lecturers","24","15","9","0","0","0","0","0","0","0","0","0","0","0","0","1","1","0","22","13","9","0","0","0","0","0","0","1","1","0","-2"
"237525","Marshall University","2016","Tenured total","381","232","149","1","0","1","37","26","11","9","7","2","7","4","3","0","0","0","318","193","125","0","0","0","1","0","1","8","2","6","-2"
"237525","Marshall University","2016","Tenured, professors","226","149","77","1","0","1","22","17","5","7","6","1","6","3","3","0","0","0","186","123","63","0","0","0","0","0","0","4","0","4","-2"
"237525","Marshall University","2016","Tenured, associate professors","153","83","70","0","0","0","15","9","6","2","1","1","1","1","0","0","0","0","130","70","60","0","0","0","1","0","1","4","2","2","-2"
"237525","Marshall University","2016","Tenured, assistant professors","2","0","2","0","0","0","0","0","0","0","0","0","0","0","0","0","0","0","2","0","2","0","0","0","0","0","0","0","0","0","-2"
"237525","Marshall University","2016","On-Tenure track total","189","95","94","0","0","0","28","19","9","5","3","2","2","0","2","0","0","0","139","64","75","0","0","0","13","8","5","2","1","1","-2"
"237525","Marshall University","2016","On-tenure track, professors","7","7","0","0","0","0","1","1","0","0","0","0","0","0","0","0","0","0","4","4","0","0","0","0","2","2","0","0","0","0","-2"
"237525","Marshall University","2016","On-tenure track, associate professors","32","13","19","0","0","0","6","2","4","1","1","0","0","0","0","0","0","0","23","9","14","0","0","0","2","1","1","0","0","0","-2"
"237525","Marshall University","2016","On-tenure track, assistant professors","150","75","75","0","0","0","21","16","5","4","2","2","2","0","2","0","0","0","112","51","61","0","0","0","9","5","4","2","1","1","-2"
"237525","Marshall University","2016","Not on tenure track/No tenure system system total","239","128","111","0","0","0","17","10","7","7","3","4","4","1","3","0","0","0","188","102","86","0","0","0","18","8","10","5","4","1","-2"
"237525","Marshall University","2016","Not on tenure/no tenure system, professors","9","5","4","0","0","0","1","0","1","0","0","0","0","0","0","0","0","0","7","4","3","0","0","0","1","1","0","0","0","0","-2"
"237525","Marshall University","2016","Not on tenure/no tenure system, associate professors","24","18","6","0","0","0","1","1","0","3","2","1","1","0","1","0","0","0","18","14","4","0","0","0","1","1","0","0","0","0","-2"
"237525","Marshall University","2016","Not on tenure/no tenure system, assistant professors","117","70","47","0","0","0","12","8","4","3","1","2","2","1","1","0","0","0","88","53","35","0","0","0","10","5","5","2","2","0","-2"
"237525","Marshall University","2016","Not on tenure/no tenure system, instructors","89","35","54","0","0","0","3","1","2","1","0","1","1","0","1","0","0","0","75","31","44","0","0","0","6","1","5","3","2","1","-2"
"239512","Northland College","2016","Tenured total","25","17","8","0","0","0","1","1","0","0","0","0","0","0","0","0","0","0","24","16","8","0","0","0","0","0","0","0","0","0","-2"
"239512","Northland College","2016","Tenured, professors","16","12","4","0","0","0","1","1","0","0","0","0","0","0","0","0","0","0","15","11","4","0","0","0","0","0","0","0","0","0","-2"
"239512","Northland College","2016","Tenured, associate professors","9","5","4","0","0","0","0","0","0","0","0","0","0","0","0","0","0","0","9","5","4","0","0","0","0","0","0","0","0","0","-2"
"239512","Northland College","2016","On-Tenure track total","19","14","5","0","0","0","0","0","0","0","0","0","0","0","0","0","0","0","18","14","4","0","0","0","0","0","0","1","0","1","-2"
"239512","Northland College","2016","On-tenure track, assistant professors","19","14","5","0","0","0","0","0","0","0","0","0","0","0","0","0","0","0","18","14","4","0","0","0","0","0","0","1","0","1","-2"
"239512","Northland College","2016","Not on tenure track/No tenure system system total","10","3","7","0","0","0","0","0","0","0","0","0","0","0","0","0","0","0","10","3","7","0","0","0","0","0","0","0","0","0","-2"
"239512","Northland College","2016","Not on tenure/no tenure system, assistant professors","5","2","3","0","0","0","0","0","0","0","0","0","0","0","0","0","0","0","5","2","3","0","0","0","0","0","0","0","0","0","-2"
"239512","Northland College","2016","Not on tenure/no tenure system, instructors","5","1","4","0","0","0","0","0","0","0","0","0","0","0","0","0","0","0","5","1","4","0","0","0","0","0","0","0","0","0","-2"
"240444","University of Wisconsin-Madison","2016","Tenured total","1505","1027","478","4","2","2","181","131","50","27","13","14","51","30","21","1","0","1","1206","829","377","12","7","5","16","10","6","7","5","2","-2"
"240444","University of Wisconsin-Madison","2016","Tenured, professors","1148","827","321","2","1","1","131","100","31","20","11","9","33","21","12","1","0","1","942","682","260","8","6","2","11","6","5","0","0","0","-2"
"240444","University of Wisconsin-Madison","2016","Tenured, associate professors","357","200","157","2","1","1","50","31","19","7","2","5","18","9","9","0","0","0","264","147","117","4","1","3","5","4","1","7","5","2","-2"
"240444","University of Wisconsin-Madison","2016","On-Tenure track total","431","242","189","1","1","0","59","36","23","19","6","13","15","8","7","1","0","1","252","142","110","12","5","7","33","17","16","39","27","12","-2"
"240444","University of Wisconsin-Madison","2016","On-tenure track, assistant professors","431","242","189","1","1","0","59","36","23","19","6","13","15","8","7","1","0","1","252","142","110","12","5","7","33","17","16","39","27","12","-2"
"240444","University of Wisconsin-Madison","2016","Not on tenure track/No tenure system system total","1426","789","637","4","2","2","108","58","50","21","9","12","36","20","16","1","0","1","1093","592","501","14","6","8","103","68","35","46","34","12","-2"
"240444","University of Wisconsin-Madison","2016","Not on tenure/no tenure system, professors","357","211","146","1","0","1","19","10","9","4","2","2","5","3","2","0","0","0","311","181","130","3","1","2","11","11","0","3","3","0","-2"
"240444","University of Wisconsin-Madison","2016","Not on tenure/no tenure system, associate professors","350","203","147","1","0","1","25","16","9","2","2","0","8","5","3","0","0","0","292","164","128","1","0","1","18","13","5","3","3","0","-2"
"240444","University of Wisconsin-Madison","2016","Not on tenure/no tenure system, assistant professors","473","252","221","2","2","0","45","21","24","10","3","7","14","7","7","1","0","1","311","163","148","5","2","3","58","35","23","27","19","8","-2"
"240444","University of Wisconsin-Madison","2016","Not on tenure/no tenure system, instructors","162","75","87","0","0","0","10","7","3","4","1","3","5","2","3","0","0","0","117","49","68","3","1","2","15","9","6","8","6","2","-2"
"240444","University of Wisconsin-Madison","2016","Not on tenure/no tenure system, lecturers","84","48","36","0","0","0","9","4","5","1","1","0","4","3","1","0","0","0","62","35","27","2","2","0","1","0","1","5","3","2","-2"
"240453","University of Wisconsin-Milwaukee","2016","Tenured total","567","361","206","5","3","2","107","78","29","28","16","12","25","15","10","0","0","0","393","244","149","4","2","2","0","0","0","5","3","2","-2"
"240453","University of Wisconsin-Milwaukee","2016","Tenured, professors","222","161","61","1","0","1","34","30","4","10","6","4","8","6","2","0","0","0","166","117","49","2","1","1","0","0","0","1","1","0","-2"
"240453","University of Wisconsin-Milwaukee","2016","Tenured, associate professors","344","199","145","4","3","1","73","48","25","18","10","8","17","9","8","0","0","0","226","126","100","2","1","1","0","0","0","4","2","2","-2"
"240453","University of Wisconsin-Milwaukee","2016","Tenured, assistant professors","1","1","0","0","0","0","0","0","0","0","0","0","0","0","0","0","0","0","1","1","0","0","0","0","0","0","0","0","0","0","-2"
"240453","University of Wisconsin-Milwaukee","2016","On-Tenure track total","134","64","70","0","0","0","19","10","9","5","1","4","10","5","5","0","0","0","81","36","45","1","0","1","0","0","0","18","12","6","-2"
"240453","University of Wisconsin-Milwaukee","2016","On-tenure track, assistant professors","133","64","69","0","0","0","19","10","9","5","1","4","10","5","5","0","0","0","80","36","44","1","0","1","0","0","0","18","12","6","-2"
"240453","University of Wisconsin-Milwaukee","2016","On-tenure track, instructors","1","0","1","0","0","0","0","0","0","0","0","0","0","0","0","0","0","0","1","0","1","0","0","0","0","0","0","0","0","0","-2"
"240453","University of Wisconsin-Milwaukee","2016","Not on tenure track/No tenure system system total","323","112","211","0","0","0","17","9","8","14","3","11","8","1","7","0","0","0","271","93","178","6","2","4","0","0","0","7","4","3","-2"
"240453","University of Wisconsin-Milwaukee","2016","Not on tenure/no tenure system, professors","15","7","8","0","0","0","3","2","1","1","0","1","0","0","0","0","0","0","11","5","6","0","0","0","0","0","0","0","0","0","-2"
"240453","University of Wisconsin-Milwaukee","2016","Not on tenure/no tenure system, associate professors","28","2","26","0","0","0","1","1","0","3","1","2","2","0","2","0","0","0","21","0","21","1","0","1","0","0","0","0","0","0","-2"
"240453","University of Wisconsin-Milwaukee","2016","Not on tenure/no tenure system, assistant professors","54","13","41","0","0","0","5","3","2","6","0","6","1","0","1","0","0","0","37","6","31","2","1","1","0","0","0","3","3","0","-2"
"240453","University of Wisconsin-Milwaukee","2016","Not on tenure/no tenure system, instructors","27","4","23","0","0","0","0","0","0","2","0","2","0","0","0","0","0","0","24","3","21","1","1","0","0","0","0","0","0","0","-2"
"240453","University of Wisconsin-Milwaukee","2016","Not on tenure/no tenure system, lecturers","199","86","113","0","0","0","8","3","5","2","2","0","5","1","4","0","0","0","178","79","99","2","0","2","0","0","0","4","1","3","-2"
"240727","University of Wyoming","2016","Tenured total","413","278","135","4","2","2","25","18","7","8","4","4","10","5","5","1","1","0","316","217","99","0","0","0","39","22","17","10","9","1","-2"
"240727","University of Wyoming","2016","Tenured, professors","206","152","54","0","0","0","10","10","0","5","2","3","5","4","1","1","1","0","171","125","46","0","0","0","14","10","4","0","0","0","-2"
"240727","University of Wyoming","2016","Tenured, associate professors","207","126","81","4","2","2","15","8","7","3","2","1","5","1","4","0","0","0","145","92","53","0","0","0","25","12","13","10","9","1","-2"
"240727","University of Wyoming","2016","On-Tenure track total","170","98","72","1","0","1","13","9","4","0","0","0","1","0","1","0","0","0","52","28","24","0","0","0","79","42","37","24","19","5","-2"
"240727","University of Wyoming","2016","On-tenure track, associate professors","6","5","1","0","0","0","0","0","0","0","0","0","0","0","0","0","0","0","2","2","0","0","0","0","3","2","1","1","1","0","-2"
"240727","University of Wyoming","2016","On-tenure track, assistant professors","164","93","71","1","0","1","13","9","4","0","0","0","1","0","1","0","0","0","50","26","24","0","0","0","76","40","36","23","18","5","-2"
"240727","University of Wyoming","2016","Not on tenure track/No tenure system system total","178","79","99","0","0","0","4","0","4","0","0","0","2","0","2","0","0","0","116","46","70","0","0","0","46","28","18","10","5","5","-2"
"240727","University of Wyoming","2016","Not on tenure/no tenure system, instructors","92","45","47","0","0","0","3","0","3","0","0","0","1","0","1","0","0","0","64","29","35","0","0","0","20","13","7","4","3","1","-2"
"240727","University of Wyoming","2016","Not on tenure/no tenure system, lecturers","86","34","52","0","0","0","1","0","1","0","0","0","1","0","1","0","0","0","52","17","35","0","0","0","26","15","11","6","2","4","-2"
"243665","University of the Virgin Islands","2016","Tenured total","45","30","15","0","0","0","1","1","0","18","12","6","0","0","0","0","0","0","25","17","8","0","0","0","1","0","1","0","0","0","-2"
"243665","University of the Virgin Islands","2016","Tenured, professors","25","18","7","0","0","0","0","0","0","10","7","3","0","0","0","0","0","0","15","11","4","0","0","0","0","0","0","0","0","0","-2"
"243665","University of the Virgin Islands","2016","Tenured, associate professors","16","10","6","0","0","0","1","1","0","7","4","3","0","0","0","0","0","0","8","5","3","0","0","0","0","0","0","0","0","0","-2"
"243665","University of the Virgin Islands","2016","Tenured, assistant professors","4","2","2","0","0","0","0","0","0","1","1","0","0","0","0","0","0","0","2","1","1","0","0","0","1","0","1","0","0","0","-2"
"243665","University of the Virgin Islands","2016","On-Tenure track total","20","13","7","0","0","0","2","2","0","8","4","4","0","0","0","7","7","0","3","0","3","0","0","0","0","0","0","0","0","0","-2"
"243665","University of the Virgin Islands","2016","On-tenure track, associate professors","7","6","1","0","0","0","2","2","0","3","2","1","0","0","0","2","2","0","0","0","0","0","0","0","0","0","0","0","0","0","-2"
"243665","University of the Virgin Islands","2016","On-tenure track, assistant professors","13","7","6","0","0","0","0","0","0","5","2","3","0","0","0","5","5","0","3","0","3","0","0","0","0","0","0","0","0","0","-2"
"243665","University of the Virgin Islands","2016","Not on tenure track/No tenure system system total","44","15","29","0","0","0","1","0","1","18","5","13","4","2","2","0","0","0","18","6","12","0","0","0","3","2","1","0","0","0","-2"
"243665","University of the Virgin Islands","2016","Not on tenure/no tenure system, professors","2","1","1","0","0","0","0","0","0","0","0","0","0","0","0","0","0","0","1","0","1","0","0","0","1","1","0","0","0","0","-2"
"243665","University of the Virgin Islands","2016","Not on tenure/no tenure system, associate professors","7","3","4","0","0","0","0","0","0","5","2","3","1","1","0","0","0","0","1","0","1","0","0","0","0","0","0","0","0","0","-2"
"243665","University of the Virgin Islands","2016","Not on tenure/no tenure system, assistant professors","27","6","21","0","0","0","1","0","1","9","1","8","2","0","2","0","0","0","13","4","9","0","0","0","2","1","1","0","0","0","-2"
"243665","University of the Virgin Islands","2016","Not on tenure/no tenure system, instructors","8","5","3","0","0","0","0","0","0","4","2","2","1","1","0","0","0","0","3","2","1","0","0","0","0","0","0","0","0","0","-2"
"243744","Stanford University","2016","Tenured total","1119","866","253","1","1","0","133","103","30","27","19","8","36","27","9","0","0","0","789","613","176","9","3","6","37","30","7","87","70","17","-2"
"243744","Stanford University","2016","Tenured, professors","898","713","185","1","1","0","94","79","15","22","17","5","25","20","5","0","0","0","654","514","140","5","1","4","28","24","4","69","57","12","-2"
"243744","Stanford University","2016","Tenured, associate professors","221","153","68","0","0","0","39","24","15","5","2","3","11","7","4","0","0","0","135","99","36","4","2","2","9","6","3","18","13","5","-2"
"243744","Stanford University","2016","On-Tenure track total","324","206","118","1","0","1","44","29","15","10","4","6","20","13","7","0","0","0","161","102","59","4","1","3","18","15","3","66","42","24","-2"
"243744","Stanford University","2016","On-tenure track, professors","5","3","2","0","0","0","0","0","0","0","0","0","1","1","0","0","0","0","4","2","2","0","0","0","0","0","0","0","0","0","-2"
"243744","Stanford University","2016","On-tenure track, associate professors","28","25","3","0","0","0","3","2","1","0","0","0","2","2","0","0","0","0","18","16","2","0","0","0","0","0","0","5","5","0","-2"
"243744","Stanford University","2016","On-tenure track, assistant professors","291","178","113","1","0","1","41","27","14","10","4","6","17","10","7","0","0","0","139","84","55","4","1","3","18","15","3","61","37","24","-2"
"243744","Stanford University","2016","Not on tenure track/No tenure system system total","547","370","177","1","1","0","123","76","47","11","4","7","26","22","4","0","0","0","342","238","104","4","2","2","19","14","5","21","13","8","-2"
"243744","Stanford University","2016","Not on tenure/no tenure system, professors","261","191","70","0","0","0","45","27","18","1","0","1","13","12","1","0","0","0","187","141","46","1","1","0","5","4","1","9","6","3","-2"
"243744","Stanford University","2016","Not on tenure/no tenure system, associate professors","158","106","52","1","1","0","40","25","15","6","2","4","8","6","2","0","0","0","91","63","28","1","0","1","6","5","1","5","4","1","-2"
"243744","Stanford University","2016","Not on tenure/no tenure system, assistant professors","128","73","55","0","0","0","38","24","14","4","2","2","5","4","1","0","0","0","64","34","30","2","1","1","8","5","3","7","3","4","-2"
"243780","Purdue University-Main Campus","2016","Tenured total","1276","963","313","1","1","0","250","198","52","35","25","10","44","34","10","0","0","0","932","696","236","11","6","5","0","0","0","3","3","0","-2"
"243780","Purdue University-Main Campus","2016","Tenured, professors","780","636","144","1","1","0","164","139","25","15","15","0","21","16","5","0","0","0","575","463","112","4","2","2","0","0","0","0","0","0","-2"
"243780","Purdue University-Main Campus","2016","Tenured, associate professors","493","326","167","0","0","0","86","59","27","19","10","9","23","18","5","0","0","0","355","232","123","7","4","3","0","0","0","3","3","0","-2"
"243780","Purdue University-Main Campus","2016","Tenured, assistant professors","3","1","2","0","0","0","0","0","0","1","0","1","0","0","0","0","0","0","2","1","1","0","0","0","0","0","0","0","0","0","-2"
"243780","Purdue University-Main Campus","2016","On-Tenure track total","455","273","182","1","0","1","72","42","30","16","6","10","18","11","7","0","0","0","231","129","102","6","3","3","0","0","0","111","82","29","-2"
"243780","Purdue University-Main Campus","2016","On-tenure track, professors","3","3","0","0","0","0","0","0","0","0","0","0","0","0","0","0","0","0","0","0","0","0","0","0","0","0","0","3","3","0","-2"
"243780","Purdue University-Main Campus","2016","On-tenure track, associate professors","14","8","6","0","0","0","4","3","1","3","1","2","0","0","0","0","0","0","5","3","2","0","0","0","0","0","0","2","1","1","-2"
"243780","Purdue University-Main Campus","2016","On-tenure track, assistant professors","437","261","176","1","0","1","68","39","29","13","5","8","17","10","7","0","0","0","226","126","100","6","3","3","0","0","0","106","78","28","-2"
"243780","Purdue University-Main Campus","2016","On-tenure track, instructors","1","1","0","0","0","0","0","0","0","0","0","0","1","1","0","0","0","0","0","0","0","0","0","0","0","0","0","0","0","0","-2"
"243780","Purdue University-Main Campus","2016","Not on tenure track/No tenure system system total","88","59","29","0","0","0","7","4","3","5","1","4","0","0","0","0","0","0","40","26","14","0","0","0","3","2","1","33","26","7","-2"
"243780","Purdue University-Main Campus","2016","Not on tenure/no tenure system, professors","3","3","0","0","0","0","0","0","0","0","0","0","0","0","0","0","0","0","0","0","0","0","0","0","1","1","0","2","2","0","-2"
"243780","Purdue University-Main Campus","2016","Not on tenure/no tenure system, associate professors","4","3","1","0","0","0","0","0","0","0","0","0","0","0","0","0","0","0","2","1","1","0","0","0","0","0","0","2","2","0","-2"
"243780","Purdue University-Main Campus","2016","Not on tenure/no tenure system, assistant professors","61","38","23","0","0","0","6","3","3","4","1","3","0","0","0","0","0","0","21","11","10","0","0","0","1","1","0","29","22","7","-2"
"243780","Purdue University-Main Campus","2016","Not on tenure/no tenure system, instructors","6","5","1","0","0","0","0","0","0","0","0","0","0","0","0","0","0","0","5","5","0","0","0","0","1","0","1","0","0","0","-2"
"243780","Purdue University-Main Campus","2016","Not on tenure/no tenure system, lecturers","14","10","4","0","0","0","1","1","0","1","0","1","0","0","0","0","0","0","12","9","3","0","0","0","0","0","0","0","0","0","-2"
"409698","California State University-Monterey Bay","2016","Tenured total","86","45","41","1","1","0","19","7","12","5","4","1","18","10","8","1","0","1","38","21","17","0","0","0","4","2","2","0","0","0","-2"
"409698","California State University-Monterey Bay","2016","Tenured, professors","52","31","21","1","1","0","13","6","7","3","2","1","9","6","3","1","0","1","25","16","9","0","0","0","0","0","0","0","0","0","-2"
"409698","California State University-Monterey Bay","2016","Tenured, associate professors","33","14","19","0","0","0","6","1","5","2","2","0","9","4","5","0","0","0","12","5","7","0","0","0","4","2","2","0","0","0","-2"
"409698","California State University-Monterey Bay","2016","Tenured, no academic rank","1","0","1","0","0","0","0","0","0","0","0","0","0","0","0","0","0","0","1","0","1","0","0","0","0","0","0","0","0","0","-2"
"409698","California State University-Monterey Bay","2016","On-Tenure track total","64","30","34","2","1","1","7","3","4","2","1","1","7","4","3","0","0","0","38","15","23","1","1","0","2","2","0","5","3","2","-2"
"409698","California State University-Monterey Bay","2016","On-tenure track, associate professors","4","4","0","0","0","0","0","0","0","0","0","0","0","0","0","0","0","0","3","3","0","0","0","0","0","0","0","1","1","0","-2"
"409698","California State University-Monterey Bay","2016","On-tenure track, assistant professors","60","26","34","2","1","1","7","3","4","2","1","1","7","4","3","0","0","0","35","12","23","1","1","0","2","2","0","4","2","2","-2"
"409698","California State University-Monterey Bay","2016","Not on tenure track/No tenure system system total","75","33","42","0","0","0","2","1","1","4","1","3","8","4","4","0","0","0","50","20","30","1","1","0","7","4","3","3","2","1","-2"
"409698","California State University-Monterey Bay","2016","Not on tenure/no tenure system, lecturers","75","33","42","0","0","0","2","1","1","4","1","3","8","4","4","0","0","0","50","20","30","1","1","0","7","4","3","3","2","1","-2"
"445188","University of California-Merced","2016","Tenured total","119","79","40","2","0","2","21","15","6","2","1","1","13","10","3","0","0","0","79","52","27","0","0","0","1","0","1","1","1","0","-2"
"445188","University of California-Merced","2016","Tenured, professors","49","37","12","1","0","1","5","5","0","0","0","0","5","5","0","0","0","0","37","26","11","0","0","0","0","0","0","1","1","0","-2"
"445188","University of California-Merced","2016","Tenured, associate professors","64","40","24","1","0","1","15","10","5","2","1","1","6","4","2","0","0","0","39","25","14","0","0","0","1","0","1","0","0","0","-2"
"445188","University of California-Merced","2016","Tenured, lecturers","6","2","4","0","0","0","1","0","1","0","0","0","2","1","1","0","0","0","3","1","2","0","0","0","0","0","0","0","0","0","-2"
"445188","University of California-Merced","2016","On-Tenure track total","100","58","42","1","0","1","21","13","8","2","1","1","15","7","8","0","0","0","45","27","18","3","1","2","2","2","0","11","7","4","-2"
"445188","University of California-Merced","2016","On-tenure track, assistant professors","92","52","40","1","0","1","20","12","8","2","1","1","13","5","8","0","0","0","40","24","16","3","1","2","2","2","0","11","7","4","-2"
"445188","University of California-Merced","2016","On-tenure track, lecturers","8","6","2","0","0","0","1","1","0","0","0","0","2","2","0","0","0","0","5","3","2","0","0","0","0","0","0","0","0","0","-2"
"445188","University of California-Merced","2016","Not on tenure track/No tenure system system total","100","46","54","0","0","0","8","2","6","2","1","1","16","8","8","0","0","0","62","27","35","2","2","0","3","1","2","7","5","2","-2"
"445188","University of California-Merced","2016","Not on tenure/no tenure system, assistant professors","2","1","1","0","0","0","0","0","0","0","0","0","0","0","0","0","0","0","0","0","0","0","0","0","0","0","0","2","1","1","-2"
"445188","University of California-Merced","2016","Not on tenure/no tenure system, lecturers","98","45","53","0","0","0","8","2","6","2","1","1","16","8","8","0","0","0","62","27","35","2","2","0","3","1","2","5","4","1","-2"
