"unitid","institution name","year","S2020_IS.Instructional staff category","S2020_IS.Grand total","S2020_IS.Grand total men","S2020_IS.Grand total women","S2020_IS.American Indian or Alaska Native total","S2020_IS.American Indian or Alaska Native men","S2020_IS.American Indian or Alaska Native women","S2020_IS.Asian total","S2020_IS.Asian men","S2020_IS.Asian women","S2020_IS.Black or African American total","S2020_IS.Black or African American men","S2020_IS.Black or African American women","S2020_IS.Hispanic or Latino total","S2020_IS.Hispanic or Latino men","S2020_IS.Hispanic or Latino women","S2020_IS.Native Hawaiian or Other Pacific Islander total","S2020_IS.Native Hawaiian or Other Pacific Islander men","S2020_IS.Native Hawaiian or Other Pacific Islander women","S2020_IS.White total","S2020_IS.White men","S2020_IS.White women","S2020_IS.Two or more races total","S2020_IS.Two or more races men","S2020_IS.Two or more races women","S2020_IS.Race/ethnicity unknown total","S2020_IS.Race/ethnicity unknown men","S2020_IS.Race/ethnicity unknown women","S2020_IS.Nonresident alien total","S2020_IS.Nonresident alien men","S2020_IS.Nonresident alien women","IDX_HR"
"100654","Alabama A & M University","2020","Tenured total","90","63","27","0","0","0","17","10","7","62","46","16","0","0","0","0","0","0","6","3","3","1","0","1","0","0","0","4","4","0","-2"
"100654","Alabama A & M University","2020","Tenured, professors","50","38","12","0","0","0","9","7","2","34","26","8","0","0","0","0","0","0","3","2","1","1","0","1","0","0","0","3","3","0","-2"
"100654","Alabama A & M University","2020","Tenured, associate professors","34","22","12","0","0","0","8","3","5","22","17","5","0","0","0","0","0","0","3","1","2","0","0","0","0","0","0","1","1","0","-2"
"100654","Alabama A & M University","2020","Tenured, assistant professors","6","3","3","0","0","0","0","0","0","6","3","3","0","0","0","0","0","0","0","0","0","0","0","0","0","0","0","0","0","0","-2"
"100654","Alabama A & M University","2020","On-Tenure track total","48","20","28","0","0","0","7","5","2","26","7","19","0","0","0","0","0","0","5","3","2","0","0","0","1","1","0","9","4","5","-2"
"100654","Alabama A & M University","2020","On-tenure track, associate professors","7","5","2","0","0","0","4","4","0","0","0","0","0","0","0","0","0","0","0","0","0","0","0","0","1","1","0","2","0","2","-2"
"100654","Alabama A & M University","2020","On-tenure track, assistant professors","41","15","26","0","0","0","3","1","2","26","7","19","0","0","0","0","0","0","5","3","2","0","0","0","0","0","0","7","4","3","-2"
"100654","Alabama A & M University","2020","Not on tenure track/No tenure system system total","101","46","55","1","0","1","4","3","1","68","29","39","0","0","0","0","0","0","20","7","13","1","0","1","0","0","0","7","7","0","-2"
"100654","Alabama A & M University","2020","Not on tenure/no tenure system, professors","2","2","0","0","0","0","0","0","0","2","2","0","0","0","0","0","0","0","0","0","0","0","0","0","0","0","0","0","0","0","-2"
"100654","Alabama A & M University","2020","Not on tenure/no tenure system, associate professors","5","4","1","0","0","0","0","0","0","5","4","1","0","0","0","0","0","0","0","0","0","0","0","0","0","0","0","0","0","0","-2"
"100654","Alabama A & M University","2020","Not on tenure/no tenure system, assistant professors","47","25","22","0","0","0","3","3","0","30","14","16","0","0","0","0","0","0","10","5","5","1","0","1","0","0","0","3","3","0","-2"
"100654","Alabama A & M University","2020","Not on tenure/no tenure system, instructors","40","12","28","1","0","1","1","0","1","27","7","20","0","0","0","0","0","0","7","1","6","0","0","0","0","0","0","4","4","0","-2"
"100654","Alabama A & M University","2020","Not on tenure/no tenure system, no academic rank","7","3","4","0","0","0","0","0","0","4","2","2","0","0","0","0","0","0","3","1","2","0","0","0","0","0","0","0","0","0","-2"
"100706","University of Alabama in Huntsville","2020","Tenured total","159","122","37","0","0","0","45","40","5","6","4","2","4","3","1","0","0","0","102","74","28","1","0","1","0","0","0","1","1","0","-2"
"100706","University of Alabama in Huntsville","2020","Tenured, professors","74","60","14","0","0","0","21","20","1","4","3","1","1","1","0","0","0","0","47","35","12","0","0","0","0","0","0","1","1","0","-2"
"100706","University of Alabama in Huntsville","2020","Tenured, associate professors","84","62","22","0","0","0","24","20","4","2","1","1","2","2","0","0","0","0","55","39","16","1","0","1","0","0","0","0","0","0","-2"
"100706","University of Alabama in Huntsville","2020","Tenured, assistant professors","1","0","1","0","0","0","0","0","0","0","0","0","1","0","1","0","0","0","0","0","0","0","0","0","0","0","0","0","0","0","-2"
"100706","University of Alabama in Huntsville","2020","On-Tenure track total","68","36","32","0","0","0","12","6","6","4","2","2","1","1","0","0","0","0","36","18","18","0","0","0","0","0","0","15","9","6","-2"
"100706","University of Alabama in Huntsville","2020","On-tenure track, associate professors","4","2","2","0","0","0","1","1","0","1","1","0","0","0","0","0","0","0","2","0","2","0","0","0","0","0","0","0","0","0","-2"
"100706","University of Alabama in Huntsville","2020","On-tenure track, assistant professors","64","34","30","0","0","0","11","5","6","3","1","2","1","1","0","0","0","0","34","18","16","0","0","0","0","0","0","15","9","6","-2"
"100706","University of Alabama in Huntsville","2020","Not on tenure track/No tenure system system total","126","36","90","2","2","0","6","2","4","8","2","6","2","1","1","0","0","0","106","27","79","0","0","0","0","0","0","2","2","0","-2"
"100706","University of Alabama in Huntsville","2020","Not on tenure/no tenure system, professors","1","0","1","0","0","0","0","0","0","0","0","0","0","0","0","0","0","0","1","0","1","0","0","0","0","0","0","0","0","0","-2"
"100706","University of Alabama in Huntsville","2020","Not on tenure/no tenure system, associate professors","9","3","6","0","0","0","1","0","1","0","0","0","1","0","1","0","0","0","7","3","4","0","0","0","0","0","0","0","0","0","-2"
"100706","University of Alabama in Huntsville","2020","Not on tenure/no tenure system, assistant professors","29","3","26","0","0","0","0","0","0","2","0","2","0","0","0","0","0","0","27","3","24","0","0","0","0","0","0","0","0","0","-2"
"100706","University of Alabama in Huntsville","2020","Not on tenure/no tenure system, instructors","14","2","12","0","0","0","0","0","0","3","1","2","0","0","0","0","0","0","11","1","10","0","0","0","0","0","0","0","0","0","-2"
"100706","University of Alabama in Huntsville","2020","Not on tenure/no tenure system, lecturers","73","28","45","2","2","0","5","2","3","3","1","2","1","1","0","0","0","0","60","20","40","0","0","0","0","0","0","2","2","0","-2"
"100751","The University of Alabama","2020","Tenured total","614","393","221","1","1","0","71","52","19","33","14","19","18","10","8","1","1","0","487","314","173","1","0","1","1","1","0","1","0","1","-2"
"100751","The University of Alabama","2020","Tenured, professors","287","206","81","0","0","0","33","28","5","15","8","7","10","6","4","1","1","0","228","163","65","0","0","0","0","0","0","0","0","0","-2"
"100751","The University of Alabama","2020","Tenured, associate professors","323","185","138","1","1","0","37","23","14","18","6","12","8","4","4","0","0","0","256","150","106","1","0","1","1","1","0","1","0","1","-2"
"100751","The University of Alabama","2020","Tenured, assistant professors","4","2","2","0","0","0","1","1","0","0","0","0","0","0","0","0","0","0","3","1","2","0","0","0","0","0","0","0","0","0","-2"
"100751","The University of Alabama","2020","On-Tenure track total","384","215","169","3","1","2","46","28","18","31","15","16","9","6","3","2","1","1","242","135","107","0","0","0","0","0","0","51","29","22","-2"
"100751","The University of Alabama","2020","On-tenure track, professors","17","10","7","0","0","0","2","2","0","1","0","1","1","1","0","0","0","0","13","7","6","0","0","0","0","0","0","0","0","0","-2"
"100751","The University of Alabama","2020","On-tenure track, associate professors","25","20","5","0","0","0","3","3","0","3","3","0","0","0","0","0","0","0","16","11","5","0","0","0","0","0","0","3","3","0","-2"
"100751","The University of Alabama","2020","On-tenure track, assistant professors","342","185","157","3","1","2","41","23","18","27","12","15","8","5","3","2","1","1","213","117","96","0","0","0","0","0","0","48","26","22","-2"
"100751","The University of Alabama","2020","Not on tenure track/No tenure system system total","519","210","309","0","0","0","17","7","10","33","8","25","17","9","8","0","0","0","427","175","252","7","1","6","2","1","1","16","9","7","-2"
"100751","The University of Alabama","2020","Not on tenure/no tenure system, professors","17","6","11","0","0","0","1","1","0","1","0","1","1","1","0","0","0","0","14","4","10","0","0","0","0","0","0","0","0","0","-2"
"100751","The University of Alabama","2020","Not on tenure/no tenure system, associate professors","44","16","28","0","0","0","1","0","1","1","0","1","0","0","0","0","0","0","42","16","26","0","0","0","0","0","0","0","0","0","-2"
"100751","The University of Alabama","2020","Not on tenure/no tenure system, assistant professors","128","44","84","0","0","0","7","4","3","12","4","8","2","2","0","0","0","0","101","33","68","2","0","2","2","1","1","2","0","2","-2"
"100751","The University of Alabama","2020","Not on tenure/no tenure system, instructors","324","140","184","0","0","0","7","1","6","19","4","15","14","6","8","0","0","0","265","119","146","5","1","4","0","0","0","14","9","5","-2"
"100751","The University of Alabama","2020","Not on tenure/no tenure system, lecturers","6","4","2","0","0","0","1","1","0","0","0","0","0","0","0","0","0","0","5","3","2","0","0","0","0","0","0","0","0","0","-2"
"101675","Miles College","2020","Tenured total","7","5","2","0","0","0","2","1","1","5","4","1","0","0","0","0","0","0","0","0","0","0","0","0","0","0","0","0","0","0","-2"
"101675","Miles College","2020","Tenured, professors","7","5","2","0","0","0","2","1","1","5","4","1","0","0","0","0","0","0","0","0","0","0","0","0","0","0","0","0","0","0","-2"
"101675","Miles College","2020","On-Tenure track total","76","29","47","0","0","0","0","0","0","59","19","40","2","0","2","0","0","0","12","7","5","0","0","0","3","3","0","0","0","0","-2"
"101675","Miles College","2020","On-tenure track, professors","4","3","1","0","0","0","0","0","0","2","2","0","0","0","0","0","0","0","1","0","1","0","0","0","1","1","0","0","0","0","-2"
"101675","Miles College","2020","On-tenure track, associate professors","5","3","2","0","0","0","0","0","0","3","1","2","0","0","0","0","0","0","2","2","0","0","0","0","0","0","0","0","0","0","-2"
"101675","Miles College","2020","On-tenure track, assistant professors","15","4","11","0","0","0","0","0","0","12","3","9","0","0","0","0","0","0","2","0","2","0","0","0","1","1","0","0","0","0","-2"
"101675","Miles College","2020","On-tenure track, instructors","52","19","33","0","0","0","0","0","0","42","13","29","2","0","2","0","0","0","7","5","2","0","0","0","1","1","0","0","0","0","-2"
"102094","University of South Alabama","2020","Tenured total","253","171","82","0","0","0","31","22","9","6","4","2","2","2","0","0","0","0","212","142","70","2","1","1","0","0","0","0","0","0","-2"
"102094","University of South Alabama","2020","Tenured, professors","133","103","30","0","0","0","10","8","2","2","2","0","0","0","0","0","0","0","121","93","28","0","0","0","0","0","0","0","0","0","-2"
"102094","University of South Alabama","2020","Tenured, associate professors","116","66","50","0","0","0","21","14","7","3","1","2","2","2","0","0","0","0","88","48","40","2","1","1","0","0","0","0","0","0","-2"
"102094","University of South Alabama","2020","Tenured, assistant professors","4","2","2","0","0","0","0","0","0","1","1","0","0","0","0","0","0","0","3","1","2","0","0","0","0","0","0","0","0","0","-2"
"102094","University of South Alabama","2020","On-Tenure track total","123","69","54","0","0","0","20","10","10","4","3","1","0","0","0","0","0","0","95","54","41","4","2","2","0","0","0","0","0","0","-2"
"102094","University of South Alabama","2020","On-tenure track, professors","2","2","0","0","0","0","1","1","0","1","1","0","0","0","0","0","0","0","0","0","0","0","0","0","0","0","0","0","0","0","-2"
"102094","University of South Alabama","2020","On-tenure track, associate professors","11","6","5","0","0","0","3","2","1","0","0","0","0","0","0","0","0","0","8","4","4","0","0","0","0","0","0","0","0","0","-2"
"102094","University of South Alabama","2020","On-tenure track, assistant professors","110","61","49","0","0","0","16","7","9","3","2","1","0","0","0","0","0","0","87","50","37","4","2","2","0","0","0","0","0","0","-2"
"102094","University of South Alabama","2020","Not on tenure track/No tenure system system total","425","181","244","0","0","0","42","24","18","30","4","26","2","2","0","1","0","1","345","150","195","3","0","3","2","1","1","0","0","0","-2"
"102094","University of South Alabama","2020","Not on tenure/no tenure system, professors","28","21","7","0","0","0","3","3","0","1","0","1","1","1","0","0","0","0","23","17","6","0","0","0","0","0","0","0","0","0","-2"
"102094","University of South Alabama","2020","Not on tenure/no tenure system, associate professors","51","28","23","0","0","0","5","4","1","0","0","0","1","1","0","0","0","0","45","23","22","0","0","0","0","0","0","0","0","0","-2"
"102094","University of South Alabama","2020","Not on tenure/no tenure system, assistant professors","224","98","126","0","0","0","29","17","12","24","4","20","0","0","0","0","0","0","168","76","92","2","0","2","1","1","0","0","0","0","-2"
"102094","University of South Alabama","2020","Not on tenure/no tenure system, instructors","121","34","87","0","0","0","5","0","5","5","0","5","0","0","0","1","0","1","108","34","74","1","0","1","1","0","1","0","0","0","-2"
"102094","University of South Alabama","2020","Not on tenure/no tenure system, lecturers","1","0","1","0","0","0","0","0","0","0","0","0","0","0","0","0","0","0","1","0","1","0","0","0","0","0","0","0","0","0","-2"
"102377","Tuskegee University","2020","Tenured total","107","68","39","0","0","0","33","26","7","51","28","23","0","0","0","0","0","0","14","9","5","0","0","0","9","5","4","0","0","0","-2"
"102377","Tuskegee University","2020","Tenured, professors","48","36","12","0","0","0","18","17","1","22","13","9","0","0","0","0","0","0","6","4","2","0","0","0","2","2","0","0","0","0","-2"
"102377","Tuskegee University","2020","Tenured, associate professors","53","29","24","0","0","0","14","8","6","25","13","12","0","0","0","0","0","0","8","5","3","0","0","0","6","3","3","0","0","0","-2"
"102377","Tuskegee University","2020","Tenured, assistant professors","6","3","3","0","0","0","1","1","0","4","2","2","0","0","0","0","0","0","0","0","0","0","0","0","1","0","1","0","0","0","-2"
"102377","Tuskegee University","2020","On-Tenure track total","69","39","30","0","0","0","20","15","5","24","10","14","0","0","0","0","0","0","16","8","8","0","0","0","9","6","3","0","0","0","-2"
"102377","Tuskegee University","2020","On-tenure track, professors","2","2","0","0","0","0","2","2","0","0","0","0","0","0","0","0","0","0","0","0","0","0","0","0","0","0","0","0","0","0","-2"
"102377","Tuskegee University","2020","On-tenure track, associate professors","13","8","5","0","0","0","2","2","0","5","2","3","0","0","0","0","0","0","3","1","2","0","0","0","3","3","0","0","0","0","-2"
"102377","Tuskegee University","2020","On-tenure track, assistant professors","53","29","24","0","0","0","16","11","5","18","8","10","0","0","0","0","0","0","13","7","6","0","0","0","6","3","3","0","0","0","-2"
"102377","Tuskegee University","2020","On-tenure track, instructors","1","0","1","0","0","0","0","0","0","1","0","1","0","0","0","0","0","0","0","0","0","0","0","0","0","0","0","0","0","0","-2"
"102377","Tuskegee University","2020","Not on tenure track/No tenure system system total","60","25","35","0","0","0","4","3","1","35","15","20","0","0","0","0","0","0","11","6","5","0","0","0","10","1","9","0","0","0","-2"
"102377","Tuskegee University","2020","Not on tenure/no tenure system, professors","2","2","0","0","0","0","1","1","0","1","1","0","0","0","0","0","0","0","0","0","0","0","0","0","0","0","0","0","0","0","-2"
"102377","Tuskegee University","2020","Not on tenure/no tenure system, associate professors","17","7","10","0","0","0","1","1","0","9","3","6","0","0","0","0","0","0","5","3","2","0","0","0","2","0","2","0","0","0","-2"
"102377","Tuskegee University","2020","Not on tenure/no tenure system, assistant professors","27","10","17","0","0","0","2","1","1","14","6","8","0","0","0","0","0","0","4","2","2","0","0","0","7","1","6","0","0","0","-2"
"102377","Tuskegee University","2020","Not on tenure/no tenure system, instructors","12","5","7","0","0","0","0","0","0","9","4","5","0","0","0","0","0","0","2","1","1","0","0","0","1","0","1","0","0","0","-2"
"102377","Tuskegee University","2020","Not on tenure/no tenure system, lecturers","2","1","1","0","0","0","0","0","0","2","1","1","0","0","0","0","0","0","0","0","0","0","0","0","0","0","0","0","0","0","-2"
"102614","University of Alaska Fairbanks","2020","Tenured total","163","100","63","3","2","1","17","14","3","1","0","1","4","3","1","0","0","0","126","73","53","5","4","1","7","4","3","0","0","0","-2"
"102614","University of Alaska Fairbanks","2020","Tenured, professors","80","53","27","0","0","0","8","8","0","1","0","1","2","2","0","0","0","0","64","40","24","2","1","1","3","2","1","0","0","0","-2"
"102614","University of Alaska Fairbanks","2020","Tenured, associate professors","82","47","35","3","2","1","9","6","3","0","0","0","2","1","1","0","0","0","62","33","29","3","3","0","3","2","1","0","0","0","-2"
"102614","University of Alaska Fairbanks","2020","Tenured, assistant professors","1","0","1","0","0","0","0","0","0","0","0","0","0","0","0","0","0","0","0","0","0","0","0","0","1","0","1","0","0","0","-2"
"102614","University of Alaska Fairbanks","2020","On-Tenure track total","42","21","21","4","0","4","3","2","1","1","1","0","1","1","0","0","0","0","23","11","12","4","0","4","1","1","0","5","5","0","-2"
"102614","University of Alaska Fairbanks","2020","On-tenure track, associate professors","2","1","1","0","0","0","0","0","0","0","0","0","0","0","0","0","0","0","2","1","1","0","0","0","0","0","0","0","0","0","-2"
"102614","University of Alaska Fairbanks","2020","On-tenure track, assistant professors","40","20","20","4","0","4","3","2","1","1","1","0","1","1","0","0","0","0","21","10","11","4","0","4","1","1","0","5","5","0","-2"
"102614","University of Alaska Fairbanks","2020","Not on tenure track/No tenure system system total","84","40","44","6","1","5","4","3","1","2","1","1","3","0","3","1","0","1","59","30","29","1","0","1","7","4","3","1","1","0","-2"
"102614","University of Alaska Fairbanks","2020","Not on tenure/no tenure system, associate professors","7","2","5","1","0","1","0","0","0","0","0","0","0","0","0","1","0","1","5","2","3","0","0","0","0","0","0","0","0","0","-2"
"102614","University of Alaska Fairbanks","2020","Not on tenure/no tenure system, assistant professors","46","22","24","4","0","4","2","2","0","1","1","0","1","0","1","0","0","0","34","16","18","0","0","0","4","3","1","0","0","0","-2"
"102614","University of Alaska Fairbanks","2020","Not on tenure/no tenure system, instructors","26","14","12","1","1","0","1","0","1","1","0","1","2","0","2","0","0","0","18","12","6","1","0","1","2","1","1","0","0","0","-2"
"102614","University of Alaska Fairbanks","2020","Not on tenure/no tenure system, lecturers","1","0","1","0","0","0","0","0","0","0","0","0","0","0","0","0","0","0","0","0","0","0","0","0","1","0","1","0","0","0","-2"
"102614","University of Alaska Fairbanks","2020","Not on tenure/no tenure system, no academic rank","4","2","2","0","0","0","1","1","0","0","0","0","0","0","0","0","0","0","2","0","2","0","0","0","0","0","0","1","1","0","-2"
"104151","Arizona State University Campus Immersion","2020","Tenured total","1330","848","482","12","5","7","184","122","62","37","20","17","114","69","45","0","0","0","909","585","324","16","7","9","40","27","13","18","13","5","-2"
"104151","Arizona State University Campus Immersion","2020","Tenured, professors","699","487","212","3","3","0","88","65","23","16","10","6","54","35","19","0","0","0","501","349","152","7","4","3","20","14","6","10","7","3","-2"
"104151","Arizona State University Campus Immersion","2020","Tenured, associate professors","631","361","270","9","2","7","96","57","39","21","10","11","60","34","26","0","0","0","408","236","172","9","3","6","20","13","7","8","6","2","-2"
"104151","Arizona State University Campus Immersion","2020","On-Tenure track total","484","253","231","10","6","4","74","39","35","12","5","7","30","11","19","0","0","0","211","115","96","12","3","9","66","31","35","69","43","26","-2"
"104151","Arizona State University Campus Immersion","2020","On-tenure track, associate professors","20","15","5","1","1","0","2","1","1","1","1","0","0","0","0","0","0","0","12","9","3","0","0","0","4","3","1","0","0","0","-2"
"104151","Arizona State University Campus Immersion","2020","On-tenure track, assistant professors","464","238","226","9","5","4","72","38","34","11","4","7","30","11","19","0","0","0","199","106","93","12","3","9","62","28","34","69","43","26","-2"
"104151","Arizona State University Campus Immersion","2020","Not on tenure track/No tenure system system total","1362","578","784","6","3","3","88","37","51","38","13","25","108","51","57","1","0","1","974","404","570","16","7","9","75","32","43","56","31","25","-2"
"104151","Arizona State University Campus Immersion","2020","Not on tenure/no tenure system, professors","126","66","60","0","0","0","4","3","1","8","4","4","16","8","8","0","0","0","82","45","37","3","2","1","11","2","9","2","2","0","-2"
"104151","Arizona State University Campus Immersion","2020","Not on tenure/no tenure system, associate professors","103","45","58","1","1","0","6","3","3","5","2","3","6","3","3","1","0","1","77","32","45","2","1","1","4","3","1","1","0","1","-2"
"104151","Arizona State University Campus Immersion","2020","Not on tenure/no tenure system, assistant professors","220","75","145","1","1","0","17","9","8","6","0","6","23","9","14","0","0","0","141","41","100","1","0","1","12","3","9","19","12","7","-2"
"104151","Arizona State University Campus Immersion","2020","Not on tenure/no tenure system, instructors","352","140","212","1","0","1","16","2","14","10","5","5","31","14","17","0","0","0","266","106","160","5","2","3","19","9","10","4","2","2","-2"
"104151","Arizona State University Campus Immersion","2020","Not on tenure/no tenure system, lecturers","559","250","309","3","1","2","45","20","25","9","2","7","32","17","15","0","0","0","407","179","228","5","2","3","28","14","14","30","15","15","-2"
"104151","Arizona State University Campus Immersion","2020","Not on tenure/no tenure system, no academic rank","2","2","0","0","0","0","0","0","0","0","0","0","0","0","0","0","0","0","1","1","0","0","0","0","1","1","0","0","0","0","-2"
"104179","University of Arizona","2020","Tenured total","1146","753","393","9","4","5","137","96","41","19","11","8","80","45","35","0","0","0","800","537","263","6","2","4","91","55","36","4","3","1","-2"
"104179","University of Arizona","2020","Tenured, professors","726","499","227","6","3","3","70","52","18","9","5","4","41","24","17","0","0","0","556","384","172","4","1","3","39","29","10","1","1","0","-2"
"104179","University of Arizona","2020","Tenured, associate professors","419","253","166","3","1","2","67","44","23","10","6","4","39","21","18","0","0","0","244","153","91","2","1","1","51","25","26","3","2","1","-2"
"104179","University of Arizona","2020","Tenured, no academic rank","1","1","0","0","0","0","0","0","0","0","0","0","0","0","0","0","0","0","0","0","0","0","0","0","1","1","0","0","0","0","-2"
"104179","University of Arizona","2020","On-Tenure track total","370","203","167","9","5","4","44","26","18","12","6","6","28","14","14","0","0","0","190","105","85","9","2","7","30","19","11","48","26","22","-2"
"104179","University of Arizona","2020","On-tenure track, professors","2","1","1","0","0","0","0","0","0","0","0","0","0","0","0","0","0","0","1","0","1","0","0","0","1","1","0","0","0","0","-2"
"104179","University of Arizona","2020","On-tenure track, associate professors","27","17","10","0","0","0","7","4","3","1","0","1","2","2","0","0","0","0","13","7","6","0","0","0","2","2","0","2","2","0","-2"
"104179","University of Arizona","2020","On-tenure track, assistant professors","341","185","156","9","5","4","37","22","15","11","6","5","26","12","14","0","0","0","176","98","78","9","2","7","27","16","11","46","24","22","-2"
"104179","University of Arizona","2020","Not on tenure track/No tenure system system total","540","235","305","3","2","1","26","10","16","13","7","6","78","30","48","0","0","0","354","153","201","7","3","4","32","19","13","27","11","16","-2"
"104179","University of Arizona","2020","Not on tenure/no tenure system, professors","56","32","24","0","0","0","5","3","2","1","0","1","7","2","5","0","0","0","39","25","14","0","0","0","3","2","1","1","0","1","-2"
"104179","University of Arizona","2020","Not on tenure/no tenure system, associate professors","78","29","49","0","0","0","3","0","3","2","2","0","7","2","5","0","0","0","59","22","37","0","0","0","6","2","4","1","1","0","-2"
"104179","University of Arizona","2020","Not on tenure/no tenure system, assistant professors","156","50","106","1","0","1","4","2","2","4","1","3","22","7","15","0","0","0","99","30","69","4","1","3","9","4","5","13","5","8","-2"
"104179","University of Arizona","2020","Not on tenure/no tenure system, instructors","71","33","38","1","1","0","5","1","4","0","0","0","23","11","12","0","0","0","31","14","17","0","0","0","5","4","1","6","2","4","-2"
"104179","University of Arizona","2020","Not on tenure/no tenure system, lecturers","179","91","88","1","1","0","9","4","5","6","4","2","19","8","11","0","0","0","126","62","64","3","2","1","9","7","2","6","3","3","-2"
"104586","Embry-Riddle Aeronautical University-Prescott","2020","Tenured total","48","37","11","0","0","0","6","3","3","0","0","0","2","2","0","0","0","0","39","31","8","1","1","0","0","0","0","0","0","0","-2"
"104586","Embry-Riddle Aeronautical University-Prescott","2020","Tenured, professors","22","17","5","0","0","0","4","2","2","0","0","0","0","0","0","0","0","0","17","14","3","1","1","0","0","0","0","0","0","0","-2"
"104586","Embry-Riddle Aeronautical University-Prescott","2020","Tenured, associate professors","23","17","6","0","0","0","2","1","1","0","0","0","2","2","0","0","0","0","19","14","5","0","0","0","0","0","0","0","0","0","-2"
"104586","Embry-Riddle Aeronautical University-Prescott","2020","Tenured, assistant professors","3","3","0","0","0","0","0","0","0","0","0","0","0","0","0","0","0","0","3","3","0","0","0","0","0","0","0","0","0","0","-2"
"104586","Embry-Riddle Aeronautical University-Prescott","2020","On-Tenure track total","51","36","15","0","0","0","8","6","2","2","2","0","1","1","0","0","0","0","39","27","12","1","0","1","0","0","0","0","0","0","-2"
"104586","Embry-Riddle Aeronautical University-Prescott","2020","On-tenure track, associate professors","4","3","1","0","0","0","1","1","0","1","1","0","0","0","0","0","0","0","2","1","1","0","0","0","0","0","0","0","0","0","-2"
"104586","Embry-Riddle Aeronautical University-Prescott","2020","On-tenure track, assistant professors","47","33","14","0","0","0","7","5","2","1","1","0","1","1","0","0","0","0","37","26","11","1","0","1","0","0","0","0","0","0","-2"
"104586","Embry-Riddle Aeronautical University-Prescott","2020","Not on tenure track/No tenure system system total","38","27","11","0","0","0","0","0","0","0","0","0","0","0","0","0","0","0","38","27","11","0","0","0","0","0","0","0","0","0","-2"
"104586","Embry-Riddle Aeronautical University-Prescott","2020","Not on tenure/no tenure system, associate professors","4","4","0","0","0","0","0","0","0","0","0","0","0","0","0","0","0","0","4","4","0","0","0","0","0","0","0","0","0","0","-2"
"104586","Embry-Riddle Aeronautical University-Prescott","2020","Not on tenure/no tenure system, assistant professors","18","13","5","0","0","0","0","0","0","0","0","0","0","0","0","0","0","0","18","13","5","0","0","0","0","0","0","0","0","0","-2"
"104586","Embry-Riddle Aeronautical University-Prescott","2020","Not on tenure/no tenure system, instructors","16","10","6","0","0","0","0","0","0","0","0","0","0","0","0","0","0","0","16","10","6","0","0","0","0","0","0","0","0","0","-2"
"105330","Northern Arizona University","2020","Tenured total","404","241","163","12","4","8","25","15","10","5","3","2","24","11","13","1","1","0","309","192","117","3","0","3","20","12","8","5","3","2","-2"
"105330","Northern Arizona University","2020","Tenured, professors","264","161","103","6","2","4","17","9","8","3","2","1","14","5","9","1","1","0","206","132","74","2","0","2","11","8","3","4","2","2","-2"
"105330","Northern Arizona University","2020","Tenured, associate professors","140","80","60","6","2","4","8","6","2","2","1","1","10","6","4","0","0","0","103","60","43","1","0","1","9","4","5","1","1","0","-2"
"105330","Northern Arizona University","2020","On-Tenure track total","129","65","64","8","5","3","12","6","6","2","1","1","7","2","5","0","0","0","79","40","39","5","3","2","6","4","2","10","4","6","-2"
"105330","Northern Arizona University","2020","On-tenure track, associate professors","4","4","0","0","0","0","0","0","0","1","1","0","0","0","0","0","0","0","3","3","0","0","0","0","0","0","0","0","0","0","-2"
"105330","Northern Arizona University","2020","On-tenure track, assistant professors","125","61","64","8","5","3","12","6","6","1","0","1","7","2","5","0","0","0","76","37","39","5","3","2","6","4","2","10","4","6","-2"
"105330","Northern Arizona University","2020","Not on tenure track/No tenure system system total","442","171","271","6","3","3","20","7","13","11","5","6","29","10","19","2","0","2","348","133","215","5","1","4","15","8","7","6","4","2","-2"
"105330","Northern Arizona University","2020","Not on tenure/no tenure system, professors","17","5","12","0","0","0","0","0","0","0","0","0","3","2","1","0","0","0","14","3","11","0","0","0","0","0","0","0","0","0","-2"
"105330","Northern Arizona University","2020","Not on tenure/no tenure system, associate professors","69","27","42","0","0","0","2","1","1","2","0","2","5","1","4","0","0","0","57","24","33","1","0","1","2","1","1","0","0","0","-2"
"105330","Northern Arizona University","2020","Not on tenure/no tenure system, assistant professors","129","39","90","2","1","1","7","3","4","6","3","3","6","0","6","1","0","1","97","29","68","3","1","2","4","1","3","3","1","2","-2"
"105330","Northern Arizona University","2020","Not on tenure/no tenure system, instructors","7","2","5","0","0","0","0","0","0","0","0","0","1","0","1","0","0","0","5","1","4","0","0","0","1","1","0","0","0","0","-2"
"105330","Northern Arizona University","2020","Not on tenure/no tenure system, lecturers","220","98","122","4","2","2","11","3","8","3","2","1","14","7","7","1","0","1","175","76","99","1","0","1","8","5","3","3","3","0","-2"
"110404","California Institute of Technology","2020","Tenured total","266","213","53","0","0","0","40","31","9","3","3","0","8","8","0","0","0","0","212","169","43","0","0","0","0","0","0","3","2","1","-2"
"110404","California Institute of Technology","2020","Tenured, professors","266","213","53","0","0","0","40","31","9","3","3","0","8","8","0","0","0","0","212","169","43","0","0","0","0","0","0","3","2","1","-2"
"110404","California Institute of Technology","2020","On-Tenure track total","43","28","15","0","0","0","5","2","3","2","1","1","2","1","1","0","0","0","27","20","7","0","0","0","0","0","0","7","4","3","-2"
"110404","California Institute of Technology","2020","On-tenure track, associate professors","1","1","0","0","0","0","0","0","0","0","0","0","0","0","0","0","0","0","1","1","0","0","0","0","0","0","0","0","0","0","-2"
"110404","California Institute of Technology","2020","On-tenure track, assistant professors","42","27","15","0","0","0","5","2","3","2","1","1","2","1","1","0","0","0","26","19","7","0","0","0","0","0","0","7","4","3","-2"
"110404","California Institute of Technology","2020","Not on tenure track/No tenure system system total","43","28","15","0","0","0","4","1","3","0","0","0","2","1","1","0","0","0","23","18","5","1","1","0","1","1","0","12","6","6","-2"
"110404","California Institute of Technology","2020","Not on tenure/no tenure system, assistant professors","1","1","0","0","0","0","0","0","0","0","0","0","0","0","0","0","0","0","1","1","0","0","0","0","0","0","0","0","0","0","-2"
"110404","California Institute of Technology","2020","Not on tenure/no tenure system, instructors","20","12","8","0","0","0","0","0","0","0","0","0","0","0","0","0","0","0","6","4","2","1","1","0","1","1","0","12","6","6","-2"
"110404","California Institute of Technology","2020","Not on tenure/no tenure system, lecturers","20","13","7","0","0","0","4","1","3","0","0","0","2","1","1","0","0","0","14","11","3","0","0","0","0","0","0","0","0","0","-2"
"110404","California Institute of Technology","2020","Not on tenure/no tenure system, no academic rank","2","2","0","0","0","0","0","0","0","0","0","0","0","0","0","0","0","0","2","2","0","0","0","0","0","0","0","0","0","0","-2"
"110538","California State University-Chico","2020","Tenured total","261","149","112","1","1","0","29","15","14","4","1","3","10","6","4","0","0","0","195","114","81","4","2","2","17","10","7","1","0","1","-2"
"110538","California State University-Chico","2020","Tenured, professors","169","102","67","1","1","0","18","10","8","3","1","2","7","5","2","0","0","0","132","79","53","2","2","0","6","4","2","0","0","0","-2"
"110538","California State University-Chico","2020","Tenured, associate professors","91","47","44","0","0","0","11","5","6","1","0","1","3","1","2","0","0","0","62","35","27","2","0","2","11","6","5","1","0","1","-2"
"110538","California State University-Chico","2020","Tenured, assistant professors","1","0","1","0","0","0","0","0","0","0","0","0","0","0","0","0","0","0","1","0","1","0","0","0","0","0","0","0","0","0","-2"
"110538","California State University-Chico","2020","On-Tenure track total","150","66","84","3","1","2","13","5","8","6","3","3","5","2","3","0","0","0","98","42","56","3","1","2","12","8","4","10","4","6","-2"
"110538","California State University-Chico","2020","On-tenure track, associate professors","8","5","3","0","0","0","0","0","0","1","0","1","0","0","0","0","0","0","7","5","2","0","0","0","0","0","0","0","0","0","-2"
"110538","California State University-Chico","2020","On-tenure track, assistant professors","142","61","81","3","1","2","13","5","8","5","3","2","5","2","3","0","0","0","91","37","54","3","1","2","12","8","4","10","4","6","-2"
"110538","California State University-Chico","2020","Not on tenure track/No tenure system system total","99","40","59","0","0","0","4","1","3","0","0","0","7","4","3","0","0","0","73","29","44","2","1","1","12","5","7","1","0","1","-2"
"110538","California State University-Chico","2020","Not on tenure/no tenure system, lecturers","99","40","59","0","0","0","4","1","3","0","0","0","7","4","3","0","0","0","73","29","44","2","1","1","12","5","7","1","0","1","-2"
"110635","University of California-Berkeley","2020","Tenured total","1192","802","390","2","0","2","164","104","60","39","24","15","72","47","25","0","0","0","860","591","269","17","9","8","25","20","5","13","7","6","-2"
"110635","University of California-Berkeley","2020","Tenured, professors","841","602","239","1","0","1","111","73","38","26","20","6","43","30","13","0","0","0","632","456","176","6","4","2","15","13","2","7","6","1","-2"
"110635","University of California-Berkeley","2020","Tenured, associate professors","323","185","138","1","0","1","51","30","21","13","4","9","27","16","11","0","0","0","206","122","84","11","5","6","8","7","1","6","1","5","-2"
"110635","University of California-Berkeley","2020","Tenured, lecturers","28","15","13","0","0","0","2","1","1","0","0","0","2","1","1","0","0","0","22","13","9","0","0","0","2","0","2","0","0","0","-2"
"110635","University of California-Berkeley","2020","On-Tenure track total","237","132","105","0","0","0","33","14","19","17","8","9","12","7","5","0","0","0","91","50","41","6","2","4","25","17","8","53","34","19","-2"
"110635","University of California-Berkeley","2020","On-tenure track, professors","9","4","5","0","0","0","3","2","1","2","1","1","0","0","0","0","0","0","4","1","3","0","0","0","0","0","0","0","0","0","-2"
"110635","University of California-Berkeley","2020","On-tenure track, assistant professors","225","126","99","0","0","0","29","12","17","15","7","8","12","7","5","0","0","0","85","47","38","6","2","4","25","17","8","53","34","19","-2"
"110635","University of California-Berkeley","2020","On-tenure track, lecturers","3","2","1","0","0","0","1","0","1","0","0","0","0","0","0","0","0","0","2","2","0","0","0","0","0","0","0","0","0","0","-2"
"110635","University of California-Berkeley","2020","Not on tenure track/No tenure system system total","416","178","238","0","0","0","75","24","51","13","6","7","24","9","15","0","0","0","228","102","126","6","1","5","26","10","16","44","26","18","-2"
"110635","University of California-Berkeley","2020","Not on tenure/no tenure system, professors","35","18","17","0","0","0","2","1","1","1","0","1","0","0","0","0","0","0","27","14","13","1","0","1","0","0","0","4","3","1","-2"
"110635","University of California-Berkeley","2020","Not on tenure/no tenure system, associate professors","22","11","11","0","0","0","7","3","4","0","0","0","2","2","0","0","0","0","10","5","5","1","0","1","1","0","1","1","1","0","-2"
"110635","University of California-Berkeley","2020","Not on tenure/no tenure system, assistant professors","61","30","31","0","0","0","14","4","10","2","1","1","1","1","0","0","0","0","26","11","15","0","0","0","4","2","2","14","11","3","-2"
"110635","University of California-Berkeley","2020","Not on tenure/no tenure system, instructors","1","1","0","0","0","0","0","0","0","0","0","0","0","0","0","0","0","0","0","0","0","0","0","0","1","1","0","0","0","0","-2"
"110635","University of California-Berkeley","2020","Not on tenure/no tenure system, lecturers","281","116","165","0","0","0","50","15","35","10","5","5","19","6","13","0","0","0","161","72","89","4","1","3","16","6","10","21","11","10","-2"
"110635","University of California-Berkeley","2020","Not on tenure/no tenure system, no academic rank","16","2","14","0","0","0","2","1","1","0","0","0","2","0","2","0","0","0","4","0","4","0","0","0","4","1","3","4","0","4","-2"
"110644","University of California-Davis","2020","Tenured total","1282","815","467","5","1","4","218","129","89","25","11","14","77","42","35","0","0","0","859","570","289","7","1","6","62","43","19","29","18","11","-2"
"110644","University of California-Davis","2020","Tenured, professors","954","636","318","5","1","4","156","99","57","14","6","8","46","25","21","0","0","0","676","468","208","3","1","2","38","28","10","16","8","8","-2"
"110644","University of California-Davis","2020","Tenured, associate professors","311","172","139","0","0","0","61","30","31","11","5","6","30","17","13","0","0","0","171","96","75","4","0","4","21","14","7","13","10","3","-2"
"110644","University of California-Davis","2020","Tenured, lecturers","17","7","10","0","0","0","1","0","1","0","0","0","1","0","1","0","0","0","12","6","6","0","0","0","3","1","2","0","0","0","-2"
"110644","University of California-Davis","2020","On-Tenure track total","314","156","158","1","0","1","33","21","12","14","3","11","32","14","18","0","0","0","155","75","80","5","3","2","20","6","14","54","34","20","-2"
"110644","University of California-Davis","2020","On-tenure track, professors","4","3","1","0","0","0","2","2","0","1","0","1","0","0","0","0","0","0","1","1","0","0","0","0","0","0","0","0","0","0","-2"
"110644","University of California-Davis","2020","On-tenure track, assistant professors","281","142","139","1","0","1","31","19","12","10","2","8","31","14","17","0","0","0","133","66","67","4","2","2","20","6","14","51","33","18","-2"
"110644","University of California-Davis","2020","On-tenure track, lecturers","29","11","18","0","0","0","0","0","0","3","1","2","1","0","1","0","0","0","21","8","13","1","1","0","0","0","0","3","1","2","-2"
"110644","University of California-Davis","2020","Not on tenure track/No tenure system system total","1080","551","529","0","0","0","255","126","129","20","6","14","56","25","31","0","0","0","603","320","283","14","5","9","41","24","17","91","45","46","-2"
"110644","University of California-Davis","2020","Not on tenure/no tenure system, professors","289","183","106","0","0","0","78","53","25","2","0","2","13","12","1","0","0","0","189","115","74","3","1","2","0","0","0","4","2","2","-2"
"110644","University of California-Davis","2020","Not on tenure/no tenure system, associate professors","199","94","105","0","0","0","63","32","31","4","1","3","17","5","12","0","0","0","98","50","48","4","2","2","7","3","4","6","1","5","-2"
"110644","University of California-Davis","2020","Not on tenure/no tenure system, assistant professors","348","152","196","0","0","0","93","33","60","11","3","8","13","3","10","0","0","0","151","67","84","5","1","4","15","12","3","60","33","27","-2"
"110644","University of California-Davis","2020","Not on tenure/no tenure system, lecturers","244","122","122","0","0","0","21","8","13","3","2","1","13","5","8","0","0","0","165","88","77","2","1","1","19","9","10","21","9","12","-2"
"110653","University of California-Irvine","2020","Tenured total","1074","686","388","4","3","1","218","138","80","31","19","12","58","33","25","1","1","0","717","471","246","6","2","4","21","14","7","18","5","13","-2"
"110653","University of California-Irvine","2020","Tenured, professors","738","522","216","1","1","0","146","100","46","17","15","2","38","27","11","0","0","0","513","366","147","4","1","3","13","11","2","6","1","5","-2"
"110653","University of California-Irvine","2020","Tenured, associate professors","275","138","137","3","2","1","66","34","32","11","3","8","18","6","12","1","1","0","154","84","70","2","1","1","8","3","5","12","4","8","-2"
"110653","University of California-Irvine","2020","Tenured, lecturers","61","26","35","0","0","0","6","4","2","3","1","2","2","0","2","0","0","0","50","21","29","0","0","0","0","0","0","0","0","0","-2"
"110653","University of California-Irvine","2020","On-Tenure track total","290","141","149","0","0","0","40","15","25","17","10","7","28","12","16","0","0","0","108","53","55","10","5","5","14","5","9","73","41","32","-2"
"110653","University of California-Irvine","2020","On-tenure track, professors","5","1","4","0","0","0","2","1","1","0","0","0","0","0","0","0","0","0","2","0","2","0","0","0","0","0","0","1","0","1","-2"
"110653","University of California-Irvine","2020","On-tenure track, assistant professors","245","121","124","0","0","0","34","12","22","16","10","6","24","10","14","0","0","0","85","41","44","8","5","3","13","5","8","65","38","27","-2"
"110653","University of California-Irvine","2020","On-tenure track, lecturers","40","19","21","0","0","0","4","2","2","1","0","1","4","2","2","0","0","0","21","12","9","2","0","2","1","0","1","7","3","4","-2"
"110653","University of California-Irvine","2020","Not on tenure track/No tenure system system total","761","403","358","2","0","2","255","140","115","17","9","8","40","16","24","0","0","0","331","180","151","9","3","6","36","19","17","71","36","35","-2"
"110653","University of California-Irvine","2020","Not on tenure/no tenure system, professors","189","117","72","0","0","0","74","47","27","4","2","2","12","6","6","0","0","0","89","56","33","0","0","0","6","5","1","4","1","3","-2"
"110653","University of California-Irvine","2020","Not on tenure/no tenure system, associate professors","135","76","59","0","0","0","56","31","25","8","5","3","1","1","0","0","0","0","55","31","24","1","1","0","9","3","6","5","4","1","-2"
"110653","University of California-Irvine","2020","Not on tenure/no tenure system, assistant professors","227","113","114","0","0","0","80","40","40","3","2","1","15","4","11","0","0","0","73","39","34","2","1","1","12","5","7","42","22","20","-2"
"110653","University of California-Irvine","2020","Not on tenure/no tenure system, instructors","47","26","21","0","0","0","17","9","8","0","0","0","3","2","1","0","0","0","9","6","3","1","1","0","6","3","3","11","5","6","-2"
"110653","University of California-Irvine","2020","Not on tenure/no tenure system, lecturers","162","71","91","2","0","2","28","13","15","2","0","2","9","3","6","0","0","0","104","48","56","5","0","5","3","3","0","9","4","5","-2"
"110653","University of California-Irvine","2020","Not on tenure/no tenure system, no academic rank","1","0","1","0","0","0","0","0","0","0","0","0","0","0","0","0","0","0","1","0","1","0","0","0","0","0","0","0","0","0","-2"
"110662","University of California-Los Angeles","2020","Tenured total","1502","998","504","9","2","7","286","193","93","66","37","29","114","78","36","2","1","1","953","639","314","7","3","4","35","22","13","30","23","7","-2"
"110662","University of California-Los Angeles","2020","Tenured, professors","1211","834","377","8","1","7","230","167","63","39","24","15","91","63","28","2","1","1","798","545","253","4","3","1","22","17","5","17","13","4","-2"
"110662","University of California-Los Angeles","2020","Tenured, associate professors","283","160","123","1","1","0","54","26","28","27","13","14","23","15","8","0","0","0","150","91","59","3","0","3","12","4","8","13","10","3","-2"
"110662","University of California-Los Angeles","2020","Tenured, lecturers","8","4","4","0","0","0","2","0","2","0","0","0","0","0","0","0","0","0","5","3","2","0","0","0","1","1","0","0","0","0","-2"
"110662","University of California-Los Angeles","2020","On-Tenure track total","305","160","145","2","1","1","53","29","24","15","5","10","31","15","16","2","0","2","99","50","49","6","3","3","31","20","11","66","37","29","-2"
"110662","University of California-Los Angeles","2020","On-tenure track, professors","7","2","5","0","0","0","2","0","2","1","0","1","0","0","0","0","0","0","2","2","0","0","0","0","0","0","0","2","0","2","-2"
"110662","University of California-Los Angeles","2020","On-tenure track, assistant professors","293","154","139","2","1","1","51","29","22","14","5","9","31","15","16","2","0","2","94","45","49","6","3","3","31","20","11","62","36","26","-2"
"110662","University of California-Los Angeles","2020","On-tenure track, lecturers","5","4","1","0","0","0","0","0","0","0","0","0","0","0","0","0","0","0","3","3","0","0","0","0","0","0","0","2","1","1","-2"
"110662","University of California-Los Angeles","2020","Not on tenure track/No tenure system system total","2335","1246","1089","1","1","0","629","316","313","57","16","41","121","57","64","0","0","0","1116","646","470","34","13","21","161","82","79","216","115","101","-2"
"110662","University of California-Los Angeles","2020","Not on tenure/no tenure system, professors","494","329","165","0","0","0","113","75","38","9","4","5","21","14","7","0","0","0","326","218","108","1","0","1","13","10","3","11","8","3","-2"
"110662","University of California-Los Angeles","2020","Not on tenure/no tenure system, associate professors","338","182","156","0","0","0","108","57","51","5","1","4","19","10","9","0","0","0","184","104","80","2","1","1","14","7","7","6","2","4","-2"
"110662","University of California-Los Angeles","2020","Not on tenure/no tenure system, assistant professors","855","439","416","0","0","0","262","124","138","22","5","17","42","16","26","0","0","0","337","191","146","22","8","14","65","35","30","105","60","45","-2"
"110662","University of California-Los Angeles","2020","Not on tenure/no tenure system, instructors","369","173","196","1","1","0","101","42","59","10","2","8","15","7","8","0","0","0","122","65","57","7","3","4","37","18","19","76","35","41","-2"
"110662","University of California-Los Angeles","2020","Not on tenure/no tenure system, lecturers","273","120","153","0","0","0","45","18","27","8","3","5","23","9","14","0","0","0","146","68","78","2","1","1","31","11","20","18","10","8","-2"
"110662","University of California-Los Angeles","2020","Not on tenure/no tenure system, no academic rank","6","3","3","0","0","0","0","0","0","3","1","2","1","1","0","0","0","0","1","0","1","0","0","0","1","1","0","0","0","0","-2"
"110680","University of California-San Diego","2020","Tenured total","1136","838","298","1","1","0","209","158","51","28","13","15","66","47","19","0","0","0","789","584","205","7","5","2","14","11","3","22","19","3","-2"
"110680","University of California-San Diego","2020","Tenured, professors","828","650","178","1","1","0","156","125","31","12","5","7","47","35","12","0","0","0","589","462","127","2","2","0","5","5","0","16","15","1","-2"
"110680","University of California-San Diego","2020","Tenured, associate professors","254","156","98","0","0","0","50","32","18","13","6","7","18","11","7","0","0","0","155","95","60","5","3","2","7","5","2","6","4","2","-2"
"110680","University of California-San Diego","2020","Tenured, lecturers","54","32","22","0","0","0","3","1","2","3","2","1","1","1","0","0","0","0","45","27","18","0","0","0","2","1","1","0","0","0","-2"
"110680","University of California-San Diego","2020","On-Tenure track total","330","184","146","0","0","0","47","25","22","14","4","10","32","15","17","1","1","0","151","83","68","6","1","5","8","5","3","71","50","21","-2"
"110680","University of California-San Diego","2020","On-tenure track, assistant professors","283","158","125","0","0","0","40","24","16","12","2","10","32","15","17","1","1","0","117","62","55","6","1","5","8","5","3","67","48","19","-2"
"110680","University of California-San Diego","2020","On-tenure track, lecturers","47","26","21","0","0","0","7","1","6","2","2","0","0","0","0","0","0","0","34","21","13","0","0","0","0","0","0","4","2","2","-2"
"110680","University of California-San Diego","2020","Not on tenure track/No tenure system system total","1306","682","624","3","2","1","300","148","152","13","7","6","95","54","41","0","0","0","797","420","377","8","4","4","27","11","16","63","36","27","-2"
"110680","University of California-San Diego","2020","Not on tenure/no tenure system, professors","404","247","157","0","0","0","80","42","38","4","4","0","27","17","10","0","0","0","282","176","106","1","1","0","2","1","1","8","6","2","-2"
"110680","University of California-San Diego","2020","Not on tenure/no tenure system, associate professors","310","161","149","2","1","1","93","51","42","1","0","1","21","11","10","0","0","0","179","90","89","5","3","2","1","0","1","8","5","3","-2"
"110680","University of California-San Diego","2020","Not on tenure/no tenure system, assistant professors","403","189","214","1","1","0","102","47","55","6","1","5","34","18","16","0","0","0","214","101","113","1","0","1","14","5","9","31","16","15","-2"
"110680","University of California-San Diego","2020","Not on tenure/no tenure system, lecturers","189","85","104","0","0","0","25","8","17","2","2","0","13","8","5","0","0","0","122","53","69","1","0","1","10","5","5","16","9","7","-2"
"115755","Humboldt State University","2020","Tenured total","161","86","75","2","0","2","10","6","4","3","1","2","7","2","5","0","0","0","126","73","53","1","0","1","11","4","7","1","0","1","-2"
"115755","Humboldt State University","2020","Tenured, professors","102","60","42","1","0","1","5","5","0","1","1","0","3","1","2","0","0","0","88","52","36","1","0","1","3","1","2","0","0","0","-2"
"115755","Humboldt State University","2020","Tenured, associate professors","58","25","33","1","0","1","5","1","4","2","0","2","4","1","3","0","0","0","37","20","17","0","0","0","8","3","5","1","0","1","-2"
"115755","Humboldt State University","2020","Tenured, assistant professors","1","1","0","0","0","0","0","0","0","0","0","0","0","0","0","0","0","0","1","1","0","0","0","0","0","0","0","0","0","0","-2"
"115755","Humboldt State University","2020","On-Tenure track total","66","25","41","4","0","4","4","2","2","2","2","0","7","1","6","0","0","0","35","13","22","1","1","0","8","3","5","5","3","2","-2"
"115755","Humboldt State University","2020","On-tenure track, associate professors","3","2","1","0","0","0","0","0","0","0","0","0","0","0","0","0","0","0","3","2","1","0","0","0","0","0","0","0","0","0","-2"
"115755","Humboldt State University","2020","On-tenure track, assistant professors","63","23","40","4","0","4","4","2","2","2","2","0","7","1","6","0","0","0","32","11","21","1","1","0","8","3","5","5","3","2","-2"
"115755","Humboldt State University","2020","Not on tenure track/No tenure system system total","54","23","31","1","0","1","0","0","0","0","0","0","3","1","2","0","0","0","44","18","26","1","1","0","5","3","2","0","0","0","-2"
"115755","Humboldt State University","2020","Not on tenure/no tenure system, lecturers","54","23","31","1","0","1","0","0","0","0","0","0","3","1","2","0","0","0","44","18","26","1","1","0","5","3","2","0","0","0","-2"
"119678","Naval Postgraduate School","2020","Tenured total","141","111","30","0","0","0","15","9","6","0","0","0","8","6","2","2","2","0","116","94","22","0","0","0","0","0","0","0","0","0","-2"
"119678","Naval Postgraduate School","2020","Tenured, professors","76","63","13","0","0","0","12","8","4","0","0","0","6","5","1","1","1","0","57","49","8","0","0","0","0","0","0","0","0","0","-2"
"119678","Naval Postgraduate School","2020","Tenured, associate professors","65","48","17","0","0","0","3","1","2","0","0","0","2","1","1","1","1","0","59","45","14","0","0","0","0","0","0","0","0","0","-2"
"119678","Naval Postgraduate School","2020","On-Tenure track total","58","47","11","0","0","0","3","3","0","0","0","0","2","2","0","0","0","0","52","41","11","1","1","0","0","0","0","0","0","0","-2"
"119678","Naval Postgraduate School","2020","On-tenure track, associate professors","10","10","0","0","0","0","1","1","0","0","0","0","1","1","0","0","0","0","8","8","0","0","0","0","0","0","0","0","0","0","-2"
"119678","Naval Postgraduate School","2020","On-tenure track, assistant professors","48","37","11","0","0","0","2","2","0","0","0","0","1","1","0","0","0","0","44","33","11","1","1","0","0","0","0","0","0","0","-2"
"119678","Naval Postgraduate School","2020","Not on tenure track/No tenure system system total","95","81","14","1","0","1","3","1","2","2","2","0","3","2","1","0","0","0","85","75","10","0","0","0","1","1","0","0","0","0","-2"
"119678","Naval Postgraduate School","2020","Not on tenure/no tenure system, professors","15","13","2","0","0","0","1","0","1","1","1","0","0","0","0","0","0","0","13","12","1","0","0","0","0","0","0","0","0","0","-2"
"119678","Naval Postgraduate School","2020","Not on tenure/no tenure system, lecturers","80","68","12","1","0","1","2","1","1","1","1","0","3","2","1","0","0","0","72","63","9","0","0","0","1","1","0","0","0","0","-2"
"122409","San Diego State University","2020","Tenured total","553","326","227","3","2","1","87","49","38","20","13","7","48","28","20","0","0","0","363","214","149","4","2","2","20","12","8","8","6","2","-2"
"122409","San Diego State University","2020","Tenured, professors","311","196","115","1","1","0","44","25","19","10","8","2","24","13","11","0","0","0","220","141","79","1","0","1","8","5","3","3","3","0","-2"
"122409","San Diego State University","2020","Tenured, associate professors","234","127","107","2","1","1","42","23","19","9","5","4","22","14","8","0","0","0","141","73","68","2","2","0","11","6","5","5","3","2","-2"
"122409","San Diego State University","2020","Tenured, assistant professors","4","1","3","0","0","0","1","1","0","1","0","1","1","0","1","0","0","0","0","0","0","1","0","1","0","0","0","0","0","0","-2"
"122409","San Diego State University","2020","Tenured, no academic rank","4","2","2","0","0","0","0","0","0","0","0","0","1","1","0","0","0","0","2","0","2","0","0","0","1","1","0","0","0","0","-2"
"122409","San Diego State University","2020","On-Tenure track total","209","105","104","2","1","1","32","18","14","6","3","3","27","15","12","0","0","0","77","40","37","4","2","2","27","9","18","34","17","17","-2"
"122409","San Diego State University","2020","On-tenure track, associate professors","5","2","3","0","0","0","1","0","1","0","0","0","2","2","0","0","0","0","1","0","1","0","0","0","1","0","1","0","0","0","-2"
"122409","San Diego State University","2020","On-tenure track, assistant professors","204","103","101","2","1","1","31","18","13","6","3","3","25","13","12","0","0","0","76","40","36","4","2","2","26","9","17","34","17","17","-2"
"122409","San Diego State University","2020","Not on tenure track/No tenure system system total","192","76","116","3","3","0","10","1","9","4","2","2","22","8","14","2","0","2","138","55","83","6","4","2","5","2","3","2","1","1","-2"
"122409","San Diego State University","2020","Not on tenure/no tenure system, lecturers","192","76","116","3","3","0","10","1","9","4","2","2","22","8","14","2","0","2","138","55","83","6","4","2","5","2","3","2","1","1","-2"
"122597","San Francisco State University","2020","Tenured total","528","258","270","6","4","2","138","62","76","21","11","10","31","14","17","0","0","0","290","154","136","11","4","7","26","8","18","5","1","4","-2"
"122597","San Francisco State University","2020","Tenured, professors","352","184","168","2","1","1","92","46","46","15","8","7","24","13","11","0","0","0","193","106","87","8","3","5","17","7","10","1","0","1","-2"
"122597","San Francisco State University","2020","Tenured, associate professors","171","72","99","4","3","1","46","16","30","6","3","3","5","1","4","0","0","0","94","46","48","3","1","2","9","1","8","4","1","3","-2"
"122597","San Francisco State University","2020","Tenured, assistant professors","2","1","1","0","0","0","0","0","0","0","0","0","1","0","1","0","0","0","1","1","0","0","0","0","0","0","0","0","0","0","-2"
"122597","San Francisco State University","2020","Tenured, no academic rank","3","1","2","0","0","0","0","0","0","0","0","0","1","0","1","0","0","0","2","1","1","0","0","0","0","0","0","0","0","0","-2"
"122597","San Francisco State University","2020","On-Tenure track total","184","62","122","6","2","4","39","14","25","11","6","5","10","3","7","2","1","1","84","28","56","0","0","0","8","1","7","24","7","17","-2"
"122597","San Francisco State University","2020","On-tenure track, associate professors","2","0","2","0","0","0","0","0","0","0","0","0","0","0","0","0","0","0","2","0","2","0","0","0","0","0","0","0","0","0","-2"
"122597","San Francisco State University","2020","On-tenure track, assistant professors","182","62","120","6","2","4","39","14","25","11","6","5","10","3","7","2","1","1","82","28","54","0","0","0","8","1","7","24","7","17","-2"
"122597","San Francisco State University","2020","Not on tenure track/No tenure system system total","128","79","49","1","1","0","25","13","12","4","1","3","12","9","3","0","0","0","78","50","28","2","1","1","4","3","1","2","1","1","-2"
"122597","San Francisco State University","2020","Not on tenure/no tenure system, lecturers","128","79","49","1","1","0","25","13","12","4","1","3","12","9","3","0","0","0","78","50","28","2","1","1","4","3","1","2","1","1","-2"
"122755","San Jose State University","2020","Tenured total","427","216","211","2","2","0","111","55","56","12","7","5","30","17","13","1","0","1","226","109","117","2","1","1","39","23","16","4","2","2","-2"
"122755","San Jose State University","2020","Tenured, professors","285","154","131","1","1","0","82","47","35","3","2","1","18","12","6","0","0","0","156","79","77","2","1","1","23","12","11","0","0","0","-2"
"122755","San Jose State University","2020","Tenured, associate professors","137","58","79","1","1","0","28","7","21","9","5","4","11","4","7","1","0","1","68","29","39","0","0","0","15","10","5","4","2","2","-2"
"122755","San Jose State University","2020","Tenured, assistant professors","3","3","0","0","0","0","1","1","0","0","0","0","1","1","0","0","0","0","1","1","0","0","0","0","0","0","0","0","0","0","-2"
"122755","San Jose State University","2020","Tenured, no academic rank","2","1","1","0","0","0","0","0","0","0","0","0","0","0","0","0","0","0","1","0","1","0","0","0","1","1","0","0","0","0","-2"
"122755","San Jose State University","2020","On-Tenure track total","280","122","158","2","1","1","48","15","33","12","3","9","18","11","7","0","0","0","125","57","68","12","7","5","25","8","17","38","20","18","-2"
"122755","San Jose State University","2020","On-tenure track, associate professors","6","1","5","0","0","0","4","1","3","0","0","0","0","0","0","0","0","0","1","0","1","0","0","0","0","0","0","1","0","1","-2"
"122755","San Jose State University","2020","On-tenure track, assistant professors","274","121","153","2","1","1","44","14","30","12","3","9","18","11","7","0","0","0","124","57","67","12","7","5","25","8","17","37","20","17","-2"
"122755","San Jose State University","2020","Not on tenure track/No tenure system system total","177","66","111","1","1","0","33","14","19","4","1","3","12","2","10","0","0","0","105","39","66","5","2","3","16","7","9","1","0","1","-2"
"122755","San Jose State University","2020","Not on tenure/no tenure system, lecturers","177","66","111","1","1","0","33","14","19","4","1","3","12","2","10","0","0","0","105","39","66","5","2","3","16","7","9","1","0","1","-2"
"123961","University of Southern California","2020","Tenured total","1174","822","352","3","3","0","190","135","55","35","20","15","55","33","22","0","0","0","833","597","236","24","15","9","32","17","15","2","2","0","-2"
"123961","University of Southern California","2020","Tenured, professors","820","606","214","2","2","0","127","95","32","16","13","3","31","21","10","0","0","0","619","459","160","10","7","3","15","9","6","0","0","0","-2"
"123961","University of Southern California","2020","Tenured, associate professors","354","216","138","1","1","0","63","40","23","19","7","12","24","12","12","0","0","0","214","138","76","14","8","6","17","8","9","2","2","0","-2"
"123961","University of Southern California","2020","On-Tenure track total","312","180","132","1","0","1","57","36","21","15","6","9","24","13","11","0","0","0","107","55","52","4","2","2","58","36","22","46","32","14","-2"
"123961","University of Southern California","2020","On-tenure track, professors","1","1","0","0","0","0","0","0","0","0","0","0","0","0","0","0","0","0","1","1","0","0","0","0","0","0","0","0","0","0","-2"
"123961","University of Southern California","2020","On-tenure track, associate professors","6","3","3","0","0","0","0","0","0","0","0","0","0","0","0","0","0","0","6","3","3","0","0","0","0","0","0","0","0","0","-2"
"123961","University of Southern California","2020","On-tenure track, assistant professors","305","176","129","1","0","1","57","36","21","15","6","9","24","13","11","0","0","0","100","51","49","4","2","2","58","36","22","46","32","14","-2"
"123961","University of Southern California","2020","Not on tenure track/No tenure system system total","917","435","482","4","2","2","86","39","47","48","16","32","76","32","44","0","0","0","599","293","306","22","9","13","58","32","26","24","12","12","-2"
"123961","University of Southern California","2020","Not on tenure/no tenure system, professors","218","115","103","1","1","0","19","10","9","11","7","4","16","8","8","0","0","0","158","81","77","4","3","1","8","5","3","1","0","1","-2"
"123961","University of Southern California","2020","Not on tenure/no tenure system, associate professors","325","144","181","1","1","0","23","13","10","20","3","17","19","7","12","0","0","0","235","107","128","12","4","8","11","7","4","4","2","2","-2"
"123961","University of Southern California","2020","Not on tenure/no tenure system, assistant professors","203","96","107","2","0","2","17","6","11","10","4","6","19","9","10","0","0","0","122","58","64","3","1","2","20","12","8","10","6","4","-2"
"123961","University of Southern California","2020","Not on tenure/no tenure system, instructors","1","1","0","0","0","0","0","0","0","0","0","0","0","0","0","0","0","0","0","0","0","1","1","0","0","0","0","0","0","0","-2"
"123961","University of Southern California","2020","Not on tenure/no tenure system, lecturers","170","79","91","0","0","0","27","10","17","7","2","5","22","8","14","0","0","0","84","47","37","2","0","2","19","8","11","9","4","5","-2"
"126614","University of Colorado Boulder","2020","Tenured total","887","585","302","5","3","2","105","58","47","14","10","4","48","35","13","1","1","0","651","439","212","7","1","6","52","36","16","4","2","2","-2"
"126614","University of Colorado Boulder","2020","Tenured, professors","528","381","147","4","2","2","57","34","23","8","6","2","24","22","2","1","1","0","407","297","110","2","1","1","24","18","6","1","0","1","-2"
"126614","University of Colorado Boulder","2020","Tenured, associate professors","359","204","155","1","1","0","48","24","24","6","4","2","24","13","11","0","0","0","244","142","102","5","0","5","28","18","10","3","2","1","-2"
"126614","University of Colorado Boulder","2020","On-Tenure track total","355","202","153","1","0","1","31","22","9","7","3","4","33","17","16","3","1","2","171","99","72","4","1","3","74","38","36","31","21","10","-2"
"126614","University of Colorado Boulder","2020","On-tenure track, associate professors","17","10","7","0","0","0","2","1","1","0","0","0","1","1","0","0","0","0","12","7","5","0","0","0","1","0","1","1","1","0","-2"
"126614","University of Colorado Boulder","2020","On-tenure track, assistant professors","338","192","146","1","0","1","29","21","8","7","3","4","32","16","16","3","1","2","159","92","67","4","1","3","73","38","35","30","20","10","-2"
"126614","University of Colorado Boulder","2020","Not on tenure track/No tenure system system total","469","223","246","1","1","0","29","7","22","10","5","5","16","7","9","0","0","0","350","173","177","2","1","1","51","25","26","10","4","6","-2"
"126614","University of Colorado Boulder","2020","Not on tenure/no tenure system, instructors","469","223","246","1","1","0","29","7","22","10","5","5","16","7","9","0","0","0","350","173","177","2","1","1","51","25","26","10","4","6","-2"
"126818","Colorado State University-Fort Collins","2020","Tenured total","776","489","287","2","1","1","61","39","22","4","4","0","44","24","20","0","0","0","638","405","233","10","5","5","0","0","0","17","11","6","-2"
"126818","Colorado State University-Fort Collins","2020","Tenured, professors","464","313","151","1","0","1","38","32","6","2","2","0","27","16","11","0","0","0","392","261","131","2","1","1","0","0","0","2","1","1","-2"
"126818","Colorado State University-Fort Collins","2020","Tenured, associate professors","310","176","134","1","1","0","23","7","16","2","2","0","17","8","9","0","0","0","244","144","100","8","4","4","0","0","0","15","10","5","-2"
"126818","Colorado State University-Fort Collins","2020","Tenured, assistant professors","2","0","2","0","0","0","0","0","0","0","0","0","0","0","0","0","0","0","2","0","2","0","0","0","0","0","0","0","0","0","-2"
"126818","Colorado State University-Fort Collins","2020","On-Tenure track total","286","148","138","1","0","1","28","17","11","6","3","3","16","6","10","0","0","0","193","97","96","9","4","5","0","0","0","33","21","12","-2"
"126818","Colorado State University-Fort Collins","2020","On-tenure track, professors","6","2","4","1","0","1","0","0","0","0","0","0","1","0","1","0","0","0","4","2","2","0","0","0","0","0","0","0","0","0","-2"
"126818","Colorado State University-Fort Collins","2020","On-tenure track, associate professors","14","8","6","0","0","0","0","0","0","2","1","1","0","0","0","0","0","0","12","7","5","0","0","0","0","0","0","0","0","0","-2"
"126818","Colorado State University-Fort Collins","2020","On-tenure track, assistant professors","266","138","128","0","0","0","28","17","11","4","2","2","15","6","9","0","0","0","177","88","89","9","4","5","0","0","0","33","21","12","-2"
"126818","Colorado State University-Fort Collins","2020","Not on tenure track/No tenure system system total","400","160","240","1","0","1","12","5","7","2","0","2","24","5","19","0","0","0","338","140","198","6","1","5","2","2","0","15","7","8","-2"
"126818","Colorado State University-Fort Collins","2020","Not on tenure/no tenure system, professors","12","8","4","0","0","0","2","1","1","0","0","0","1","0","1","0","0","0","9","7","2","0","0","0","0","0","0","0","0","0","-2"
"126818","Colorado State University-Fort Collins","2020","Not on tenure/no tenure system, associate professors","46","16","30","0","0","0","2","2","0","0","0","0","2","0","2","0","0","0","38","13","25","1","0","1","0","0","0","3","1","2","-2"
"126818","Colorado State University-Fort Collins","2020","Not on tenure/no tenure system, assistant professors","125","44","81","0","0","0","4","1","3","1","0","1","8","1","7","0","0","0","103","36","67","2","0","2","1","1","0","6","5","1","-2"
"126818","Colorado State University-Fort Collins","2020","Not on tenure/no tenure system, instructors","217","92","125","1","0","1","4","1","3","1","0","1","13","4","9","0","0","0","188","84","104","3","1","2","1","1","0","6","1","5","-2"
"127060","University of Denver","2020","Tenured total","358","205","153","0","0","0","35","18","17","11","3","8","19","12","7","0","0","0","254","147","107","3","3","0","36","22","14","0","0","0","-2"
"127060","University of Denver","2020","Tenured, professors","187","120","67","0","0","0","16","10","6","2","1","1","10","5","5","0","0","0","136","88","48","3","3","0","20","13","7","0","0","0","-2"
"127060","University of Denver","2020","Tenured, associate professors","171","85","86","0","0","0","19","8","11","9","2","7","9","7","2","0","0","0","118","59","59","0","0","0","16","9","7","0","0","0","-2"
"127060","University of Denver","2020","On-Tenure track total","129","67","62","3","0","3","13","7","6","7","4","3","10","5","5","0","0","0","70","38","32","7","2","5","13","7","6","6","4","2","-2"
"127060","University of Denver","2020","On-tenure track, associate professors","1","0","1","0","0","0","0","0","0","0","0","0","0","0","0","0","0","0","0","0","0","1","0","1","0","0","0","0","0","0","-2"
"127060","University of Denver","2020","On-tenure track, assistant professors","127","66","61","3","0","3","12","6","6","7","4","3","10","5","5","0","0","0","70","38","32","6","2","4","13","7","6","6","4","2","-2"
"127060","University of Denver","2020","On-tenure track, instructors","1","1","0","0","0","0","1","1","0","0","0","0","0","0","0","0","0","0","0","0","0","0","0","0","0","0","0","0","0","0","-2"
"127060","University of Denver","2020","Not on tenure track/No tenure system system total","255","113","142","2","1","1","10","3","7","6","3","3","20","10","10","1","1","0","183","79","104","10","3","7","16","8","8","7","5","2","-2"
"127060","University of Denver","2020","Not on tenure/no tenure system, professors","32","18","14","0","0","0","1","0","1","0","0","0","1","1","0","0","0","0","29","17","12","1","0","1","0","0","0","0","0","0","-2"
"127060","University of Denver","2020","Not on tenure/no tenure system, associate professors","23","6","17","1","0","1","0","0","0","0","0","0","1","1","0","0","0","0","16","3","13","1","0","1","4","2","2","0","0","0","-2"
"127060","University of Denver","2020","Not on tenure/no tenure system, assistant professors","59","26","33","0","0","0","2","1","1","4","1","3","5","2","3","1","1","0","37","17","20","4","2","2","4","1","3","2","1","1","-2"
"127060","University of Denver","2020","Not on tenure/no tenure system, lecturers","141","63","78","1","1","0","7","2","5","2","2","0","13","6","7","0","0","0","101","42","59","4","1","3","8","5","3","5","4","1","-2"
"127565","Metropolitan State University of Denver","2020","Tenured total","334","177","157","2","1","1","27","18","9","14","8","6","27","13","14","0","0","0","260","134","126","3","3","0","1","0","1","0","0","0","-2"
"127565","Metropolitan State University of Denver","2020","Tenured, professors","219","123","96","2","1","1","20","12","8","8","5","3","14","9","5","0","0","0","171","93","78","3","3","0","1","0","1","0","0","0","-2"
"127565","Metropolitan State University of Denver","2020","Tenured, associate professors","114","54","60","0","0","0","7","6","1","6","3","3","13","4","9","0","0","0","88","41","47","0","0","0","0","0","0","0","0","0","-2"
"127565","Metropolitan State University of Denver","2020","Tenured, assistant professors","1","0","1","0","0","0","0","0","0","0","0","0","0","0","0","0","0","0","1","0","1","0","0","0","0","0","0","0","0","0","-2"
"127565","Metropolitan State University of Denver","2020","On-Tenure track total","112","46","66","1","0","1","11","2","9","5","2","3","15","11","4","1","1","0","59","23","36","3","1","2","17","6","11","0","0","0","-2"
"127565","Metropolitan State University of Denver","2020","On-tenure track, professors","1","0","1","0","0","0","0","0","0","0","0","0","0","0","0","0","0","0","1","0","1","0","0","0","0","0","0","0","0","0","-2"
"127565","Metropolitan State University of Denver","2020","On-tenure track, associate professors","22","9","13","0","0","0","1","0","1","0","0","0","3","1","2","0","0","0","16","7","9","0","0","0","2","1","1","0","0","0","-2"
"127565","Metropolitan State University of Denver","2020","On-tenure track, assistant professors","88","36","52","1","0","1","10","2","8","5","2","3","12","10","2","1","1","0","41","15","26","3","1","2","15","5","10","0","0","0","-2"
"127565","Metropolitan State University of Denver","2020","On-tenure track, lecturers","1","1","0","0","0","0","0","0","0","0","0","0","0","0","0","0","0","0","1","1","0","0","0","0","0","0","0","0","0","0","-2"
"127565","Metropolitan State University of Denver","2020","Not on tenure track/No tenure system system total","112","47","65","0","0","0","5","0","5","6","4","2","11","6","5","0","0","0","85","36","49","1","0","1","4","1","3","0","0","0","-2"
"127565","Metropolitan State University of Denver","2020","Not on tenure/no tenure system, professors","1","0","1","0","0","0","0","0","0","0","0","0","0","0","0","0","0","0","1","0","1","0","0","0","0","0","0","0","0","0","-2"
"127565","Metropolitan State University of Denver","2020","Not on tenure/no tenure system, assistant professors","3","2","1","0","0","0","1","0","1","0","0","0","1","1","0","0","0","0","1","1","0","0","0","0","0","0","0","0","0","0","-2"
"127565","Metropolitan State University of Denver","2020","Not on tenure/no tenure system, lecturers","108","45","63","0","0","0","4","0","4","6","4","2","10","5","5","0","0","0","83","35","48","1","0","1","4","1","3","0","0","0","-2"
"127741","University of Northern Colorado","2020","Tenured total","272","148","124","2","1","1","10","7","3","4","4","0","11","5","6","0","0","0","202","104","98","2","2","0","31","18","13","10","7","3","-2"
"127741","University of Northern Colorado","2020","Tenured, professors","177","98","79","2","1","1","8","6","2","4","4","0","8","3","5","0","0","0","126","66","60","1","1","0","25","14","11","3","3","0","-2"
"127741","University of Northern Colorado","2020","Tenured, associate professors","95","50","45","0","0","0","2","1","1","0","0","0","3","2","1","0","0","0","76","38","38","1","1","0","6","4","2","7","4","3","-2"
"127741","University of Northern Colorado","2020","On-Tenure track total","74","32","42","0","0","0","4","1","3","1","1","0","5","3","2","1","0","1","53","22","31","1","0","1","3","2","1","6","3","3","-2"
"127741","University of Northern Colorado","2020","On-tenure track, professors","1","1","0","0","0","0","0","0","0","0","0","0","0","0","0","0","0","0","1","1","0","0","0","0","0","0","0","0","0","0","-2"
"127741","University of Northern Colorado","2020","On-tenure track, associate professors","4","2","2","0","0","0","0","0","0","0","0","0","1","0","1","0","0","0","3","2","1","0","0","0","0","0","0","0","0","0","-2"
"127741","University of Northern Colorado","2020","On-tenure track, assistant professors","69","29","40","0","0","0","4","1","3","1","1","0","4","3","1","1","0","1","49","19","30","1","0","1","3","2","1","6","3","3","-2"
"127741","University of Northern Colorado","2020","Not on tenure track/No tenure system system total","95","25","70","0","0","0","2","0","2","1","1","0","5","1","4","1","0","1","77","20","57","2","1","1","5","2","3","2","0","2","-2"
"127741","University of Northern Colorado","2020","Not on tenure/no tenure system, professors","2","2","0","0","0","0","0","0","0","0","0","0","0","0","0","0","0","0","1","1","0","0","0","0","1","1","0","0","0","0","-2"
"127741","University of Northern Colorado","2020","Not on tenure/no tenure system, associate professors","12","2","10","0","0","0","0","0","0","1","1","0","0","0","0","0","0","0","9","1","8","0","0","0","1","0","1","1","0","1","-2"
"127741","University of Northern Colorado","2020","Not on tenure/no tenure system, assistant professors","32","11","21","0","0","0","1","0","1","0","0","0","2","1","1","0","0","0","26","9","17","0","0","0","2","1","1","1","0","1","-2"
"127741","University of Northern Colorado","2020","Not on tenure/no tenure system, instructors","12","2","10","0","0","0","1","0","1","0","0","0","1","0","1","0","0","0","8","1","7","2","1","1","0","0","0","0","0","0","-2"
"127741","University of Northern Colorado","2020","Not on tenure/no tenure system, lecturers","37","8","29","0","0","0","0","0","0","0","0","0","2","0","2","1","0","1","33","8","25","0","0","0","1","0","1","0","0","0","-2"
"128328","United States Air Force Academy","2020","Not on tenure track/No tenure system system total","228","156","72","0","0","0","10","7","3","3","2","1","3","3","0","0","0","0","210","143","67","2","1","1","0","0","0","0","0","0","-2"
"128328","United States Air Force Academy","2020","Not on tenure/no tenure system, professors","63","48","15","0","0","0","3","2","1","0","0","0","1","1","0","0","0","0","59","45","14","0","0","0","0","0","0","0","0","0","-2"
"128328","United States Air Force Academy","2020","Not on tenure/no tenure system, associate professors","50","37","13","0","0","0","0","0","0","1","0","1","0","0","0","0","0","0","49","37","12","0","0","0","0","0","0","0","0","0","-2"
"128328","United States Air Force Academy","2020","Not on tenure/no tenure system, assistant professors","95","58","37","0","0","0","7","5","2","2","2","0","2","2","0","0","0","0","82","48","34","2","1","1","0","0","0","0","0","0","-2"
"128328","United States Air Force Academy","2020","Not on tenure/no tenure system, instructors","20","13","7","0","0","0","0","0","0","0","0","0","0","0","0","0","0","0","20","13","7","0","0","0","0","0","0","0","0","0","-2"
"130776","Western Connecticut State University","2020","Tenured total","148","72","76","0","0","0","18","9","9","8","5","3","7","4","3","0","0","0","107","49","58","0","0","0","8","5","3","0","0","0","-2"
"130776","Western Connecticut State University","2020","Tenured, professors","101","54","47","0","0","0","8","3","5","5","3","2","6","4","2","0","0","0","76","40","36","0","0","0","6","4","2","0","0","0","-2"
"130776","Western Connecticut State University","2020","Tenured, associate professors","44","17","27","0","0","0","10","6","4","3","2","1","1","0","1","0","0","0","28","8","20","0","0","0","2","1","1","0","0","0","-2"
"130776","Western Connecticut State University","2020","Tenured, assistant professors","3","1","2","0","0","0","0","0","0","0","0","0","0","0","0","0","0","0","3","1","2","0","0","0","0","0","0","0","0","0","-2"
"130776","Western Connecticut State University","2020","On-Tenure track total","59","29","30","0","0","0","4","3","1","1","0","1","5","1","4","0","0","0","47","23","24","0","0","0","2","2","0","0","0","0","-2"
"130776","Western Connecticut State University","2020","On-tenure track, associate professors","13","8","5","0","0","0","1","1","0","1","0","1","0","0","0","0","0","0","10","6","4","0","0","0","1","1","0","0","0","0","-2"
"130776","Western Connecticut State University","2020","On-tenure track, assistant professors","45","21","24","0","0","0","3","2","1","0","0","0","5","1","4","0","0","0","36","17","19","0","0","0","1","1","0","0","0","0","-2"
"130776","Western Connecticut State University","2020","On-tenure track, instructors","1","0","1","0","0","0","0","0","0","0","0","0","0","0","0","0","0","0","1","0","1","0","0","0","0","0","0","0","0","0","-2"
"130776","Western Connecticut State University","2020","Not on tenure track/No tenure system system total","6","2","4","0","0","0","0","0","0","1","0","1","0","0","0","0","0","0","5","2","3","0","0","0","0","0","0","0","0","0","-2"
"130776","Western Connecticut State University","2020","Not on tenure/no tenure system, assistant professors","4","2","2","0","0","0","0","0","0","1","0","1","0","0","0","0","0","0","3","2","1","0","0","0","0","0","0","0","0","0","-2"
"130776","Western Connecticut State University","2020","Not on tenure/no tenure system, instructors","2","0","2","0","0","0","0","0","0","0","0","0","0","0","0","0","0","0","2","0","2","0","0","0","0","0","0","0","0","0","-2"
"130794","Yale University","2020","Tenured total","1096","795","301","1","1","0","139","95","44","38","23","15","44","29","15","1","1","0","833","625","208","3","1","2","22","10","12","15","10","5","-2"
"130794","Yale University","2020","Tenured, professors","965","714","251","1","1","0","109","74","35","33","21","12","36","27","9","1","1","0","753","572","181","3","1","2","17","8","9","12","9","3","-2"
"130794","Yale University","2020","Tenured, associate professors","131","81","50","0","0","0","30","21","9","5","2","3","8","2","6","0","0","0","80","53","27","0","0","0","5","2","3","3","1","2","-2"
"130794","Yale University","2020","On-Tenure track total","1078","575","503","1","1","0","209","108","101","45","17","28","52","26","26","3","1","2","603","316","287","9","7","2","51","35","16","105","64","41","-2"
"130794","Yale University","2020","On-tenure track, associate professors","430","242","188","0","0","0","88","52","36","18","8","10","18","9","9","2","1","1","270","149","121","1","1","0","16","12","4","17","10","7","-2"
"130794","Yale University","2020","On-tenure track, assistant professors","648","333","315","1","1","0","121","56","65","27","9","18","34","17","17","1","0","1","333","167","166","8","6","2","35","23","12","88","54","34","-2"
"130794","Yale University","2020","Not on tenure track/No tenure system system total","541","259","282","1","1","0","64","30","34","27","9","18","32","5","27","0","0","0","316","159","157","8","4","4","40","22","18","53","29","24","-2"
"130794","Yale University","2020","Not on tenure/no tenure system, professors","63","44","19","0","0","0","5","4","1","3","2","1","0","0","0","0","0","0","50","35","15","0","0","0","3","1","2","2","2","0","-2"
"130794","Yale University","2020","Not on tenure/no tenure system, associate professors","14","10","4","0","0","0","2","2","0","0","0","0","1","0","1","0","0","0","11","8","3","0","0","0","0","0","0","0","0","0","-2"
"130794","Yale University","2020","Not on tenure/no tenure system, assistant professors","21","6","15","0","0","0","2","2","0","3","1","2","3","1","2","0","0","0","10","0","10","0","0","0","1","0","1","2","2","0","-2"
"130794","Yale University","2020","Not on tenure/no tenure system, lecturers","443","199","244","1","1","0","55","22","33","21","6","15","28","4","24","0","0","0","245","116","129","8","4","4","36","21","15","49","25","24","-2"
"130934","Delaware State University","2020","Tenured total","128","78","50","2","2","0","34","23","11","44","24","20","3","3","0","0","0","0","44","26","18","1","0","1","0","0","0","0","0","0","-2"
"130934","Delaware State University","2020","Tenured, professors","56","38","18","2","2","0","16","11","5","16","11","5","1","1","0","0","0","0","21","13","8","0","0","0","0","0","0","0","0","0","-2"
"130934","Delaware State University","2020","Tenured, associate professors","72","40","32","0","0","0","18","12","6","28","13","15","2","2","0","0","0","0","23","13","10","1","0","1","0","0","0","0","0","0","-2"
"130934","Delaware State University","2020","On-Tenure track total","37","12","25","0","0","0","6","2","4","18","5","13","0","0","0","0","0","0","13","5","8","0","0","0","0","0","0","0","0","0","-2"
"130934","Delaware State University","2020","On-tenure track, associate professors","13","5","8","0","0","0","2","1","1","6","2","4","0","0","0","0","0","0","5","2","3","0","0","0","0","0","0","0","0","0","-2"
"130934","Delaware State University","2020","On-tenure track, assistant professors","24","7","17","0","0","0","4","1","3","12","3","9","0","0","0","0","0","0","8","3","5","0","0","0","0","0","0","0","0","0","-2"
"130934","Delaware State University","2020","Not on tenure track/No tenure system system total","45","18","27","0","0","0","8","4","4","20","9","11","3","1","2","0","0","0","14","4","10","0","0","0","0","0","0","0","0","0","-2"
"130934","Delaware State University","2020","Not on tenure/no tenure system, associate professors","1","1","0","0","0","0","0","0","0","0","0","0","0","0","0","0","0","0","1","1","0","0","0","0","0","0","0","0","0","0","-2"
"130934","Delaware State University","2020","Not on tenure/no tenure system, assistant professors","18","9","9","0","0","0","5","3","2","7","4","3","2","1","1","0","0","0","4","1","3","0","0","0","0","0","0","0","0","0","-2"
"130934","Delaware State University","2020","Not on tenure/no tenure system, instructors","2","2","0","0","0","0","0","0","0","1","1","0","0","0","0","0","0","0","1","1","0","0","0","0","0","0","0","0","0","0","-2"
"130934","Delaware State University","2020","Not on tenure/no tenure system, lecturers","24","6","18","0","0","0","3","1","2","12","4","8","1","0","1","0","0","0","8","1","7","0","0","0","0","0","0","0","0","0","-2"
"130943","University of Delaware","2020","Tenured total","677","430","247","0","0","0","112","75","37","31","18","13","28","17","11","0","0","0","500","315","185","1","1","0","1","1","0","4","3","1","-2"
"130943","University of Delaware","2020","Tenured, professors","377","265","112","0","0","0","59","45","14","16","10","6","10","9","1","0","0","0","290","199","91","0","0","0","0","0","0","2","2","0","-2"
"130943","University of Delaware","2020","Tenured, associate professors","300","165","135","0","0","0","53","30","23","15","8","7","18","8","10","0","0","0","210","116","94","1","1","0","1","1","0","2","1","1","-2"
"130943","University of Delaware","2020","On-Tenure track total","222","110","112","0","0","0","37","19","18","12","4","8","10","4","6","0","0","0","122","56","66","4","2","2","0","0","0","37","25","12","-2"
"130943","University of Delaware","2020","On-tenure track, associate professors","2","1","1","0","0","0","0","0","0","0","0","0","0","0","0","0","0","0","2","1","1","0","0","0","0","0","0","0","0","0","-2"
"130943","University of Delaware","2020","On-tenure track, assistant professors","220","109","111","0","0","0","37","19","18","12","4","8","10","4","6","0","0","0","120","55","65","4","2","2","0","0","0","37","25","12","-2"
"130943","University of Delaware","2020","Not on tenure track/No tenure system system total","364","154","210","1","0","1","24","12","12","21","7","14","10","3","7","0","0","0","286","122","164","4","0","4","0","0","0","18","10","8","-2"
"130943","University of Delaware","2020","Not on tenure/no tenure system, professors","26","14","12","0","0","0","4","3","1","0","0","0","0","0","0","0","0","0","22","11","11","0","0","0","0","0","0","0","0","0","-2"
"130943","University of Delaware","2020","Not on tenure/no tenure system, associate professors","77","35","42","1","0","1","5","3","2","5","1","4","3","1","2","0","0","0","63","30","33","0","0","0","0","0","0","0","0","0","-2"
"130943","University of Delaware","2020","Not on tenure/no tenure system, assistant professors","175","81","94","0","0","0","13","6","7","9","5","4","4","2","2","0","0","0","127","58","69","4","0","4","0","0","0","18","10","8","-2"
"130943","University of Delaware","2020","Not on tenure/no tenure system, instructors","86","24","62","0","0","0","2","0","2","7","1","6","3","0","3","0","0","0","74","23","51","0","0","0","0","0","0","0","0","0","-2"
"131520","Howard University","2020","Tenured total","467","278","189","1","0","1","68","49","19","300","175","125","12","2","10","0","0","0","79","47","32","6","4","2","1","1","0","0","0","0","-2"
"131520","Howard University","2020","Tenured, professors","220","146","74","1","0","1","33","27","6","136","87","49","7","1","6","0","0","0","38","27","11","5","4","1","0","0","0","0","0","0","-2"
"131520","Howard University","2020","Tenured, associate professors","239","130","109","0","0","0","35","22","13","159","88","71","4","1","3","0","0","0","40","19","21","1","0","1","0","0","0","0","0","0","-2"
"131520","Howard University","2020","Tenured, assistant professors","7","2","5","0","0","0","0","0","0","4","0","4","1","0","1","0","0","0","1","1","0","0","0","0","1","1","0","0","0","0","-2"
"131520","Howard University","2020","Tenured, instructors","1","0","1","0","0","0","0","0","0","1","0","1","0","0","0","0","0","0","0","0","0","0","0","0","0","0","0","0","0","0","-2"
"131520","Howard University","2020","On-Tenure track total","155","72","83","1","1","0","22","15","7","99","42","57","1","1","0","0","0","0","27","11","16","5","2","3","0","0","0","0","0","0","-2"
"131520","Howard University","2020","On-tenure track, professors","2","2","0","0","0","0","0","0","0","1","1","0","0","0","0","0","0","0","1","1","0","0","0","0","0","0","0","0","0","0","-2"
"131520","Howard University","2020","On-tenure track, associate professors","15","6","9","0","0","0","0","0","0","12","4","8","0","0","0","0","0","0","3","2","1","0","0","0","0","0","0","0","0","0","-2"
"131520","Howard University","2020","On-tenure track, assistant professors","136","63","73","1","1","0","22","15","7","84","36","48","1","1","0","0","0","0","23","8","15","5","2","3","0","0","0","0","0","0","-2"
"131520","Howard University","2020","On-tenure track, instructors","2","1","1","0","0","0","0","0","0","2","1","1","0","0","0","0","0","0","0","0","0","0","0","0","0","0","0","0","0","0","-2"
"131520","Howard University","2020","Not on tenure track/No tenure system system total","307","131","176","1","0","1","30","16","14","201","81","120","11","5","6","0","0","0","54","24","30","5","3","2","5","2","3","0","0","0","-2"
"131520","Howard University","2020","Not on tenure/no tenure system, professors","10","4","6","0","0","0","2","0","2","6","3","3","0","0","0","0","0","0","2","1","1","0","0","0","0","0","0","0","0","0","-2"
"131520","Howard University","2020","Not on tenure/no tenure system, associate professors","44","24","20","0","0","0","6","4","2","34","17","17","0","0","0","0","0","0","3","2","1","1","1","0","0","0","0","0","0","0","-2"
"131520","Howard University","2020","Not on tenure/no tenure system, assistant professors","91","34","57","1","0","1","14","9","5","57","16","41","2","2","0","0","0","0","15","6","9","0","0","0","2","1","1","0","0","0","-2"
"131520","Howard University","2020","Not on tenure/no tenure system, instructors","58","23","35","0","0","0","4","1","3","32","11","21","5","2","3","0","0","0","13","7","6","2","2","0","2","0","2","0","0","0","-2"
"131520","Howard University","2020","Not on tenure/no tenure system, lecturers","104","46","58","0","0","0","4","2","2","72","34","38","4","1","3","0","0","0","21","8","13","2","0","2","1","1","0","0","0","0","-2"
"133553","Embry-Riddle Aeronautical University-Daytona Beach","2020","Tenured total","153","115","38","0","0","0","23","17","6","1","0","1","4","2","2","0","0","0","123","95","28","0","0","0","0","0","0","2","1","1","-2"
"133553","Embry-Riddle Aeronautical University-Daytona Beach","2020","Tenured, professors","83","69","14","0","0","0","14","10","4","0","0","0","2","1","1","0","0","0","67","58","9","0","0","0","0","0","0","0","0","0","-2"
"133553","Embry-Riddle Aeronautical University-Daytona Beach","2020","Tenured, associate professors","70","46","24","0","0","0","9","7","2","1","0","1","2","1","1","0","0","0","56","37","19","0","0","0","0","0","0","2","1","1","-2"
"133553","Embry-Riddle Aeronautical University-Daytona Beach","2020","On-Tenure track total","55","35","20","0","0","0","5","3","2","2","2","0","4","4","0","0","0","0","31","20","11","1","0","1","0","0","0","12","6","6","-2"
"133553","Embry-Riddle Aeronautical University-Daytona Beach","2020","On-tenure track, professors","1","1","0","0","0","0","0","0","0","0","0","0","0","0","0","0","0","0","1","1","0","0","0","0","0","0","0","0","0","0","-2"
"133553","Embry-Riddle Aeronautical University-Daytona Beach","2020","On-tenure track, associate professors","4","4","0","0","0","0","0","0","0","0","0","0","0","0","0","0","0","0","4","4","0","0","0","0","0","0","0","0","0","0","-2"
"133553","Embry-Riddle Aeronautical University-Daytona Beach","2020","On-tenure track, assistant professors","50","30","20","0","0","0","5","3","2","2","2","0","4","4","0","0","0","0","26","15","11","1","0","1","0","0","0","12","6","6","-2"
"133553","Embry-Riddle Aeronautical University-Daytona Beach","2020","Not on tenure track/No tenure system system total","134","89","45","0","0","0","8","4","4","5","3","2","12","9","3","1","1","0","99","67","32","2","0","2","0","0","0","7","5","2","-2"
"133553","Embry-Riddle Aeronautical University-Daytona Beach","2020","Not on tenure/no tenure system, professors","7","4","3","0","0","0","1","1","0","0","0","0","0","0","0","0","0","0","6","3","3","0","0","0","0","0","0","0","0","0","-2"
"133553","Embry-Riddle Aeronautical University-Daytona Beach","2020","Not on tenure/no tenure system, associate professors","39","37","2","0","0","0","4","3","1","3","3","0","4","4","0","1","1","0","27","26","1","0","0","0","0","0","0","0","0","0","-2"
"133553","Embry-Riddle Aeronautical University-Daytona Beach","2020","Not on tenure/no tenure system, assistant professors","65","36","29","0","0","0","3","0","3","2","0","2","5","4","1","0","0","0","46","27","19","2","0","2","0","0","0","7","5","2","-2"
"133553","Embry-Riddle Aeronautical University-Daytona Beach","2020","Not on tenure/no tenure system, instructors","23","12","11","0","0","0","0","0","0","0","0","0","3","1","2","0","0","0","20","11","9","0","0","0","0","0","0","0","0","0","-2"
"133650","Florida Agricultural and Mechanical University","2020","Tenured total","292","179","113","0","0","0","15","12","3","195","110","85","8","4","4","0","0","0","49","34","15","4","4","0","0","0","0","21","15","6","-2"
"133650","Florida Agricultural and Mechanical University","2020","Tenured, professors","143","103","40","0","0","0","12","11","1","88","59","29","2","1","1","0","0","0","27","20","7","1","1","0","0","0","0","13","11","2","-2"
"133650","Florida Agricultural and Mechanical University","2020","Tenured, associate professors","135","68","67","0","0","0","3","1","2","96","45","51","6","3","3","0","0","0","21","13","8","2","2","0","0","0","0","7","4","3","-2"
"133650","Florida Agricultural and Mechanical University","2020","Tenured, assistant professors","14","8","6","0","0","0","0","0","0","11","6","5","0","0","0","0","0","0","1","1","0","1","1","0","0","0","0","1","0","1","-2"
"133650","Florida Agricultural and Mechanical University","2020","On-Tenure track total","102","53","49","0","0","0","9","6","3","53","22","31","2","2","0","0","0","0","19","11","8","2","2","0","0","0","0","17","10","7","-2"
"133650","Florida Agricultural and Mechanical University","2020","On-tenure track, professors","2","0","2","0","0","0","1","0","1","0","0","0","0","0","0","0","0","0","0","0","0","0","0","0","0","0","0","1","0","1","-2"
"133650","Florida Agricultural and Mechanical University","2020","On-tenure track, associate professors","25","15","10","0","0","0","1","1","0","10","4","6","0","0","0","0","0","0","9","6","3","2","2","0","0","0","0","3","2","1","-2"
"133650","Florida Agricultural and Mechanical University","2020","On-tenure track, assistant professors","75","38","37","0","0","0","7","5","2","43","18","25","2","2","0","0","0","0","10","5","5","0","0","0","0","0","0","13","8","5","-2"
"133650","Florida Agricultural and Mechanical University","2020","Not on tenure track/No tenure system system total","139","53","86","1","0","1","3","1","2","89","27","62","2","1","1","0","0","0","24","13","11","3","2","1","0","0","0","17","9","8","-2"
"133650","Florida Agricultural and Mechanical University","2020","Not on tenure/no tenure system, professors","5","2","3","0","0","0","0","0","0","4","2","2","0","0","0","0","0","0","0","0","0","0","0","0","0","0","0","1","0","1","-2"
"133650","Florida Agricultural and Mechanical University","2020","Not on tenure/no tenure system, associate professors","6","0","6","0","0","0","1","0","1","2","0","2","0","0","0","0","0","0","2","0","2","1","0","1","0","0","0","0","0","0","-2"
"133650","Florida Agricultural and Mechanical University","2020","Not on tenure/no tenure system, assistant professors","48","17","31","1","0","1","0","0","0","34","9","25","0","0","0","0","0","0","8","4","4","1","1","0","0","0","0","4","3","1","-2"
"133650","Florida Agricultural and Mechanical University","2020","Not on tenure/no tenure system, instructors","80","34","46","0","0","0","2","1","1","49","16","33","2","1","1","0","0","0","14","9","5","1","1","0","0","0","0","12","6","6","-2"
"133881","Florida Institute of Technology","2020","Tenured total","71","55","16","1","1","0","7","5","2","0","0","0","5","5","0","7","7","0","46","33","13","1","0","1","1","1","0","3","3","0","-2"
"133881","Florida Institute of Technology","2020","Tenured, professors","47","37","10","1","1","0","5","3","2","0","0","0","0","0","0","5","5","0","34","26","8","0","0","0","1","1","0","1","1","0","-2"
"133881","Florida Institute of Technology","2020","Tenured, associate professors","24","18","6","0","0","0","2","2","0","0","0","0","5","5","0","2","2","0","12","7","5","1","0","1","0","0","0","2","2","0","-2"
"133881","Florida Institute of Technology","2020","On-Tenure track total","28","20","8","0","0","0","4","3","1","0","0","0","0","0","0","1","1","0","16","11","5","0","0","0","0","0","0","7","5","2","-2"
"133881","Florida Institute of Technology","2020","On-tenure track, professors","4","4","0","0","0","0","2","2","0","0","0","0","0","0","0","1","1","0","1","1","0","0","0","0","0","0","0","0","0","0","-2"
"133881","Florida Institute of Technology","2020","On-tenure track, associate professors","8","6","2","0","0","0","2","1","1","0","0","0","0","0","0","0","0","0","6","5","1","0","0","0","0","0","0","0","0","0","-2"
"133881","Florida Institute of Technology","2020","On-tenure track, assistant professors","16","10","6","0","0","0","0","0","0","0","0","0","0","0","0","0","0","0","9","5","4","0","0","0","0","0","0","7","5","2","-2"
"133881","Florida Institute of Technology","2020","Not on tenure track/No tenure system system total","173","126","47","3","3","0","19","17","2","3","2","1","9","1","8","8","7","1","117","83","34","1","1","0","2","1","1","11","11","0","-2"
"133881","Florida Institute of Technology","2020","Not on tenure/no tenure system, professors","22","21","1","1","1","0","3","3","0","0","0","0","0","0","0","4","4","0","12","11","1","0","0","0","0","0","0","2","2","0","-2"
"133881","Florida Institute of Technology","2020","Not on tenure/no tenure system, associate professors","44","41","3","1","1","0","8","8","0","2","2","0","0","0","0","2","2","0","28","25","3","1","1","0","0","0","0","2","2","0","-2"
"133881","Florida Institute of Technology","2020","Not on tenure/no tenure system, assistant professors","86","56","30","1","1","0","8","6","2","0","0","0","9","1","8","2","1","1","57","39","18","0","0","0","2","1","1","7","7","0","-2"
"133881","Florida Institute of Technology","2020","Not on tenure/no tenure system, instructors","21","8","13","0","0","0","0","0","0","1","0","1","0","0","0","0","0","0","20","8","12","0","0","0","0","0","0","0","0","0","-2"
"133951","Florida International University","2020","Tenured total","529","358","171","0","0","0","120","91","29","27","16","11","63","47","16","1","1","0","309","200","109","0","0","0","0","0","0","9","3","6","-2"
"133951","Florida International University","2020","Tenured, professors","265","199","66","0","0","0","60","50","10","12","10","2","40","33","7","0","0","0","152","105","47","0","0","0","0","0","0","1","1","0","-2"
"133951","Florida International University","2020","Tenured, associate professors","263","159","104","0","0","0","60","41","19","15","6","9","23","14","9","1","1","0","156","95","61","0","0","0","0","0","0","8","2","6","-2"
"133951","Florida International University","2020","Tenured, assistant professors","1","0","1","0","0","0","0","0","0","0","0","0","0","0","0","0","0","0","1","0","1","0","0","0","0","0","0","0","0","0","-2"
"133951","Florida International University","2020","On-Tenure track total","203","115","88","2","2","0","30","20","10","11","3","8","26","13","13","0","0","0","98","55","43","1","1","0","0","0","0","35","21","14","-2"
"133951","Florida International University","2020","On-tenure track, professors","4","3","1","0","0","0","3","2","1","0","0","0","0","0","0","0","0","0","1","1","0","0","0","0","0","0","0","0","0","0","-2"
"133951","Florida International University","2020","On-tenure track, associate professors","37","23","14","1","1","0","8","7","1","1","0","1","5","3","2","0","0","0","20","11","9","0","0","0","0","0","0","2","1","1","-2"
"133951","Florida International University","2020","On-tenure track, assistant professors","161","89","72","1","1","0","19","11","8","10","3","7","21","10","11","0","0","0","76","43","33","1","1","0","0","0","0","33","20","13","-2"
"133951","Florida International University","2020","On-tenure track, instructors","1","0","1","0","0","0","0","0","0","0","0","0","0","0","0","0","0","0","1","0","1","0","0","0","0","0","0","0","0","0","-2"
"133951","Florida International University","2020","Not on tenure track/No tenure system system total","666","311","355","4","3","1","42","23","19","55","12","43","202","86","116","0","0","0","305","150","155","9","3","6","0","0","0","49","34","15","-2"
"133951","Florida International University","2020","Not on tenure/no tenure system, professors","26","18","8","0","0","0","3","2","1","1","0","1","6","5","1","0","0","0","15","10","5","0","0","0","0","0","0","1","1","0","-2"
"133951","Florida International University","2020","Not on tenure/no tenure system, associate professors","57","25","32","0","0","0","3","2","1","9","2","7","13","6","7","0","0","0","28","11","17","2","2","0","0","0","0","2","2","0","-2"
"133951","Florida International University","2020","Not on tenure/no tenure system, assistant professors","137","48","89","1","1","0","9","6","3","15","2","13","50","19","31","0","0","0","50","14","36","3","0","3","0","0","0","9","6","3","-2"
"133951","Florida International University","2020","Not on tenure/no tenure system, instructors","413","208","205","2","1","1","26","12","14","25","7","18","122","54","68","0","0","0","198","108","90","4","1","3","0","0","0","36","25","11","-2"
"133951","Florida International University","2020","Not on tenure/no tenure system, lecturers","13","3","10","1","1","0","0","0","0","3","1","2","3","1","2","0","0","0","6","0","6","0","0","0","0","0","0","0","0","0","-2"
"133951","Florida International University","2020","Not on tenure/no tenure system, no academic rank","20","9","11","0","0","0","1","1","0","2","0","2","8","1","7","0","0","0","8","7","1","0","0","0","0","0","0","1","0","1","-2"
"133979","Florida Memorial University","2020","Tenured total","23","12","11","0","0","0","2","2","0","11","4","7","2","1","1","0","0","0","7","4","3","1","1","0","0","0","0","0","0","0","-2"
"133979","Florida Memorial University","2020","Tenured, professors","6","3","3","0","0","0","1","1","0","2","0","2","0","0","0","0","0","0","2","1","1","1","1","0","0","0","0","0","0","0","-2"
"133979","Florida Memorial University","2020","Tenured, associate professors","17","9","8","0","0","0","1","1","0","9","4","5","2","1","1","0","0","0","5","3","2","0","0","0","0","0","0","0","0","0","-2"
"133979","Florida Memorial University","2020","On-Tenure track total","30","18","12","1","1","0","1","1","0","18","10","8","6","4","2","0","0","0","3","2","1","1","0","1","0","0","0","0","0","0","-2"
"133979","Florida Memorial University","2020","On-tenure track, associate professors","9","4","5","0","0","0","0","0","0","6","3","3","2","1","1","0","0","0","1","0","1","0","0","0","0","0","0","0","0","0","-2"
"133979","Florida Memorial University","2020","On-tenure track, assistant professors","21","14","7","1","1","0","1","1","0","12","7","5","4","3","1","0","0","0","2","2","0","1","0","1","0","0","0","0","0","0","-2"
"133979","Florida Memorial University","2020","Not on tenure track/No tenure system system total","8","4","4","0","0","0","1","1","0","5","3","2","1","0","1","0","0","0","0","0","0","0","0","0","1","0","1","0","0","0","-2"
"133979","Florida Memorial University","2020","Not on tenure/no tenure system, instructors","8","4","4","0","0","0","1","1","0","5","3","2","1","0","1","0","0","0","0","0","0","0","0","0","1","0","1","0","0","0","-2"
"134097","Florida State University","2020","Tenured total","835","554","281","2","2","0","126","93","33","33","16","17","34","22","12","0","0","0","623","408","215","6","3","3","8","7","1","3","3","0","-2"
"134097","Florida State University","2020","Tenured, professors","495","356","139","1","1","0","73","56","17","20","10","10","18","13","5","0","0","0","373","268","105","4","2","2","5","5","0","1","1","0","-2"
"134097","Florida State University","2020","Tenured, associate professors","340","198","142","1","1","0","53","37","16","13","6","7","16","9","7","0","0","0","250","140","110","2","1","1","3","2","1","2","2","0","-2"
"134097","Florida State University","2020","On-Tenure track total","324","171","153","0","0","0","42","22","20","21","10","11","20","10","10","0","0","0","182","93","89","12","7","5","0","0","0","47","29","18","-2"
"134097","Florida State University","2020","On-tenure track, professors","2","2","0","0","0","0","0","0","0","0","0","0","0","0","0","0","0","0","1","1","0","1","1","0","0","0","0","0","0","0","-2"
"134097","Florida State University","2020","On-tenure track, associate professors","18","10","8","0","0","0","3","1","2","2","1","1","0","0","0","0","0","0","12","7","5","0","0","0","0","0","0","1","1","0","-2"
"134097","Florida State University","2020","On-tenure track, assistant professors","304","159","145","0","0","0","39","21","18","19","9","10","20","10","10","0","0","0","169","85","84","11","6","5","0","0","0","46","28","18","-2"
"134097","Florida State University","2020","Not on tenure track/No tenure system system total","444","191","253","1","1","0","21","9","12","33","12","21","30","9","21","0","0","0","332","148","184","8","2","6","5","4","1","14","6","8","-2"
"134097","Florida State University","2020","Not on tenure/no tenure system, professors","14","6","8","0","0","0","0","0","0","1","1","0","2","0","2","0","0","0","9","4","5","1","0","1","1","1","0","0","0","0","-2"
"134097","Florida State University","2020","Not on tenure/no tenure system, associate professors","13","8","5","0","0","0","1","0","1","1","1","0","2","2","0","0","0","0","9","5","4","0","0","0","0","0","0","0","0","0","-2"
"134097","Florida State University","2020","Not on tenure/no tenure system, assistant professors","32","12","20","0","0","0","1","1","0","5","3","2","3","0","3","0","0","0","18","5","13","2","1","1","1","1","0","2","1","1","-2"
"134097","Florida State University","2020","Not on tenure/no tenure system, no academic rank","385","165","220","1","1","0","19","8","11","26","7","19","23","7","16","0","0","0","296","134","162","5","1","4","3","2","1","12","5","7","-2"
"135726","University of Miami","2020","Tenured total","815","585","230","2","2","0","116","86","30","21","14","7","90","59","31","0","0","0","568","412","156","4","2","2","6","5","1","8","5","3","-2"
"135726","University of Miami","2020","Tenured, professors","564","427","137","2","2","0","72","55","17","11","7","4","68","48","20","0","0","0","402","308","94","3","2","1","4","4","0","2","1","1","-2"
"135726","University of Miami","2020","Tenured, associate professors","251","158","93","0","0","0","44","31","13","10","7","3","22","11","11","0","0","0","166","104","62","1","0","1","2","1","1","6","4","2","-2"
"135726","University of Miami","2020","On-Tenure track total","202","119","83","0","0","0","29","17","12","10","5","5","26","15","11","0","0","0","97","55","42","0","0","0","4","3","1","36","24","12","-2"
"135726","University of Miami","2020","On-tenure track, professors","10","7","3","0","0","0","1","0","1","0","0","0","2","1","1","0","0","0","6","5","1","0","0","0","1","1","0","0","0","0","-2"
"135726","University of Miami","2020","On-tenure track, associate professors","30","22","8","0","0","0","8","6","2","0","0","0","4","3","1","0","0","0","14","9","5","0","0","0","1","1","0","3","3","0","-2"
"135726","University of Miami","2020","On-tenure track, assistant professors","161","90","71","0","0","0","20","11","9","10","5","5","20","11","9","0","0","0","76","41","35","0","0","0","2","1","1","33","21","12","-2"
"135726","University of Miami","2020","On-tenure track, instructors","1","0","1","0","0","0","0","0","0","0","0","0","0","0","0","0","0","0","1","0","1","0","0","0","0","0","0","0","0","0","-2"
"135726","University of Miami","2020","Not on tenure track/No tenure system system total","434","220","214","0","0","0","21","4","17","28","9","19","123","58","65","0","0","0","235","133","102","6","4","2","5","4","1","16","8","8","-2"
"135726","University of Miami","2020","Not on tenure/no tenure system, professors","21","16","5","0","0","0","1","0","1","1","0","1","6","4","2","0","0","0","13","12","1","0","0","0","0","0","0","0","0","0","-2"
"135726","University of Miami","2020","Not on tenure/no tenure system, associate professors","55","32","23","0","0","0","2","0","2","5","3","2","10","7","3","0","0","0","37","21","16","1","1","0","0","0","0","0","0","0","-2"
"135726","University of Miami","2020","Not on tenure/no tenure system, assistant professors","72","32","40","0","0","0","5","2","3","9","1","8","23","8","15","0","0","0","26","15","11","1","1","0","3","3","0","5","2","3","-2"
"135726","University of Miami","2020","Not on tenure/no tenure system, lecturers","286","140","146","0","0","0","13","2","11","13","5","8","84","39","45","0","0","0","159","85","74","4","2","2","2","1","1","11","6","5","-2"
"137351","University of South Florida","2020","Tenured total","853","543","310","1","1","0","132","99","33","37","18","19","35","18","17","1","1","0","589","373","216","23","9","14","10","8","2","25","16","9","-2"
"137351","University of South Florida","2020","Tenured, professors","451","317","134","1","1","0","68","62","6","11","6","5","17","12","5","0","0","0","332","222","110","13","6","7","5","4","1","4","4","0","-2"
"137351","University of South Florida","2020","Tenured, associate professors","402","226","176","0","0","0","64","37","27","26","12","14","18","6","12","1","1","0","257","151","106","10","3","7","5","4","1","21","12","9","-2"
"137351","University of South Florida","2020","On-Tenure track total","215","113","102","0","0","0","31","17","14","17","8","9","8","2","6","0","0","0","110","60","50","8","3","5","6","3","3","35","20","15","-2"
"137351","University of South Florida","2020","On-tenure track, professors","10","8","2","0","0","0","2","2","0","0","0","0","1","0","1","0","0","0","6","6","0","1","0","1","0","0","0","0","0","0","-2"
"137351","University of South Florida","2020","On-tenure track, associate professors","20","9","11","0","0","0","5","3","2","1","0","1","0","0","0","0","0","0","13","5","8","0","0","0","0","0","0","1","1","0","-2"
"137351","University of South Florida","2020","On-tenure track, assistant professors","185","96","89","0","0","0","24","12","12","16","8","8","7","2","5","0","0","0","91","49","42","7","3","4","6","3","3","34","19","15","-2"
"137351","University of South Florida","2020","Not on tenure track/No tenure system system total","978","447","531","2","2","0","105","45","60","51","20","31","67","33","34","0","0","0","629","285","344","47","17","30","42","20","22","35","25","10","-2"
"137351","University of South Florida","2020","Not on tenure/no tenure system, professors","50","33","17","0","0","0","4","2","2","1","0","1","4","2","2","0","0","0","34","23","11","4","3","1","2","2","0","1","1","0","-2"
"137351","University of South Florida","2020","Not on tenure/no tenure system, associate professors","112","55","57","1","1","0","15","7","8","5","3","2","12","8","4","0","0","0","68","31","37","7","4","3","3","1","2","1","0","1","-2"
"137351","University of South Florida","2020","Not on tenure/no tenure system, assistant professors","327","153","174","1","1","0","46","22","24","17","5","12","29","16","13","0","0","0","174","79","95","18","5","13","25","12","13","17","13","4","-2"
"137351","University of South Florida","2020","Not on tenure/no tenure system, instructors","455","187","268","0","0","0","35","11","24","27","12","15","21","7","14","0","0","0","334","138","196","17","5","12","5","3","2","16","11","5","-2"
"137351","University of South Florida","2020","Not on tenure/no tenure system, no academic rank","34","19","15","0","0","0","5","3","2","1","0","1","1","0","1","0","0","0","19","14","5","1","0","1","7","2","5","0","0","0","-2"
"139755","Georgia Institute of Technology-Main Campus","2020","Tenured total","662","517","145","0","0","0","177","138","39","20","12","8","23","17","6","0","0","0","426","335","91","2","2","0","5","5","0","9","8","1","-2"
"139755","Georgia Institute of Technology-Main Campus","2020","Tenured, professors","407","339","68","0","0","0","107","91","16","5","2","3","14","11","3","0","0","0","274","228","46","0","0","0","3","3","0","4","4","0","-2"
"139755","Georgia Institute of Technology-Main Campus","2020","Tenured, associate professors","247","174","73","0","0","0","67","46","21","15","10","5","9","6","3","0","0","0","149","105","44","2","2","0","2","2","0","3","3","0","-2"
"139755","Georgia Institute of Technology-Main Campus","2020","Tenured, assistant professors","7","4","3","0","0","0","3","1","2","0","0","0","0","0","0","0","0","0","2","2","0","0","0","0","0","0","0","2","1","1","-2"
"139755","Georgia Institute of Technology-Main Campus","2020","Tenured, no academic rank","1","0","1","0","0","0","0","0","0","0","0","0","0","0","0","0","0","0","1","0","1","0","0","0","0","0","0","0","0","0","-2"
"139755","Georgia Institute of Technology-Main Campus","2020","On-Tenure track total","179","111","68","0","0","0","34","18","16","4","1","3","6","6","0","1","0","1","84","51","33","2","1","1","4","2","2","44","32","12","-2"
"139755","Georgia Institute of Technology-Main Campus","2020","On-tenure track, professors","4","4","0","0","0","0","1","1","0","0","0","0","0","0","0","0","0","0","3","3","0","0","0","0","0","0","0","0","0","0","-2"
"139755","Georgia Institute of Technology-Main Campus","2020","On-tenure track, associate professors","11","6","5","0","0","0","4","2","2","1","0","1","0","0","0","0","0","0","5","3","2","0","0","0","0","0","0","1","1","0","-2"
"139755","Georgia Institute of Technology-Main Campus","2020","On-tenure track, assistant professors","163","100","63","0","0","0","29","15","14","3","1","2","6","6","0","1","0","1","75","44","31","2","1","1","4","2","2","43","31","12","-2"
"139755","Georgia Institute of Technology-Main Campus","2020","On-tenure track, no academic rank","1","1","0","0","0","0","0","0","0","0","0","0","0","0","0","0","0","0","1","1","0","0","0","0","0","0","0","0","0","0","-2"
"139755","Georgia Institute of Technology-Main Campus","2020","Not on tenure track/No tenure system system total","89","46","43","0","0","0","16","8","8","5","5","0","2","2","0","0","0","0","58","27","31","1","1","0","1","0","1","6","3","3","-2"
"139755","Georgia Institute of Technology-Main Campus","2020","Not on tenure/no tenure system, lecturers","81","44","37","0","0","0","16","8","8","5","5","0","2","2","0","0","0","0","53","26","27","1","1","0","0","0","0","4","2","2","-2"
"139755","Georgia Institute of Technology-Main Campus","2020","Not on tenure/no tenure system, no academic rank","8","2","6","0","0","0","0","0","0","0","0","0","0","0","0","0","0","0","5","1","4","0","0","0","1","0","1","2","1","1","-2"
"139959","University of Georgia","2020","Tenured total","1244","822","422","5","3","2","142","104","38","67","35","32","37","23","14","0","0","0","910","606","304","3","2","1","65","36","29","15","13","2","-2"
"139959","University of Georgia","2020","Tenured, professors","724","516","208","4","2","2","83","62","21","43","25","18","22","15","7","0","0","0","531","387","144","1","1","0","32","17","15","8","7","1","-2"
"139959","University of Georgia","2020","Tenured, associate professors","519","305","214","1","1","0","59","42","17","24","10","14","15","8","7","0","0","0","378","218","160","2","1","1","33","19","14","7","6","1","-2"
"139959","University of Georgia","2020","Tenured, assistant professors","1","1","0","0","0","0","0","0","0","0","0","0","0","0","0","0","0","0","1","1","0","0","0","0","0","0","0","0","0","0","-2"
"139959","University of Georgia","2020","On-Tenure track total","392","194","198","1","1","0","42","18","24","22","10","12","9","4","5","0","0","0","193","96","97","3","1","2","68","34","34","54","30","24","-2"
"139959","University of Georgia","2020","On-tenure track, professors","2","1","1","0","0","0","0","0","0","0","0","0","0","0","0","0","0","0","2","1","1","0","0","0","0","0","0","0","0","0","-2"
"139959","University of Georgia","2020","On-tenure track, associate professors","20","9","11","0","0","0","5","2","3","0","0","0","0","0","0","0","0","0","11","5","6","0","0","0","4","2","2","0","0","0","-2"
"139959","University of Georgia","2020","On-tenure track, assistant professors","369","184","185","1","1","0","37","16","21","22","10","12","9","4","5","0","0","0","180","90","90","3","1","2","64","32","32","53","30","23","-2"
"139959","University of Georgia","2020","On-tenure track, no academic rank","1","0","1","0","0","0","0","0","0","0","0","0","0","0","0","0","0","0","0","0","0","0","0","0","0","0","0","1","0","1","-2"
"139959","University of Georgia","2020","Not on tenure track/No tenure system system total","504","236","268","1","0","1","18","8","10","20","6","14","6","4","2","0","0","0","374","172","202","5","2","3","50","21","29","30","23","7","-2"
"139959","University of Georgia","2020","Not on tenure/no tenure system, professors","1","1","0","0","0","0","0","0","0","0","0","0","0","0","0","0","0","0","1","1","0","0","0","0","0","0","0","0","0","0","-2"
"139959","University of Georgia","2020","Not on tenure/no tenure system, assistant professors","24","15","9","0","0","0","3","1","2","1","0","1","0","0","0","0","0","0","8","4","4","2","1","1","0","0","0","10","9","1","-2"
"139959","University of Georgia","2020","Not on tenure/no tenure system, instructors","66","33","33","1","0","1","4","2","2","1","1","0","2","0","2","0","0","0","40","22","18","0","0","0","15","7","8","3","1","2","-2"
"139959","University of Georgia","2020","Not on tenure/no tenure system, lecturers","261","125","136","0","0","0","9","4","5","10","3","7","3","3","0","0","0","0","209","98","111","1","1","0","18","7","11","11","9","2","-2"
"139959","University of Georgia","2020","Not on tenure/no tenure system, no academic rank","152","62","90","0","0","0","2","1","1","8","2","6","1","1","0","0","0","0","116","47","69","2","0","2","17","7","10","6","4","2","-2"
"140720","Paine College","2020","Tenured total","2","2","0","0","0","0","0","0","0","1","1","0","0","0","0","0","0","0","1","1","0","0","0","0","0","0","0","0","0","0","-2"
"140720","Paine College","2020","Tenured, professors","2","2","0","0","0","0","0","0","0","1","1","0","0","0","0","0","0","0","1","1","0","0","0","0","0","0","0","0","0","0","-2"
"140720","Paine College","2020","On-Tenure track total","19","13","6","0","0","0","3","3","0","11","5","6","0","0","0","0","0","0","2","2","0","0","0","0","0","0","0","3","3","0","-2"
"140720","Paine College","2020","On-tenure track, associate professors","3","3","0","0","0","0","0","0","0","2","2","0","0","0","0","0","0","0","0","0","0","0","0","0","0","0","0","1","1","0","-2"
"140720","Paine College","2020","On-tenure track, assistant professors","16","10","6","0","0","0","3","3","0","9","3","6","0","0","0","0","0","0","2","2","0","0","0","0","0","0","0","2","2","0","-2"
"140720","Paine College","2020","Not on tenure track/No tenure system system total","10","6","4","0","0","0","0","0","0","7","5","2","0","0","0","0","0","0","3","1","2","0","0","0","0","0","0","0","0","0","-2"
"140720","Paine College","2020","Not on tenure/no tenure system, associate professors","1","1","0","0","0","0","0","0","0","0","0","0","0","0","0","0","0","0","1","1","0","0","0","0","0","0","0","0","0","0","-2"
"140720","Paine College","2020","Not on tenure/no tenure system, assistant professors","3","2","1","0","0","0","0","0","0","2","2","0","0","0","0","0","0","0","1","0","1","0","0","0","0","0","0","0","0","0","-2"
"140720","Paine College","2020","Not on tenure/no tenure system, instructors","6","3","3","0","0","0","0","0","0","5","3","2","0","0","0","0","0","0","1","0","1","0","0","0","0","0","0","0","0","0","-2"
"140960","Savannah State University","2020","Tenured total","69","43","26","0","0","0","18","14","4","26","17","9","1","1","0","0","0","0","15","8","7","0","0","0","2","0","2","7","3","4","-2"
"140960","Savannah State University","2020","Tenured, professors","29","23","6","0","0","0","11","10","1","12","10","2","0","0","0","0","0","0","6","3","3","0","0","0","0","0","0","0","0","0","-2"
"140960","Savannah State University","2020","Tenured, associate professors","35","18","17","0","0","0","7","4","3","11","6","5","1","1","0","0","0","0","8","4","4","0","0","0","1","0","1","7","3","4","-2"
"140960","Savannah State University","2020","Tenured, assistant professors","5","2","3","0","0","0","0","0","0","3","1","2","0","0","0","0","0","0","1","1","0","0","0","0","1","0","1","0","0","0","-2"
"140960","Savannah State University","2020","On-Tenure track total","48","23","25","0","0","0","3","2","1","20","7","13","2","1","1","1","0","1","17","10","7","1","0","1","0","0","0","4","3","1","-2"
"140960","Savannah State University","2020","On-tenure track, associate professors","3","0","3","0","0","0","1","0","1","0","0","0","0","0","0","0","0","0","2","0","2","0","0","0","0","0","0","0","0","0","-2"
"140960","Savannah State University","2020","On-tenure track, assistant professors","45","23","22","0","0","0","2","2","0","20","7","13","2","1","1","1","0","1","15","10","5","1","0","1","0","0","0","4","3","1","-2"
"140960","Savannah State University","2020","Not on tenure track/No tenure system system total","35","17","18","0","0","0","2","1","1","15","4","11","2","2","0","0","0","0","12","8","4","0","0","0","3","1","2","1","1","0","-2"
"140960","Savannah State University","2020","Not on tenure/no tenure system, assistant professors","3","1","2","0","0","0","0","0","0","1","0","1","0","0","0","0","0","0","2","1","1","0","0","0","0","0","0","0","0","0","-2"
"140960","Savannah State University","2020","Not on tenure/no tenure system, instructors","19","11","8","0","0","0","2","1","1","7","3","4","2","2","0","0","0","0","5","4","1","0","0","0","2","0","2","1","1","0","-2"
"140960","Savannah State University","2020","Not on tenure/no tenure system, lecturers","9","3","6","0","0","0","0","0","0","4","0","4","0","0","0","0","0","0","4","2","2","0","0","0","1","1","0","0","0","0","-2"
"140960","Savannah State University","2020","Not on tenure/no tenure system, no academic rank","4","2","2","0","0","0","0","0","0","3","1","2","0","0","0","0","0","0","1","1","0","0","0","0","0","0","0","0","0","0","-2"
"141060","Spelman College","2020","Tenured total","85","23","62","2","1","1","10","3","7","56","12","44","2","1","1","0","0","0","12","5","7","1","1","0","2","0","2","0","0","0","-2"
"141060","Spelman College","2020","Tenured, professors","24","7","17","0","0","0","6","2","4","13","2","11","0","0","0","0","0","0","5","3","2","0","0","0","0","0","0","0","0","0","-2"
"141060","Spelman College","2020","Tenured, associate professors","61","16","45","2","1","1","4","1","3","43","10","33","2","1","1","0","0","0","7","2","5","1","1","0","2","0","2","0","0","0","-2"
"141060","Spelman College","2020","On-Tenure track total","42","9","33","0","0","0","6","4","2","27","2","25","2","1","1","0","0","0","7","2","5","0","0","0","0","0","0","0","0","0","-2"
"141060","Spelman College","2020","On-tenure track, assistant professors","42","9","33","0","0","0","6","4","2","27","2","25","2","1","1","0","0","0","7","2","5","0","0","0","0","0","0","0","0","0","-2"
"141060","Spelman College","2020","Not on tenure track/No tenure system system total","52","9","43","0","0","0","3","0","3","36","4","32","6","2","4","0","0","0","7","3","4","0","0","0","0","0","0","0","0","0","-2"
"141060","Spelman College","2020","Not on tenure/no tenure system, assistant professors","1","0","1","0","0","0","0","0","0","1","0","1","0","0","0","0","0","0","0","0","0","0","0","0","0","0","0","0","0","0","-2"
"141060","Spelman College","2020","Not on tenure/no tenure system, instructors","16","1","15","0","0","0","0","0","0","15","1","14","1","0","1","0","0","0","0","0","0","0","0","0","0","0","0","0","0","0","-2"
"141060","Spelman College","2020","Not on tenure/no tenure system, lecturers","35","8","27","0","0","0","3","0","3","20","3","17","5","2","3","0","0","0","7","3","4","0","0","0","0","0","0","0","0","0","-2"
"141574","University of Hawaii at Manoa","2020","Tenured total","729","415","314","1","1","0","215","123","92","6","3","3","8","5","3","43","12","31","405","251","154","14","3","11","0","0","0","37","17","20","-2"
"141574","University of Hawaii at Manoa","2020","Tenured, professors","427","272","155","1","1","0","127","82","45","3","1","2","6","3","3","19","6","13","255","171","84","3","0","3","0","0","0","13","8","5","-2"
"141574","University of Hawaii at Manoa","2020","Tenured, associate professors","301","143","158","0","0","0","88","41","47","3","2","1","2","2","0","24","6","18","150","80","70","11","3","8","0","0","0","23","9","14","-2"
"141574","University of Hawaii at Manoa","2020","Tenured, assistant professors","1","0","1","0","0","0","0","0","0","0","0","0","0","0","0","0","0","0","0","0","0","0","0","0","0","0","0","1","0","1","-2"
"141574","University of Hawaii at Manoa","2020","On-Tenure track total","188","105","83","0","0","0","48","32","16","3","1","2","4","1","3","12","4","8","95","53","42","14","5","9","0","0","0","12","9","3","-2"
"141574","University of Hawaii at Manoa","2020","On-tenure track, associate professors","3","2","1","0","0","0","2","1","1","0","0","0","0","0","0","0","0","0","1","1","0","0","0","0","0","0","0","0","0","0","-2"
"141574","University of Hawaii at Manoa","2020","On-tenure track, assistant professors","185","103","82","0","0","0","46","31","15","3","1","2","4","1","3","12","4","8","94","52","42","14","5","9","0","0","0","12","9","3","-2"
"141574","University of Hawaii at Manoa","2020","Not on tenure track/No tenure system system total","214","75","139","0","0","0","73","20","53","3","0","3","11","4","7","23","7","16","78","33","45","16","5","11","0","0","0","10","6","4","-2"
"141574","University of Hawaii at Manoa","2020","Not on tenure/no tenure system, professors","9","7","2","0","0","0","4","4","0","0","0","0","0","0","0","0","0","0","4","2","2","0","0","0","0","0","0","1","1","0","-2"
"141574","University of Hawaii at Manoa","2020","Not on tenure/no tenure system, associate professors","20","6","14","0","0","0","10","2","8","0","0","0","1","0","1","2","0","2","6","3","3","1","1","0","0","0","0","0","0","0","-2"
"141574","University of Hawaii at Manoa","2020","Not on tenure/no tenure system, assistant professors","69","28","41","0","0","0","20","6","14","1","0","1","4","2","2","3","2","1","29","12","17","7","2","5","0","0","0","5","4","1","-2"
"141574","University of Hawaii at Manoa","2020","Not on tenure/no tenure system, instructors","116","34","82","0","0","0","39","8","31","2","0","2","6","2","4","18","5","13","39","16","23","8","2","6","0","0","0","4","1","3","-2"
"141644","Hawaii Pacific University","2020","Not on tenure track/No tenure system system total","146","79","67","3","1","2","34","19","15","2","2","0","6","0","6","4","2","2","91","53","38","6","2","4","0","0","0","0","0","0","-2"
"141644","Hawaii Pacific University","2020","Not on tenure/no tenure system, professors","19","11","8","1","0","1","4","3","1","0","0","0","0","0","0","0","0","0","13","8","5","1","0","1","0","0","0","0","0","0","-2"
"141644","Hawaii Pacific University","2020","Not on tenure/no tenure system, associate professors","46","27","19","2","1","1","12","6","6","0","0","0","2","0","2","2","2","0","27","17","10","1","1","0","0","0","0","0","0","0","-2"
"141644","Hawaii Pacific University","2020","Not on tenure/no tenure system, assistant professors","50","26","24","0","0","0","12","7","5","0","0","0","3","0","3","1","0","1","30","18","12","4","1","3","0","0","0","0","0","0","-2"
"141644","Hawaii Pacific University","2020","Not on tenure/no tenure system, instructors","13","6","7","0","0","0","2","1","1","0","0","0","1","0","1","1","0","1","9","5","4","0","0","0","0","0","0","0","0","0","-2"
"141644","Hawaii Pacific University","2020","Not on tenure/no tenure system, lecturers","18","9","9","0","0","0","4","2","2","2","2","0","0","0","0","0","0","0","12","5","7","0","0","0","0","0","0","0","0","0","-2"
"142115","Boise State University","2020","Tenured total","378","217","161","2","1","1","30","20","10","2","2","0","15","7","8","0","0","0","322","181","141","3","3","0","1","1","0","3","2","1","-2"
"142115","Boise State University","2020","Tenured, professors","177","111","66","2","1","1","11","7","4","0","0","0","8","4","4","0","0","0","154","97","57","1","1","0","0","0","0","1","1","0","-2"
"142115","Boise State University","2020","Tenured, associate professors","199","105","94","0","0","0","19","13","6","2","2","0","7","3","4","0","0","0","166","83","83","2","2","0","1","1","0","2","1","1","-2"
"142115","Boise State University","2020","Tenured, assistant professors","2","1","1","0","0","0","0","0","0","0","0","0","0","0","0","0","0","0","2","1","1","0","0","0","0","0","0","0","0","0","-2"
"142115","Boise State University","2020","On-Tenure track total","150","79","71","0","0","0","10","4","6","0","0","0","4","1","3","0","0","0","108","57","51","3","1","2","1","1","0","24","15","9","-2"
"142115","Boise State University","2020","On-tenure track, professors","1","0","1","0","0","0","0","0","0","0","0","0","0","0","0","0","0","0","1","0","1","0","0","0","0","0","0","0","0","0","-2"
"142115","Boise State University","2020","On-tenure track, associate professors","3","2","1","0","0","0","0","0","0","0","0","0","0","0","0","0","0","0","2","1","1","0","0","0","1","1","0","0","0","0","-2"
"142115","Boise State University","2020","On-tenure track, assistant professors","146","77","69","0","0","0","10","4","6","0","0","0","4","1","3","0","0","0","105","56","49","3","1","2","0","0","0","24","15","9","-2"
"142115","Boise State University","2020","Not on tenure track/No tenure system system total","256","106","150","0","0","0","9","4","5","1","1","0","21","10","11","1","1","0","219","86","133","2","1","1","1","1","0","2","2","0","-2"
"142115","Boise State University","2020","Not on tenure/no tenure system, professors","2","2","0","0","0","0","0","0","0","0","0","0","0","0","0","0","0","0","2","2","0","0","0","0","0","0","0","0","0","0","-2"
"142115","Boise State University","2020","Not on tenure/no tenure system, associate professors","26","7","19","0","0","0","0","0","0","0","0","0","1","0","1","1","1","0","24","6","18","0","0","0","0","0","0","0","0","0","-2"
"142115","Boise State University","2020","Not on tenure/no tenure system, assistant professors","59","24","35","0","0","0","1","1","0","0","0","0","9","6","3","0","0","0","49","17","32","0","0","0","0","0","0","0","0","0","-2"
"142115","Boise State University","2020","Not on tenure/no tenure system, instructors","14","9","5","0","0","0","0","0","0","0","0","0","4","1","3","0","0","0","10","8","2","0","0","0","0","0","0","0","0","0","-2"
"142115","Boise State University","2020","Not on tenure/no tenure system, lecturers","135","57","78","0","0","0","8","3","5","0","0","0","5","2","3","0","0","0","118","49","69","1","0","1","1","1","0","2","2","0","-2"
"142115","Boise State University","2020","Not on tenure/no tenure system, no academic rank","20","7","13","0","0","0","0","0","0","1","1","0","2","1","1","0","0","0","16","4","12","1","1","0","0","0","0","0","0","0","-2"
"142294","The College of Idaho","2020","Tenured total","43","23","20","0","0","0","2","0","2","0","0","0","0","0","0","0","0","0","39","23","16","1","0","1","0","0","0","1","0","1","-2"
"142294","The College of Idaho","2020","Tenured, professors","26","16","10","0","0","0","2","0","2","0","0","0","0","0","0","0","0","0","22","16","6","1","0","1","0","0","0","1","0","1","-2"
"142294","The College of Idaho","2020","Tenured, associate professors","17","7","10","0","0","0","0","0","0","0","0","0","0","0","0","0","0","0","17","7","10","0","0","0","0","0","0","0","0","0","-2"
"142294","The College of Idaho","2020","On-Tenure track total","13","10","3","0","0","0","1","1","0","0","0","0","2","2","0","0","0","0","10","7","3","0","0","0","0","0","0","0","0","0","-2"
"142294","The College of Idaho","2020","On-tenure track, professors","1","1","0","0","0","0","0","0","0","0","0","0","0","0","0","0","0","0","1","1","0","0","0","0","0","0","0","0","0","0","-2"
"142294","The College of Idaho","2020","On-tenure track, assistant professors","12","9","3","0","0","0","1","1","0","0","0","0","2","2","0","0","0","0","9","6","3","0","0","0","0","0","0","0","0","0","-2"
"142294","The College of Idaho","2020","Not on tenure track/No tenure system system total","14","8","6","0","0","0","1","1","0","0","0","0","0","0","0","0","0","0","13","7","6","0","0","0","0","0","0","0","0","0","-2"
"142294","The College of Idaho","2020","Not on tenure/no tenure system, instructors","5","4","1","0","0","0","1","1","0","0","0","0","0","0","0","0","0","0","4","3","1","0","0","0","0","0","0","0","0","0","-2"
"142294","The College of Idaho","2020","Not on tenure/no tenure system, lecturers","8","3","5","0","0","0","0","0","0","0","0","0","0","0","0","0","0","0","8","3","5","0","0","0","0","0","0","0","0","0","-2"
"142294","The College of Idaho","2020","Not on tenure/no tenure system, no academic rank","1","1","0","0","0","0","0","0","0","0","0","0","0","0","0","0","0","0","1","1","0","0","0","0","0","0","0","0","0","0","-2"
"144050","University of Chicago","2020","Tenured total","869","634","235","1","1","0","122","98","24","28","15","13","26","22","4","0","0","0","657","472","185","8","7","1","25","18","7","2","1","1","-2"
"144050","University of Chicago","2020","Tenured, professors","656","501","155","0","0","0","91","79","12","16","8","8","19","17","2","0","0","0","509","377","132","5","5","0","16","15","1","0","0","0","-2"
"144050","University of Chicago","2020","Tenured, associate professors","213","133","80","1","1","0","31","19","12","12","7","5","7","5","2","0","0","0","148","95","53","3","2","1","9","3","6","2","1","1","-2"
"144050","University of Chicago","2020","On-Tenure track total","313","190","123","0","0","0","37","25","12","17","6","11","23","14","9","0","0","0","141","90","51","10","1","9","33","22","11","52","32","20","-2"
"144050","University of Chicago","2020","On-tenure track, professors","1","1","0","0","0","0","0","0","0","0","0","0","0","0","0","0","0","0","0","0","0","0","0","0","0","0","0","1","1","0","-2"
"144050","University of Chicago","2020","On-tenure track, associate professors","35","22","13","0","0","0","5","3","2","1","1","0","1","0","1","0","0","0","23","15","8","1","0","1","2","2","0","2","1","1","-2"
"144050","University of Chicago","2020","On-tenure track, assistant professors","277","167","110","0","0","0","32","22","10","16","5","11","22","14","8","0","0","0","118","75","43","9","1","8","31","20","11","49","30","19","-2"
"144050","University of Chicago","2020","Not on tenure track/No tenure system system total","1194","638","556","1","0","1","235","128","107","54","19","35","42","16","26","1","1","0","664","368","296","11","4","7","90","45","45","96","57","39","-2"
"144050","University of Chicago","2020","Not on tenure/no tenure system, professors","213","154","59","0","0","0","42","28","14","7","4","3","3","0","3","0","0","0","155","117","38","0","0","0","6","5","1","0","0","0","-2"
"144050","University of Chicago","2020","Not on tenure/no tenure system, associate professors","235","123","112","0","0","0","61","37","24","13","4","9","5","2","3","0","0","0","144","72","72","1","0","1","10","7","3","1","1","0","-2"
"144050","University of Chicago","2020","Not on tenure/no tenure system, assistant professors","319","154","165","0","0","0","79","42","37","20","8","12","12","6","6","1","1","0","144","65","79","8","4","4","36","13","23","19","15","4","-2"
"144050","University of Chicago","2020","Not on tenure/no tenure system, instructors","103","55","48","0","0","0","4","1","3","5","1","4","7","1","6","0","0","0","36","24","12","0","0","0","7","2","5","44","26","18","-2"
"144050","University of Chicago","2020","Not on tenure/no tenure system, lecturers","232","102","130","1","0","1","25","9","16","4","1","3","7","2","5","0","0","0","148","68","80","2","0","2","18","11","7","27","11","16","-2"
"144050","University of Chicago","2020","Not on tenure/no tenure system, no academic rank","92","50","42","0","0","0","24","11","13","5","1","4","8","5","3","0","0","0","37","22","15","0","0","0","13","7","6","5","4","1","-2"
"144865","College of DuPage","2020","Tenured total","266","129","137","2","1","1","23","9","14","11","6","5","9","5","4","0","0","0","217","105","112","0","0","0","4","3","1","0","0","0","-2"
"144865","College of DuPage","2020","Tenured, professors","122","66","56","1","1","0","13","5","8","3","2","1","4","2","2","0","0","0","99","54","45","0","0","0","2","2","0","0","0","0","-2"
"144865","College of DuPage","2020","Tenured, associate professors","77","40","37","0","0","0","7","3","4","6","4","2","3","2","1","0","0","0","60","31","29","0","0","0","1","0","1","0","0","0","-2"
"144865","College of DuPage","2020","Tenured, assistant professors","56","19","37","1","0","1","3","1","2","2","0","2","2","1","1","0","0","0","47","16","31","0","0","0","1","1","0","0","0","0","-2"
"144865","College of DuPage","2020","Tenured, instructors","11","4","7","0","0","0","0","0","0","0","0","0","0","0","0","0","0","0","11","4","7","0","0","0","0","0","0","0","0","0","-2"
"144865","College of DuPage","2020","Not on tenure track/No tenure system system total","1","0","1","0","0","0","0","0","0","0","0","0","0","0","0","0","0","0","1","0","1","0","0","0","0","0","0","0","0","0","-2"
"144865","College of DuPage","2020","Not on tenure/no tenure system, assistant professors","1","0","1","0","0","0","0","0","0","0","0","0","0","0","0","0","0","0","1","0","1","0","0","0","0","0","0","0","0","0","-2"
"145637","University of Illinois Urbana-Champaign","2020","Tenured total","1301","879","422","2","0","2","244","171","73","56","29","27","81","50","31","0","0","0","880","602","278","13","10","3","20","15","5","5","2","3","-2"
"145637","University of Illinois Urbana-Champaign","2020","Tenured, professors","840","618","222","0","0","0","145","116","29","31","19","12","50","32","18","0","0","0","597","437","160","5","3","2","11","10","1","1","1","0","-2"
"145637","University of Illinois Urbana-Champaign","2020","Tenured, associate professors","458","260","198","2","0","2","97","55","42","25","10","15","31","18","13","0","0","0","282","164","118","8","7","1","9","5","4","4","1","3","-2"
"145637","University of Illinois Urbana-Champaign","2020","Tenured, assistant professors","3","1","2","0","0","0","2","0","2","0","0","0","0","0","0","0","0","0","1","1","0","0","0","0","0","0","0","0","0","0","-2"
"145637","University of Illinois Urbana-Champaign","2020","On-Tenure track total","521","290","231","1","1","0","81","38","43","22","11","11","44","27","17","0","0","0","252","138","114","10","6","4","13","8","5","98","61","37","-2"
"145637","University of Illinois Urbana-Champaign","2020","On-tenure track, professors","1","1","0","0","0","0","0","0","0","1","1","0","0","0","0","0","0","0","0","0","0","0","0","0","0","0","0","0","0","0","-2"
"145637","University of Illinois Urbana-Champaign","2020","On-tenure track, associate professors","6","4","2","0","0","0","2","1","1","0","0","0","0","0","0","0","0","0","3","2","1","0","0","0","0","0","0","1","1","0","-2"
"145637","University of Illinois Urbana-Champaign","2020","On-tenure track, assistant professors","514","285","229","1","1","0","79","37","42","21","10","11","44","27","17","0","0","0","249","136","113","10","6","4","13","8","5","97","60","37","-2"
"145637","University of Illinois Urbana-Champaign","2020","Not on tenure track/No tenure system system total","612","300","312","0","0","0","51","27","24","30","14","16","30","17","13","0","0","0","442","208","234","8","5","3","10","7","3","41","22","19","-2"
"145637","University of Illinois Urbana-Champaign","2020","Not on tenure/no tenure system, professors","28","12","16","0","0","0","1","1","0","2","0","2","1","1","0","0","0","0","24","10","14","0","0","0","0","0","0","0","0","0","-2"
"145637","University of Illinois Urbana-Champaign","2020","Not on tenure/no tenure system, associate professors","79","41","38","0","0","0","3","2","1","5","3","2","3","2","1","0","0","0","65","32","33","1","1","0","0","0","0","2","1","1","-2"
"145637","University of Illinois Urbana-Champaign","2020","Not on tenure/no tenure system, assistant professors","210","100","110","0","0","0","27","12","15","15","9","6","12","7","5","0","0","0","126","55","71","4","3","1","4","2","2","22","12","10","-2"
"145637","University of Illinois Urbana-Champaign","2020","Not on tenure/no tenure system, instructors","90","44","46","0","0","0","7","6","1","3","2","1","4","2","2","0","0","0","68","28","40","0","0","0","3","2","1","5","4","1","-2"
"145637","University of Illinois Urbana-Champaign","2020","Not on tenure/no tenure system, lecturers","174","86","88","0","0","0","12","6","6","5","0","5","9","4","5","0","0","0","131","67","64","2","1","1","3","3","0","12","5","7","-2"
"145637","University of Illinois Urbana-Champaign","2020","Not on tenure/no tenure system, no academic rank","31","17","14","0","0","0","1","0","1","0","0","0","1","1","0","0","0","0","28","16","12","1","0","1","0","0","0","0","0","0","-2"
"147703","Northern Illinois University","2020","Tenured total","447","252","195","0","0","0","42","27","15","14","8","6","9","3","6","0","0","0","301","172","129","3","2","1","5","3","2","73","37","36","-2"
"147703","Northern Illinois University","2020","Tenured, professors","222","144","78","0","0","0","24","16","8","6","4","2","3","0","3","0","0","0","151","103","48","2","1","1","2","2","0","34","18","16","-2"
"147703","Northern Illinois University","2020","Tenured, associate professors","221","106","115","0","0","0","18","11","7","7","4","3","6","3","3","0","0","0","147","67","80","1","1","0","3","1","2","39","19","20","-2"
"147703","Northern Illinois University","2020","Tenured, assistant professors","3","1","2","0","0","0","0","0","0","1","0","1","0","0","0","0","0","0","2","1","1","0","0","0","0","0","0","0","0","0","-2"
"147703","Northern Illinois University","2020","Tenured, no academic rank","1","1","0","0","0","0","0","0","0","0","0","0","0","0","0","0","0","0","1","1","0","0","0","0","0","0","0","0","0","0","-2"
"147703","Northern Illinois University","2020","On-Tenure track total","141","73","68","0","0","0","19","11","8","4","2","2","7","3","4","0","0","0","75","34","41","0","0","0","2","1","1","34","22","12","-2"
"147703","Northern Illinois University","2020","On-tenure track, associate professors","6","3","3","0","0","0","0","0","0","0","0","0","1","0","1","0","0","0","5","3","2","0","0","0","0","0","0","0","0","0","-2"
"147703","Northern Illinois University","2020","On-tenure track, assistant professors","128","68","60","0","0","0","17","10","7","3","1","2","6","3","3","0","0","0","68","31","37","0","0","0","2","1","1","32","22","10","-2"
"147703","Northern Illinois University","2020","On-tenure track, no academic rank","7","2","5","0","0","0","2","1","1","1","1","0","0","0","0","0","0","0","2","0","2","0","0","0","0","0","0","2","0","2","-2"
"147703","Northern Illinois University","2020","Not on tenure track/No tenure system system total","199","81","118","0","0","0","9","4","5","5","1","4","7","4","3","0","0","0","170","66","104","1","1","0","0","0","0","7","5","2","-2"
"147703","Northern Illinois University","2020","Not on tenure/no tenure system, associate professors","1","1","0","0","0","0","0","0","0","0","0","0","0","0","0","0","0","0","1","1","0","0","0","0","0","0","0","0","0","0","-2"
"147703","Northern Illinois University","2020","Not on tenure/no tenure system, assistant professors","21","7","14","0","0","0","2","1","1","1","0","1","2","2","0","0","0","0","16","4","12","0","0","0","0","0","0","0","0","0","-2"
"147703","Northern Illinois University","2020","Not on tenure/no tenure system, instructors","153","61","92","0","0","0","5","3","2","3","1","2","5","2","3","0","0","0","137","54","83","1","1","0","0","0","0","2","0","2","-2"
"147703","Northern Illinois University","2020","Not on tenure/no tenure system, no academic rank","24","12","12","0","0","0","2","0","2","1","0","1","0","0","0","0","0","0","16","7","9","0","0","0","0","0","0","5","5","0","-2"
"147767","Northwestern University","2020","Tenured total","1063","760","303","1","0","1","139","107","32","41","27","14","55","34","21","0","0","0","795","570","225","10","5","5","15","13","2","7","4","3","-2"
"147767","Northwestern University","2020","Tenured, professors","753","571","182","1","0","1","97","79","18","20","13","7","35","23","12","0","0","0","584","444","140","5","3","2","9","8","1","2","1","1","-2"
"147767","Northwestern University","2020","Tenured, associate professors","310","189","121","0","0","0","42","28","14","21","14","7","20","11","9","0","0","0","211","126","85","5","2","3","6","5","1","5","3","2","-2"
"147767","Northwestern University","2020","On-Tenure track total","301","166","135","1","1","0","43","25","18","21","6","15","21","11","10","1","1","0","150","86","64","8","1","7","12","8","4","44","27","17","-2"
"147767","Northwestern University","2020","On-tenure track, associate professors","44","28","16","0","0","0","6","4","2","3","0","3","4","3","1","0","0","0","24","17","7","0","0","0","3","2","1","4","2","2","-2"
"147767","Northwestern University","2020","On-tenure track, assistant professors","257","138","119","1","1","0","37","21","16","18","6","12","17","8","9","1","1","0","126","69","57","8","1","7","9","6","3","40","25","15","-2"
"147767","Northwestern University","2020","Not on tenure track/No tenure system system total","961","429","532","0","0","0","128","54","74","48","17","31","39","13","26","0","0","0","676","309","367","12","1","11","22","13","9","36","22","14","-2"
"147767","Northwestern University","2020","Not on tenure/no tenure system, professors","260","147","113","0","0","0","36","18","18","11","5","6","9","4","5","0","0","0","201","118","83","1","0","1","0","0","0","2","2","0","-2"
"147767","Northwestern University","2020","Not on tenure/no tenure system, associate professors","252","114","138","0","0","0","45","20","25","9","4","5","15","4","11","0","0","0","173","80","93","1","0","1","7","4","3","2","2","0","-2"
"147767","Northwestern University","2020","Not on tenure/no tenure system, assistant professors","269","94","175","0","0","0","44","14","30","16","3","13","12","4","8","0","0","0","173","59","114","4","1","3","8","7","1","12","6","6","-2"
"147767","Northwestern University","2020","Not on tenure/no tenure system, instructors","19","6","13","0","0","0","0","0","0","5","3","2","0","0","0","0","0","0","12","3","9","2","0","2","0","0","0","0","0","0","-2"
"147767","Northwestern University","2020","Not on tenure/no tenure system, lecturers","161","68","93","0","0","0","3","2","1","7","2","5","3","1","2","0","0","0","117","49","68","4","0","4","7","2","5","20","12","8","-2"
"149772","Western Illinois University","2020","Tenured total","286","179","107","1","0","1","44","29","15","12","9","3","7","4","3","1","1","0","218","133","85","3","3","0","0","0","0","0","0","0","-2"
"149772","Western Illinois University","2020","Tenured, professors","196","130","66","1","0","1","27","21","6","9","6","3","4","3","1","0","0","0","153","98","55","2","2","0","0","0","0","0","0","0","-2"
"149772","Western Illinois University","2020","Tenured, associate professors","90","49","41","0","0","0","17","8","9","3","3","0","3","1","2","1","1","0","65","35","30","1","1","0","0","0","0","0","0","0","-2"
"149772","Western Illinois University","2020","On-Tenure track total","78","42","36","0","0","0","8","5","3","1","0","1","3","2","1","0","0","0","51","26","25","1","1","0","2","2","0","12","6","6","-2"
"149772","Western Illinois University","2020","On-tenure track, associate professors","2","2","0","0","0","0","1","1","0","0","0","0","0","0","0","0","0","0","1","1","0","0","0","0","0","0","0","0","0","0","-2"
"149772","Western Illinois University","2020","On-tenure track, assistant professors","75","40","35","0","0","0","7","4","3","1","0","1","3","2","1","0","0","0","49","25","24","1","1","0","2","2","0","12","6","6","-2"
"149772","Western Illinois University","2020","On-tenure track, instructors","1","0","1","0","0","0","0","0","0","0","0","0","0","0","0","0","0","0","1","0","1","0","0","0","0","0","0","0","0","0","-2"
"149772","Western Illinois University","2020","Not on tenure track/No tenure system system total","77","24","53","0","0","0","4","1","3","1","1","0","1","0","1","0","0","0","69","21","48","0","0","0","1","1","0","1","0","1","-2"
"149772","Western Illinois University","2020","Not on tenure/no tenure system, associate professors","1","0","1","0","0","0","0","0","0","0","0","0","0","0","0","0","0","0","1","0","1","0","0","0","0","0","0","0","0","0","-2"
"149772","Western Illinois University","2020","Not on tenure/no tenure system, instructors","76","24","52","0","0","0","4","1","3","1","1","0","1","0","1","0","0","0","68","21","47","0","0","0","1","1","0","1","0","1","-2"
"150136","Ball State University","2020","Tenured total","430","250","180","0","0","0","49","25","24","11","5","6","9","6","3","0","0","0","355","210","145","5","4","1","0","0","0","1","0","1","-2"
"150136","Ball State University","2020","Tenured, professors","205","134","71","0","0","0","24","14","10","5","2","3","4","4","0","0","0","0","168","111","57","4","3","1","0","0","0","0","0","0","-2"
"150136","Ball State University","2020","Tenured, associate professors","210","109","101","0","0","0","24","11","13","6","3","3","5","2","3","0","0","0","173","92","81","1","1","0","0","0","0","1","0","1","-2"
"150136","Ball State University","2020","Tenured, assistant professors","15","7","8","0","0","0","1","0","1","0","0","0","0","0","0","0","0","0","14","7","7","0","0","0","0","0","0","0","0","0","-2"
"150136","Ball State University","2020","On-Tenure track total","223","116","107","1","0","1","24","13","11","11","4","7","9","3","6","0","0","0","156","85","71","2","0","2","0","0","0","20","11","9","-2"
"150136","Ball State University","2020","On-tenure track, associate professors","16","6","10","0","0","0","1","0","1","0","0","0","0","0","0","0","0","0","15","6","9","0","0","0","0","0","0","0","0","0","-2"
"150136","Ball State University","2020","On-tenure track, assistant professors","206","109","97","1","0","1","23","13","10","11","4","7","9","3","6","0","0","0","140","78","62","2","0","2","0","0","0","20","11","9","-2"
"150136","Ball State University","2020","On-tenure track, instructors","1","1","0","0","0","0","0","0","0","0","0","0","0","0","0","0","0","0","1","1","0","0","0","0","0","0","0","0","0","0","-2"
"150136","Ball State University","2020","Not on tenure track/No tenure system system total","391","159","232","2","0","2","13","4","9","10","3","7","13","5","8","0","0","0","350","145","205","2","1","1","0","0","0","1","1","0","-2"
"150136","Ball State University","2020","Not on tenure/no tenure system, professors","1","1","0","0","0","0","0","0","0","0","0","0","0","0","0","0","0","0","1","1","0","0","0","0","0","0","0","0","0","0","-2"
"150136","Ball State University","2020","Not on tenure/no tenure system, assistant professors","13","8","5","0","0","0","1","0","1","0","0","0","2","2","0","0","0","0","10","6","4","0","0","0","0","0","0","0","0","0","-2"
"150136","Ball State University","2020","Not on tenure/no tenure system, instructors","240","94","146","2","0","2","8","2","6","7","2","5","9","2","7","0","0","0","213","87","126","0","0","0","0","0","0","1","1","0","-2"
"150136","Ball State University","2020","Not on tenure/no tenure system, lecturers","136","55","81","0","0","0","4","2","2","3","1","2","2","1","1","0","0","0","125","50","75","2","1","1","0","0","0","0","0","0","-2"
"150136","Ball State University","2020","Not on tenure/no tenure system, no academic rank","1","1","0","0","0","0","0","0","0","0","0","0","0","0","0","0","0","0","1","1","0","0","0","0","0","0","0","0","0","0","-2"
"151351","Indiana University-Bloomington","2020","Tenured total","1019","685","334","0","0","0","113","68","45","40","26","14","50","32","18","1","1","0","799","544","255","12","10","2","3","3","0","1","1","0","-2"
"151351","Indiana University-Bloomington","2020","Tenured, professors","626","446","180","0","0","0","57","35","22","18","10","8","21","14","7","0","0","0","519","377","142","9","8","1","1","1","0","1","1","0","-2"
"151351","Indiana University-Bloomington","2020","Tenured, associate professors","393","239","154","0","0","0","56","33","23","22","16","6","29","18","11","1","1","0","280","167","113","3","2","1","2","2","0","0","0","0","-2"
"151351","Indiana University-Bloomington","2020","On-Tenure track total","377","218","159","0","0","0","57","34","23","31","15","16","35","20","15","0","0","0","209","121","88","2","1","1","1","1","0","42","26","16","-2"
"151351","Indiana University-Bloomington","2020","On-tenure track, professors","4","2","2","0","0","0","0","0","0","0","0","0","0","0","0","0","0","0","3","1","2","0","0","0","0","0","0","1","1","0","-2"
"151351","Indiana University-Bloomington","2020","On-tenure track, associate professors","75","48","27","0","0","0","8","5","3","9","4","5","5","4","1","0","0","0","50","32","18","0","0","0","0","0","0","3","3","0","-2"
"151351","Indiana University-Bloomington","2020","On-tenure track, assistant professors","298","168","130","0","0","0","49","29","20","22","11","11","30","16","14","0","0","0","156","88","68","2","1","1","1","1","0","38","22","16","-2"
"151351","Indiana University-Bloomington","2020","Not on tenure track/No tenure system system total","685","335","350","1","1","0","37","12","25","30","17","13","33","19","14","0","0","0","544","265","279","3","2","1","2","2","0","35","17","18","-2"
"151351","Indiana University-Bloomington","2020","Not on tenure/no tenure system, professors","73","42","31","0","0","0","4","1","3","7","5","2","3","3","0","0","0","0","56","32","24","0","0","0","0","0","0","3","1","2","-2"
"151351","Indiana University-Bloomington","2020","Not on tenure/no tenure system, associate professors","56","26","30","0","0","0","1","0","1","3","2","1","0","0","0","0","0","0","51","23","28","1","1","0","0","0","0","0","0","0","-2"
"151351","Indiana University-Bloomington","2020","Not on tenure/no tenure system, assistant professors","94","44","50","0","0","0","7","3","4","1","0","1","6","2","4","0","0","0","66","29","37","0","0","0","0","0","0","14","10","4","-2"
"151351","Indiana University-Bloomington","2020","Not on tenure/no tenure system, lecturers","462","223","239","1","1","0","25","8","17","19","10","9","24","14","10","0","0","0","371","181","190","2","1","1","2","2","0","18","6","12","-2"
"152600","Valparaiso University","2020","Tenured total","140","77","63","0","0","0","8","6","2","3","3","0","3","1","2","0","0","0","123","65","58","0","0","0","0","0","0","3","2","1","-2"
"152600","Valparaiso University","2020","Tenured, professors","57","39","18","0","0","0","3","3","0","0","0","0","1","1","0","0","0","0","52","34","18","0","0","0","0","0","0","1","1","0","-2"
"152600","Valparaiso University","2020","Tenured, associate professors","82","37","45","0","0","0","5","3","2","3","3","0","2","0","2","0","0","0","70","30","40","0","0","0","0","0","0","2","1","1","-2"
"152600","Valparaiso University","2020","Tenured, assistant professors","1","1","0","0","0","0","0","0","0","0","0","0","0","0","0","0","0","0","1","1","0","0","0","0","0","0","0","0","0","0","-2"
"152600","Valparaiso University","2020","On-Tenure track total","71","36","35","0","0","0","11","3","8","4","2","2","3","3","0","0","0","0","50","27","23","0","0","0","3","1","2","0","0","0","-2"
"152600","Valparaiso University","2020","On-tenure track, associate professors","8","7","1","0","0","0","0","0","0","0","0","0","0","0","0","0","0","0","8","7","1","0","0","0","0","0","0","0","0","0","-2"
"152600","Valparaiso University","2020","On-tenure track, assistant professors","62","29","33","0","0","0","11","3","8","4","2","2","3","3","0","0","0","0","41","20","21","0","0","0","3","1","2","0","0","0","-2"
"152600","Valparaiso University","2020","On-tenure track, instructors","1","0","1","0","0","0","0","0","0","0","0","0","0","0","0","0","0","0","1","0","1","0","0","0","0","0","0","0","0","0","-2"
"152600","Valparaiso University","2020","Not on tenure track/No tenure system system total","31","15","16","0","0","0","0","0","0","0","0","0","0","0","0","0","0","0","31","15","16","0","0","0","0","0","0","0","0","0","-2"
"152600","Valparaiso University","2020","Not on tenure/no tenure system, associate professors","3","3","0","0","0","0","0","0","0","0","0","0","0","0","0","0","0","0","3","3","0","0","0","0","0","0","0","0","0","0","-2"
"152600","Valparaiso University","2020","Not on tenure/no tenure system, assistant professors","13","1","12","0","0","0","0","0","0","0","0","0","0","0","0","0","0","0","13","1","12","0","0","0","0","0","0","0","0","0","-2"
"152600","Valparaiso University","2020","Not on tenure/no tenure system, instructors","1","1","0","0","0","0","0","0","0","0","0","0","0","0","0","0","0","0","1","1","0","0","0","0","0","0","0","0","0","0","-2"
"152600","Valparaiso University","2020","Not on tenure/no tenure system, lecturers","14","10","4","0","0","0","0","0","0","0","0","0","0","0","0","0","0","0","14","10","4","0","0","0","0","0","0","0","0","0","-2"
"153603","Iowa State University","2020","Tenured total","909","630","279","3","2","1","182","141","41","22","14","8","29","17","12","1","1","0","659","447","212","4","1","3","0","0","0","9","7","2","-2"
"153603","Iowa State University","2020","Tenured, professors","517","394","123","2","1","1","98","82","16","10","6","4","15","11","4","0","0","0","389","292","97","1","0","1","0","0","0","2","2","0","-2"
"153603","Iowa State University","2020","Tenured, associate professors","391","236","155","1","1","0","84","59","25","12","8","4","14","6","8","1","1","0","269","155","114","3","1","2","0","0","0","7","5","2","-2"
"153603","Iowa State University","2020","Tenured, assistant professors","1","0","1","0","0","0","0","0","0","0","0","0","0","0","0","0","0","0","1","0","1","0","0","0","0","0","0","0","0","0","-2"
"153603","Iowa State University","2020","On-Tenure track total","296","181","115","1","0","1","51","31","20","7","5","2","12","9","3","0","0","0","175","103","72","5","4","1","0","0","0","45","29","16","-2"
"153603","Iowa State University","2020","On-tenure track, associate professors","10","9","1","0","0","0","2","2","0","0","0","0","1","1","0","0","0","0","7","6","1","0","0","0","0","0","0","0","0","0","-2"
"153603","Iowa State University","2020","On-tenure track, assistant professors","286","172","114","1","0","1","49","29","20","7","5","2","11","8","3","0","0","0","168","97","71","5","4","1","0","0","0","45","29","16","-2"
"153603","Iowa State University","2020","Not on tenure track/No tenure system system total","314","147","167","0","0","0","26","13","13","13","8","5","10","6","4","0","0","0","245","109","136","2","1","1","0","0","0","18","10","8","-2"
"153603","Iowa State University","2020","Not on tenure/no tenure system, professors","46","27","19","0","0","0","5","3","2","2","1","1","1","0","1","0","0","0","38","23","15","0","0","0","0","0","0","0","0","0","-2"
"153603","Iowa State University","2020","Not on tenure/no tenure system, associate professors","103","39","64","0","0","0","5","2","3","6","3","3","3","1","2","0","0","0","88","33","55","0","0","0","0","0","0","1","0","1","-2"
"153603","Iowa State University","2020","Not on tenure/no tenure system, assistant professors","152","77","75","0","0","0","15","8","7","5","4","1","6","5","1","0","0","0","108","50","58","2","1","1","0","0","0","16","9","7","-2"
"153603","Iowa State University","2020","Not on tenure/no tenure system, lecturers","13","4","9","0","0","0","1","0","1","0","0","0","0","0","0","0","0","0","11","3","8","0","0","0","0","0","0","1","1","0","-2"
"153658","University of Iowa","2020","Tenured total","1007","696","311","2","1","1","135","103","32","21","14","7","51","33","18","0","0","0","773","530","243","4","0","4","17","12","5","4","3","1","-2"
"153658","University of Iowa","2020","Tenured, professors","592","450","142","1","1","0","74","63","11","9","7","2","33","21","12","0","0","0","460","349","111","2","0","2","12","8","4","1","1","0","-2"
"153658","University of Iowa","2020","Tenured, associate professors","415","246","169","1","0","1","61","40","21","12","7","5","18","12","6","0","0","0","313","181","132","2","0","2","5","4","1","3","2","1","-2"
"153658","University of Iowa","2020","On-Tenure track total","324","178","146","0","0","0","50","32","18","9","1","8","14","9","5","0","0","0","197","101","96","8","7","1","10","7","3","36","21","15","-2"
"153658","University of Iowa","2020","On-tenure track, professors","3","2","1","0","0","0","0","0","0","0","0","0","0","0","0","0","0","0","3","2","1","0","0","0","0","0","0","0","0","0","-2"
"153658","University of Iowa","2020","On-tenure track, associate professors","22","16","6","0","0","0","5","5","0","0","0","0","1","0","1","0","0","0","13","8","5","0","0","0","2","2","0","1","1","0","-2"
"153658","University of Iowa","2020","On-tenure track, assistant professors","299","160","139","0","0","0","45","27","18","9","1","8","13","9","4","0","0","0","181","91","90","8","7","1","8","5","3","35","20","15","-2"
"153658","University of Iowa","2020","Not on tenure track/No tenure system system total","1154","584","570","5","1","4","124","67","57","30","14","16","56","31","25","1","0","1","795","387","408","8","5","3","42","24","18","93","55","38","-2"
"153658","University of Iowa","2020","Not on tenure/no tenure system, professors","167","104","63","1","1","0","13","10","3","5","3","2","6","4","2","0","0","0","134","84","50","3","1","2","5","1","4","0","0","0","-2"
"153658","University of Iowa","2020","Not on tenure/no tenure system, associate professors","320","162","158","2","0","2","34","18","16","4","3","1","17","8","9","1","0","1","237","114","123","1","1","0","16","12","4","8","6","2","-2"
"153658","University of Iowa","2020","Not on tenure/no tenure system, assistant professors","413","202","211","1","0","1","50","27","23","13","4","9","25","15","10","0","0","0","247","107","140","3","3","0","18","10","8","56","36","20","-2"
"153658","University of Iowa","2020","Not on tenure/no tenure system, instructors","4","2","2","0","0","0","1","0","1","0","0","0","0","0","0","0","0","0","3","2","1","0","0","0","0","0","0","0","0","0","-2"
"153658","University of Iowa","2020","Not on tenure/no tenure system, lecturers","172","70","102","1","0","1","10","4","6","5","2","3","5","1","4","0","0","0","136","59","77","1","0","1","3","1","2","11","3","8","-2"
"153658","University of Iowa","2020","Not on tenure/no tenure system, no academic rank","78","44","34","0","0","0","16","8","8","3","2","1","3","3","0","0","0","0","38","21","17","0","0","0","0","0","0","18","10","8","-2"
"155317","University of Kansas","2020","Tenured total","892","596","296","7","6","1","138","93","45","24","12","12","36","22","14","1","1","0","668","452","216","14","6","8","3","3","0","1","1","0","-2"
"155317","University of Kansas","2020","Tenured, professors","517","382","135","4","3","1","75","62","13","10","6","4","17","10","7","1","1","0","402","295","107","5","2","3","2","2","0","1","1","0","-2"
"155317","University of Kansas","2020","Tenured, associate professors","375","214","161","3","3","0","63","31","32","14","6","8","19","12","7","0","0","0","266","157","109","9","4","5","1","1","0","0","0","0","-2"
"155317","University of Kansas","2020","On-Tenure track total","253","151","102","0","0","0","31","16","15","18","7","11","8","8","0","0","0","0","151","88","63","7","3","4","1","1","0","37","28","9","-2"
"155317","University of Kansas","2020","On-tenure track, professors","1","0","1","0","0","0","0","0","0","0","0","0","0","0","0","0","0","0","1","0","1","0","0","0","0","0","0","0","0","0","-2"
"155317","University of Kansas","2020","On-tenure track, associate professors","10","6","4","0","0","0","0","0","0","2","1","1","0","0","0","0","0","0","7","4","3","0","0","0","1","1","0","0","0","0","-2"
"155317","University of Kansas","2020","On-tenure track, assistant professors","242","145","97","0","0","0","31","16","15","16","6","10","8","8","0","0","0","0","143","84","59","7","3","4","0","0","0","37","28","9","-2"
"155317","University of Kansas","2020","Not on tenure track/No tenure system system total","1238","633","605","3","2","1","146","77","69","38","21","17","41","19","22","1","0","1","886","441","445","27","10","17","23","15","8","73","48","25","-2"
"155317","University of Kansas","2020","Not on tenure/no tenure system, professors","88","50","38","0","0","0","16","11","5","3","2","1","4","2","2","0","0","0","65","35","30","0","0","0","0","0","0","0","0","0","-2"
"155317","University of Kansas","2020","Not on tenure/no tenure system, associate professors","282","155","127","1","1","0","33","20","13","6","4","2","5","2","3","1","0","1","218","117","101","8","4","4","2","1","1","8","6","2","-2"
"155317","University of Kansas","2020","Not on tenure/no tenure system, assistant professors","673","351","322","2","1","1","85","44","41","23","11","12","23","13","10","0","0","0","458","234","224","13","3","10","15","11","4","54","34","20","-2"
"155317","University of Kansas","2020","Not on tenure/no tenure system, instructors","66","28","38","0","0","0","4","2","2","2","1","1","2","0","2","0","0","0","43","16","27","2","1","1","6","3","3","7","5","2","-2"
"155317","University of Kansas","2020","Not on tenure/no tenure system, lecturers","129","49","80","0","0","0","8","0","8","4","3","1","7","2","5","0","0","0","102","39","63","4","2","2","0","0","0","4","3","1","-2"
"157447","Northern Kentucky University","2020","Tenured total","266","138","128","1","1","0","20","8","12","14","12","2","7","5","2","0","0","0","218","109","109","4","1","3","0","0","0","2","2","0","-2"
"157447","Northern Kentucky University","2020","Tenured, professors","129","81","48","0","0","0","14","6","8","7","6","1","3","3","0","0","0","0","102","64","38","1","0","1","0","0","0","2","2","0","-2"
"157447","Northern Kentucky University","2020","Tenured, associate professors","137","57","80","1","1","0","6","2","4","7","6","1","4","2","2","0","0","0","116","45","71","3","1","2","0","0","0","0","0","0","-2"
"157447","Northern Kentucky University","2020","On-Tenure track total","95","41","54","0","0","0","7","4","3","9","5","4","0","0","0","0","0","0","60","21","39","2","1","1","0","0","0","17","10","7","-2"
"157447","Northern Kentucky University","2020","On-tenure track, associate professors","1","1","0","0","0","0","0","0","0","0","0","0","0","0","0","0","0","0","0","0","0","0","0","0","0","0","0","1","1","0","-2"
"157447","Northern Kentucky University","2020","On-tenure track, assistant professors","94","40","54","0","0","0","7","4","3","9","5","4","0","0","0","0","0","0","60","21","39","2","1","1","0","0","0","16","9","7","-2"
"157447","Northern Kentucky University","2020","Not on tenure track/No tenure system system total","249","99","150","1","0","1","9","4","5","13","1","12","6","1","5","1","1","0","210","85","125","1","0","1","1","1","0","7","6","1","-2"
"157447","Northern Kentucky University","2020","Not on tenure/no tenure system, lecturers","249","99","150","1","0","1","9","4","5","13","1","12","6","1","5","1","1","0","210","85","125","1","0","1","1","1","0","7","6","1","-2"
"157951","Western Kentucky University","2020","Tenured total","410","223","187","5","4","1","36","18","18","19","7","12","6","3","3","0","0","0","335","186","149","8","5","3","0","0","0","1","0","1","-2"
"157951","Western Kentucky University","2020","Tenured, professors","203","128","75","3","3","0","20","15","5","9","3","6","1","0","1","0","0","0","165","105","60","4","2","2","0","0","0","1","0","1","-2"
"157951","Western Kentucky University","2020","Tenured, associate professors","203","94","109","2","1","1","16","3","13","10","4","6","5","3","2","0","0","0","166","80","86","4","3","1","0","0","0","0","0","0","-2"
"157951","Western Kentucky University","2020","Tenured, assistant professors","4","1","3","0","0","0","0","0","0","0","0","0","0","0","0","0","0","0","4","1","3","0","0","0","0","0","0","0","0","0","-2"
"157951","Western Kentucky University","2020","On-Tenure track total","114","53","61","2","0","2","9","4","5","8","4","4","3","3","0","0","0","0","87","40","47","0","0","0","5","2","3","0","0","0","-2"
"157951","Western Kentucky University","2020","On-tenure track, associate professors","5","2","3","0","0","0","0","0","0","0","0","0","0","0","0","0","0","0","5","2","3","0","0","0","0","0","0","0","0","0","-2"
"157951","Western Kentucky University","2020","On-tenure track, assistant professors","109","51","58","2","0","2","9","4","5","8","4","4","3","3","0","0","0","0","82","38","44","0","0","0","5","2","3","0","0","0","-2"
"157951","Western Kentucky University","2020","Not on tenure track/No tenure system system total","134","45","89","0","0","0","7","2","5","3","0","3","4","1","3","0","0","0","116","41","75","3","1","2","1","0","1","0","0","0","-2"
"157951","Western Kentucky University","2020","Not on tenure/no tenure system, associate professors","7","1","6","0","0","0","0","0","0","0","0","0","1","0","1","0","0","0","6","1","5","0","0","0","0","0","0","0","0","0","-2"
"157951","Western Kentucky University","2020","Not on tenure/no tenure system, assistant professors","6","4","2","0","0","0","0","0","0","0","0","0","0","0","0","0","0","0","5","3","2","1","1","0","0","0","0","0","0","0","-2"
"157951","Western Kentucky University","2020","Not on tenure/no tenure system, instructors","110","35","75","0","0","0","7","2","5","3","0","3","2","1","1","0","0","0","95","32","63","2","0","2","1","0","1","0","0","0","-2"
"157951","Western Kentucky University","2020","Not on tenure/no tenure system, no academic rank","11","5","6","0","0","0","0","0","0","0","0","0","1","0","1","0","0","0","10","5","5","0","0","0","0","0","0","0","0","0","-2"
"159993","University of Louisiana at Monroe","2020","Tenured total","132","69","63","0","0","0","8","6","2","6","2","4","4","1","3","0","0","0","112","59","53","2","1","1","0","0","0","0","0","0","-2"
"159993","University of Louisiana at Monroe","2020","Tenured, professors","60","35","25","0","0","0","5","5","0","1","0","1","1","0","1","0","0","0","51","29","22","2","1","1","0","0","0","0","0","0","-2"
"159993","University of Louisiana at Monroe","2020","Tenured, associate professors","59","32","27","0","0","0","3","1","2","4","2","2","3","1","2","0","0","0","49","28","21","0","0","0","0","0","0","0","0","0","-2"
"159993","University of Louisiana at Monroe","2020","Tenured, assistant professors","13","2","11","0","0","0","0","0","0","1","0","1","0","0","0","0","0","0","12","2","10","0","0","0","0","0","0","0","0","0","-2"
"159993","University of Louisiana at Monroe","2020","On-Tenure track total","92","35","57","0","0","0","6","4","2","10","2","8","2","2","0","0","0","0","72","27","45","0","0","0","2","0","2","0","0","0","-2"
"159993","University of Louisiana at Monroe","2020","On-tenure track, associate professors","3","2","1","0","0","0","0","0","0","1","0","1","1","1","0","0","0","0","1","1","0","0","0","0","0","0","0","0","0","0","-2"
"159993","University of Louisiana at Monroe","2020","On-tenure track, assistant professors","89","33","56","0","0","0","6","4","2","9","2","7","1","1","0","0","0","0","71","26","45","0","0","0","2","0","2","0","0","0","-2"
"159993","University of Louisiana at Monroe","2020","Not on tenure track/No tenure system system total","84","27","57","1","0","1","2","0","2","3","2","1","2","0","2","0","0","0","75","24","51","0","0","0","1","1","0","0","0","0","-2"
"159993","University of Louisiana at Monroe","2020","Not on tenure/no tenure system, professors","9","2","7","0","0","0","0","0","0","0","0","0","0","0","0","0","0","0","9","2","7","0","0","0","0","0","0","0","0","0","-2"
"159993","University of Louisiana at Monroe","2020","Not on tenure/no tenure system, associate professors","6","2","4","0","0","0","0","0","0","1","1","0","0","0","0","0","0","0","5","1","4","0","0","0","0","0","0","0","0","0","-2"
"159993","University of Louisiana at Monroe","2020","Not on tenure/no tenure system, assistant professors","11","2","9","0","0","0","0","0","0","0","0","0","0","0","0","0","0","0","11","2","9","0","0","0","0","0","0","0","0","0","-2"
"159993","University of Louisiana at Monroe","2020","Not on tenure/no tenure system, instructors","58","21","37","1","0","1","2","0","2","2","1","1","2","0","2","0","0","0","50","19","31","0","0","0","1","1","0","0","0","0","-2"
"160755","Tulane University of Louisiana","2020","Tenured total","481","329","152","2","2","0","55","46","9","14","4","10","23","14","9","0","0","0","369","249","120","12","8","4","0","0","0","6","6","0","-2"
"160755","Tulane University of Louisiana","2020","Tenured, professors","277","211","66","2","2","0","27","23","4","8","4","4","10","9","1","0","0","0","221","166","55","6","4","2","0","0","0","3","3","0","-2"
"160755","Tulane University of Louisiana","2020","Tenured, associate professors","204","118","86","0","0","0","28","23","5","6","0","6","13","5","8","0","0","0","148","83","65","6","4","2","0","0","0","3","3","0","-2"
"160755","Tulane University of Louisiana","2020","On-Tenure track total","181","100","81","0","0","0","32","20","12","8","3","5","12","7","5","0","0","0","86","45","41","18","10","8","1","1","0","24","14","10","-2"
"160755","Tulane University of Louisiana","2020","On-tenure track, professors","7","5","2","0","0","0","2","2","0","1","1","0","1","1","0","0","0","0","2","0","2","1","1","0","0","0","0","0","0","0","-2"
"160755","Tulane University of Louisiana","2020","On-tenure track, associate professors","11","6","5","0","0","0","4","3","1","0","0","0","1","0","1","0","0","0","4","1","3","2","2","0","0","0","0","0","0","0","-2"
"160755","Tulane University of Louisiana","2020","On-tenure track, assistant professors","163","89","74","0","0","0","26","15","11","7","2","5","10","6","4","0","0","0","80","44","36","15","7","8","1","1","0","24","14","10","-2"
"160755","Tulane University of Louisiana","2020","Not on tenure track/No tenure system system total","778","359","419","2","2","0","74","38","36","45","11","34","47","23","24","0","0","0","499","225","274","68","33","35","5","4","1","38","23","15","-2"
"160755","Tulane University of Louisiana","2020","Not on tenure/no tenure system, professors","42","32","10","0","0","0","5","4","1","1","1","0","2","2","0","0","0","0","30","23","7","4","2","2","0","0","0","0","0","0","-2"
"160755","Tulane University of Louisiana","2020","Not on tenure/no tenure system, associate professors","91","44","47","0","0","0","15","9","6","3","0","3","8","3","5","0","0","0","56","27","29","8","5","3","0","0","0","1","0","1","-2"
"160755","Tulane University of Louisiana","2020","Not on tenure/no tenure system, assistant professors","338","163","175","1","1","0","38","20","18","21","8","13","18","11","7","0","0","0","195","89","106","36","17","19","4","3","1","25","14","11","-2"
"160755","Tulane University of Louisiana","2020","Not on tenure/no tenure system, instructors","83","25","58","0","0","0","6","3","3","8","0","8","3","1","2","0","0","0","54","13","41","9","5","4","0","0","0","3","3","0","-2"
"160755","Tulane University of Louisiana","2020","Not on tenure/no tenure system, lecturers","224","95","129","1","1","0","10","2","8","12","2","10","16","6","10","0","0","0","164","73","91","11","4","7","1","1","0","9","6","3","-2"
"162928","Johns Hopkins University","2020","Tenured total","1161","844","317","1","1","0","163","116","47","35","22","13","36","31","5","1","1","0","911","666","245","10","3","7","0","0","0","4","4","0","-2"
"162928","Johns Hopkins University","2020","Tenured, professors","1063","782","281","1","1","0","147","108","39","30","20","10","32","28","4","1","1","0","839","617","222","9","3","6","0","0","0","4","4","0","-2"
"162928","Johns Hopkins University","2020","Tenured, associate professors","98","62","36","0","0","0","16","8","8","5","2","3","4","3","1","0","0","0","72","49","23","1","0","1","0","0","0","0","0","0","-2"
"162928","Johns Hopkins University","2020","On-Tenure track total","2001","1033","968","4","1","3","474","264","210","124","46","78","88","43","45","1","0","1","1162","599","563","38","13","25","1","0","1","109","67","42","-2"
"162928","Johns Hopkins University","2020","On-tenure track, professors","6","4","2","0","0","0","0","0","0","0","0","0","1","1","0","0","0","0","5","3","2","0","0","0","0","0","0","0","0","0","-2"
"162928","Johns Hopkins University","2020","On-tenure track, associate professors","676","393","283","0","0","0","166","106","60","26","10","16","28","17","11","1","0","1","432","246","186","10","4","6","0","0","0","13","10","3","-2"
"162928","Johns Hopkins University","2020","On-tenure track, assistant professors","1319","636","683","4","1","3","308","158","150","98","36","62","59","25","34","0","0","0","725","350","375","28","9","19","1","0","1","96","57","39","-2"
"162928","Johns Hopkins University","2020","Not on tenure track/No tenure system system total","694","335","359","0","0","0","120","53","67","45","17","28","32","10","22","0","0","0","448","224","224","9","4","5","0","0","0","40","27","13","-2"
"162928","Johns Hopkins University","2020","Not on tenure/no tenure system, professors","72","52","20","0","0","0","13","7","6","4","2","2","2","2","0","0","0","0","52","40","12","0","0","0","0","0","0","1","1","0","-2"
"162928","Johns Hopkins University","2020","Not on tenure/no tenure system, associate professors","51","28","23","0","0","0","9","5","4","4","1","3","0","0","0","0","0","0","38","22","16","0","0","0","0","0","0","0","0","0","-2"
"162928","Johns Hopkins University","2020","Not on tenure/no tenure system, assistant professors","40","19","21","0","0","0","4","1","3","6","4","2","1","0","1","0","0","0","25","10","15","0","0","0","0","0","0","4","4","0","-2"
"162928","Johns Hopkins University","2020","Not on tenure/no tenure system, instructors","205","99","106","0","0","0","61","24","37","14","6","8","12","6","6","0","0","0","93","46","47","3","1","2","0","0","0","22","16","6","-2"
"162928","Johns Hopkins University","2020","Not on tenure/no tenure system, lecturers","283","106","177","0","0","0","28","11","17","17","4","13","17","2","15","0","0","0","206","82","124","5","3","2","0","0","0","10","4","6","-2"
"162928","Johns Hopkins University","2020","Not on tenure/no tenure system, no academic rank","43","31","12","0","0","0","5","5","0","0","0","0","0","0","0","0","0","0","34","24","10","1","0","1","0","0","0","3","2","1","-2"
"163268","University of Maryland-Baltimore County","2020","Tenured total","289","173","116","0","0","0","55","36","19","20","10","10","12","7","5","0","0","0","198","118","80","1","0","1","0","0","0","3","2","1","-2"
"163268","University of Maryland-Baltimore County","2020","Tenured, professors","142","100","42","0","0","0","27","21","6","7","5","2","3","2","1","0","0","0","105","72","33","0","0","0","0","0","0","0","0","0","-2"
"163268","University of Maryland-Baltimore County","2020","Tenured, associate professors","146","72","74","0","0","0","28","15","13","12","4","8","9","5","4","0","0","0","93","46","47","1","0","1","0","0","0","3","2","1","-2"
"163268","University of Maryland-Baltimore County","2020","Tenured, assistant professors","1","1","0","0","0","0","0","0","0","1","1","0","0","0","0","0","0","0","0","0","0","0","0","0","0","0","0","0","0","0","-2"
"163268","University of Maryland-Baltimore County","2020","On-Tenure track total","114","53","61","0","0","0","21","12","9","8","2","6","11","5","6","0","0","0","53","26","27","2","1","1","1","0","1","18","7","11","-2"
"163268","University of Maryland-Baltimore County","2020","On-tenure track, professors","1","1","0","0","0","0","1","1","0","0","0","0","0","0","0","0","0","0","0","0","0","0","0","0","0","0","0","0","0","0","-2"
"163268","University of Maryland-Baltimore County","2020","On-tenure track, associate professors","5","2","3","0","0","0","3","1","2","0","0","0","1","0","1","0","0","0","1","1","0","0","0","0","0","0","0","0","0","0","-2"
"163268","University of Maryland-Baltimore County","2020","On-tenure track, assistant professors","108","50","58","0","0","0","17","10","7","8","2","6","10","5","5","0","0","0","52","25","27","2","1","1","1","0","1","18","7","11","-2"
"163268","University of Maryland-Baltimore County","2020","Not on tenure track/No tenure system system total","161","69","92","0","0","0","15","7","8","7","3","4","9","3","6","0","0","0","119","48","71","2","0","2","3","2","1","6","6","0","-2"
"163268","University of Maryland-Baltimore County","2020","Not on tenure/no tenure system, professors","17","11","6","0","0","0","3","3","0","0","0","0","1","0","1","0","0","0","9","6","3","1","0","1","3","2","1","0","0","0","-2"
"163268","University of Maryland-Baltimore County","2020","Not on tenure/no tenure system, associate professors","6","1","5","0","0","0","0","0","0","0","0","0","0","0","0","0","0","0","5","1","4","1","0","1","0","0","0","0","0","0","-2"
"163268","University of Maryland-Baltimore County","2020","Not on tenure/no tenure system, assistant professors","8","2","6","0","0","0","0","0","0","0","0","0","0","0","0","0","0","0","7","1","6","0","0","0","0","0","0","1","1","0","-2"
"163268","University of Maryland-Baltimore County","2020","Not on tenure/no tenure system, instructors","7","1","6","0","0","0","0","0","0","1","0","1","0","0","0","0","0","0","6","1","5","0","0","0","0","0","0","0","0","0","-2"
"163268","University of Maryland-Baltimore County","2020","Not on tenure/no tenure system, lecturers","123","54","69","0","0","0","12","4","8","6","3","3","8","3","5","0","0","0","92","39","53","0","0","0","0","0","0","5","5","0","-2"
"163286","University of Maryland-College Park","2020","Tenured total","1102","745","357","1","1","0","186","131","55","44","20","24","56","30","26","1","0","1","737","515","222","7","3","4","61","41","20","9","4","5","-2"
"163286","University of Maryland-College Park","2020","Tenured, professors","678","506","172","0","0","0","126","96","30","10","6","4","26","16","10","0","0","0","487","365","122","4","2","2","22","18","4","3","3","0","-2"
"163286","University of Maryland-College Park","2020","Tenured, associate professors","424","239","185","1","1","0","60","35","25","34","14","20","30","14","16","1","0","1","250","150","100","3","1","2","39","23","16","6","1","5","-2"
"163286","University of Maryland-College Park","2020","On-Tenure track total","252","133","119","3","1","2","29","16","13","21","6","15","19","9","10","1","1","0","111","52","59","1","1","0","29","16","13","38","31","7","-2"
"163286","University of Maryland-College Park","2020","On-tenure track, associate professors","1","1","0","0","0","0","0","0","0","0","0","0","0","0","0","0","0","0","1","1","0","0","0","0","0","0","0","0","0","0","-2"
"163286","University of Maryland-College Park","2020","On-tenure track, assistant professors","251","132","119","3","1","2","29","16","13","21","6","15","19","9","10","1","1","0","110","51","59","1","1","0","29","16","13","38","31","7","-2"
"163286","University of Maryland-College Park","2020","Not on tenure track/No tenure system system total","495","222","273","0","0","0","34","13","21","49","21","28","28","12","16","0","0","0","316","149","167","6","2","4","52","20","32","10","5","5","-2"
"163286","University of Maryland-College Park","2020","Not on tenure/no tenure system, professors","29","19","10","0","0","0","2","2","0","3","3","0","2","2","0","0","0","0","20","11","9","0","0","0","2","1","1","0","0","0","-2"
"163286","University of Maryland-College Park","2020","Not on tenure/no tenure system, associate professors","37","8","29","0","0","0","2","1","1","7","0","7","2","0","2","0","0","0","23","7","16","0","0","0","3","0","3","0","0","0","-2"
"163286","University of Maryland-College Park","2020","Not on tenure/no tenure system, assistant professors","51","8","43","0","0","0","4","0","4","6","1","5","6","1","5","0","0","0","23","4","19","1","0","1","9","2","7","2","0","2","-2"
"163286","University of Maryland-College Park","2020","Not on tenure/no tenure system, instructors","5","2","3","0","0","0","0","0","0","2","1","1","0","0","0","0","0","0","3","1","2","0","0","0","0","0","0","0","0","0","-2"
"163286","University of Maryland-College Park","2020","Not on tenure/no tenure system, lecturers","373","185","188","0","0","0","26","10","16","31","16","15","18","9","9","0","0","0","247","126","121","5","2","3","38","17","21","8","5","3","-2"
"163338","University of Maryland Eastern Shore","2020","Tenured total","114","73","41","0","0","0","28","17","11","39","25","14","3","3","0","1","1","0","37","23","14","3","2","1","1","0","1","2","2","0","-2"
"163338","University of Maryland Eastern Shore","2020","Tenured, professors","47","29","18","0","0","0","11","6","5","17","11","6","1","1","0","0","0","0","17","10","7","1","1","0","0","0","0","0","0","0","-2"
"163338","University of Maryland Eastern Shore","2020","Tenured, associate professors","64","42","22","0","0","0","17","11","6","21","14","7","2","2","0","1","1","0","18","11","7","2","1","1","1","0","1","2","2","0","-2"
"163338","University of Maryland Eastern Shore","2020","Tenured, assistant professors","3","2","1","0","0","0","0","0","0","1","0","1","0","0","0","0","0","0","2","2","0","0","0","0","0","0","0","0","0","0","-2"
"163338","University of Maryland Eastern Shore","2020","On-Tenure track total","44","25","19","0","0","0","8","5","3","13","6","7","2","2","0","1","1","0","17","10","7","1","0","1","1","1","0","1","0","1","-2"
"163338","University of Maryland Eastern Shore","2020","On-tenure track, associate professors","8","5","3","0","0","0","3","2","1","2","1","1","0","0","0","0","0","0","3","2","1","0","0","0","0","0","0","0","0","0","-2"
"163338","University of Maryland Eastern Shore","2020","On-tenure track, assistant professors","36","20","16","0","0","0","5","3","2","11","5","6","2","2","0","1","1","0","14","8","6","1","0","1","1","1","0","1","0","1","-2"
"163338","University of Maryland Eastern Shore","2020","Not on tenure track/No tenure system system total","53","23","30","0","0","0","4","2","2","17","4","13","1","0","1","0","0","0","29","15","14","1","1","0","0","0","0","1","1","0","-2"
"163338","University of Maryland Eastern Shore","2020","Not on tenure/no tenure system, professors","1","0","1","0","0","0","0","0","0","0","0","0","0","0","0","0","0","0","1","0","1","0","0","0","0","0","0","0","0","0","-2"
"163338","University of Maryland Eastern Shore","2020","Not on tenure/no tenure system, associate professors","3","2","1","0","0","0","1","0","1","0","0","0","0","0","0","0","0","0","2","2","0","0","0","0","0","0","0","0","0","0","-2"
"163338","University of Maryland Eastern Shore","2020","Not on tenure/no tenure system, assistant professors","12","5","7","0","0","0","1","1","0","3","0","3","1","0","1","0","0","0","7","4","3","0","0","0","0","0","0","0","0","0","-2"
"163338","University of Maryland Eastern Shore","2020","Not on tenure/no tenure system, instructors","1","1","0","0","0","0","0","0","0","0","0","0","0","0","0","0","0","0","1","1","0","0","0","0","0","0","0","0","0","0","-2"
"163338","University of Maryland Eastern Shore","2020","Not on tenure/no tenure system, lecturers","36","15","21","0","0","0","2","1","1","14","4","10","0","0","0","0","0","0","18","8","10","1","1","0","0","0","0","1","1","0","-2"
"163851","Salisbury University","2020","Tenured total","245","142","103","0","0","0","23","13","10","16","10","6","4","3","1","0","0","0","193","112","81","1","0","1","2","1","1","6","3","3","-2"
"163851","Salisbury University","2020","Tenured, professors","114","75","39","0","0","0","14","8","6","4","3","1","1","0","1","0","0","0","93","63","30","0","0","0","2","1","1","0","0","0","-2"
"163851","Salisbury University","2020","Tenured, associate professors","121","62","59","0","0","0","9","5","4","12","7","5","3","3","0","0","0","0","90","44","46","1","0","1","0","0","0","6","3","3","-2"
"163851","Salisbury University","2020","Tenured, assistant professors","10","5","5","0","0","0","0","0","0","0","0","0","0","0","0","0","0","0","10","5","5","0","0","0","0","0","0","0","0","0","-2"
"163851","Salisbury University","2020","On-Tenure track total","104","50","54","0","0","0","17","10","7","5","3","2","5","2","3","0","0","0","74","34","40","0","0","0","0","0","0","3","1","2","-2"
"163851","Salisbury University","2020","On-tenure track, associate professors","1","0","1","0","0","0","0","0","0","0","0","0","0","0","0","0","0","0","1","0","1","0","0","0","0","0","0","0","0","0","-2"
"163851","Salisbury University","2020","On-tenure track, assistant professors","98","50","48","0","0","0","16","10","6","4","3","1","5","2","3","0","0","0","70","34","36","0","0","0","0","0","0","3","1","2","-2"
"163851","Salisbury University","2020","On-tenure track, instructors","5","0","5","0","0","0","1","0","1","1","0","1","0","0","0","0","0","0","3","0","3","0","0","0","0","0","0","0","0","0","-2"
"163851","Salisbury University","2020","Not on tenure track/No tenure system system total","90","20","70","1","0","1","3","0","3","1","0","1","1","0","1","0","0","0","83","19","64","1","1","0","0","0","0","0","0","0","-2"
"163851","Salisbury University","2020","Not on tenure/no tenure system, lecturers","90","20","70","1","0","1","3","0","3","1","0","1","1","0","1","0","0","0","83","19","64","1","1","0","0","0","0","0","0","0","-2"
"164155","United States Naval Academy","2020","Tenured total","229","166","63","0","0","0","19","13","6","6","4","2","6","3","3","1","0","1","196","145","51","0","0","0","1","1","0","0","0","0","-2"
"164155","United States Naval Academy","2020","Tenured, professors","122","87","35","0","0","0","5","3","2","1","1","0","3","1","2","1","0","1","111","81","30","0","0","0","1","1","0","0","0","0","-2"
"164155","United States Naval Academy","2020","Tenured, associate professors","102","76","26","0","0","0","14","10","4","5","3","2","3","2","1","0","0","0","80","61","19","0","0","0","0","0","0","0","0","0","-2"
"164155","United States Naval Academy","2020","Tenured, instructors","5","3","2","0","0","0","0","0","0","0","0","0","0","0","0","0","0","0","5","3","2","0","0","0","0","0","0","0","0","0","-2"
"164155","United States Naval Academy","2020","On-Tenure track total","68","37","31","1","1","0","4","1","3","4","3","1","3","1","2","0","0","0","55","30","25","0","0","0","1","1","0","0","0","0","-2"
"164155","United States Naval Academy","2020","On-tenure track, assistant professors","68","37","31","1","1","0","4","1","3","4","3","1","3","1","2","0","0","0","55","30","25","0","0","0","1","1","0","0","0","0","-2"
"164155","United States Naval Academy","2020","Not on tenure track/No tenure system system total","34","30","4","0","0","0","1","1","0","0","0","0","1","1","0","0","0","0","30","26","4","0","0","0","2","2","0","0","0","0","-2"
"164155","United States Naval Academy","2020","Not on tenure/no tenure system, professors","1","1","0","0","0","0","0","0","0","0","0","0","0","0","0","0","0","0","1","1","0","0","0","0","0","0","0","0","0","0","-2"
"164155","United States Naval Academy","2020","Not on tenure/no tenure system, instructors","16","13","3","0","0","0","0","0","0","0","0","0","0","0","0","0","0","0","16","13","3","0","0","0","0","0","0","0","0","0","-2"
"164155","United States Naval Academy","2020","Not on tenure/no tenure system, no academic rank","17","16","1","0","0","0","1","1","0","0","0","0","1","1","0","0","0","0","13","12","1","0","0","0","2","2","0","0","0","0","-2"
"166027","Harvard University","2020","Tenured total","1073","789","284","1","1","0","123","94","29","40","25","15","36","22","14","0","0","0","860","635","225","8","7","1","0","0","0","5","5","0","-2"
"166027","Harvard University","2020","Tenured, professors","1073","789","284","1","1","0","123","94","29","40","25","15","36","22","14","0","0","0","860","635","225","8","7","1","0","0","0","5","5","0","-2"
"166027","Harvard University","2020","On-Tenure track total","400","230","170","1","0","1","72","42","30","20","14","6","22","13","9","0","0","0","227","127","100","8","5","3","0","0","0","50","29","21","-2"
"166027","Harvard University","2020","On-tenure track, associate professors","173","101","72","0","0","0","36","22","14","5","3","2","11","6","5","0","0","0","113","66","47","3","3","0","0","0","0","5","1","4","-2"
"166027","Harvard University","2020","On-tenure track, assistant professors","227","129","98","1","0","1","36","20","16","15","11","4","11","7","4","0","0","0","114","61","53","5","2","3","0","0","0","45","28","17","-2"
"166027","Harvard University","2020","Not on tenure track/No tenure system system total","647","331","316","0","0","0","71","31","40","31","14","17","27","15","12","1","0","1","428","228","200","14","6","8","1","1","0","74","36","38","-2"
"166027","Harvard University","2020","Not on tenure/no tenure system, professors","109","71","38","0","0","0","9","5","4","13","7","6","2","2","0","0","0","0","78","52","26","4","4","0","0","0","0","3","1","2","-2"
"166027","Harvard University","2020","Not on tenure/no tenure system, associate professors","12","5","7","0","0","0","3","0","3","1","0","1","2","2","0","0","0","0","4","1","3","0","0","0","0","0","0","2","2","0","-2"
"166027","Harvard University","2020","Not on tenure/no tenure system, assistant professors","33","16","17","0","0","0","7","4","3","1","0","1","0","0","0","0","0","0","13","3","10","0","0","0","0","0","0","12","9","3","-2"
"166027","Harvard University","2020","Not on tenure/no tenure system, instructors","195","89","106","0","0","0","32","13","19","5","3","2","14","6","8","0","0","0","105","51","54","2","1","1","0","0","0","37","15","22","-2"
"166027","Harvard University","2020","Not on tenure/no tenure system, lecturers","298","150","148","0","0","0","20","9","11","11","4","7","9","5","4","1","0","1","228","121","107","8","1","7","1","1","0","20","9","11","-2"
"166513","University of Massachusetts-Lowell","2020","Tenured total","281","177","104","0","0","0","82","54","28","5","4","1","7","5","2","0","0","0","182","112","70","3","1","2","0","0","0","2","1","1","-2"
"166513","University of Massachusetts-Lowell","2020","Tenured, professors","140","105","35","0","0","0","46","36","10","1","1","0","2","2","0","0","0","0","89","65","24","1","0","1","0","0","0","1","1","0","-2"
"166513","University of Massachusetts-Lowell","2020","Tenured, associate professors","141","72","69","0","0","0","36","18","18","4","3","1","5","3","2","0","0","0","93","47","46","2","1","1","0","0","0","1","0","1","-2"
"166513","University of Massachusetts-Lowell","2020","On-Tenure track total","162","93","69","0","0","0","36","21","15","5","1","4","8","5","3","0","0","0","85","46","39","4","2","2","1","0","1","23","18","5","-2"
"166513","University of Massachusetts-Lowell","2020","On-tenure track, professors","4","4","0","0","0","0","1","1","0","0","0","0","0","0","0","0","0","0","3","3","0","0","0","0","0","0","0","0","0","0","-2"
"166513","University of Massachusetts-Lowell","2020","On-tenure track, associate professors","12","6","6","0","0","0","5","4","1","1","0","1","2","2","0","0","0","0","4","0","4","0","0","0","0","0","0","0","0","0","-2"
"166513","University of Massachusetts-Lowell","2020","On-tenure track, assistant professors","146","83","63","0","0","0","30","16","14","4","1","3","6","3","3","0","0","0","78","43","35","4","2","2","1","0","1","23","18","5","-2"
"166513","University of Massachusetts-Lowell","2020","Not on tenure track/No tenure system system total","184","74","110","0","0","0","15","7","8","4","2","2","3","3","0","0","0","0","152","57","95","1","1","0","1","0","1","8","4","4","-2"
"166513","University of Massachusetts-Lowell","2020","Not on tenure/no tenure system, professors","4","1","3","0","0","0","0","0","0","0","0","0","0","0","0","0","0","0","4","1","3","0","0","0","0","0","0","0","0","0","-2"
"166513","University of Massachusetts-Lowell","2020","Not on tenure/no tenure system, associate professors","4","2","2","0","0","0","0","0","0","0","0","0","1","1","0","0","0","0","3","1","2","0","0","0","0","0","0","0","0","0","-2"
"166513","University of Massachusetts-Lowell","2020","Not on tenure/no tenure system, assistant professors","6","0","6","0","0","0","1","0","1","0","0","0","0","0","0","0","0","0","5","0","5","0","0","0","0","0","0","0","0","0","-2"
"166513","University of Massachusetts-Lowell","2020","Not on tenure/no tenure system, instructors","10","0","10","0","0","0","0","0","0","0","0","0","0","0","0","0","0","0","10","0","10","0","0","0","0","0","0","0","0","0","-2"
"166513","University of Massachusetts-Lowell","2020","Not on tenure/no tenure system, lecturers","130","57","73","0","0","0","13","7","6","3","1","2","2","2","0","0","0","0","106","43","63","1","1","0","0","0","0","5","3","2","-2"
"166513","University of Massachusetts-Lowell","2020","Not on tenure/no tenure system, no academic rank","30","14","16","0","0","0","1","0","1","1","1","0","0","0","0","0","0","0","24","12","12","0","0","0","1","0","1","3","1","2","-2"
"166629","University of Massachusetts-Amherst","2020","Tenured total","785","480","305","2","1","1","122","77","45","30","18","12","36","19","17","0","0","0","550","339","211","11","5","6","28","17","11","6","4","2","-2"
"166629","University of Massachusetts-Amherst","2020","Tenured, professors","453","317","136","0","0","0","64","50","14","10","6","4","19","10","9","0","0","0","339","237","102","7","4","3","12","8","4","2","2","0","-2"
"166629","University of Massachusetts-Amherst","2020","Tenured, associate professors","331","162","169","2","1","1","57","26","31","20","12","8","17","9","8","0","0","0","211","102","109","4","1","3","16","9","7","4","2","2","-2"
"166629","University of Massachusetts-Amherst","2020","Tenured, assistant professors","1","1","0","0","0","0","1","1","0","0","0","0","0","0","0","0","0","0","0","0","0","0","0","0","0","0","0","0","0","0","-2"
"166629","University of Massachusetts-Amherst","2020","On-Tenure track total","293","151","142","0","0","0","46","28","18","20","10","10","11","5","6","0","0","0","148","73","75","7","4","3","5","5","0","56","26","30","-2"
"166629","University of Massachusetts-Amherst","2020","On-tenure track, professors","2","1","1","0","0","0","0","0","0","1","1","0","0","0","0","0","0","0","1","0","1","0","0","0","0","0","0","0","0","0","-2"
"166629","University of Massachusetts-Amherst","2020","On-tenure track, associate professors","12","6","6","0","0","0","1","0","1","0","0","0","0","0","0","0","0","0","9","6","3","0","0","0","0","0","0","2","0","2","-2"
"166629","University of Massachusetts-Amherst","2020","On-tenure track, assistant professors","279","144","135","0","0","0","45","28","17","19","9","10","11","5","6","0","0","0","138","67","71","7","4","3","5","5","0","54","26","28","-2"
"166629","University of Massachusetts-Amherst","2020","Not on tenure track/No tenure system system total","374","153","221","2","0","2","23","8","15","12","5","7","7","1","6","0","0","0","285","119","166","4","1","3","7","2","5","34","17","17","-2"
"166629","University of Massachusetts-Amherst","2020","Not on tenure/no tenure system, professors","2","1","1","0","0","0","0","0","0","0","0","0","1","0","1","0","0","0","1","1","0","0","0","0","0","0","0","0","0","0","-2"
"166629","University of Massachusetts-Amherst","2020","Not on tenure/no tenure system, associate professors","10","4","6","0","0","0","0","0","0","1","1","0","0","0","0","0","0","0","9","3","6","0","0","0","0","0","0","0","0","0","-2"
"166629","University of Massachusetts-Amherst","2020","Not on tenure/no tenure system, assistant professors","14","0","14","0","0","0","0","0","0","2","0","2","0","0","0","0","0","0","11","0","11","0","0","0","1","0","1","0","0","0","-2"
"166629","University of Massachusetts-Amherst","2020","Not on tenure/no tenure system, instructors","5","0","5","0","0","0","0","0","0","0","0","0","0","0","0","0","0","0","3","0","3","2","0","2","0","0","0","0","0","0","-2"
"166629","University of Massachusetts-Amherst","2020","Not on tenure/no tenure system, lecturers","343","148","195","2","0","2","23","8","15","9","4","5","6","1","5","0","0","0","261","115","146","2","1","1","6","2","4","34","17","17","-2"
"166683","Massachusetts Institute of Technology","2020","Tenured total","799","631","168","0","0","0","103","81","22","27","20","7","29","25","4","0","0","0","556","444","112","12","9","3","67","48","19","5","4","1","-2"
"166683","Massachusetts Institute of Technology","2020","Tenured, professors","662","535","127","0","0","0","79","63","16","21","16","5","22","21","1","0","0","0","487","393","94","8","6","2","41","32","9","4","4","0","-2"
"166683","Massachusetts Institute of Technology","2020","Tenured, associate professors","137","96","41","0","0","0","24","18","6","6","4","2","7","4","3","0","0","0","69","51","18","4","3","1","26","16","10","1","0","1","-2"
"166683","Massachusetts Institute of Technology","2020","On-Tenure track total","228","145","83","0","0","0","20","13","7","6","3","3","17","13","4","0","0","0","119","73","46","4","2","2","33","22","11","29","19","10","-2"
"166683","Massachusetts Institute of Technology","2020","On-tenure track, associate professors","75","49","26","0","0","0","7","6","1","1","0","1","5","4","1","0","0","0","39","24","15","2","1","1","20","13","7","1","1","0","-2"
"166683","Massachusetts Institute of Technology","2020","On-tenure track, assistant professors","153","96","57","0","0","0","13","7","6","5","3","2","12","9","3","0","0","0","80","49","31","2","1","1","13","9","4","28","18","10","-2"
"166683","Massachusetts Institute of Technology","2020","Not on tenure track/No tenure system system total","10","8","2","0","0","0","1","0","1","1","1","0","0","0","0","0","0","0","6","5","1","1","1","0","1","1","0","0","0","0","-2"
"166683","Massachusetts Institute of Technology","2020","Not on tenure/no tenure system, associate professors","6","5","1","0","0","0","1","0","1","1","1","0","0","0","0","0","0","0","4","4","0","0","0","0","0","0","0","0","0","0","-2"
"166683","Massachusetts Institute of Technology","2020","Not on tenure/no tenure system, assistant professors","4","3","1","0","0","0","0","0","0","0","0","0","0","0","0","0","0","0","2","1","1","1","1","0","1","1","0","0","0","0","-2"
"169248","Central Michigan University","2020","Tenured total","449","256","193","1","1","0","59","33","26","16","9","7","20","10","10","0","0","0","343","195","148","7","6","1","0","0","0","3","2","1","-2"
"169248","Central Michigan University","2020","Tenured, professors","316","194","122","1","1","0","38","22","16","13","6","7","14","6","8","0","0","0","245","154","91","4","4","0","0","0","0","1","1","0","-2"
"169248","Central Michigan University","2020","Tenured, associate professors","128","60","68","0","0","0","21","11","10","3","3","0","6","4","2","0","0","0","93","39","54","3","2","1","0","0","0","2","1","1","-2"
"169248","Central Michigan University","2020","Tenured, assistant professors","5","2","3","0","0","0","0","0","0","0","0","0","0","0","0","0","0","0","5","2","3","0","0","0","0","0","0","0","0","0","-2"
"169248","Central Michigan University","2020","On-Tenure track total","98","55","43","0","0","0","15","11","4","3","2","1","1","1","0","0","0","0","65","33","32","0","0","0","1","1","0","13","7","6","-2"
"169248","Central Michigan University","2020","On-tenure track, professors","1","1","0","0","0","0","0","0","0","0","0","0","0","0","0","0","0","0","1","1","0","0","0","0","0","0","0","0","0","0","-2"
"169248","Central Michigan University","2020","On-tenure track, associate professors","16","12","4","0","0","0","3","3","0","1","0","1","0","0","0","0","0","0","11","9","2","0","0","0","0","0","0","1","0","1","-2"
"169248","Central Michigan University","2020","On-tenure track, assistant professors","81","42","39","0","0","0","12","8","4","2","2","0","1","1","0","0","0","0","53","23","30","0","0","0","1","1","0","12","7","5","-2"
"169248","Central Michigan University","2020","Not on tenure track/No tenure system system total","170","85","85","1","1","0","5","3","2","3","3","0","2","0","2","0","0","0","149","77","72","3","0","3","2","0","2","5","1","4","-2"
"169248","Central Michigan University","2020","Not on tenure/no tenure system, professors","5","3","2","0","0","0","2","1","1","0","0","0","0","0","0","0","0","0","3","2","1","0","0","0","0","0","0","0","0","0","-2"
"169248","Central Michigan University","2020","Not on tenure/no tenure system, associate professors","3","1","2","0","0","0","0","0","0","0","0","0","0","0","0","0","0","0","3","1","2","0","0","0","0","0","0","0","0","0","-2"
"169248","Central Michigan University","2020","Not on tenure/no tenure system, assistant professors","6","2","4","0","0","0","1","1","0","0","0","0","0","0","0","0","0","0","4","1","3","1","0","1","0","0","0","0","0","0","-2"
"169248","Central Michigan University","2020","Not on tenure/no tenure system, instructors","1","1","0","0","0","0","0","0","0","0","0","0","0","0","0","0","0","0","1","1","0","0","0","0","0","0","0","0","0","0","-2"
"169248","Central Michigan University","2020","Not on tenure/no tenure system, lecturers","145","75","70","1","1","0","2","1","1","3","3","0","2","0","2","0","0","0","128","69","59","2","0","2","2","0","2","5","1","4","-2"
"169248","Central Michigan University","2020","Not on tenure/no tenure system, no academic rank","10","3","7","0","0","0","0","0","0","0","0","0","0","0","0","0","0","0","10","3","7","0","0","0","0","0","0","0","0","0","-2"
"170976","University of Michigan-Ann Arbor","2020","Tenured total","2162","1451","711","8","5","3","359","258","101","86","52","34","81","49","32","2","0","2","1568","1047","521","27","17","10","25","17","8","6","6","0","-2"
"170976","University of Michigan-Ann Arbor","2020","Tenured, professors","1456","1053","403","7","4","3","221","172","49","49","26","23","52","32","20","2","0","2","1094","795","299","15","10","5","12","10","2","4","4","0","-2"
"170976","University of Michigan-Ann Arbor","2020","Tenured, associate professors","706","398","308","1","1","0","138","86","52","37","26","11","29","17","12","0","0","0","474","252","222","12","7","5","13","7","6","2","2","0","-2"
"170976","University of Michigan-Ann Arbor","2020","On-Tenure track total","656","353","303","3","2","1","101","58","43","47","16","31","30","12","18","0","0","0","384","213","171","18","9","9","12","5","7","61","38","23","-2"
"170976","University of Michigan-Ann Arbor","2020","On-tenure track, professors","1","1","0","0","0","0","0","0","0","0","0","0","0","0","0","0","0","0","1","1","0","0","0","0","0","0","0","0","0","0","-2"
"170976","University of Michigan-Ann Arbor","2020","On-tenure track, associate professors","15","8","7","0","0","0","3","2","1","0","0","0","2","1","1","0","0","0","10","5","5","0","0","0","0","0","0","0","0","0","-2"
"170976","University of Michigan-Ann Arbor","2020","On-tenure track, assistant professors","640","344","296","3","2","1","98","56","42","47","16","31","28","11","17","0","0","0","373","207","166","18","9","9","12","5","7","61","38","23","-2"
"170976","University of Michigan-Ann Arbor","2020","Not on tenure track/No tenure system system total","3860","2093","1767","8","4","4","536","281","255","113","45","68","129","51","78","0","0","0","2089","1080","1009","42","12","30","60","34","26","883","586","297","-2"
"170976","University of Michigan-Ann Arbor","2020","Not on tenure/no tenure system, professors","280","173","107","1","1","0","56","33","23","7","3","4","6","3","3","0","0","0","204","130","74","3","2","1","2","0","2","1","1","0","-2"
"170976","University of Michigan-Ann Arbor","2020","Not on tenure/no tenure system, associate professors","352","194","158","0","0","0","73","42","31","15","7","8","13","7","6","0","0","0","241","133","108","3","0","3","5","4","1","2","1","1","-2"
"170976","University of Michigan-Ann Arbor","2020","Not on tenure/no tenure system, assistant professors","823","424","399","1","0","1","146","76","70","30","12","18","25","12","13","0","0","0","527","264","263","15","3","12","15","9","6","64","48","16","-2"
"170976","University of Michigan-Ann Arbor","2020","Not on tenure/no tenure system, instructors","163","75","88","1","1","0","22","12","10","8","4","4","7","0","7","0","0","0","113","53","60","3","2","1","5","2","3","4","1","3","-2"
"170976","University of Michigan-Ann Arbor","2020","Not on tenure/no tenure system, lecturers","725","307","418","4","2","2","71","27","44","25","8","17","35","8","27","0","0","0","521","231","290","9","1","8","15","7","8","45","23","22","-2"
"170976","University of Michigan-Ann Arbor","2020","Not on tenure/no tenure system, no academic rank","1517","920","597","1","0","1","168","91","77","28","11","17","43","21","22","0","0","0","483","269","214","9","4","5","18","12","6","767","512","255","-2"
"171100","Michigan State University","2020","Tenured total","1405","917","488","10","8","2","211","139","72","63","36","27","67","43","24","3","2","1","1042","684","358","5","1","4","0","0","0","4","4","0","-2"
"171100","Michigan State University","2020","Tenured, professors","829","596","233","7","6","1","115","83","32","32","18","14","24","19","5","2","2","0","644","464","180","2","1","1","0","0","0","3","3","0","-2"
"171100","Michigan State University","2020","Tenured, associate professors","576","321","255","3","2","1","96","56","40","31","18","13","43","24","19","1","0","1","398","220","178","3","0","3","0","0","0","1","1","0","-2"
"171100","Michigan State University","2020","On-Tenure track total","449","238","211","1","0","1","79","46","33","20","9","11","30","14","16","1","0","1","245","124","121","4","1","3","0","0","0","69","44","25","-2"
"171100","Michigan State University","2020","On-tenure track, associate professors","12","7","5","0","0","0","2","1","1","1","1","0","2","1","1","0","0","0","6","3","3","0","0","0","0","0","0","1","1","0","-2"
"171100","Michigan State University","2020","On-tenure track, assistant professors","437","231","206","1","0","1","77","45","32","19","8","11","28","13","15","1","0","1","239","121","118","4","1","3","0","0","0","68","43","25","-2"
"171100","Michigan State University","2020","Not on tenure track/No tenure system system total","904","435","469","3","3","0","101","52","49","45","27","18","31","14","17","1","0","1","669","307","362","5","1","4","0","0","0","49","31","18","-2"
"171100","Michigan State University","2020","Not on tenure/no tenure system, professors","69","46","23","0","0","0","14","11","3","4","2","2","2","1","1","0","0","0","49","32","17","0","0","0","0","0","0","0","0","0","-2"
"171100","Michigan State University","2020","Not on tenure/no tenure system, associate professors","132","78","54","1","1","0","22","13","9","8","7","1","4","1","3","0","0","0","94","53","41","0","0","0","0","0","0","3","3","0","-2"
"171100","Michigan State University","2020","Not on tenure/no tenure system, assistant professors","496","226","270","2","2","0","58","26","32","27","17","10","17","9","8","1","0","1","352","151","201","3","0","3","0","0","0","36","21","15","-2"
"171100","Michigan State University","2020","Not on tenure/no tenure system, instructors","202","82","120","0","0","0","6","2","4","6","1","5","8","3","5","0","0","0","170","68","102","2","1","1","0","0","0","10","7","3","-2"
"171100","Michigan State University","2020","Not on tenure/no tenure system, lecturers","5","3","2","0","0","0","1","0","1","0","0","0","0","0","0","0","0","0","4","3","1","0","0","0","0","0","0","0","0","0","-2"
"171128","Michigan Technological University","2020","Tenured total","227","171","56","0","0","0","44","38","6","4","2","2","9","7","2","0","0","0","141","101","40","1","1","0","26","20","6","2","2","0","-2"
"171128","Michigan Technological University","2020","Tenured, professors","115","91","24","0","0","0","24","22","2","2","1","1","3","2","1","0","0","0","74","56","18","0","0","0","12","10","2","0","0","0","-2"
"171128","Michigan Technological University","2020","Tenured, associate professors","112","80","32","0","0","0","20","16","4","2","1","1","6","5","1","0","0","0","67","45","22","1","1","0","14","10","4","2","2","0","-2"
"171128","Michigan Technological University","2020","On-Tenure track total","88","56","32","0","0","0","15","10","5","1","1","0","1","1","0","0","0","0","44","25","19","0","0","0","1","1","0","26","18","8","-2"
"171128","Michigan Technological University","2020","On-tenure track, associate professors","5","4","1","0","0","0","1","1","0","0","0","0","0","0","0","0","0","0","3","2","1","0","0","0","0","0","0","1","1","0","-2"
"171128","Michigan Technological University","2020","On-tenure track, assistant professors","83","52","31","0","0","0","14","9","5","1","1","0","1","1","0","0","0","0","41","23","18","0","0","0","1","1","0","25","17","8","-2"
"171128","Michigan Technological University","2020","Not on tenure track/No tenure system system total","81","47","34","0","0","0","4","3","1","0","0","0","2","1","1","0","0","0","68","38","30","0","0","0","3","1","2","4","4","0","-2"
"171128","Michigan Technological University","2020","Not on tenure/no tenure system, instructors","21","15","6","0","0","0","2","2","0","0","0","0","1","1","0","0","0","0","18","12","6","0","0","0","0","0","0","0","0","0","-2"
"171128","Michigan Technological University","2020","Not on tenure/no tenure system, lecturers","60","32","28","0","0","0","2","1","1","0","0","0","1","0","1","0","0","0","50","26","24","0","0","0","3","1","2","4","4","0","-2"
"174066","University of Minnesota-Twin Cities","2020","Tenured total","1670","1096","574","8","3","5","238","170","68","40","22","18","47","28","19","1","1","0","1264","829","435","20","13","7","16","7","9","36","23","13","-2"
"174066","University of Minnesota-Twin Cities","2020","Tenured, professors","1079","755","324","6","2","4","145","111","34","19","13","6","21","13","8","0","0","0","857","597","260","12","8","4","8","4","4","11","7","4","-2"
"174066","University of Minnesota-Twin Cities","2020","Tenured, associate professors","589","340","249","2","1","1","93","59","34","21","9","12","26","15","11","1","1","0","406","231","175","8","5","3","7","3","4","25","16","9","-2"
"174066","University of Minnesota-Twin Cities","2020","Tenured, assistant professors","2","1","1","0","0","0","0","0","0","0","0","0","0","0","0","0","0","0","1","1","0","0","0","0","1","0","1","0","0","0","-2"
"174066","University of Minnesota-Twin Cities","2020","On-Tenure track total","494","256","238","3","2","1","45","23","22","25","10","15","18","10","8","1","0","1","269","137","132","12","8","4","21","13","8","100","53","47","-2"
"174066","University of Minnesota-Twin Cities","2020","On-tenure track, professors","1","1","0","0","0","0","0","0","0","0","0","0","0","0","0","0","0","0","1","1","0","0","0","0","0","0","0","0","0","0","-2"
"174066","University of Minnesota-Twin Cities","2020","On-tenure track, associate professors","28","12","16","0","0","0","3","1","2","0","0","0","0","0","0","0","0","0","20","8","12","0","0","0","1","1","0","4","2","2","-2"
"174066","University of Minnesota-Twin Cities","2020","On-tenure track, assistant professors","465","243","222","3","2","1","42","22","20","25","10","15","18","10","8","1","0","1","248","128","120","12","8","4","20","12","8","96","51","45","-2"
"174066","University of Minnesota-Twin Cities","2020","Not on tenure track/No tenure system system total","1140","576","564","4","0","4","164","93","71","27","12","15","35","15","20","3","2","1","782","374","408","20","9","11","45","32","13","60","39","21","-2"
"174066","University of Minnesota-Twin Cities","2020","Not on tenure/no tenure system, professors","133","82","51","0","0","0","18","12","6","4","2","2","5","2","3","0","0","0","101","62","39","1","1","0","3","2","1","1","1","0","-2"
"174066","University of Minnesota-Twin Cities","2020","Not on tenure/no tenure system, associate professors","269","136","133","1","0","1","36","20","16","4","2","2","10","5","5","1","1","0","198","95","103","1","0","1","2","2","0","16","11","5","-2"
"174066","University of Minnesota-Twin Cities","2020","Not on tenure/no tenure system, assistant professors","688","332","356","2","0","2","102","57","45","17","6","11","17","6","11","1","1","0","457","205","252","18","8","10","33","23","10","41","26","15","-2"
"174066","University of Minnesota-Twin Cities","2020","Not on tenure/no tenure system, instructors","42","21","21","0","0","0","7","3","4","1","1","0","3","2","1","1","0","1","21","9","12","0","0","0","7","5","2","2","1","1","-2"
"174066","University of Minnesota-Twin Cities","2020","Not on tenure/no tenure system, no academic rank","8","5","3","1","0","1","1","1","0","1","1","0","0","0","0","0","0","0","5","3","2","0","0","0","0","0","0","0","0","0","-2"
"174783","Saint Cloud State University","2020","Tenured total","254","153","101","3","1","2","43","24","19","13","10","3","13","7","6","1","0","1","175","108","67","0","0","0","6","3","3","0","0","0","-2"
"174783","Saint Cloud State University","2020","Tenured, professors","184","112","72","2","1","1","31","18","13","10","8","2","11","6","5","0","0","0","126","77","49","0","0","0","4","2","2","0","0","0","-2"
"174783","Saint Cloud State University","2020","Tenured, associate professors","66","39","27","1","0","1","12","6","6","3","2","1","1","1","0","1","0","1","46","29","17","0","0","0","2","1","1","0","0","0","-2"
"174783","Saint Cloud State University","2020","Tenured, assistant professors","4","2","2","0","0","0","0","0","0","0","0","0","1","0","1","0","0","0","3","2","1","0","0","0","0","0","0","0","0","0","-2"
"174783","Saint Cloud State University","2020","On-Tenure track total","69","26","43","1","1","0","10","5","5","6","3","3","1","0","1","0","0","0","41","13","28","1","0","1","5","2","3","4","2","2","-2"
"174783","Saint Cloud State University","2020","On-tenure track, associate professors","8","4","4","0","0","0","2","1","1","0","0","0","0","0","0","0","0","0","6","3","3","0","0","0","0","0","0","0","0","0","-2"
"174783","Saint Cloud State University","2020","On-tenure track, assistant professors","61","22","39","1","1","0","8","4","4","6","3","3","1","0","1","0","0","0","35","10","25","1","0","1","5","2","3","4","2","2","-2"
"174783","Saint Cloud State University","2020","Not on tenure track/No tenure system system total","58","25","33","0","0","0","7","3","4","4","2","2","0","0","0","0","0","0","45","19","26","0","0","0","1","0","1","1","1","0","-2"
"174783","Saint Cloud State University","2020","Not on tenure/no tenure system, associate professors","1","0","1","0","0","0","0","0","0","0","0","0","0","0","0","0","0","0","1","0","1","0","0","0","0","0","0","0","0","0","-2"
"174783","Saint Cloud State University","2020","Not on tenure/no tenure system, assistant professors","43","18","25","0","0","0","4","1","3","4","2","2","0","0","0","0","0","0","34","15","19","0","0","0","1","0","1","0","0","0","-2"
"174783","Saint Cloud State University","2020","Not on tenure/no tenure system, instructors","14","7","7","0","0","0","3","2","1","0","0","0","0","0","0","0","0","0","10","4","6","0","0","0","0","0","0","1","1","0","-2"
"175856","Jackson State University","2020","Tenured total","153","89","64","1","1","0","26","23","3","86","37","49","1","1","0","0","0","0","30","20","10","0","0","0","0","0","0","9","7","2","-2"
"175856","Jackson State University","2020","Tenured, professors","80","52","28","1","1","0","14","12","2","43","22","21","1","1","0","0","0","0","16","11","5","0","0","0","0","0","0","5","5","0","-2"
"175856","Jackson State University","2020","Tenured, associate professors","66","33","33","0","0","0","11","10","1","38","13","25","0","0","0","0","0","0","13","8","5","0","0","0","0","0","0","4","2","2","-2"
"175856","Jackson State University","2020","Tenured, assistant professors","7","4","3","0","0","0","1","1","0","5","2","3","0","0","0","0","0","0","1","1","0","0","0","0","0","0","0","0","0","0","-2"
"175856","Jackson State University","2020","On-Tenure track total","54","26","28","0","0","0","4","3","1","29","8","21","2","2","0","0","0","0","7","4","3","1","1","0","0","0","0","11","8","3","-2"
"175856","Jackson State University","2020","On-tenure track, professors","2","0","2","0","0","0","0","0","0","2","0","2","0","0","0","0","0","0","0","0","0","0","0","0","0","0","0","0","0","0","-2"
"175856","Jackson State University","2020","On-tenure track, associate professors","12","7","5","0","0","0","1","1","0","6","2","4","1","1","0","0","0","0","1","1","0","0","0","0","0","0","0","3","2","1","-2"
"175856","Jackson State University","2020","On-tenure track, assistant professors","40","19","21","0","0","0","3","2","1","21","6","15","1","1","0","0","0","0","6","3","3","1","1","0","0","0","0","8","6","2","-2"
"175856","Jackson State University","2020","Not on tenure track/No tenure system system total","120","44","76","0","0","0","8","4","4","94","33","61","1","0","1","0","0","0","14","6","8","0","0","0","0","0","0","3","1","2","-2"
"175856","Jackson State University","2020","Not on tenure/no tenure system, professors","2","1","1","0","0","0","0","0","0","2","1","1","0","0","0","0","0","0","0","0","0","0","0","0","0","0","0","0","0","0","-2"
"175856","Jackson State University","2020","Not on tenure/no tenure system, associate professors","6","3","3","0","0","0","0","0","0","6","3","3","0","0","0","0","0","0","0","0","0","0","0","0","0","0","0","0","0","0","-2"
"175856","Jackson State University","2020","Not on tenure/no tenure system, assistant professors","39","16","23","0","0","0","5","4","1","27","9","18","0","0","0","0","0","0","6","3","3","0","0","0","0","0","0","1","0","1","-2"
"175856","Jackson State University","2020","Not on tenure/no tenure system, instructors","68","23","45","0","0","0","3","0","3","54","19","35","1","0","1","0","0","0","8","3","5","0","0","0","0","0","0","2","1","1","-2"
"175856","Jackson State University","2020","Not on tenure/no tenure system, lecturers","5","1","4","0","0","0","0","0","0","5","1","4","0","0","0","0","0","0","0","0","0","0","0","0","0","0","0","0","0","0","-2"
"176017","University of Mississippi","2020","Tenured total","636","412","224","2","1","1","58","42","16","45","22","23","8","7","1","1","0","1","496","321","175","18","15","3","0","0","0","8","4","4","-2"
"176017","University of Mississippi","2020","Tenured, professors","351","238","113","1","1","0","32","24","8","25","13","12","4","4","0","0","0","0","277","185","92","12","11","1","0","0","0","0","0","0","-2"
"176017","University of Mississippi","2020","Tenured, associate professors","282","173","109","1","0","1","25","17","8","20","9","11","4","3","1","1","0","1","217","136","81","6","4","2","0","0","0","8","4","4","-2"
"176017","University of Mississippi","2020","Tenured, assistant professors","3","1","2","0","0","0","1","1","0","0","0","0","0","0","0","0","0","0","2","0","2","0","0","0","0","0","0","0","0","0","-2"
"176017","University of Mississippi","2020","On-Tenure track total","276","164","112","0","0","0","37","24","13","16","7","9","15","7","8","0","0","0","155","92","63","5","3","2","4","4","0","44","27","17","-2"
"176017","University of Mississippi","2020","On-tenure track, professors","15","12","3","0","0","0","3","3","0","1","1","0","1","0","1","0","0","0","9","7","2","0","0","0","0","0","0","1","1","0","-2"
"176017","University of Mississippi","2020","On-tenure track, associate professors","40","24","16","0","0","0","8","4","4","3","1","2","5","3","2","0","0","0","22","14","8","0","0","0","0","0","0","2","2","0","-2"
"176017","University of Mississippi","2020","On-tenure track, assistant professors","221","128","93","0","0","0","26","17","9","12","5","7","9","4","5","0","0","0","124","71","53","5","3","2","4","4","0","41","24","17","-2"
"176017","University of Mississippi","2020","Not on tenure track/No tenure system system total","957","431","526","2","2","0","65","30","35","74","28","46","48","21","27","0","0","0","675","300","375","6","2","4","8","4","4","79","44","35","-2"
"176017","University of Mississippi","2020","Not on tenure/no tenure system, professors","100","66","34","1","1","0","8","7","1","8","4","4","2","1","1","0","0","0","80","52","28","1","1","0","0","0","0","0","0","0","-2"
"176017","University of Mississippi","2020","Not on tenure/no tenure system, associate professors","176","88","88","0","0","0","18","11","7","14","5","9","8","1","7","0","0","0","132","69","63","0","0","0","0","0","0","4","2","2","-2"
"176017","University of Mississippi","2020","Not on tenure/no tenure system, assistant professors","391","179","212","0","0","0","30","9","21","33","12","21","28","15","13","0","0","0","234","100","134","2","1","1","7","4","3","57","38","19","-2"
"176017","University of Mississippi","2020","Not on tenure/no tenure system, instructors","235","76","159","0","0","0","9","3","6","17","6","11","4","1","3","0","0","0","184","62","122","2","0","2","1","0","1","18","4","14","-2"
"176017","University of Mississippi","2020","Not on tenure/no tenure system, lecturers","55","22","33","1","1","0","0","0","0","2","1","1","6","3","3","0","0","0","45","17","28","1","0","1","0","0","0","0","0","0","-2"
"176044","Mississippi Valley State University","2020","Tenured total","51","27","24","0","0","0","9","8","1","32","15","17","0","0","0","0","0","0","8","4","4","0","0","0","2","0","2","0","0","0","-2"
"176044","Mississippi Valley State University","2020","Tenured, professors","21","13","8","0","0","0","7","6","1","8","5","3","0","0","0","0","0","0","5","2","3","0","0","0","1","0","1","0","0","0","-2"
"176044","Mississippi Valley State University","2020","Tenured, associate professors","17","9","8","0","0","0","1","1","0","12","6","6","0","0","0","0","0","0","3","2","1","0","0","0","1","0","1","0","0","0","-2"
"176044","Mississippi Valley State University","2020","Tenured, assistant professors","13","5","8","0","0","0","1","1","0","12","4","8","0","0","0","0","0","0","0","0","0","0","0","0","0","0","0","0","0","0","-2"
"176044","Mississippi Valley State University","2020","On-Tenure track total","27","10","17","0","0","0","3","2","1","17","4","13","1","0","1","0","0","0","5","3","2","0","0","0","1","1","0","0","0","0","-2"
"176044","Mississippi Valley State University","2020","On-tenure track, associate professors","3","2","1","0","0","0","1","1","0","2","1","1","0","0","0","0","0","0","0","0","0","0","0","0","0","0","0","0","0","0","-2"
"176044","Mississippi Valley State University","2020","On-tenure track, assistant professors","24","8","16","0","0","0","2","1","1","15","3","12","1","0","1","0","0","0","5","3","2","0","0","0","1","1","0","0","0","0","-2"
"176044","Mississippi Valley State University","2020","Not on tenure track/No tenure system system total","27","13","14","0","0","0","1","1","0","25","12","13","0","0","0","0","0","0","1","0","1","0","0","0","0","0","0","0","0","0","-2"
"176044","Mississippi Valley State University","2020","Not on tenure/no tenure system, instructors","27","13","14","0","0","0","1","1","0","25","12","13","0","0","0","0","0","0","1","0","1","0","0","0","0","0","0","0","0","0","-2"
"176080","Mississippi State University","2020","Tenured total","466","333","133","0","0","0","62","51","11","20","5","15","9","6","3","0","0","0","369","268","101","4","1","3","0","0","0","2","2","0","-2"
"176080","Mississippi State University","2020","Tenured, professors","226","176","50","0","0","0","34","29","5","5","0","5","4","4","0","0","0","0","182","143","39","1","0","1","0","0","0","0","0","0","-2"
"176080","Mississippi State University","2020","Tenured, associate professors","240","157","83","0","0","0","28","22","6","15","5","10","5","2","3","0","0","0","187","125","62","3","1","2","0","0","0","2","2","0","-2"
"176080","Mississippi State University","2020","On-Tenure track total","273","163","110","3","2","1","37","28","9","13","7","6","8","3","5","0","0","0","155","90","65","4","2","2","0","0","0","53","31","22","-2"
"176080","Mississippi State University","2020","On-tenure track, professors","1","1","0","0","0","0","0","0","0","0","0","0","0","0","0","0","0","0","1","1","0","0","0","0","0","0","0","0","0","0","-2"
"176080","Mississippi State University","2020","On-tenure track, associate professors","14","12","2","0","0","0","2","2","0","2","2","0","0","0","0","0","0","0","6","5","1","0","0","0","0","0","0","4","3","1","-2"
"176080","Mississippi State University","2020","On-tenure track, assistant professors","257","150","107","3","2","1","35","26","9","11","5","6","8","3","5","0","0","0","147","84","63","4","2","2","0","0","0","49","28","21","-2"
"176080","Mississippi State University","2020","On-tenure track, instructors","1","0","1","0","0","0","0","0","0","0","0","0","0","0","0","0","0","0","1","0","1","0","0","0","0","0","0","0","0","0","-2"
"176080","Mississippi State University","2020","Not on tenure track/No tenure system system total","231","77","154","1","1","0","6","1","5","14","7","7","7","2","5","0","0","0","196","62","134","2","1","1","0","0","0","5","3","2","-2"
"176080","Mississippi State University","2020","Not on tenure/no tenure system, assistant professors","7","6","1","0","0","0","0","0","0","0","0","0","0","0","0","0","0","0","6","5","1","0","0","0","0","0","0","1","1","0","-2"
"176080","Mississippi State University","2020","Not on tenure/no tenure system, instructors","163","51","112","1","1","0","3","1","2","11","4","7","1","0","1","0","0","0","143","42","101","1","1","0","0","0","0","3","2","1","-2"
"176080","Mississippi State University","2020","Not on tenure/no tenure system, lecturers","61","20","41","0","0","0","3","0","3","3","3","0","6","2","4","0","0","0","47","15","32","1","0","1","0","0","0","1","0","1","-2"
"178396","University of Missouri-Columbia","2020","Tenured total","757","527","230","3","3","0","135","106","29","16","13","3","36","18","18","1","1","0","549","375","174","4","4","0","10","6","4","3","1","2","-2"
"178396","University of Missouri-Columbia","2020","Tenured, professors","419","316","103","1","1","0","90","77","13","5","4","1","15","8","7","0","0","0","298","219","79","4","4","0","5","3","2","1","0","1","-2"
"178396","University of Missouri-Columbia","2020","Tenured, associate professors","338","211","127","2","2","0","45","29","16","11","9","2","21","10","11","1","1","0","251","156","95","0","0","0","5","3","2","2","1","1","-2"
"178396","University of Missouri-Columbia","2020","On-Tenure track total","260","135","125","3","1","2","32","18","14","22","12","10","12","6","6","0","0","0","128","65","63","7","2","5","8","6","2","48","25","23","-2"
"178396","University of Missouri-Columbia","2020","On-tenure track, associate professors","9","8","1","0","0","0","0","0","0","0","0","0","1","1","0","0","0","0","8","7","1","0","0","0","0","0","0","0","0","0","-2"
"178396","University of Missouri-Columbia","2020","On-tenure track, assistant professors","251","127","124","3","1","2","32","18","14","22","12","10","11","5","6","0","0","0","120","58","62","7","2","5","8","6","2","48","25","23","-2"
"178396","University of Missouri-Columbia","2020","Not on tenure track/No tenure system system total","916","431","485","2","0","2","75","44","31","40","16","24","36","17","19","2","0","2","647","291","356","10","3","7","36","14","22","68","46","22","-2"
"178396","University of Missouri-Columbia","2020","Not on tenure/no tenure system, professors","102","55","47","1","0","1","9","6","3","3","1","2","3","2","1","0","0","0","82","44","38","0","0","0","2","0","2","2","2","0","-2"
"178396","University of Missouri-Columbia","2020","Not on tenure/no tenure system, associate professors","232","122","110","0","0","0","25","18","7","7","5","2","7","2","5","1","0","1","184","91","93","2","2","0","4","2","2","2","2","0","-2"
"178396","University of Missouri-Columbia","2020","Not on tenure/no tenure system, assistant professors","388","187","201","0","0","0","34","18","16","20","7","13","15","7","8","1","0","1","246","112","134","3","1","2","18","8","10","51","34","17","-2"
"178396","University of Missouri-Columbia","2020","Not on tenure/no tenure system, instructors","189","64","125","1","0","1","7","2","5","9","2","7","11","6","5","0","0","0","132","42","90","5","0","5","12","4","8","12","8","4","-2"
"178396","University of Missouri-Columbia","2020","Not on tenure/no tenure system, lecturers","5","3","2","0","0","0","0","0","0","1","1","0","0","0","0","0","0","0","3","2","1","0","0","0","0","0","0","1","0","1","-2"
"178411","Missouri University of Science and Technology","2020","Tenured total","203","152","51","0","0","0","52","40","12","8","6","2","4","4","0","0","0","0","127","91","36","3","3","0","0","0","0","9","8","1","-2"
"178411","Missouri University of Science and Technology","2020","Tenured, professors","118","97","21","0","0","0","30","27","3","6","5","1","1","1","0","0","0","0","76","59","17","2","2","0","0","0","0","3","3","0","-2"
"178411","Missouri University of Science and Technology","2020","Tenured, associate professors","85","55","30","0","0","0","22","13","9","2","1","1","3","3","0","0","0","0","51","32","19","1","1","0","0","0","0","6","5","1","-2"
"178411","Missouri University of Science and Technology","2020","On-Tenure track total","68","50","18","0","0","0","15","12","3","2","2","0","1","1","0","0","0","0","26","17","9","0","0","0","3","1","2","21","17","4","-2"
"178411","Missouri University of Science and Technology","2020","On-tenure track, associate professors","3","3","0","0","0","0","0","0","0","0","0","0","0","0","0","0","0","0","1","1","0","0","0","0","0","0","0","2","2","0","-2"
"178411","Missouri University of Science and Technology","2020","On-tenure track, assistant professors","65","47","18","0","0","0","15","12","3","2","2","0","1","1","0","0","0","0","25","16","9","0","0","0","3","1","2","19","15","4","-2"
"178411","Missouri University of Science and Technology","2020","Not on tenure track/No tenure system system total","67","36","31","2","0","2","6","3","3","1","0","1","2","2","0","0","0","0","49","25","24","0","0","0","4","3","1","3","3","0","-2"
"178411","Missouri University of Science and Technology","2020","Not on tenure/no tenure system, professors","9","3","6","0","0","0","1","0","1","0","0","0","0","0","0","0","0","0","8","3","5","0","0","0","0","0","0","0","0","0","-2"
"178411","Missouri University of Science and Technology","2020","Not on tenure/no tenure system, associate professors","23","15","8","0","0","0","2","2","0","1","0","1","1","1","0","0","0","0","18","11","7","0","0","0","0","0","0","1","1","0","-2"
"178411","Missouri University of Science and Technology","2020","Not on tenure/no tenure system, assistant professors","30","15","15","1","0","1","3","1","2","0","0","0","1","1","0","0","0","0","19","8","11","0","0","0","4","3","1","2","2","0","-2"
"178411","Missouri University of Science and Technology","2020","Not on tenure/no tenure system, lecturers","5","3","2","1","0","1","0","0","0","0","0","0","0","0","0","0","0","0","4","3","1","0","0","0","0","0","0","0","0","0","-2"
"179159","Saint Louis University","2020","Tenured total","469","300","169","0","0","0","50","38","12","22","10","12","18","9","9","0","0","0","356","229","127","9","6","3","1","1","0","13","7","6","-2"
"179159","Saint Louis University","2020","Tenured, professors","258","184","74","0","0","0","29","22","7","7","3","4","9","6","3","0","0","0","200","144","56","6","5","1","1","1","0","6","3","3","-2"
"179159","Saint Louis University","2020","Tenured, associate professors","211","116","95","0","0","0","21","16","5","15","7","8","9","3","6","0","0","0","156","85","71","3","1","2","0","0","0","7","4","3","-2"
"179159","Saint Louis University","2020","On-Tenure track total","136","69","67","0","0","0","12","7","5","4","2","2","3","0","3","0","0","0","90","42","48","4","1","3","1","0","1","22","17","5","-2"
"179159","Saint Louis University","2020","On-tenure track, professors","1","1","0","0","0","0","0","0","0","0","0","0","0","0","0","0","0","0","1","1","0","0","0","0","0","0","0","0","0","0","-2"
"179159","Saint Louis University","2020","On-tenure track, associate professors","16","9","7","0","0","0","2","2","0","0","0","0","1","0","1","0","0","0","12","6","6","0","0","0","0","0","0","1","1","0","-2"
"179159","Saint Louis University","2020","On-tenure track, assistant professors","119","59","60","0","0","0","10","5","5","4","2","2","2","0","2","0","0","0","77","35","42","4","1","3","1","0","1","21","16","5","-2"
"179159","Saint Louis University","2020","Not on tenure track/No tenure system system total","636","293","343","0","0","0","80","36","44","25","10","15","13","8","5","0","0","0","470","211","259","9","6","3","5","1","4","34","21","13","-2"
"179159","Saint Louis University","2020","Not on tenure/no tenure system, professors","86","49","37","0","0","0","11","6","5","3","1","2","1","1","0","0","0","0","68","38","30","0","0","0","0","0","0","3","3","0","-2"
"179159","Saint Louis University","2020","Not on tenure/no tenure system, associate professors","155","78","77","0","0","0","26","11","15","5","4","1","4","3","1","0","0","0","114","57","57","3","1","2","1","0","1","2","2","0","-2"
"179159","Saint Louis University","2020","Not on tenure/no tenure system, assistant professors","338","144","194","0","0","0","37","14","23","12","4","8","5","3","2","0","0","0","245","101","144","6","5","1","4","1","3","29","16","13","-2"
"179159","Saint Louis University","2020","Not on tenure/no tenure system, instructors","55","21","34","0","0","0","6","5","1","5","1","4","3","1","2","0","0","0","41","14","27","0","0","0","0","0","0","0","0","0","-2"
"179159","Saint Louis University","2020","Not on tenure/no tenure system, no academic rank","2","1","1","0","0","0","0","0","0","0","0","0","0","0","0","0","0","0","2","1","1","0","0","0","0","0","0","0","0","0","-2"
"179867","Washington University in St Louis","2020","Tenured total","969","725","244","1","1","0","143","111","32","41","20","21","28","18","10","0","0","0","752","571","181","4","4","0","0","0","0","0","0","0","-2"
"179867","Washington University in St Louis","2020","Tenured, professors","693","539","154","0","0","0","87","71","16","23","11","12","18","13","5","0","0","0","562","441","121","3","3","0","0","0","0","0","0","0","-2"
"179867","Washington University in St Louis","2020","Tenured, associate professors","276","186","90","1","1","0","56","40","16","18","9","9","10","5","5","0","0","0","190","130","60","1","1","0","0","0","0","0","0","0","-2"
"179867","Washington University in St Louis","2020","On-Tenure track total","398","231","167","0","0","0","98","60","38","18","5","13","18","13","5","1","0","1","252","147","105","10","5","5","0","0","0","1","1","0","-2"
"179867","Washington University in St Louis","2020","On-tenure track, professors","9","5","4","0","0","0","4","3","1","0","0","0","0","0","0","0","0","0","4","1","3","1","1","0","0","0","0","0","0","0","-2"
"179867","Washington University in St Louis","2020","On-tenure track, associate professors","36","21","15","0","0","0","8","5","3","1","1","0","1","0","1","0","0","0","26","15","11","0","0","0","0","0","0","0","0","0","-2"
"179867","Washington University in St Louis","2020","On-tenure track, assistant professors","353","205","148","0","0","0","86","52","34","17","4","13","17","13","4","1","0","1","222","131","91","9","4","5","0","0","0","1","1","0","-2"
"179867","Washington University in St Louis","2020","Not on tenure track/No tenure system system total","350","174","176","0","0","0","41","17","24","17","8","9","16","5","11","0","0","0","269","140","129","7","4","3","0","0","0","0","0","0","-2"
"179867","Washington University in St Louis","2020","Not on tenure/no tenure system, professors","2","1","1","0","0","0","1","1","0","1","0","1","0","0","0","0","0","0","0","0","0","0","0","0","0","0","0","0","0","0","-2"
"179867","Washington University in St Louis","2020","Not on tenure/no tenure system, associate professors","3","2","1","0","0","0","0","0","0","0","0","0","1","1","0","0","0","0","2","1","1","0","0","0","0","0","0","0","0","0","-2"
"179867","Washington University in St Louis","2020","Not on tenure/no tenure system, assistant professors","1","1","0","0","0","0","1","1","0","0","0","0","0","0","0","0","0","0","0","0","0","0","0","0","0","0","0","0","0","0","-2"
"179867","Washington University in St Louis","2020","Not on tenure/no tenure system, instructors","129","74","55","0","0","0","16","9","7","6","3","3","3","0","3","0","0","0","101","60","41","3","2","1","0","0","0","0","0","0","-2"
"179867","Washington University in St Louis","2020","Not on tenure/no tenure system, lecturers","212","95","117","0","0","0","23","6","17","10","5","5","12","4","8","0","0","0","163","78","85","4","2","2","0","0","0","0","0","0","-2"
"179867","Washington University in St Louis","2020","Not on tenure/no tenure system, no academic rank","3","1","2","0","0","0","0","0","0","0","0","0","0","0","0","0","0","0","3","1","2","0","0","0","0","0","0","0","0","0","-2"
"180461","Montana State University","2020","Tenured total","414","254","160","3","2","1","16","9","7","1","1","0","6","4","2","0","0","0","375","228","147","3","3","0","10","7","3","0","0","0","-2"
"180461","Montana State University","2020","Tenured, professors","217","150","67","1","1","0","6","5","1","0","0","0","1","1","0","0","0","0","200","136","64","2","2","0","7","5","2","0","0","0","-2"
"180461","Montana State University","2020","Tenured, associate professors","188","99","89","2","1","1","10","4","6","1","1","0","5","3","2","0","0","0","166","87","79","1","1","0","3","2","1","0","0","0","-2"
"180461","Montana State University","2020","Tenured, instructors","9","5","4","0","0","0","0","0","0","0","0","0","0","0","0","0","0","0","9","5","4","0","0","0","0","0","0","0","0","0","-2"
"180461","Montana State University","2020","On-Tenure track total","168","71","97","1","0","1","4","0","4","0","0","0","2","1","1","0","0","0","136","58","78","3","1","2","3","2","1","19","9","10","-2"
"180461","Montana State University","2020","On-tenure track, professors","1","1","0","0","0","0","0","0","0","0","0","0","0","0","0","0","0","0","1","1","0","0","0","0","0","0","0","0","0","0","-2"
"180461","Montana State University","2020","On-tenure track, associate professors","5","1","4","0","0","0","1","0","1","0","0","0","0","0","0","0","0","0","4","1","3","0","0","0","0","0","0","0","0","0","-2"
"180461","Montana State University","2020","On-tenure track, assistant professors","155","65","90","1","0","1","3","0","3","0","0","0","2","1","1","0","0","0","124","52","72","3","1","2","3","2","1","19","9","10","-2"
"180461","Montana State University","2020","On-tenure track, instructors","7","4","3","0","0","0","0","0","0","0","0","0","0","0","0","0","0","0","7","4","3","0","0","0","0","0","0","0","0","0","-2"
"180461","Montana State University","2020","Not on tenure track/No tenure system system total","154","54","100","3","1","2","1","1","0","0","0","0","2","1","1","0","0","0","142","49","93","0","0","0","3","2","1","3","0","3","-2"
"180461","Montana State University","2020","Not on tenure/no tenure system, professors","1","1","0","0","0","0","1","1","0","0","0","0","0","0","0","0","0","0","0","0","0","0","0","0","0","0","0","0","0","0","-2"
"180461","Montana State University","2020","Not on tenure/no tenure system, associate professors","2","1","1","1","1","0","0","0","0","0","0","0","0","0","0","0","0","0","1","0","1","0","0","0","0","0","0","0","0","0","-2"
"180461","Montana State University","2020","Not on tenure/no tenure system, assistant professors","7","2","5","0","0","0","0","0","0","0","0","0","0","0","0","0","0","0","5","1","4","0","0","0","1","1","0","1","0","1","-2"
"180461","Montana State University","2020","Not on tenure/no tenure system, instructors","19","7","12","1","0","1","0","0","0","0","0","0","0","0","0","0","0","0","18","7","11","0","0","0","0","0","0","0","0","0","-2"
"180461","Montana State University","2020","Not on tenure/no tenure system, no academic rank","125","43","82","1","0","1","0","0","0","0","0","0","2","1","1","0","0","0","118","41","77","0","0","0","2","1","1","2","0","2","-2"
"181002","Creighton University","2020","Tenured total","339","215","124","2","1","1","25","21","4","8","2","6","9","5","4","0","0","0","287","180","107","3","2","1","4","3","1","1","1","0","-2"
"181002","Creighton University","2020","Tenured, professors","171","114","57","1","1","0","20","17","3","5","1","4","4","2","2","0","0","0","137","91","46","2","1","1","2","1","1","0","0","0","-2"
"181002","Creighton University","2020","Tenured, associate professors","147","87","60","1","0","1","5","4","1","3","1","2","5","3","2","0","0","0","129","75","54","1","1","0","2","2","0","1","1","0","-2"
"181002","Creighton University","2020","Tenured, assistant professors","20","13","7","0","0","0","0","0","0","0","0","0","0","0","0","0","0","0","20","13","7","0","0","0","0","0","0","0","0","0","-2"
"181002","Creighton University","2020","Tenured, lecturers","1","1","0","0","0","0","0","0","0","0","0","0","0","0","0","0","0","0","1","1","0","0","0","0","0","0","0","0","0","0","-2"
"181002","Creighton University","2020","On-Tenure track total","127","50","77","0","0","0","7","4","3","5","1","4","1","1","0","0","0","0","93","35","58","0","0","0","12","5","7","9","4","5","-2"
"181002","Creighton University","2020","On-tenure track, professors","2","1","1","0","0","0","0","0","0","0","0","0","0","0","0","0","0","0","2","1","1","0","0","0","0","0","0","0","0","0","-2"
"181002","Creighton University","2020","On-tenure track, associate professors","15","7","8","0","0","0","2","1","1","1","0","1","0","0","0","0","0","0","7","3","4","0","0","0","3","2","1","2","1","1","-2"
"181002","Creighton University","2020","On-tenure track, assistant professors","110","42","68","0","0","0","5","3","2","4","1","3","1","1","0","0","0","0","84","31","53","0","0","0","9","3","6","7","3","4","-2"
"181002","Creighton University","2020","Not on tenure track/No tenure system system total","181","72","109","1","1","0","8","3","5","3","1","2","1","0","1","0","0","0","145","56","89","3","1","2","15","7","8","5","3","2","-2"
"181002","Creighton University","2020","Not on tenure/no tenure system, professors","5","3","2","0","0","0","0","0","0","0","0","0","0","0","0","0","0","0","5","3","2","0","0","0","0","0","0","0","0","0","-2"
"181002","Creighton University","2020","Not on tenure/no tenure system, associate professors","25","9","16","0","0","0","0","0","0","0","0","0","1","0","1","0","0","0","23","9","14","0","0","0","1","0","1","0","0","0","-2"
"181002","Creighton University","2020","Not on tenure/no tenure system, assistant professors","100","42","58","0","0","0","6","2","4","2","1","1","0","0","0","0","0","0","75","30","45","2","1","1","11","6","5","4","2","2","-2"
"181002","Creighton University","2020","Not on tenure/no tenure system, instructors","50","17","33","1","1","0","2","1","1","1","0","1","0","0","0","0","0","0","41","13","28","1","0","1","3","1","2","1","1","0","-2"
"181002","Creighton University","2020","Not on tenure/no tenure system, lecturers","1","1","0","0","0","0","0","0","0","0","0","0","0","0","0","0","0","0","1","1","0","0","0","0","0","0","0","0","0","0","-2"
"181464","University of Nebraska-Lincoln","2020","Tenured total","743","530","213","3","2","1","111","81","30","19","8","11","36","28","8","0","0","0","566","405","161","3","1","2","0","0","0","5","5","0","-2"
"181464","University of Nebraska-Lincoln","2020","Tenured, professors","415","323","92","2","1","1","46","39","7","5","3","2","16","15","1","0","0","0","345","265","80","1","0","1","0","0","0","0","0","0","-2"
"181464","University of Nebraska-Lincoln","2020","Tenured, associate professors","328","207","121","1","1","0","65","42","23","14","5","9","20","13","7","0","0","0","221","140","81","2","1","1","0","0","0","5","5","0","-2"
"181464","University of Nebraska-Lincoln","2020","On-Tenure track total","284","169","115","0","0","0","43","29","14","4","2","2","17","9","8","0","0","0","167","94","73","3","2","1","0","0","0","50","33","17","-2"
"181464","University of Nebraska-Lincoln","2020","On-tenure track, professors","1","0","1","0","0","0","0","0","0","0","0","0","0","0","0","0","0","0","1","0","1","0","0","0","0","0","0","0","0","0","-2"
"181464","University of Nebraska-Lincoln","2020","On-tenure track, associate professors","11","10","1","0","0","0","4","3","1","0","0","0","1","1","0","0","0","0","6","6","0","0","0","0","0","0","0","0","0","0","-2"
"181464","University of Nebraska-Lincoln","2020","On-tenure track, assistant professors","272","159","113","0","0","0","39","26","13","4","2","2","16","8","8","0","0","0","160","88","72","3","2","1","0","0","0","50","33","17","-2"
"181464","University of Nebraska-Lincoln","2020","Not on tenure track/No tenure system system total","294","118","176","0","0","0","16","6","10","7","3","4","12","5","7","0","0","0","245","96","149","2","1","1","0","0","0","12","7","5","-2"
"181464","University of Nebraska-Lincoln","2020","Not on tenure/no tenure system, professors","16","10","6","0","0","0","1","1","0","0","0","0","0","0","0","0","0","0","15","9","6","0","0","0","0","0","0","0","0","0","-2"
"181464","University of Nebraska-Lincoln","2020","Not on tenure/no tenure system, associate professors","54","24","30","0","0","0","2","1","1","2","1","1","1","0","1","0","0","0","48","22","26","1","0","1","0","0","0","0","0","0","-2"
"181464","University of Nebraska-Lincoln","2020","Not on tenure/no tenure system, assistant professors","125","50","75","0","0","0","6","2","4","4","2","2","5","3","2","0","0","0","100","37","63","1","1","0","0","0","0","9","5","4","-2"
"181464","University of Nebraska-Lincoln","2020","Not on tenure/no tenure system, lecturers","96","32","64","0","0","0","7","2","5","1","0","1","6","2","4","0","0","0","82","28","54","0","0","0","0","0","0","0","0","0","-2"
"181464","University of Nebraska-Lincoln","2020","Not on tenure/no tenure system, no academic rank","3","2","1","0","0","0","0","0","0","0","0","0","0","0","0","0","0","0","0","0","0","0","0","0","0","0","0","3","2","1","-2"
"182281","University of Nevada-Las Vegas","2020","Tenured total","547","370","177","2","2","0","118","88","30","21","14","7","26","13","13","1","1","0","373","248","125","4","2","2","2","2","0","0","0","0","-2"
"182281","University of Nevada-Las Vegas","2020","Tenured, professors","310","228","82","2","2","0","59","50","9","13","7","6","14","8","6","0","0","0","220","160","60","1","0","1","1","1","0","0","0","0","-2"
"182281","University of Nevada-Las Vegas","2020","Tenured, associate professors","234","139","95","0","0","0","58","37","21","8","7","1","12","5","7","1","1","0","151","86","65","3","2","1","1","1","0","0","0","0","-2"
"182281","University of Nevada-Las Vegas","2020","Tenured, assistant professors","3","3","0","0","0","0","1","1","0","0","0","0","0","0","0","0","0","0","2","2","0","0","0","0","0","0","0","0","0","0","-2"
"182281","University of Nevada-Las Vegas","2020","On-Tenure track total","177","94","83","1","1","0","36","17","19","10","3","7","17","9","8","0","0","0","87","51","36","4","1","3","8","2","6","14","10","4","-2"
"182281","University of Nevada-Las Vegas","2020","On-tenure track, associate professors","14","6","8","0","0","0","3","1","2","0","0","0","0","0","0","0","0","0","9","5","4","1","0","1","1","0","1","0","0","0","-2"
"182281","University of Nevada-Las Vegas","2020","On-tenure track, assistant professors","163","88","75","1","1","0","33","16","17","10","3","7","17","9","8","0","0","0","78","46","32","3","1","2","7","2","5","14","10","4","-2"
"182281","University of Nevada-Las Vegas","2020","Not on tenure track/No tenure system system total","419","204","215","0","0","0","53","31","22","30","10","20","30","12","18","1","1","0","281","136","145","10","7","3","8","4","4","6","3","3","-2"
"182281","University of Nevada-Las Vegas","2020","Not on tenure/no tenure system, instructors","10","9","1","0","0","0","6","5","1","0","0","0","0","0","0","0","0","0","2","2","0","1","1","0","1","1","0","0","0","0","-2"
"182281","University of Nevada-Las Vegas","2020","Not on tenure/no tenure system, lecturers","107","47","60","0","0","0","7","5","2","7","2","5","13","6","7","0","0","0","78","33","45","2","1","1","0","0","0","0","0","0","-2"
"182281","University of Nevada-Las Vegas","2020","Not on tenure/no tenure system, no academic rank","302","148","154","0","0","0","40","21","19","23","8","15","17","6","11","1","1","0","201","101","100","7","5","2","7","3","4","6","3","3","-2"
"182290","University of Nevada-Reno","2020","Tenured total","402","266","136","1","1","0","55","40","15","4","4","0","20","13","7","0","0","0","311","202","109","4","2","2","0","0","0","7","4","3","-2"
"182290","University of Nevada-Reno","2020","Tenured, professors","199","142","57","1","1","0","27","23","4","1","1","0","3","2","1","0","0","0","163","112","51","3","2","1","0","0","0","1","1","0","-2"
"182290","University of Nevada-Reno","2020","Tenured, associate professors","201","124","77","0","0","0","28","17","11","3","3","0","17","11","6","0","0","0","146","90","56","1","0","1","0","0","0","6","3","3","-2"
"182290","University of Nevada-Reno","2020","Tenured, assistant professors","2","0","2","0","0","0","0","0","0","0","0","0","0","0","0","0","0","0","2","0","2","0","0","0","0","0","0","0","0","0","-2"
"182290","University of Nevada-Reno","2020","On-Tenure track total","276","164","112","2","1","1","32","22","10","10","6","4","21","11","10","2","2","0","159","92","67","3","2","1","0","0","0","47","28","19","-2"
"182290","University of Nevada-Reno","2020","On-tenure track, professors","1","1","0","0","0","0","0","0","0","1","1","0","0","0","0","0","0","0","0","0","0","0","0","0","0","0","0","0","0","0","-2"
"182290","University of Nevada-Reno","2020","On-tenure track, associate professors","13","10","3","0","0","0","1","1","0","1","1","0","0","0","0","0","0","0","10","8","2","0","0","0","0","0","0","1","0","1","-2"
"182290","University of Nevada-Reno","2020","On-tenure track, assistant professors","262","153","109","2","1","1","31","21","10","8","4","4","21","11","10","2","2","0","149","84","65","3","2","1","0","0","0","46","28","18","-2"
"182290","University of Nevada-Reno","2020","Not on tenure track/No tenure system system total","275","117","158","2","0","2","17","9","8","9","4","5","13","5","8","0","0","0","211","87","124","9","4","5","3","0","3","11","8","3","-2"
"182290","University of Nevada-Reno","2020","Not on tenure/no tenure system, lecturers","180","74","106","2","0","2","9","4","5","7","2","5","9","4","5","0","0","0","134","54","80","7","3","4","3","0","3","9","7","2","-2"
"182290","University of Nevada-Reno","2020","Not on tenure/no tenure system, no academic rank","95","43","52","0","0","0","8","5","3","2","2","0","4","1","3","0","0","0","77","33","44","2","1","1","0","0","0","2","1","1","-2"
"182670","Dartmouth College","2020","Tenured total","437","300","137","3","2","1","34","25","9","14","5","9","22","11","11","0","0","0","352","249","103","8","5","3","0","0","0","4","3","1","-2"
"182670","Dartmouth College","2020","Tenured, professors","287","208","79","3","2","1","22","16","6","3","2","1","12","7","5","0","0","0","243","178","65","4","3","1","0","0","0","0","0","0","-2"
"182670","Dartmouth College","2020","Tenured, associate professors","150","92","58","0","0","0","12","9","3","11","3","8","10","4","6","0","0","0","109","71","38","4","2","2","0","0","0","4","3","1","-2"
"182670","Dartmouth College","2020","On-Tenure track total","161","87","74","1","1","0","24","12","12","9","5","4","10","5","5","0","0","0","98","49","49","5","1","4","0","0","0","14","14","0","-2"
"182670","Dartmouth College","2020","On-tenure track, professors","4","2","2","0","0","0","0","0","0","0","0","0","0","0","0","0","0","0","3","2","1","1","0","1","0","0","0","0","0","0","-2"
"182670","Dartmouth College","2020","On-tenure track, associate professors","29","13","16","0","0","0","6","2","4","0","0","0","4","2","2","0","0","0","18","9","9","1","0","1","0","0","0","0","0","0","-2"
"182670","Dartmouth College","2020","On-tenure track, assistant professors","128","72","56","1","1","0","18","10","8","9","5","4","6","3","3","0","0","0","77","38","39","3","1","2","0","0","0","14","14","0","-2"
"182670","Dartmouth College","2020","Not on tenure track/No tenure system system total","120","63","57","1","0","1","9","5","4","5","2","3","11","2","9","0","0","0","86","49","37","0","0","0","0","0","0","8","5","3","-2"
"182670","Dartmouth College","2020","Not on tenure/no tenure system, professors","21","13","8","0","0","0","1","1","0","1","0","1","2","1","1","0","0","0","16","11","5","0","0","0","0","0","0","1","0","1","-2"
"182670","Dartmouth College","2020","Not on tenure/no tenure system, associate professors","5","3","2","0","0","0","0","0","0","0","0","0","0","0","0","0","0","0","5","3","2","0","0","0","0","0","0","0","0","0","-2"
"182670","Dartmouth College","2020","Not on tenure/no tenure system, assistant professors","4","4","0","0","0","0","0","0","0","0","0","0","0","0","0","0","0","0","4","4","0","0","0","0","0","0","0","0","0","0","-2"
"182670","Dartmouth College","2020","Not on tenure/no tenure system, instructors","10","5","5","0","0","0","2","2","0","1","0","1","0","0","0","0","0","0","7","3","4","0","0","0","0","0","0","0","0","0","-2"
"182670","Dartmouth College","2020","Not on tenure/no tenure system, lecturers","73","35","38","1","0","1","6","2","4","2","1","1","8","1","7","0","0","0","51","27","24","0","0","0","0","0","0","5","4","1","-2"
"182670","Dartmouth College","2020","Not on tenure/no tenure system, no academic rank","7","3","4","0","0","0","0","0","0","1","1","0","1","0","1","0","0","0","3","1","2","0","0","0","0","0","0","2","1","1","-2"
"183044","University of New Hampshire-Main Campus","2020","Tenured total","371","212","159","1","1","0","42","19","23","6","5","1","9","5","4","0","0","0","284","165","119","4","2","2","25","15","10","0","0","0","-2"
"183044","University of New Hampshire-Main Campus","2020","Tenured, professors","187","124","63","0","0","0","15","10","5","0","0","0","3","1","2","0","0","0","155","103","52","2","1","1","12","9","3","0","0","0","-2"
"183044","University of New Hampshire-Main Campus","2020","Tenured, associate professors","184","88","96","1","1","0","27","9","18","6","5","1","6","4","2","0","0","0","129","62","67","2","1","1","13","6","7","0","0","0","-2"
"183044","University of New Hampshire-Main Campus","2020","On-Tenure track total","137","64","73","1","1","0","15","9","6","3","0","3","6","4","2","1","1","0","81","35","46","2","1","1","8","3","5","20","10","10","-2"
"183044","University of New Hampshire-Main Campus","2020","On-tenure track, professors","1","1","0","0","0","0","0","0","0","0","0","0","0","0","0","0","0","0","1","1","0","0","0","0","0","0","0","0","0","0","-2"
"183044","University of New Hampshire-Main Campus","2020","On-tenure track, associate professors","3","2","1","0","0","0","0","0","0","0","0","0","0","0","0","0","0","0","3","2","1","0","0","0","0","0","0","0","0","0","-2"
"183044","University of New Hampshire-Main Campus","2020","On-tenure track, assistant professors","133","61","72","1","1","0","15","9","6","3","0","3","6","4","2","1","1","0","77","32","45","2","1","1","8","3","5","20","10","10","-2"
"183044","University of New Hampshire-Main Campus","2020","Not on tenure track/No tenure system system total","226","79","147","1","1","0","3","3","0","1","1","0","9","4","5","0","0","0","185","61","124","1","0","1","23","8","15","3","1","2","-2"
"183044","University of New Hampshire-Main Campus","2020","Not on tenure/no tenure system, professors","2","1","1","0","0","0","0","0","0","0","0","0","0","0","0","0","0","0","2","1","1","0","0","0","0","0","0","0","0","0","-2"
"183044","University of New Hampshire-Main Campus","2020","Not on tenure/no tenure system, associate professors","24","3","21","0","0","0","0","0","0","0","0","0","0","0","0","0","0","0","22","3","19","0","0","0","2","0","2","0","0","0","-2"
"183044","University of New Hampshire-Main Campus","2020","Not on tenure/no tenure system, assistant professors","45","6","39","0","0","0","0","0","0","0","0","0","3","1","2","0","0","0","36","4","32","0","0","0","6","1","5","0","0","0","-2"
"183044","University of New Hampshire-Main Campus","2020","Not on tenure/no tenure system, lecturers","155","69","86","1","1","0","3","3","0","1","1","0","6","3","3","0","0","0","125","53","72","1","0","1","15","7","8","3","1","2","-2"
"183080","Plymouth State University","2020","Tenured total","114","60","54","0","0","0","8","8","0","1","1","0","2","0","2","0","0","0","96","47","49","0","0","0","7","4","3","0","0","0","-2"
"183080","Plymouth State University","2020","Tenured, professors","69","39","30","0","0","0","3","3","0","1","1","0","1","0","1","0","0","0","59","33","26","0","0","0","5","2","3","0","0","0","-2"
"183080","Plymouth State University","2020","Tenured, associate professors","45","21","24","0","0","0","5","5","0","0","0","0","1","0","1","0","0","0","37","14","23","0","0","0","2","2","0","0","0","0","-2"
"183080","Plymouth State University","2020","On-Tenure track total","31","15","16","1","1","0","2","1","1","0","0","0","1","1","0","0","0","0","23","9","14","0","0","0","2","1","1","2","2","0","-2"
"183080","Plymouth State University","2020","On-tenure track, associate professors","1","0","1","0","0","0","0","0","0","0","0","0","0","0","0","0","0","0","1","0","1","0","0","0","0","0","0","0","0","0","-2"
"183080","Plymouth State University","2020","On-tenure track, assistant professors","30","15","15","1","1","0","2","1","1","0","0","0","1","1","0","0","0","0","22","9","13","0","0","0","2","1","1","2","2","0","-2"
"183080","Plymouth State University","2020","Not on tenure track/No tenure system system total","39","17","22","0","0","0","3","0","3","0","0","0","1","1","0","0","0","0","34","16","18","0","0","0","1","0","1","0","0","0","-2"
"183080","Plymouth State University","2020","Not on tenure/no tenure system, associate professors","3","0","3","0","0","0","0","0","0","0","0","0","0","0","0","0","0","0","3","0","3","0","0","0","0","0","0","0","0","0","-2"
"183080","Plymouth State University","2020","Not on tenure/no tenure system, assistant professors","6","1","5","0","0","0","0","0","0","0","0","0","0","0","0","0","0","0","5","1","4","0","0","0","1","0","1","0","0","0","-2"
"183080","Plymouth State University","2020","Not on tenure/no tenure system, lecturers","30","16","14","0","0","0","3","0","3","0","0","0","1","1","0","0","0","0","26","15","11","0","0","0","0","0","0","0","0","0","-2"
"185262","Kean University","2020","Tenured total","158","74","84","0","0","0","29","10","19","13","6","7","11","6","5","0","0","0","105","52","53","0","0","0","0","0","0","0","0","0","-2"
"185262","Kean University","2020","Tenured, professors","47","22","25","0","0","0","4","3","1","5","3","2","3","1","2","0","0","0","35","15","20","0","0","0","0","0","0","0","0","0","-2"
"185262","Kean University","2020","Tenured, associate professors","62","30","32","0","0","0","16","4","12","5","1","4","4","4","0","0","0","0","37","21","16","0","0","0","0","0","0","0","0","0","-2"
"185262","Kean University","2020","Tenured, assistant professors","49","22","27","0","0","0","9","3","6","3","2","1","4","1","3","0","0","0","33","16","17","0","0","0","0","0","0","0","0","0","-2"
"185262","Kean University","2020","On-Tenure track total","41","23","18","0","0","0","9","7","2","1","0","1","3","3","0","0","0","0","19","9","10","0","0","0","1","1","0","8","3","5","-2"
"185262","Kean University","2020","On-tenure track, associate professors","1","0","1","0","0","0","0","0","0","1","0","1","0","0","0","0","0","0","0","0","0","0","0","0","0","0","0","0","0","0","-2"
"185262","Kean University","2020","On-tenure track, assistant professors","40","23","17","0","0","0","9","7","2","0","0","0","3","3","0","0","0","0","19","9","10","0","0","0","1","1","0","8","3","5","-2"
"185262","Kean University","2020","Not on tenure track/No tenure system system total","128","43","85","1","1","0","10","2","8","11","7","4","9","2","7","0","0","0","93","30","63","3","1","2","0","0","0","1","0","1","-2"
"185262","Kean University","2020","Not on tenure/no tenure system, lecturers","128","43","85","1","1","0","10","2","8","11","7","4","9","2","7","0","0","0","93","30","63","3","1","2","0","0","0","1","0","1","-2"
"186131","Princeton University","2020","Tenured total","618","437","181","0","0","0","62","45","17","23","14","9","20","15","5","0","0","0","481","345","136","3","2","1","22","12","10","7","4","3","-2"
"186131","Princeton University","2020","Tenured, professors","495","365","130","0","0","0","49","40","9","20","12","8","12","10","2","0","0","0","388","288","100","1","1","0","19","10","9","6","4","2","-2"
"186131","Princeton University","2020","Tenured, associate professors","123","72","51","0","0","0","13","5","8","3","2","1","8","5","3","0","0","0","93","57","36","2","1","1","3","2","1","1","0","1","-2"
"186131","Princeton University","2020","On-Tenure track total","181","107","74","0","0","0","21","11","10","7","2","5","10","6","4","0","0","0","83","53","30","1","1","0","19","7","12","40","27","13","-2"
"186131","Princeton University","2020","On-tenure track, assistant professors","181","107","74","0","0","0","21","11","10","7","2","5","10","6","4","0","0","0","83","53","30","1","1","0","19","7","12","40","27","13","-2"
"186131","Princeton University","2020","Not on tenure track/No tenure system system total","198","90","108","0","0","0","19","7","12","4","3","1","14","4","10","0","0","0","93","47","46","2","1","1","28","13","15","38","15","23","-2"
"186131","Princeton University","2020","Not on tenure/no tenure system, instructors","18","16","2","0","0","0","1","1","0","0","0","0","0","0","0","0","0","0","4","2","2","1","1","0","1","1","0","11","11","0","-2"
"186131","Princeton University","2020","Not on tenure/no tenure system, lecturers","180","74","106","0","0","0","18","6","12","4","3","1","14","4","10","0","0","0","89","45","44","1","0","1","27","12","15","27","4","23","-2"
"186380","Rutgers University-New Brunswick","2020","Tenured total","1279","827","452","1","1","0","164","116","48","33","11","22","51","34","17","0","0","0","853","566","287","7","4","3","97","51","46","73","44","29","-2"
"186380","Rutgers University-New Brunswick","2020","Tenured, professors","889","629","260","0","0","0","119","89","30","18","8","10","27","23","4","0","0","0","656","464","192","3","3","0","41","27","14","25","15","10","-2"
"186380","Rutgers University-New Brunswick","2020","Tenured, associate professors","390","198","192","1","1","0","45","27","18","15","3","12","24","11","13","0","0","0","197","102","95","4","1","3","56","24","32","48","29","19","-2"
"186380","Rutgers University-New Brunswick","2020","On-Tenure track total","410","219","191","1","1","0","44","26","18","22","7","15","14","4","10","1","0","1","108","57","51","3","1","2","118","61","57","99","62","37","-2"
"186380","Rutgers University-New Brunswick","2020","On-tenure track, professors","31","22","9","0","0","0","1","1","0","0","0","0","0","0","0","0","0","0","15","12","3","1","0","1","13","8","5","1","1","0","-2"
"186380","Rutgers University-New Brunswick","2020","On-tenure track, associate professors","48","21","27","0","0","0","11","5","6","2","1","1","0","0","0","0","0","0","18","7","11","0","0","0","12","5","7","5","3","2","-2"
"186380","Rutgers University-New Brunswick","2020","On-tenure track, assistant professors","331","176","155","1","1","0","32","20","12","20","6","14","14","4","10","1","0","1","75","38","37","2","1","1","93","48","45","93","58","35","-2"
"186380","Rutgers University-New Brunswick","2020","Not on tenure track/No tenure system system total","1767","817","950","0","0","0","297","139","158","81","27","54","73","21","52","1","0","1","778","371","407","18","7","11","397","186","211","122","66","56","-2"
"186380","Rutgers University-New Brunswick","2020","Not on tenure/no tenure system, professors","193","124","69","0","0","0","34","23","11","7","2","5","5","3","2","1","0","1","110","72","38","0","0","0","29","20","9","7","4","3","-2"
"186380","Rutgers University-New Brunswick","2020","Not on tenure/no tenure system, associate professors","393","200","193","0","0","0","77","42","35","21","10","11","18","5","13","0","0","0","202","95","107","3","2","1","48","31","17","24","15","9","-2"
"186380","Rutgers University-New Brunswick","2020","Not on tenure/no tenure system, assistant professors","884","386","498","0","0","0","152","65","87","39","13","26","38","11","27","0","0","0","348","168","180","6","2","4","227","92","135","74","35","39","-2"
"186380","Rutgers University-New Brunswick","2020","Not on tenure/no tenure system, instructors","241","92","149","0","0","0","31","9","22","9","2","7","10","2","8","0","0","0","91","30","61","8","3","5","77","35","42","15","11","4","-2"
"186380","Rutgers University-New Brunswick","2020","Not on tenure/no tenure system, lecturers","56","15","41","0","0","0","3","0","3","5","0","5","2","0","2","0","0","0","27","6","21","1","0","1","16","8","8","2","1","1","-2"
"187967","New Mexico Institute of Mining and Technology","2020","Tenured total","77","62","15","0","0","0","17","17","0","0","0","0","2","2","0","0","0","0","56","41","15","0","0","0","0","0","0","2","2","0","-2"
"187967","New Mexico Institute of Mining and Technology","2020","Tenured, professors","39","30","9","0","0","0","5","5","0","0","0","0","1","1","0","0","0","0","32","23","9","0","0","0","0","0","0","1","1","0","-2"
"187967","New Mexico Institute of Mining and Technology","2020","Tenured, associate professors","38","32","6","0","0","0","12","12","0","0","0","0","1","1","0","0","0","0","24","18","6","0","0","0","0","0","0","1","1","0","-2"
"187967","New Mexico Institute of Mining and Technology","2020","On-Tenure track total","40","30","10","0","0","0","13","10","3","0","0","0","4","4","0","0","0","0","21","14","7","0","0","0","0","0","0","2","2","0","-2"
"187967","New Mexico Institute of Mining and Technology","2020","On-tenure track, associate professors","2","2","0","0","0","0","0","0","0","0","0","0","1","1","0","0","0","0","0","0","0","0","0","0","0","0","0","1","1","0","-2"
"187967","New Mexico Institute of Mining and Technology","2020","On-tenure track, assistant professors","38","28","10","0","0","0","13","10","3","0","0","0","3","3","0","0","0","0","21","14","7","0","0","0","0","0","0","1","1","0","-2"
"187967","New Mexico Institute of Mining and Technology","2020","Not on tenure track/No tenure system system total","16","8","8","0","0","0","2","1","1","0","0","0","4","2","2","0","0","0","10","5","5","0","0","0","0","0","0","0","0","0","-2"
"187967","New Mexico Institute of Mining and Technology","2020","Not on tenure/no tenure system, associate professors","1","1","0","0","0","0","0","0","0","0","0","0","0","0","0","0","0","0","1","1","0","0","0","0","0","0","0","0","0","0","-2"
"187967","New Mexico Institute of Mining and Technology","2020","Not on tenure/no tenure system, assistant professors","2","2","0","0","0","0","0","0","0","0","0","0","1","1","0","0","0","0","1","1","0","0","0","0","0","0","0","0","0","0","-2"
"187967","New Mexico Institute of Mining and Technology","2020","Not on tenure/no tenure system, instructors","13","5","8","0","0","0","2","1","1","0","0","0","3","1","2","0","0","0","8","3","5","0","0","0","0","0","0","0","0","0","-2"
"190150","Columbia University in the City of New York","2020","Tenured total","1189","846","343","2","1","1","186","134","52","45","29","16","32","22","10","0","0","0","880","626","254","6","4","2","28","21","7","10","9","1","-2"
"190150","Columbia University in the City of New York","2020","Tenured, professors","979","712","267","2","1","1","140","104","36","33","23","10","22","16","6","0","0","0","748","540","208","3","2","1","24","19","5","7","7","0","-2"
"190150","Columbia University in the City of New York","2020","Tenured, associate professors","210","134","76","0","0","0","46","30","16","12","6","6","10","6","4","0","0","0","132","86","46","3","2","1","4","2","2","3","2","1","-2"
"190150","Columbia University in the City of New York","2020","On-Tenure track total","515","294","221","0","0","0","88","48","40","20","9","11","31","15","16","0","0","0","262","151","111","5","1","4","18","10","8","91","60","31","-2"
"190150","Columbia University in the City of New York","2020","On-tenure track, professors","25","15","10","0","0","0","4","2","2","1","0","1","0","0","0","0","0","0","19","12","7","0","0","0","0","0","0","1","1","0","-2"
"190150","Columbia University in the City of New York","2020","On-tenure track, associate professors","88","56","32","0","0","0","18","11","7","6","3","3","4","3","1","0","0","0","51","36","15","0","0","0","4","1","3","5","2","3","-2"
"190150","Columbia University in the City of New York","2020","On-tenure track, assistant professors","400","222","178","0","0","0","65","34","31","13","6","7","27","12","15","0","0","0","191","103","88","5","1","4","14","9","5","85","57","28","-2"
"190150","Columbia University in the City of New York","2020","On-tenure track, instructors","2","1","1","0","0","0","1","1","0","0","0","0","0","0","0","0","0","0","1","0","1","0","0","0","0","0","0","0","0","0","-2"
"190150","Columbia University in the City of New York","2020","Not on tenure track/No tenure system system total","2623","1205","1418","3","1","2","493","206","287","118","52","66","156","62","94","2","2","0","1664","794","870","28","8","20","67","34","33","92","46","46","-2"
"190150","Columbia University in the City of New York","2020","Not on tenure/no tenure system, professors","412","264","148","0","0","0","50","31","19","23","13","10","18","11","7","0","0","0","312","206","106","1","0","1","4","2","2","4","1","3","-2"
"190150","Columbia University in the City of New York","2020","Not on tenure/no tenure system, associate professors","416","210","206","1","0","1","83","41","42","9","5","4","18","8","10","0","0","0","284","142","142","2","1","1","15","10","5","4","3","1","-2"
"190150","Columbia University in the City of New York","2020","Not on tenure/no tenure system, assistant professors","1210","470","740","1","0","1","268","87","181","63","24","39","88","28","60","2","2","0","713","297","416","18","6","12","29","13","16","28","13","15","-2"
"190150","Columbia University in the City of New York","2020","Not on tenure/no tenure system, instructors","151","63","88","0","0","0","26","13","13","12","3","9","12","2","10","0","0","0","85","35","50","1","1","0","2","1","1","13","8","5","-2"
"190150","Columbia University in the City of New York","2020","Not on tenure/no tenure system, lecturers","434","198","236","1","1","0","66","34","32","11","7","4","20","13","7","0","0","0","270","114","156","6","0","6","17","8","9","43","21","22","-2"
"190415","Cornell University","2020","Tenured total","1057","728","329","4","3","1","130","91","39","37","19","18","40","22","18","0","0","0","829","583","246","2","0","2","2","1","1","13","9","4","-2"
"190415","Cornell University","2020","Tenured, professors","699","519","180","2","2","0","85","63","22","19","11","8","17","9","8","0","0","0","569","428","141","1","0","1","1","1","0","5","5","0","-2"
"190415","Cornell University","2020","Tenured, associate professors","358","209","149","2","1","1","45","28","17","18","8","10","23","13","10","0","0","0","260","155","105","1","0","1","1","0","1","8","4","4","-2"
"190415","Cornell University","2020","On-Tenure track total","354","197","157","1","1","0","43","17","26","16","6","10","18","8","10","0","0","0","198","114","84","6","4","2","2","2","0","70","45","25","-2"
"190415","Cornell University","2020","On-tenure track, professors","6","0","6","0","0","0","0","0","0","0","0","0","0","0","0","0","0","0","5","0","5","0","0","0","0","0","0","1","0","1","-2"
"190415","Cornell University","2020","On-tenure track, associate professors","21","13","8","0","0","0","3","3","0","0","0","0","1","0","1","0","0","0","16","9","7","0","0","0","0","0","0","1","1","0","-2"
"190415","Cornell University","2020","On-tenure track, assistant professors","327","184","143","1","1","0","40","14","26","16","6","10","17","8","9","0","0","0","177","105","72","6","4","2","2","2","0","68","44","24","-2"
"190415","Cornell University","2020","Not on tenure track/No tenure system system total","447","206","241","1","0","1","38","8","30","15","6","9","15","9","6","0","0","0","321","156","165","6","1","5","0","0","0","51","26","25","-2"
"190415","Cornell University","2020","Not on tenure/no tenure system, professors","39","20","19","0","0","0","6","1","5","0","0","0","1","1","0","0","0","0","32","18","14","0","0","0","0","0","0","0","0","0","-2"
"190415","Cornell University","2020","Not on tenure/no tenure system, associate professors","16","3","13","0","0","0","1","0","1","1","0","1","0","0","0","0","0","0","13","3","10","0","0","0","0","0","0","1","0","1","-2"
"190415","Cornell University","2020","Not on tenure/no tenure system, assistant professors","26","17","9","0","0","0","1","1","0","0","0","0","2","2","0","0","0","0","15","7","8","1","1","0","0","0","0","7","6","1","-2"
"190415","Cornell University","2020","Not on tenure/no tenure system, instructors","52","25","27","0","0","0","3","0","3","1","1","0","1","1","0","0","0","0","33","14","19","0","0","0","0","0","0","14","9","5","-2"
"190415","Cornell University","2020","Not on tenure/no tenure system, lecturers","314","141","173","1","0","1","27","6","21","13","5","8","11","5","6","0","0","0","228","114","114","5","0","5","0","0","0","29","11","18","-2"
"190567","CUNY City College","2020","Tenured total","427","274","153","0","0","0","69","48","21","30","16","14","38","19","19","0","0","0","277","181","96","0","0","0","0","0","0","13","10","3","-2"
"190567","CUNY City College","2020","Tenured, professors","232","165","67","0","0","0","37","29","8","14","8","6","21","11","10","0","0","0","157","114","43","0","0","0","0","0","0","3","3","0","-2"
"190567","CUNY City College","2020","Tenured, associate professors","150","88","62","0","0","0","26","16","10","10","6","4","14","6","8","0","0","0","92","54","38","0","0","0","0","0","0","8","6","2","-2"
"190567","CUNY City College","2020","Tenured, assistant professors","9","4","5","0","0","0","2","1","1","1","0","1","1","1","0","0","0","0","5","2","3","0","0","0","0","0","0","0","0","0","-2"
"190567","CUNY City College","2020","Tenured, lecturers","36","17","19","0","0","0","4","2","2","5","2","3","2","1","1","0","0","0","23","11","12","0","0","0","0","0","0","2","1","1","-2"
"190567","CUNY City College","2020","On-Tenure track total","89","50","39","0","0","0","14","11","3","13","5","8","9","3","6","0","0","0","46","27","19","0","0","0","0","0","0","7","4","3","-2"
"190567","CUNY City College","2020","On-tenure track, professors","2","0","2","0","0","0","1","0","1","1","0","1","0","0","0","0","0","0","0","0","0","0","0","0","0","0","0","0","0","0","-2"
"190567","CUNY City College","2020","On-tenure track, associate professors","7","4","3","0","0","0","1","1","0","1","1","0","2","1","1","0","0","0","3","1","2","0","0","0","0","0","0","0","0","0","-2"
"190567","CUNY City College","2020","On-tenure track, assistant professors","71","40","31","0","0","0","12","10","2","9","2","7","6","2","4","0","0","0","37","22","15","0","0","0","0","0","0","7","4","3","-2"
"190567","CUNY City College","2020","On-tenure track, lecturers","9","6","3","0","0","0","0","0","0","2","2","0","1","0","1","0","0","0","6","4","2","0","0","0","0","0","0","0","0","0","-2"
"190567","CUNY City College","2020","Not on tenure track/No tenure system system total","37","15","22","0","0","0","3","0","3","7","2","5","4","2","2","0","0","0","22","10","12","0","0","0","0","0","0","1","1","0","-2"
"190567","CUNY City College","2020","Not on tenure/no tenure system, professors","25","10","15","0","0","0","2","0","2","5","1","4","2","2","0","0","0","0","16","7","9","0","0","0","0","0","0","0","0","0","-2"
"190567","CUNY City College","2020","Not on tenure/no tenure system, associate professors","1","1","0","0","0","0","0","0","0","0","0","0","0","0","0","0","0","0","1","1","0","0","0","0","0","0","0","0","0","0","-2"
"190567","CUNY City College","2020","Not on tenure/no tenure system, assistant professors","2","1","1","0","0","0","0","0","0","0","0","0","0","0","0","0","0","0","1","0","1","0","0","0","0","0","0","1","1","0","-2"
"190567","CUNY City College","2020","Not on tenure/no tenure system, lecturers","9","3","6","0","0","0","1","0","1","2","1","1","2","0","2","0","0","0","4","2","2","0","0","0","0","0","0","0","0","0","-2"
"190576","CUNY Graduate School and University Center","2020","Tenured total","158","84","74","1","0","1","9","5","4","13","6","7","7","3","4","0","0","0","123","67","56","1","0","1","0","0","0","4","3","1","-2"
"190576","CUNY Graduate School and University Center","2020","Tenured, professors","119","68","51","1","0","1","5","4","1","9","5","4","5","3","2","0","0","0","95","53","42","0","0","0","0","0","0","4","3","1","-2"
"190576","CUNY Graduate School and University Center","2020","Tenured, associate professors","36","14","22","0","0","0","4","1","3","4","1","3","2","0","2","0","0","0","25","12","13","1","0","1","0","0","0","0","0","0","-2"
"190576","CUNY Graduate School and University Center","2020","Tenured, assistant professors","2","1","1","0","0","0","0","0","0","0","0","0","0","0","0","0","0","0","2","1","1","0","0","0","0","0","0","0","0","0","-2"
"190576","CUNY Graduate School and University Center","2020","Tenured, lecturers","1","1","0","0","0","0","0","0","0","0","0","0","0","0","0","0","0","0","1","1","0","0","0","0","0","0","0","0","0","0","-2"
"190576","CUNY Graduate School and University Center","2020","On-Tenure track total","40","19","21","0","0","0","7","5","2","5","1","4","5","3","2","0","0","0","21","8","13","0","0","0","0","0","0","2","2","0","-2"
"190576","CUNY Graduate School and University Center","2020","On-tenure track, professors","2","2","0","0","0","0","1","1","0","0","0","0","0","0","0","0","0","0","1","1","0","0","0","0","0","0","0","0","0","0","-2"
"190576","CUNY Graduate School and University Center","2020","On-tenure track, associate professors","13","6","7","0","0","0","3","1","2","2","0","2","1","1","0","0","0","0","7","4","3","0","0","0","0","0","0","0","0","0","-2"
"190576","CUNY Graduate School and University Center","2020","On-tenure track, assistant professors","23","11","12","0","0","0","3","3","0","3","1","2","4","2","2","0","0","0","11","3","8","0","0","0","0","0","0","2","2","0","-2"
"190576","CUNY Graduate School and University Center","2020","On-tenure track, lecturers","2","0","2","0","0","0","0","0","0","0","0","0","0","0","0","0","0","0","2","0","2","0","0","0","0","0","0","0","0","0","-2"
"190576","CUNY Graduate School and University Center","2020","Not on tenure track/No tenure system system total","32","18","14","0","0","0","1","0","1","1","1","0","1","0","1","0","0","0","29","17","12","0","0","0","0","0","0","0","0","0","-2"
"190576","CUNY Graduate School and University Center","2020","Not on tenure/no tenure system, professors","29","16","13","0","0","0","1","0","1","1","1","0","1","0","1","0","0","0","26","15","11","0","0","0","0","0","0","0","0","0","-2"
"190576","CUNY Graduate School and University Center","2020","Not on tenure/no tenure system, associate professors","1","1","0","0","0","0","0","0","0","0","0","0","0","0","0","0","0","0","1","1","0","0","0","0","0","0","0","0","0","0","-2"
"190576","CUNY Graduate School and University Center","2020","Not on tenure/no tenure system, lecturers","2","1","1","0","0","0","0","0","0","0","0","0","0","0","0","0","0","0","2","1","1","0","0","0","0","0","0","0","0","0","-2"
"191630","Hobart William Smith Colleges","2020","Tenured total","143","74","69","0","0","0","13","6","7","6","3","3","4","2","2","0","0","0","118","63","55","0","0","0","2","0","2","0","0","0","-2"
"191630","Hobart William Smith Colleges","2020","Tenured, professors","49","30","19","0","0","0","4","2","2","0","0","0","0","0","0","0","0","0","43","28","15","0","0","0","2","0","2","0","0","0","-2"
"191630","Hobart William Smith Colleges","2020","Tenured, associate professors","89","42","47","0","0","0","9","4","5","6","3","3","3","2","1","0","0","0","71","33","38","0","0","0","0","0","0","0","0","0","-2"
"191630","Hobart William Smith Colleges","2020","Tenured, assistant professors","5","2","3","0","0","0","0","0","0","0","0","0","1","0","1","0","0","0","4","2","2","0","0","0","0","0","0","0","0","0","-2"
"191630","Hobart William Smith Colleges","2020","On-Tenure track total","29","10","19","1","0","1","3","1","2","1","1","0","0","0","0","0","0","0","24","8","16","0","0","0","0","0","0","0","0","0","-2"
"191630","Hobart William Smith Colleges","2020","On-tenure track, assistant professors","29","10","19","1","0","1","3","1","2","1","1","0","0","0","0","0","0","0","24","8","16","0","0","0","0","0","0","0","0","0","-2"
"191630","Hobart William Smith Colleges","2020","Not on tenure track/No tenure system system total","19","13","6","0","0","0","6","5","1","1","0","1","0","0","0","0","0","0","12","8","4","0","0","0","0","0","0","0","0","0","-2"
"191630","Hobart William Smith Colleges","2020","Not on tenure/no tenure system, assistant professors","12","9","3","0","0","0","5","4","1","1","0","1","0","0","0","0","0","0","6","5","1","0","0","0","0","0","0","0","0","0","-2"
"191630","Hobart William Smith Colleges","2020","Not on tenure/no tenure system, instructors","4","1","3","0","0","0","0","0","0","0","0","0","0","0","0","0","0","0","4","1","3","0","0","0","0","0","0","0","0","0","-2"
"191630","Hobart William Smith Colleges","2020","Not on tenure/no tenure system, no academic rank","3","3","0","0","0","0","1","1","0","0","0","0","0","0","0","0","0","0","2","2","0","0","0","0","0","0","0","0","0","0","-2"
"193900","New York University","2020","Tenured total","1531","1014","517","0","0","0","187","112","75","66","40","26","78","47","31","1","1","0","1152","782","370","3","2","1","3","1","2","41","29","12","-2"
"193900","New York University","2020","Tenured, professors","1048","743","305","0","0","0","112","79","33","35","24","11","49","34","15","0","0","0","830","588","242","2","1","1","1","1","0","19","16","3","-2"
"193900","New York University","2020","Tenured, associate professors","458","260","198","0","0","0","75","33","42","29","16","13","29","13","16","1","1","0","299","183","116","1","1","0","2","0","2","22","13","9","-2"
"193900","New York University","2020","Tenured, assistant professors","1","0","1","0","0","0","0","0","0","0","0","0","0","0","0","0","0","0","1","0","1","0","0","0","0","0","0","0","0","0","-2"
"193900","New York University","2020","Tenured, no academic rank","24","11","13","0","0","0","0","0","0","2","0","2","0","0","0","0","0","0","22","11","11","0","0","0","0","0","0","0","0","0","-2"
"193900","New York University","2020","On-Tenure track total","421","217","204","1","0","1","57","25","32","32","10","22","20","9","11","0","0","0","204","105","99","5","3","2","8","4","4","94","61","33","-2"
"193900","New York University","2020","On-tenure track, professors","15","8","7","0","0","0","4","3","1","1","1","0","1","1","0","0","0","0","9","3","6","0","0","0","0","0","0","0","0","0","-2"
"193900","New York University","2020","On-tenure track, associate professors","62","41","21","0","0","0","11","5","6","3","0","3","0","0","0","0","0","0","41","29","12","0","0","0","0","0","0","7","7","0","-2"
"193900","New York University","2020","On-tenure track, assistant professors","310","158","152","1","0","1","40","17","23","26","9","17","15","8","7","0","0","0","130","64","66","5","3","2","7","4","3","86","53","33","-2"
"193900","New York University","2020","On-tenure track, no academic rank","34","10","24","0","0","0","2","0","2","2","0","2","4","0","4","0","0","0","24","9","15","0","0","0","1","0","1","1","1","0","-2"
"193900","New York University","2020","Not on tenure track/No tenure system system total","3956","2104","1852","2","2","0","745","356","389","193","84","109","207","102","105","5","3","2","2567","1426","1141","19","10","9","34","17","17","184","104","80","-2"
"193900","New York University","2020","Not on tenure/no tenure system, professors","672","435","237","1","1","0","101","55","46","44","21","23","31","17","14","0","0","0","469","323","146","1","1","0","2","1","1","23","16","7","-2"
"193900","New York University","2020","Not on tenure/no tenure system, associate professors","860","496","364","1","1","0","146","79","67","40","19","21","38","21","17","3","2","1","597","348","249","3","3","0","4","3","1","28","20","8","-2"
"193900","New York University","2020","Not on tenure/no tenure system, assistant professors","1842","876","966","0","0","0","400","182","218","95","36","59","101","44","57","2","1","1","1116","549","567","9","2","7","19","10","9","100","52","48","-2"
"193900","New York University","2020","Not on tenure/no tenure system, instructors","325","190","135","0","0","0","75","36","39","10","6","4","21","10","11","0","0","0","208","132","76","0","0","0","0","0","0","11","6","5","-2"
"193900","New York University","2020","Not on tenure/no tenure system, lecturers","212","88","124","0","0","0","23","4","19","2","1","1","15","9","6","0","0","0","142","59","83","3","2","1","6","3","3","21","10","11","-2"
"193900","New York University","2020","Not on tenure/no tenure system, no academic rank","45","19","26","0","0","0","0","0","0","2","1","1","1","1","0","0","0","0","35","15","20","3","2","1","3","0","3","1","0","1","-2"
"196060","SUNY at Albany","2020","Tenured total","398","247","151","2","0","2","77","51","26","18","8","10","22","11","11","0","0","0","277","176","101","1","1","0","0","0","0","1","0","1","-2"
"196060","SUNY at Albany","2020","Tenured, professors","158","108","50","0","0","0","21","14","7","8","3","5","5","4","1","0","0","0","124","87","37","0","0","0","0","0","0","0","0","0","-2"
"196060","SUNY at Albany","2020","Tenured, associate professors","240","139","101","2","0","2","56","37","19","10","5","5","17","7","10","0","0","0","153","89","64","1","1","0","0","0","0","1","0","1","-2"
"196060","SUNY at Albany","2020","On-Tenure track total","140","79","61","0","0","0","33","18","15","8","2","6","4","3","1","0","0","0","78","44","34","0","0","0","0","0","0","17","12","5","-2"
"196060","SUNY at Albany","2020","On-tenure track, associate professors","1","0","1","0","0","0","0","0","0","0","0","0","0","0","0","0","0","0","1","0","1","0","0","0","0","0","0","0","0","0","-2"
"196060","SUNY at Albany","2020","On-tenure track, assistant professors","139","79","60","0","0","0","33","18","15","8","2","6","4","3","1","0","0","0","77","44","33","0","0","0","0","0","0","17","12","5","-2"
"196060","SUNY at Albany","2020","Not on tenure track/No tenure system system total","111","56","55","0","0","0","5","1","4","4","1","3","7","4","3","1","1","0","91","47","44","0","0","0","0","0","0","3","2","1","-2"
"196060","SUNY at Albany","2020","Not on tenure/no tenure system, professors","1","1","0","0","0","0","0","0","0","0","0","0","0","0","0","0","0","0","1","1","0","0","0","0","0","0","0","0","0","0","-2"
"196060","SUNY at Albany","2020","Not on tenure/no tenure system, associate professors","1","1","0","0","0","0","0","0","0","0","0","0","0","0","0","0","0","0","1","1","0","0","0","0","0","0","0","0","0","0","-2"
"196060","SUNY at Albany","2020","Not on tenure/no tenure system, assistant professors","13","8","5","0","0","0","0","0","0","0","0","0","2","1","1","0","0","0","10","7","3","0","0","0","0","0","0","1","0","1","-2"
"196060","SUNY at Albany","2020","Not on tenure/no tenure system, lecturers","96","46","50","0","0","0","5","1","4","4","1","3","5","3","2","1","1","0","79","38","41","0","0","0","0","0","0","2","2","0","-2"
"196097","Stony Brook University","2020","Tenured total","753","537","216","1","1","0","110","79","31","19","9","10","30","21","9","0","0","0","516","367","149","6","5","1","33","24","9","38","31","7","-2"
"196097","Stony Brook University","2020","Tenured, professors","454","342","112","0","0","0","63","49","14","9","5","4","13","7","6","0","0","0","342","260","82","1","1","0","13","7","6","13","13","0","-2"
"196097","Stony Brook University","2020","Tenured, associate professors","298","195","103","1","1","0","47","30","17","10","4","6","17","14","3","0","0","0","173","107","66","5","4","1","20","17","3","25","18","7","-2"
"196097","Stony Brook University","2020","Tenured, assistant professors","1","0","1","0","0","0","0","0","0","0","0","0","0","0","0","0","0","0","1","0","1","0","0","0","0","0","0","0","0","0","-2"
"196097","Stony Brook University","2020","On-Tenure track total","196","120","76","0","0","0","44","28","16","10","4","6","3","1","2","0","0","0","79","51","28","0","0","0","24","14","10","36","22","14","-2"
"196097","Stony Brook University","2020","On-tenure track, professors","12","11","1","0","0","0","3","3","0","0","0","0","0","0","0","0","0","0","4","3","1","0","0","0","3","3","0","2","2","0","-2"
"196097","Stony Brook University","2020","On-tenure track, associate professors","9","5","4","0","0","0","3","3","0","0","0","0","0","0","0","0","0","0","2","1","1","0","0","0","2","1","1","2","0","2","-2"
"196097","Stony Brook University","2020","On-tenure track, assistant professors","175","104","71","0","0","0","38","22","16","10","4","6","3","1","2","0","0","0","73","47","26","0","0","0","19","10","9","32","20","12","-2"
"196097","Stony Brook University","2020","Not on tenure track/No tenure system system total","1037","434","603","1","1","0","201","92","109","60","17","43","35","10","25","0","0","0","658","279","379","6","1","5","48","20","28","28","14","14","-2"
"196097","Stony Brook University","2020","Not on tenure/no tenure system, professors","44","25","19","0","0","0","12","7","5","1","1","0","0","0","0","0","0","0","27","14","13","0","0","0","3","2","1","1","1","0","-2"
"196097","Stony Brook University","2020","Not on tenure/no tenure system, associate professors","183","100","83","0","0","0","26","17","9","7","3","4","5","3","2","0","0","0","139","72","67","1","1","0","2","1","1","3","3","0","-2"
"196097","Stony Brook University","2020","Not on tenure/no tenure system, assistant professors","494","219","275","0","0","0","125","60","65","31","10","21","18","5","13","0","0","0","282","130","152","2","0","2","24","10","14","12","4","8","-2"
"196097","Stony Brook University","2020","Not on tenure/no tenure system, instructors","186","35","151","0","0","0","24","6","18","18","1","17","5","1","4","0","0","0","130","25","105","3","0","3","6","2","4","0","0","0","-2"
"196097","Stony Brook University","2020","Not on tenure/no tenure system, lecturers","130","55","75","1","1","0","14","2","12","3","2","1","7","1","6","0","0","0","80","38","42","0","0","0","13","5","8","12","6","6","-2"
"196121","SUNY Brockport","2020","Tenured total","186","97","89","1","0","1","19","14","5","6","5","1","6","4","2","0","0","0","151","72","79","1","1","0","0","0","0","2","1","1","-2"
"196121","SUNY Brockport","2020","Tenured, professors","66","39","27","1","0","1","8","5","3","2","2","0","2","1","1","0","0","0","53","31","22","0","0","0","0","0","0","0","0","0","-2"
"196121","SUNY Brockport","2020","Tenured, associate professors","118","58","60","0","0","0","11","9","2","4","3","1","4","3","1","0","0","0","96","41","55","1","1","0","0","0","0","2","1","1","-2"
"196121","SUNY Brockport","2020","Tenured, assistant professors","2","0","2","0","0","0","0","0","0","0","0","0","0","0","0","0","0","0","2","0","2","0","0","0","0","0","0","0","0","0","-2"
"196121","SUNY Brockport","2020","On-Tenure track total","114","48","66","0","0","0","4","2","2","9","4","5","0","0","0","0","0","0","76","30","46","1","0","1","0","0","0","24","12","12","-2"
"196121","SUNY Brockport","2020","On-tenure track, associate professors","16","5","11","0","0","0","1","1","0","2","0","2","0","0","0","0","0","0","9","4","5","0","0","0","0","0","0","4","0","4","-2"
"196121","SUNY Brockport","2020","On-tenure track, assistant professors","81","42","39","0","0","0","3","1","2","7","4","3","0","0","0","0","0","0","51","25","26","1","0","1","0","0","0","19","12","7","-2"
"196121","SUNY Brockport","2020","On-tenure track, instructors","17","1","16","0","0","0","0","0","0","0","0","0","0","0","0","0","0","0","16","1","15","0","0","0","0","0","0","1","0","1","-2"
"196121","SUNY Brockport","2020","Not on tenure track/No tenure system system total","45","19","26","0","0","0","0","0","0","0","0","0","1","0","1","0","0","0","42","18","24","0","0","0","0","0","0","2","1","1","-2"
"196121","SUNY Brockport","2020","Not on tenure/no tenure system, associate professors","1","0","1","0","0","0","0","0","0","0","0","0","0","0","0","0","0","0","1","0","1","0","0","0","0","0","0","0","0","0","-2"
"196121","SUNY Brockport","2020","Not on tenure/no tenure system, assistant professors","2","1","1","0","0","0","0","0","0","0","0","0","0","0","0","0","0","0","2","1","1","0","0","0","0","0","0","0","0","0","-2"
"196121","SUNY Brockport","2020","Not on tenure/no tenure system, instructors","1","0","1","0","0","0","0","0","0","0","0","0","0","0","0","0","0","0","1","0","1","0","0","0","0","0","0","0","0","0","-2"
"196121","SUNY Brockport","2020","Not on tenure/no tenure system, lecturers","41","18","23","0","0","0","0","0","0","0","0","0","1","0","1","0","0","0","38","17","21","0","0","0","0","0","0","2","1","1","-2"
"196130","SUNY Buffalo State","2020","Tenured total","229","121","108","1","1","0","28","15","13","12","9","3","11","4","7","0","0","0","172","90","82","0","0","0","0","0","0","5","2","3","-2"
"196130","SUNY Buffalo State","2020","Tenured, professors","89","57","32","0","0","0","10","8","2","5","4","1","5","2","3","0","0","0","66","41","25","0","0","0","0","0","0","3","2","1","-2"
"196130","SUNY Buffalo State","2020","Tenured, associate professors","138","63","75","1","1","0","17","7","10","7","5","2","6","2","4","0","0","0","105","48","57","0","0","0","0","0","0","2","0","2","-2"
"196130","SUNY Buffalo State","2020","Tenured, assistant professors","2","1","1","0","0","0","1","0","1","0","0","0","0","0","0","0","0","0","1","1","0","0","0","0","0","0","0","0","0","0","-2"
"196130","SUNY Buffalo State","2020","On-Tenure track total","70","33","37","1","1","0","9","7","2","5","3","2","6","5","1","0","0","0","38","10","28","3","1","2","0","0","0","8","6","2","-2"
"196130","SUNY Buffalo State","2020","On-tenure track, associate professors","6","4","2","0","0","0","1","1","0","0","0","0","2","2","0","0","0","0","3","1","2","0","0","0","0","0","0","0","0","0","-2"
"196130","SUNY Buffalo State","2020","On-tenure track, assistant professors","64","29","35","1","1","0","8","6","2","5","3","2","4","3","1","0","0","0","35","9","26","3","1","2","0","0","0","8","6","2","-2"
"196130","SUNY Buffalo State","2020","Not on tenure track/No tenure system system total","48","15","33","0","0","0","1","0","1","5","1","4","2","0","2","0","0","0","39","14","25","1","0","1","0","0","0","0","0","0","-2"
"196130","SUNY Buffalo State","2020","Not on tenure/no tenure system, professors","1","1","0","0","0","0","0","0","0","0","0","0","0","0","0","0","0","0","1","1","0","0","0","0","0","0","0","0","0","0","-2"
"196130","SUNY Buffalo State","2020","Not on tenure/no tenure system, instructors","1","0","1","0","0","0","0","0","0","0","0","0","1","0","1","0","0","0","0","0","0","0","0","0","0","0","0","0","0","0","-2"
"196130","SUNY Buffalo State","2020","Not on tenure/no tenure system, lecturers","46","14","32","0","0","0","1","0","1","5","1","4","1","0","1","0","0","0","38","13","25","1","0","1","0","0","0","0","0","0","-2"
"196185","SUNY Oneonta","2020","Tenured total","162","92","70","0","0","0","21","11","10","8","1","7","5","3","2","0","0","0","127","77","50","0","0","0","0","0","0","1","0","1","-2"
"196185","SUNY Oneonta","2020","Tenured, professors","59","36","23","0","0","0","9","6","3","3","0","3","1","1","0","0","0","0","46","29","17","0","0","0","0","0","0","0","0","0","-2"
"196185","SUNY Oneonta","2020","Tenured, associate professors","93","50","43","0","0","0","11","5","6","5","1","4","3","1","2","0","0","0","73","43","30","0","0","0","0","0","0","1","0","1","-2"
"196185","SUNY Oneonta","2020","Tenured, assistant professors","10","6","4","0","0","0","1","0","1","0","0","0","1","1","0","0","0","0","8","5","3","0","0","0","0","0","0","0","0","0","-2"
"196185","SUNY Oneonta","2020","On-Tenure track total","81","35","46","0","0","0","10","4","6","3","3","0","3","1","2","0","0","0","50","17","33","0","0","0","0","0","0","15","10","5","-2"
"196185","SUNY Oneonta","2020","On-tenure track, associate professors","5","2","3","0","0","0","1","0","1","0","0","0","0","0","0","0","0","0","4","2","2","0","0","0","0","0","0","0","0","0","-2"
"196185","SUNY Oneonta","2020","On-tenure track, assistant professors","76","33","43","0","0","0","9","4","5","3","3","0","3","1","2","0","0","0","46","15","31","0","0","0","0","0","0","15","10","5","-2"
"196185","SUNY Oneonta","2020","Not on tenure track/No tenure system system total","43","22","21","0","0","0","0","0","0","1","1","0","2","1","1","0","0","0","39","19","20","0","0","0","0","0","0","1","1","0","-2"
"196185","SUNY Oneonta","2020","Not on tenure/no tenure system, professors","1","1","0","0","0","0","0","0","0","0","0","0","0","0","0","0","0","0","1","1","0","0","0","0","0","0","0","0","0","0","-2"
"196185","SUNY Oneonta","2020","Not on tenure/no tenure system, assistant professors","2","1","1","0","0","0","0","0","0","0","0","0","0","0","0","0","0","0","1","0","1","0","0","0","0","0","0","1","1","0","-2"
"196185","SUNY Oneonta","2020","Not on tenure/no tenure system, lecturers","40","20","20","0","0","0","0","0","0","1","1","0","2","1","1","0","0","0","37","18","19","0","0","0","0","0","0","0","0","0","-2"
"196194","SUNY College at Oswego","2020","Tenured total","177","101","76","0","0","0","20","14","6","9","5","4","7","5","2","0","0","0","139","76","63","1","0","1","0","0","0","1","1","0","-2"
"196194","SUNY College at Oswego","2020","Tenured, professors","80","51","29","0","0","0","12","11","1","3","3","0","3","2","1","0","0","0","62","35","27","0","0","0","0","0","0","0","0","0","-2"
"196194","SUNY College at Oswego","2020","Tenured, associate professors","87","44","43","0","0","0","7","2","5","5","2","3","3","3","0","0","0","0","70","36","34","1","0","1","0","0","0","1","1","0","-2"
"196194","SUNY College at Oswego","2020","Tenured, assistant professors","10","6","4","0","0","0","1","1","0","1","0","1","1","0","1","0","0","0","7","5","2","0","0","0","0","0","0","0","0","0","-2"
"196194","SUNY College at Oswego","2020","On-Tenure track total","109","45","64","0","0","0","9","3","6","2","1","1","5","2","3","0","0","0","73","29","44","2","0","2","0","0","0","18","10","8","-2"
"196194","SUNY College at Oswego","2020","On-tenure track, professors","1","0","1","0","0","0","0","0","0","0","0","0","0","0","0","0","0","0","1","0","1","0","0","0","0","0","0","0","0","0","-2"
"196194","SUNY College at Oswego","2020","On-tenure track, associate professors","15","5","10","0","0","0","1","0","1","0","0","0","1","0","1","0","0","0","11","5","6","0","0","0","0","0","0","2","0","2","-2"
"196194","SUNY College at Oswego","2020","On-tenure track, assistant professors","90","39","51","0","0","0","8","3","5","2","1","1","4","2","2","0","0","0","58","23","35","2","0","2","0","0","0","16","10","6","-2"
"196194","SUNY College at Oswego","2020","On-tenure track, instructors","3","1","2","0","0","0","0","0","0","0","0","0","0","0","0","0","0","0","3","1","2","0","0","0","0","0","0","0","0","0","-2"
"196194","SUNY College at Oswego","2020","Not on tenure track/No tenure system system total","72","43","29","0","0","0","3","2","1","0","0","0","2","1","1","0","0","0","64","37","27","2","2","0","0","0","0","1","1","0","-2"
"196194","SUNY College at Oswego","2020","Not on tenure/no tenure system, assistant professors","55","32","23","0","0","0","3","2","1","0","0","0","2","1","1","0","0","0","47","26","21","2","2","0","0","0","0","1","1","0","-2"
"196194","SUNY College at Oswego","2020","Not on tenure/no tenure system, instructors","10","6","4","0","0","0","0","0","0","0","0","0","0","0","0","0","0","0","10","6","4","0","0","0","0","0","0","0","0","0","-2"
"196194","SUNY College at Oswego","2020","Not on tenure/no tenure system, lecturers","7","5","2","0","0","0","0","0","0","0","0","0","0","0","0","0","0","0","7","5","2","0","0","0","0","0","0","0","0","0","-2"
"196291","SUNY Maritime College","2020","Tenured total","36","25","11","0","0","0","1","1","0","0","0","0","0","0","0","0","0","0","34","23","11","0","0","0","0","0","0","1","1","0","-2"
"196291","SUNY Maritime College","2020","Tenured, professors","20","15","5","0","0","0","0","0","0","0","0","0","0","0","0","0","0","0","19","14","5","0","0","0","0","0","0","1","1","0","-2"
"196291","SUNY Maritime College","2020","Tenured, associate professors","13","7","6","0","0","0","1","1","0","0","0","0","0","0","0","0","0","0","12","6","6","0","0","0","0","0","0","0","0","0","-2"
"196291","SUNY Maritime College","2020","Tenured, assistant professors","3","3","0","0","0","0","0","0","0","0","0","0","0","0","0","0","0","0","3","3","0","0","0","0","0","0","0","0","0","0","-2"
"196291","SUNY Maritime College","2020","On-Tenure track total","16","11","5","0","0","0","3","2","1","0","0","0","0","0","0","0","0","0","13","9","4","0","0","0","0","0","0","0","0","0","-2"
"196291","SUNY Maritime College","2020","On-tenure track, associate professors","3","3","0","0","0","0","0","0","0","0","0","0","0","0","0","0","0","0","3","3","0","0","0","0","0","0","0","0","0","0","-2"
"196291","SUNY Maritime College","2020","On-tenure track, assistant professors","13","8","5","0","0","0","3","2","1","0","0","0","0","0","0","0","0","0","10","6","4","0","0","0","0","0","0","0","0","0","-2"
"196291","SUNY Maritime College","2020","Not on tenure track/No tenure system system total","36","32","4","0","0","0","1","1","0","4","3","1","1","1","0","0","0","0","29","26","3","1","1","0","0","0","0","0","0","0","-2"
"196291","SUNY Maritime College","2020","Not on tenure/no tenure system, associate professors","1","1","0","0","0","0","0","0","0","0","0","0","0","0","0","0","0","0","1","1","0","0","0","0","0","0","0","0","0","0","-2"
"196291","SUNY Maritime College","2020","Not on tenure/no tenure system, instructors","6","5","1","0","0","0","0","0","0","1","1","0","0","0","0","0","0","0","5","4","1","0","0","0","0","0","0","0","0","0","-2"
"196291","SUNY Maritime College","2020","Not on tenure/no tenure system, lecturers","29","26","3","0","0","0","1","1","0","3","2","1","1","1","0","0","0","0","23","21","2","1","1","0","0","0","0","0","0","0","-2"
"197869","Appalachian State University","2020","Tenured total","548","304","244","1","0","1","16","11","5","10","7","3","7","3","4","0","0","0","484","266","218","6","2","4","9","6","3","15","9","6","-2"
"197869","Appalachian State University","2020","Tenured, professors","330","188","142","1","0","1","8","6","2","4","3","1","4","1","3","0","0","0","303","169","134","0","0","0","4","4","0","6","5","1","-2"
"197869","Appalachian State University","2020","Tenured, associate professors","218","116","102","0","0","0","8","5","3","6","4","2","3","2","1","0","0","0","181","97","84","6","2","4","5","2","3","9","4","5","-2"
"197869","Appalachian State University","2020","On-Tenure track total","209","100","109","0","0","0","16","12","4","11","4","7","1","0","1","0","0","0","158","76","82","8","3","5","3","0","3","12","5","7","-2"
"197869","Appalachian State University","2020","On-tenure track, associate professors","8","2","6","0","0","0","0","0","0","0","0","0","0","0","0","0","0","0","8","2","6","0","0","0","0","0","0","0","0","0","-2"
"197869","Appalachian State University","2020","On-tenure track, assistant professors","200","98","102","0","0","0","16","12","4","11","4","7","1","0","1","0","0","0","149","74","75","8","3","5","3","0","3","12","5","7","-2"
"197869","Appalachian State University","2020","On-tenure track, instructors","1","0","1","0","0","0","0","0","0","0","0","0","0","0","0","0","0","0","1","0","1","0","0","0","0","0","0","0","0","0","-2"
"197869","Appalachian State University","2020","Not on tenure track/No tenure system system total","280","114","166","0","0","0","8","2","6","3","1","2","3","0","3","0","0","0","253","104","149","3","0","3","3","1","2","7","6","1","-2"
"197869","Appalachian State University","2020","Not on tenure/no tenure system, professors","1","1","0","0","0","0","0","0","0","0","0","0","0","0","0","0","0","0","1","1","0","0","0","0","0","0","0","0","0","0","-2"
"197869","Appalachian State University","2020","Not on tenure/no tenure system, associate professors","1","1","0","0","0","0","0","0","0","0","0","0","0","0","0","0","0","0","1","1","0","0","0","0","0","0","0","0","0","0","-2"
"197869","Appalachian State University","2020","Not on tenure/no tenure system, assistant professors","25","8","17","0","0","0","0","0","0","0","0","0","0","0","0","0","0","0","22","6","16","0","0","0","1","0","1","2","2","0","-2"
"197869","Appalachian State University","2020","Not on tenure/no tenure system, instructors","12","2","10","0","0","0","0","0","0","0","0","0","0","0","0","0","0","0","11","2","9","0","0","0","0","0","0","1","0","1","-2"
"197869","Appalachian State University","2020","Not on tenure/no tenure system, lecturers","220","89","131","0","0","0","8","2","6","2","0","2","3","0","3","0","0","0","199","83","116","3","0","3","2","1","1","3","3","0","-2"
"197869","Appalachian State University","2020","Not on tenure/no tenure system, no academic rank","21","13","8","0","0","0","0","0","0","1","1","0","0","0","0","0","0","0","19","11","8","0","0","0","0","0","0","1","1","0","-2"
"198419","Duke University","2020","Tenured total","1375","998","377","0","0","0","192","139","53","53","30","23","46","32","14","0","0","0","1080","795","285","4","2","2","0","0","0","0","0","0","-2"
"198419","Duke University","2020","Tenured, professors","1022","778","244","0","0","0","140","106","34","33","21","12","31","22","9","0","0","0","817","628","189","1","1","0","0","0","0","0","0","0","-2"
"198419","Duke University","2020","Tenured, associate professors","353","220","133","0","0","0","52","33","19","20","9","11","15","10","5","0","0","0","263","167","96","3","1","2","0","0","0","0","0","0","-2"
"198419","Duke University","2020","On-Tenure track total","286","165","121","0","0","0","64","44","20","22","9","13","17","10","7","1","0","1","176","98","78","4","3","1","2","1","1","0","0","0","-2"
"198419","Duke University","2020","On-tenure track, associate professors","103","58","45","0","0","0","23","13","10","9","4","5","6","4","2","1","0","1","64","37","27","0","0","0","0","0","0","0","0","0","-2"
"198419","Duke University","2020","On-tenure track, assistant professors","183","107","76","0","0","0","41","31","10","13","5","8","11","6","5","0","0","0","112","61","51","4","3","1","2","1","1","0","0","0","-2"
"198419","Duke University","2020","Not on tenure track/No tenure system system total","2413","1212","1201","2","1","1","404","205","199","126","59","67","94","34","60","2","2","0","1745","895","850","27","10","17","13","6","7","0","0","0","-2"
"198419","Duke University","2020","Not on tenure/no tenure system, professors","362","219","143","0","0","0","51","33","18","12","8","4","9","7","2","0","0","0","290","171","119","0","0","0","0","0","0","0","0","0","-2"
"198419","Duke University","2020","Not on tenure/no tenure system, associate professors","473","251","222","0","0","0","75","42","33","24","10","14","17","8","9","0","0","0","354","189","165","3","2","1","0","0","0","0","0","0","-2"
"198419","Duke University","2020","Not on tenure/no tenure system, assistant professors","1077","527","550","2","1","1","206","100","106","67","31","36","38","14","24","0","0","0","739","375","364","19","3","16","6","3","3","0","0","0","-2"
"198419","Duke University","2020","Not on tenure/no tenure system, instructors","353","160","193","0","0","0","59","26","33","17","6","11","19","3","16","2","2","0","245","116","129","4","4","0","7","3","4","0","0","0","-2"
"198419","Duke University","2020","Not on tenure/no tenure system, lecturers","148","55","93","0","0","0","13","4","9","6","4","2","11","2","9","0","0","0","117","44","73","1","1","0","0","0","0","0","0","0","-2"
"199102","North Carolina A & T State University","2020","Tenured total","243","158","85","1","0","1","55","43","12","110","58","52","5","4","1","0","0","0","64","46","18","1","1","0","2","1","1","5","5","0","-2"
"199102","North Carolina A & T State University","2020","Tenured, professors","104","78","26","1","0","1","28","23","5","40","27","13","3","2","1","0","0","0","29","24","5","1","1","0","2","1","1","0","0","0","-2"
"199102","North Carolina A & T State University","2020","Tenured, associate professors","138","80","58","0","0","0","27","20","7","69","31","38","2","2","0","0","0","0","35","22","13","0","0","0","0","0","0","5","5","0","-2"
"199102","North Carolina A & T State University","2020","Tenured, assistant professors","1","0","1","0","0","0","0","0","0","1","0","1","0","0","0","0","0","0","0","0","0","0","0","0","0","0","0","0","0","0","-2"
"199102","North Carolina A & T State University","2020","On-Tenure track total","154","75","79","0","0","0","27","18","9","57","13","44","1","1","0","0","0","0","26","19","7","0","0","0","33","18","15","10","6","4","-2"
"199102","North Carolina A & T State University","2020","On-tenure track, professors","7","6","1","0","0","0","0","0","0","2","2","0","0","0","0","0","0","0","2","2","0","0","0","0","3","2","1","0","0","0","-2"
"199102","North Carolina A & T State University","2020","On-tenure track, associate professors","34","12","22","0","0","0","6","4","2","15","3","12","0","0","0","0","0","0","2","1","1","0","0","0","10","4","6","1","0","1","-2"
"199102","North Carolina A & T State University","2020","On-tenure track, assistant professors","109","54","55","0","0","0","21","14","7","38","7","31","1","1","0","0","0","0","20","14","6","0","0","0","20","12","8","9","6","3","-2"
"199102","North Carolina A & T State University","2020","On-tenure track, lecturers","4","3","1","0","0","0","0","0","0","2","1","1","0","0","0","0","0","0","2","2","0","0","0","0","0","0","0","0","0","0","-2"
"199102","North Carolina A & T State University","2020","Not on tenure track/No tenure system system total","76","39","37","0","0","0","2","1","1","48","23","25","1","0","1","0","0","0","19","13","6","0","0","0","3","0","3","3","2","1","-2"
"199102","North Carolina A & T State University","2020","Not on tenure/no tenure system, professors","1","1","0","0","0","0","0","0","0","1","1","0","0","0","0","0","0","0","0","0","0","0","0","0","0","0","0","0","0","0","-2"
"199102","North Carolina A & T State University","2020","Not on tenure/no tenure system, assistant professors","10","4","6","0","0","0","0","0","0","6","2","4","0","0","0","0","0","0","3","1","2","0","0","0","0","0","0","1","1","0","-2"
"199102","North Carolina A & T State University","2020","Not on tenure/no tenure system, instructors","5","2","3","0","0","0","0","0","0","2","1","1","0","0","0","0","0","0","2","1","1","0","0","0","1","0","1","0","0","0","-2"
"199102","North Carolina A & T State University","2020","Not on tenure/no tenure system, lecturers","20","11","9","0","0","0","1","1","0","14","6","8","0","0","0","0","0","0","4","3","1","0","0","0","0","0","0","1","1","0","-2"
"199102","North Carolina A & T State University","2020","Not on tenure/no tenure system, no academic rank","40","21","19","0","0","0","1","0","1","25","13","12","1","0","1","0","0","0","10","8","2","0","0","0","2","0","2","1","0","1","-2"
"199111","University of North Carolina at Asheville","2020","Tenured total","122","66","56","0","0","0","8","3","5","4","2","2","4","1","3","1","0","1","102","59","43","1","1","0","0","0","0","2","0","2","-2"
"199111","University of North Carolina at Asheville","2020","Tenured, professors","66","40","26","0","0","0","6","3","3","0","0","0","1","1","0","0","0","0","59","36","23","0","0","0","0","0","0","0","0","0","-2"
"199111","University of North Carolina at Asheville","2020","Tenured, associate professors","56","26","30","0","0","0","2","0","2","4","2","2","3","0","3","1","0","1","43","23","20","1","1","0","0","0","0","2","0","2","-2"
"199111","University of North Carolina at Asheville","2020","On-Tenure track total","41","20","21","0","0","0","1","0","1","2","2","0","4","1","3","0","0","0","24","12","12","0","0","0","4","1","3","6","4","2","-2"
"199111","University of North Carolina at Asheville","2020","On-tenure track, associate professors","1","1","0","0","0","0","0","0","0","0","0","0","0","0","0","0","0","0","1","1","0","0","0","0","0","0","0","0","0","0","-2"
"199111","University of North Carolina at Asheville","2020","On-tenure track, assistant professors","40","19","21","0","0","0","1","0","1","2","2","0","4","1","3","0","0","0","23","11","12","0","0","0","4","1","3","6","4","2","-2"
"199111","University of North Carolina at Asheville","2020","Not on tenure track/No tenure system system total","61","27","34","0","0","0","0","0","0","2","2","0","3","1","2","0","0","0","44","19","25","0","0","0","5","3","2","7","2","5","-2"
"199111","University of North Carolina at Asheville","2020","Not on tenure/no tenure system, professors","2","2","0","0","0","0","0","0","0","0","0","0","0","0","0","0","0","0","2","2","0","0","0","0","0","0","0","0","0","0","-2"
"199111","University of North Carolina at Asheville","2020","Not on tenure/no tenure system, assistant professors","4","2","2","0","0","0","0","0","0","0","0","0","0","0","0","0","0","0","1","1","0","0","0","0","2","1","1","1","0","1","-2"
"199111","University of North Carolina at Asheville","2020","Not on tenure/no tenure system, instructors","1","0","1","0","0","0","0","0","0","0","0","0","0","0","0","0","0","0","1","0","1","0","0","0","0","0","0","0","0","0","-2"
"199111","University of North Carolina at Asheville","2020","Not on tenure/no tenure system, lecturers","54","23","31","0","0","0","0","0","0","2","2","0","3","1","2","0","0","0","40","16","24","0","0","0","3","2","1","6","2","4","-2"
"199120","University of North Carolina at Chapel Hill","2020","Tenured total","1026","634","392","6","4","2","94","65","29","55","22","33","45","27","18","0","0","0","809","506","303","5","2","3","4","2","2","8","6","2","-2"
"199120","University of North Carolina at Chapel Hill","2020","Tenured, professors","650","422","228","3","2","1","53","43","10","21","12","9","20","9","11","0","0","0","545","351","194","2","1","1","1","1","0","5","3","2","-2"
"199120","University of North Carolina at Chapel Hill","2020","Tenured, associate professors","374","212","162","3","2","1","41","22","19","34","10","24","25","18","7","0","0","0","262","155","107","3","1","2","3","1","2","3","3","0","-2"
"199120","University of North Carolina at Chapel Hill","2020","Tenured, assistant professors","2","0","2","0","0","0","0","0","0","0","0","0","0","0","0","0","0","0","2","0","2","0","0","0","0","0","0","0","0","0","-2"
"199120","University of North Carolina at Chapel Hill","2020","On-Tenure track total","260","129","131","1","1","0","23","11","12","25","9","16","26","13","13","1","0","1","118","63","55","8","4","4","21","5","16","37","23","14","-2"
"199120","University of North Carolina at Chapel Hill","2020","On-tenure track, associate professors","17","6","11","0","0","0","2","0","2","1","1","0","3","1","2","0","0","0","10","4","6","0","0","0","0","0","0","1","0","1","-2"
"199120","University of North Carolina at Chapel Hill","2020","On-tenure track, assistant professors","243","123","120","1","1","0","21","11","10","24","8","16","23","12","11","1","0","1","108","59","49","8","4","4","21","5","16","36","23","13","-2"
"199120","University of North Carolina at Chapel Hill","2020","Not on tenure track/No tenure system system total","624","222","402","6","3","3","42","16","26","43","10","33","35","18","17","0","0","0","448","148","300","7","2","5","24","11","13","19","14","5","-2"
"199120","University of North Carolina at Chapel Hill","2020","Not on tenure/no tenure system, professors","83","37","46","0","0","0","7","4","3","2","1","1","4","3","1","0","0","0","64","26","38","2","0","2","2","1","1","2","2","0","-2"
"199120","University of North Carolina at Chapel Hill","2020","Not on tenure/no tenure system, associate professors","121","39","82","2","1","1","4","1","3","8","1","7","4","3","1","0","0","0","97","28","69","0","0","0","2","2","0","4","3","1","-2"
"199120","University of North Carolina at Chapel Hill","2020","Not on tenure/no tenure system, assistant professors","154","40","114","3","1","2","11","3","8","16","1","15","5","1","4","0","0","0","109","29","80","3","1","2","4","2","2","3","2","1","-2"
"199120","University of North Carolina at Chapel Hill","2020","Not on tenure/no tenure system, instructors","47","11","36","0","0","0","2","1","1","2","0","2","1","1","0","0","0","0","35","5","30","0","0","0","6","3","3","1","1","0","-2"
"199120","University of North Carolina at Chapel Hill","2020","Not on tenure/no tenure system, lecturers","214","93","121","1","1","0","18","7","11","14","7","7","21","10","11","0","0","0","140","58","82","2","1","1","10","3","7","8","6","2","-2"
"199120","University of North Carolina at Chapel Hill","2020","Not on tenure/no tenure system, no academic rank","5","2","3","0","0","0","0","0","0","1","0","1","0","0","0","0","0","0","3","2","1","0","0","0","0","0","0","1","0","1","-2"
"199139","University of North Carolina at Charlotte","2020","Tenured total","536","326","210","0","0","0","82","59","23","34","17","17","20","11","9","0","0","0","375","223","152","1","0","1","0","0","0","24","16","8","-2"
"199139","University of North Carolina at Charlotte","2020","Tenured, professors","266","183","83","0","0","0","50","38","12","11","10","1","10","6","4","0","0","0","188","124","64","0","0","0","0","0","0","7","5","2","-2"
"199139","University of North Carolina at Charlotte","2020","Tenured, associate professors","270","143","127","0","0","0","32","21","11","23","7","16","10","5","5","0","0","0","187","99","88","1","0","1","0","0","0","17","11","6","-2"
"199139","University of North Carolina at Charlotte","2020","On-Tenure track total","204","91","113","0","0","0","26","15","11","23","8","15","6","3","3","0","0","0","103","46","57","4","2","2","7","1","6","35","16","19","-2"
"199139","University of North Carolina at Charlotte","2020","On-tenure track, associate professors","1","0","1","0","0","0","0","0","0","0","0","0","0","0","0","0","0","0","1","0","1","0","0","0","0","0","0","0","0","0","-2"
"199139","University of North Carolina at Charlotte","2020","On-tenure track, assistant professors","203","91","112","0","0","0","26","15","11","23","8","15","6","3","3","0","0","0","102","46","56","4","2","2","7","1","6","35","16","19","-2"
"199139","University of North Carolina at Charlotte","2020","Not on tenure track/No tenure system system total","354","133","221","0","0","0","22","9","13","28","7","21","21","6","15","0","0","0","261","103","158","1","0","1","5","1","4","16","7","9","-2"
"199139","University of North Carolina at Charlotte","2020","Not on tenure/no tenure system, professors","33","15","18","0","0","0","1","0","1","2","1","1","1","1","0","0","0","0","27","11","16","0","0","0","0","0","0","2","2","0","-2"
"199139","University of North Carolina at Charlotte","2020","Not on tenure/no tenure system, associate professors","21","8","13","0","0","0","3","1","2","2","0","2","1","0","1","0","0","0","13","6","7","0","0","0","0","0","0","2","1","1","-2"
"199139","University of North Carolina at Charlotte","2020","Not on tenure/no tenure system, assistant professors","58","23","35","0","0","0","4","3","1","10","2","8","4","3","1","0","0","0","33","12","21","1","0","1","2","1","1","4","2","2","-2"
"199139","University of North Carolina at Charlotte","2020","Not on tenure/no tenure system, lecturers","242","87","155","0","0","0","14","5","9","14","4","10","15","2","13","0","0","0","188","74","114","0","0","0","3","0","3","8","2","6","-2"
"199157","North Carolina Central University","2020","Tenured total","168","97","71","0","0","0","21","13","8","92","51","41","1","0","1","0","0","0","44","25","19","1","0","1","2","1","1","7","7","0","-2"
"199157","North Carolina Central University","2020","Tenured, professors","70","44","26","0","0","0","12","7","5","33","19","14","1","0","1","0","0","0","22","16","6","0","0","0","0","0","0","2","2","0","-2"
"199157","North Carolina Central University","2020","Tenured, associate professors","94","52","42","0","0","0","9","6","3","55","31","24","0","0","0","0","0","0","22","9","13","1","0","1","2","1","1","5","5","0","-2"
"199157","North Carolina Central University","2020","Tenured, assistant professors","4","1","3","0","0","0","0","0","0","4","1","3","0","0","0","0","0","0","0","0","0","0","0","0","0","0","0","0","0","0","-2"
"199157","North Carolina Central University","2020","On-Tenure track total","77","32","45","1","1","0","9","4","5","45","14","31","2","2","0","0","0","0","19","11","8","1","0","1","0","0","0","0","0","0","-2"
"199157","North Carolina Central University","2020","On-tenure track, professors","2","1","1","0","0","0","1","1","0","1","0","1","0","0","0","0","0","0","0","0","0","0","0","0","0","0","0","0","0","0","-2"
"199157","North Carolina Central University","2020","On-tenure track, associate professors","10","2","8","0","0","0","1","0","1","5","0","5","0","0","0","0","0","0","4","2","2","0","0","0","0","0","0","0","0","0","-2"
"199157","North Carolina Central University","2020","On-tenure track, assistant professors","65","29","36","1","1","0","7","3","4","39","14","25","2","2","0","0","0","0","15","9","6","1","0","1","0","0","0","0","0","0","-2"
"199157","North Carolina Central University","2020","Not on tenure track/No tenure system system total","122","43","79","0","0","0","8","2","6","70","27","43","0","0","0","0","0","0","25","8","17","1","0","1","15","4","11","3","2","1","-2"
"199157","North Carolina Central University","2020","Not on tenure/no tenure system, professors","7","3","4","0","0","0","0","0","0","3","0","3","0","0","0","0","0","0","1","1","0","0","0","0","3","2","1","0","0","0","-2"
"199157","North Carolina Central University","2020","Not on tenure/no tenure system, associate professors","9","2","7","0","0","0","1","0","1","2","0","2","0","0","0","0","0","0","2","2","0","0","0","0","4","0","4","0","0","0","-2"
"199157","North Carolina Central University","2020","Not on tenure/no tenure system, assistant professors","19","5","14","0","0","0","2","0","2","8","4","4","0","0","0","0","0","0","3","0","3","0","0","0","5","0","5","1","1","0","-2"
"199157","North Carolina Central University","2020","Not on tenure/no tenure system, instructors","17","8","9","0","0","0","2","2","0","12","5","7","0","0","0","0","0","0","2","0","2","0","0","0","0","0","0","1","1","0","-2"
"199157","North Carolina Central University","2020","Not on tenure/no tenure system, lecturers","52","17","35","0","0","0","3","0","3","33","12","21","0","0","0","0","0","0","12","4","8","1","0","1","2","1","1","1","0","1","-2"
"199157","North Carolina Central University","2020","Not on tenure/no tenure system, no academic rank","18","8","10","0","0","0","0","0","0","12","6","6","0","0","0","0","0","0","5","1","4","0","0","0","1","1","0","0","0","0","-2"
"199193","North Carolina State University at Raleigh","2020","Tenured total","1091","774","317","1","1","0","138","108","30","41","24","17","49","27","22","1","1","0","808","585","223","6","5","1","43","20","23","4","3","1","-2"
"199193","North Carolina State University at Raleigh","2020","Tenured, professors","713","540","173","1","1","0","101","84","17","19","10","9","29","15","14","1","1","0","540","413","127","5","4","1","17","12","5","0","0","0","-2"
"199193","North Carolina State University at Raleigh","2020","Tenured, associate professors","378","234","144","0","0","0","37","24","13","22","14","8","20","12","8","0","0","0","268","172","96","1","1","0","26","8","18","4","3","1","-2"
"199193","North Carolina State University at Raleigh","2020","On-Tenure track total","348","194","154","0","0","0","42","30","12","22","7","15","21","12","9","0","0","0","181","96","85","4","1","3","17","8","9","61","40","21","-2"
"199193","North Carolina State University at Raleigh","2020","On-tenure track, associate professors","16","8","8","0","0","0","3","1","2","0","0","0","1","0","1","0","0","0","7","5","2","1","0","1","1","0","1","3","2","1","-2"
"199193","North Carolina State University at Raleigh","2020","On-tenure track, assistant professors","332","186","146","0","0","0","39","29","10","22","7","15","20","12","8","0","0","0","174","91","83","3","1","2","16","8","8","58","38","20","-2"
"199193","North Carolina State University at Raleigh","2020","Not on tenure track/No tenure system system total","393","161","232","0","0","0","26","10","16","24","11","13","20","8","12","0","0","0","297","120","177","2","0","2","16","7","9","8","5","3","-2"
"199193","North Carolina State University at Raleigh","2020","Not on tenure/no tenure system, professors","39","18","21","0","0","0","0","0","0","3","1","2","3","1","2","0","0","0","32","15","17","0","0","0","1","1","0","0","0","0","-2"
"199193","North Carolina State University at Raleigh","2020","Not on tenure/no tenure system, associate professors","73","28","45","0","0","0","7","2","5","2","1","1","4","3","1","0","0","0","58","21","37","0","0","0","2","1","1","0","0","0","-2"
"199193","North Carolina State University at Raleigh","2020","Not on tenure/no tenure system, assistant professors","105","44","61","0","0","0","12","4","8","10","4","6","3","0","3","0","0","0","68","30","38","0","0","0","5","1","4","7","5","2","-2"
"199193","North Carolina State University at Raleigh","2020","Not on tenure/no tenure system, instructors","1","1","0","0","0","0","0","0","0","0","0","0","0","0","0","0","0","0","1","1","0","0","0","0","0","0","0","0","0","0","-2"
"199193","North Carolina State University at Raleigh","2020","Not on tenure/no tenure system, lecturers","175","70","105","0","0","0","7","4","3","9","5","4","10","4","6","0","0","0","138","53","85","2","0","2","8","4","4","1","0","1","-2"
"199847","Wake Forest University","2020","Tenured total","525","335","190","2","2","0","48","35","13","19","13","6","26","14","12","2","2","0","421","264","157","0","0","0","6","4","2","1","1","0","-2"
"199847","Wake Forest University","2020","Tenured, professors","303","198","105","0","0","0","24","18","6","11","7","4","15","9","6","1","1","0","250","161","89","0","0","0","1","1","0","1","1","0","-2"
"199847","Wake Forest University","2020","Tenured, associate professors","191","112","79","2","2","0","23","16","7","7","5","2","11","5","6","1","1","0","143","81","62","0","0","0","4","2","2","0","0","0","-2"
"199847","Wake Forest University","2020","Tenured, instructors","5","3","2","0","0","0","0","0","0","0","0","0","0","0","0","0","0","0","4","2","2","0","0","0","1","1","0","0","0","0","-2"
"199847","Wake Forest University","2020","Tenured, no academic rank","26","22","4","0","0","0","1","1","0","1","1","0","0","0","0","0","0","0","24","20","4","0","0","0","0","0","0","0","0","0","-2"
"199847","Wake Forest University","2020","On-Tenure track total","181","83","98","0","0","0","30","24","6","15","3","12","10","5","5","1","1","0","102","43","59","2","1","1","4","2","2","17","4","13","-2"
"199847","Wake Forest University","2020","On-tenure track, professors","3","2","1","0","0","0","0","0","0","0","0","0","0","0","0","0","0","0","3","2","1","0","0","0","0","0","0","0","0","0","-2"
"199847","Wake Forest University","2020","On-tenure track, associate professors","14","9","5","0","0","0","6","6","0","1","0","1","1","1","0","0","0","0","5","1","4","1","1","0","0","0","0","0","0","0","-2"
"199847","Wake Forest University","2020","On-tenure track, assistant professors","160","72","88","0","0","0","23","18","5","13","3","10","9","4","5","1","1","0","93","40","53","1","0","1","3","2","1","17","4","13","-2"
"199847","Wake Forest University","2020","On-tenure track, instructors","4","0","4","0","0","0","1","0","1","1","0","1","0","0","0","0","0","0","1","0","1","0","0","0","1","0","1","0","0","0","-2"
"199847","Wake Forest University","2020","Not on tenure track/No tenure system system total","1213","699","514","6","3","3","138","84","54","51","21","30","47","22","25","1","0","1","937","553","384","11","4","7","4","3","1","18","9","9","-2"
"199847","Wake Forest University","2020","Not on tenure/no tenure system, professors","175","133","42","1","1","0","16","12","4","2","2","0","6","4","2","0","0","0","150","114","36","0","0","0","0","0","0","0","0","0","-2"
"199847","Wake Forest University","2020","Not on tenure/no tenure system, associate professors","280","167","113","2","1","1","25","17","8","13","4","9","9","6","3","0","0","0","223","136","87","3","1","2","1","1","0","4","1","3","-2"
"199847","Wake Forest University","2020","Not on tenure/no tenure system, assistant professors","583","303","280","2","1","1","82","42","40","25","11","14","26","10","16","1","0","1","435","234","201","6","3","3","1","0","1","5","2","3","-2"
"199847","Wake Forest University","2020","Not on tenure/no tenure system, instructors","94","49","45","0","0","0","6","5","1","8","4","4","3","1","2","0","0","0","65","32","33","2","0","2","2","2","0","8","5","3","-2"
"199847","Wake Forest University","2020","Not on tenure/no tenure system, lecturers","45","23","22","0","0","0","6","5","1","1","0","1","2","1","1","0","0","0","36","17","19","0","0","0","0","0","0","0","0","0","-2"
"199847","Wake Forest University","2020","Not on tenure/no tenure system, no academic rank","36","24","12","1","0","1","3","3","0","2","0","2","1","0","1","0","0","0","28","20","8","0","0","0","0","0","0","1","1","0","-2"
"200280","University of North Dakota","2020","Tenured total","302","206","96","3","2","1","12","9","3","2","2","0","2","1","1","0","0","0","215","146","69","4","1","3","5","4","1","59","41","18","-2"
"200280","University of North Dakota","2020","Tenured, professors","146","99","47","2","2","0","8","7","1","1","1","0","0","0","0","0","0","0","111","73","38","2","1","1","3","2","1","19","13","6","-2"
"200280","University of North Dakota","2020","Tenured, associate professors","143","100","43","1","0","1","4","2","2","1","1","0","1","0","1","0","0","0","98","70","28","2","0","2","2","2","0","34","25","9","-2"
"200280","University of North Dakota","2020","Tenured, assistant professors","13","7","6","0","0","0","0","0","0","0","0","0","1","1","0","0","0","0","6","3","3","0","0","0","0","0","0","6","3","3","-2"
"200280","University of North Dakota","2020","On-Tenure track total","69","43","26","3","0","3","10","8","2","1","1","0","0","0","0","0","0","0","29","17","12","2","1","1","4","2","2","20","14","6","-2"
"200280","University of North Dakota","2020","On-tenure track, associate professors","1","1","0","0","0","0","0","0","0","0","0","0","0","0","0","0","0","0","0","0","0","0","0","0","0","0","0","1","1","0","-2"
"200280","University of North Dakota","2020","On-tenure track, assistant professors","68","42","26","3","0","3","10","8","2","1","1","0","0","0","0","0","0","0","29","17","12","2","1","1","4","2","2","19","13","6","-2"
"200280","University of North Dakota","2020","Not on tenure track/No tenure system system total","261","118","143","4","1","3","7","1","6","6","3","3","1","1","0","0","0","0","209","93","116","4","1","3","3","2","1","27","16","11","-2"
"200280","University of North Dakota","2020","Not on tenure/no tenure system, professors","7","4","3","0","0","0","0","0","0","0","0","0","0","0","0","0","0","0","6","3","3","0","0","0","1","1","0","0","0","0","-2"
"200280","University of North Dakota","2020","Not on tenure/no tenure system, associate professors","38","16","22","0","0","0","1","0","1","0","0","0","0","0","0","0","0","0","34","15","19","1","0","1","0","0","0","2","1","1","-2"
"200280","University of North Dakota","2020","Not on tenure/no tenure system, assistant professors","103","41","62","3","1","2","4","1","3","3","2","1","0","0","0","0","0","0","82","30","52","2","1","1","1","1","0","8","5","3","-2"
"200280","University of North Dakota","2020","Not on tenure/no tenure system, instructors","65","29","36","1","0","1","2","0","2","3","1","2","1","1","0","0","0","0","53","25","28","0","0","0","1","0","1","4","2","2","-2"
"200280","University of North Dakota","2020","Not on tenure/no tenure system, lecturers","35","22","13","0","0","0","0","0","0","0","0","0","0","0","0","0","0","0","30","20","10","1","0","1","0","0","0","4","2","2","-2"
"200280","University of North Dakota","2020","Not on tenure/no tenure system, no academic rank","13","6","7","0","0","0","0","0","0","0","0","0","0","0","0","0","0","0","4","0","4","0","0","0","0","0","0","9","6","3","-2"
"201885","University of Cincinnati-Main Campus","2020","Tenured total","737","476","261","1","1","0","126","85","41","27","13","14","23","11","12","2","0","2","545","356","189","1","1","0","3","1","2","9","8","1","-2"
"201885","University of Cincinnati-Main Campus","2020","Tenured, professors","423","300","123","0","0","0","75","55","20","10","8","2","11","5","6","0","0","0","325","230","95","0","0","0","1","1","0","1","1","0","-2"
"201885","University of Cincinnati-Main Campus","2020","Tenured, associate professors","311","175","136","1","1","0","51","30","21","17","5","12","12","6","6","2","0","2","217","125","92","1","1","0","2","0","2","8","7","1","-2"
"201885","University of Cincinnati-Main Campus","2020","Tenured, assistant professors","3","1","2","0","0","0","0","0","0","0","0","0","0","0","0","0","0","0","3","1","2","0","0","0","0","0","0","0","0","0","-2"
"201885","University of Cincinnati-Main Campus","2020","On-Tenure track total","214","120","94","0","0","0","28","18","10","17","8","9","9","5","4","0","0","0","121","61","60","3","1","2","0","0","0","36","27","9","-2"
"201885","University of Cincinnati-Main Campus","2020","On-tenure track, professors","3","2","1","0","0","0","0","0","0","0","0","0","0","0","0","0","0","0","3","2","1","0","0","0","0","0","0","0","0","0","-2"
"201885","University of Cincinnati-Main Campus","2020","On-tenure track, associate professors","14","7","7","0","0","0","0","0","0","2","1","1","0","0","0","0","0","0","9","3","6","0","0","0","0","0","0","3","3","0","-2"
"201885","University of Cincinnati-Main Campus","2020","On-tenure track, assistant professors","197","111","86","0","0","0","28","18","10","15","7","8","9","5","4","0","0","0","109","56","53","3","1","2","0","0","0","33","24","9","-2"
"201885","University of Cincinnati-Main Campus","2020","Not on tenure track/No tenure system system total","1274","647","627","1","1","0","155","87","68","56","27","29","42","21","21","0","0","0","931","459","472","13","6","7","17","13","4","59","33","26","-2"
"201885","University of Cincinnati-Main Campus","2020","Not on tenure/no tenure system, professors","157","93","64","0","0","0","20","14","6","5","3","2","4","2","2","0","0","0","124","71","53","0","0","0","0","0","0","4","3","1","-2"
"201885","University of Cincinnati-Main Campus","2020","Not on tenure/no tenure system, associate professors","341","190","151","1","1","0","33","18","15","16","10","6","7","2","5","0","0","0","270","152","118","1","1","0","3","1","2","10","5","5","-2"
"201885","University of Cincinnati-Main Campus","2020","Not on tenure/no tenure system, assistant professors","623","294","329","0","0","0","90","47","43","32","14","18","25","14","11","0","0","0","416","185","231","10","4","6","14","12","2","36","18","18","-2"
"201885","University of Cincinnati-Main Campus","2020","Not on tenure/no tenure system, instructors","149","66","83","0","0","0","11","7","4","3","0","3","6","3","3","0","0","0","118","48","70","2","1","1","0","0","0","9","7","2","-2"
"201885","University of Cincinnati-Main Campus","2020","Not on tenure/no tenure system, no academic rank","4","4","0","0","0","0","1","1","0","0","0","0","0","0","0","0","0","0","3","3","0","0","0","0","0","0","0","0","0","0","-2"
"204796","Ohio State University-Main Campus","2020","Tenured total","1832","1186","646","2","1","1","273","195","78","66","40","26","65","40","25","1","1","0","1275","812","463","18","13","5","72","49","23","60","35","25","-2"
"204796","Ohio State University-Main Campus","2020","Tenured, professors","1059","756","303","1","0","1","159","127","32","27","16","11","36","26","10","0","0","0","749","525","224","11","8","3","39","28","11","37","26","11","-2"
"204796","Ohio State University-Main Campus","2020","Tenured, associate professors","758","424","334","1","1","0","114","68","46","37","24","13","29","14","15","1","1","0","513","281","232","7","5","2","33","21","12","23","9","14","-2"
"204796","Ohio State University-Main Campus","2020","Tenured, assistant professors","14","6","8","0","0","0","0","0","0","2","0","2","0","0","0","0","0","0","12","6","6","0","0","0","0","0","0","0","0","0","-2"
"204796","Ohio State University-Main Campus","2020","Tenured, instructors","1","0","1","0","0","0","0","0","0","0","0","0","0","0","0","0","0","0","1","0","1","0","0","0","0","0","0","0","0","0","-2"
"204796","Ohio State University-Main Campus","2020","On-Tenure track total","621","330","291","1","0","1","101","70","31","35","20","15","36","18","18","0","0","0","322","156","166","9","4","5","44","17","27","73","45","28","-2"
"204796","Ohio State University-Main Campus","2020","On-tenure track, professors","4","3","1","0","0","0","1","1","0","0","0","0","0","0","0","0","0","0","2","1","1","0","0","0","0","0","0","1","1","0","-2"
"204796","Ohio State University-Main Campus","2020","On-tenure track, associate professors","30","25","5","0","0","0","11","9","2","2","2","0","0","0","0","0","0","0","13","12","1","0","0","0","2","0","2","2","2","0","-2"
"204796","Ohio State University-Main Campus","2020","On-tenure track, assistant professors","580","301","279","1","0","1","89","60","29","33","18","15","36","18","18","0","0","0","304","143","161","9","4","5","42","17","25","66","41","25","-2"
"204796","Ohio State University-Main Campus","2020","On-tenure track, instructors","7","1","6","0","0","0","0","0","0","0","0","0","0","0","0","0","0","0","3","0","3","0","0","0","0","0","0","4","1","3","-2"
"204796","Ohio State University-Main Campus","2020","Not on tenure track/No tenure system system total","1970","954","1016","1","0","1","321","146","175","80","28","52","71","40","31","3","2","1","1287","623","664","11","2","9","115","60","55","81","53","28","-2"
"204796","Ohio State University-Main Campus","2020","Not on tenure/no tenure system, professors","248","152","96","0","0","0","30","14","16","9","3","6","8","6","2","1","1","0","181","110","71","0","0","0","12","11","1","7","7","0","-2"
"204796","Ohio State University-Main Campus","2020","Not on tenure/no tenure system, associate professors","438","234","204","1","0","1","70","41","29","14","7","7","22","13","9","1","0","1","293","150","143","3","1","2","20","15","5","14","7","7","-2"
"204796","Ohio State University-Main Campus","2020","Not on tenure/no tenure system, assistant professors","1283","567","716","0","0","0","221","91","130","57","18","39","41","21","20","1","1","0","812","362","450","8","1","7","83","34","49","60","39","21","-2"
"204796","Ohio State University-Main Campus","2020","Not on tenure/no tenure system, instructors","1","1","0","0","0","0","0","0","0","0","0","0","0","0","0","0","0","0","1","1","0","0","0","0","0","0","0","0","0","0","-2"
"204857","Ohio University-Main Campus","2020","Tenured total","533","353","180","1","0","1","64","45","19","27","18","9","28","18","10","0","0","0","390","257","133","3","1","2","17","12","5","3","2","1","-2"
"204857","Ohio University-Main Campus","2020","Tenured, professors","265","181","84","0","0","0","29","24","5","11","8","3","14","9","5","0","0","0","203","135","68","2","1","1","6","4","2","0","0","0","-2"
"204857","Ohio University-Main Campus","2020","Tenured, associate professors","266","170","96","1","0","1","35","21","14","16","10","6","14","9","5","0","0","0","185","120","65","1","0","1","11","8","3","3","2","1","-2"
"204857","Ohio University-Main Campus","2020","Tenured, assistant professors","2","2","0","0","0","0","0","0","0","0","0","0","0","0","0","0","0","0","2","2","0","0","0","0","0","0","0","0","0","0","-2"
"204857","Ohio University-Main Campus","2020","On-Tenure track total","153","87","66","0","0","0","9","6","3","7","2","5","4","3","1","0","0","0","84","45","39","3","2","1","25","16","9","21","13","8","-2"
"204857","Ohio University-Main Campus","2020","On-tenure track, associate professors","9","7","2","0","0","0","2","1","1","1","0","1","0","0","0","0","0","0","3","3","0","0","0","0","2","2","0","1","1","0","-2"
"204857","Ohio University-Main Campus","2020","On-tenure track, assistant professors","144","80","64","0","0","0","7","5","2","6","2","4","4","3","1","0","0","0","81","42","39","3","2","1","23","14","9","20","12","8","-2"
"204857","Ohio University-Main Campus","2020","Not on tenure track/No tenure system system total","321","129","192","0","0","0","15","7","8","8","4","4","10","4","6","0","0","0","237","89","148","3","3","0","39","16","23","9","6","3","-2"
"204857","Ohio University-Main Campus","2020","Not on tenure/no tenure system, lecturers","289","122","167","0","0","0","14","7","7","6","3","3","10","4","6","0","0","0","209","84","125","3","3","0","39","16","23","8","5","3","-2"
"204857","Ohio University-Main Campus","2020","Not on tenure/no tenure system, no academic rank","32","7","25","0","0","0","1","0","1","2","1","1","0","0","0","0","0","0","28","5","23","0","0","0","0","0","0","1","1","0","-2"
"207500","University of Oklahoma-Norman Campus","2020","Tenured total","731","496","235","13","8","5","86","59","27","18","9","9","20","13","7","0","0","0","525","357","168","7","5","2","26","18","8","36","27","9","-2"
"207500","University of Oklahoma-Norman Campus","2020","Tenured, professors","396","287","109","6","4","2","52","40","12","7","3","4","10","7","3","0","0","0","288","208","80","3","2","1","11","8","3","19","15","4","-2"
"207500","University of Oklahoma-Norman Campus","2020","Tenured, associate professors","335","209","126","7","4","3","34","19","15","11","6","5","10","6","4","0","0","0","237","149","88","4","3","1","15","10","5","17","12","5","-2"
"207500","University of Oklahoma-Norman Campus","2020","On-Tenure track total","218","113","105","6","3","3","26","13","13","7","1","6","7","6","1","0","0","0","103","50","53","7","2","5","17","6","11","45","32","13","-2"
"207500","University of Oklahoma-Norman Campus","2020","On-tenure track, associate professors","10","5","5","0","0","0","5","3","2","2","0","2","0","0","0","0","0","0","2","1","1","0","0","0","0","0","0","1","1","0","-2"
"207500","University of Oklahoma-Norman Campus","2020","On-tenure track, assistant professors","208","108","100","6","3","3","21","10","11","5","1","4","7","6","1","0","0","0","101","49","52","7","2","5","17","6","11","44","31","13","-2"
"207500","University of Oklahoma-Norman Campus","2020","Not on tenure track/No tenure system system total","353","172","181","13","6","7","11","4","7","8","5","3","14","3","11","1","0","1","260","126","134","6","4","2","10","6","4","30","18","12","-2"
"207500","University of Oklahoma-Norman Campus","2020","Not on tenure/no tenure system, professors","12","7","5","0","0","0","0","0","0","0","0","0","0","0","0","0","0","0","11","7","4","0","0","0","0","0","0","1","0","1","-2"
"207500","University of Oklahoma-Norman Campus","2020","Not on tenure/no tenure system, associate professors","23","14","9","0","0","0","1","1","0","1","0","1","0","0","0","1","0","1","20","13","7","0","0","0","0","0","0","0","0","0","-2"
"207500","University of Oklahoma-Norman Campus","2020","Not on tenure/no tenure system, assistant professors","61","33","28","3","2","1","2","1","1","2","2","0","1","0","1","0","0","0","46","24","22","1","0","1","3","2","1","3","2","1","-2"
"207500","University of Oklahoma-Norman Campus","2020","Not on tenure/no tenure system, instructors","139","51","88","8","3","5","6","1","5","5","3","2","10","2","8","0","0","0","94","34","60","3","2","1","3","1","2","10","5","5","-2"
"207500","University of Oklahoma-Norman Campus","2020","Not on tenure/no tenure system, lecturers","118","67","51","2","1","1","2","1","1","0","0","0","3","1","2","0","0","0","89","48","41","2","2","0","4","3","1","16","11","5","-2"
"207971","University of Tulsa","2020","Tenured total","165","131","34","5","3","2","19","17","2","2","2","0","3","3","0","0","0","0","127","99","28","0","0","0","0","0","0","9","7","2","-2"
"207971","University of Tulsa","2020","Tenured, professors","91","77","14","2","2","0","12","12","0","1","1","0","1","1","0","0","0","0","74","60","14","0","0","0","0","0","0","1","1","0","-2"
"207971","University of Tulsa","2020","Tenured, associate professors","74","54","20","3","1","2","7","5","2","1","1","0","2","2","0","0","0","0","53","39","14","0","0","0","0","0","0","8","6","2","-2"
"207971","University of Tulsa","2020","On-Tenure track total","51","25","26","0","0","0","7","2","5","2","0","2","0","0","0","0","0","0","36","20","16","2","1","1","0","0","0","4","2","2","-2"
"207971","University of Tulsa","2020","On-tenure track, associate professors","3","3","0","0","0","0","0","0","0","0","0","0","0","0","0","0","0","0","3","3","0","0","0","0","0","0","0","0","0","0","-2"
"207971","University of Tulsa","2020","On-tenure track, assistant professors","48","22","26","0","0","0","7","2","5","2","0","2","0","0","0","0","0","0","33","17","16","2","1","1","0","0","0","4","2","2","-2"
"207971","University of Tulsa","2020","Not on tenure track/No tenure system system total","93","34","59","8","2","6","3","1","2","2","0","2","6","1","5","1","0","1","70","29","41","3","1","2","0","0","0","0","0","0","-2"
"207971","University of Tulsa","2020","Not on tenure/no tenure system, professors","8","3","5","0","0","0","0","0","0","0","0","0","1","0","1","1","0","1","6","3","3","0","0","0","0","0","0","0","0","0","-2"
"207971","University of Tulsa","2020","Not on tenure/no tenure system, associate professors","17","7","10","2","0","2","0","0","0","0","0","0","0","0","0","0","0","0","15","7","8","0","0","0","0","0","0","0","0","0","-2"
"207971","University of Tulsa","2020","Not on tenure/no tenure system, assistant professors","51","18","33","4","2","2","3","1","2","2","0","2","1","0","1","0","0","0","41","15","26","0","0","0","0","0","0","0","0","0","-2"
"207971","University of Tulsa","2020","Not on tenure/no tenure system, instructors","17","6","11","2","0","2","0","0","0","0","0","0","4","1","3","0","0","0","8","4","4","3","1","2","0","0","0","0","0","0","-2"
"209542","Oregon State University","2020","Tenured total","634","433","201","2","2","0","94","67","27","6","4","2","40","28","12","1","1","0","441","295","146","7","5","2","36","24","12","7","7","0","209542"
"209542","Oregon State University","2020","Tenured, professors","342","254","88","0","0","0","45","36","9","3","2","1","20","15","5","1","1","0","258","189","69","1","1","0","14","10","4","0","0","0","209542"
"209542","Oregon State University","2020","Tenured, associate professors","289","177","112","2","2","0","49","31","18","3","2","1","19","13","6","0","0","0","181","104","77","6","4","2","22","14","8","7","7","0","209542"
"209542","Oregon State University","2020","Tenured, assistant professors","1","1","0","0","0","0","0","0","0","0","0","0","0","0","0","0","0","0","1","1","0","0","0","0","0","0","0","0","0","0","209542"
"209542","Oregon State University","2020","Tenured, instructors","2","1","1","0","0","0","0","0","0","0","0","0","1","0","1","0","0","0","1","1","0","0","0","0","0","0","0","0","0","0","209542"
"209542","Oregon State University","2020","On-Tenure track total","218","115","103","0","0","0","17","10","7","2","1","1","7","4","3","0","0","0","115","51","64","7","5","2","29","17","12","41","27","14","209542"
"209542","Oregon State University","2020","On-tenure track, associate professors","18","5","13","0","0","0","1","0","1","0","0","0","1","1","0","0","0","0","13","2","11","0","0","0","0","0","0","3","2","1","209542"
"209542","Oregon State University","2020","On-tenure track, assistant professors","200","110","90","0","0","0","16","10","6","2","1","1","6","3","3","0","0","0","102","49","53","7","5","2","29","17","12","38","25","13","209542"
"209542","Oregon State University","2020","Not on tenure track/No tenure system system total","499","235","264","2","2","0","18","7","11","8","5","3","25","13","12","2","1","1","389","180","209","16","4","12","22","11","11","17","12","5","209542"
"209542","Oregon State University","2020","Not on tenure/no tenure system, professors","2","1","1","0","0","0","0","0","0","0","0","0","0","0","0","0","0","0","1","1","0","1","0","1","0","0","0","0","0","0","209542"
"209542","Oregon State University","2020","Not on tenure/no tenure system, associate professors","21","8","13","0","0","0","1","0","1","0","0","0","2","2","0","0","0","0","18","6","12","0","0","0","0","0","0","0","0","0","209542"
"209542","Oregon State University","2020","Not on tenure/no tenure system, assistant professors","42","14","28","0","0","0","3","1","2","3","2","1","2","1","1","0","0","0","27","6","21","1","0","1","4","2","2","2","2","0","209542"
"209542","Oregon State University","2020","Not on tenure/no tenure system, instructors","434","212","222","2","2","0","14","6","8","5","3","2","21","10","11","2","1","1","343","167","176","14","4","10","18","9","9","15","10","5","209542"
"211361","California University of Pennsylvania","2020","Tenured total","171","83","88","0","0","0","8","4","4","14","5","9","3","3","0","0","0","0","145","71","74","1","0","1","0","0","0","0","0","0","-2"
"211361","California University of Pennsylvania","2020","Tenured, professors","82","40","42","0","0","0","3","2","1","4","1","3","0","0","0","0","0","0","74","37","37","1","0","1","0","0","0","0","0","0","-2"
"211361","California University of Pennsylvania","2020","Tenured, associate professors","64","33","31","0","0","0","5","2","3","7","3","4","1","1","0","0","0","0","51","27","24","0","0","0","0","0","0","0","0","0","-2"
"211361","California University of Pennsylvania","2020","Tenured, assistant professors","24","10","14","0","0","0","0","0","0","3","1","2","2","2","0","0","0","0","19","7","12","0","0","0","0","0","0","0","0","0","-2"
"211361","California University of Pennsylvania","2020","Tenured, instructors","1","0","1","0","0","0","0","0","0","0","0","0","0","0","0","0","0","0","1","0","1","0","0","0","0","0","0","0","0","0","-2"
"211361","California University of Pennsylvania","2020","On-Tenure track total","50","24","26","0","0","0","3","0","3","6","3","3","1","0","1","0","0","0","37","18","19","0","0","0","0","0","0","3","3","0","-2"
"211361","California University of Pennsylvania","2020","On-tenure track, associate professors","9","5","4","0","0","0","0","0","0","0","0","0","0","0","0","0","0","0","8","4","4","0","0","0","0","0","0","1","1","0","-2"
"211361","California University of Pennsylvania","2020","On-tenure track, assistant professors","40","19","21","0","0","0","3","0","3","6","3","3","1","0","1","0","0","0","28","14","14","0","0","0","0","0","0","2","2","0","-2"
"211361","California University of Pennsylvania","2020","On-tenure track, instructors","1","0","1","0","0","0","0","0","0","0","0","0","0","0","0","0","0","0","1","0","1","0","0","0","0","0","0","0","0","0","-2"
"211361","California University of Pennsylvania","2020","Not on tenure track/No tenure system system total","26","14","12","1","0","1","1","1","0","2","1","1","0","0","0","0","0","0","21","11","10","1","1","0","0","0","0","0","0","0","-2"
"211361","California University of Pennsylvania","2020","Not on tenure/no tenure system, associate professors","1","1","0","0","0","0","0","0","0","0","0","0","0","0","0","0","0","0","1","1","0","0","0","0","0","0","0","0","0","0","-2"
"211361","California University of Pennsylvania","2020","Not on tenure/no tenure system, assistant professors","7","3","4","1","0","1","1","1","0","2","1","1","0","0","0","0","0","0","2","0","2","1","1","0","0","0","0","0","0","0","-2"
"211361","California University of Pennsylvania","2020","Not on tenure/no tenure system, instructors","18","10","8","0","0","0","0","0","0","0","0","0","0","0","0","0","0","0","18","10","8","0","0","0","0","0","0","0","0","0","-2"
"212054","Drexel University","2020","Tenured total","496","306","190","1","1","0","91","61","30","19","11","8","14","8","6","0","0","0","328","203","125","5","2","3","17","10","7","21","10","11","-2"
"212054","Drexel University","2020","Tenured, professors","271","198","73","0","0","0","48","42","6","10","6","4","6","3","3","0","0","0","191","137","54","2","1","1","9","7","2","5","2","3","-2"
"212054","Drexel University","2020","Tenured, associate professors","222","105","117","1","1","0","42","18","24","9","5","4","8","5","3","0","0","0","135","64","71","3","1","2","8","3","5","16","8","8","-2"
"212054","Drexel University","2020","Tenured, assistant professors","3","3","0","0","0","0","1","1","0","0","0","0","0","0","0","0","0","0","2","2","0","0","0","0","0","0","0","0","0","0","-2"
"212054","Drexel University","2020","On-Tenure track total","135","82","53","0","0","0","13","8","5","7","3","4","6","4","2","0","0","0","81","47","34","5","2","3","5","2","3","18","16","2","-2"
"212054","Drexel University","2020","On-tenure track, professors","9","7","2","0","0","0","0","0","0","0","0","0","1","1","0","0","0","0","8","6","2","0","0","0","0","0","0","0","0","0","-2"
"212054","Drexel University","2020","On-tenure track, associate professors","14","11","3","0","0","0","2","2","0","0","0","0","0","0","0","0","0","0","12","9","3","0","0","0","0","0","0","0","0","0","-2"
"212054","Drexel University","2020","On-tenure track, assistant professors","112","64","48","0","0","0","11","6","5","7","3","4","5","3","2","0","0","0","61","32","29","5","2","3","5","2","3","18","16","2","-2"
"212054","Drexel University","2020","Not on tenure track/No tenure system system total","593","246","347","1","0","1","36","12","24","24","8","16","14","8","6","0","0","0","461","185","276","5","3","2","15","10","5","37","20","17","-2"
"212054","Drexel University","2020","Not on tenure/no tenure system, instructors","593","246","347","1","0","1","36","12","24","24","8","16","14","8","6","0","0","0","461","185","276","5","3","2","15","10","5","37","20","17","-2"
"213598","Lincoln University","2020","Tenured total","48","33","15","5","5","0","1","1","0","21","15","6","0","0","0","0","0","0","15","8","7","2","0","2","0","0","0","4","4","0","-2"
"213598","Lincoln University","2020","Tenured, professors","25","19","6","0","0","0","1","1","0","14","12","2","0","0","0","0","0","0","7","3","4","0","0","0","0","0","0","3","3","0","-2"
"213598","Lincoln University","2020","Tenured, associate professors","20","12","8","5","5","0","0","0","0","6","3","3","0","0","0","0","0","0","6","3","3","2","0","2","0","0","0","1","1","0","-2"
"213598","Lincoln University","2020","Tenured, assistant professors","3","2","1","0","0","0","0","0","0","1","0","1","0","0","0","0","0","0","2","2","0","0","0","0","0","0","0","0","0","0","-2"
"213598","Lincoln University","2020","On-Tenure track total","40","20","20","0","0","0","1","1","0","22","9","13","0","0","0","0","0","0","7","3","4","1","1","0","5","3","2","4","3","1","-2"
"213598","Lincoln University","2020","On-tenure track, professors","1","1","0","0","0","0","0","0","0","1","1","0","0","0","0","0","0","0","0","0","0","0","0","0","0","0","0","0","0","0","-2"
"213598","Lincoln University","2020","On-tenure track, associate professors","2","1","1","0","0","0","0","0","0","1","0","1","0","0","0","0","0","0","1","1","0","0","0","0","0","0","0","0","0","0","-2"
"213598","Lincoln University","2020","On-tenure track, assistant professors","35","16","19","0","0","0","1","1","0","19","7","12","0","0","0","0","0","0","6","2","4","0","0","0","5","3","2","4","3","1","-2"
"213598","Lincoln University","2020","On-tenure track, instructors","2","2","0","0","0","0","0","0","0","1","1","0","0","0","0","0","0","0","0","0","0","1","1","0","0","0","0","0","0","0","-2"
"213598","Lincoln University","2020","Not on tenure track/No tenure system system total","15","4","11","0","0","0","0","0","0","10","1","9","0","0","0","0","0","0","2","1","1","2","1","1","1","1","0","0","0","0","-2"
"213598","Lincoln University","2020","Not on tenure/no tenure system, assistant professors","5","1","4","0","0","0","0","0","0","4","0","4","0","0","0","0","0","0","1","1","0","0","0","0","0","0","0","0","0","0","-2"
"213598","Lincoln University","2020","Not on tenure/no tenure system, lecturers","10","3","7","0","0","0","0","0","0","6","1","5","0","0","0","0","0","0","1","0","1","2","1","1","1","1","0","0","0","0","-2"
"214041","Millersville University of Pennsylvania","2020","Tenured total","213","112","101","1","1","0","19","10","9","11","7","4","11","4","7","0","0","0","168","88","80","1","1","0","1","1","0","1","0","1","-2"
"214041","Millersville University of Pennsylvania","2020","Tenured, professors","82","48","34","0","0","0","10","8","2","4","3","1","3","0","3","0","0","0","65","37","28","0","0","0","0","0","0","0","0","0","-2"
"214041","Millersville University of Pennsylvania","2020","Tenured, associate professors","107","54","53","0","0","0","8","2","6","6","3","3","6","3","3","0","0","0","85","45","40","1","1","0","0","0","0","1","0","1","-2"
"214041","Millersville University of Pennsylvania","2020","Tenured, assistant professors","24","10","14","1","1","0","1","0","1","1","1","0","2","1","1","0","0","0","18","6","12","0","0","0","1","1","0","0","0","0","-2"
"214041","Millersville University of Pennsylvania","2020","On-Tenure track total","61","31","30","0","0","0","2","2","0","1","0","1","6","1","5","0","0","0","46","23","23","1","1","0","2","1","1","3","3","0","-2"
"214041","Millersville University of Pennsylvania","2020","On-tenure track, associate professors","1","0","1","0","0","0","0","0","0","0","0","0","0","0","0","0","0","0","1","0","1","0","0","0","0","0","0","0","0","0","-2"
"214041","Millersville University of Pennsylvania","2020","On-tenure track, assistant professors","58","31","27","0","0","0","2","2","0","1","0","1","6","1","5","0","0","0","43","23","20","1","1","0","2","1","1","3","3","0","-2"
"214041","Millersville University of Pennsylvania","2020","On-tenure track, instructors","2","0","2","0","0","0","0","0","0","0","0","0","0","0","0","0","0","0","2","0","2","0","0","0","0","0","0","0","0","0","-2"
"214041","Millersville University of Pennsylvania","2020","Not on tenure track/No tenure system system total","3","3","0","0","0","0","0","0","0","0","0","0","1","1","0","0","0","0","2","2","0","0","0","0","0","0","0","0","0","0","-2"
"214041","Millersville University of Pennsylvania","2020","Not on tenure/no tenure system, assistant professors","1","1","0","0","0","0","0","0","0","0","0","0","1","1","0","0","0","0","0","0","0","0","0","0","0","0","0","0","0","0","-2"
"214041","Millersville University of Pennsylvania","2020","Not on tenure/no tenure system, instructors","2","2","0","0","0","0","0","0","0","0","0","0","0","0","0","0","0","0","2","2","0","0","0","0","0","0","0","0","0","0","-2"
"217156","Brown University","2020","Tenured total","555","388","167","0","0","0","64","41","23","28","17","11","21","14","7","0","0","0","418","296","122","6","4","2","3","2","1","15","14","1","-2"
"217156","Brown University","2020","Tenured, professors","404","300","104","0","0","0","42","33","9","16","12","4","14","10","4","0","0","0","317","233","84","4","2","2","1","1","0","10","9","1","-2"
"217156","Brown University","2020","Tenured, associate professors","151","88","63","0","0","0","22","8","14","12","5","7","7","4","3","0","0","0","101","63","38","2","2","0","2","1","1","5","5","0","-2"
"217156","Brown University","2020","On-Tenure track total","141","86","55","1","0","1","17","10","7","11","7","4","13","6","7","0","0","0","66","42","24","6","3","3","3","2","1","24","16","8","-2"
"217156","Brown University","2020","On-tenure track, associate professors","4","2","2","0","0","0","0","0","0","1","0","1","0","0","0","0","0","0","2","1","1","0","0","0","0","0","0","1","1","0","-2"
"217156","Brown University","2020","On-tenure track, assistant professors","136","83","53","1","0","1","17","10","7","10","7","3","13","6","7","0","0","0","64","41","23","6","3","3","3","2","1","22","14","8","-2"
"217156","Brown University","2020","On-tenure track, instructors","1","1","0","0","0","0","0","0","0","0","0","0","0","0","0","0","0","0","0","0","0","0","0","0","0","0","0","1","1","0","-2"
"217156","Brown University","2020","Not on tenure track/No tenure system system total","185","78","107","0","0","0","18","5","13","9","3","6","10","5","5","0","0","0","111","46","65","4","1","3","12","6","6","21","12","9","-2"
"217156","Brown University","2020","Not on tenure/no tenure system, professors","8","5","3","0","0","0","0","0","0","0","0","0","0","0","0","0","0","0","8","5","3","0","0","0","0","0","0","0","0","0","-2"
"217156","Brown University","2020","Not on tenure/no tenure system, associate professors","8","2","6","0","0","0","0","0","0","0","0","0","0","0","0","0","0","0","6","2","4","1","0","1","1","0","1","0","0","0","-2"
"217156","Brown University","2020","Not on tenure/no tenure system, assistant professors","9","1","8","0","0","0","2","0","2","0","0","0","0","0","0","0","0","0","4","0","4","1","1","0","2","0","2","0","0","0","-2"
"217156","Brown University","2020","Not on tenure/no tenure system, lecturers","79","31","48","0","0","0","9","4","5","3","1","2","5","2","3","0","0","0","54","20","34","1","0","1","2","2","0","5","2","3","-2"
"217156","Brown University","2020","Not on tenure/no tenure system, no academic rank","81","39","42","0","0","0","7","1","6","6","2","4","5","3","2","0","0","0","39","19","20","1","0","1","7","4","3","16","10","6","-2"
"217484","University of Rhode Island","2020","Tenured total","391","226","165","2","1","1","50","35","15","10","4","6","12","6","6","0","0","0","315","179","136","0","0","0","0","0","0","2","1","1","-2"
"217484","University of Rhode Island","2020","Tenured, professors","255","155","100","1","1","0","34","25","9","4","3","1","7","4","3","0","0","0","209","122","87","0","0","0","0","0","0","0","0","0","-2"
"217484","University of Rhode Island","2020","Tenured, associate professors","136","71","65","1","0","1","16","10","6","6","1","5","5","2","3","0","0","0","106","57","49","0","0","0","0","0","0","2","1","1","-2"
"217484","University of Rhode Island","2020","On-Tenure track total","171","82","89","1","0","1","29","13","16","9","7","2","5","2","3","0","0","0","98","41","57","1","0","1","0","0","0","28","19","9","-2"
"217484","University of Rhode Island","2020","On-tenure track, associate professors","6","3","3","0","0","0","1","0","1","1","1","0","0","0","0","0","0","0","3","1","2","0","0","0","0","0","0","1","1","0","-2"
"217484","University of Rhode Island","2020","On-tenure track, assistant professors","165","79","86","1","0","1","28","13","15","8","6","2","5","2","3","0","0","0","95","40","55","1","0","1","0","0","0","27","18","9","-2"
"217484","University of Rhode Island","2020","Not on tenure track/No tenure system system total","210","72","138","0","0","0","9","1","8","5","4","1","8","3","5","0","0","0","175","61","114","0","0","0","0","0","0","13","3","10","-2"
"217484","University of Rhode Island","2020","Not on tenure/no tenure system, professors","12","3","9","0","0","0","0","0","0","0","0","0","0","0","0","0","0","0","12","3","9","0","0","0","0","0","0","0","0","0","-2"
"217484","University of Rhode Island","2020","Not on tenure/no tenure system, associate professors","16","4","12","0","0","0","0","0","0","0","0","0","1","0","1","0","0","0","15","4","11","0","0","0","0","0","0","0","0","0","-2"
"217484","University of Rhode Island","2020","Not on tenure/no tenure system, assistant professors","23","5","18","0","0","0","0","0","0","2","2","0","0","0","0","0","0","0","21","3","18","0","0","0","0","0","0","0","0","0","-2"
"217484","University of Rhode Island","2020","Not on tenure/no tenure system, lecturers","159","60","99","0","0","0","9","1","8","3","2","1","7","3","4","0","0","0","127","51","76","0","0","0","0","0","0","13","3","10","-2"
"217819","College of Charleston","2020","Tenured total","330","195","135","0","0","0","15","12","3","14","7","7","14","6","8","0","0","0","282","166","116","5","4","1","0","0","0","0","0","0","-2"
"217819","College of Charleston","2020","Tenured, professors","147","92","55","0","0","0","7","6","1","4","2","2","3","2","1","0","0","0","132","81","51","1","1","0","0","0","0","0","0","0","-2"
"217819","College of Charleston","2020","Tenured, associate professors","182","103","79","0","0","0","8","6","2","10","5","5","11","4","7","0","0","0","149","85","64","4","3","1","0","0","0","0","0","0","-2"
"217819","College of Charleston","2020","Tenured, assistant professors","1","0","1","0","0","0","0","0","0","0","0","0","0","0","0","0","0","0","1","0","1","0","0","0","0","0","0","0","0","0","-2"
"217819","College of Charleston","2020","On-Tenure track total","105","46","59","0","0","0","6","4","2","4","1","3","5","3","2","0","0","0","79","31","48","2","1","1","0","0","0","9","6","3","-2"
"217819","College of Charleston","2020","On-tenure track, professors","2","0","2","0","0","0","1","0","1","0","0","0","0","0","0","0","0","0","1","0","1","0","0","0","0","0","0","0","0","0","-2"
"217819","College of Charleston","2020","On-tenure track, associate professors","3","2","1","0","0","0","1","1","0","0","0","0","0","0","0","0","0","0","2","1","1","0","0","0","0","0","0","0","0","0","-2"
"217819","College of Charleston","2020","On-tenure track, assistant professors","100","44","56","0","0","0","4","3","1","4","1","3","5","3","2","0","0","0","76","30","46","2","1","1","0","0","0","9","6","3","-2"
"217819","College of Charleston","2020","Not on tenure track/No tenure system system total","76","23","53","0","0","0","3","2","1","5","0","5","3","1","2","1","1","0","62","19","43","0","0","0","0","0","0","2","0","2","-2"
"217819","College of Charleston","2020","Not on tenure/no tenure system, associate professors","4","1","3","0","0","0","0","0","0","1","0","1","0","0","0","0","0","0","3","1","2","0","0","0","0","0","0","0","0","0","-2"
"217819","College of Charleston","2020","Not on tenure/no tenure system, assistant professors","14","5","9","0","0","0","0","0","0","2","0","2","0","0","0","0","0","0","12","5","7","0","0","0","0","0","0","0","0","0","-2"
"217819","College of Charleston","2020","Not on tenure/no tenure system, instructors","58","17","41","0","0","0","3","2","1","2","0","2","3","1","2","1","1","0","47","13","34","0","0","0","0","0","0","2","0","2","-2"
"217873","Claflin University","2020","Tenured total","50","31","19","0","0","0","18","13","5","18","8","10","2","2","0","0","0","0","9","5","4","0","0","0","1","1","0","2","2","0","-2"
"217873","Claflin University","2020","Tenured, professors","16","10","6","0","0","0","8","6","2","7","4","3","0","0","0","0","0","0","1","0","1","0","0","0","0","0","0","0","0","0","-2"
"217873","Claflin University","2020","Tenured, associate professors","31","19","12","0","0","0","10","7","3","8","2","6","2","2","0","0","0","0","8","5","3","0","0","0","1","1","0","2","2","0","-2"
"217873","Claflin University","2020","Tenured, assistant professors","3","2","1","0","0","0","0","0","0","3","2","1","0","0","0","0","0","0","0","0","0","0","0","0","0","0","0","0","0","0","-2"
"217873","Claflin University","2020","On-Tenure track total","51","30","21","1","1","0","4","3","1","30","16","14","0","0","0","0","0","0","15","9","6","0","0","0","0","0","0","1","1","0","-2"
"217873","Claflin University","2020","On-tenure track, professors","2","2","0","0","0","0","0","0","0","2","2","0","0","0","0","0","0","0","0","0","0","0","0","0","0","0","0","0","0","0","-2"
"217873","Claflin University","2020","On-tenure track, associate professors","6","3","3","0","0","0","1","1","0","4","1","3","0","0","0","0","0","0","1","1","0","0","0","0","0","0","0","0","0","0","-2"
"217873","Claflin University","2020","On-tenure track, assistant professors","40","22","18","1","1","0","3","2","1","21","10","11","0","0","0","0","0","0","14","8","6","0","0","0","0","0","0","1","1","0","-2"
"217873","Claflin University","2020","On-tenure track, instructors","3","3","0","0","0","0","0","0","0","3","3","0","0","0","0","0","0","0","0","0","0","0","0","0","0","0","0","0","0","0","-2"
"217873","Claflin University","2020","Not on tenure track/No tenure system system total","18","6","12","0","0","0","3","1","2","10","3","7","0","0","0","0","0","0","5","2","3","0","0","0","0","0","0","0","0","0","-2"
"217873","Claflin University","2020","Not on tenure/no tenure system, assistant professors","5","2","3","0","0","0","1","0","1","1","0","1","0","0","0","0","0","0","3","2","1","0","0","0","0","0","0","0","0","0","-2"
"217873","Claflin University","2020","Not on tenure/no tenure system, instructors","13","4","9","0","0","0","2","1","1","9","3","6","0","0","0","0","0","0","2","0","2","0","0","0","0","0","0","0","0","0","-2"
"217882","Clemson University","2020","Tenured total","656","461","195","0","0","0","99","77","22","16","10","6","19","14","5","1","1","0","513","354","159","3","0","3","5","5","0","0","0","0","-2"
"217882","Clemson University","2020","Tenured, professors","355","270","85","0","0","0","57","50","7","8","5","3","4","4","0","0","0","0","279","207","72","3","0","3","4","4","0","0","0","0","-2"
"217882","Clemson University","2020","Tenured, associate professors","301","191","110","0","0","0","42","27","15","8","5","3","15","10","5","1","1","0","234","147","87","0","0","0","1","1","0","0","0","0","-2"
"217882","Clemson University","2020","On-Tenure track total","297","170","127","0","0","0","65","45","20","17","8","9","9","4","5","0","0","0","178","97","81","1","0","1","27","16","11","0","0","0","-2"
"217882","Clemson University","2020","On-tenure track, associate professors","26","14","12","0","0","0","6","3","3","1","0","1","0","0","0","0","0","0","18","10","8","0","0","0","1","1","0","0","0","0","-2"
"217882","Clemson University","2020","On-tenure track, assistant professors","271","156","115","0","0","0","59","42","17","16","8","8","9","4","5","0","0","0","160","87","73","1","0","1","26","15","11","0","0","0","-2"
"217882","Clemson University","2020","Not on tenure track/No tenure system system total","407","179","228","0","0","0","28","16","12","19","4","15","19","4","15","0","0","0","323","148","175","1","0","1","17","7","10","0","0","0","-2"
"217882","Clemson University","2020","Not on tenure/no tenure system, instructors","2","1","1","0","0","0","0","0","0","0","0","0","0","0","0","0","0","0","2","1","1","0","0","0","0","0","0","0","0","0","-2"
"217882","Clemson University","2020","Not on tenure/no tenure system, lecturers","348","147","201","0","0","0","23","12","11","13","2","11","19","4","15","0","0","0","279","125","154","1","0","1","13","4","9","0","0","0","-2"
"217882","Clemson University","2020","Not on tenure/no tenure system, no academic rank","57","31","26","0","0","0","5","4","1","6","2","4","0","0","0","0","0","0","42","22","20","0","0","0","4","3","1","0","0","0","-2"
"218724","Coastal Carolina University","2020","Tenured total","220","141","79","0","0","0","14","11","3","12","6","6","5","4","1","0","0","0","189","120","69","0","0","0","0","0","0","0","0","0","-2"
"218724","Coastal Carolina University","2020","Tenured, professors","103","76","27","0","0","0","7","6","1","7","4","3","2","2","0","0","0","0","87","64","23","0","0","0","0","0","0","0","0","0","-2"
"218724","Coastal Carolina University","2020","Tenured, associate professors","116","65","51","0","0","0","7","5","2","5","2","3","3","2","1","0","0","0","101","56","45","0","0","0","0","0","0","0","0","0","-2"
"218724","Coastal Carolina University","2020","Tenured, assistant professors","1","0","1","0","0","0","0","0","0","0","0","0","0","0","0","0","0","0","1","0","1","0","0","0","0","0","0","0","0","0","-2"
"218724","Coastal Carolina University","2020","On-Tenure track total","113","55","58","1","0","1","10","8","2","10","2","8","3","2","1","0","0","0","84","39","45","1","0","1","4","4","0","0","0","0","-2"
"218724","Coastal Carolina University","2020","On-tenure track, associate professors","6","4","2","0","0","0","2","1","1","1","0","1","0","0","0","0","0","0","3","3","0","0","0","0","0","0","0","0","0","0","-2"
"218724","Coastal Carolina University","2020","On-tenure track, assistant professors","107","51","56","1","0","1","8","7","1","9","2","7","3","2","1","0","0","0","81","36","45","1","0","1","4","4","0","0","0","0","-2"
"218724","Coastal Carolina University","2020","Not on tenure track/No tenure system system total","153","68","85","0","0","0","0","0","0","2","1","1","2","1","1","0","0","0","147","65","82","2","1","1","0","0","0","0","0","0","-2"
"218724","Coastal Carolina University","2020","Not on tenure/no tenure system, professors","1","1","0","0","0","0","0","0","0","0","0","0","0","0","0","0","0","0","0","0","0","1","1","0","0","0","0","0","0","0","-2"
"218724","Coastal Carolina University","2020","Not on tenure/no tenure system, assistant professors","5","2","3","0","0","0","0","0","0","0","0","0","0","0","0","0","0","0","5","2","3","0","0","0","0","0","0","0","0","0","-2"
"218724","Coastal Carolina University","2020","Not on tenure/no tenure system, instructors","6","4","2","0","0","0","0","0","0","0","0","0","1","1","0","0","0","0","5","3","2","0","0","0","0","0","0","0","0","0","-2"
"218724","Coastal Carolina University","2020","Not on tenure/no tenure system, lecturers","141","61","80","0","0","0","0","0","0","2","1","1","1","0","1","0","0","0","137","60","77","1","0","1","0","0","0","0","0","0","-2"
"219347","South Dakota School of Mines and Technology","2020","Tenured total","78","66","12","1","1","0","7","7","0","0","0","0","2","2","0","0","0","0","64","52","12","0","0","0","0","0","0","4","4","0","-2"
"219347","South Dakota School of Mines and Technology","2020","Tenured, professors","33","30","3","0","0","0","2","2","0","0","0","0","1","1","0","0","0","0","30","27","3","0","0","0","0","0","0","0","0","0","-2"
"219347","South Dakota School of Mines and Technology","2020","Tenured, associate professors","40","34","6","1","1","0","5","5","0","0","0","0","1","1","0","0","0","0","30","24","6","0","0","0","0","0","0","3","3","0","-2"
"219347","South Dakota School of Mines and Technology","2020","Tenured, assistant professors","5","2","3","0","0","0","0","0","0","0","0","0","0","0","0","0","0","0","4","1","3","0","0","0","0","0","0","1","1","0","-2"
"219347","South Dakota School of Mines and Technology","2020","On-Tenure track total","40","29","11","0","0","0","5","5","0","1","1","0","0","0","0","0","0","0","23","14","9","0","0","0","0","0","0","11","9","2","-2"
"219347","South Dakota School of Mines and Technology","2020","On-tenure track, associate professors","2","1","1","0","0","0","1","1","0","0","0","0","0","0","0","0","0","0","1","0","1","0","0","0","0","0","0","0","0","0","-2"
"219347","South Dakota School of Mines and Technology","2020","On-tenure track, assistant professors","38","28","10","0","0","0","4","4","0","1","1","0","0","0","0","0","0","0","22","14","8","0","0","0","0","0","0","11","9","2","-2"
"219347","South Dakota School of Mines and Technology","2020","Not on tenure track/No tenure system system total","39","22","17","1","1","0","2","0","2","0","0","0","0","0","0","0","0","0","36","21","15","0","0","0","0","0","0","0","0","0","-2"
"219347","South Dakota School of Mines and Technology","2020","Not on tenure/no tenure system, professors","2","2","0","0","0","0","0","0","0","0","0","0","0","0","0","0","0","0","2","2","0","0","0","0","0","0","0","0","0","0","-2"
"219347","South Dakota School of Mines and Technology","2020","Not on tenure/no tenure system, associate professors","2","0","2","0","0","0","0","0","0","0","0","0","0","0","0","0","0","0","2","0","2","0","0","0","0","0","0","0","0","0","-2"
"219347","South Dakota School of Mines and Technology","2020","Not on tenure/no tenure system, assistant professors","6","3","3","0","0","0","1","0","1","0","0","0","0","0","0","0","0","0","5","3","2","0","0","0","0","0","0","0","0","0","-2"
"219347","South Dakota School of Mines and Technology","2020","Not on tenure/no tenure system, instructors","11","6","5","1","1","0","1","0","1","0","0","0","0","0","0","0","0","0","9","5","4","0","0","0","0","0","0","0","0","0","-2"
"219347","South Dakota School of Mines and Technology","2020","Not on tenure/no tenure system, lecturers","18","11","7","0","0","0","0","0","0","0","0","0","0","0","0","0","0","0","18","11","7","0","0","0","0","0","0","0","0","0","-2"
"221759","The University of Tennessee-Knoxville","2020","Tenured total","834","545","289","4","4","0","104","77","27","28","16","12","30","22","8","0","0","0","662","424","238","6","2","4","0","0","0","0","0","0","-2"
"221759","The University of Tennessee-Knoxville","2020","Tenured, professors","500","352","148","1","1","0","64","54","10","11","6","5","13","10","3","0","0","0","407","280","127","4","1","3","0","0","0","0","0","0","-2"
"221759","The University of Tennessee-Knoxville","2020","Tenured, associate professors","334","193","141","3","3","0","40","23","17","17","10","7","17","12","5","0","0","0","255","144","111","2","1","1","0","0","0","0","0","0","-2"
"221759","The University of Tennessee-Knoxville","2020","On-Tenure track total","293","162","131","0","0","0","26","18","8","23","13","10","16","7","9","0","0","0","190","95","95","4","2","2","1","0","1","33","27","6","-2"
"221759","The University of Tennessee-Knoxville","2020","On-tenure track, professors","4","3","1","0","0","0","3","2","1","0","0","0","0","0","0","0","0","0","1","1","0","0","0","0","0","0","0","0","0","0","-2"
"221759","The University of Tennessee-Knoxville","2020","On-tenure track, associate professors","29","16","13","0","0","0","3","2","1","3","2","1","0","0","0","0","0","0","21","11","10","0","0","0","1","0","1","1","1","0","-2"
"221759","The University of Tennessee-Knoxville","2020","On-tenure track, assistant professors","260","143","117","0","0","0","20","14","6","20","11","9","16","7","9","0","0","0","168","83","85","4","2","2","0","0","0","32","26","6","-2"
"221759","The University of Tennessee-Knoxville","2020","Not on tenure track/No tenure system system total","538","191","347","0","0","0","21","10","11","21","6","15","28","10","18","0","0","0","446","154","292","2","0","2","1","0","1","19","11","8","-2"
"221759","The University of Tennessee-Knoxville","2020","Not on tenure/no tenure system, professors","17","6","11","0","0","0","1","1","0","0","0","0","0","0","0","0","0","0","15","4","11","0","0","0","0","0","0","1","1","0","-2"
"221759","The University of Tennessee-Knoxville","2020","Not on tenure/no tenure system, associate professors","42","7","35","0","0","0","2","1","1","2","0","2","2","1","1","0","0","0","36","5","31","0","0","0","0","0","0","0","0","0","-2"
"221759","The University of Tennessee-Knoxville","2020","Not on tenure/no tenure system, assistant professors","83","22","61","0","0","0","2","2","0","5","0","5","3","1","2","0","0","0","65","17","48","0","0","0","1","0","1","7","2","5","-2"
"221759","The University of Tennessee-Knoxville","2020","Not on tenure/no tenure system, instructors","29","3","26","0","0","0","0","0","0","2","0","2","1","0","1","0","0","0","25","3","22","1","0","1","0","0","0","0","0","0","-2"
"221759","The University of Tennessee-Knoxville","2020","Not on tenure/no tenure system, lecturers","360","150","210","0","0","0","16","6","10","11","5","6","22","8","14","0","0","0","299","123","176","1","0","1","0","0","0","11","8","3","-2"
"221759","The University of Tennessee-Knoxville","2020","Not on tenure/no tenure system, no academic rank","7","3","4","0","0","0","0","0","0","1","1","0","0","0","0","0","0","0","6","2","4","0","0","0","0","0","0","0","0","0","-2"
"221768","The University of Tennessee-Martin","2020","Tenured total","163","100","63","0","0","0","6","3","3","7","4","3","2","1","1","0","0","0","148","92","56","0","0","0","0","0","0","0","0","0","-2"
"221768","The University of Tennessee-Martin","2020","Tenured, professors","91","60","31","0","0","0","1","0","1","4","2","2","2","1","1","0","0","0","84","57","27","0","0","0","0","0","0","0","0","0","-2"
"221768","The University of Tennessee-Martin","2020","Tenured, associate professors","61","34","27","0","0","0","4","2","2","3","2","1","0","0","0","0","0","0","54","30","24","0","0","0","0","0","0","0","0","0","-2"
"221768","The University of Tennessee-Martin","2020","Tenured, assistant professors","5","1","4","0","0","0","1","1","0","0","0","0","0","0","0","0","0","0","4","0","4","0","0","0","0","0","0","0","0","0","-2"
"221768","The University of Tennessee-Martin","2020","Tenured, instructors","6","5","1","0","0","0","0","0","0","0","0","0","0","0","0","0","0","0","6","5","1","0","0","0","0","0","0","0","0","0","-2"
"221768","The University of Tennessee-Martin","2020","On-Tenure track total","53","36","17","0","0","0","5","3","2","1","0","1","2","2","0","0","0","0","40","26","14","0","0","0","0","0","0","5","5","0","-2"
"221768","The University of Tennessee-Martin","2020","On-tenure track, associate professors","7","6","1","0","0","0","0","0","0","1","0","1","2","2","0","0","0","0","4","4","0","0","0","0","0","0","0","0","0","0","-2"
"221768","The University of Tennessee-Martin","2020","On-tenure track, assistant professors","44","28","16","0","0","0","5","3","2","0","0","0","0","0","0","0","0","0","34","20","14","0","0","0","0","0","0","5","5","0","-2"
"221768","The University of Tennessee-Martin","2020","On-tenure track, instructors","2","2","0","0","0","0","0","0","0","0","0","0","0","0","0","0","0","0","2","2","0","0","0","0","0","0","0","0","0","0","-2"
"221768","The University of Tennessee-Martin","2020","Not on tenure track/No tenure system system total","77","31","46","1","1","0","2","1","1","4","2","2","1","1","0","0","0","0","66","26","40","0","0","0","0","0","0","3","0","3","-2"
"221768","The University of Tennessee-Martin","2020","Not on tenure/no tenure system, associate professors","2","0","2","0","0","0","0","0","0","0","0","0","0","0","0","0","0","0","2","0","2","0","0","0","0","0","0","0","0","0","-2"
"221768","The University of Tennessee-Martin","2020","Not on tenure/no tenure system, assistant professors","5","4","1","0","0","0","0","0","0","1","1","0","0","0","0","0","0","0","4","3","1","0","0","0","0","0","0","0","0","0","-2"
"221768","The University of Tennessee-Martin","2020","Not on tenure/no tenure system, instructors","2","0","2","0","0","0","0","0","0","0","0","0","0","0","0","0","0","0","2","0","2","0","0","0","0","0","0","0","0","0","-2"
"221768","The University of Tennessee-Martin","2020","Not on tenure/no tenure system, lecturers","68","27","41","1","1","0","2","1","1","3","1","2","1","1","0","0","0","0","58","23","35","0","0","0","0","0","0","3","0","3","-2"
"221838","Tennessee State University","2020","Tenured total","227","132","95","1","0","1","36","28","8","93","39","54","4","3","1","0","0","0","76","49","27","3","2","1","1","1","0","13","10","3","-2"
"221838","Tennessee State University","2020","Tenured, professors","100","62","38","0","0","0","23","19","4","41","19","22","2","1","1","0","0","0","31","20","11","1","1","0","0","0","0","2","2","0","-2"
"221838","Tennessee State University","2020","Tenured, associate professors","103","56","47","1","0","1","11","8","3","40","15","25","2","2","0","0","0","0","36","22","14","2","1","1","1","1","0","10","7","3","-2"
"221838","Tennessee State University","2020","Tenured, assistant professors","22","13","9","0","0","0","2","1","1","11","4","7","0","0","0","0","0","0","8","7","1","0","0","0","0","0","0","1","1","0","-2"
"221838","Tennessee State University","2020","Tenured, instructors","1","1","0","0","0","0","0","0","0","1","1","0","0","0","0","0","0","0","0","0","0","0","0","0","0","0","0","0","0","0","-2"
"221838","Tennessee State University","2020","Tenured, no academic rank","1","0","1","0","0","0","0","0","0","0","0","0","0","0","0","0","0","0","1","0","1","0","0","0","0","0","0","0","0","0","-2"
"221838","Tennessee State University","2020","On-Tenure track total","121","58","63","0","0","0","11","8","3","55","25","30","2","0","2","0","0","0","37","15","22","5","2","3","1","0","1","10","8","2","-2"
"221838","Tennessee State University","2020","On-tenure track, professors","8","7","1","0","0","0","2","2","0","3","2","1","0","0","0","0","0","0","1","1","0","1","1","0","0","0","0","1","1","0","-2"
"221838","Tennessee State University","2020","On-tenure track, associate professors","13","6","7","0","0","0","2","2","0","6","2","4","0","0","0","0","0","0","4","1","3","0","0","0","0","0","0","1","1","0","-2"
"221838","Tennessee State University","2020","On-tenure track, assistant professors","62","26","36","0","0","0","3","2","1","28","11","17","1","0","1","0","0","0","22","9","13","3","0","3","1","0","1","4","4","0","-2"
"221838","Tennessee State University","2020","On-tenure track, instructors","2","1","1","0","0","0","0","0","0","2","1","1","0","0","0","0","0","0","0","0","0","0","0","0","0","0","0","0","0","0","-2"
"221838","Tennessee State University","2020","On-tenure track, no academic rank","36","18","18","0","0","0","4","2","2","16","9","7","1","0","1","0","0","0","10","4","6","1","1","0","0","0","0","4","2","2","-2"
"221838","Tennessee State University","2020","Not on tenure track/No tenure system system total","18","6","12","0","0","0","2","1","1","8","3","5","0","0","0","0","0","0","6","1","5","0","0","0","0","0","0","2","1","1","-2"
"221838","Tennessee State University","2020","Not on tenure/no tenure system, assistant professors","1","1","0","0","0","0","0","0","0","1","1","0","0","0","0","0","0","0","0","0","0","0","0","0","0","0","0","0","0","0","-2"
"221838","Tennessee State University","2020","Not on tenure/no tenure system, instructors","2","1","1","0","0","0","0","0","0","2","1","1","0","0","0","0","0","0","0","0","0","0","0","0","0","0","0","0","0","0","-2"
"221838","Tennessee State University","2020","Not on tenure/no tenure system, no academic rank","15","4","11","0","0","0","2","1","1","5","1","4","0","0","0","0","0","0","6","1","5","0","0","0","0","0","0","2","1","1","-2"
"221999","Vanderbilt University","2020","Tenured total","619","431","188","2","2","0","43","32","11","27","14","13","22","15","7","0","0","0","473","338","135","1","1","0","49","28","21","2","1","1","-2"
"221999","Vanderbilt University","2020","Tenured, professors","420","315","105","0","0","0","27","23","4","17","12","5","13","9","4","0","0","0","336","252","84","1","1","0","25","18","7","1","0","1","-2"
"221999","Vanderbilt University","2020","Tenured, associate professors","199","116","83","2","2","0","16","9","7","10","2","8","9","6","3","0","0","0","137","86","51","0","0","0","24","10","14","1","1","0","-2"
"221999","Vanderbilt University","2020","On-Tenure track total","176","85","91","0","0","0","9","5","4","9","3","6","13","8","5","1","1","0","69","34","35","2","1","1","57","24","33","16","9","7","-2"
"221999","Vanderbilt University","2020","On-tenure track, associate professors","2","0","2","0","0","0","0","0","0","1","0","1","0","0","0","0","0","0","1","0","1","0","0","0","0","0","0","0","0","0","-2"
"221999","Vanderbilt University","2020","On-tenure track, assistant professors","174","85","89","0","0","0","9","5","4","8","3","5","13","8","5","1","1","0","68","34","34","2","1","1","57","24","33","16","9","7","-2"
"221999","Vanderbilt University","2020","Not on tenure track/No tenure system system total","454","151","303","0","0","0","16","6","10","22","5","17","17","3","14","0","0","0","318","101","217","3","2","1","62","24","38","16","10","6","-2"
"221999","Vanderbilt University","2020","Not on tenure/no tenure system, professors","63","32","31","0","0","0","3","3","0","4","2","2","2","1","1","0","0","0","49","22","27","1","1","0","3","2","1","1","1","0","-2"
"221999","Vanderbilt University","2020","Not on tenure/no tenure system, associate professors","74","24","50","0","0","0","3","0","3","4","1","3","4","0","4","0","0","0","54","20","34","0","0","0","9","3","6","0","0","0","-2"
"221999","Vanderbilt University","2020","Not on tenure/no tenure system, assistant professors","106","26","80","0","0","0","1","1","0","5","0","5","3","1","2","0","0","0","78","15","63","1","1","0","11","3","8","7","5","2","-2"
"221999","Vanderbilt University","2020","Not on tenure/no tenure system, instructors","40","7","33","0","0","0","2","0","2","3","0","3","0","0","0","0","0","0","32","6","26","0","0","0","3","1","2","0","0","0","-2"
"221999","Vanderbilt University","2020","Not on tenure/no tenure system, lecturers","160","60","100","0","0","0","6","2","4","4","2","2","8","1","7","0","0","0","100","37","63","1","0","1","33","14","19","8","4","4","-2"
"221999","Vanderbilt University","2020","Not on tenure/no tenure system, no academic rank","11","2","9","0","0","0","1","0","1","2","0","2","0","0","0","0","0","0","5","1","4","0","0","0","3","1","2","0","0","0","-2"
"224147","Texas A & M University-Corpus Christi","2020","Tenured total","172","104","68","1","1","0","23","17","6","5","5","0","20","9","11","0","0","0","112","68","44","4","1","3","4","1","3","3","2","1","-2"
"224147","Texas A & M University-Corpus Christi","2020","Tenured, professors","79","55","24","1","1","0","12","10","2","1","1","0","9","3","6","0","0","0","54","39","15","1","1","0","1","0","1","0","0","0","-2"
"224147","Texas A & M University-Corpus Christi","2020","Tenured, associate professors","91","49","42","0","0","0","11","7","4","4","4","0","10","6","4","0","0","0","57","29","28","3","0","3","3","1","2","3","2","1","-2"
"224147","Texas A & M University-Corpus Christi","2020","Tenured, assistant professors","2","0","2","0","0","0","0","0","0","0","0","0","1","0","1","0","0","0","1","0","1","0","0","0","0","0","0","0","0","0","-2"
"224147","Texas A & M University-Corpus Christi","2020","On-Tenure track total","133","67","66","1","0","1","15","7","8","2","1","1","16","8","8","0","0","0","67","28","39","4","3","1","6","5","1","22","15","7","-2"
"224147","Texas A & M University-Corpus Christi","2020","On-tenure track, professors","2","2","0","0","0","0","0","0","0","0","0","0","0","0","0","0","0","0","2","2","0","0","0","0","0","0","0","0","0","0","-2"
"224147","Texas A & M University-Corpus Christi","2020","On-tenure track, associate professors","9","7","2","0","0","0","1","1","0","0","0","0","0","0","0","0","0","0","5","3","2","1","1","0","0","0","0","2","2","0","-2"
"224147","Texas A & M University-Corpus Christi","2020","On-tenure track, assistant professors","122","58","64","1","0","1","14","6","8","2","1","1","16","8","8","0","0","0","60","23","37","3","2","1","6","5","1","20","13","7","-2"
"224147","Texas A & M University-Corpus Christi","2020","Not on tenure track/No tenure system system total","116","38","78","0","0","0","9","2","7","2","0","2","21","4","17","0","0","0","71","27","44","1","0","1","1","0","1","11","5","6","-2"
"224147","Texas A & M University-Corpus Christi","2020","Not on tenure/no tenure system, professors","3","1","2","0","0","0","0","0","0","0","0","0","0","0","0","0","0","0","3","1","2","0","0","0","0","0","0","0","0","0","-2"
"224147","Texas A & M University-Corpus Christi","2020","Not on tenure/no tenure system, associate professors","12","6","6","0","0","0","2","0","2","0","0","0","0","0","0","0","0","0","9","6","3","0","0","0","1","0","1","0","0","0","-2"
"224147","Texas A & M University-Corpus Christi","2020","Not on tenure/no tenure system, assistant professors","87","25","62","0","0","0","6","2","4","2","0","2","19","3","16","0","0","0","50","15","35","1","0","1","0","0","0","9","5","4","-2"
"224147","Texas A & M University-Corpus Christi","2020","Not on tenure/no tenure system, instructors","8","2","6","0","0","0","1","0","1","0","0","0","0","0","0","0","0","0","5","2","3","0","0","0","0","0","0","2","0","2","-2"
"224147","Texas A & M University-Corpus Christi","2020","Not on tenure/no tenure system, lecturers","6","4","2","0","0","0","0","0","0","0","0","0","2","1","1","0","0","0","4","3","1","0","0","0","0","0","0","0","0","0","-2"
"225511","University of Houston","2020","Tenured total","779","528","251","1","1","0","188","133","55","31","19","12","71","40","31","0","0","0","481","330","151","7","5","2","0","0","0","0","0","0","-2"
"225511","University of Houston","2020","Tenured, professors","438","329","109","0","0","0","107","80","27","15","12","3","32","16","16","0","0","0","279","217","62","5","4","1","0","0","0","0","0","0","-2"
"225511","University of Houston","2020","Tenured, associate professors","341","199","142","1","1","0","81","53","28","16","7","9","39","24","15","0","0","0","202","113","89","2","1","1","0","0","0","0","0","0","-2"
"225511","University of Houston","2020","On-Tenure track total","233","127","106","0","0","0","53","34","19","19","6","13","18","8","10","0","0","0","94","51","43","2","2","0","3","2","1","44","24","20","-2"
"225511","University of Houston","2020","On-tenure track, professors","3","2","1","0","0","0","0","0","0","0","0","0","0","0","0","0","0","0","2","1","1","0","0","0","0","0","0","1","1","0","-2"
"225511","University of Houston","2020","On-tenure track, associate professors","13","8","5","0","0","0","3","1","2","1","0","1","2","0","2","0","0","0","3","3","0","0","0","0","0","0","0","4","4","0","-2"
"225511","University of Houston","2020","On-tenure track, assistant professors","217","117","100","0","0","0","50","33","17","18","6","12","16","8","8","0","0","0","89","47","42","2","2","0","3","2","1","39","19","20","-2"
"225511","University of Houston","2020","Not on tenure track/No tenure system system total","318","154","164","1","1","0","30","12","18","16","6","10","33","16","17","0","0","0","219","111","108","4","2","2","4","3","1","11","3","8","-2"
"225511","University of Houston","2020","Not on tenure/no tenure system, lecturers","88","37","51","0","0","0","9","1","8","4","2","2","15","8","7","0","0","0","54","24","30","0","0","0","2","2","0","4","0","4","-2"
"225511","University of Houston","2020","Not on tenure/no tenure system, no academic rank","230","117","113","1","1","0","21","11","10","12","4","8","18","8","10","0","0","0","165","87","78","4","2","2","2","1","1","7","3","4","-2"
"225627","University of the Incarnate Word","2020","Tenured total","163","76","87","1","0","1","13","5","8","7","3","4","32","13","19","0","0","0","109","55","54","0","0","0","0","0","0","1","0","1","-2"
"225627","University of the Incarnate Word","2020","Tenured, professors","75","35","40","0","0","0","5","3","2","3","1","2","15","6","9","0","0","0","51","25","26","0","0","0","0","0","0","1","0","1","-2"
"225627","University of the Incarnate Word","2020","Tenured, associate professors","88","41","47","1","0","1","8","2","6","4","2","2","17","7","10","0","0","0","58","30","28","0","0","0","0","0","0","0","0","0","-2"
"225627","University of the Incarnate Word","2020","On-Tenure track total","71","34","37","0","0","0","7","3","4","4","2","2","14","6","8","1","1","0","40","18","22","0","0","0","1","1","0","4","3","1","-2"
"225627","University of the Incarnate Word","2020","On-tenure track, professors","3","3","0","0","0","0","0","0","0","0","0","0","1","1","0","0","0","0","2","2","0","0","0","0","0","0","0","0","0","0","-2"
"225627","University of the Incarnate Word","2020","On-tenure track, associate professors","5","3","2","0","0","0","1","0","1","1","1","0","0","0","0","0","0","0","3","2","1","0","0","0","0","0","0","0","0","0","-2"
"225627","University of the Incarnate Word","2020","On-tenure track, assistant professors","63","28","35","0","0","0","6","3","3","3","1","2","13","5","8","1","1","0","35","14","21","0","0","0","1","1","0","4","3","1","-2"
"225627","University of the Incarnate Word","2020","Not on tenure track/No tenure system system total","106","45","61","1","1","0","9","3","6","5","1","4","29","8","21","0","0","0","60","31","29","1","1","0","0","0","0","1","0","1","-2"
"225627","University of the Incarnate Word","2020","Not on tenure/no tenure system, professors","10","6","4","0","0","0","1","0","1","0","0","0","1","0","1","0","0","0","8","6","2","0","0","0","0","0","0","0","0","0","-2"
"225627","University of the Incarnate Word","2020","Not on tenure/no tenure system, associate professors","16","8","8","0","0","0","3","2","1","1","0","1","4","2","2","0","0","0","8","4","4","0","0","0","0","0","0","0","0","0","-2"
"225627","University of the Incarnate Word","2020","Not on tenure/no tenure system, assistant professors","45","19","26","1","1","0","3","1","2","3","0","3","11","4","7","0","0","0","25","12","13","1","1","0","0","0","0","1","0","1","-2"
"225627","University of the Incarnate Word","2020","Not on tenure/no tenure system, instructors","34","12","22","0","0","0","2","0","2","1","1","0","13","2","11","0","0","0","18","9","9","0","0","0","0","0","0","0","0","0","-2"
"225627","University of the Incarnate Word","2020","Not on tenure/no tenure system, lecturers","1","0","1","0","0","0","0","0","0","0","0","0","0","0","0","0","0","0","1","0","1","0","0","0","0","0","0","0","0","0","-2"
"227757","Rice University","2020","Tenured total","418","303","115","0","0","0","54","35","19","10","6","4","28","22","6","0","0","0","321","237","84","2","1","1","0","0","0","3","2","1","-2"
"227757","Rice University","2020","Tenured, professors","310","236","74","0","0","0","40","26","14","5","4","1","19","16","3","0","0","0","245","189","56","0","0","0","0","0","0","1","1","0","-2"
"227757","Rice University","2020","Tenured, associate professors","108","67","41","0","0","0","14","9","5","5","2","3","9","6","3","0","0","0","76","48","28","2","1","1","0","0","0","2","1","1","-2"
"227757","Rice University","2020","On-Tenure track total","123","71","52","1","0","1","20","12","8","4","2","2","9","4","5","0","0","0","61","35","26","5","2","3","0","0","0","23","16","7","-2"
"227757","Rice University","2020","On-tenure track, assistant professors","123","71","52","1","0","1","20","12","8","4","2","2","9","4","5","0","0","0","61","35","26","5","2","3","0","0","0","23","16","7","-2"
"227757","Rice University","2020","Not on tenure track/No tenure system system total","157","68","89","0","0","0","13","6","7","5","1","4","12","4","8","0","0","0","110","56","54","3","0","3","0","0","0","14","1","13","-2"
"227757","Rice University","2020","Not on tenure/no tenure system, associate professors","1","0","1","0","0","0","0","0","0","0","0","0","0","0","0","0","0","0","1","0","1","0","0","0","0","0","0","0","0","0","-2"
"227757","Rice University","2020","Not on tenure/no tenure system, instructors","14","6","8","0","0","0","0","0","0","0","0","0","2","2","0","0","0","0","8","3","5","1","0","1","0","0","0","3","1","2","-2"
"227757","Rice University","2020","Not on tenure/no tenure system, lecturers","140","60","80","0","0","0","13","6","7","5","1","4","10","2","8","0","0","0","99","51","48","2","0","2","0","0","0","11","0","11","-2"
"227757","Rice University","2020","Not on tenure/no tenure system, no academic rank","2","2","0","0","0","0","0","0","0","0","0","0","0","0","0","0","0","0","2","2","0","0","0","0","0","0","0","0","0","0","-2"
"228459","Texas State University","2020","Tenured total","520","294","226","1","1","0","58","42","16","16","9","7","61","30","31","0","0","0","341","183","158","9","6","3","25","16","9","9","7","2","-2"
"228459","Texas State University","2020","Tenured, professors","265","162","103","0","0","0","32","24","8","7","4","3","25","17","8","0","0","0","188","108","80","4","2","2","8","6","2","1","1","0","-2"
"228459","Texas State University","2020","Tenured, associate professors","251","130","121","1","1","0","26","18","8","9","5","4","35","13","22","0","0","0","150","73","77","5","4","1","17","10","7","8","6","2","-2"
"228459","Texas State University","2020","Tenured, assistant professors","4","2","2","0","0","0","0","0","0","0","0","0","1","0","1","0","0","0","3","2","1","0","0","0","0","0","0","0","0","0","-2"
"228459","Texas State University","2020","On-Tenure track total","228","106","122","1","1","0","17","4","13","9","4","5","29","12","17","0","0","0","123","61","62","3","1","2","7","4","3","39","19","20","-2"
"228459","Texas State University","2020","On-tenure track, professors","2","2","0","0","0","0","0","0","0","0","0","0","0","0","0","0","0","0","2","2","0","0","0","0","0","0","0","0","0","0","-2"
"228459","Texas State University","2020","On-tenure track, associate professors","6","4","2","0","0","0","0","0","0","0","0","0","1","1","0","0","0","0","4","2","2","0","0","0","1","1","0","0","0","0","-2"
"228459","Texas State University","2020","On-tenure track, assistant professors","220","100","120","1","1","0","17","4","13","9","4","5","28","11","17","0","0","0","117","57","60","3","1","2","6","3","3","39","19","20","-2"
"228459","Texas State University","2020","Not on tenure track/No tenure system system total","530","230","300","1","1","0","16","11","5","8","3","5","54","19","35","0","0","0","401","174","227","3","1","2","28","11","17","19","10","9","-2"
"228459","Texas State University","2020","Not on tenure/no tenure system, professors","10","8","2","0","0","0","0","0","0","0","0","0","0","0","0","0","0","0","8","6","2","0","0","0","2","2","0","0","0","0","-2"
"228459","Texas State University","2020","Not on tenure/no tenure system, associate professors","21","5","16","0","0","0","0","0","0","1","1","0","1","0","1","0","0","0","18","4","14","0","0","0","1","0","1","0","0","0","-2"
"228459","Texas State University","2020","Not on tenure/no tenure system, assistant professors","35","15","20","0","0","0","1","1","0","4","1","3","1","1","0","0","0","0","27","10","17","1","1","0","1","1","0","0","0","0","-2"
"228459","Texas State University","2020","Not on tenure/no tenure system, lecturers","464","202","262","1","1","0","15","10","5","3","1","2","52","18","34","0","0","0","348","154","194","2","0","2","24","8","16","19","10","9","-2"
"228723","Texas A & M University-College Station","2020","Tenured total","1575","1157","418","4","2","2","324","252","72","48","31","17","106","75","31","1","0","1","1024","748","276","6","4","2","43","32","11","19","13","6","-2"
"228723","Texas A & M University-College Station","2020","Tenured, professors","1020","805","215","1","0","1","185","153","32","28","22","6","55","43","12","0","0","0","714","557","157","4","3","1","29","23","6","4","4","0","-2"
"228723","Texas A & M University-College Station","2020","Tenured, associate professors","546","347","199","3","2","1","138","98","40","20","9","11","51","32","19","1","0","1","302","187","115","2","1","1","14","9","5","15","9","6","-2"
"228723","Texas A & M University-College Station","2020","Tenured, assistant professors","6","3","3","0","0","0","0","0","0","0","0","0","0","0","0","0","0","0","6","3","3","0","0","0","0","0","0","0","0","0","-2"
"228723","Texas A & M University-College Station","2020","Tenured, instructors","3","2","1","0","0","0","1","1","0","0","0","0","0","0","0","0","0","0","2","1","1","0","0","0","0","0","0","0","0","0","-2"
"228723","Texas A & M University-College Station","2020","On-Tenure track total","470","273","197","2","2","0","54","39","15","26","13","13","23","10","13","0","0","0","218","120","98","10","5","5","36","19","17","101","65","36","-2"
"228723","Texas A & M University-College Station","2020","On-tenure track, professors","8","7","1","2","2","0","0","0","0","1","0","1","0","0","0","0","0","0","4","4","0","0","0","0","0","0","0","1","1","0","-2"
"228723","Texas A & M University-College Station","2020","On-tenure track, associate professors","57","38","19","0","0","0","10","7","3","5","3","2","6","4","2","0","0","0","25","16","9","1","1","0","4","2","2","6","5","1","-2"
"228723","Texas A & M University-College Station","2020","On-tenure track, assistant professors","403","228","175","0","0","0","44","32","12","19","10","9","17","6","11","0","0","0","188","100","88","9","4","5","32","17","15","94","59","35","-2"
"228723","Texas A & M University-College Station","2020","On-tenure track, instructors","2","0","2","0","0","0","0","0","0","1","0","1","0","0","0","0","0","0","1","0","1","0","0","0","0","0","0","0","0","0","-2"
"228723","Texas A & M University-College Station","2020","Not on tenure track/No tenure system system total","1254","642","612","2","1","1","102","48","54","44","17","27","94","42","52","3","2","1","832","417","415","13","8","5","56","33","23","108","74","34","-2"
"228723","Texas A & M University-College Station","2020","Not on tenure/no tenure system, professors","148","116","32","0","0","0","12","10","2","11","6","5","10","9","1","0","0","0","89","66","23","0","0","0","7","6","1","19","19","0","-2"
"228723","Texas A & M University-College Station","2020","Not on tenure/no tenure system, associate professors","116","55","61","0","0","0","7","4","3","1","0","1","9","2","7","0","0","0","85","40","45","1","1","0","4","1","3","9","7","2","-2"
"228723","Texas A & M University-College Station","2020","Not on tenure/no tenure system, assistant professors","257","110","147","1","1","0","28","8","20","6","2","4","19","4","15","1","1","0","147","56","91","4","3","1","15","9","6","36","26","10","-2"
"228723","Texas A & M University-College Station","2020","Not on tenure/no tenure system, instructors","497","246","251","1","0","1","40","17","23","19","7","12","40","18","22","2","1","1","342","176","166","3","2","1","18","9","9","32","16","16","-2"
"228723","Texas A & M University-College Station","2020","Not on tenure/no tenure system, lecturers","236","115","121","0","0","0","15","9","6","7","2","5","16","9","7","0","0","0","169","79","90","5","2","3","12","8","4","12","6","6","-2"
"228769","The University of Texas at Arlington","2020","Tenured total","447","317","130","1","0","1","133","105","28","13","7","6","22","13","9","0","0","0","254","176","78","4","3","1","10","7","3","10","6","4","-2"
"228769","The University of Texas at Arlington","2020","Tenured, professors","241","191","50","0","0","0","80","67","13","6","3","3","9","7","2","0","0","0","136","107","29","2","1","1","6","5","1","2","1","1","-2"
"228769","The University of Texas at Arlington","2020","Tenured, associate professors","206","126","80","1","0","1","53","38","15","7","4","3","13","6","7","0","0","0","118","69","49","2","2","0","4","2","2","8","5","3","-2"
"228769","The University of Texas at Arlington","2020","On-Tenure track total","187","87","100","1","0","1","52","23","29","11","3","8","13","8","5","0","0","0","82","39","43","3","1","2","22","10","12","3","3","0","-2"
"228769","The University of Texas at Arlington","2020","On-tenure track, assistant professors","187","87","100","1","0","1","52","23","29","11","3","8","13","8","5","0","0","0","82","39","43","3","1","2","22","10","12","3","3","0","-2"
"228769","The University of Texas at Arlington","2020","Not on tenure track/No tenure system system total","459","167","292","1","0","1","35","18","17","43","8","35","30","17","13","0","0","0","299","104","195","5","2","3","37","13","24","9","5","4","-2"
"228769","The University of Texas at Arlington","2020","Not on tenure/no tenure system, lecturers","184","93","91","0","0","0","17","10","7","5","2","3","17","10","7","0","0","0","123","57","66","1","1","0","14","8","6","7","5","2","-2"
"228769","The University of Texas at Arlington","2020","Not on tenure/no tenure system, no academic rank","275","74","201","1","0","1","18","8","10","38","6","32","13","7","6","0","0","0","176","47","129","4","1","3","23","5","18","2","0","2","-2"
"228778","The University of Texas at Austin","2020","Tenured total","1488","979","509","5","2","3","168","121","47","64","38","26","111","62","49","0","0","0","1097","728","369","15","7","8","0","0","0","28","21","7","-2"
"228778","The University of Texas at Austin","2020","Tenured, professors","977","697","280","5","2","3","109","83","26","38","24","14","66","43","23","0","0","0","741","533","208","7","2","5","0","0","0","11","10","1","-2"
"228778","The University of Texas at Austin","2020","Tenured, associate professors","511","282","229","0","0","0","59","38","21","26","14","12","45","19","26","0","0","0","356","195","161","8","5","3","0","0","0","17","11","6","-2"
"228778","The University of Texas at Austin","2020","On-Tenure track total","384","200","184","1","0","1","44","22","22","31","14","17","45","18","27","1","0","1","187","99","88","4","2","2","0","0","0","71","45","26","-2"
"228778","The University of Texas at Austin","2020","On-tenure track, professors","2","1","1","0","0","0","1","1","0","0","0","0","0","0","0","0","0","0","1","0","1","0","0","0","0","0","0","0","0","0","-2"
"228778","The University of Texas at Austin","2020","On-tenure track, associate professors","10","5","5","0","0","0","1","1","0","0","0","0","1","0","1","0","0","0","7","3","4","0","0","0","0","0","0","1","1","0","-2"
"228778","The University of Texas at Austin","2020","On-tenure track, assistant professors","372","194","178","1","0","1","42","20","22","31","14","17","44","18","26","1","0","1","179","96","83","4","2","2","0","0","0","70","44","26","-2"
"228778","The University of Texas at Austin","2020","Not on tenure track/No tenure system system total","929","414","515","1","0","1","90","37","53","26","8","18","88","32","56","0","0","0","654","302","352","13","4","9","0","0","0","57","31","26","-2"
"228778","The University of Texas at Austin","2020","Not on tenure/no tenure system, instructors","41","15","26","0","0","0","5","1","4","4","1","3","4","0","4","0","0","0","19","5","14","1","0","1","0","0","0","8","8","0","-2"
"228778","The University of Texas at Austin","2020","Not on tenure/no tenure system, lecturers","846","377","469","1","0","1","78","34","44","21","7","14","78","28","50","0","0","0","609","282","327","12","4","8","0","0","0","47","22","25","-2"
"228778","The University of Texas at Austin","2020","Not on tenure/no tenure system, no academic rank","42","22","20","0","0","0","7","2","5","1","0","1","6","4","2","0","0","0","26","15","11","0","0","0","0","0","0","2","1","1","-2"
"228796","The University of Texas at El Paso","2020","Tenured total","335","242","93","0","0","0","55","40","15","8","6","2","100","66","34","0","0","0","164","124","40","5","4","1","1","1","0","2","1","1","-2"
"228796","The University of Texas at El Paso","2020","Tenured, professors","162","129","33","0","0","0","24","20","4","3","3","0","41","28","13","0","0","0","92","76","16","2","2","0","0","0","0","0","0","0","-2"
"228796","The University of Texas at El Paso","2020","Tenured, associate professors","173","113","60","0","0","0","31","20","11","5","3","2","59","38","21","0","0","0","72","48","24","3","2","1","1","1","0","2","1","1","-2"
"228796","The University of Texas at El Paso","2020","On-Tenure track total","140","76","64","0","0","0","28","18","10","3","2","1","36","19","17","0","0","0","45","21","24","5","3","2","0","0","0","23","13","10","-2"
"228796","The University of Texas at El Paso","2020","On-tenure track, associate professors","7","6","1","0","0","0","1","1","0","0","0","0","4","3","1","0","0","0","2","2","0","0","0","0","0","0","0","0","0","0","-2"
"228796","The University of Texas at El Paso","2020","On-tenure track, assistant professors","133","70","63","0","0","0","27","17","10","3","2","1","32","16","16","0","0","0","43","19","24","5","3","2","0","0","0","23","13","10","-2"
"228796","The University of Texas at El Paso","2020","Not on tenure track/No tenure system system total","290","112","178","1","0","1","11","4","7","7","4","3","146","54","92","0","0","0","105","39","66","1","0","1","2","2","0","17","9","8","-2"
"228796","The University of Texas at El Paso","2020","Not on tenure/no tenure system, lecturers","290","112","178","1","0","1","11","4","7","7","4","3","146","54","92","0","0","0","105","39","66","1","0","1","2","2","0","17","9","8","-2"
"229063","Texas Southern University","2020","Tenured total","216","122","94","0","0","0","35","22","13","138","70","68","6","4","2","0","0","0","28","19","9","0","0","0","0","0","0","9","7","2","-2"
"229063","Texas Southern University","2020","Tenured, professors","129","76","53","0","0","0","24","13","11","77","42","35","2","2","0","0","0","0","19","14","5","0","0","0","0","0","0","7","5","2","-2"
"229063","Texas Southern University","2020","Tenured, associate professors","82","42","40","0","0","0","10","8","2","58","25","33","4","2","2","0","0","0","8","5","3","0","0","0","0","0","0","2","2","0","-2"
"229063","Texas Southern University","2020","Tenured, assistant professors","5","4","1","0","0","0","1","1","0","3","3","0","0","0","0","0","0","0","1","0","1","0","0","0","0","0","0","0","0","0","-2"
"229063","Texas Southern University","2020","On-Tenure track total","14","4","10","0","0","0","2","0","2","9","2","7","1","1","0","0","0","0","2","1","1","0","0","0","0","0","0","0","0","0","-2"
"229063","Texas Southern University","2020","On-tenure track, assistant professors","14","4","10","0","0","0","2","0","2","9","2","7","1","1","0","0","0","0","2","1","1","0","0","0","0","0","0","0","0","0","-2"
"229063","Texas Southern University","2020","Not on tenure track/No tenure system system total","166","68","98","1","1","0","12","8","4","124","41","83","11","6","5","0","0","0","17","12","5","0","0","0","0","0","0","1","0","1","-2"
"229063","Texas Southern University","2020","Not on tenure/no tenure system, no academic rank","166","68","98","1","1","0","12","8","4","124","41","83","11","6","5","0","0","0","17","12","5","0","0","0","0","0","0","1","0","1","-2"
"229115","Texas Tech University","2020","Tenured total","794","555","239","2","1","1","117","92","25","21","12","9","55","34","21","1","1","0","590","410","180","4","3","1","0","0","0","4","2","2","-2"
"229115","Texas Tech University","2020","Tenured, professors","399","294","105","2","1","1","60","49","11","12","7","5","21","14","7","1","1","0","299","220","79","1","1","0","0","0","0","3","1","2","-2"
"229115","Texas Tech University","2020","Tenured, associate professors","355","241","114","0","0","0","54","40","14","6","3","3","32","19","13","0","0","0","260","176","84","2","2","0","0","0","0","1","1","0","-2"
"229115","Texas Tech University","2020","Tenured, assistant professors","3","3","0","0","0","0","2","2","0","1","1","0","0","0","0","0","0","0","0","0","0","0","0","0","0","0","0","0","0","0","-2"
"229115","Texas Tech University","2020","Tenured, instructors","37","17","20","0","0","0","1","1","0","2","1","1","2","1","1","0","0","0","31","14","17","1","0","1","0","0","0","0","0","0","-2"
"229115","Texas Tech University","2020","On-Tenure track total","336","185","151","0","0","0","53","32","21","6","3","3","27","12","15","0","0","0","188","101","87","6","1","5","0","0","0","56","36","20","-2"
"229115","Texas Tech University","2020","On-tenure track, professors","4","3","1","0","0","0","0","0","0","0","0","0","1","1","0","0","0","0","3","2","1","0","0","0","0","0","0","0","0","0","-2"
"229115","Texas Tech University","2020","On-tenure track, associate professors","24","19","5","0","0","0","6","4","2","0","0","0","4","3","1","0","0","0","13","11","2","0","0","0","0","0","0","1","1","0","-2"
"229115","Texas Tech University","2020","On-tenure track, assistant professors","297","159","138","0","0","0","46","28","18","5","3","2","21","8","13","0","0","0","165","85","80","6","1","5","0","0","0","54","34","20","-2"
"229115","Texas Tech University","2020","On-tenure track, instructors","11","4","7","0","0","0","1","0","1","1","0","1","1","0","1","0","0","0","7","3","4","0","0","0","0","0","0","1","1","0","-2"
"229115","Texas Tech University","2020","Not on tenure track/No tenure system system total","633","297","336","0","0","0","35","14","21","13","7","6","58","20","38","0","0","0","415","176","239","8","5","3","0","0","0","104","75","29","-2"
"229115","Texas Tech University","2020","Not on tenure/no tenure system, lecturers","633","297","336","0","0","0","35","14","21","13","7","6","58","20","38","0","0","0","415","176","239","8","5","3","0","0","0","104","75","29","-2"
"230728","Utah State University","2020","Tenured total","495","350","145","0","0","0","33","23","10","2","2","0","25","14","11","0","0","0","423","304","119","6","3","3","6","4","2","0","0","0","-2"
"230728","Utah State University","2020","Tenured, professors","257","187","70","0","0","0","18","15","3","1","1","0","11","5","6","0","0","0","222","164","58","3","1","2","2","1","1","0","0","0","-2"
"230728","Utah State University","2020","Tenured, associate professors","237","162","75","0","0","0","15","8","7","1","1","0","14","9","5","0","0","0","200","139","61","3","2","1","4","3","1","0","0","0","-2"
"230728","Utah State University","2020","Tenured, instructors","1","1","0","0","0","0","0","0","0","0","0","0","0","0","0","0","0","0","1","1","0","0","0","0","0","0","0","0","0","0","-2"
"230728","Utah State University","2020","On-Tenure track total","242","125","117","1","0","1","32","18","14","2","2","0","13","6","7","1","1","0","158","78","80","2","0","2","33","20","13","0","0","0","-2"
"230728","Utah State University","2020","On-tenure track, associate professors","1","0","1","0","0","0","0","0","0","0","0","0","0","0","0","0","0","0","0","0","0","0","0","0","1","0","1","0","0","0","-2"
"230728","Utah State University","2020","On-tenure track, assistant professors","237","122","115","1","0","1","32","18","14","2","2","0","13","6","7","1","1","0","154","75","79","2","0","2","32","20","12","0","0","0","-2"
"230728","Utah State University","2020","On-tenure track, instructors","4","3","1","0","0","0","0","0","0","0","0","0","0","0","0","0","0","0","4","3","1","0","0","0","0","0","0","0","0","0","-2"
"230728","Utah State University","2020","Not on tenure track/No tenure system system total","312","154","158","4","3","1","2","1","1","3","2","1","8","3","5","0","0","0","280","141","139","3","1","2","12","3","9","0","0","0","-2"
"230728","Utah State University","2020","Not on tenure/no tenure system, professors","9","7","2","0","0","0","0","0","0","0","0","0","0","0","0","0","0","0","8","7","1","0","0","0","1","0","1","0","0","0","-2"
"230728","Utah State University","2020","Not on tenure/no tenure system, associate professors","29","15","14","0","0","0","0","0","0","0","0","0","0","0","0","0","0","0","27","14","13","1","1","0","1","0","1","0","0","0","-2"
"230728","Utah State University","2020","Not on tenure/no tenure system, assistant professors","104","42","62","0","0","0","1","1","0","0","0","0","3","1","2","0","0","0","92","39","53","1","0","1","7","1","6","0","0","0","-2"
"230728","Utah State University","2020","Not on tenure/no tenure system, instructors","33","17","16","2","2","0","0","0","0","1","1","0","1","1","0","0","0","0","28","12","16","0","0","0","1","1","0","0","0","0","-2"
"230728","Utah State University","2020","Not on tenure/no tenure system, lecturers","137","73","64","2","1","1","1","0","1","2","1","1","4","1","3","0","0","0","125","69","56","1","0","1","2","1","1","0","0","0","-2"
"230764","University of Utah","2020","Tenured total","1114","757","357","1","1","0","121","89","32","12","7","5","38","24","14","1","0","1","849","573","276","14","8","6","69","48","21","9","7","2","-2"
"230764","University of Utah","2020","Tenured, professors","702","510","192","1","1","0","70","57","13","5","4","1","18","12","6","0","0","0","565","404","161","5","3","2","31","23","8","7","6","1","-2"
"230764","University of Utah","2020","Tenured, associate professors","411","247","164","0","0","0","51","32","19","7","3","4","20","12","8","1","0","1","283","169","114","9","5","4","38","25","13","2","1","1","-2"
"230764","University of Utah","2020","Tenured, assistant professors","1","0","1","0","0","0","0","0","0","0","0","0","0","0","0","0","0","0","1","0","1","0","0","0","0","0","0","0","0","0","-2"
"230764","University of Utah","2020","On-Tenure track total","497","288","209","3","1","2","75","39","36","5","4","1","31","17","14","2","0","2","292","169","123","12","5","7","32","20","12","45","33","12","-2"
"230764","University of Utah","2020","On-tenure track, professors","24","15","9","0","0","0","5","4","1","0","0","0","1","0","1","0","0","0","13","8","5","1","0","1","2","1","1","2","2","0","-2"
"230764","University of Utah","2020","On-tenure track, associate professors","47","23","24","0","0","0","4","1","3","0","0","0","4","2","2","0","0","0","34","18","16","1","0","1","4","2","2","0","0","0","-2"
"230764","University of Utah","2020","On-tenure track, assistant professors","419","244","175","3","1","2","65","33","32","5","4","1","26","15","11","2","0","2","240","139","101","10","5","5","25","16","9","43","31","12","-2"
"230764","University of Utah","2020","On-tenure track, instructors","7","6","1","0","0","0","1","1","0","0","0","0","0","0","0","0","0","0","5","4","1","0","0","0","1","1","0","0","0","0","-2"
"230764","University of Utah","2020","Not on tenure track/No tenure system system total","597","293","304","3","0","3","24","9","15","8","3","5","25","11","14","1","1","0","468","229","239","6","3","3","38","23","15","24","14","10","-2"
"230764","University of Utah","2020","Not on tenure/no tenure system, professors","44","19","25","0","0","0","2","1","1","1","0","1","1","0","1","1","1","0","38","17","21","0","0","0","1","0","1","0","0","0","-2"
"230764","University of Utah","2020","Not on tenure/no tenure system, associate professors","98","49","49","0","0","0","7","4","3","1","0","1","2","0","2","0","0","0","79","38","41","0","0","0","9","7","2","0","0","0","-2"
"230764","University of Utah","2020","Not on tenure/no tenure system, assistant professors","147","62","85","1","0","1","9","2","7","3","1","2","6","3","3","0","0","0","104","41","63","4","2","2","10","6","4","10","7","3","-2"
"230764","University of Utah","2020","Not on tenure/no tenure system, instructors","17","4","13","0","0","0","0","0","0","0","0","0","1","1","0","0","0","0","15","3","12","0","0","0","1","0","1","0","0","0","-2"
"230764","University of Utah","2020","Not on tenure/no tenure system, lecturers","291","159","132","2","0","2","6","2","4","3","2","1","15","7","8","0","0","0","232","130","102","2","1","1","17","10","7","14","7","7","-2"
"230913","Northern Vermont University","2020","Tenured total","49","34","15","0","0","0","0","0","0","0","0","0","0","0","0","0","0","0","43","28","15","0","0","0","6","6","0","0","0","0","-2"
"230913","Northern Vermont University","2020","Tenured, professors","27","17","10","0","0","0","0","0","0","0","0","0","0","0","0","0","0","0","27","17","10","0","0","0","0","0","0","0","0","0","-2"
"230913","Northern Vermont University","2020","Tenured, associate professors","22","17","5","0","0","0","0","0","0","0","0","0","0","0","0","0","0","0","16","11","5","0","0","0","6","6","0","0","0","0","-2"
"230913","Northern Vermont University","2020","On-Tenure track total","13","5","8","0","0","0","0","0","0","0","0","0","0","0","0","0","0","0","9","4","5","0","0","0","4","1","3","0","0","0","-2"
"230913","Northern Vermont University","2020","On-tenure track, assistant professors","13","5","8","0","0","0","0","0","0","0","0","0","0","0","0","0","0","0","9","4","5","0","0","0","4","1","3","0","0","0","-2"
"230913","Northern Vermont University","2020","Not on tenure track/No tenure system system total","5","0","5","0","0","0","0","0","0","0","0","0","0","0","0","0","0","0","3","0","3","0","0","0","2","0","2","0","0","0","-2"
"230913","Northern Vermont University","2020","Not on tenure/no tenure system, assistant professors","5","0","5","0","0","0","0","0","0","0","0","0","0","0","0","0","0","0","3","0","3","0","0","0","2","0","2","0","0","0","-2"
"232186","George Mason University","2020","Tenured total","686","434","252","1","1","0","107","74","33","26","14","12","24","17","7","0","0","0","487","301","186","12","5","7","25","20","5","4","2","2","-2"
"232186","George Mason University","2020","Tenured, professors","337","239","98","1","1","0","49","39","10","8","4","4","12","10","2","0","0","0","246","169","77","3","1","2","17","14","3","1","1","0","-2"
"232186","George Mason University","2020","Tenured, associate professors","348","195","153","0","0","0","58","35","23","18","10","8","12","7","5","0","0","0","240","132","108","9","4","5","8","6","2","3","1","2","-2"
"232186","George Mason University","2020","Tenured, assistant professors","1","0","1","0","0","0","0","0","0","0","0","0","0","0","0","0","0","0","1","0","1","0","0","0","0","0","0","0","0","0","-2"
"232186","George Mason University","2020","On-Tenure track total","228","127","101","1","0","1","37","24","13","9","4","5","9","4","5","0","0","0","116","64","52","8","5","3","5","3","2","43","23","20","-2"
"232186","George Mason University","2020","On-tenure track, professors","1","1","0","0","0","0","0","0","0","0","0","0","0","0","0","0","0","0","1","1","0","0","0","0","0","0","0","0","0","0","-2"
"232186","George Mason University","2020","On-tenure track, associate professors","14","8","6","1","0","1","6","4","2","0","0","0","1","1","0","0","0","0","6","3","3","0","0","0","0","0","0","0","0","0","-2"
"232186","George Mason University","2020","On-tenure track, assistant professors","213","118","95","0","0","0","31","20","11","9","4","5","8","3","5","0","0","0","109","60","49","8","5","3","5","3","2","43","23","20","-2"
"232186","George Mason University","2020","Not on tenure track/No tenure system system total","485","205","280","2","2","0","44","19","25","30","10","20","17","5","12","0","0","0","349","145","204","4","3","1","18","10","8","21","11","10","-2"
"232186","George Mason University","2020","Not on tenure/no tenure system, professors","38","17","21","0","0","0","1","1","0","1","0","1","0","0","0","0","0","0","33","13","20","1","1","0","2","2","0","0","0","0","-2"
"232186","George Mason University","2020","Not on tenure/no tenure system, associate professors","134","56","78","0","0","0","11","4","7","8","2","6","4","2","2","0","0","0","103","42","61","3","2","1","4","3","1","1","1","0","-2"
"232186","George Mason University","2020","Not on tenure/no tenure system, assistant professors","224","96","128","2","2","0","25","10","15","17","7","10","10","2","8","0","0","0","145","62","83","0","0","0","8","3","5","17","10","7","-2"
"232186","George Mason University","2020","Not on tenure/no tenure system, instructors","89","36","53","0","0","0","7","4","3","4","1","3","3","1","2","0","0","0","68","28","40","0","0","0","4","2","2","3","0","3","-2"
"232265","Hampton University","2020","Tenured total","53","38","15","0","0","0","10","9","1","31","19","12","3","2","1","0","0","0","9","8","1","0","0","0","0","0","0","0","0","0","-2"
"232265","Hampton University","2020","Tenured, professors","29","22","7","0","0","0","6","6","0","15","9","6","3","2","1","0","0","0","5","5","0","0","0","0","0","0","0","0","0","0","-2"
"232265","Hampton University","2020","Tenured, associate professors","21","13","8","0","0","0","4","3","1","15","9","6","0","0","0","0","0","0","2","1","1","0","0","0","0","0","0","0","0","0","-2"
"232265","Hampton University","2020","Tenured, assistant professors","3","3","0","0","0","0","0","0","0","1","1","0","0","0","0","0","0","0","2","2","0","0","0","0","0","0","0","0","0","0","-2"
"232265","Hampton University","2020","On-Tenure track total","18","12","6","0","0","0","3","2","1","13","9","4","0","0","0","0","0","0","2","1","1","0","0","0","0","0","0","0","0","0","-2"
"232265","Hampton University","2020","On-tenure track, professors","1","1","0","0","0","0","1","1","0","0","0","0","0","0","0","0","0","0","0","0","0","0","0","0","0","0","0","0","0","0","-2"
"232265","Hampton University","2020","On-tenure track, associate professors","7","5","2","0","0","0","0","0","0","6","4","2","0","0","0","0","0","0","1","1","0","0","0","0","0","0","0","0","0","0","-2"
"232265","Hampton University","2020","On-tenure track, assistant professors","10","6","4","0","0","0","2","1","1","7","5","2","0","0","0","0","0","0","1","0","1","0","0","0","0","0","0","0","0","0","-2"
"232265","Hampton University","2020","Not on tenure track/No tenure system system total","123","56","67","0","0","0","8","6","2","84","31","53","2","1","1","0","0","0","29","18","11","0","0","0","0","0","0","0","0","0","-2"
"232265","Hampton University","2020","Not on tenure/no tenure system, professors","3","3","0","0","0","0","0","0","0","0","0","0","0","0","0","0","0","0","3","3","0","0","0","0","0","0","0","0","0","0","-2"
"232265","Hampton University","2020","Not on tenure/no tenure system, associate professors","18","10","8","0","0","0","0","0","0","13","5","8","0","0","0","0","0","0","5","5","0","0","0","0","0","0","0","0","0","0","-2"
"232265","Hampton University","2020","Not on tenure/no tenure system, assistant professors","83","38","45","0","0","0","6","4","2","56","24","32","1","1","0","0","0","0","20","9","11","0","0","0","0","0","0","0","0","0","-2"
"232265","Hampton University","2020","Not on tenure/no tenure system, instructors","9","3","6","0","0","0","0","0","0","7","2","5","1","0","1","0","0","0","1","1","0","0","0","0","0","0","0","0","0","0","-2"
"232265","Hampton University","2020","Not on tenure/no tenure system, lecturers","1","1","0","0","0","0","1","1","0","0","0","0","0","0","0","0","0","0","0","0","0","0","0","0","0","0","0","0","0","0","-2"
"232265","Hampton University","2020","Not on tenure/no tenure system, no academic rank","9","1","8","0","0","0","1","1","0","8","0","8","0","0","0","0","0","0","0","0","0","0","0","0","0","0","0","0","0","0","-2"
"232982","Old Dominion University","2020","Tenured total","412","276","136","2","1","1","72","52","20","21","12","9","14","10","4","0","0","0","250","162","88","1","0","1","42","33","9","10","6","4","-2"
"232982","Old Dominion University","2020","Tenured, professors","204","154","50","1","0","1","38","30","8","8","5","3","7","6","1","0","0","0","113","83","30","0","0","0","29","25","4","8","5","3","-2"
"232982","Old Dominion University","2020","Tenured, associate professors","208","122","86","1","1","0","34","22","12","13","7","6","7","4","3","0","0","0","137","79","58","1","0","1","13","8","5","2","1","1","-2"
"232982","Old Dominion University","2020","On-Tenure track total","174","90","84","0","0","0","35","24","11","12","5","7","6","4","2","0","0","0","98","44","54","0","0","0","1","1","0","22","12","10","-2"
"232982","Old Dominion University","2020","On-tenure track, professors","1","1","0","0","0","0","0","0","0","1","1","0","0","0","0","0","0","0","0","0","0","0","0","0","0","0","0","0","0","0","-2"
"232982","Old Dominion University","2020","On-tenure track, associate professors","9","6","3","0","0","0","3","3","0","1","0","1","0","0","0","0","0","0","3","2","1","0","0","0","0","0","0","2","1","1","-2"
"232982","Old Dominion University","2020","On-tenure track, assistant professors","164","83","81","0","0","0","32","21","11","10","4","6","6","4","2","0","0","0","95","42","53","0","0","0","1","1","0","20","11","9","-2"
"232982","Old Dominion University","2020","Not on tenure track/No tenure system system total","258","90","168","0","0","0","12","6","6","20","2","18","13","5","8","0","0","0","182","58","124","6","4","2","11","4","7","14","11","3","-2"
"232982","Old Dominion University","2020","Not on tenure/no tenure system, professors","2","0","2","0","0","0","0","0","0","0","0","0","0","0","0","0","0","0","2","0","2","0","0","0","0","0","0","0","0","0","-2"
"232982","Old Dominion University","2020","Not on tenure/no tenure system, associate professors","4","2","2","0","0","0","0","0","0","0","0","0","0","0","0","0","0","0","3","1","2","0","0","0","0","0","0","1","1","0","-2"
"232982","Old Dominion University","2020","Not on tenure/no tenure system, assistant professors","30","10","20","0","0","0","4","3","1","4","1","3","2","0","2","0","0","0","15","2","13","0","0","0","0","0","0","5","4","1","-2"
"232982","Old Dominion University","2020","Not on tenure/no tenure system, instructors","6","1","5","0","0","0","1","0","1","0","0","0","0","0","0","0","0","0","4","0","4","0","0","0","1","1","0","0","0","0","-2"
"232982","Old Dominion University","2020","Not on tenure/no tenure system, lecturers","214","76","138","0","0","0","7","3","4","16","1","15","11","5","6","0","0","0","157","55","102","6","4","2","10","3","7","7","5","2","-2"
"232982","Old Dominion University","2020","Not on tenure/no tenure system, no academic rank","2","1","1","0","0","0","0","0","0","0","0","0","0","0","0","0","0","0","1","0","1","0","0","0","0","0","0","1","1","0","-2"
"233921","Virginia Polytechnic Institute and State University","2020","Tenured total","1011","727","284","4","3","1","143","107","36","31","20","11","34","25","9","1","1","0","785","561","224","5","2","3","0","0","0","8","8","0","-2"
"233921","Virginia Polytechnic Institute and State University","2020","Tenured, professors","561","450","111","1","0","1","86","73","13","16","11","5","17","14","3","0","0","0","436","348","88","2","1","1","0","0","0","3","3","0","-2"
"233921","Virginia Polytechnic Institute and State University","2020","Tenured, associate professors","450","277","173","3","3","0","57","34","23","15","9","6","17","11","6","1","1","0","349","213","136","3","1","2","0","0","0","5","5","0","-2"
"233921","Virginia Polytechnic Institute and State University","2020","On-Tenure track total","488","291","197","0","0","0","76","45","31","26","12","14","22","16","6","1","0","1","283","163","120","3","3","0","0","0","0","77","52","25","-2"
"233921","Virginia Polytechnic Institute and State University","2020","On-tenure track, professors","7","4","3","0","0","0","0","0","0","1","1","0","0","0","0","0","0","0","6","3","3","0","0","0","0","0","0","0","0","0","-2"
"233921","Virginia Polytechnic Institute and State University","2020","On-tenure track, associate professors","33","24","9","0","0","0","7","5","2","1","1","0","1","1","0","0","0","0","23","16","7","0","0","0","0","0","0","1","1","0","-2"
"233921","Virginia Polytechnic Institute and State University","2020","On-tenure track, assistant professors","448","263","185","0","0","0","69","40","29","24","10","14","21","15","6","1","0","1","254","144","110","3","3","0","0","0","0","76","51","25","-2"
"233921","Virginia Polytechnic Institute and State University","2020","Not on tenure track/No tenure system system total","610","315","295","0","0","0","35","19","16","19","7","12","28","8","20","1","1","0","470","242","228","12","6","6","0","0","0","45","32","13","-2"
"233921","Virginia Polytechnic Institute and State University","2020","Not on tenure/no tenure system, professors","29","22","7","0","0","0","1","1","0","1","1","0","0","0","0","0","0","0","26","19","7","0","0","0","0","0","0","1","1","0","-2"
"233921","Virginia Polytechnic Institute and State University","2020","Not on tenure/no tenure system, associate professors","67","38","29","0","0","0","4","2","2","1","1","0","2","1","1","0","0","0","58","32","26","0","0","0","0","0","0","2","2","0","-2"
"233921","Virginia Polytechnic Institute and State University","2020","Not on tenure/no tenure system, assistant professors","175","88","87","0","0","0","15","10","5","8","0","8","10","3","7","0","0","0","122","63","59","3","0","3","0","0","0","17","12","5","-2"
"233921","Virginia Polytechnic Institute and State University","2020","Not on tenure/no tenure system, instructors","295","140","155","0","0","0","15","6","9","9","5","4","14","4","10","0","0","0","224","103","121","8","5","3","0","0","0","25","17","8","-2"
"233921","Virginia Polytechnic Institute and State University","2020","Not on tenure/no tenure system, lecturers","2","2","0","0","0","0","0","0","0","0","0","0","0","0","0","0","0","0","2","2","0","0","0","0","0","0","0","0","0","0","-2"
"233921","Virginia Polytechnic Institute and State University","2020","Not on tenure/no tenure system, no academic rank","42","25","17","0","0","0","0","0","0","0","0","0","2","0","2","1","1","0","38","23","15","1","1","0","0","0","0","0","0","0","-2"
"234076","University of Virginia-Main Campus","2020","Tenured total","1097","776","321","1","1","0","116","81","35","50","31","19","31","22","9","0","0","0","879","630","249","11","6","5","5","3","2","4","2","2","-2"
"234076","University of Virginia-Main Campus","2020","Tenured, professors","705","531","174","0","0","0","65","54","11","20","14","6","21","17","4","0","0","0","589","441","148","5","2","3","3","2","1","2","1","1","-2"
"234076","University of Virginia-Main Campus","2020","Tenured, associate professors","392","245","147","1","1","0","51","27","24","30","17","13","10","5","5","0","0","0","290","189","101","6","4","2","2","1","1","2","1","1","-2"
"234076","University of Virginia-Main Campus","2020","On-Tenure track total","392","234","158","2","0","2","65","40","25","22","10","12","16","9","7","1","1","0","235","139","96","2","1","1","4","3","1","45","31","14","-2"
"234076","University of Virginia-Main Campus","2020","On-tenure track, associate professors","74","47","27","0","0","0","14","11","3","2","1","1","1","0","1","0","0","0","52","32","20","0","0","0","3","2","1","2","1","1","-2"
"234076","University of Virginia-Main Campus","2020","On-tenure track, assistant professors","318","187","131","2","0","2","51","29","22","20","9","11","15","9","6","1","1","0","183","107","76","2","1","1","1","1","0","43","30","13","-2"
"234076","University of Virginia-Main Campus","2020","Not on tenure track/No tenure system system total","995","504","491","1","1","0","103","41","62","35","14","21","30","11","19","0","0","0","739","390","349","8","4","4","7","6","1","72","37","35","-2"
"234076","University of Virginia-Main Campus","2020","Not on tenure/no tenure system, professors","116","74","42","0","0","0","5","0","5","5","1","4","0","0","0","0","0","0","104","71","33","0","0","0","1","1","0","1","1","0","-2"
"234076","University of Virginia-Main Campus","2020","Not on tenure/no tenure system, associate professors","310","156","154","0","0","0","31","14","17","10","4","6","10","5","5","0","0","0","250","128","122","2","1","1","3","2","1","4","2","2","-2"
"234076","University of Virginia-Main Campus","2020","Not on tenure/no tenure system, assistant professors","428","209","219","1","1","0","55","24","31","15","6","9","18","4","14","0","0","0","295","147","148","5","3","2","2","2","0","37","22","15","-2"
"234076","University of Virginia-Main Campus","2020","Not on tenure/no tenure system, instructors","41","28","13","0","0","0","5","1","4","2","2","0","2","2","0","0","0","0","26","19","7","0","0","0","1","1","0","5","3","2","-2"
"234076","University of Virginia-Main Campus","2020","Not on tenure/no tenure system, lecturers","100","37","63","0","0","0","7","2","5","3","1","2","0","0","0","0","0","0","64","25","39","1","0","1","0","0","0","25","9","16","-2"
"236939","Washington State University","2020","Tenured total","626","429","197","3","3","0","83","66","17","8","6","2","19","12","7","3","2","1","346","219","127","9","5","4","153","114","39","2","2","0","-2"
"236939","Washington State University","2020","Tenured, professors","336","245","91","2","2","0","49","43","6","3","3","0","14","8","6","3","2","1","198","140","58","6","3","3","61","44","17","0","0","0","-2"
"236939","Washington State University","2020","Tenured, associate professors","290","184","106","1","1","0","34","23","11","5","3","2","5","4","1","0","0","0","148","79","69","3","2","1","92","70","22","2","2","0","-2"
"236939","Washington State University","2020","On-Tenure track total","212","108","104","1","0","1","15","8","7","2","1","1","6","1","5","0","0","0","63","27","36","4","1","3","85","48","37","36","22","14","-2"
"236939","Washington State University","2020","On-tenure track, professors","1","1","0","0","0","0","0","0","0","0","0","0","0","0","0","0","0","0","0","0","0","0","0","0","1","1","0","0","0","0","-2"
"236939","Washington State University","2020","On-tenure track, associate professors","9","5","4","0","0","0","1","1","0","0","0","0","0","0","0","0","0","0","5","2","3","0","0","0","2","2","0","1","0","1","-2"
"236939","Washington State University","2020","On-tenure track, assistant professors","202","102","100","1","0","1","14","7","7","2","1","1","6","1","5","0","0","0","58","25","33","4","1","3","82","45","37","35","22","13","-2"
"236939","Washington State University","2020","Not on tenure track/No tenure system system total","492","216","276","1","0","1","18","3","15","4","2","2","25","11","14","0","0","0","297","124","173","2","1","1","119","57","62","26","18","8","-2"
"236939","Washington State University","2020","Not on tenure/no tenure system, instructors","27","8","19","0","0","0","1","0","1","0","0","0","1","1","0","0","0","0","19","6","13","0","0","0","6","1","5","0","0","0","-2"
"236939","Washington State University","2020","Not on tenure/no tenure system, lecturers","42","20","22","0","0","0","0","0","0","0","0","0","2","0","2","0","0","0","23","14","9","0","0","0","14","4","10","3","2","1","-2"
"236939","Washington State University","2020","Not on tenure/no tenure system, no academic rank","423","188","235","1","0","1","17","3","14","4","2","2","22","10","12","0","0","0","255","104","151","2","1","1","99","52","47","23","16","7","-2"
"236948","University of Washington-Seattle Campus","2020","Tenured total","2259","1425","834","8","3","5","361","231","130","36","16","20","92","55","37","2","2","0","1607","1023","584","40","19","21","105","69","36","8","7","1","-2"
"236948","University of Washington-Seattle Campus","2020","Tenured, professors","1391","946","445","2","1","1","195","139","56","15","8","7","45","33","12","1","1","0","1067","714","353","15","12","3","47","34","13","4","4","0","-2"
"236948","University of Washington-Seattle Campus","2020","Tenured, associate professors","868","479","389","6","2","4","166","92","74","21","8","13","47","22","25","1","1","0","540","309","231","25","7","18","58","35","23","4","3","1","-2"
"236948","University of Washington-Seattle Campus","2020","On-Tenure track total","691","326","365","3","0","3","127","54","73","22","8","14","34","20","14","1","0","1","366","173","193","12","5","7","73","41","32","53","25","28","-2"
"236948","University of Washington-Seattle Campus","2020","On-tenure track, associate professors","3","1","2","0","0","0","0","0","0","0","0","0","0","0","0","0","0","0","2","1","1","1","0","1","0","0","0","0","0","0","-2"
"236948","University of Washington-Seattle Campus","2020","On-tenure track, assistant professors","688","325","363","3","0","3","127","54","73","22","8","14","34","20","14","1","0","1","364","172","192","11","5","6","73","41","32","53","25","28","-2"
"236948","University of Washington-Seattle Campus","2020","Not on tenure track/No tenure system system total","1769","768","1001","3","1","2","290","130","160","35","14","21","89","40","49","2","2","0","1006","413","593","39","8","31","203","100","103","102","60","42","-2"
"236948","University of Washington-Seattle Campus","2020","Not on tenure/no tenure system, professors","162","85","77","0","0","0","18","7","11","1","1","0","9","5","4","0","0","0","130","70","60","2","0","2","2","2","0","0","0","0","-2"
"236948","University of Washington-Seattle Campus","2020","Not on tenure/no tenure system, associate professors","347","174","173","1","0","1","64","33","31","4","2","2","18","8","10","1","1","0","228","111","117","8","2","6","17","12","5","6","5","1","-2"
"236948","University of Washington-Seattle Campus","2020","Not on tenure/no tenure system, assistant professors","541","247","294","1","0","1","111","54","57","15","5","10","27","14","13","0","0","0","273","119","154","14","3","11","65","32","33","35","20","15","-2"
"236948","University of Washington-Seattle Campus","2020","Not on tenure/no tenure system, instructors","326","177","149","0","0","0","51","28","23","9","5","4","14","8","6","1","1","0","123","64","59","6","2","4","66","34","32","56","35","21","-2"
"236948","University of Washington-Seattle Campus","2020","Not on tenure/no tenure system, lecturers","393","85","308","1","1","0","46","8","38","6","1","5","21","5","16","0","0","0","252","49","203","9","1","8","53","20","33","5","0","5","-2"
"237057","Whitman College","2020","Tenured total","98","53","45","0","0","0","6","2","4","2","1","1","2","2","0","0","0","0","80","47","33","0","0","0","1","0","1","7","1","6","-2"
"237057","Whitman College","2020","Tenured, professors","42","28","14","0","0","0","3","1","2","0","0","0","0","0","0","0","0","0","37","27","10","0","0","0","0","0","0","2","0","2","-2"
"237057","Whitman College","2020","Tenured, associate professors","55","25","30","0","0","0","3","1","2","2","1","1","2","2","0","0","0","0","42","20","22","0","0","0","1","0","1","5","1","4","-2"
"237057","Whitman College","2020","Tenured, assistant professors","1","0","1","0","0","0","0","0","0","0","0","0","0","0","0","0","0","0","1","0","1","0","0","0","0","0","0","0","0","0","-2"
"237057","Whitman College","2020","On-Tenure track total","34","16","18","0","0","0","1","0","1","0","0","0","4","3","1","0","0","0","21","9","12","0","0","0","3","2","1","5","2","3","-2"
"237057","Whitman College","2020","On-tenure track, associate professors","2","1","1","0","0","0","0","0","0","0","0","0","0","0","0","0","0","0","2","1","1","0","0","0","0","0","0","0","0","0","-2"
"237057","Whitman College","2020","On-tenure track, assistant professors","32","15","17","0","0","0","1","0","1","0","0","0","4","3","1","0","0","0","19","8","11","0","0","0","3","2","1","5","2","3","-2"
"237057","Whitman College","2020","Not on tenure track/No tenure system system total","46","25","21","0","0","0","2","1","1","2","1","1","1","1","0","1","1","0","36","19","17","0","0","0","2","1","1","2","1","1","-2"
"237057","Whitman College","2020","Not on tenure/no tenure system, professors","1","1","0","0","0","0","0","0","0","0","0","0","0","0","0","0","0","0","1","1","0","0","0","0","0","0","0","0","0","0","-2"
"237057","Whitman College","2020","Not on tenure/no tenure system, associate professors","1","0","1","0","0","0","0","0","0","0","0","0","0","0","0","0","0","0","0","0","0","0","0","0","1","0","1","0","0","0","-2"
"237057","Whitman College","2020","Not on tenure/no tenure system, assistant professors","11","5","6","0","0","0","0","0","0","0","0","0","0","0","0","0","0","0","10","4","6","0","0","0","1","1","0","0","0","0","-2"
"237057","Whitman College","2020","Not on tenure/no tenure system, instructors","9","4","5","0","0","0","2","1","1","2","1","1","0","0","0","0","0","0","4","2","2","0","0","0","0","0","0","1","0","1","-2"
"237057","Whitman College","2020","Not on tenure/no tenure system, lecturers","24","15","9","0","0","0","0","0","0","0","0","0","1","1","0","1","1","0","21","12","9","0","0","0","0","0","0","1","1","0","-2"
"237525","Marshall University","2020","Tenured total","397","237","160","2","0","2","50","37","13","10","8","2","8","3","5","0","0","0","323","188","135","0","0","0","1","1","0","3","0","3","-2"
"237525","Marshall University","2020","Tenured, professors","229","146","83","2","0","2","29","22","7","6","5","1","6","2","4","0","0","0","184","116","68","0","0","0","1","1","0","1","0","1","-2"
"237525","Marshall University","2020","Tenured, associate professors","166","91","75","0","0","0","21","15","6","4","3","1","2","1","1","0","0","0","137","72","65","0","0","0","0","0","0","2","0","2","-2"
"237525","Marshall University","2020","Tenured, assistant professors","2","0","2","0","0","0","0","0","0","0","0","0","0","0","0","0","0","0","2","0","2","0","0","0","0","0","0","0","0","0","-2"
"237525","Marshall University","2020","On-Tenure track total","161","85","76","0","0","0","30","22","8","9","2","7","4","2","2","0","0","0","116","57","59","0","0","0","2","2","0","0","0","0","-2"
"237525","Marshall University","2020","On-tenure track, professors","3","3","0","0","0","0","0","0","0","0","0","0","1","1","0","0","0","0","2","2","0","0","0","0","0","0","0","0","0","0","-2"
"237525","Marshall University","2020","On-tenure track, associate professors","14","7","7","0","0","0","5","4","1","0","0","0","0","0","0","0","0","0","9","3","6","0","0","0","0","0","0","0","0","0","-2"
"237525","Marshall University","2020","On-tenure track, assistant professors","144","75","69","0","0","0","25","18","7","9","2","7","3","1","2","0","0","0","105","52","53","0","0","0","2","2","0","0","0","0","-2"
"237525","Marshall University","2020","Not on tenure track/No tenure system system total","262","142","120","1","1","0","29","18","11","8","5","3","5","2","3","0","0","0","207","108","99","1","0","1","9","6","3","2","2","0","-2"
"237525","Marshall University","2020","Not on tenure/no tenure system, professors","8","6","2","0","0","0","0","0","0","0","0","0","0","0","0","0","0","0","8","6","2","0","0","0","0","0","0","0","0","0","-2"
"237525","Marshall University","2020","Not on tenure/no tenure system, associate professors","38","32","6","1","1","0","2","2","0","3","2","1","2","1","1","0","0","0","29","25","4","0","0","0","1","1","0","0","0","0","-2"
"237525","Marshall University","2020","Not on tenure/no tenure system, assistant professors","155","86","69","0","0","0","22","14","8","5","3","2","3","1","2","0","0","0","116","61","55","0","0","0","7","5","2","2","2","0","-2"
"237525","Marshall University","2020","Not on tenure/no tenure system, instructors","61","18","43","0","0","0","5","2","3","0","0","0","0","0","0","0","0","0","54","16","38","1","0","1","1","0","1","0","0","0","-2"
"239512","Northland College","2020","Tenured total","22","14","8","0","0","0","1","1","0","0","0","0","0","0","0","0","0","0","21","13","8","0","0","0","0","0","0","0","0","0","-2"
"239512","Northland College","2020","Tenured, professors","13","9","4","0","0","0","1","1","0","0","0","0","0","0","0","0","0","0","12","8","4","0","0","0","0","0","0","0","0","0","-2"
"239512","Northland College","2020","Tenured, associate professors","9","5","4","0","0","0","0","0","0","0","0","0","0","0","0","0","0","0","9","5","4","0","0","0","0","0","0","0","0","0","-2"
"239512","Northland College","2020","On-Tenure track total","19","9","10","0","0","0","0","0","0","0","0","0","0","0","0","0","0","0","17","7","10","0","0","0","2","2","0","0","0","0","-2"
"239512","Northland College","2020","On-tenure track, assistant professors","18","9","9","0","0","0","0","0","0","0","0","0","0","0","0","0","0","0","16","7","9","0","0","0","2","2","0","0","0","0","-2"
"239512","Northland College","2020","On-tenure track, instructors","1","0","1","0","0","0","0","0","0","0","0","0","0","0","0","0","0","0","1","0","1","0","0","0","0","0","0","0","0","0","-2"
"239512","Northland College","2020","Not on tenure track/No tenure system system total","8","3","5","0","0","0","0","0","0","0","0","0","0","0","0","0","0","0","7","2","5","0","0","0","1","1","0","0","0","0","-2"
"239512","Northland College","2020","Not on tenure/no tenure system, assistant professors","4","3","1","0","0","0","0","0","0","0","0","0","0","0","0","0","0","0","3","2","1","0","0","0","1","1","0","0","0","0","-2"
"239512","Northland College","2020","Not on tenure/no tenure system, instructors","4","0","4","0","0","0","0","0","0","0","0","0","0","0","0","0","0","0","4","0","4","0","0","0","0","0","0","0","0","0","-2"
"240444","University of Wisconsin-Madison","2020","Tenured total","1493","976","517","5","3","2","181","120","61","38","18","20","53","32","21","2","0","2","1147","761","386","15","9","6","41","27","14","11","6","5","-2"
"240444","University of Wisconsin-Madison","2020","Tenured, professors","1091","747","344","4","2","2","132","89","43","23","11","12","34","18","16","2","0","2","866","606","260","8","6","2","19","13","6","3","2","1","-2"
"240444","University of Wisconsin-Madison","2020","Tenured, associate professors","402","229","173","1","1","0","49","31","18","15","7","8","19","14","5","0","0","0","281","155","126","7","3","4","22","14","8","8","4","4","-2"
"240444","University of Wisconsin-Madison","2020","On-Tenure track total","532","282","250","2","1","1","87","48","39","30","8","22","28","15","13","0","0","0","242","129","113","10","5","5","40","22","18","93","54","39","-2"
"240444","University of Wisconsin-Madison","2020","On-tenure track, professors","2","1","1","0","0","0","1","1","0","0","0","0","0","0","0","0","0","0","1","0","1","0","0","0","0","0","0","0","0","0","-2"
"240444","University of Wisconsin-Madison","2020","On-tenure track, associate professors","5","2","3","0","0","0","0","0","0","0","0","0","0","0","0","0","0","0","5","2","3","0","0","0","0","0","0","0","0","0","-2"
"240444","University of Wisconsin-Madison","2020","On-tenure track, assistant professors","524","279","245","2","1","1","86","47","39","29","8","21","28","15","13","0","0","0","236","127","109","10","5","5","40","22","18","93","54","39","-2"
"240444","University of Wisconsin-Madison","2020","On-tenure track, instructors","1","0","1","0","0","0","0","0","0","1","0","1","0","0","0","0","0","0","0","0","0","0","0","0","0","0","0","0","0","0","-2"
"240444","University of Wisconsin-Madison","2020","Not on tenure track/No tenure system system total","1691","882","809","3","2","1","127","72","55","35","14","21","47","20","27","1","0","1","1255","636","619","15","5","10","158","102","56","50","31","19","-2"
"240444","University of Wisconsin-Madison","2020","Not on tenure/no tenure system, professors","414","231","183","1","0","1","28","15","13","7","4","3","7","3","4","0","0","0","349","191","158","2","0","2","17","15","2","3","3","0","-2"
"240444","University of Wisconsin-Madison","2020","Not on tenure/no tenure system, associate professors","396","212","184","1","1","0","32","20","12","10","6","4","11","7","4","1","0","1","310","160","150","5","1","4","23","15","8","3","2","1","-2"
"240444","University of Wisconsin-Madison","2020","Not on tenure/no tenure system, assistant professors","578","301","277","1","1","0","52","29","23","13","3","10","18","6","12","0","0","0","375","186","189","4","2","2","79","52","27","36","22","14","-2"
"240444","University of Wisconsin-Madison","2020","Not on tenure/no tenure system, instructors","173","68","105","0","0","0","7","4","3","4","0","4","5","1","4","0","0","0","120","44","76","1","0","1","35","19","16","1","0","1","-2"
"240444","University of Wisconsin-Madison","2020","Not on tenure/no tenure system, lecturers","130","70","60","0","0","0","8","4","4","1","1","0","6","3","3","0","0","0","101","55","46","3","2","1","4","1","3","7","4","3","-2"
"240453","University of Wisconsin-Milwaukee","2020","Tenured total","579","345","234","3","2","1","112","75","37","26","13","13","29","16","13","0","0","0","396","231","165","5","2","3","0","0","0","8","6","2","240453"
"240453","University of Wisconsin-Milwaukee","2020","Tenured, professors","243","159","84","1","0","1","42","31","11","7","4","3","13","9","4","0","0","0","177","113","64","2","1","1","0","0","0","1","1","0","240453"
"240453","University of Wisconsin-Milwaukee","2020","Tenured, associate professors","335","185","150","2","2","0","70","44","26","19","9","10","16","7","9","0","0","0","218","117","101","3","1","2","0","0","0","7","5","2","240453"
"240453","University of Wisconsin-Milwaukee","2020","Tenured, assistant professors","1","1","0","0","0","0","0","0","0","0","0","0","0","0","0","0","0","0","1","1","0","0","0","0","0","0","0","0","0","0","240453"
"240453","University of Wisconsin-Milwaukee","2020","On-Tenure track total","98","45","53","0","0","0","11","4","7","3","1","2","4","3","1","0","0","0","61","27","34","0","0","0","1","0","1","18","10","8","240453"
"240453","University of Wisconsin-Milwaukee","2020","On-tenure track, associate professors","3","0","3","0","0","0","0","0","0","0","0","0","0","0","0","0","0","0","3","0","3","0","0","0","0","0","0","0","0","0","240453"
"240453","University of Wisconsin-Milwaukee","2020","On-tenure track, assistant professors","95","45","50","0","0","0","11","4","7","3","1","2","4","3","1","0","0","0","58","27","31","0","0","0","1","0","1","18","10","8","240453"
"240453","University of Wisconsin-Milwaukee","2020","Not on tenure track/No tenure system system total","320","114","206","0","0","0","16","6","10","10","1","9","9","2","7","0","0","0","271","100","171","3","2","1","1","0","1","10","3","7","240453"
"240453","University of Wisconsin-Milwaukee","2020","Not on tenure/no tenure system, professors","17","7","10","0","0","0","1","1","0","1","0","1","0","0","0","0","0","0","15","6","9","0","0","0","0","0","0","0","0","0","240453"
"240453","University of Wisconsin-Milwaukee","2020","Not on tenure/no tenure system, associate professors","24","2","22","0","0","0","1","0","1","2","0","2","2","0","2","0","0","0","19","2","17","0","0","0","0","0","0","0","0","0","240453"
"240453","University of Wisconsin-Milwaukee","2020","Not on tenure/no tenure system, assistant professors","59","11","48","0","0","0","2","1","1","5","0","5","0","0","0","0","0","0","46","6","40","2","2","0","0","0","0","4","2","2","240453"
"240453","University of Wisconsin-Milwaukee","2020","Not on tenure/no tenure system, instructors","24","3","21","0","0","0","0","0","0","1","0","1","0","0","0","0","0","0","22","3","19","0","0","0","1","0","1","0","0","0","240453"
"240453","University of Wisconsin-Milwaukee","2020","Not on tenure/no tenure system, lecturers","196","91","105","0","0","0","12","4","8","1","1","0","7","2","5","0","0","0","169","83","86","1","0","1","0","0","0","6","1","5","240453"
"240727","University of Wyoming","2020","Tenured total","376","244","132","1","1","0","32","23","9","8","3","5","8","5","3","1","1","0","249","170","79","1","1","0","74","38","36","2","2","0","-2"
"240727","University of Wyoming","2020","Tenured, professors","196","143","53","0","0","0","12","10","2","5","2","3","6","4","2","1","1","0","139","104","35","0","0","0","32","21","11","1","1","0","-2"
"240727","University of Wyoming","2020","Tenured, associate professors","180","101","79","1","1","0","20","13","7","3","1","2","2","1","1","0","0","0","110","66","44","1","1","0","42","17","25","1","1","0","-2"
"240727","University of Wyoming","2020","On-Tenure track total","154","78","76","0","0","0","2","1","1","1","1","0","2","0","2","0","0","0","70","29","41","2","0","2","64","41","23","13","6","7","-2"
"240727","University of Wyoming","2020","On-tenure track, associate professors","5","2","3","0","0","0","0","0","0","0","0","0","0","0","0","0","0","0","4","2","2","0","0","0","1","0","1","0","0","0","-2"
"240727","University of Wyoming","2020","On-tenure track, assistant professors","149","76","73","0","0","0","2","1","1","1","1","0","2","0","2","0","0","0","66","27","39","2","0","2","63","41","22","13","6","7","-2"
"240727","University of Wyoming","2020","Not on tenure track/No tenure system system total","189","83","106","0","0","0","2","1","1","0","0","0","5","0","5","0","0","0","120","52","68","0","0","0","59","27","32","3","3","0","-2"
"240727","University of Wyoming","2020","Not on tenure/no tenure system, professors","1","1","0","0","0","0","0","0","0","0","0","0","0","0","0","0","0","0","1","1","0","0","0","0","0","0","0","0","0","0","-2"
"240727","University of Wyoming","2020","Not on tenure/no tenure system, instructors","19","11","8","0","0","0","0","0","0","0","0","0","0","0","0","0","0","0","7","5","2","0","0","0","11","5","6","1","1","0","-2"
"240727","University of Wyoming","2020","Not on tenure/no tenure system, lecturers","169","71","98","0","0","0","2","1","1","0","0","0","5","0","5","0","0","0","112","46","66","0","0","0","48","22","26","2","2","0","-2"
"243665","University of the Virgin Islands","2020","Tenured total","31","22","9","0","0","0","1","1","0","12","10","2","0","0","0","0","0","0","17","11","6","0","0","0","1","0","1","0","0","0","-2"
"243665","University of the Virgin Islands","2020","Tenured, professors","13","10","3","0","0","0","0","0","0","4","4","0","0","0","0","0","0","0","9","6","3","0","0","0","0","0","0","0","0","0","-2"
"243665","University of the Virgin Islands","2020","Tenured, associate professors","12","8","4","0","0","0","1","1","0","6","4","2","0","0","0","0","0","0","5","3","2","0","0","0","0","0","0","0","0","0","-2"
"243665","University of the Virgin Islands","2020","Tenured, assistant professors","6","4","2","0","0","0","0","0","0","2","2","0","0","0","0","0","0","0","3","2","1","0","0","0","1","0","1","0","0","0","-2"
"243665","University of the Virgin Islands","2020","On-Tenure track total","18","7","11","0","0","0","1","0","1","9","4","5","1","0","1","0","0","0","5","3","2","0","0","0","2","0","2","0","0","0","-2"
"243665","University of the Virgin Islands","2020","On-tenure track, professors","1","1","0","0","0","0","0","0","0","1","1","0","0","0","0","0","0","0","0","0","0","0","0","0","0","0","0","0","0","0","-2"
"243665","University of the Virgin Islands","2020","On-tenure track, associate professors","2","1","1","0","0","0","0","0","0","2","1","1","0","0","0","0","0","0","0","0","0","0","0","0","0","0","0","0","0","0","-2"
"243665","University of the Virgin Islands","2020","On-tenure track, assistant professors","15","5","10","0","0","0","1","0","1","6","2","4","1","0","1","0","0","0","5","3","2","0","0","0","2","0","2","0","0","0","-2"
"243665","University of the Virgin Islands","2020","Not on tenure track/No tenure system system total","20","6","14","0","0","0","0","0","0","10","3","7","2","1","1","0","0","0","7","2","5","0","0","0","1","0","1","0","0","0","-2"
"243665","University of the Virgin Islands","2020","Not on tenure/no tenure system, professors","5","2","3","0","0","0","0","0","0","3","2","1","0","0","0","0","0","0","2","0","2","0","0","0","0","0","0","0","0","0","-2"
"243665","University of the Virgin Islands","2020","Not on tenure/no tenure system, associate professors","2","1","1","0","0","0","0","0","0","1","0","1","1","1","0","0","0","0","0","0","0","0","0","0","0","0","0","0","0","0","-2"
"243665","University of the Virgin Islands","2020","Not on tenure/no tenure system, assistant professors","7","1","6","0","0","0","0","0","0","4","0","4","0","0","0","0","0","0","3","1","2","0","0","0","0","0","0","0","0","0","-2"
"243665","University of the Virgin Islands","2020","Not on tenure/no tenure system, instructors","5","1","4","0","0","0","0","0","0","1","0","1","1","0","1","0","0","0","2","1","1","0","0","0","1","0","1","0","0","0","-2"
"243665","University of the Virgin Islands","2020","Not on tenure/no tenure system, no academic rank","1","1","0","0","0","0","0","0","0","1","1","0","0","0","0","0","0","0","0","0","0","0","0","0","0","0","0","0","0","0","-2"
"243744","Stanford University","2020","Tenured total","1170","877","293","1","0","1","147","108","39","18","10","8","49","33","16","0","0","0","784","601","183","11","4","7","55","45","10","105","76","29","-2"
"243744","Stanford University","2020","Tenured, professors","913","711","202","0","0","0","102","79","23","12","8","4","29","21","8","0","0","0","643","505","138","7","2","5","41","35","6","79","61","18","-2"
"243744","Stanford University","2020","Tenured, associate professors","257","166","91","1","0","1","45","29","16","6","2","4","20","12","8","0","0","0","141","96","45","4","2","2","14","10","4","26","15","11","-2"
"243744","Stanford University","2020","On-Tenure track total","336","198","138","0","0","0","54","31","23","8","4","4","15","7","8","0","0","0","152","87","65","11","5","6","38","25","13","58","39","19","-2"
"243744","Stanford University","2020","On-tenure track, professors","7","6","1","0","0","0","2","2","0","0","0","0","1","1","0","0","0","0","4","3","1","0","0","0","0","0","0","0","0","0","-2"
"243744","Stanford University","2020","On-tenure track, associate professors","33","20","13","0","0","0","3","2","1","2","0","2","1","1","0","0","0","0","16","10","6","2","1","1","4","2","2","5","4","1","-2"
"243744","Stanford University","2020","On-tenure track, assistant professors","296","172","124","0","0","0","49","27","22","6","4","2","13","5","8","0","0","0","132","74","58","9","4","5","34","23","11","53","35","18","-2"
"243744","Stanford University","2020","Not on tenure track/No tenure system system total","600","384","216","2","1","1","147","84","63","14","6","8","21","17","4","0","0","0","351","235","116","5","2","3","34","24","10","26","15","11","-2"
"243744","Stanford University","2020","Not on tenure/no tenure system, professors","320","225","95","0","0","0","66","41","25","6","2","4","10","10","0","0","0","0","211","150","61","1","1","0","15","13","2","11","8","3","-2"
"243744","Stanford University","2020","Not on tenure/no tenure system, associate professors","153","92","61","1","0","1","37","21","16","5","3","2","8","6","2","0","0","0","80","51","29","3","1","2","12","7","5","7","3","4","-2"
"243744","Stanford University","2020","Not on tenure/no tenure system, assistant professors","127","67","60","1","1","0","44","22","22","3","1","2","3","1","2","0","0","0","60","34","26","1","0","1","7","4","3","8","4","4","-2"
"243780","Purdue University-Main Campus","2020","Tenured total","1266","922","344","1","1","0","275","219","56","41","28","13","60","45","15","1","1","0","858","611","247","14","7","7","9","3","6","7","7","0","-2"
"243780","Purdue University-Main Campus","2020","Tenured, professors","806","625","181","1","1","0","184","156","28","22","20","2","35","26","9","0","0","0","553","416","137","5","2","3","4","2","2","2","2","0","-2"
"243780","Purdue University-Main Campus","2020","Tenured, associate professors","459","296","163","0","0","0","91","63","28","19","8","11","25","19","6","1","1","0","304","194","110","9","5","4","5","1","4","5","5","0","-2"
"243780","Purdue University-Main Campus","2020","Tenured, assistant professors","1","1","0","0","0","0","0","0","0","0","0","0","0","0","0","0","0","0","1","1","0","0","0","0","0","0","0","0","0","0","-2"
"243780","Purdue University-Main Campus","2020","On-Tenure track total","481","301","180","2","1","1","85","46","39","13","10","3","24","17","7","0","0","0","229","136","93","7","3","4","11","4","7","110","84","26","-2"
"243780","Purdue University-Main Campus","2020","On-tenure track, professors","2","2","0","0","0","0","0","0","0","0","0","0","0","0","0","0","0","0","0","0","0","0","0","0","0","0","0","2","2","0","-2"
"243780","Purdue University-Main Campus","2020","On-tenure track, associate professors","14","10","4","0","0","0","6","5","1","0","0","0","0","0","0","0","0","0","4","2","2","0","0","0","1","0","1","3","3","0","-2"
"243780","Purdue University-Main Campus","2020","On-tenure track, assistant professors","465","289","176","2","1","1","79","41","38","13","10","3","24","17","7","0","0","0","225","134","91","7","3","4","10","4","6","105","79","26","-2"
"243780","Purdue University-Main Campus","2020","Not on tenure track/No tenure system system total","67","43","24","0","0","0","6","3","3","1","1","0","1","1","0","0","0","0","27","18","9","0","0","0","3","1","2","29","19","10","-2"
"243780","Purdue University-Main Campus","2020","Not on tenure/no tenure system, professors","6","6","0","0","0","0","1","1","0","0","0","0","1","1","0","0","0","0","3","3","0","0","0","0","0","0","0","1","1","0","-2"
"243780","Purdue University-Main Campus","2020","Not on tenure/no tenure system, associate professors","1","1","0","0","0","0","0","0","0","0","0","0","0","0","0","0","0","0","0","0","0","0","0","0","0","0","0","1","1","0","-2"
"243780","Purdue University-Main Campus","2020","Not on tenure/no tenure system, assistant professors","57","34","23","0","0","0","5","2","3","1","1","0","0","0","0","0","0","0","23","14","9","0","0","0","3","1","2","25","16","9","-2"
"243780","Purdue University-Main Campus","2020","Not on tenure/no tenure system, instructors","3","2","1","0","0","0","0","0","0","0","0","0","0","0","0","0","0","0","1","1","0","0","0","0","0","0","0","2","1","1","-2"
"445188","University of California-Merced","2020","Tenured total","186","113","73","1","0","1","28","21","7","3","2","1","30","21","9","0","0","0","109","63","46","4","2","2","5","1","4","6","3","3","-2"
"445188","University of California-Merced","2020","Tenured, professors","89","57","32","0","0","0","16","13","3","2","1","1","11","9","2","0","0","0","55","33","22","0","0","0","3","0","3","2","1","1","-2"
"445188","University of California-Merced","2020","Tenured, associate professors","81","47","34","1","0","1","11","8","3","1","1","0","15","9","6","0","0","0","44","25","19","4","2","2","1","0","1","4","2","2","-2"
"445188","University of California-Merced","2020","Tenured, lecturers","16","9","7","0","0","0","1","0","1","0","0","0","4","3","1","0","0","0","10","5","5","0","0","0","1","1","0","0","0","0","-2"
"445188","University of California-Merced","2020","On-Tenure track total","129","60","69","2","0","2","29","16","13","2","0","2","16","2","14","0","0","0","38","22","16","3","1","2","7","5","2","32","14","18","-2"
"445188","University of California-Merced","2020","On-tenure track, assistant professors","121","55","66","2","0","2","27","14","13","2","0","2","15","2","13","0","0","0","35","21","14","3","1","2","7","5","2","30","12","18","-2"
"445188","University of California-Merced","2020","On-tenure track, lecturers","8","5","3","0","0","0","2","2","0","0","0","0","1","0","1","0","0","0","3","1","2","0","0","0","0","0","0","2","2","0","-2"
"445188","University of California-Merced","2020","Not on tenure track/No tenure system system total","135","67","68","0","0","0","13","7","6","1","1","0","19","7","12","0","0","0","77","38","39","2","2","0","7","2","5","16","10","6","-2"
"445188","University of California-Merced","2020","Not on tenure/no tenure system, lecturers","135","67","68","0","0","0","13","7","6","1","1","0","19","7","12","0","0","0","77","38","39","2","2","0","7","2","5","16","10","6","-2"
