"unitid","institution name","year","S2014_IS.Instructional staff category","S2014_IS_RV.Grand total","S2014_IS_RV.Grand total men","S2014_IS_RV.Grand total women","S2014_IS_RV.American Indian or Alaska Native total","S2014_IS_RV.American Indian or Alaska Native men","S2014_IS_RV.American Indian or Alaska Native women","S2014_IS_RV.Asian total","S2014_IS_RV.Asian men","S2014_IS_RV.Asian women","S2014_IS_RV.Black or African American total","S2014_IS_RV.Black or African American men","S2014_IS_RV.Black or African American women","S2014_IS_RV.Hispanic or Latino total","S2014_IS_RV.Hispanic or Latino men","S2014_IS_RV.Hispanic or Latino women","S2014_IS_RV.Native Hawaiian or Other Pacific Islander total","S2014_IS_RV.Native Hawaiian or Other Pacific Islander men","S2014_IS_RV.Native Hawaiian or Other Pacific Islander women","S2014_IS_RV.White total","S2014_IS_RV.White men","S2014_IS_RV.White women","S2014_IS_RV.Two or more races total","S2014_IS_RV.Two or more races men","S2014_IS_RV.Two or more races women","S2014_IS_RV.Race/ethnicity unknown total","S2014_IS_RV.Race/ethnicity unknown men","S2014_IS_RV.Race/ethnicity unknown women","S2014_IS_RV.Nonresident alien total","S2014_IS_RV.Nonresident alien men","S2014_IS_RV.Nonresident alien women","IDX_HR"
"100706","University of Alabama in Huntsville","2014","Tenured total","135","103","32","0","0","0","28","27","1","7","4","3","4","3","1","0","0","0","96","69","27","0","0","0","0","0","0","0","0","0","-2"
"100706","University of Alabama in Huntsville","2014","Tenured, professors","61","50","11","0","0","0","10","10","0","1","1","0","2","2","0","0","0","0","48","37","11","0","0","0","0","0","0","0","0","0","-2"
"100706","University of Alabama in Huntsville","2014","Tenured, associate professors","73","53","20","0","0","0","18","17","1","6","3","3","1","1","0","0","0","0","48","32","16","0","0","0","0","0","0","0","0","0","-2"
"100706","University of Alabama in Huntsville","2014","Tenured, assistant professors","1","0","1","0","0","0","0","0","0","0","0","0","1","0","1","0","0","0","0","0","0","0","0","0","0","0","0","0","0","0","-2"
"100706","University of Alabama in Huntsville","2014","On-Tenure track total","82","60","22","0","0","0","15","12","3","1","0","1","1","1","0","0","0","0","54","39","15","0","0","0","0","0","0","11","8","3","-2"
"100706","University of Alabama in Huntsville","2014","On-tenure track, associate professors","9","4","5","0","0","0","1","1","0","1","0","1","0","0","0","0","0","0","7","3","4","0","0","0","0","0","0","0","0","0","-2"
"100706","University of Alabama in Huntsville","2014","On-tenure track, assistant professors","73","56","17","0","0","0","14","11","3","0","0","0","1","1","0","0","0","0","47","36","11","0","0","0","0","0","0","11","8","3","-2"
"100706","University of Alabama in Huntsville","2014","Not on tenure track/No tenure system system total","81","17","64","0","0","0","3","1","2","5","1","4","1","0","1","1","0","1","70","14","56","0","0","0","0","0","0","1","1","0","-2"
"100706","University of Alabama in Huntsville","2014","Not on tenure/no tenure system, associate professors","4","1","3","0","0","0","0","0","0","0","0","0","0","0","0","0","0","0","4","1","3","0","0","0","0","0","0","0","0","0","-2"
"100706","University of Alabama in Huntsville","2014","Not on tenure/no tenure system, assistant professors","26","3","23","0","0","0","0","0","0","1","0","1","0","0","0","0","0","0","25","3","22","0","0","0","0","0","0","0","0","0","-2"
"100706","University of Alabama in Huntsville","2014","Not on tenure/no tenure system, instructors","13","1","12","0","0","0","0","0","0","2","0","2","0","0","0","1","0","1","10","1","9","0","0","0","0","0","0","0","0","0","-2"
"100706","University of Alabama in Huntsville","2014","Not on tenure/no tenure system, lecturers","38","12","26","0","0","0","3","1","2","2","1","1","1","0","1","0","0","0","31","9","22","0","0","0","0","0","0","1","1","0","-2"
"100751","The University of Alabama","2014","Tenured total","589","398","191","0","0","0","52","44","8","37","14","23","15","10","5","0","0","0","480","329","151","1","0","1","0","0","0","4","1","3","-2"
"100751","The University of Alabama","2014","Tenured, professors","295","225","70","0","0","0","27","24","3","12","7","5","6","5","1","0","0","0","248","188","60","1","0","1","0","0","0","1","1","0","-2"
"100751","The University of Alabama","2014","Tenured, associate professors","287","171","116","0","0","0","25","20","5","24","7","17","8","4","4","0","0","0","227","140","87","0","0","0","0","0","0","3","0","3","-2"
"100751","The University of Alabama","2014","Tenured, assistant professors","7","2","5","0","0","0","0","0","0","1","0","1","1","1","0","0","0","0","5","1","4","0","0","0","0","0","0","0","0","0","-2"
"100751","The University of Alabama","2014","On-Tenure track total","238","129","109","0","0","0","24","9","15","16","6","10","4","0","4","0","0","0","178","102","76","1","0","1","0","0","0","15","12","3","-2"
"100751","The University of Alabama","2014","On-tenure track, professors","3","2","1","0","0","0","0","0","0","0","0","0","0","0","0","0","0","0","3","2","1","0","0","0","0","0","0","0","0","0","-2"
"100751","The University of Alabama","2014","On-tenure track, associate professors","11","6","5","0","0","0","2","1","1","1","0","1","0","0","0","0","0","0","8","5","3","0","0","0","0","0","0","0","0","0","-2"
"100751","The University of Alabama","2014","On-tenure track, assistant professors","223","120","103","0","0","0","22","8","14","15","6","9","4","0","4","0","0","0","166","94","72","1","0","1","0","0","0","15","12","3","-2"
"100751","The University of Alabama","2014","On-tenure track, instructors","1","1","0","0","0","0","0","0","0","0","0","0","0","0","0","0","0","0","1","1","0","0","0","0","0","0","0","0","0","0","-2"
"100751","The University of Alabama","2014","Not on tenure track/No tenure system system total","460","196","264","0","0","0","12","4","8","26","11","15","10","7","3","0","0","0","387","160","227","1","0","1","2","2","0","22","12","10","-2"
"100751","The University of Alabama","2014","Not on tenure/no tenure system, professors","15","10","5","0","0","0","0","0","0","1","1","0","1","1","0","0","0","0","12","7","5","0","0","0","0","0","0","1","1","0","-2"
"100751","The University of Alabama","2014","Not on tenure/no tenure system, associate professors","31","14","17","0","0","0","3","2","1","2","0","2","0","0","0","0","0","0","26","12","14","0","0","0","0","0","0","0","0","0","-2"
"100751","The University of Alabama","2014","Not on tenure/no tenure system, assistant professors","130","47","83","0","0","0","6","1","5","10","2","8","1","0","1","0","0","0","101","36","65","0","0","0","0","0","0","12","8","4","-2"
"100751","The University of Alabama","2014","Not on tenure/no tenure system, instructors","271","114","157","0","0","0","3","1","2","12","7","5","8","6","2","0","0","0","236","95","141","1","0","1","2","2","0","9","3","6","-2"
"100751","The University of Alabama","2014","Not on tenure/no tenure system, lecturers","13","11","2","0","0","0","0","0","0","1","1","0","0","0","0","0","0","0","12","10","2","0","0","0","0","0","0","0","0","0","-2"
"102094","University of South Alabama","2014","Tenured total","271","188","83","0","0","0","18","13","5","7","5","2","2","2","0","0","0","0","243","168","75","1","0","1","0","0","0","0","0","0","-2"
"102094","University of South Alabama","2014","Tenured, professors","150","112","38","0","0","0","8","7","1","2","2","0","0","0","0","0","0","0","140","103","37","0","0","0","0","0","0","0","0","0","-2"
"102094","University of South Alabama","2014","Tenured, associate professors","115","74","41","0","0","0","10","6","4","4","2","2","2","2","0","0","0","0","98","64","34","1","0","1","0","0","0","0","0","0","-2"
"102094","University of South Alabama","2014","Tenured, assistant professors","6","2","4","0","0","0","0","0","0","1","1","0","0","0","0","0","0","0","5","1","4","0","0","0","0","0","0","0","0","0","-2"
"102094","University of South Alabama","2014","On-Tenure track total","119","76","43","2","0","2","22","17","5","6","2","4","3","3","0","0","0","0","85","53","32","1","1","0","0","0","0","0","0","0","-2"
"102094","University of South Alabama","2014","On-tenure track, professors","7","7","0","0","0","0","1","1","0","1","1","0","0","0","0","0","0","0","5","5","0","0","0","0","0","0","0","0","0","0","-2"
"102094","University of South Alabama","2014","On-tenure track, associate professors","16","11","5","0","0","0","3","3","0","0","0","0","0","0","0","0","0","0","12","7","5","1","1","0","0","0","0","0","0","0","-2"
"102094","University of South Alabama","2014","On-tenure track, assistant professors","96","58","38","2","0","2","18","13","5","5","1","4","3","3","0","0","0","0","68","41","27","0","0","0","0","0","0","0","0","0","-2"
"102094","University of South Alabama","2014","Not on tenure track/No tenure system system total","368","170","198","1","1","0","30","24","6","21","1","20","7","4","3","0","0","0","305","138","167","0","0","0","4","2","2","0","0","0","-2"
"102094","University of South Alabama","2014","Not on tenure/no tenure system, professors","36","26","10","0","0","0","2","2","0","2","0","2","3","2","1","0","0","0","29","22","7","0","0","0","0","0","0","0","0","0","-2"
"102094","University of South Alabama","2014","Not on tenure/no tenure system, associate professors","52","35","17","1","1","0","7","7","0","1","0","1","2","1","1","0","0","0","40","26","14","0","0","0","1","0","1","0","0","0","-2"
"102094","University of South Alabama","2014","Not on tenure/no tenure system, assistant professors","157","67","90","0","0","0","18","15","3","8","1","7","2","1","1","0","0","0","128","49","79","0","0","0","1","1","0","0","0","0","-2"
"102094","University of South Alabama","2014","Not on tenure/no tenure system, instructors","121","40","81","0","0","0","3","0","3","10","0","10","0","0","0","0","0","0","106","39","67","0","0","0","2","1","1","0","0","0","-2"
"102094","University of South Alabama","2014","Not on tenure/no tenure system, lecturers","2","2","0","0","0","0","0","0","0","0","0","0","0","0","0","0","0","0","2","2","0","0","0","0","0","0","0","0","0","0","-2"
"102614","University of Alaska Fairbanks","2014","Tenured total","205","137","68","2","0","2","23","19","4","1","0","1","3","3","0","0","0","0","170","111","59","3","2","1","3","2","1","0","0","0","-2"
"102614","University of Alaska Fairbanks","2014","Tenured, professors","94","75","19","0","0","0","16","15","1","0","0","0","2","2","0","0","0","0","71","55","16","2","1","1","3","2","1","0","0","0","-2"
"102614","University of Alaska Fairbanks","2014","Tenured, associate professors","111","62","49","2","0","2","7","4","3","1","0","1","1","1","0","0","0","0","99","56","43","1","1","0","0","0","0","0","0","0","-2"
"102614","University of Alaska Fairbanks","2014","On-Tenure track total","96","54","42","8","4","4","6","4","2","0","0","0","1","0","1","0","0","0","69","37","32","1","1","0","7","4","3","4","4","0","-2"
"102614","University of Alaska Fairbanks","2014","On-tenure track, professors","2","2","0","0","0","0","0","0","0","0","0","0","0","0","0","0","0","0","2","2","0","0","0","0","0","0","0","0","0","0","-2"
"102614","University of Alaska Fairbanks","2014","On-tenure track, associate professors","7","6","1","0","0","0","0","0","0","0","0","0","0","0","0","0","0","0","7","6","1","0","0","0","0","0","0","0","0","0","-2"
"102614","University of Alaska Fairbanks","2014","On-tenure track, assistant professors","87","46","41","8","4","4","6","4","2","0","0","0","1","0","1","0","0","0","60","29","31","1","1","0","7","4","3","4","4","0","-2"
"102614","University of Alaska Fairbanks","2014","Not on tenure track/No tenure system system total","107","45","62","11","5","6","2","1","1","3","1","2","4","1","3","1","0","1","75","30","45","2","0","2","8","6","2","1","1","0","-2"
"102614","University of Alaska Fairbanks","2014","Not on tenure/no tenure system, professors","1","1","0","0","0","0","0","0","0","0","0","0","0","0","0","0","0","0","1","1","0","0","0","0","0","0","0","0","0","0","-2"
"102614","University of Alaska Fairbanks","2014","Not on tenure/no tenure system, associate professors","5","2","3","0","0","0","0","0","0","0","0","0","0","0","0","0","0","0","5","2","3","0","0","0","0","0","0","0","0","0","-2"
"102614","University of Alaska Fairbanks","2014","Not on tenure/no tenure system, assistant professors","65","28","37","7","4","3","1","1","0","1","1","0","2","1","1","1","0","1","45","16","29","1","0","1","7","5","2","0","0","0","-2"
"102614","University of Alaska Fairbanks","2014","Not on tenure/no tenure system, instructors","33","13","20","4","1","3","1","0","1","2","0","2","2","0","2","0","0","0","21","10","11","1","0","1","1","1","0","1","1","0","-2"
"102614","University of Alaska Fairbanks","2014","Not on tenure/no tenure system, no academic rank","3","1","2","0","0","0","0","0","0","0","0","0","0","0","0","0","0","0","3","1","2","0","0","0","0","0","0","0","0","0","-2"
"104151","Arizona State University-Tempe","2014","Tenured total","994","678","316","12","7","5","118","84","34","23","14","9","78","49","29","0","0","0","728","500","228","10","5","5","3","2","1","22","17","5","-2"
"104151","Arizona State University-Tempe","2014","Tenured, professors","576","429","147","8","6","2","56","44","12","10","7","3","40","29","11","0","0","0","445","331","114","6","3","3","3","2","1","8","7","1","-2"
"104151","Arizona State University-Tempe","2014","Tenured, associate professors","416","249","167","4","1","3","62","40","22","13","7","6","38","20","18","0","0","0","281","169","112","4","2","2","0","0","0","14","10","4","-2"
"104151","Arizona State University-Tempe","2014","Tenured, assistant professors","2","0","2","0","0","0","0","0","0","0","0","0","0","0","0","0","0","0","2","0","2","0","0","0","0","0","0","0","0","0","-2"
"104151","Arizona State University-Tempe","2014","On-Tenure track total","303","178","125","8","2","6","40","25","15","7","1","6","24","12","12","0","0","0","180","109","71","2","0","2","11","7","4","31","22","9","-2"
"104151","Arizona State University-Tempe","2014","On-tenure track, associate professors","17","11","6","0","0","0","2","2","0","1","0","1","0","0","0","0","0","0","10","5","5","0","0","0","1","1","0","3","3","0","-2"
"104151","Arizona State University-Tempe","2014","On-tenure track, assistant professors","286","167","119","8","2","6","38","23","15","6","1","5","24","12","12","0","0","0","170","104","66","2","0","2","10","6","4","28","19","9","-2"
"104151","Arizona State University-Tempe","2014","Not on tenure track/No tenure system system total","615","257","358","3","2","1","41","11","30","11","2","9","33","13","20","2","0","2","485","205","280","6","3","3","8","6","2","26","15","11","-2"
"104151","Arizona State University-Tempe","2014","Not on tenure/no tenure system, professors","38","27","11","1","1","0","0","0","0","1","0","1","1","1","0","0","0","0","32","22","10","2","2","0","0","0","0","1","1","0","-2"
"104151","Arizona State University-Tempe","2014","Not on tenure/no tenure system, associate professors","41","20","21","0","0","0","2","1","1","2","1","1","5","2","3","0","0","0","32","16","16","0","0","0","0","0","0","0","0","0","-2"
"104151","Arizona State University-Tempe","2014","Not on tenure/no tenure system, assistant professors","66","34","32","1","1","0","3","1","2","1","0","1","1","1","0","0","0","0","50","24","26","1","0","1","2","2","0","7","5","2","-2"
"104151","Arizona State University-Tempe","2014","Not on tenure/no tenure system, instructors","212","71","141","1","0","1","10","0","10","4","1","3","17","5","12","0","0","0","169","60","109","1","1","0","4","2","2","6","2","4","-2"
"104151","Arizona State University-Tempe","2014","Not on tenure/no tenure system, lecturers","253","101","152","0","0","0","26","9","17","3","0","3","9","4","5","2","0","2","199","81","118","2","0","2","2","2","0","10","5","5","-2"
"104151","Arizona State University-Tempe","2014","Not on tenure/no tenure system, no academic rank","5","4","1","0","0","0","0","0","0","0","0","0","0","0","0","0","0","0","3","2","1","0","0","0","0","0","0","2","2","0","-2"
"104179","University of Arizona","2014","Tenured total","1114","762","352","7","2","5","102","71","31","13","9","4","72","41","31","0","0","0","854","592","262","1","1","0","59","41","18","6","5","1","-2"
"104179","University of Arizona","2014","Tenured, professors","695","511","184","3","2","1","52","37","15","9","6","3","38","29","9","0","0","0","574","419","155","0","0","0","19","18","1","0","0","0","-2"
"104179","University of Arizona","2014","Tenured, associate professors","419","251","168","4","0","4","50","34","16","4","3","1","34","12","22","0","0","0","280","173","107","1","1","0","40","23","17","6","5","1","-2"
"104179","University of Arizona","2014","On-Tenure track total","330","191","139","5","2","3","41","30","11","7","4","3","26","11","15","0","0","0","168","91","77","3","1","2","40","22","18","40","30","10","-2"
"104179","University of Arizona","2014","On-tenure track, professors","6","6","0","0","0","0","1","1","0","0","0","0","0","0","0","0","0","0","4","4","0","0","0","0","1","1","0","0","0","0","-2"
"104179","University of Arizona","2014","On-tenure track, associate professors","32","26","6","0","0","0","6","6","0","0","0","0","2","2","0","0","0","0","17","13","4","0","0","0","2","0","2","5","5","0","-2"
"104179","University of Arizona","2014","On-tenure track, assistant professors","292","159","133","5","2","3","34","23","11","7","4","3","24","9","15","0","0","0","147","74","73","3","1","2","37","21","16","35","25","10","-2"
"104179","University of Arizona","2014","Not on tenure track/No tenure system system total","378","187","191","4","2","2","20","9","11","8","4","4","40","19","21","0","0","0","261","125","136","6","3","3","25","14","11","14","11","3","-2"
"104179","University of Arizona","2014","Not on tenure/no tenure system, professors","32","19","13","0","0","0","3","1","2","0","0","0","1","1","0","0","0","0","25","16","9","1","0","1","1","0","1","1","1","0","-2"
"104179","University of Arizona","2014","Not on tenure/no tenure system, associate professors","39","17","22","0","0","0","3","3","0","2","1","1","3","1","2","0","0","0","29","10","19","1","1","0","1","1","0","0","0","0","-2"
"104179","University of Arizona","2014","Not on tenure/no tenure system, assistant professors","100","41","59","1","0","1","8","3","5","2","0","2","5","0","5","0","0","0","68","26","42","2","1","1","6","5","1","8","6","2","-2"
"104179","University of Arizona","2014","Not on tenure/no tenure system, instructors","72","36","36","1","1","0","2","0","2","1","0","1","16","11","5","0","0","0","45","20","25","0","0","0","5","2","3","2","2","0","-2"
"104179","University of Arizona","2014","Not on tenure/no tenure system, lecturers","128","70","58","2","1","1","4","2","2","3","3","0","15","6","9","0","0","0","88","50","38","2","1","1","11","5","6","3","2","1","-2"
"104179","University of Arizona","2014","Not on tenure/no tenure system, no academic rank","7","4","3","0","0","0","0","0","0","0","0","0","0","0","0","0","0","0","6","3","3","0","0","0","1","1","0","0","0","0","-2"
"105330","Northern Arizona University","2014","Tenured total","445","266","179","12","5","7","18","10","8","8","6","2","25","10","15","1","1","0","362","222","140","2","2","0","11","7","4","6","3","3","-2"
"105330","Northern Arizona University","2014","Tenured, professors","271","169","102","7","4","3","7","3","4","5","4","1","14","5","9","0","0","0","225","145","80","1","1","0","8","5","3","4","2","2","-2"
"105330","Northern Arizona University","2014","Tenured, associate professors","174","97","77","5","1","4","11","7","4","3","2","1","11","5","6","1","1","0","137","77","60","1","1","0","3","2","1","2","1","1","-2"
"105330","Northern Arizona University","2014","On-Tenure track total","82","46","36","2","0","2","4","2","2","1","1","0","4","2","2","1","1","0","57","32","25","1","0","1","4","2","2","8","6","2","-2"
"105330","Northern Arizona University","2014","On-tenure track, associate professors","9","4","5","0","0","0","0","0","0","0","0","0","0","0","0","0","0","0","9","4","5","0","0","0","0","0","0","0","0","0","-2"
"105330","Northern Arizona University","2014","On-tenure track, assistant professors","73","42","31","2","0","2","4","2","2","1","1","0","4","2","2","1","1","0","48","28","20","1","0","1","4","2","2","8","6","2","-2"
"105330","Northern Arizona University","2014","Not on tenure track/No tenure system system total","516","206","310","6","2","4","11","2","9","10","2","8","40","16","24","2","0","2","399","160","239","8","1","7","22","13","9","18","10","8","-2"
"105330","Northern Arizona University","2014","Not on tenure/no tenure system, professors","6","4","2","0","0","0","0","0","0","0","0","0","0","0","0","0","0","0","6","4","2","0","0","0","0","0","0","0","0","0","-2"
"105330","Northern Arizona University","2014","Not on tenure/no tenure system, associate professors","38","8","30","0","0","0","0","0","0","0","0","0","4","1","3","0","0","0","32","7","25","1","0","1","1","0","1","0","0","0","-2"
"105330","Northern Arizona University","2014","Not on tenure/no tenure system, assistant professors","132","44","88","2","1","1","2","1","1","4","1","3","10","2","8","1","0","1","108","39","69","1","0","1","3","0","3","1","0","1","-2"
"105330","Northern Arizona University","2014","Not on tenure/no tenure system, instructors","91","39","52","0","0","0","4","0","4","0","0","0","7","4","3","1","0","1","66","27","39","3","1","2","4","3","1","6","4","2","-2"
"105330","Northern Arizona University","2014","Not on tenure/no tenure system, lecturers","249","111","138","4","1","3","5","1","4","6","1","5","19","9","10","0","0","0","187","83","104","3","0","3","14","10","4","11","6","5","-2"
"110404","California Institute of Technology","2014","Tenured total","241","198","43","0","0","0","22","19","3","4","3","1","5","5","0","0","0","0","210","171","39","0","0","0","0","0","0","0","0","0","-2"
"110404","California Institute of Technology","2014","Tenured, professors","241","198","43","0","0","0","22","19","3","4","3","1","5","5","0","0","0","0","210","171","39","0","0","0","0","0","0","0","0","0","-2"
"110404","California Institute of Technology","2014","On-Tenure track total","48","35","13","0","0","0","14","10","4","1","1","0","3","3","0","0","0","0","28","19","9","0","0","0","0","0","0","2","2","0","-2"
"110404","California Institute of Technology","2014","On-tenure track, associate professors","4","4","0","0","0","0","1","1","0","0","0","0","1","1","0","0","0","0","2","2","0","0","0","0","0","0","0","0","0","0","-2"
"110404","California Institute of Technology","2014","On-tenure track, assistant professors","44","31","13","0","0","0","13","9","4","1","1","0","2","2","0","0","0","0","26","17","9","0","0","0","0","0","0","2","2","0","-2"
"110404","California Institute of Technology","2014","Not on tenure track/No tenure system system total","35","20","15","0","0","0","3","0","3","0","0","0","4","3","1","0","0","0","20","12","8","0","0","0","0","0","0","8","5","3","-2"
"110404","California Institute of Technology","2014","Not on tenure/no tenure system, assistant professors","1","1","0","0","0","0","0","0","0","0","0","0","0","0","0","0","0","0","1","1","0","0","0","0","0","0","0","0","0","0","-2"
"110404","California Institute of Technology","2014","Not on tenure/no tenure system, instructors","13","9","4","0","0","0","0","0","0","0","0","0","1","1","0","0","0","0","5","3","2","0","0","0","0","0","0","7","5","2","-2"
"110404","California Institute of Technology","2014","Not on tenure/no tenure system, lecturers","17","8","9","0","0","0","3","0","3","0","0","0","2","1","1","0","0","0","11","7","4","0","0","0","0","0","0","1","0","1","-2"
"110404","California Institute of Technology","2014","Not on tenure/no tenure system, no academic rank","4","2","2","0","0","0","0","0","0","0","0","0","1","1","0","0","0","0","3","1","2","0","0","0","0","0","0","0","0","0","-2"
"110538","California State University-Chico","2014","Tenured total","317","186","131","1","1","0","27","19","8","6","2","4","12","9","3","0","0","0","261","150","111","2","2","0","7","3","4","1","0","1","-2"
"110538","California State University-Chico","2014","Tenured, professors","216","137","79","1","1","0","19","15","4","4","2","2","10","8","2","0","0","0","179","109","70","1","1","0","2","1","1","0","0","0","-2"
"110538","California State University-Chico","2014","Tenured, associate professors","98","49","49","0","0","0","8","4","4","2","0","2","2","1","1","0","0","0","79","41","38","1","1","0","5","2","3","1","0","1","-2"
"110538","California State University-Chico","2014","Tenured, assistant professors","2","0","2","0","0","0","0","0","0","0","0","0","0","0","0","0","0","0","2","0","2","0","0","0","0","0","0","0","0","0","-2"
"110538","California State University-Chico","2014","Tenured, no academic rank","1","0","1","0","0","0","0","0","0","0","0","0","0","0","0","0","0","0","1","0","1","0","0","0","0","0","0","0","0","0","-2"
"110538","California State University-Chico","2014","On-Tenure track total","85","43","42","0","0","0","10","6","4","0","0","0","0","0","0","0","0","0","57","27","30","1","0","1","14","10","4","3","0","3","-2"
"110538","California State University-Chico","2014","On-tenure track, associate professors","5","4","1","0","0","0","0","0","0","0","0","0","0","0","0","0","0","0","3","2","1","0","0","0","2","2","0","0","0","0","-2"
"110538","California State University-Chico","2014","On-tenure track, assistant professors","80","39","41","0","0","0","10","6","4","0","0","0","0","0","0","0","0","0","54","25","29","1","0","1","12","8","4","3","0","3","-2"
"110538","California State University-Chico","2014","Not on tenure track/No tenure system system total","98","53","45","0","0","0","2","0","2","0","0","0","4","2","2","0","0","0","84","45","39","1","1","0","5","3","2","2","2","0","-2"
"110538","California State University-Chico","2014","Not on tenure/no tenure system, lecturers","98","53","45","0","0","0","2","0","2","0","0","0","4","2","2","0","0","0","84","45","39","1","1","0","5","3","2","2","2","0","-2"
"110635","University of California-Berkeley","2014","Tenured total","1157","818","339","1","0","1","150","102","48","37","26","11","68","49","19","1","1","0","844","602","242","3","0","3","43","32","11","10","6","4","-2"
"110635","University of California-Berkeley","2014","Tenured, professors","834","630","204","0","0","0","105","76","29","21","19","2","46","34","12","1","1","0","637","483","154","1","0","1","19","15","4","4","2","2","-2"
"110635","University of California-Berkeley","2014","Tenured, associate professors","309","179","130","1","0","1","43","25","18","16","7","9","21","14","7","0","0","0","196","112","84","2","0","2","24","17","7","6","4","2","-2"
"110635","University of California-Berkeley","2014","Tenured, lecturers","14","9","5","0","0","0","2","1","1","0","0","0","1","1","0","0","0","0","11","7","4","0","0","0","0","0","0","0","0","0","-2"
"110635","University of California-Berkeley","2014","On-Tenure track total","225","138","87","0","0","0","22","8","14","5","0","5","12","6","6","0","0","0","77","50","27","8","4","4","63","43","20","38","27","11","-2"
"110635","University of California-Berkeley","2014","On-tenure track, professors","13","7","6","0","0","0","3","1","2","0","0","0","0","0","0","0","0","0","3","2","1","0","0","0","5","2","3","2","2","0","-2"
"110635","University of California-Berkeley","2014","On-tenure track, assistant professors","210","129","81","0","0","0","19","7","12","5","0","5","12","6","6","0","0","0","72","46","26","8","4","4","58","41","17","36","25","11","-2"
"110635","University of California-Berkeley","2014","On-tenure track, lecturers","2","2","0","0","0","0","0","0","0","0","0","0","0","0","0","0","0","0","2","2","0","0","0","0","0","0","0","0","0","0","-2"
"110635","University of California-Berkeley","2014","Not on tenure track/No tenure system system total","290","139","151","1","1","0","53","20","33","5","1","4","11","6","5","1","0","1","158","74","84","4","3","1","20","12","8","37","22","15","-2"
"110635","University of California-Berkeley","2014","Not on tenure/no tenure system, professors","46","29","17","0","0","0","2","1","1","0","0","0","0","0","0","0","0","0","34","19","15","0","0","0","2","2","0","8","7","1","-2"
"110635","University of California-Berkeley","2014","Not on tenure/no tenure system, associate professors","21","8","13","0","0","0","6","3","3","2","0","2","2","1","1","0","0","0","7","2","5","0","0","0","3","1","2","1","1","0","-2"
"110635","University of California-Berkeley","2014","Not on tenure/no tenure system, assistant professors","32","20","12","1","1","0","8","3","5","0","0","0","0","0","0","0","0","0","14","8","6","0","0","0","2","2","0","7","6","1","-2"
"110635","University of California-Berkeley","2014","Not on tenure/no tenure system, instructors","10","4","6","0","0","0","3","1","2","0","0","0","0","0","0","0","0","0","4","2","2","0","0","0","2","1","1","1","0","1","-2"
"110635","University of California-Berkeley","2014","Not on tenure/no tenure system, lecturers","171","73","98","0","0","0","33","11","22","3","1","2","7","4","3","1","0","1","94","41","53","3","2","1","10","6","4","20","8","12","-2"
"110635","University of California-Berkeley","2014","Not on tenure/no tenure system, no academic rank","10","5","5","0","0","0","1","1","0","0","0","0","2","1","1","0","0","0","5","2","3","1","1","0","1","0","1","0","0","0","-2"
"110644","University of California-Davis","2014","Tenured total","1197","816","381","7","2","5","180","118","62","25","11","14","57","33","24","0","0","0","899","631","268","1","1","0","25","18","7","3","2","1","-2"
"110644","University of California-Davis","2014","Tenured, professors","905","652","253","4","1","3","121","91","30","15","7","8","36","22","14","0","0","0","714","520","194","1","1","0","12","9","3","2","1","1","-2"
"110644","University of California-Davis","2014","Tenured, associate professors","278","154","124","3","1","2","58","27","31","9","3","6","21","11","10","0","0","0","173","102","71","0","0","0","13","9","4","1","1","0","-2"
"110644","University of California-Davis","2014","Tenured, lecturers","14","10","4","0","0","0","1","0","1","1","1","0","0","0","0","0","0","0","12","9","3","0","0","0","0","0","0","0","0","0","-2"
"110644","University of California-Davis","2014","On-Tenure track total","199","107","92","1","0","1","30","13","17","4","1","3","15","8","7","0","0","0","98","50","48","2","1","1","14","11","3","35","23","12","-2"
"110644","University of California-Davis","2014","On-tenure track, professors","2","1","1","0","0","0","0","0","0","1","0","1","0","0","0","0","0","0","1","1","0","0","0","0","0","0","0","0","0","0","-2"
"110644","University of California-Davis","2014","On-tenure track, associate professors","1","0","1","0","0","0","1","0","1","0","0","0","0","0","0","0","0","0","0","0","0","0","0","0","0","0","0","0","0","0","-2"
"110644","University of California-Davis","2014","On-tenure track, assistant professors","196","106","90","1","0","1","29","13","16","3","1","2","15","8","7","0","0","0","97","49","48","2","1","1","14","11","3","35","23","12","-2"
"110644","University of California-Davis","2014","Not on tenure track/No tenure system system total","752","457","295","1","0","1","177","106","71","12","6","6","37","22","15","0","0","0","468","285","183","4","3","1","16","8","8","37","27","10","-2"
"110644","University of California-Davis","2014","Not on tenure/no tenure system, professors","223","164","59","1","0","1","49","40","9","1","1","0","8","6","2","0","0","0","162","116","46","0","0","0","1","1","0","1","0","1","-2"
"110644","University of California-Davis","2014","Not on tenure/no tenure system, associate professors","160","100","60","0","0","0","50","30","20","4","2","2","9","9","0","0","0","0","92","54","38","1","1","0","1","1","0","3","3","0","-2"
"110644","University of California-Davis","2014","Not on tenure/no tenure system, assistant professors","233","127","106","0","0","0","70","32","38","5","2","3","10","5","5","0","0","0","111","63","48","3","2","1","5","1","4","29","22","7","-2"
"110644","University of California-Davis","2014","Not on tenure/no tenure system, lecturers","136","66","70","0","0","0","8","4","4","2","1","1","10","2","8","0","0","0","103","52","51","0","0","0","9","5","4","4","2","2","-2"
"110653","University of California-Irvine","2014","Tenured total","902","615","287","3","1","2","167","112","55","22","15","7","51","33","18","1","1","0","643","444","199","4","1","3","5","3","2","6","5","1","-2"
"110653","University of California-Irvine","2014","Tenured, professors","629","462","167","2","1","1","111","79","32","14","10","4","29","21","8","0","0","0","462","345","117","4","1","3","4","2","2","3","3","0","-2"
"110653","University of California-Irvine","2014","Tenured, associate professors","237","135","102","1","0","1","53","30","23","8","5","3","20","11","9","1","1","0","150","85","65","0","0","0","1","1","0","3","2","1","-2"
"110653","University of California-Irvine","2014","Tenured, lecturers","36","18","18","0","0","0","3","3","0","0","0","0","2","1","1","0","0","0","31","14","17","0","0","0","0","0","0","0","0","0","-2"
"110653","University of California-Irvine","2014","On-Tenure track total","224","115","109","1","1","0","44","22","22","6","3","3","13","5","8","1","1","0","116","59","57","3","3","0","7","3","4","33","18","15","-2"
"110653","University of California-Irvine","2014","On-tenure track, professors","5","5","0","0","0","0","1","1","0","1","1","0","0","0","0","0","0","0","0","0","0","1","1","0","1","1","0","1","1","0","-2"
"110653","University of California-Irvine","2014","On-tenure track, associate professors","1","0","1","0","0","0","0","0","0","0","0","0","0","0","0","0","0","0","0","0","0","0","0","0","0","0","0","1","0","1","-2"
"110653","University of California-Irvine","2014","On-tenure track, assistant professors","194","102","92","1","1","0","41","20","21","4","2","2","11","5","6","1","1","0","99","53","46","2","2","0","6","2","4","29","16","13","-2"
"110653","University of California-Irvine","2014","On-tenure track, lecturers","24","8","16","0","0","0","2","1","1","1","0","1","2","0","2","0","0","0","17","6","11","0","0","0","0","0","0","2","1","1","-2"
"110653","University of California-Irvine","2014","Not on tenure track/No tenure system system total","538","294","244","4","1","3","171","94","77","15","8","7","22","10","12","3","1","2","295","157","138","3","3","0","3","3","0","22","17","5","-2"
"110653","University of California-Irvine","2014","Not on tenure/no tenure system, professors","121","85","36","2","1","1","44","30","14","2","1","1","5","3","2","0","0","0","66","49","17","0","0","0","0","0","0","2","1","1","-2"
"110653","University of California-Irvine","2014","Not on tenure/no tenure system, associate professors","102","60","42","0","0","0","36","22","14","1","1","0","6","4","2","0","0","0","58","32","26","0","0","0","0","0","0","1","1","0","-2"
"110653","University of California-Irvine","2014","Not on tenure/no tenure system, assistant professors","165","90","75","2","0","2","56","29","27","11","6","5","3","1","2","1","1","0","76","40","36","0","0","0","2","2","0","14","11","3","-2"
"110653","University of California-Irvine","2014","Not on tenure/no tenure system, instructors","39","18","21","0","0","0","13","6","7","0","0","0","3","2","1","1","0","1","19","7","12","1","1","0","0","0","0","2","2","0","-2"
"110653","University of California-Irvine","2014","Not on tenure/no tenure system, lecturers","111","41","70","0","0","0","22","7","15","1","0","1","5","0","5","1","0","1","76","29","47","2","2","0","1","1","0","3","2","1","-2"
"110662","University of California-Los Angeles","2014","Tenured total","1426","1015","411","7","3","4","229","171","58","45","24","21","92","65","27","1","1","0","1036","740","296","1","0","1","2","1","1","13","10","3","-2"
"110662","University of California-Los Angeles","2014","Tenured, professors","1132","838","294","5","3","2","162","126","36","25","15","10","71","50","21","1","1","0","861","637","224","0","0","0","2","1","1","5","5","0","-2"
"110662","University of California-Los Angeles","2014","Tenured, associate professors","287","172","115","2","0","2","67","45","22","20","9","11","21","15","6","0","0","0","168","98","70","1","0","1","0","0","0","8","5","3","-2"
"110662","University of California-Los Angeles","2014","Tenured, lecturers","7","5","2","0","0","0","0","0","0","0","0","0","0","0","0","0","0","0","7","5","2","0","0","0","0","0","0","0","0","0","-2"
"110662","University of California-Los Angeles","2014","On-Tenure track total","199","111","88","2","1","1","27","13","14","15","8","7","13","9","4","1","0","1","111","64","47","1","0","1","4","3","1","25","13","12","-2"
"110662","University of California-Los Angeles","2014","On-tenure track, professors","12","6","6","0","0","0","2","2","0","2","1","1","0","0","0","0","0","0","8","3","5","0","0","0","0","0","0","0","0","0","-2"
"110662","University of California-Los Angeles","2014","On-tenure track, assistant professors","187","105","82","2","1","1","25","11","14","13","7","6","13","9","4","1","0","1","103","61","42","1","0","1","4","3","1","25","13","12","-2"
"110662","University of California-Los Angeles","2014","Not on tenure track/No tenure system system total","1512","896","616","0","0","0","435","229","206","25","13","12","61","35","26","2","1","1","877","549","328","6","3","3","46","27","19","60","39","21","-2"
"110662","University of California-Los Angeles","2014","Not on tenure/no tenure system, professors","351","250","101","0","0","0","71","45","26","5","3","2","9","6","3","0","0","0","255","186","69","0","0","0","5","5","0","6","5","1","-2"
"110662","University of California-Los Angeles","2014","Not on tenure/no tenure system, associate professors","253","160","93","0","0","0","71","47","24","4","2","2","11","5","6","0","0","0","157","100","57","0","0","0","6","5","1","4","1","3","-2"
"110662","University of California-Los Angeles","2014","Not on tenure/no tenure system, assistant professors","498","281","217","0","0","0","166","81","85","10","4","6","22","14","8","1","1","0","241","141","100","4","3","1","21","14","7","33","23","10","-2"
"110662","University of California-Los Angeles","2014","Not on tenure/no tenure system, instructors","240","130","110","0","0","0","95","45","50","5","3","2","12","6","6","1","0","1","114","71","43","2","0","2","4","1","3","7","4","3","-2"
"110662","University of California-Los Angeles","2014","Not on tenure/no tenure system, lecturers","165","72","93","0","0","0","31","10","21","0","0","0","7","4","3","0","0","0","109","51","58","0","0","0","8","1","7","10","6","4","-2"
"110662","University of California-Los Angeles","2014","Not on tenure/no tenure system, no academic rank","5","3","2","0","0","0","1","1","0","1","1","0","0","0","0","0","0","0","1","0","1","0","0","0","2","1","1","0","0","0","-2"
"110680","University of California-San Diego","2014","Tenured total","1006","763","243","1","1","0","150","121","29","19","8","11","58","41","17","0","0","0","748","564","184","0","0","0","3","3","0","27","25","2","-2"
"110680","University of California-San Diego","2014","Tenured, professors","743","598","145","1","1","0","105","94","11","7","2","5","34","25","9","0","0","0","578","459","119","0","0","0","0","0","0","18","17","1","-2"
"110680","University of California-San Diego","2014","Tenured, associate professors","230","148","82","0","0","0","41","27","14","12","6","6","23","16","7","0","0","0","143","89","54","0","0","0","2","2","0","9","8","1","-2"
"110680","University of California-San Diego","2014","Tenured, lecturers","33","17","16","0","0","0","4","0","4","0","0","0","1","0","1","0","0","0","27","16","11","0","0","0","1","1","0","0","0","0","-2"
"110680","University of California-San Diego","2014","On-Tenure track total","186","122","64","1","1","0","26","17","9","7","3","4","13","6","7","1","0","1","94","64","30","1","0","1","2","1","1","41","30","11","-2"
"110680","University of California-San Diego","2014","On-tenure track, professors","1","1","0","0","0","0","0","0","0","0","0","0","0","0","0","0","0","0","1","1","0","0","0","0","0","0","0","0","0","0","-2"
"110680","University of California-San Diego","2014","On-tenure track, associate professors","2","2","0","0","0","0","0","0","0","0","0","0","0","0","0","0","0","0","2","2","0","0","0","0","0","0","0","0","0","0","-2"
"110680","University of California-San Diego","2014","On-tenure track, assistant professors","166","107","59","1","1","0","26","17","9","6","3","3","13","6","7","1","0","1","77","51","26","1","0","1","2","1","1","39","28","11","-2"
"110680","University of California-San Diego","2014","On-tenure track, lecturers","17","12","5","0","0","0","0","0","0","1","0","1","0","0","0","0","0","0","14","10","4","0","0","0","0","0","0","2","2","0","-2"
"110680","University of California-San Diego","2014","Not on tenure track/No tenure system system total","843","490","353","5","3","2","165","83","82","11","7","4","43","26","17","1","1","0","548","330","218","0","0","0","8","1","7","62","39","23","-2"
"110680","University of California-San Diego","2014","Not on tenure/no tenure system, professors","293","206","87","1","1","0","35","21","14","8","6","2","10","10","0","0","0","0","227","159","68","0","0","0","0","0","0","12","9","3","-2"
"110680","University of California-San Diego","2014","Not on tenure/no tenure system, associate professors","204","113","91","0","0","0","50","27","23","1","0","1","13","7","6","0","0","0","131","72","59","0","0","0","0","0","0","9","7","2","-2"
"110680","University of California-San Diego","2014","Not on tenure/no tenure system, assistant professors","263","139","124","4","2","2","61","31","30","2","1","1","15","7","8","1","1","0","146","80","66","0","0","0","7","1","6","27","16","11","-2"
"110680","University of California-San Diego","2014","Not on tenure/no tenure system, lecturers","83","32","51","0","0","0","19","4","15","0","0","0","5","2","3","0","0","0","44","19","25","0","0","0","1","0","1","14","7","7","-2"
"115755","Humboldt State University","2014","Tenured total","160","99","61","2","2","0","8","8","0","2","2","0","5","3","2","0","0","0","139","82","57","0","0","0","3","1","2","1","1","0","-2"
"115755","Humboldt State University","2014","Tenured, professors","111","71","40","0","0","0","6","6","0","1","1","0","4","2","2","0","0","0","99","61","38","0","0","0","1","1","0","0","0","0","-2"
"115755","Humboldt State University","2014","Tenured, associate professors","48","27","21","2","2","0","2","2","0","1","1","0","1","1","0","0","0","0","39","20","19","0","0","0","2","0","2","1","1","0","-2"
"115755","Humboldt State University","2014","Tenured, assistant professors","1","1","0","0","0","0","0","0","0","0","0","0","0","0","0","0","0","0","1","1","0","0","0","0","0","0","0","0","0","0","-2"
"115755","Humboldt State University","2014","On-Tenure track total","48","20","28","1","0","1","6","2","4","2","0","2","2","0","2","0","0","0","26","13","13","0","0","0","9","4","5","2","1","1","-2"
"115755","Humboldt State University","2014","On-tenure track, professors","2","2","0","0","0","0","0","0","0","0","0","0","0","0","0","0","0","0","2","2","0","0","0","0","0","0","0","0","0","0","-2"
"115755","Humboldt State University","2014","On-tenure track, associate professors","1","0","1","0","0","0","0","0","0","0","0","0","0","0","0","0","0","0","1","0","1","0","0","0","0","0","0","0","0","0","-2"
"115755","Humboldt State University","2014","On-tenure track, assistant professors","45","18","27","1","0","1","6","2","4","2","0","2","2","0","2","0","0","0","23","11","12","0","0","0","9","4","5","2","1","1","-2"
"115755","Humboldt State University","2014","Not on tenure track/No tenure system system total","65","27","38","2","1","1","0","0","0","2","2","0","4","3","1","1","0","1","49","17","32","0","0","0","7","4","3","0","0","0","-2"
"115755","Humboldt State University","2014","Not on tenure/no tenure system, lecturers","65","27","38","2","1","1","0","0","0","2","2","0","4","3","1","1","0","1","49","17","32","0","0","0","7","4","3","0","0","0","-2"
"122409","San Diego State University","2014","Tenured total","559","352","207","4","3","1","71","39","32","17","11","6","41","24","17","0","0","0","396","257","139","1","0","1","7","3","4","22","15","7","-2"
"122409","San Diego State University","2014","Tenured, professors","330","224","106","4","3","1","44","26","18","1","1","0","23","14","9","0","0","0","250","173","77","0","0","0","2","1","1","6","6","0","-2"
"122409","San Diego State University","2014","Tenured, associate professors","222","124","98","0","0","0","27","13","14","16","10","6","17","9","8","0","0","0","141","82","59","1","0","1","5","2","3","15","8","7","-2"
"122409","San Diego State University","2014","Tenured, no academic rank","7","4","3","0","0","0","0","0","0","0","0","0","1","1","0","0","0","0","5","2","3","0","0","0","0","0","0","1","1","0","-2"
"122409","San Diego State University","2014","On-Tenure track total","119","55","64","1","1","0","12","7","5","6","3","3","10","4","6","0","0","0","62","26","36","3","1","2","7","2","5","18","11","7","-2"
"122409","San Diego State University","2014","On-tenure track, professors","2","2","0","0","0","0","0","0","0","0","0","0","0","0","0","0","0","0","2","2","0","0","0","0","0","0","0","0","0","0","-2"
"122409","San Diego State University","2014","On-tenure track, associate professors","7","2","5","0","0","0","0","0","0","0","0","0","2","0","2","0","0","0","5","2","3","0","0","0","0","0","0","0","0","0","-2"
"122409","San Diego State University","2014","On-tenure track, assistant professors","110","51","59","1","1","0","12","7","5","6","3","3","8","4","4","0","0","0","55","22","33","3","1","2","7","2","5","18","11","7","-2"
"122409","San Diego State University","2014","Not on tenure track/No tenure system system total","156","53","103","1","1","0","5","1","4","0","0","0","15","3","12","2","0","2","131","47","84","0","0","0","1","0","1","1","1","0","-2"
"122409","San Diego State University","2014","Not on tenure/no tenure system, lecturers","156","53","103","1","1","0","5","1","4","0","0","0","15","3","12","2","0","2","131","47","84","0","0","0","1","0","1","1","1","0","-2"
"122597","San Francisco State University","2014","Tenured total","501","274","227","7","3","4","112","56","56","24","13","11","36","17","19","0","0","0","291","166","125","9","5","4","21","13","8","1","1","0","-2"
"122597","San Francisco State University","2014","Tenured, professors","301","193","108","4","2","2","64","44","20","11","5","6","19","13","6","0","0","0","190","119","71","3","2","1","10","8","2","0","0","0","-2"
"122597","San Francisco State University","2014","Tenured, associate professors","190","78","112","3","1","2","47","12","35","12","7","5","15","4","11","0","0","0","96","45","51","6","3","3","10","5","5","1","1","0","-2"
"122597","San Francisco State University","2014","Tenured, assistant professors","7","3","4","0","0","0","1","0","1","1","1","0","2","0","2","0","0","0","2","2","0","0","0","0","1","0","1","0","0","0","-2"
"122597","San Francisco State University","2014","Tenured, no academic rank","3","0","3","0","0","0","0","0","0","0","0","0","0","0","0","0","0","0","3","0","3","0","0","0","0","0","0","0","0","0","-2"
"122597","San Francisco State University","2014","On-Tenure track total","199","87","112","4","2","2","45","16","29","8","6","2","9","5","4","0","0","0","102","51","51","1","0","1","23","6","17","7","1","6","-2"
"122597","San Francisco State University","2014","On-tenure track, professors","10","3","7","0","0","0","2","0","2","0","0","0","0","0","0","0","0","0","6","3","3","0","0","0","2","0","2","0","0","0","-2"
"122597","San Francisco State University","2014","On-tenure track, associate professors","59","27","32","0","0","0","15","8","7","2","0","2","8","5","3","0","0","0","26","13","13","1","0","1","5","1","4","2","0","2","-2"
"122597","San Francisco State University","2014","On-tenure track, assistant professors","130","57","73","4","2","2","28","8","20","6","6","0","1","0","1","0","0","0","70","35","35","0","0","0","16","5","11","5","1","4","-2"
"122597","San Francisco State University","2014","Not on tenure track/No tenure system system total","113","51","62","0","0","0","11","2","9","6","4","2","10","4","6","1","0","1","72","35","37","0","0","0","13","6","7","0","0","0","-2"
"122597","San Francisco State University","2014","Not on tenure/no tenure system, lecturers","113","51","62","0","0","0","11","2","9","6","4","2","10","4","6","1","0","1","72","35","37","0","0","0","13","6","7","0","0","0","-2"
"122755","San Jose State University","2014","Tenured total","479","270","209","4","2","2","111","66","45","11","7","4","27","16","11","0","0","0","288","160","128","4","1","3","33","17","16","1","1","0","-2"
"122755","San Jose State University","2014","Tenured, professors","303","190","113","3","2","1","70","47","23","5","3","2","18","13","5","0","0","0","197","120","77","0","0","0","10","5","5","0","0","0","-2"
"122755","San Jose State University","2014","Tenured, associate professors","169","75","94","1","0","1","39","17","22","6","4","2","8","2","6","0","0","0","88","39","49","4","1","3","22","11","11","1","1","0","-2"
"122755","San Jose State University","2014","Tenured, assistant professors","6","5","1","0","0","0","2","2","0","0","0","0","1","1","0","0","0","0","2","1","1","0","0","0","1","1","0","0","0","0","-2"
"122755","San Jose State University","2014","Tenured, no academic rank","1","0","1","0","0","0","0","0","0","0","0","0","0","0","0","0","0","0","1","0","1","0","0","0","0","0","0","0","0","0","-2"
"122755","San Jose State University","2014","On-Tenure track total","113","50","63","1","1","0","23","7","16","4","1","3","6","3","3","1","0","1","56","25","31","0","0","0","11","8","3","11","5","6","-2"
"122755","San Jose State University","2014","On-tenure track, professors","5","4","1","0","0","0","3","3","0","0","0","0","0","0","0","0","0","0","2","1","1","0","0","0","0","0","0","0","0","0","-2"
"122755","San Jose State University","2014","On-tenure track, associate professors","6","3","3","0","0","0","1","1","0","0","0","0","1","0","1","0","0","0","3","1","2","0","0","0","0","0","0","1","1","0","-2"
"122755","San Jose State University","2014","On-tenure track, assistant professors","101","42","59","1","1","0","19","3","16","4","1","3","5","3","2","1","0","1","50","22","28","0","0","0","11","8","3","10","4","6","-2"
"122755","San Jose State University","2014","On-tenure track, no academic rank","1","1","0","0","0","0","0","0","0","0","0","0","0","0","0","0","0","0","1","1","0","0","0","0","0","0","0","0","0","0","-2"
"122755","San Jose State University","2014","Not on tenure track/No tenure system system total","96","35","61","0","0","0","10","5","5","1","0","1","5","1","4","0","0","0","69","25","44","3","0","3","8","4","4","0","0","0","-2"
"122755","San Jose State University","2014","Not on tenure/no tenure system, lecturers","96","35","61","0","0","0","10","5","5","1","0","1","5","1","4","0","0","0","69","25","44","3","0","3","8","4","4","0","0","0","-2"
"123961","University of Southern California","2014","Tenured total","1144","866","278","2","2","0","164","132","32","27","15","12","36","22","14","0","0","0","871","656","215","12","10","2","32","29","3","0","0","0","-2"
"123961","University of Southern California","2014","Tenured, professors","800","630","170","2","2","0","98","80","18","13","12","1","21","15","6","0","0","0","636","495","141","8","7","1","22","19","3","0","0","0","-2"
"123961","University of Southern California","2014","Tenured, associate professors","339","231","108","0","0","0","66","52","14","14","3","11","15","7","8","0","0","0","230","156","74","4","3","1","10","10","0","0","0","0","-2"
"123961","University of Southern California","2014","Tenured, assistant professors","4","4","0","0","0","0","0","0","0","0","0","0","0","0","0","0","0","0","4","4","0","0","0","0","0","0","0","0","0","0","-2"
"123961","University of Southern California","2014","Tenured, lecturers","1","1","0","0","0","0","0","0","0","0","0","0","0","0","0","0","0","0","1","1","0","0","0","0","0","0","0","0","0","0","-2"
"123961","University of Southern California","2014","On-Tenure track total","308","184","124","0","0","0","70","39","31","11","5","6","23","15","8","0","0","0","155","98","57","7","4","3","39","21","18","3","2","1","-2"
"123961","University of Southern California","2014","On-tenure track, professors","5","4","1","0","0","0","1","0","1","0","0","0","1","1","0","0","0","0","2","2","0","0","0","0","1","1","0","0","0","0","-2"
"123961","University of Southern California","2014","On-tenure track, associate professors","8","4","4","0","0","0","3","2","1","2","1","1","0","0","0","0","0","0","3","1","2","0","0","0","0","0","0","0","0","0","-2"
"123961","University of Southern California","2014","On-tenure track, assistant professors","295","176","119","0","0","0","66","37","29","9","4","5","22","14","8","0","0","0","150","95","55","7","4","3","38","20","18","3","2","1","-2"
"123961","University of Southern California","2014","Not on tenure track/No tenure system system total","732","369","363","0","0","0","65","29","36","31","10","21","51","21","30","0","0","0","508","264","244","16","10","6","51","26","25","10","9","1","-2"
"123961","University of Southern California","2014","Not on tenure/no tenure system, professors","118","68","50","0","0","0","8","4","4","8","5","3","8","5","3","0","0","0","87","48","39","2","2","0","4","3","1","1","1","0","-2"
"123961","University of Southern California","2014","Not on tenure/no tenure system, associate professors","196","93","103","0","0","0","14","5","9","15","3","12","12","5","7","0","0","0","145","74","71","4","3","1","4","2","2","2","1","1","-2"
"123961","University of Southern California","2014","Not on tenure/no tenure system, assistant professors","169","85","84","0","0","0","12","6","6","8","2","6","12","2","10","0","0","0","116","61","55","3","1","2","14","9","5","4","4","0","-2"
"123961","University of Southern California","2014","Not on tenure/no tenure system, instructors","1","1","0","0","0","0","0","0","0","0","0","0","0","0","0","0","0","0","1","1","0","0","0","0","0","0","0","0","0","0","-2"
"123961","University of Southern California","2014","Not on tenure/no tenure system, lecturers","248","122","126","0","0","0","31","14","17","0","0","0","19","9","10","0","0","0","159","80","79","7","4","3","29","12","17","3","3","0","-2"
"126614","University of Colorado Boulder","2014","Tenured total","800","566","234","5","2","3","82","50","32","16","9","7","42","32","10","1","1","0","648","467","181","0","0","0","0","0","0","6","5","1","-2"
"126614","University of Colorado Boulder","2014","Tenured, professors","450","346","104","3","2","1","37","24","13","9","7","2","24","20","4","1","1","0","372","288","84","0","0","0","0","0","0","4","4","0","-2"
"126614","University of Colorado Boulder","2014","Tenured, associate professors","350","220","130","2","0","2","45","26","19","7","2","5","18","12","6","0","0","0","276","179","97","0","0","0","0","0","0","2","1","1","-2"
"126614","University of Colorado Boulder","2014","On-Tenure track total","267","157","110","0","0","0","39","22","17","11","5","6","22","12","10","0","0","0","176","105","71","4","1","3","0","0","0","15","12","3","-2"
"126614","University of Colorado Boulder","2014","On-tenure track, associate professors","16","9","7","0","0","0","1","0","1","1","0","1","2","0","2","0","0","0","12","9","3","0","0","0","0","0","0","0","0","0","-2"
"126614","University of Colorado Boulder","2014","On-tenure track, assistant professors","251","148","103","0","0","0","38","22","16","10","5","5","20","12","8","0","0","0","164","96","68","4","1","3","0","0","0","15","12","3","-2"
"126614","University of Colorado Boulder","2014","Not on tenure track/No tenure system system total","353","172","181","1","1","0","18","6","12","3","2","1","18","7","11","0","0","0","299","148","151","0","0","0","1","1","0","13","7","6","-2"
"126614","University of Colorado Boulder","2014","Not on tenure/no tenure system, assistant professors","1","1","0","0","0","0","0","0","0","0","0","0","0","0","0","0","0","0","0","0","0","0","0","0","0","0","0","1","1","0","-2"
"126614","University of Colorado Boulder","2014","Not on tenure/no tenure system, instructors","352","171","181","1","1","0","18","6","12","3","2","1","18","7","11","0","0","0","299","148","151","0","0","0","1","1","0","12","6","6","-2"
"127060","University of Denver","2014","Tenured total","340","212","128","0","0","0","26","17","9","6","2","4","20","13","7","0","0","0","250","153","97","5","4","1","32","22","10","1","1","0","-2"
"127060","University of Denver","2014","Tenured, professors","156","116","40","0","0","0","7","6","1","2","1","1","8","6","2","0","0","0","122","89","33","1","1","0","15","12","3","1","1","0","-2"
"127060","University of Denver","2014","Tenured, associate professors","184","96","88","0","0","0","19","11","8","4","1","3","12","7","5","0","0","0","128","64","64","4","3","1","17","10","7","0","0","0","-2"
"127060","University of Denver","2014","On-Tenure track total","121","68","53","0","0","0","7","4","3","6","1","5","7","6","1","0","0","0","67","38","29","1","1","0","19","11","8","14","7","7","-2"
"127060","University of Denver","2014","On-tenure track, professors","1","1","0","0","0","0","0","0","0","0","0","0","0","0","0","0","0","0","1","1","0","0","0","0","0","0","0","0","0","0","-2"
"127060","University of Denver","2014","On-tenure track, associate professors","4","1","3","0","0","0","0","0","0","1","0","1","1","1","0","0","0","0","1","0","1","0","0","0","1","0","1","0","0","0","-2"
"127060","University of Denver","2014","On-tenure track, assistant professors","115","66","49","0","0","0","7","4","3","5","1","4","6","5","1","0","0","0","64","37","27","1","1","0","18","11","7","14","7","7","-2"
"127060","University of Denver","2014","On-tenure track, instructors","1","0","1","0","0","0","0","0","0","0","0","0","0","0","0","0","0","0","1","0","1","0","0","0","0","0","0","0","0","0","-2"
"127060","University of Denver","2014","Not on tenure track/No tenure system system total","241","113","128","1","1","0","5","2","3","4","2","2","12","6","6","0","0","0","184","81","103","3","1","2","25","15","10","7","5","2","-2"
"127060","University of Denver","2014","Not on tenure/no tenure system, professors","24","17","7","0","0","0","0","0","0","1","1","0","0","0","0","0","0","0","23","16","7","0","0","0","0","0","0","0","0","0","-2"
"127060","University of Denver","2014","Not on tenure/no tenure system, associate professors","17","9","8","0","0","0","1","1","0","1","0","1","2","2","0","0","0","0","12","6","6","0","0","0","1","0","1","0","0","0","-2"
"127060","University of Denver","2014","Not on tenure/no tenure system, assistant professors","16","4","12","0","0","0","0","0","0","0","0","0","2","1","1","0","0","0","12","2","10","0","0","0","2","1","1","0","0","0","-2"
"127060","University of Denver","2014","Not on tenure/no tenure system, lecturers","184","83","101","1","1","0","4","1","3","2","1","1","8","3","5","0","0","0","137","57","80","3","1","2","22","14","8","7","5","2","-2"
"127565","Metropolitan State University of Denver","2014","Tenured total","264","152","112","2","1","1","21","14","7","14","11","3","27","19","8","0","0","0","193","103","90","6","4","2","1","0","1","0","0","0","-2"
"127565","Metropolitan State University of Denver","2014","Tenured, professors","122","75","47","1","0","1","8","5","3","5","4","1","9","9","0","0","0","0","96","55","41","3","2","1","0","0","0","0","0","0","-2"
"127565","Metropolitan State University of Denver","2014","Tenured, associate professors","138","75","63","1","1","0","13","9","4","8","6","2","17","10","7","0","0","0","95","47","48","3","2","1","1","0","1","0","0","0","-2"
"127565","Metropolitan State University of Denver","2014","Tenured, assistant professors","3","1","2","0","0","0","0","0","0","0","0","0","1","0","1","0","0","0","2","1","1","0","0","0","0","0","0","0","0","0","-2"
"127565","Metropolitan State University of Denver","2014","Tenured, no academic rank","1","1","0","0","0","0","0","0","0","1","1","0","0","0","0","0","0","0","0","0","0","0","0","0","0","0","0","0","0","0","-2"
"127565","Metropolitan State University of Denver","2014","On-Tenure track total","145","67","78","1","0","1","11","7","4","6","4","2","10","3","7","0","0","0","117","53","64","0","0","0","0","0","0","0","0","0","-2"
"127565","Metropolitan State University of Denver","2014","On-tenure track, professors","1","1","0","0","0","0","0","0","0","0","0","0","0","0","0","0","0","0","1","1","0","0","0","0","0","0","0","0","0","0","-2"
"127565","Metropolitan State University of Denver","2014","On-tenure track, associate professors","7","4","3","0","0","0","0","0","0","0","0","0","0","0","0","0","0","0","7","4","3","0","0","0","0","0","0","0","0","0","-2"
"127565","Metropolitan State University of Denver","2014","On-tenure track, assistant professors","137","62","75","1","0","1","11","7","4","6","4","2","10","3","7","0","0","0","109","48","61","0","0","0","0","0","0","0","0","0","-2"
"127565","Metropolitan State University of Denver","2014","Not on tenure track/No tenure system system total","148","63","85","2","1","1","5","2","3","8","1","7","11","7","4","0","0","0","120","50","70","0","0","0","2","2","0","0","0","0","-2"
"127565","Metropolitan State University of Denver","2014","Not on tenure/no tenure system, professors","3","3","0","0","0","0","0","0","0","0","0","0","0","0","0","0","0","0","3","3","0","0","0","0","0","0","0","0","0","0","-2"
"127565","Metropolitan State University of Denver","2014","Not on tenure/no tenure system, associate professors","16","5","11","0","0","0","0","0","0","1","0","1","2","1","1","0","0","0","12","3","9","0","0","0","1","1","0","0","0","0","-2"
"127565","Metropolitan State University of Denver","2014","Not on tenure/no tenure system, assistant professors","34","14","20","1","1","0","3","2","1","0","0","0","4","3","1","0","0","0","26","8","18","0","0","0","0","0","0","0","0","0","-2"
"127565","Metropolitan State University of Denver","2014","Not on tenure/no tenure system, instructors","5","4","1","0","0","0","0","0","0","0","0","0","0","0","0","0","0","0","5","4","1","0","0","0","0","0","0","0","0","0","-2"
"127565","Metropolitan State University of Denver","2014","Not on tenure/no tenure system, lecturers","84","37","47","1","0","1","2","0","2","7","1","6","5","3","2","0","0","0","68","32","36","0","0","0","1","1","0","0","0","0","-2"
"127565","Metropolitan State University of Denver","2014","Not on tenure/no tenure system, no academic rank","6","0","6","0","0","0","0","0","0","0","0","0","0","0","0","0","0","0","6","0","6","0","0","0","0","0","0","0","0","0","-2"
"127741","University of Northern Colorado","2014","Tenured total","284","166","118","3","2","1","8","5","3","6","5","1","22","10","12","0","0","0","193","111","82","2","2","0","49","30","19","1","1","0","-2"
"127741","University of Northern Colorado","2014","Tenured, professors","172","105","67","3","2","1","5","3","2","3","2","1","18","8","10","0","0","0","110","70","40","2","2","0","31","18","13","0","0","0","-2"
"127741","University of Northern Colorado","2014","Tenured, associate professors","109","60","49","0","0","0","3","2","1","3","3","0","4","2","2","0","0","0","80","40","40","0","0","0","18","12","6","1","1","0","-2"
"127741","University of Northern Colorado","2014","Tenured, assistant professors","3","1","2","0","0","0","0","0","0","0","0","0","0","0","0","0","0","0","3","1","2","0","0","0","0","0","0","0","0","0","-2"
"127741","University of Northern Colorado","2014","On-Tenure track total","95","44","51","1","1","0","4","2","2","1","0","1","3","2","1","0","0","0","76","33","43","0","0","0","2","0","2","8","6","2","-2"
"127741","University of Northern Colorado","2014","On-tenure track, associate professors","9","4","5","0","0","0","1","0","1","0","0","0","0","0","0","0","0","0","7","3","4","0","0","0","0","0","0","1","1","0","-2"
"127741","University of Northern Colorado","2014","On-tenure track, assistant professors","86","40","46","1","1","0","3","2","1","1","0","1","3","2","1","0","0","0","69","30","39","0","0","0","2","0","2","7","5","2","-2"
"127741","University of Northern Colorado","2014","Not on tenure track/No tenure system system total","111","36","75","0","0","0","2","1","1","0","0","0","6","1","5","1","0","1","89","29","60","0","0","0","11","5","6","2","0","2","-2"
"127741","University of Northern Colorado","2014","Not on tenure/no tenure system, professors","1","1","0","0","0","0","0","0","0","0","0","0","0","0","0","0","0","0","1","1","0","0","0","0","0","0","0","0","0","0","-2"
"127741","University of Northern Colorado","2014","Not on tenure/no tenure system, associate professors","5","3","2","0","0","0","0","0","0","0","0","0","0","0","0","0","0","0","4","2","2","0","0","0","1","1","0","0","0","0","-2"
"127741","University of Northern Colorado","2014","Not on tenure/no tenure system, assistant professors","32","7","25","0","0","0","1","1","0","0","0","0","1","0","1","0","0","0","27","6","21","0","0","0","3","0","3","0","0","0","-2"
"127741","University of Northern Colorado","2014","Not on tenure/no tenure system, instructors","17","6","11","0","0","0","0","0","0","0","0","0","1","1","0","0","0","0","14","4","10","0","0","0","2","1","1","0","0","0","-2"
"127741","University of Northern Colorado","2014","Not on tenure/no tenure system, lecturers","56","19","37","0","0","0","1","0","1","0","0","0","4","0","4","1","0","1","43","16","27","0","0","0","5","3","2","2","0","2","-2"
"130776","Western Connecticut State University","2014","Tenured total","150","80","70","0","0","0","11","7","4","6","4","2","7","4","3","0","0","0","120","61","59","0","0","0","6","4","2","0","0","0","-2"
"130776","Western Connecticut State University","2014","Tenured, professors","97","54","43","0","0","0","6","3","3","3","2","1","4","2","2","0","0","0","82","46","36","0","0","0","2","1","1","0","0","0","-2"
"130776","Western Connecticut State University","2014","Tenured, associate professors","46","23","23","0","0","0","5","4","1","3","2","1","3","2","1","0","0","0","32","13","19","0","0","0","3","2","1","0","0","0","-2"
"130776","Western Connecticut State University","2014","Tenured, assistant professors","7","3","4","0","0","0","0","0","0","0","0","0","0","0","0","0","0","0","6","2","4","0","0","0","1","1","0","0","0","0","-2"
"130776","Western Connecticut State University","2014","On-Tenure track total","56","19","37","1","0","1","8","4","4","2","1","1","1","1","0","0","0","0","39","11","28","0","0","0","5","2","3","0","0","0","-2"
"130776","Western Connecticut State University","2014","On-tenure track, professors","1","0","1","0","0","0","0","0","0","0","0","0","0","0","0","0","0","0","1","0","1","0","0","0","0","0","0","0","0","0","-2"
"130776","Western Connecticut State University","2014","On-tenure track, associate professors","14","7","7","0","0","0","3","1","2","0","0","0","0","0","0","0","0","0","9","4","5","0","0","0","2","2","0","0","0","0","-2"
"130776","Western Connecticut State University","2014","On-tenure track, assistant professors","41","12","29","1","0","1","5","3","2","2","1","1","1","1","0","0","0","0","29","7","22","0","0","0","3","0","3","0","0","0","-2"
"130776","Western Connecticut State University","2014","Not on tenure track/No tenure system system total","6","2","4","0","0","0","1","1","0","0","0","0","0","0","0","0","0","0","4","1","3","0","0","0","1","0","1","0","0","0","-2"
"130776","Western Connecticut State University","2014","Not on tenure/no tenure system, assistant professors","5","2","3","0","0","0","1","1","0","0","0","0","0","0","0","0","0","0","3","1","2","0","0","0","1","0","1","0","0","0","-2"
"130776","Western Connecticut State University","2014","Not on tenure/no tenure system, instructors","1","0","1","0","0","0","0","0","0","0","0","0","0","0","0","0","0","0","1","0","1","0","0","0","0","0","0","0","0","0","-2"
"130794","Yale University","2014","Tenured total","990","749","241","1","1","0","89","66","23","26","16","10","24","17","7","1","1","0","798","611","187","1","0","1","39","30","9","11","7","4","-2"
"130794","Yale University","2014","Tenured, professors","907","703","204","1","1","0","75","57","18","25","16","9","22","17","5","1","1","0","738","576","162","0","0","0","37","29","8","8","6","2","-2"
"130794","Yale University","2014","Tenured, associate professors","83","46","37","0","0","0","14","9","5","1","0","1","2","0","2","0","0","0","60","35","25","1","0","1","2","1","1","3","1","2","-2"
"130794","Yale University","2014","On-Tenure track total","1085","617","468","2","1","1","173","101","72","41","19","22","37","19","18","3","0","3","637","366","271","4","2","2","134","77","57","54","32","22","-2"
"130794","Yale University","2014","On-tenure track, associate professors","333","205","128","2","1","1","63","40","23","16","6","10","14","10","4","2","0","2","212","135","77","2","1","1","17","9","8","5","3","2","-2"
"130794","Yale University","2014","On-tenure track, assistant professors","752","412","340","0","0","0","110","61","49","25","13","12","23","9","14","1","0","1","425","231","194","2","1","1","117","68","49","49","29","20","-2"
"130794","Yale University","2014","Not on tenure track/No tenure system system total","620","306","314","0","0","0","63","25","38","15","8","7","17","4","13","0","0","0","342","175","167","4","1","3","121","61","60","58","32","26","-2"
"130794","Yale University","2014","Not on tenure/no tenure system, professors","69","51","18","0","0","0","5","3","2","1","1","0","0","0","0","0","0","0","60","44","16","0","0","0","2","2","0","1","1","0","-2"
"130794","Yale University","2014","Not on tenure/no tenure system, associate professors","24","8","16","0","0","0","1","1","0","2","0","2","0","0","0","0","0","0","17","6","11","0","0","0","2","0","2","2","1","1","-2"
"130794","Yale University","2014","Not on tenure/no tenure system, assistant professors","22","16","6","0","0","0","0","0","0","0","0","0","0","0","0","0","0","0","10","6","4","0","0","0","4","3","1","8","7","1","-2"
"130794","Yale University","2014","Not on tenure/no tenure system, lecturers","505","231","274","0","0","0","57","21","36","12","7","5","17","4","13","0","0","0","255","119","136","4","1","3","113","56","57","47","23","24","-2"
"130943","University of Delaware","2014","Tenured total","657","445","212","0","0","0","86","66","20","25","12","13","22","14","8","0","0","0","522","353","169","0","0","0","0","0","0","2","0","2","-2"
"130943","University of Delaware","2014","Tenured, professors","379","281","98","0","0","0","44","39","5","10","4","6","11","10","1","0","0","0","314","228","86","0","0","0","0","0","0","0","0","0","-2"
"130943","University of Delaware","2014","Tenured, associate professors","278","164","114","0","0","0","42","27","15","15","8","7","11","4","7","0","0","0","208","125","83","0","0","0","0","0","0","2","0","2","-2"
"130943","University of Delaware","2014","On-Tenure track total","172","84","88","0","0","0","28","11","17","9","2","7","4","3","1","0","0","0","109","55","54","3","1","2","2","1","1","17","11","6","-2"
"130943","University of Delaware","2014","On-tenure track, associate professors","9","2","7","0","0","0","1","0","1","1","0","1","0","0","0","0","0","0","7","2","5","0","0","0","0","0","0","0","0","0","-2"
"130943","University of Delaware","2014","On-tenure track, assistant professors","163","82","81","0","0","0","27","11","16","8","2","6","4","3","1","0","0","0","102","53","49","3","1","2","2","1","1","17","11","6","-2"
"130943","University of Delaware","2014","Not on tenure track/No tenure system system total","283","133","150","3","1","2","15","11","4","11","5","6","12","3","9","0","0","0","234","107","127","1","0","1","0","0","0","7","6","1","-2"
"130943","University of Delaware","2014","Not on tenure/no tenure system, professors","12","9","3","0","0","0","1","1","0","1","1","0","0","0","0","0","0","0","10","7","3","0","0","0","0","0","0","0","0","0","-2"
"130943","University of Delaware","2014","Not on tenure/no tenure system, associate professors","50","31","19","0","0","0","5","5","0","2","1","1","0","0","0","0","0","0","42","24","18","0","0","0","0","0","0","1","1","0","-2"
"130943","University of Delaware","2014","Not on tenure/no tenure system, assistant professors","127","61","66","1","0","1","7","4","3","7","3","4","8","3","5","0","0","0","98","46","52","0","0","0","0","0","0","6","5","1","-2"
"130943","University of Delaware","2014","Not on tenure/no tenure system, instructors","94","32","62","2","1","1","2","1","1","1","0","1","4","0","4","0","0","0","84","30","54","1","0","1","0","0","0","0","0","0","-2"
"131520","Howard University","2014","Tenured total","467","299","168","0","0","0","36","30","6","286","181","105","17","1","16","0","0","0","80","54","26","0","0","0","48","33","15","0","0","0","-2"
"131520","Howard University","2014","Tenured, professors","203","148","55","0","0","0","13","12","1","127","95","32","4","1","3","0","0","0","36","24","12","0","0","0","23","16","7","0","0","0","-2"
"131520","Howard University","2014","Tenured, associate professors","259","148","111","0","0","0","23","18","5","155","83","72","12","0","12","0","0","0","44","30","14","0","0","0","25","17","8","0","0","0","-2"
"131520","Howard University","2014","Tenured, assistant professors","4","3","1","0","0","0","0","0","0","3","3","0","1","0","1","0","0","0","0","0","0","0","0","0","0","0","0","0","0","0","-2"
"131520","Howard University","2014","Tenured, instructors","1","0","1","0","0","0","0","0","0","1","0","1","0","0","0","0","0","0","0","0","0","0","0","0","0","0","0","0","0","0","-2"
"131520","Howard University","2014","On-Tenure track total","138","69","69","0","0","0","12","6","6","70","28","42","2","1","1","0","0","0","10","7","3","0","0","0","44","27","17","0","0","0","-2"
"131520","Howard University","2014","On-tenure track, associate professors","20","17","3","0","0","0","2","2","0","9","7","2","1","0","1","0","0","0","0","0","0","0","0","0","8","8","0","0","0","0","-2"
"131520","Howard University","2014","On-tenure track, assistant professors","116","52","64","0","0","0","10","4","6","59","21","38","1","1","0","0","0","0","10","7","3","0","0","0","36","19","17","0","0","0","-2"
"131520","Howard University","2014","On-tenure track, instructors","2","0","2","0","0","0","0","0","0","2","0","2","0","0","0","0","0","0","0","0","0","0","0","0","0","0","0","0","0","0","-2"
"131520","Howard University","2014","Not on tenure track/No tenure system system total","489","267","222","2","1","1","25","15","10","279","136","143","9","5","4","6","0","6","47","33","14","0","0","0","121","77","44","0","0","0","-2"
"131520","Howard University","2014","Not on tenure/no tenure system, professors","56","40","16","0","0","0","3","2","1","36","24","12","0","0","0","0","0","0","12","10","2","0","0","0","5","4","1","0","0","0","-2"
"131520","Howard University","2014","Not on tenure/no tenure system, associate professors","79","45","34","0","0","0","4","2","2","49","23","26","4","4","0","0","0","0","7","6","1","0","0","0","15","10","5","0","0","0","-2"
"131520","Howard University","2014","Not on tenure/no tenure system, assistant professors","155","81","74","1","0","1","12","9","3","85","42","43","2","1","1","2","0","2","19","11","8","0","0","0","34","18","16","0","0","0","-2"
"131520","Howard University","2014","Not on tenure/no tenure system, instructors","83","38","45","1","1","0","4","1","3","46","19","27","1","0","1","3","0","3","4","3","1","0","0","0","24","14","10","0","0","0","-2"
"131520","Howard University","2014","Not on tenure/no tenure system, lecturers","111","62","49","0","0","0","2","1","1","59","27","32","2","0","2","1","0","1","5","3","2","0","0","0","42","31","11","0","0","0","-2"
"131520","Howard University","2014","Not on tenure/no tenure system, no academic rank","5","1","4","0","0","0","0","0","0","4","1","3","0","0","0","0","0","0","0","0","0","0","0","0","1","0","1","0","0","0","-2"
"133650","Florida Agricultural and Mechanical University","2014","Tenured total","247","160","87","0","0","0","14","10","4","171","107","64","6","3","3","0","0","0","46","33","13","3","1","2","0","0","0","7","6","1","-2"
"133650","Florida Agricultural and Mechanical University","2014","Tenured, professors","135","101","34","0","0","0","12","9","3","90","66","24","1","0","1","0","0","0","25","21","4","1","0","1","0","0","0","6","5","1","-2"
"133650","Florida Agricultural and Mechanical University","2014","Tenured, associate professors","107","55","52","0","0","0","2","1","1","76","37","39","5","3","2","0","0","0","21","12","9","2","1","1","0","0","0","1","1","0","-2"
"133650","Florida Agricultural and Mechanical University","2014","Tenured, assistant professors","5","4","1","0","0","0","0","0","0","5","4","1","0","0","0","0","0","0","0","0","0","0","0","0","0","0","0","0","0","0","-2"
"133650","Florida Agricultural and Mechanical University","2014","On-Tenure track total","140","64","76","0","0","0","7","6","1","83","31","52","4","1","3","0","0","0","28","15","13","3","2","1","0","0","0","15","9","6","-2"
"133650","Florida Agricultural and Mechanical University","2014","On-tenure track, professors","7","5","2","0","0","0","0","0","0","5","3","2","0","0","0","0","0","0","1","1","0","0","0","0","0","0","0","1","1","0","-2"
"133650","Florida Agricultural and Mechanical University","2014","On-tenure track, associate professors","66","30","36","0","0","0","5","5","0","36","12","24","2","0","2","0","0","0","14","6","8","2","2","0","0","0","0","7","5","2","-2"
"133650","Florida Agricultural and Mechanical University","2014","On-tenure track, assistant professors","67","29","38","0","0","0","2","1","1","42","16","26","2","1","1","0","0","0","13","8","5","1","0","1","0","0","0","7","3","4","-2"
"133650","Florida Agricultural and Mechanical University","2014","Not on tenure track/No tenure system system total","161","71","90","0","0","0","5","2","3","124","52","72","4","1","3","0","0","0","18","10","8","3","1","2","0","0","0","7","5","2","-2"
"133650","Florida Agricultural and Mechanical University","2014","Not on tenure/no tenure system, professors","3","2","1","0","0","0","0","0","0","2","1","1","0","0","0","0","0","0","1","1","0","0","0","0","0","0","0","0","0","0","-2"
"133650","Florida Agricultural and Mechanical University","2014","Not on tenure/no tenure system, associate professors","8","3","5","0","0","0","0","0","0","5","2","3","0","0","0","0","0","0","0","0","0","2","0","2","0","0","0","1","1","0","-2"
"133650","Florida Agricultural and Mechanical University","2014","Not on tenure/no tenure system, assistant professors","80","40","40","0","0","0","5","2","3","66","32","34","1","1","0","0","0","0","4","2","2","1","1","0","0","0","0","3","2","1","-2"
"133650","Florida Agricultural and Mechanical University","2014","Not on tenure/no tenure system, instructors","70","26","44","0","0","0","0","0","0","51","17","34","3","0","3","0","0","0","13","7","6","0","0","0","0","0","0","3","2","1","-2"
"133881","Florida Institute of Technology","2014","Not on tenure track/No tenure system system total","290","222","68","2","2","0","30","27","3","7","4","3","12","7","5","0","0","0","188","141","47","1","0","1","16","13","3","34","28","6","-2"
"133881","Florida Institute of Technology","2014","Not on tenure/no tenure system, professors","80","70","10","0","0","0","9","9","0","0","0","0","2","1","1","0","0","0","57","50","7","0","0","0","3","2","1","9","8","1","-2"
"133881","Florida Institute of Technology","2014","Not on tenure/no tenure system, associate professors","94","84","10","1","1","0","10","10","0","2","2","0","5","4","1","0","0","0","56","48","8","0","0","0","7","7","0","13","12","1","-2"
"133881","Florida Institute of Technology","2014","Not on tenure/no tenure system, assistant professors","91","56","35","1","1","0","11","8","3","3","2","1","5","2","3","0","0","0","56","32","24","1","0","1","3","3","0","11","8","3","-2"
"133881","Florida Institute of Technology","2014","Not on tenure/no tenure system, instructors","25","12","13","0","0","0","0","0","0","2","0","2","0","0","0","0","0","0","19","11","8","0","0","0","3","1","2","1","0","1","-2"
"133951","Florida International University","2014","Tenured total","484","332","152","2","1","1","97","77","20","29","15","14","65","48","17","0","0","0","281","184","97","0","0","0","0","0","0","10","7","3","-2"
"133951","Florida International University","2014","Tenured, professors","231","179","52","1","0","1","41","37","4","9","8","1","44","35","9","0","0","0","134","97","37","0","0","0","0","0","0","2","2","0","-2"
"133951","Florida International University","2014","Tenured, associate professors","253","153","100","1","1","0","56","40","16","20","7","13","21","13","8","0","0","0","147","87","60","0","0","0","0","0","0","8","5","3","-2"
"133951","Florida International University","2014","On-Tenure track total","240","136","104","2","1","1","36","28","8","7","2","5","19","12","7","0","0","0","130","67","63","0","0","0","0","0","0","46","26","20","-2"
"133951","Florida International University","2014","On-tenure track, associate professors","18","10","8","0","0","0","4","3","1","1","0","1","2","2","0","0","0","0","8","2","6","0","0","0","0","0","0","3","3","0","-2"
"133951","Florida International University","2014","On-tenure track, assistant professors","222","126","96","2","1","1","32","25","7","6","2","4","17","10","7","0","0","0","122","65","57","0","0","0","0","0","0","43","23","20","-2"
"133951","Florida International University","2014","Not on tenure track/No tenure system system total","484","225","259","0","0","0","25","11","14","40","12","28","122","51","71","0","0","0","257","125","132","3","2","1","0","0","0","37","24","13","-2"
"133951","Florida International University","2014","Not on tenure/no tenure system, professors","24","16","8","0","0","0","4","3","1","0","0","0","2","1","1","0","0","0","15","9","6","0","0","0","0","0","0","3","3","0","-2"
"133951","Florida International University","2014","Not on tenure/no tenure system, associate professors","28","14","14","0","0","0","0","0","0","5","1","4","9","4","5","0","0","0","11","6","5","0","0","0","0","0","0","3","3","0","-2"
"133951","Florida International University","2014","Not on tenure/no tenure system, assistant professors","124","45","79","0","0","0","7","2","5","13","1","12","33","13","20","0","0","0","55","19","36","2","1","1","0","0","0","14","9","5","-2"
"133951","Florida International University","2014","Not on tenure/no tenure system, instructors","240","120","120","0","0","0","12","5","7","17","9","8","58","26","32","0","0","0","137","71","66","0","0","0","0","0","0","16","9","7","-2"
"133951","Florida International University","2014","Not on tenure/no tenure system, lecturers","41","19","22","0","0","0","2","1","1","4","1","3","11","4","7","0","0","0","23","13","10","0","0","0","0","0","0","1","0","1","-2"
"133951","Florida International University","2014","Not on tenure/no tenure system, no academic rank","27","11","16","0","0","0","0","0","0","1","0","1","9","3","6","0","0","0","16","7","9","1","1","0","0","0","0","0","0","0","-2"
"134097","Florida State University","2014","Tenured total","769","535","234","2","2","0","96","74","22","32","15","17","21","21","0","0","0","0","605","421","184","3","0","3","0","0","0","10","2","8","-2"
"134097","Florida State University","2014","Tenured, professors","455","349","106","0","0","0","43","36","7","18","11","7","11","11","0","0","0","0","379","291","88","1","0","1","0","0","0","3","0","3","-2"
"134097","Florida State University","2014","Tenured, associate professors","314","186","128","2","2","0","53","38","15","14","4","10","10","10","0","0","0","0","226","130","96","2","0","2","0","0","0","7","2","5","-2"
"134097","Florida State University","2014","On-Tenure track total","286","168","118","0","0","0","34","20","14","14","3","11","12","7","5","0","0","0","184","113","71","4","1","3","0","0","0","38","24","14","-2"
"134097","Florida State University","2014","On-tenure track, professors","4","2","2","0","0","0","2","1","1","0","0","0","0","0","0","0","0","0","2","1","1","0","0","0","0","0","0","0","0","0","-2"
"134097","Florida State University","2014","On-tenure track, associate professors","10","5","5","0","0","0","3","1","2","0","0","0","1","0","1","0","0","0","6","4","2","0","0","0","0","0","0","0","0","0","-2"
"134097","Florida State University","2014","On-tenure track, assistant professors","272","161","111","0","0","0","29","18","11","14","3","11","11","7","4","0","0","0","176","108","68","4","1","3","0","0","0","38","24","14","-2"
"134097","Florida State University","2014","Not on tenure track/No tenure system system total","362","168","194","1","1","0","16","6","10","19","7","12","18","5","13","0","0","0","299","146","153","4","0","4","0","0","0","5","3","2","-2"
"134097","Florida State University","2014","Not on tenure/no tenure system, professors","13","10","3","0","0","0","0","0","0","1","1","0","0","0","0","0","0","0","11","8","3","0","0","0","0","0","0","1","1","0","-2"
"134097","Florida State University","2014","Not on tenure/no tenure system, associate professors","24","14","10","0","0","0","1","0","1","2","1","1","3","2","1","0","0","0","18","11","7","0","0","0","0","0","0","0","0","0","-2"
"134097","Florida State University","2014","Not on tenure/no tenure system, assistant professors","33","13","20","0","0","0","3","2","1","4","3","1","3","1","2","0","0","0","22","7","15","0","0","0","0","0","0","1","0","1","-2"
"134097","Florida State University","2014","Not on tenure/no tenure system, instructors","3","1","2","0","0","0","0","0","0","1","0","1","0","0","0","0","0","0","1","0","1","0","0","0","0","0","0","1","1","0","-2"
"134097","Florida State University","2014","Not on tenure/no tenure system, lecturers","1","0","1","0","0","0","0","0","0","0","0","0","0","0","0","0","0","0","1","0","1","0","0","0","0","0","0","0","0","0","-2"
"134097","Florida State University","2014","Not on tenure/no tenure system, no academic rank","288","130","158","1","1","0","12","4","8","11","2","9","12","2","10","0","0","0","246","120","126","4","0","4","0","0","0","2","1","1","-2"
"135726","University of Miami","2014","Tenured total","870","647","223","4","4","0","103","81","22","24","14","10","97","67","30","0","0","0","634","474","160","2","2","0","4","4","0","2","1","1","-2"
"135726","University of Miami","2014","Tenured, professors","598","487","111","2","2","0","61","50","11","11","8","3","68","51","17","0","0","0","450","370","80","2","2","0","3","3","0","1","1","0","-2"
"135726","University of Miami","2014","Tenured, associate professors","272","160","112","2","2","0","42","31","11","13","6","7","29","16","13","0","0","0","184","104","80","0","0","0","1","1","0","1","0","1","-2"
"135726","University of Miami","2014","On-Tenure track total","223","145","78","0","0","0","39","26","13","4","3","1","26","18","8","1","0","1","121","73","48","2","1","1","0","0","0","30","24","6","-2"
"135726","University of Miami","2014","On-tenure track, professors","9","6","3","0","0","0","1","1","0","0","0","0","0","0","0","0","0","0","7","4","3","0","0","0","0","0","0","1","1","0","-2"
"135726","University of Miami","2014","On-tenure track, associate professors","53","41","12","0","0","0","11","11","0","0","0","0","9","9","0","1","0","1","30","20","10","1","0","1","0","0","0","1","1","0","-2"
"135726","University of Miami","2014","On-tenure track, assistant professors","161","98","63","0","0","0","27","14","13","4","3","1","17","9","8","0","0","0","84","49","35","1","1","0","0","0","0","28","22","6","-2"
"135726","University of Miami","2014","Not on tenure track/No tenure system system total","414","192","222","0","0","0","18","4","14","19","6","13","86","36","50","0","0","0","261","127","134","8","4","4","1","0","1","21","15","6","-2"
"135726","University of Miami","2014","Not on tenure/no tenure system, professors","16","12","4","0","0","0","0","0","0","1","0","1","2","2","0","0","0","0","12","9","3","0","0","0","0","0","0","1","1","0","-2"
"135726","University of Miami","2014","Not on tenure/no tenure system, associate professors","21","10","11","0","0","0","3","2","1","3","2","1","3","2","1","0","0","0","12","4","8","0","0","0","0","0","0","0","0","0","-2"
"135726","University of Miami","2014","Not on tenure/no tenure system, assistant professors","81","36","45","0","0","0","3","1","2","7","0","7","17","6","11","0","0","0","42","20","22","1","0","1","0","0","0","11","9","2","-2"
"135726","University of Miami","2014","Not on tenure/no tenure system, instructors","1","0","1","0","0","0","0","0","0","0","0","0","0","0","0","0","0","0","1","0","1","0","0","0","0","0","0","0","0","0","-2"
"135726","University of Miami","2014","Not on tenure/no tenure system, lecturers","295","134","161","0","0","0","12","1","11","8","4","4","64","26","38","0","0","0","194","94","100","7","4","3","1","0","1","9","5","4","-2"
"137351","University of South Florida-Main Campus","2014","Tenured total","698","457","241","4","2","2","52","43","9","33","17","16","31","19","12","0","0","0","495","321","174","1","1","0","0","0","0","82","54","28","-2"
"137351","University of South Florida-Main Campus","2014","Tenured, professors","369","270","99","4","2","2","34","32","2","9","8","1","18","13","5","0","0","0","282","195","87","1","1","0","0","0","0","21","19","2","-2"
"137351","University of South Florida-Main Campus","2014","Tenured, associate professors","326","185","141","0","0","0","18","11","7","24","9","15","13","6","7","0","0","0","211","125","86","0","0","0","0","0","0","60","34","26","-2"
"137351","University of South Florida-Main Campus","2014","Tenured, assistant professors","3","2","1","0","0","0","0","0","0","0","0","0","0","0","0","0","0","0","2","1","1","0","0","0","0","0","0","1","1","0","-2"
"137351","University of South Florida-Main Campus","2014","On-Tenure track total","289","153","136","0","0","0","19","9","10","21","9","12","13","6","7","0","0","0","142","70","72","2","0","2","0","0","0","92","59","33","-2"
"137351","University of South Florida-Main Campus","2014","On-tenure track, professors","10","10","0","0","0","0","1","1","0","1","1","0","0","0","0","0","0","0","6","6","0","0","0","0","0","0","0","2","2","0","-2"
"137351","University of South Florida-Main Campus","2014","On-tenure track, associate professors","24","21","3","0","0","0","2","2","0","1","0","1","1","1","0","0","0","0","15","13","2","0","0","0","0","0","0","5","5","0","-2"
"137351","University of South Florida-Main Campus","2014","On-tenure track, assistant professors","252","121","131","0","0","0","15","5","10","19","8","11","12","5","7","0","0","0","120","51","69","2","0","2","0","0","0","84","52","32","-2"
"137351","University of South Florida-Main Campus","2014","On-tenure track, instructors","3","1","2","0","0","0","1","1","0","0","0","0","0","0","0","0","0","0","1","0","1","0","0","0","0","0","0","1","0","1","-2"
"137351","University of South Florida-Main Campus","2014","Not on tenure track/No tenure system system total","614","289","325","1","1","0","33","15","18","21","10","11","63","36","27","0","0","0","414","185","229","2","1","1","0","0","0","80","41","39","-2"
"137351","University of South Florida-Main Campus","2014","Not on tenure/no tenure system, professors","37","29","8","0","0","0","2","2","0","1","1","0","2","2","0","0","0","0","32","24","8","0","0","0","0","0","0","0","0","0","-2"
"137351","University of South Florida-Main Campus","2014","Not on tenure/no tenure system, associate professors","66","32","34","0","0","0","4","2","2","2","0","2","8","4","4","0","0","0","45","21","24","0","0","0","0","0","0","7","5","2","-2"
"137351","University of South Florida-Main Campus","2014","Not on tenure/no tenure system, assistant professors","235","125","110","1","1","0","23","9","14","10","4","6","35","24","11","0","0","0","127","64","63","0","0","0","0","0","0","39","23","16","-2"
"137351","University of South Florida-Main Campus","2014","Not on tenure/no tenure system, instructors","274","102","172","0","0","0","4","2","2","8","5","3","18","6","12","0","0","0","208","75","133","2","1","1","0","0","0","34","13","21","-2"
"137351","University of South Florida-Main Campus","2014","Not on tenure/no tenure system, lecturers","2","1","1","0","0","0","0","0","0","0","0","0","0","0","0","0","0","0","2","1","1","0","0","0","0","0","0","0","0","0","-2"
"139755","Georgia Institute of Technology-Main Campus","2014","Tenured total","701","570","131","0","0","0","158","129","29","20","16","4","20","16","4","0","0","0","500","407","93","0","0","0","1","0","1","2","2","0","-2"
"139755","Georgia Institute of Technology-Main Campus","2014","Tenured, professors","432","372","60","0","0","0","99","88","11","8","6","2","11","10","1","0","0","0","313","267","46","0","0","0","0","0","0","1","1","0","-2"
"139755","Georgia Institute of Technology-Main Campus","2014","Tenured, associate professors","269","198","71","0","0","0","59","41","18","12","10","2","9","6","3","0","0","0","187","140","47","0","0","0","1","0","1","1","1","0","-2"
"139755","Georgia Institute of Technology-Main Campus","2014","On-Tenure track total","214","156","58","0","0","0","58","42","16","4","3","1","11","8","3","0","0","0","127","89","38","2","2","0","2","2","0","10","10","0","-2"
"139755","Georgia Institute of Technology-Main Campus","2014","On-tenure track, professors","3","2","1","0","0","0","0","0","0","0","0","0","0","0","0","0","0","0","2","1","1","0","0","0","0","0","0","1","1","0","-2"
"139755","Georgia Institute of Technology-Main Campus","2014","On-tenure track, associate professors","19","16","3","0","0","0","13","12","1","0","0","0","1","0","1","0","0","0","5","4","1","0","0","0","0","0","0","0","0","0","-2"
"139755","Georgia Institute of Technology-Main Campus","2014","On-tenure track, assistant professors","191","137","54","0","0","0","45","30","15","4","3","1","10","8","2","0","0","0","119","83","36","2","2","0","2","2","0","9","9","0","-2"
"139755","Georgia Institute of Technology-Main Campus","2014","On-tenure track, instructors","1","1","0","0","0","0","0","0","0","0","0","0","0","0","0","0","0","0","1","1","0","0","0","0","0","0","0","0","0","0","-2"
"139755","Georgia Institute of Technology-Main Campus","2014","Not on tenure track/No tenure system system total","120","56","64","0","0","0","9","5","4","4","2","2","2","0","2","0","0","0","94","45","49","1","0","1","4","1","3","6","3","3","-2"
"139755","Georgia Institute of Technology-Main Campus","2014","Not on tenure/no tenure system, assistant professors","1","1","0","0","0","0","0","0","0","0","0","0","0","0","0","0","0","0","1","1","0","0","0","0","0","0","0","0","0","0","-2"
"139755","Georgia Institute of Technology-Main Campus","2014","Not on tenure/no tenure system, instructors","41","13","28","0","0","0","0","0","0","1","0","1","0","0","0","0","0","0","35","11","24","0","0","0","1","0","1","4","2","2","-2"
"139755","Georgia Institute of Technology-Main Campus","2014","Not on tenure/no tenure system, lecturers","64","29","35","0","0","0","8","4","4","2","1","1","2","0","2","0","0","0","47","22","25","1","0","1","2","1","1","2","1","1","-2"
"139755","Georgia Institute of Technology-Main Campus","2014","Not on tenure/no tenure system, no academic rank","14","13","1","0","0","0","1","1","0","1","1","0","0","0","0","0","0","0","11","11","0","0","0","0","1","0","1","0","0","0","-2"
"139959","University of Georgia","2014","Tenured total","1222","840","382","4","2","2","110","82","28","79","41","38","44","28","16","0","0","0","969","677","292","6","4","2","10","6","4","0","0","0","-2"
"139959","University of Georgia","2014","Tenured, professors","710","534","176","4","2","2","45","36","9","42","24","18","21","15","6","0","0","0","588","450","138","4","3","1","6","4","2","0","0","0","-2"
"139959","University of Georgia","2014","Tenured, associate professors","511","305","206","0","0","0","65","46","19","37","17","20","23","13","10","0","0","0","380","226","154","2","1","1","4","2","2","0","0","0","-2"
"139959","University of Georgia","2014","Tenured, assistant professors","1","1","0","0","0","0","0","0","0","0","0","0","0","0","0","0","0","0","1","1","0","0","0","0","0","0","0","0","0","0","-2"
"139959","University of Georgia","2014","On-Tenure track total","387","214","173","1","1","0","57","37","20","16","5","11","21","11","10","0","0","0","263","145","118","2","1","1","14","5","9","13","9","4","-2"
"139959","University of Georgia","2014","On-tenure track, professors","2","1","1","0","0","0","0","0","0","0","0","0","0","0","0","0","0","0","2","1","1","0","0","0","0","0","0","0","0","0","-2"
"139959","University of Georgia","2014","On-tenure track, associate professors","22","16","6","0","0","0","5","4","1","0","0","0","1","0","1","0","0","0","14","12","2","1","0","1","1","0","1","0","0","0","-2"
"139959","University of Georgia","2014","On-tenure track, assistant professors","363","197","166","1","1","0","52","33","19","16","5","11","20","11","9","0","0","0","247","132","115","1","1","0","13","5","8","13","9","4","-2"
"139959","University of Georgia","2014","Not on tenure track/No tenure system system total","299","128","171","2","0","2","16","5","11","14","3","11","5","0","5","0","0","0","249","116","133","3","1","2","6","1","5","4","2","2","-2"
"139959","University of Georgia","2014","Not on tenure/no tenure system, professors","11","7","4","0","0","0","0","0","0","0","0","0","0","0","0","0","0","0","11","7","4","0","0","0","0","0","0","0","0","0","-2"
"139959","University of Georgia","2014","Not on tenure/no tenure system, associate professors","23","13","10","0","0","0","1","1","0","1","0","1","0","0","0","0","0","0","21","12","9","0","0","0","0","0","0","0","0","0","-2"
"139959","University of Georgia","2014","Not on tenure/no tenure system, assistant professors","55","17","38","1","0","1","5","1","4","3","0","3","1","0","1","0","0","0","40","15","25","1","0","1","2","0","2","2","1","1","-2"
"139959","University of Georgia","2014","Not on tenure/no tenure system, instructors","54","23","31","1","0","1","1","1","0","0","0","0","2","0","2","0","0","0","47","21","26","1","0","1","1","1","0","1","0","1","-2"
"139959","University of Georgia","2014","Not on tenure/no tenure system, lecturers","156","68","88","0","0","0","9","2","7","10","3","7","2","0","2","0","0","0","130","61","69","1","1","0","3","0","3","1","1","0","-2"
"140720","Paine College","2014","Tenured total","6","6","0","0","0","0","0","0","0","0","0","0","0","0","0","4","4","0","2","2","0","0","0","0","0","0","0","0","0","0","-2"
"140720","Paine College","2014","Tenured, professors","5","5","0","0","0","0","0","0","0","0","0","0","0","0","0","3","3","0","2","2","0","0","0","0","0","0","0","0","0","0","-2"
"140720","Paine College","2014","Tenured, associate professors","1","1","0","0","0","0","0","0","0","0","0","0","0","0","0","1","1","0","0","0","0","0","0","0","0","0","0","0","0","0","-2"
"140720","Paine College","2014","On-Tenure track total","34","22","12","0","0","0","3","3","0","21","12","9","1","1","0","0","0","0","5","3","2","2","1","1","0","0","0","2","2","0","-2"
"140720","Paine College","2014","On-tenure track, associate professors","7","4","3","0","0","0","0","0","0","4","1","3","0","0","0","0","0","0","3","3","0","0","0","0","0","0","0","0","0","0","-2"
"140720","Paine College","2014","On-tenure track, assistant professors","27","18","9","0","0","0","3","3","0","17","11","6","1","1","0","0","0","0","2","0","2","2","1","1","0","0","0","2","2","0","-2"
"140720","Paine College","2014","Not on tenure track/No tenure system system total","12","7","5","0","0","0","0","0","0","8","5","3","0","0","0","0","0","0","1","0","1","2","1","1","0","0","0","1","1","0","-2"
"140720","Paine College","2014","Not on tenure/no tenure system, associate professors","1","1","0","0","0","0","0","0","0","0","0","0","0","0","0","0","0","0","0","0","0","1","1","0","0","0","0","0","0","0","-2"
"140720","Paine College","2014","Not on tenure/no tenure system, assistant professors","7","5","2","0","0","0","0","0","0","5","4","1","0","0","0","0","0","0","0","0","0","1","0","1","0","0","0","1","1","0","-2"
"140720","Paine College","2014","Not on tenure/no tenure system, instructors","4","1","3","0","0","0","0","0","0","3","1","2","0","0","0","0","0","0","1","0","1","0","0","0","0","0","0","0","0","0","-2"
"140960","Savannah State University","2014","Tenured total","52","35","17","0","0","0","15","12","3","27","19","8","0","0","0","0","0","0","9","4","5","0","0","0","0","0","0","1","0","1","-2"
"140960","Savannah State University","2014","Tenured, professors","25","19","6","0","0","0","8","7","1","14","10","4","0","0","0","0","0","0","3","2","1","0","0","0","0","0","0","0","0","0","-2"
"140960","Savannah State University","2014","Tenured, associate professors","23","13","10","0","0","0","7","5","2","10","7","3","0","0","0","0","0","0","5","1","4","0","0","0","0","0","0","1","0","1","-2"
"140960","Savannah State University","2014","Tenured, assistant professors","4","3","1","0","0","0","0","0","0","3","2","1","0","0","0","0","0","0","1","1","0","0","0","0","0","0","0","0","0","0","-2"
"140960","Savannah State University","2014","On-Tenure track total","73","41","32","0","0","0","6","6","0","24","10","14","2","2","0","0","0","0","20","11","9","0","0","0","2","1","1","19","11","8","-2"
"140960","Savannah State University","2014","On-tenure track, professors","2","2","0","0","0","0","1","1","0","1","1","0","0","0","0","0","0","0","0","0","0","0","0","0","0","0","0","0","0","0","-2"
"140960","Savannah State University","2014","On-tenure track, associate professors","14","7","7","0","0","0","2","2","0","3","2","1","0","0","0","0","0","0","7","3","4","0","0","0","0","0","0","2","0","2","-2"
"140960","Savannah State University","2014","On-tenure track, assistant professors","57","32","25","0","0","0","3","3","0","20","7","13","2","2","0","0","0","0","13","8","5","0","0","0","2","1","1","17","11","6","-2"
"140960","Savannah State University","2014","Not on tenure track/No tenure system system total","76","31","45","0","0","0","6","4","2","31","10","21","3","2","1","0","0","0","29","12","17","1","0","1","3","1","2","3","2","1","-2"
"140960","Savannah State University","2014","Not on tenure/no tenure system, associate professors","1","1","0","0","0","0","0","0","0","0","0","0","0","0","0","0","0","0","1","1","0","0","0","0","0","0","0","0","0","0","-2"
"140960","Savannah State University","2014","Not on tenure/no tenure system, assistant professors","8","3","5","0","0","0","1","1","0","3","0","3","1","1","0","0","0","0","3","1","2","0","0","0","0","0","0","0","0","0","-2"
"140960","Savannah State University","2014","Not on tenure/no tenure system, instructors","54","24","30","0","0","0","5","3","2","19","8","11","2","1","1","0","0","0","22","10","12","1","0","1","2","0","2","3","2","1","-2"
"140960","Savannah State University","2014","Not on tenure/no tenure system, lecturers","11","3","8","0","0","0","0","0","0","7","2","5","0","0","0","0","0","0","3","0","3","0","0","0","1","1","0","0","0","0","-2"
"140960","Savannah State University","2014","Not on tenure/no tenure system, no academic rank","2","0","2","0","0","0","0","0","0","2","0","2","0","0","0","0","0","0","0","0","0","0","0","0","0","0","0","0","0","0","-2"
"141574","University of Hawaii at Manoa","2014","Tenured total","767","484","283","1","1","0","202","123","79","4","1","3","14","7","7","31","10","21","489","329","160","3","0","3","0","0","0","23","13","10","-2"
"141574","University of Hawaii at Manoa","2014","Tenured, professors","443","317","126","1","1","0","100","74","26","2","1","1","4","2","2","14","4","10","313","230","83","2","0","2","0","0","0","7","5","2","-2"
"141574","University of Hawaii at Manoa","2014","Tenured, associate professors","321","166","155","0","0","0","100","48","52","2","0","2","10","5","5","17","6","11","175","99","76","1","0","1","0","0","0","16","8","8","-2"
"141574","University of Hawaii at Manoa","2014","Tenured, assistant professors","3","1","2","0","0","0","2","1","1","0","0","0","0","0","0","0","0","0","1","0","1","0","0","0","0","0","0","0","0","0","-2"
"141574","University of Hawaii at Manoa","2014","On-Tenure track total","234","108","126","1","0","1","46","23","23","7","4","3","5","3","2","22","8","14","101","54","47","11","3","8","0","0","0","41","13","28","-2"
"141574","University of Hawaii at Manoa","2014","On-tenure track, professors","5","4","1","0","0","0","3","3","0","0","0","0","0","0","0","0","0","0","1","1","0","1","0","1","0","0","0","0","0","0","-2"
"141574","University of Hawaii at Manoa","2014","On-tenure track, associate professors","9","2","7","0","0","0","0","0","0","1","0","1","0","0","0","2","1","1","4","1","3","0","0","0","0","0","0","2","0","2","-2"
"141574","University of Hawaii at Manoa","2014","On-tenure track, assistant professors","220","102","118","1","0","1","43","20","23","6","4","2","5","3","2","20","7","13","96","52","44","10","3","7","0","0","0","39","13","26","-2"
"141574","University of Hawaii at Manoa","2014","Not on tenure track/No tenure system system total","247","91","156","1","0","1","73","20","53","3","0","3","9","4","5","29","9","20","108","49","59","9","1","8","0","0","0","15","8","7","-2"
"141574","University of Hawaii at Manoa","2014","Not on tenure/no tenure system, professors","14","11","3","0","0","0","5","3","2","0","0","0","0","0","0","1","1","0","7","6","1","0","0","0","0","0","0","1","1","0","-2"
"141574","University of Hawaii at Manoa","2014","Not on tenure/no tenure system, associate professors","29","15","14","0","0","0","11","4","7","0","0","0","0","0","0","1","0","1","17","11","6","0","0","0","0","0","0","0","0","0","-2"
"141574","University of Hawaii at Manoa","2014","Not on tenure/no tenure system, assistant professors","75","23","52","0","0","0","22","6","16","1","0","1","4","1","3","7","2","5","33","11","22","3","0","3","0","0","0","5","3","2","-2"
"141574","University of Hawaii at Manoa","2014","Not on tenure/no tenure system, instructors","129","42","87","1","0","1","35","7","28","2","0","2","5","3","2","20","6","14","51","21","30","6","1","5","0","0","0","9","4","5","-2"
"141644","Hawaii Pacific University","2014","Tenured total","3","3","0","0","0","0","0","0","0","0","0","0","0","0","0","0","0","0","3","3","0","0","0","0","0","0","0","0","0","0","-2"
"141644","Hawaii Pacific University","2014","Tenured, professors","2","2","0","0","0","0","0","0","0","0","0","0","0","0","0","0","0","0","2","2","0","0","0","0","0","0","0","0","0","0","-2"
"141644","Hawaii Pacific University","2014","Tenured, associate professors","1","1","0","0","0","0","0","0","0","0","0","0","0","0","0","0","0","0","1","1","0","0","0","0","0","0","0","0","0","0","-2"
"141644","Hawaii Pacific University","2014","Not on tenure track/No tenure system system total","177","89","88","2","0","2","39","18","21","1","0","1","5","2","3","4","1","3","114","64","50","12","4","8","0","0","0","0","0","0","-2"
"141644","Hawaii Pacific University","2014","Not on tenure/no tenure system, professors","27","17","10","1","0","1","3","3","0","0","0","0","1","1","0","1","0","1","20","13","7","1","0","1","0","0","0","0","0","0","-2"
"141644","Hawaii Pacific University","2014","Not on tenure/no tenure system, associate professors","53","28","25","1","0","1","13","6","7","0","0","0","0","0","0","0","0","0","32","18","14","7","4","3","0","0","0","0","0","0","-2"
"141644","Hawaii Pacific University","2014","Not on tenure/no tenure system, assistant professors","53","20","33","0","0","0","12","3","9","0","0","0","2","0","2","1","0","1","35","17","18","3","0","3","0","0","0","0","0","0","-2"
"141644","Hawaii Pacific University","2014","Not on tenure/no tenure system, instructors","27","14","13","0","0","0","5","3","2","0","0","0","2","1","1","2","1","1","17","9","8","1","0","1","0","0","0","0","0","0","-2"
"141644","Hawaii Pacific University","2014","Not on tenure/no tenure system, lecturers","17","10","7","0","0","0","6","3","3","1","0","1","0","0","0","0","0","0","10","7","3","0","0","0","0","0","0","0","0","0","-2"
"142115","Boise State University","2014","Tenured total","372","215","157","3","1","2","17","13","4","2","2","0","10","5","5","0","0","0","329","185","144","2","2","0","0","0","0","9","7","2","-2"
"142115","Boise State University","2014","Tenured, professors","161","105","56","3","1","2","7","6","1","0","0","0","2","2","0","0","0","0","147","94","53","1","1","0","0","0","0","1","1","0","-2"
"142115","Boise State University","2014","Tenured, associate professors","201","106","95","0","0","0","10","7","3","2","2","0","8","3","5","0","0","0","172","87","85","1","1","0","0","0","0","8","6","2","-2"
"142115","Boise State University","2014","Tenured, assistant professors","10","4","6","0","0","0","0","0","0","0","0","0","0","0","0","0","0","0","10","4","6","0","0","0","0","0","0","0","0","0","-2"
"142115","Boise State University","2014","On-Tenure track total","117","62","55","0","0","0","11","7","4","1","1","0","5","2","3","0","0","0","89","43","46","0","0","0","0","0","0","11","9","2","-2"
"142115","Boise State University","2014","On-tenure track, associate professors","3","3","0","0","0","0","1","1","0","0","0","0","0","0","0","0","0","0","2","2","0","0","0","0","0","0","0","0","0","0","-2"
"142115","Boise State University","2014","On-tenure track, assistant professors","113","59","54","0","0","0","10","6","4","1","1","0","5","2","3","0","0","0","86","41","45","0","0","0","0","0","0","11","9","2","-2"
"142115","Boise State University","2014","On-tenure track, lecturers","1","0","1","0","0","0","0","0","0","0","0","0","0","0","0","0","0","0","1","0","1","0","0","0","0","0","0","0","0","0","-2"
"142115","Boise State University","2014","Not on tenure track/No tenure system system total","189","73","116","1","1","0","9","2","7","0","0","0","4","2","2","1","1","0","168","64","104","1","0","1","0","0","0","5","3","2","-2"
"142115","Boise State University","2014","Not on tenure/no tenure system, associate professors","4","1","3","0","0","0","0","0","0","0","0","0","0","0","0","0","0","0","4","1","3","0","0","0","0","0","0","0","0","0","-2"
"142115","Boise State University","2014","Not on tenure/no tenure system, assistant professors","31","9","22","0","0","0","1","0","1","0","0","0","2","0","2","1","1","0","24","6","18","0","0","0","0","0","0","3","2","1","-2"
"142115","Boise State University","2014","Not on tenure/no tenure system, instructors","7","5","2","0","0","0","1","1","0","0","0","0","0","0","0","0","0","0","6","4","2","0","0","0","0","0","0","0","0","0","-2"
"142115","Boise State University","2014","Not on tenure/no tenure system, lecturers","133","54","79","1","1","0","7","1","6","0","0","0","2","2","0","0","0","0","121","49","72","1","0","1","0","0","0","1","1","0","-2"
"142115","Boise State University","2014","Not on tenure/no tenure system, no academic rank","14","4","10","0","0","0","0","0","0","0","0","0","0","0","0","0","0","0","13","4","9","0","0","0","0","0","0","1","0","1","-2"
"142294","The College of Idaho","2014","Tenured total","36","23","13","0","0","0","2","0","2","0","0","0","0","0","0","0","0","0","32","23","9","0","0","0","1","0","1","1","0","1","-2"
"142294","The College of Idaho","2014","Tenured, professors","25","16","9","0","0","0","2","0","2","0","0","0","0","0","0","0","0","0","23","16","7","0","0","0","0","0","0","0","0","0","-2"
"142294","The College of Idaho","2014","Tenured, associate professors","11","7","4","0","0","0","0","0","0","0","0","0","0","0","0","0","0","0","9","7","2","0","0","0","1","0","1","1","0","1","-2"
"142294","The College of Idaho","2014","On-Tenure track total","18","8","10","0","0","0","0","0","0","0","0","0","0","0","0","0","0","0","17","8","9","0","0","0","0","0","0","1","0","1","-2"
"142294","The College of Idaho","2014","On-tenure track, professors","1","1","0","0","0","0","0","0","0","0","0","0","0","0","0","0","0","0","1","1","0","0","0","0","0","0","0","0","0","0","-2"
"142294","The College of Idaho","2014","On-tenure track, associate professors","1","1","0","0","0","0","0","0","0","0","0","0","0","0","0","0","0","0","1","1","0","0","0","0","0","0","0","0","0","0","-2"
"142294","The College of Idaho","2014","On-tenure track, assistant professors","16","6","10","0","0","0","0","0","0","0","0","0","0","0","0","0","0","0","15","6","9","0","0","0","0","0","0","1","0","1","-2"
"142294","The College of Idaho","2014","Not on tenure track/No tenure system system total","30","19","11","0","0","0","1","1","0","0","0","0","2","2","0","0","0","0","26","15","11","0","0","0","0","0","0","1","1","0","-2"
"142294","The College of Idaho","2014","Not on tenure/no tenure system, assistant professors","12","8","4","0","0","0","1","1","0","0","0","0","1","1","0","0","0","0","10","6","4","0","0","0","0","0","0","0","0","0","-2"
"142294","The College of Idaho","2014","Not on tenure/no tenure system, instructors","15","8","7","0","0","0","0","0","0","0","0","0","1","1","0","0","0","0","14","7","7","0","0","0","0","0","0","0","0","0","-2"
"142294","The College of Idaho","2014","Not on tenure/no tenure system, no academic rank","3","3","0","0","0","0","0","0","0","0","0","0","0","0","0","0","0","0","2","2","0","0","0","0","0","0","0","1","1","0","-2"
"144050","University of Chicago","2014","Tenured total","799","603","196","0","0","0","92","79","13","25","19","6","25","21","4","0","0","0","645","476","169","6","5","1","0","0","0","6","3","3","-2"
"144050","University of Chicago","2014","Tenured, professors","623","493","130","0","0","0","67","63","4","15","11","4","18","15","3","0","0","0","515","398","117","3","3","0","0","0","0","5","3","2","-2"
"144050","University of Chicago","2014","Tenured, associate professors","176","110","66","0","0","0","25","16","9","10","8","2","7","6","1","0","0","0","130","78","52","3","2","1","0","0","0","1","0","1","-2"
"144050","University of Chicago","2014","On-Tenure track total","280","197","83","0","0","0","37","23","14","8","4","4","6","4","2","0","0","0","191","142","49","5","4","1","0","0","0","33","20","13","-2"
"144050","University of Chicago","2014","On-tenure track, professors","2","1","1","0","0","0","0","0","0","0","0","0","0","0","0","0","0","0","1","0","1","0","0","0","0","0","0","1","1","0","-2"
"144050","University of Chicago","2014","On-tenure track, associate professors","42","32","10","0","0","0","4","4","0","1","0","1","0","0","0","0","0","0","32","24","8","0","0","0","0","0","0","5","4","1","-2"
"144050","University of Chicago","2014","On-tenure track, assistant professors","232","161","71","0","0","0","33","19","14","7","4","3","6","4","2","0","0","0","157","117","40","5","4","1","0","0","0","24","13","11","-2"
"144050","University of Chicago","2014","On-tenure track, instructors","4","3","1","0","0","0","0","0","0","0","0","0","0","0","0","0","0","0","1","1","0","0","0","0","0","0","0","3","2","1","-2"
"144050","University of Chicago","2014","Not on tenure track/No tenure system system total","925","534","391","0","0","0","180","106","74","34","11","23","14","8","6","0","0","0","623","368","255","5","1","4","1","0","1","68","40","28","-2"
"144050","University of Chicago","2014","Not on tenure/no tenure system, professors","183","139","44","0","0","0","19","12","7","6","3","3","1","0","1","0","0","0","153","120","33","0","0","0","0","0","0","4","4","0","-2"
"144050","University of Chicago","2014","Not on tenure/no tenure system, associate professors","185","111","74","0","0","0","44","31","13","9","4","5","3","1","2","0","0","0","126","74","52","1","0","1","0","0","0","2","1","1","-2"
"144050","University of Chicago","2014","Not on tenure/no tenure system, assistant professors","280","140","140","0","0","0","77","44","33","15","3","12","4","3","1","0","0","0","172","85","87","3","1","2","0","0","0","9","4","5","-2"
"144050","University of Chicago","2014","Not on tenure/no tenure system, instructors","86","60","26","0","0","0","7","6","1","0","0","0","0","0","0","0","0","0","43","27","16","0","0","0","0","0","0","36","27","9","-2"
"144050","University of Chicago","2014","Not on tenure/no tenure system, lecturers","145","63","82","0","0","0","17","7","10","2","1","1","4","2","2","0","0","0","106","50","56","0","0","0","1","0","1","15","3","12","-2"
"144050","University of Chicago","2014","Not on tenure/no tenure system, no academic rank","46","21","25","0","0","0","16","6","10","2","0","2","2","2","0","0","0","0","23","12","11","1","0","1","0","0","0","2","1","1","-2"
"144865","College of DuPage","2014","Tenured total","212","112","100","1","1","0","17","7","10","9","4","5","5","3","2","0","0","0","180","97","83","0","0","0","0","0","0","0","0","0","-2"
"144865","College of DuPage","2014","Tenured, professors","149","77","72","1","1","0","14","6","8","7","3","4","1","0","1","0","0","0","126","67","59","0","0","0","0","0","0","0","0","0","-2"
"144865","College of DuPage","2014","Tenured, associate professors","43","23","20","0","0","0","3","1","2","2","1","1","3","2","1","0","0","0","35","19","16","0","0","0","0","0","0","0","0","0","-2"
"144865","College of DuPage","2014","Tenured, assistant professors","20","12","8","0","0","0","0","0","0","0","0","0","1","1","0","0","0","0","19","11","8","0","0","0","0","0","0","0","0","0","-2"
"144865","College of DuPage","2014","On-Tenure track total","68","33","35","0","0","0","4","3","1","2","1","1","1","0","1","0","0","0","61","29","32","0","0","0","0","0","0","0","0","0","-2"
"144865","College of DuPage","2014","On-tenure track, associate professors","2","1","1","0","0","0","0","0","0","0","0","0","0","0","0","0","0","0","2","1","1","0","0","0","0","0","0","0","0","0","-2"
"144865","College of DuPage","2014","On-tenure track, assistant professors","26","13","13","0","0","0","2","2","0","2","1","1","0","0","0","0","0","0","22","10","12","0","0","0","0","0","0","0","0","0","-2"
"144865","College of DuPage","2014","On-tenure track, instructors","40","19","21","0","0","0","2","1","1","0","0","0","1","0","1","0","0","0","37","18","19","0","0","0","0","0","0","0","0","0","-2"
"144865","College of DuPage","2014","Not on tenure track/No tenure system system total","1","0","1","0","0","0","1","0","1","0","0","0","0","0","0","0","0","0","0","0","0","0","0","0","0","0","0","0","0","0","-2"
"144865","College of DuPage","2014","Not on tenure/no tenure system, assistant professors","1","0","1","0","0","0","1","0","1","0","0","0","0","0","0","0","0","0","0","0","0","0","0","0","0","0","0","0","0","0","-2"
"145637","University of Illinois at Urbana-Champaign","2014","Tenured total","1288","917","371","5","2","3","196","149","47","53","28","25","65","43","22","1","1","0","945","679","266","12","6","6","6","6","0","5","3","2","-2"
"145637","University of Illinois at Urbana-Champaign","2014","Tenured, professors","783","603","180","2","1","1","92","79","13","26","16","10","33","23","10","0","0","0","616","471","145","5","4","1","6","6","0","3","3","0","-2"
"145637","University of Illinois at Urbana-Champaign","2014","Tenured, associate professors","505","314","191","3","1","2","104","70","34","27","12","15","32","20","12","1","1","0","329","208","121","7","2","5","0","0","0","2","0","2","-2"
"145637","University of Illinois at Urbana-Champaign","2014","On-Tenure track total","453","260","193","2","1","1","62","34","28","34","16","18","22","12","10","1","0","1","257","148","109","6","4","2","12","6","6","57","39","18","-2"
"145637","University of Illinois at Urbana-Champaign","2014","On-tenure track, professors","2","1","1","0","0","0","0","0","0","1","1","0","0","0","0","0","0","0","1","0","1","0","0","0","0","0","0","0","0","0","-2"
"145637","University of Illinois at Urbana-Champaign","2014","On-tenure track, associate professors","17","9","8","0","0","0","5","4","1","1","0","1","0","0","0","0","0","0","8","4","4","0","0","0","1","0","1","2","1","1","-2"
"145637","University of Illinois at Urbana-Champaign","2014","On-tenure track, assistant professors","434","250","184","2","1","1","57","30","27","32","15","17","22","12","10","1","0","1","248","144","104","6","4","2","11","6","5","55","38","17","-2"
"145637","University of Illinois at Urbana-Champaign","2014","Not on tenure track/No tenure system system total","483","249","234","1","1","0","30","20","10","14","6","8","18","9","9","0","0","0","378","188","190","6","5","1","3","2","1","33","18","15","-2"
"145637","University of Illinois at Urbana-Champaign","2014","Not on tenure/no tenure system, professors","18","14","4","0","0","0","2","2","0","0","0","0","1","1","0","0","0","0","15","11","4","0","0","0","0","0","0","0","0","0","-2"
"145637","University of Illinois at Urbana-Champaign","2014","Not on tenure/no tenure system, associate professors","22","7","15","0","0","0","1","1","0","1","0","1","0","0","0","0","0","0","20","6","14","0","0","0","0","0","0","0","0","0","-2"
"145637","University of Illinois at Urbana-Champaign","2014","Not on tenure/no tenure system, assistant professors","94","48","46","0","0","0","8","5","3","4","1","3","3","2","1","0","0","0","66","33","33","2","2","0","0","0","0","11","5","6","-2"
"145637","University of Illinois at Urbana-Champaign","2014","Not on tenure/no tenure system, instructors","65","28","37","0","0","0","1","1","0","3","1","2","4","1","3","0","0","0","54","24","30","0","0","0","0","0","0","3","1","2","-2"
"145637","University of Illinois at Urbana-Champaign","2014","Not on tenure/no tenure system, lecturers","232","124","108","1","1","0","16","10","6","5","3","2","8","4","4","0","0","0","178","91","87","3","2","1","3","2","1","18","11","7","-2"
"145637","University of Illinois at Urbana-Champaign","2014","Not on tenure/no tenure system, no academic rank","52","28","24","0","0","0","2","1","1","1","1","0","2","1","1","0","0","0","45","23","22","1","1","0","0","0","0","1","1","0","-2"
"147767","Northwestern University","2014","Tenured total","994","735","259","0","0","0","116","90","26","37","24","13","31","22","9","0","0","0","797","594","203","4","1","3","5","3","2","4","1","3","-2"
"147767","Northwestern University","2014","Tenured, professors","711","545","166","0","0","0","71","60","11","18","11","7","15","11","4","0","0","0","603","461","142","0","0","0","2","2","0","2","0","2","-2"
"147767","Northwestern University","2014","Tenured, associate professors","282","189","93","0","0","0","45","30","15","19","13","6","16","11","5","0","0","0","193","132","61","4","1","3","3","1","2","2","1","1","-2"
"147767","Northwestern University","2014","Tenured, assistant professors","1","1","0","0","0","0","0","0","0","0","0","0","0","0","0","0","0","0","1","1","0","0","0","0","0","0","0","0","0","0","-2"
"147767","Northwestern University","2014","On-Tenure track total","295","181","114","0","0","0","43","25","18","18","6","12","14","8","6","0","0","0","186","121","65","2","2","0","4","2","2","28","17","11","-2"
"147767","Northwestern University","2014","On-tenure track, associate professors","26","19","7","0","0","0","7","5","2","0","0","0","2","1","1","0","0","0","15","12","3","0","0","0","1","1","0","1","0","1","-2"
"147767","Northwestern University","2014","On-tenure track, assistant professors","269","162","107","0","0","0","36","20","16","18","6","12","12","7","5","0","0","0","171","109","62","2","2","0","3","1","2","27","17","10","-2"
"147767","Northwestern University","2014","Not on tenure track/No tenure system system total","822","416","406","0","0","0","111","45","66","30","14","16","24","12","12","0","0","0","619","328","291","4","0","4","10","4","6","24","13","11","-2"
"147767","Northwestern University","2014","Not on tenure/no tenure system, professors","137","101","36","0","0","0","12","8","4","6","4","2","4","2","2","0","0","0","115","87","28","0","0","0","0","0","0","0","0","0","-2"
"147767","Northwestern University","2014","Not on tenure/no tenure system, associate professors","161","85","76","0","0","0","32","17","15","4","2","2","6","4","2","0","0","0","115","61","54","0","0","0","1","0","1","3","1","2","-2"
"147767","Northwestern University","2014","Not on tenure/no tenure system, assistant professors","215","98","117","0","0","0","43","13","30","14","4","10","5","2","3","0","0","0","144","75","69","2","0","2","1","0","1","6","4","2","-2"
"147767","Northwestern University","2014","Not on tenure/no tenure system, instructors","21","13","8","0","0","0","3","3","0","0","0","0","0","0","0","0","0","0","17","10","7","1","0","1","0","0","0","0","0","0","-2"
"147767","Northwestern University","2014","Not on tenure/no tenure system, lecturers","271","111","160","0","0","0","21","4","17","6","4","2","8","3","5","0","0","0","214","89","125","1","0","1","7","4","3","14","7","7","-2"
"147767","Northwestern University","2014","Not on tenure/no tenure system, no academic rank","17","8","9","0","0","0","0","0","0","0","0","0","1","1","0","0","0","0","14","6","8","0","0","0","1","0","1","1","1","0","-2"
"149772","Western Illinois University","2014","Tenured total","365","233","132","3","1","2","39","28","11","18","13","5","5","2","3","0","0","0","291","184","107","4","3","1","0","0","0","5","2","3","-2"
"149772","Western Illinois University","2014","Tenured, professors","217","148","69","1","1","0","20","18","2","13","8","5","4","2","2","0","0","0","175","116","59","3","2","1","0","0","0","1","1","0","-2"
"149772","Western Illinois University","2014","Tenured, associate professors","145","84","61","2","0","2","19","10","9","5","5","0","1","0","1","0","0","0","113","67","46","1","1","0","0","0","0","4","1","3","-2"
"149772","Western Illinois University","2014","Tenured, assistant professors","2","1","1","0","0","0","0","0","0","0","0","0","0","0","0","0","0","0","2","1","1","0","0","0","0","0","0","0","0","0","-2"
"149772","Western Illinois University","2014","Tenured, instructors","1","0","1","0","0","0","0","0","0","0","0","0","0","0","0","0","0","0","1","0","1","0","0","0","0","0","0","0","0","0","-2"
"149772","Western Illinois University","2014","On-Tenure track total","124","62","62","0","0","0","11","6","5","10","6","4","4","3","1","1","1","0","85","39","46","1","0","1","0","0","0","12","7","5","-2"
"149772","Western Illinois University","2014","On-tenure track, assistant professors","124","62","62","0","0","0","11","6","5","10","6","4","4","3","1","1","1","0","85","39","46","1","0","1","0","0","0","12","7","5","-2"
"149772","Western Illinois University","2014","Not on tenure track/No tenure system system total","144","56","88","0","0","0","6","1","5","6","1","5","0","0","0","0","0","0","126","50","76","0","0","0","0","0","0","6","4","2","-2"
"149772","Western Illinois University","2014","Not on tenure/no tenure system, assistant professors","26","9","17","0","0","0","1","0","1","1","0","1","0","0","0","0","0","0","23","8","15","0","0","0","0","0","0","1","1","0","-2"
"149772","Western Illinois University","2014","Not on tenure/no tenure system, instructors","106","43","63","0","0","0","5","1","4","4","1","3","0","0","0","0","0","0","93","38","55","0","0","0","0","0","0","4","3","1","-2"
"149772","Western Illinois University","2014","Not on tenure/no tenure system, lecturers","12","4","8","0","0","0","0","0","0","1","0","1","0","0","0","0","0","0","10","4","6","0","0","0","0","0","0","1","0","1","-2"
"151351","Indiana University-Bloomington","2014","Tenured total","1002","680","322","1","1","0","75","48","27","34","17","17","39","24","15","0","0","0","840","579","261","12","10","2","1","1","0","0","0","0","-2"
"151351","Indiana University-Bloomington","2014","Tenured, professors","611","461","150","0","0","0","37","30","7","11","4","7","17","12","5","0","0","0","539","408","131","6","6","0","1","1","0","0","0","0","-2"
"151351","Indiana University-Bloomington","2014","Tenured, associate professors","391","219","172","1","1","0","38","18","20","23","13","10","22","12","10","0","0","0","301","171","130","6","4","2","0","0","0","0","0","0","-2"
"151351","Indiana University-Bloomington","2014","On-Tenure track total","371","215","156","1","0","1","73","43","30","18","12","6","21","13","8","1","1","0","254","144","110","3","2","1","0","0","0","0","0","0","-2"
"151351","Indiana University-Bloomington","2014","On-tenure track, professors","4","2","2","0","0","0","0","0","0","0","0","0","0","0","0","0","0","0","4","2","2","0","0","0","0","0","0","0","0","0","-2"
"151351","Indiana University-Bloomington","2014","On-tenure track, associate professors","71","37","34","0","0","0","10","3","7","5","2","3","2","0","2","0","0","0","54","32","22","0","0","0","0","0","0","0","0","0","-2"
"151351","Indiana University-Bloomington","2014","On-tenure track, assistant professors","296","176","120","1","0","1","63","40","23","13","10","3","19","13","6","1","1","0","196","110","86","3","2","1","0","0","0","0","0","0","-2"
"151351","Indiana University-Bloomington","2014","Not on tenure track/No tenure system system total","612","307","305","2","2","0","39","17","22","29","16","13","33","17","16","0","0","0","505","253","252","3","2","1","0","0","0","1","0","1","-2"
"151351","Indiana University-Bloomington","2014","Not on tenure/no tenure system, professors","61","45","16","0","0","0","5","2","3","6","5","1","2","2","0","0","0","0","48","36","12","0","0","0","0","0","0","0","0","0","-2"
"151351","Indiana University-Bloomington","2014","Not on tenure/no tenure system, associate professors","54","29","25","0","0","0","1","1","0","3","2","1","0","0","0","0","0","0","50","26","24","0","0","0","0","0","0","0","0","0","-2"
"151351","Indiana University-Bloomington","2014","Not on tenure/no tenure system, assistant professors","100","46","54","0","0","0","11","7","4","2","0","2","10","4","6","0","0","0","76","34","42","1","1","0","0","0","0","0","0","0","-2"
"151351","Indiana University-Bloomington","2014","Not on tenure/no tenure system, instructors","1","0","1","0","0","0","0","0","0","0","0","0","0","0","0","0","0","0","1","0","1","0","0","0","0","0","0","0","0","0","-2"
"151351","Indiana University-Bloomington","2014","Not on tenure/no tenure system, lecturers","396","187","209","2","2","0","22","7","15","18","9","9","21","11","10","0","0","0","330","157","173","2","1","1","0","0","0","1","0","1","-2"
"153603","Iowa State University","2014","Tenured total","902","667","235","3","3","0","171","145","26","16","10","6","20","12","8","1","1","0","688","493","195","0","0","0","0","0","0","3","3","0","-2"
"153603","Iowa State University","2014","Tenured, professors","507","404","103","1","1","0","82","71","11","8","5","3","10","8","2","0","0","0","406","319","87","0","0","0","0","0","0","0","0","0","-2"
"153603","Iowa State University","2014","Tenured, associate professors","393","262","131","2","2","0","89","74","15","8","5","3","10","4","6","1","1","0","280","173","107","0","0","0","0","0","0","3","3","0","-2"
"153603","Iowa State University","2014","Tenured, assistant professors","2","1","1","0","0","0","0","0","0","0","0","0","0","0","0","0","0","0","2","1","1","0","0","0","0","0","0","0","0","0","-2"
"153603","Iowa State University","2014","On-Tenure track total","313","172","141","1","1","0","39","26","13","13","7","6","12","7","5","0","0","0","194","101","93","2","0","2","0","0","0","52","30","22","-2"
"153603","Iowa State University","2014","On-tenure track, associate professors","6","4","2","0","0","0","0","0","0","0","0","0","0","0","0","0","0","0","6","4","2","0","0","0","0","0","0","0","0","0","-2"
"153603","Iowa State University","2014","On-tenure track, assistant professors","307","168","139","1","1","0","39","26","13","13","7","6","12","7","5","0","0","0","188","97","91","2","0","2","0","0","0","52","30","22","-2"
"153603","Iowa State University","2014","Not on tenure track/No tenure system system total","276","124","152","1","0","1","17","10","7","7","3","4","8","4","4","0","0","0","226","100","126","3","1","2","0","0","0","14","6","8","-2"
"153603","Iowa State University","2014","Not on tenure/no tenure system, professors","4","4","0","0","0","0","1","1","0","0","0","0","0","0","0","0","0","0","3","3","0","0","0","0","0","0","0","0","0","0","-2"
"153603","Iowa State University","2014","Not on tenure/no tenure system, associate professors","6","5","1","0","0","0","1","1","0","0","0","0","0","0","0","0","0","0","5","4","1","0","0","0","0","0","0","0","0","0","-2"
"153603","Iowa State University","2014","Not on tenure/no tenure system, assistant professors","26","11","15","0","0","0","4","1","3","2","1","1","1","1","0","0","0","0","16","7","9","0","0","0","0","0","0","3","1","2","-2"
"153603","Iowa State University","2014","Not on tenure/no tenure system, instructors","2","1","1","0","0","0","0","0","0","0","0","0","0","0","0","0","0","0","2","1","1","0","0","0","0","0","0","0","0","0","-2"
"153603","Iowa State University","2014","Not on tenure/no tenure system, lecturers","238","103","135","1","0","1","11","7","4","5","2","3","7","3","4","0","0","0","200","85","115","3","1","2","0","0","0","11","5","6","-2"
"153658","University of Iowa","2014","Tenured total","1070","756","314","3","1","2","109","89","20","24","14","10","40","23","17","0","0","0","880","619","261","4","1","3","10","9","1","0","0","0","-2"
"153658","University of Iowa","2014","Tenured, professors","635","492","143","1","1","0","59","51","8","10","8","2","19","8","11","0","0","0","540","419","121","1","0","1","5","5","0","0","0","0","-2"
"153658","University of Iowa","2014","Tenured, associate professors","435","264","171","2","0","2","50","38","12","14","6","8","21","15","6","0","0","0","340","200","140","3","1","2","5","4","1","0","0","0","-2"
"153658","University of Iowa","2014","On-Tenure track total","359","213","146","1","0","1","56","38","18","7","3","4","18","11","7","0","0","0","228","129","99","3","2","1","6","3","3","40","27","13","-2"
"153658","University of Iowa","2014","On-tenure track, professors","1","1","0","0","0","0","0","0","0","0","0","0","0","0","0","0","0","0","0","0","0","0","0","0","0","0","0","1","1","0","-2"
"153658","University of Iowa","2014","On-tenure track, associate professors","24","15","9","0","0","0","3","3","0","0","0","0","1","0","1","0","0","0","13","8","5","1","1","0","2","1","1","4","2","2","-2"
"153658","University of Iowa","2014","On-tenure track, assistant professors","333","196","137","1","0","1","53","35","18","7","3","4","17","11","6","0","0","0","215","121","94","2","1","1","4","2","2","34","23","11","-2"
"153658","University of Iowa","2014","On-tenure track, instructors","1","1","0","0","0","0","0","0","0","0","0","0","0","0","0","0","0","0","0","0","0","0","0","0","0","0","0","1","1","0","-2"
"153658","University of Iowa","2014","Not on tenure track/No tenure system system total","818","441","377","4","2","2","71","40","31","21","14","7","25","14","11","0","0","0","595","301","294","1","0","1","28","18","10","73","52","21","-2"
"153658","University of Iowa","2014","Not on tenure/no tenure system, professors","107","75","32","1","1","0","8","7","1","2","2","0","1","1","0","0","0","0","93","63","30","0","0","0","1","0","1","1","1","0","-2"
"153658","University of Iowa","2014","Not on tenure/no tenure system, associate professors","171","100","71","0","0","0","20","15","5","2","1","1","8","6","2","0","0","0","132","72","60","1","0","1","6","5","1","2","1","1","-2"
"153658","University of Iowa","2014","Not on tenure/no tenure system, assistant professors","297","150","147","0","0","0","34","14","20","12","8","4","7","4","3","0","0","0","187","86","101","0","0","0","17","12","5","40","26","14","-2"
"153658","University of Iowa","2014","Not on tenure/no tenure system, instructors","12","4","8","0","0","0","1","0","1","0","0","0","1","1","0","0","0","0","8","2","6","0","0","0","0","0","0","2","1","1","-2"
"153658","University of Iowa","2014","Not on tenure/no tenure system, lecturers","166","71","95","3","1","2","2","0","2","4","3","1","5","1","4","0","0","0","141","60","81","0","0","0","3","1","2","8","5","3","-2"
"153658","University of Iowa","2014","Not on tenure/no tenure system, no academic rank","65","41","24","0","0","0","6","4","2","1","0","1","3","1","2","0","0","0","34","18","16","0","0","0","1","0","1","20","18","2","-2"
"155317","University of Kansas","2014","Tenured total","978","676","302","6","3","3","114","89","25","28","18","10","31","21","10","0","0","0","785","539","246","10","3","7","1","1","0","3","2","1","-2"
"155317","University of Kansas","2014","Tenured, professors","504","386","118","2","1","1","50","44","6","12","7","5","15","13","2","0","0","0","424","320","104","0","0","0","1","1","0","0","0","0","-2"
"155317","University of Kansas","2014","Tenured, associate professors","473","290","183","4","2","2","64","45","19","16","11","5","16","8","8","0","0","0","360","219","141","10","3","7","0","0","0","3","2","1","-2"
"155317","University of Kansas","2014","Tenured, assistant professors","1","0","1","0","0","0","0","0","0","0","0","0","0","0","0","0","0","0","1","0","1","0","0","0","0","0","0","0","0","0","-2"
"155317","University of Kansas","2014","On-Tenure track total","320","174","146","3","2","1","56","25","31","14","5","9","15","7","8","0","0","0","193","112","81","6","3","3","4","1","3","29","19","10","-2"
"155317","University of Kansas","2014","On-tenure track, professors","3","2","1","0","0","0","0","0","0","0","0","0","0","0","0","0","0","0","3","2","1","0","0","0","0","0","0","0","0","0","-2"
"155317","University of Kansas","2014","On-tenure track, associate professors","30","18","12","1","1","0","6","5","1","2","1","1","3","2","1","0","0","0","17","9","8","0","0","0","0","0","0","1","0","1","-2"
"155317","University of Kansas","2014","On-tenure track, assistant professors","287","154","133","2","1","1","50","20","30","12","4","8","12","5","7","0","0","0","173","101","72","6","3","3","4","1","3","28","19","9","-2"
"155317","University of Kansas","2014","Not on tenure track/No tenure system system total","842","405","437","1","0","1","90","47","43","19","7","12","24","9","15","0","0","0","627","293","334","11","6","5","6","3","3","64","40","24","-2"
"155317","University of Kansas","2014","Not on tenure/no tenure system, professors","42","25","17","0","0","0","4","3","1","0","0","0","2","0","2","0","0","0","35","22","13","1","0","1","0","0","0","0","0","0","-2"
"155317","University of Kansas","2014","Not on tenure/no tenure system, associate professors","129","60","69","0","0","0","13","8","5","2","1","1","3","1","2","0","0","0","104","46","58","3","1","2","0","0","0","4","3","1","-2"
"155317","University of Kansas","2014","Not on tenure/no tenure system, assistant professors","461","241","220","1","0","1","62","34","28","12","5","7","12","4","8","0","0","0","317","161","156","3","3","0","2","1","1","52","33","19","-2"
"155317","University of Kansas","2014","Not on tenure/no tenure system, instructors","67","19","48","0","0","0","4","2","2","3","0","3","0","0","0","0","0","0","50","12","38","1","0","1","4","2","2","5","3","2","-2"
"155317","University of Kansas","2014","Not on tenure/no tenure system, lecturers","143","60","83","0","0","0","7","0","7","2","1","1","7","4","3","0","0","0","121","52","69","3","2","1","0","0","0","3","1","2","-2"
"157447","Northern Kentucky University","2014","Tenured total","280","162","118","0","0","0","20","10","10","11","9","2","2","2","0","0","0","0","243","138","105","2","1","1","0","0","0","2","2","0","-2"
"157447","Northern Kentucky University","2014","Tenured, professors","107","71","36","0","0","0","9","3","6","4","3","1","1","1","0","0","0","0","92","64","28","1","0","1","0","0","0","0","0","0","-2"
"157447","Northern Kentucky University","2014","Tenured, associate professors","173","91","82","0","0","0","11","7","4","7","6","1","1","1","0","0","0","0","151","74","77","1","1","0","0","0","0","2","2","0","-2"
"157447","Northern Kentucky University","2014","On-Tenure track total","120","52","68","1","1","0","6","3","3","10","5","5","7","3","4","0","0","0","89","38","51","3","1","2","0","0","0","4","1","3","-2"
"157447","Northern Kentucky University","2014","On-tenure track, associate professors","5","4","1","0","0","0","0","0","0","0","0","0","1","1","0","0","0","0","4","3","1","0","0","0","0","0","0","0","0","0","-2"
"157447","Northern Kentucky University","2014","On-tenure track, assistant professors","111","46","65","1","1","0","5","2","3","10","5","5","6","2","4","0","0","0","82","34","48","3","1","2","0","0","0","4","1","3","-2"
"157447","Northern Kentucky University","2014","On-tenure track, lecturers","4","2","2","0","0","0","1","1","0","0","0","0","0","0","0","0","0","0","3","1","2","0","0","0","0","0","0","0","0","0","-2"
"157447","Northern Kentucky University","2014","Not on tenure track/No tenure system system total","194","69","125","1","1","0","6","1","5","8","3","5","3","0","3","0","0","0","174","62","112","0","0","0","1","1","0","1","1","0","-2"
"157447","Northern Kentucky University","2014","Not on tenure/no tenure system, professors","1","1","0","0","0","0","0","0","0","0","0","0","0","0","0","0","0","0","1","1","0","0","0","0","0","0","0","0","0","0","-2"
"157447","Northern Kentucky University","2014","Not on tenure/no tenure system, assistant professors","1","0","1","0","0","0","0","0","0","0","0","0","0","0","0","0","0","0","1","0","1","0","0","0","0","0","0","0","0","0","-2"
"157447","Northern Kentucky University","2014","Not on tenure/no tenure system, instructors","4","2","2","0","0","0","0","0","0","0","0","0","0","0","0","0","0","0","4","2","2","0","0","0","0","0","0","0","0","0","-2"
"157447","Northern Kentucky University","2014","Not on tenure/no tenure system, lecturers","188","66","122","1","1","0","6","1","5","8","3","5","3","0","3","0","0","0","168","59","109","0","0","0","1","1","0","1","1","0","-2"
"157951","Western Kentucky University","2014","Tenured total","398","244","154","4","4","0","27","21","6","21","11","10","7","4","3","0","0","0","332","199","133","6","5","1","0","0","0","1","0","1","-2"
"157951","Western Kentucky University","2014","Tenured, professors","162","112","50","3","3","0","11","10","1","6","2","4","0","0","0","0","0","0","136","93","43","5","4","1","0","0","0","1","0","1","-2"
"157951","Western Kentucky University","2014","Tenured, associate professors","224","125","99","1","1","0","16","11","5","15","9","6","7","4","3","0","0","0","184","99","85","1","1","0","0","0","0","0","0","0","-2"
"157951","Western Kentucky University","2014","Tenured, assistant professors","12","7","5","0","0","0","0","0","0","0","0","0","0","0","0","0","0","0","12","7","5","0","0","0","0","0","0","0","0","0","-2"
"157951","Western Kentucky University","2014","On-Tenure track total","193","81","112","2","0","2","26","9","17","11","4","7","4","3","1","0","0","0","143","61","82","6","4","2","1","0","1","0","0","0","-2"
"157951","Western Kentucky University","2014","On-tenure track, professors","1","1","0","0","0","0","1","1","0","0","0","0","0","0","0","0","0","0","0","0","0","0","0","0","0","0","0","0","0","0","-2"
"157951","Western Kentucky University","2014","On-tenure track, associate professors","12","6","6","0","0","0","2","1","1","1","0","1","0","0","0","0","0","0","9","5","4","0","0","0","0","0","0","0","0","0","-2"
"157951","Western Kentucky University","2014","On-tenure track, assistant professors","180","74","106","2","0","2","23","7","16","10","4","6","4","3","1","0","0","0","134","56","78","6","4","2","1","0","1","0","0","0","-2"
"157951","Western Kentucky University","2014","Not on tenure track/No tenure system system total","183","56","127","0","0","0","7","1","6","6","2","4","5","3","2","0","0","0","159","48","111","4","2","2","0","0","0","2","0","2","-2"
"157951","Western Kentucky University","2014","Not on tenure/no tenure system, assistant professors","3","0","3","0","0","0","0","0","0","0","0","0","0","0","0","0","0","0","3","0","3","0","0","0","0","0","0","0","0","0","-2"
"157951","Western Kentucky University","2014","Not on tenure/no tenure system, instructors","151","43","108","0","0","0","6","1","5","5","2","3","5","3","2","0","0","0","130","35","95","3","2","1","0","0","0","2","0","2","-2"
"157951","Western Kentucky University","2014","Not on tenure/no tenure system, no academic rank","29","13","16","0","0","0","1","0","1","1","0","1","0","0","0","0","0","0","26","13","13","1","0","1","0","0","0","0","0","0","-2"
"159993","University of Louisiana at Monroe","2014","Tenured total","160","84","76","0","0","0","9","7","2","7","2","5","2","1","1","0","0","0","140","73","67","2","1","1","0","0","0","0","0","0","-2"
"159993","University of Louisiana at Monroe","2014","Tenured, professors","46","29","17","0","0","0","3","2","1","2","0","2","0","0","0","0","0","0","40","27","13","1","0","1","0","0","0","0","0","0","-2"
"159993","University of Louisiana at Monroe","2014","Tenured, associate professors","95","53","42","0","0","0","6","5","1","4","2","2","2","1","1","0","0","0","82","44","38","1","1","0","0","0","0","0","0","0","-2"
"159993","University of Louisiana at Monroe","2014","Tenured, assistant professors","19","2","17","0","0","0","0","0","0","1","0","1","0","0","0","0","0","0","18","2","16","0","0","0","0","0","0","0","0","0","-2"
"159993","University of Louisiana at Monroe","2014","On-Tenure track total","59","19","40","0","0","0","2","1","1","5","0","5","4","2","2","0","0","0","48","16","32","0","0","0","0","0","0","0","0","0","-2"
"159993","University of Louisiana at Monroe","2014","On-tenure track, associate professors","2","2","0","0","0","0","0","0","0","0","0","0","0","0","0","0","0","0","2","2","0","0","0","0","0","0","0","0","0","0","-2"
"159993","University of Louisiana at Monroe","2014","On-tenure track, assistant professors","57","17","40","0","0","0","2","1","1","5","0","5","4","2","2","0","0","0","46","14","32","0","0","0","0","0","0","0","0","0","-2"
"159993","University of Louisiana at Monroe","2014","Not on tenure track/No tenure system system total","73","26","47","1","1","0","1","0","1","4","1","3","2","0","2","0","0","0","65","24","41","0","0","0","0","0","0","0","0","0","-2"
"159993","University of Louisiana at Monroe","2014","Not on tenure/no tenure system, associate professors","9","2","7","0","0","0","0","0","0","1","0","1","0","0","0","0","0","0","8","2","6","0","0","0","0","0","0","0","0","0","-2"
"159993","University of Louisiana at Monroe","2014","Not on tenure/no tenure system, assistant professors","15","5","10","0","0","0","1","0","1","1","1","0","0","0","0","0","0","0","13","4","9","0","0","0","0","0","0","0","0","0","-2"
"159993","University of Louisiana at Monroe","2014","Not on tenure/no tenure system, instructors","49","19","30","1","1","0","0","0","0","2","0","2","2","0","2","0","0","0","44","18","26","0","0","0","0","0","0","0","0","0","-2"
"162928","Johns Hopkins University","2014","Tenured total","891","691","200","1","1","0","82","60","22","13","9","4","23","21","2","0","0","0","767","595","172","0","0","0","0","0","0","5","5","0","-2"
"162928","Johns Hopkins University","2014","Tenured, professors","826","643","183","1","1","0","74","55","19","10","7","3","22","20","2","0","0","0","715","556","159","0","0","0","0","0","0","4","4","0","-2"
"162928","Johns Hopkins University","2014","Tenured, associate professors","65","48","17","0","0","0","8","5","3","3","2","1","1","1","0","0","0","0","52","39","13","0","0","0","0","0","0","1","1","0","-2"
"162928","Johns Hopkins University","2014","On-Tenure track total","1753","997","756","8","4","4","371","231","140","84","28","56","39","27","12","2","1","1","1168","648","520","0","0","0","0","0","0","81","58","23","-2"
"162928","Johns Hopkins University","2014","On-tenure track, professors","5","4","1","0","0","0","0","0","0","0","0","0","1","1","0","0","0","0","4","3","1","0","0","0","0","0","0","0","0","0","-2"
"162928","Johns Hopkins University","2014","On-tenure track, associate professors","551","351","200","1","1","0","116","81","35","19","8","11","11","8","3","1","0","1","396","248","148","0","0","0","0","0","0","7","5","2","-2"
"162928","Johns Hopkins University","2014","On-tenure track, assistant professors","1026","557","469","6","2","4","207","123","84","56","19","37","23","15","8","1","1","0","668","349","319","0","0","0","0","0","0","65","48","17","-2"
"162928","Johns Hopkins University","2014","On-tenure track, instructors","171","85","86","1","1","0","48","27","21","9","1","8","4","3","1","0","0","0","100","48","52","0","0","0","0","0","0","9","5","4","-2"
"162928","Johns Hopkins University","2014","Not on tenure track/No tenure system system total","943","485","458","7","3","4","160","94","66","29","14","15","24","10","14","1","0","1","605","288","317","0","0","0","0","0","0","117","76","41","-2"
"162928","Johns Hopkins University","2014","Not on tenure/no tenure system, professors","22","13","9","0","0","0","3","1","2","0","0","0","0","0","0","0","0","0","19","12","7","0","0","0","0","0","0","0","0","0","-2"
"162928","Johns Hopkins University","2014","Not on tenure/no tenure system, associate professors","24","14","10","1","1","0","3","3","0","2","1","1","1","1","0","0","0","0","17","8","9","0","0","0","0","0","0","0","0","0","-2"
"162928","Johns Hopkins University","2014","Not on tenure/no tenure system, assistant professors","41","18","23","1","1","0","5","4","1","5","1","4","0","0","0","0","0","0","28","11","17","0","0","0","0","0","0","2","1","1","-2"
"162928","Johns Hopkins University","2014","Not on tenure/no tenure system, instructors","24","4","20","0","0","0","1","1","0","0","0","0","0","0","0","0","0","0","23","3","20","0","0","0","0","0","0","0","0","0","-2"
"162928","Johns Hopkins University","2014","Not on tenure/no tenure system, lecturers","189","76","113","0","0","0","19","7","12","4","2","2","8","2","6","0","0","0","142","58","84","0","0","0","0","0","0","16","7","9","-2"
"162928","Johns Hopkins University","2014","Not on tenure/no tenure system, no academic rank","643","360","283","5","1","4","129","78","51","18","10","8","15","7","8","1","0","1","376","196","180","0","0","0","0","0","0","99","68","31","-2"
"163268","University of Maryland-Baltimore County","2014","Tenured total","286","182","104","0","0","0","40","26","14","20","12","8","10","4","6","0","0","0","215","140","75","1","0","1","0","0","0","0","0","0","-2"
"163268","University of Maryland-Baltimore County","2014","Tenured, professors","144","110","34","0","0","0","23","21","2","6","5","1","2","2","0","0","0","0","113","82","31","0","0","0","0","0","0","0","0","0","-2"
"163268","University of Maryland-Baltimore County","2014","Tenured, associate professors","141","71","70","0","0","0","17","5","12","13","6","7","8","2","6","0","0","0","102","58","44","1","0","1","0","0","0","0","0","0","-2"
"163268","University of Maryland-Baltimore County","2014","Tenured, assistant professors","1","1","0","0","0","0","0","0","0","1","1","0","0","0","0","0","0","0","0","0","0","0","0","0","0","0","0","0","0","0","-2"
"163268","University of Maryland-Baltimore County","2014","On-Tenure track total","98","43","55","0","0","0","28","12","16","7","2","5","2","1","1","0","0","0","53","22","31","0","0","0","0","0","0","8","6","2","-2"
"163268","University of Maryland-Baltimore County","2014","On-tenure track, associate professors","5","3","2","0","0","0","3","2","1","0","0","0","0","0","0","0","0","0","2","1","1","0","0","0","0","0","0","0","0","0","-2"
"163268","University of Maryland-Baltimore County","2014","On-tenure track, assistant professors","93","40","53","0","0","0","25","10","15","7","2","5","2","1","1","0","0","0","51","21","30","0","0","0","0","0","0","8","6","2","-2"
"163268","University of Maryland-Baltimore County","2014","Not on tenure track/No tenure system system total","139","54","85","0","0","0","6","2","4","5","2","3","5","1","4","0","0","0","119","46","73","0","0","0","2","1","1","2","2","0","-2"
"163268","University of Maryland-Baltimore County","2014","Not on tenure/no tenure system, professors","11","7","4","0","0","0","1","0","1","0","0","0","0","0","0","0","0","0","10","7","3","0","0","0","0","0","0","0","0","0","-2"
"163268","University of Maryland-Baltimore County","2014","Not on tenure/no tenure system, associate professors","7","2","5","0","0","0","0","0","0","0","0","0","0","0","0","0","0","0","7","2","5","0","0","0","0","0","0","0","0","0","-2"
"163268","University of Maryland-Baltimore County","2014","Not on tenure/no tenure system, assistant professors","15","4","11","0","0","0","0","0","0","1","1","0","1","1","0","0","0","0","12","1","11","0","0","0","0","0","0","1","1","0","-2"
"163268","University of Maryland-Baltimore County","2014","Not on tenure/no tenure system, instructors","12","2","10","0","0","0","0","0","0","0","0","0","0","0","0","0","0","0","12","2","10","0","0","0","0","0","0","0","0","0","-2"
"163268","University of Maryland-Baltimore County","2014","Not on tenure/no tenure system, lecturers","94","39","55","0","0","0","5","2","3","4","1","3","4","0","4","0","0","0","78","34","44","0","0","0","2","1","1","1","1","0","-2"
"163286","University of Maryland-College Park","2014","Tenured total","1119","805","314","1","1","0","163","121","42","41","20","21","45","26","19","0","0","0","817","601","216","3","2","1","41","26","15","8","8","0","-2"
"163286","University of Maryland-College Park","2014","Tenured, professors","682","527","155","0","0","0","88","66","22","15","8","7","23","15","8","0","0","0","531","419","112","1","1","0","18","12","6","6","6","0","-2"
"163286","University of Maryland-College Park","2014","Tenured, associate professors","435","276","159","1","1","0","75","55","20","26","12","14","22","11","11","0","0","0","284","180","104","2","1","1","23","14","9","2","2","0","-2"
"163286","University of Maryland-College Park","2014","Tenured, assistant professors","2","2","0","0","0","0","0","0","0","0","0","0","0","0","0","0","0","0","2","2","0","0","0","0","0","0","0","0","0","0","-2"
"163286","University of Maryland-College Park","2014","On-Tenure track total","308","166","142","0","0","0","41","19","22","23","12","11","13","6","7","2","0","2","126","71","55","3","1","2","57","31","26","43","26","17","-2"
"163286","University of Maryland-College Park","2014","On-tenure track, associate professors","9","7","2","0","0","0","4","4","0","0","0","0","0","0","0","0","0","0","3","2","1","0","0","0","1","0","1","1","1","0","-2"
"163286","University of Maryland-College Park","2014","On-tenure track, assistant professors","299","159","140","0","0","0","37","15","22","23","12","11","13","6","7","2","0","2","123","69","54","3","1","2","56","31","25","42","25","17","-2"
"163286","University of Maryland-College Park","2014","Not on tenure track/No tenure system system total","362","160","202","1","1","0","18","8","10","22","8","14","23","10","13","0","0","0","259","115","144","1","0","1","29","14","15","9","4","5","-2"
"163286","University of Maryland-College Park","2014","Not on tenure/no tenure system, professors","21","12","9","0","0","0","0","0","0","1","0","1","2","2","0","0","0","0","17","10","7","0","0","0","1","0","1","0","0","0","-2"
"163286","University of Maryland-College Park","2014","Not on tenure/no tenure system, associate professors","26","13","13","0","0","0","1","1","0","1","1","0","0","0","0","0","0","0","23","11","12","0","0","0","1","0","1","0","0","0","-2"
"163286","University of Maryland-College Park","2014","Not on tenure/no tenure system, assistant professors","32","8","24","0","0","0","3","1","2","5","1","4","5","0","5","0","0","0","16","5","11","0","0","0","3","1","2","0","0","0","-2"
"163286","University of Maryland-College Park","2014","Not on tenure/no tenure system, instructors","10","5","5","0","0","0","0","0","0","4","3","1","0","0","0","0","0","0","6","2","4","0","0","0","0","0","0","0","0","0","-2"
"163286","University of Maryland-College Park","2014","Not on tenure/no tenure system, lecturers","273","122","151","1","1","0","14","6","8","11","3","8","16","8","8","0","0","0","197","87","110","1","0","1","24","13","11","9","4","5","-2"
"163338","University of Maryland Eastern Shore","2014","Tenured total","98","66","32","1","1","0","16","8","8","36","26","10","2","2","0","0","0","0","40","27","13","0","0","0","2","1","1","1","1","0","-2"
"163338","University of Maryland Eastern Shore","2014","Tenured, professors","35","25","10","1","1","0","7","3","4","14","13","1","0","0","0","0","0","0","13","8","5","0","0","0","0","0","0","0","0","0","-2"
"163338","University of Maryland Eastern Shore","2014","Tenured, associate professors","56","35","21","0","0","0","9","5","4","20","12","8","2","2","0","0","0","0","23","15","8","0","0","0","1","0","1","1","1","0","-2"
"163338","University of Maryland Eastern Shore","2014","Tenured, assistant professors","7","6","1","0","0","0","0","0","0","2","1","1","0","0","0","0","0","0","4","4","0","0","0","0","1","1","0","0","0","0","-2"
"163338","University of Maryland Eastern Shore","2014","On-Tenure track total","59","34","25","0","0","0","9","8","1","21","11","10","0","0","0","1","1","0","16","6","10","4","3","1","1","1","0","7","4","3","-2"
"163338","University of Maryland Eastern Shore","2014","On-tenure track, associate professors","8","6","2","0","0","0","0","0","0","5","3","2","0","0","0","0","0","0","2","2","0","1","1","0","0","0","0","0","0","0","-2"
"163338","University of Maryland Eastern Shore","2014","On-tenure track, assistant professors","50","27","23","0","0","0","9","8","1","15","7","8","0","0","0","1","1","0","14","4","10","3","2","1","1","1","0","7","4","3","-2"
"163338","University of Maryland Eastern Shore","2014","On-tenure track, instructors","1","1","0","0","0","0","0","0","0","1","1","0","0","0","0","0","0","0","0","0","0","0","0","0","0","0","0","0","0","0","-2"
"163338","University of Maryland Eastern Shore","2014","Not on tenure track/No tenure system system total","60","24","36","0","0","0","7","4","3","20","8","12","3","1","2","0","0","0","28","11","17","0","0","0","0","0","0","2","0","2","-2"
"163338","University of Maryland Eastern Shore","2014","Not on tenure/no tenure system, professors","1","1","0","0","0","0","0","0","0","0","0","0","0","0","0","0","0","0","1","1","0","0","0","0","0","0","0","0","0","0","-2"
"163338","University of Maryland Eastern Shore","2014","Not on tenure/no tenure system, associate professors","3","1","2","0","0","0","1","0","1","1","0","1","0","0","0","0","0","0","1","1","0","0","0","0","0","0","0","0","0","0","-2"
"163338","University of Maryland Eastern Shore","2014","Not on tenure/no tenure system, assistant professors","11","4","7","0","0","0","2","1","1","3","2","1","0","0","0","0","0","0","5","1","4","0","0","0","0","0","0","1","0","1","-2"
"163338","University of Maryland Eastern Shore","2014","Not on tenure/no tenure system, lecturers","45","18","27","0","0","0","4","3","1","16","6","10","3","1","2","0","0","0","21","8","13","0","0","0","0","0","0","1","0","1","-2"
"163851","Salisbury University","2014","Tenured total","226","139","87","0","0","0","17","10","7","12","9","3","1","0","1","0","0","0","193","118","75","0","0","0","3","2","1","0","0","0","-2"
"163851","Salisbury University","2014","Tenured, professors","100","68","32","0","0","0","7","4","3","2","2","0","0","0","0","0","0","0","90","61","29","0","0","0","1","1","0","0","0","0","-2"
"163851","Salisbury University","2014","Tenured, associate professors","111","63","48","0","0","0","10","6","4","8","6","2","1","0","1","0","0","0","90","50","40","0","0","0","2","1","1","0","0","0","-2"
"163851","Salisbury University","2014","Tenured, assistant professors","15","8","7","0","0","0","0","0","0","2","1","1","0","0","0","0","0","0","13","7","6","0","0","0","0","0","0","0","0","0","-2"
"163851","Salisbury University","2014","On-Tenure track total","99","45","54","0","0","0","8","4","4","9","5","4","4","2","2","0","0","0","73","31","42","0","0","0","1","1","0","4","2","2","-2"
"163851","Salisbury University","2014","On-tenure track, associate professors","13","7","6","0","0","0","1","1","0","2","1","1","0","0","0","0","0","0","9","4","5","0","0","0","0","0","0","1","1","0","-2"
"163851","Salisbury University","2014","On-tenure track, assistant professors","77","37","40","0","0","0","7","3","4","7","4","3","3","2","1","0","0","0","56","26","30","0","0","0","1","1","0","3","1","2","-2"
"163851","Salisbury University","2014","On-tenure track, instructors","9","1","8","0","0","0","0","0","0","0","0","0","1","0","1","0","0","0","8","1","7","0","0","0","0","0","0","0","0","0","-2"
"163851","Salisbury University","2014","Not on tenure track/No tenure system system total","91","28","63","0","0","0","6","0","6","2","1","1","5","1","4","0","0","0","78","26","52","0","0","0","0","0","0","0","0","0","-2"
"163851","Salisbury University","2014","Not on tenure/no tenure system, lecturers","91","28","63","0","0","0","6","0","6","2","1","1","5","1","4","0","0","0","78","26","52","0","0","0","0","0","0","0","0","0","-2"
"166027","Harvard University","2014","Tenured total","1109","860","249","0","0","0","100","79","21","39","24","15","27","21","6","0","0","0","914","709","205","7","5","2","5","5","0","17","17","0","-2"
"166027","Harvard University","2014","Tenured, professors","1109","860","249","0","0","0","100","79","21","39","24","15","27","21","6","0","0","0","914","709","205","7","5","2","5","5","0","17","17","0","-2"
"166027","Harvard University","2014","On-Tenure track total","498","323","175","0","0","0","91","56","35","18","6","12","28","15","13","0","0","0","282","172","110","8","6","2","4","1","3","67","67","0","-2"
"166027","Harvard University","2014","On-tenure track, associate professors","205","130","75","0","0","0","36","19","17","4","1","3","15","8","7","0","0","0","131","84","47","1","1","0","1","0","1","17","17","0","-2"
"166027","Harvard University","2014","On-tenure track, assistant professors","227","148","79","0","0","0","35","22","13","10","3","7","11","5","6","0","0","0","123","74","49","7","5","2","3","1","2","38","38","0","-2"
"166027","Harvard University","2014","On-tenure track, instructors","66","45","21","0","0","0","20","15","5","4","2","2","2","2","0","0","0","0","28","14","14","0","0","0","0","0","0","12","12","0","-2"
"166027","Harvard University","2014","Not on tenure track/No tenure system system total","545","333","212","0","0","0","45","27","18","21","11","10","17","8","9","0","0","0","344","177","167","11","3","8","3","3","0","104","104","0","-2"
"166027","Harvard University","2014","Not on tenure/no tenure system, professors","100","78","22","0","0","0","6","4","2","7","4","3","2","2","0","0","0","0","64","47","17","2","2","0","0","0","0","19","19","0","-2"
"166027","Harvard University","2014","Not on tenure/no tenure system, associate professors","8","6","2","0","0","0","1","1","0","0","0","0","0","0","0","0","0","0","4","2","2","0","0","0","0","0","0","3","3","0","-2"
"166027","Harvard University","2014","Not on tenure/no tenure system, assistant professors","14","8","6","0","0","0","3","3","0","1","0","1","0","0","0","0","0","0","7","2","5","0","0","0","0","0","0","3","3","0","-2"
"166027","Harvard University","2014","Not on tenure/no tenure system, instructors","7","4","3","0","0","0","0","0","0","1","1","0","1","1","0","0","0","0","5","2","3","0","0","0","0","0","0","0","0","0","-2"
"166027","Harvard University","2014","Not on tenure/no tenure system, lecturers","416","237","179","0","0","0","35","19","16","12","6","6","14","5","9","0","0","0","264","124","140","9","1","8","3","3","0","79","79","0","-2"
"166513","University of Massachusetts-Lowell","2014","Tenured total","310","205","105","0","0","0","66","47","19","7","5","2","5","3","2","0","0","0","231","149","82","1","1","0","0","0","0","0","0","0","-2"
"166513","University of Massachusetts-Lowell","2014","Tenured, professors","168","125","43","0","0","0","38","28","10","2","1","1","1","1","0","0","0","0","127","95","32","0","0","0","0","0","0","0","0","0","-2"
"166513","University of Massachusetts-Lowell","2014","Tenured, associate professors","142","80","62","0","0","0","28","19","9","5","4","1","4","2","2","0","0","0","104","54","50","1","1","0","0","0","0","0","0","0","-2"
"166513","University of Massachusetts-Lowell","2014","On-Tenure track total","97","53","44","0","0","0","20","13","7","2","2","0","5","4","1","0","0","0","49","21","28","0","0","0","7","6","1","14","7","7","-2"
"166513","University of Massachusetts-Lowell","2014","On-tenure track, professors","1","1","0","0","0","0","0","0","0","0","0","0","0","0","0","0","0","0","1","1","0","0","0","0","0","0","0","0","0","0","-2"
"166513","University of Massachusetts-Lowell","2014","On-tenure track, associate professors","10","7","3","0","0","0","3","3","0","0","0","0","2","2","0","0","0","0","4","1","3","0","0","0","1","1","0","0","0","0","-2"
"166513","University of Massachusetts-Lowell","2014","On-tenure track, assistant professors","86","45","41","0","0","0","17","10","7","2","2","0","3","2","1","0","0","0","44","19","25","0","0","0","6","5","1","14","7","7","-2"
"166513","University of Massachusetts-Lowell","2014","Not on tenure track/No tenure system system total","142","65","77","0","0","0","7","5","2","3","1","2","1","1","0","0","0","0","116","45","71","3","2","1","3","3","0","9","8","1","-2"
"166513","University of Massachusetts-Lowell","2014","Not on tenure/no tenure system, associate professors","4","1","3","0","0","0","0","0","0","0","0","0","0","0","0","0","0","0","4","1","3","0","0","0","0","0","0","0","0","0","-2"
"166513","University of Massachusetts-Lowell","2014","Not on tenure/no tenure system, assistant professors","5","0","5","0","0","0","0","0","0","0","0","0","0","0","0","0","0","0","5","0","5","0","0","0","0","0","0","0","0","0","-2"
"166513","University of Massachusetts-Lowell","2014","Not on tenure/no tenure system, lecturers","97","46","51","0","0","0","5","3","2","2","1","1","1","1","0","0","0","0","80","33","47","1","1","0","3","3","0","5","4","1","-2"
"166513","University of Massachusetts-Lowell","2014","Not on tenure/no tenure system, no academic rank","36","18","18","0","0","0","2","2","0","1","0","1","0","0","0","0","0","0","27","11","16","2","1","1","0","0","0","4","4","0","-2"
"166629","University of Massachusetts-Amherst","2014","Tenured total","767","499","268","3","2","1","88","62","26","29","17","12","35","18","17","0","0","0","582","382","200","8","3","5","20","13","7","2","2","0","-2"
"166629","University of Massachusetts-Amherst","2014","Tenured, professors","456","336","120","1","1","0","39","33","6","12","7","5","15","8","7","0","0","0","374","277","97","4","2","2","11","8","3","0","0","0","-2"
"166629","University of Massachusetts-Amherst","2014","Tenured, associate professors","309","162","147","2","1","1","48","28","20","17","10","7","20","10","10","0","0","0","207","105","102","4","1","3","9","5","4","2","2","0","-2"
"166629","University of Massachusetts-Amherst","2014","Tenured, assistant professors","2","1","1","0","0","0","1","1","0","0","0","0","0","0","0","0","0","0","1","0","1","0","0","0","0","0","0","0","0","0","-2"
"166629","University of Massachusetts-Amherst","2014","On-Tenure track total","274","129","145","1","0","1","30","14","16","17","5","12","7","4","3","0","0","0","155","73","82","2","2","0","27","14","13","35","17","18","-2"
"166629","University of Massachusetts-Amherst","2014","On-tenure track, professors","3","2","1","0","0","0","0","0","0","0","0","0","0","0","0","0","0","0","3","2","1","0","0","0","0","0","0","0","0","0","-2"
"166629","University of Massachusetts-Amherst","2014","On-tenure track, associate professors","5","4","1","0","0","0","2","2","0","1","0","1","0","0","0","0","0","0","0","0","0","1","1","0","0","0","0","1","1","0","-2"
"166629","University of Massachusetts-Amherst","2014","On-tenure track, assistant professors","266","123","143","1","0","1","28","12","16","16","5","11","7","4","3","0","0","0","152","71","81","1","1","0","27","14","13","34","16","18","-2"
"166629","University of Massachusetts-Amherst","2014","Not on tenure track/No tenure system system total","256","117","139","4","0","4","10","4","6","9","5","4","5","1","4","0","0","0","201","95","106","3","2","1","11","3","8","13","7","6","-2"
"166629","University of Massachusetts-Amherst","2014","Not on tenure/no tenure system, associate professors","3","1","2","0","0","0","0","0","0","0","0","0","0","0","0","0","0","0","3","1","2","0","0","0","0","0","0","0","0","0","-2"
"166629","University of Massachusetts-Amherst","2014","Not on tenure/no tenure system, assistant professors","17","2","15","0","0","0","0","0","0","1","0","1","0","0","0","0","0","0","16","2","14","0","0","0","0","0","0","0","0","0","-2"
"166629","University of Massachusetts-Amherst","2014","Not on tenure/no tenure system, instructors","2","0","2","0","0","0","0","0","0","0","0","0","0","0","0","0","0","0","1","0","1","0","0","0","1","0","1","0","0","0","-2"
"166629","University of Massachusetts-Amherst","2014","Not on tenure/no tenure system, lecturers","234","114","120","4","0","4","10","4","6","8","5","3","5","1","4","0","0","0","181","92","89","3","2","1","10","3","7","13","7","6","-2"
"166683","Massachusetts Institute of Technology","2014","Tenured total","759","616","143","0","0","0","87","69","18","24","18","6","22","21","1","0","0","0","581","471","110","6","5","1","36","30","6","3","2","1","-2"
"166683","Massachusetts Institute of Technology","2014","Tenured, professors","643","528","115","0","0","0","68","56","12","18","15","3","15","14","1","0","0","0","508","417","91","2","1","1","29","23","6","3","2","1","-2"
"166683","Massachusetts Institute of Technology","2014","Tenured, associate professors","116","88","28","0","0","0","19","13","6","6","3","3","7","7","0","0","0","0","73","54","19","4","4","0","7","7","0","0","0","0","-2"
"166683","Massachusetts Institute of Technology","2014","On-Tenure track total","229","158","71","1","0","1","25","19","6","5","3","2","13","10","3","0","0","0","101","73","28","5","4","1","58","31","27","21","18","3","-2"
"166683","Massachusetts Institute of Technology","2014","On-tenure track, associate professors","62","44","18","0","0","0","9","6","3","1","1","0","3","3","0","0","0","0","31","23","8","2","2","0","15","8","7","1","1","0","-2"
"166683","Massachusetts Institute of Technology","2014","On-tenure track, assistant professors","167","114","53","1","0","1","16","13","3","4","2","2","10","7","3","0","0","0","70","50","20","3","2","1","43","23","20","20","17","3","-2"
"166683","Massachusetts Institute of Technology","2014","Not on tenure track/No tenure system system total","8","5","3","0","0","0","1","0","1","1","1","0","0","0","0","0","0","0","6","4","2","0","0","0","0","0","0","0","0","0","-2"
"166683","Massachusetts Institute of Technology","2014","Not on tenure/no tenure system, associate professors","7","4","3","0","0","0","1","0","1","1","1","0","0","0","0","0","0","0","5","3","2","0","0","0","0","0","0","0","0","0","-2"
"166683","Massachusetts Institute of Technology","2014","Not on tenure/no tenure system, assistant professors","1","1","0","0","0","0","0","0","0","0","0","0","0","0","0","0","0","0","1","1","0","0","0","0","0","0","0","0","0","0","-2"
"169248","Central Michigan University","2014","Tenured total","452","283","169","1","1","0","53","33","20","13","7","6","15","9","6","0","0","0","363","227","136","4","4","0","0","0","0","3","2","1","-2"
"169248","Central Michigan University","2014","Tenured, professors","287","187","100","1","1","0","33","24","9","10","5","5","8","4","4","0","0","0","234","152","82","1","1","0","0","0","0","0","0","0","-2"
"169248","Central Michigan University","2014","Tenured, associate professors","151","90","61","0","0","0","17","9","8","3","2","1","7","5","2","0","0","0","119","70","49","3","3","0","0","0","0","2","1","1","-2"
"169248","Central Michigan University","2014","Tenured, assistant professors","14","6","8","0","0","0","3","0","3","0","0","0","0","0","0","0","0","0","10","5","5","0","0","0","0","0","0","1","1","0","-2"
"169248","Central Michigan University","2014","On-Tenure track total","158","82","76","0","0","0","13","9","4","5","1","4","4","2","2","0","0","0","111","58","53","1","0","1","1","1","0","23","11","12","-2"
"169248","Central Michigan University","2014","On-tenure track, associate professors","6","6","0","0","0","0","0","0","0","0","0","0","1","1","0","0","0","0","4","4","0","0","0","0","1","1","0","0","0","0","-2"
"169248","Central Michigan University","2014","On-tenure track, assistant professors","149","74","75","0","0","0","13","9","4","5","1","4","3","1","2","0","0","0","104","52","52","1","0","1","0","0","0","23","11","12","-2"
"169248","Central Michigan University","2014","On-tenure track, instructors","1","0","1","0","0","0","0","0","0","0","0","0","0","0","0","0","0","0","1","0","1","0","0","0","0","0","0","0","0","0","-2"
"169248","Central Michigan University","2014","On-tenure track, lecturers","2","2","0","0","0","0","0","0","0","0","0","0","0","0","0","0","0","0","2","2","0","0","0","0","0","0","0","0","0","0","-2"
"169248","Central Michigan University","2014","Not on tenure track/No tenure system system total","220","113","107","3","3","0","7","5","2","3","2","1","4","1","3","0","0","0","186","95","91","0","0","0","4","1","3","13","6","7","-2"
"169248","Central Michigan University","2014","Not on tenure/no tenure system, professors","1","1","0","0","0","0","0","0","0","0","0","0","0","0","0","0","0","0","1","1","0","0","0","0","0","0","0","0","0","0","-2"
"169248","Central Michigan University","2014","Not on tenure/no tenure system, assistant professors","1","0","1","0","0","0","0","0","0","0","0","0","0","0","0","0","0","0","1","0","1","0","0","0","0","0","0","0","0","0","-2"
"169248","Central Michigan University","2014","Not on tenure/no tenure system, instructors","4","2","2","0","0","0","0","0","0","3","2","1","0","0","0","0","0","0","1","0","1","0","0","0","0","0","0","0","0","0","-2"
"169248","Central Michigan University","2014","Not on tenure/no tenure system, lecturers","208","106","102","2","2","0","6","4","2","0","0","0","4","1","3","0","0","0","179","92","87","0","0","0","4","1","3","13","6","7","-2"
"169248","Central Michigan University","2014","Not on tenure/no tenure system, no academic rank","6","4","2","1","1","0","1","1","0","0","0","0","0","0","0","0","0","0","4","2","2","0","0","0","0","0","0","0","0","0","-2"
"170976","University of Michigan-Ann Arbor","2014","Tenured total","2077","1470","607","9","6","3","273","201","72","87","52","35","81","49","32","2","0","2","1588","1134","454","18","13","5","9","7","2","10","8","2","-2"
"170976","University of Michigan-Ann Arbor","2014","Tenured, professors","1400","1054","346","5","4","1","164","130","34","58","34","24","44","27","17","1","0","1","1106","842","264","8","6","2","7","5","2","7","6","1","-2"
"170976","University of Michigan-Ann Arbor","2014","Tenured, associate professors","677","416","261","4","2","2","109","71","38","29","18","11","37","22","15","1","0","1","482","292","190","10","7","3","2","2","0","3","2","1","-2"
"170976","University of Michigan-Ann Arbor","2014","On-Tenure track total","620","363","257","0","0","0","129","82","47","30","18","12","27","15","12","0","0","0","364","206","158","8","6","2","16","9","7","46","27","19","-2"
"170976","University of Michigan-Ann Arbor","2014","On-tenure track, professors","2","2","0","0","0","0","1","1","0","0","0","0","0","0","0","0","0","0","1","1","0","0","0","0","0","0","0","0","0","0","-2"
"170976","University of Michigan-Ann Arbor","2014","On-tenure track, associate professors","17","11","6","0","0","0","1","1","0","1","1","0","1","0","1","0","0","0","12","7","5","0","0","0","0","0","0","2","2","0","-2"
"170976","University of Michigan-Ann Arbor","2014","On-tenure track, assistant professors","601","350","251","0","0","0","127","80","47","29","17","12","26","15","11","0","0","0","351","198","153","8","6","2","16","9","7","44","25","19","-2"
"170976","University of Michigan-Ann Arbor","2014","Not on tenure track/No tenure system system total","3371","1937","1434","5","3","2","479","286","193","87","43","44","118","48","70","1","0","1","1795","978","817","29","13","16","45","26","19","812","540","272","-2"
"170976","University of Michigan-Ann Arbor","2014","Not on tenure/no tenure system, professors","184","134","50","1","1","0","13","10","3","3","1","2","6","4","2","0","0","0","153","112","41","0","0","0","0","0","0","8","6","2","-2"
"170976","University of Michigan-Ann Arbor","2014","Not on tenure/no tenure system, associate professors","259","159","100","0","0","0","48","31","17","7","4","3","13","8","5","0","0","0","183","111","72","3","3","0","2","0","2","3","2","1","-2"
"170976","University of Michigan-Ann Arbor","2014","Not on tenure/no tenure system, assistant professors","637","359","278","0","0","0","115","71","44","23","10","13","21","10","11","0","0","0","405","223","182","7","2","5","16","10","6","50","33","17","-2"
"170976","University of Michigan-Ann Arbor","2014","Not on tenure/no tenure system, instructors","136","54","82","0","0","0","20","10","10","5","3","2","6","1","5","0","0","0","96","35","61","1","0","1","2","0","2","6","5","1","-2"
"170976","University of Michigan-Ann Arbor","2014","Not on tenure/no tenure system, lecturers","656","307","349","3","1","2","69","27","42","21","9","12","40","10","30","0","0","0","457","228","229","10","5","5","13","10","3","43","17","26","-2"
"170976","University of Michigan-Ann Arbor","2014","Not on tenure/no tenure system, no academic rank","1499","924","575","1","1","0","214","137","77","28","16","12","32","15","17","1","0","1","501","269","232","8","3","5","12","6","6","702","477","225","-2"
"171100","Michigan State University","2014","Tenured total","1432","1006","426","12","9","3","188","131","57","54","37","17","45","29","16","2","2","0","1125","795","330","4","1","3","0","0","0","2","2","0","-2"
"171100","Michigan State University","2014","Tenured, professors","848","652","196","7","6","1","93","73","20","27","19","8","16","12","4","1","1","0","702","540","162","2","1","1","0","0","0","0","0","0","-2"
"171100","Michigan State University","2014","Tenured, associate professors","584","354","230","5","3","2","95","58","37","27","18","9","29","17","12","1","1","0","423","255","168","2","0","2","0","0","0","2","2","0","-2"
"171100","Michigan State University","2014","On-Tenure track total","386","199","187","3","2","1","54","29","25","27","7","20","31","17","14","1","0","1","226","117","109","4","3","1","0","0","0","40","24","16","-2"
"171100","Michigan State University","2014","On-tenure track, associate professors","16","13","3","0","0","0","3","1","2","1","1","0","1","1","0","0","0","0","10","9","1","1","1","0","0","0","0","0","0","0","-2"
"171100","Michigan State University","2014","On-tenure track, assistant professors","370","186","184","3","2","1","51","28","23","26","6","20","30","16","14","1","0","1","216","108","108","3","2","1","0","0","0","40","24","16","-2"
"171100","Michigan State University","2014","Not on tenure track/No tenure system system total","787","409","378","1","1","0","88","52","36","37","23","14","24","16","8","0","0","0","557","270","287","2","1","1","0","0","0","78","46","32","-2"
"171100","Michigan State University","2014","Not on tenure/no tenure system, professors","70","49","21","0","0","0","11","7","4","7","5","2","1","1","0","0","0","0","47","32","15","1","1","0","0","0","0","3","3","0","-2"
"171100","Michigan State University","2014","Not on tenure/no tenure system, associate professors","122","79","43","0","0","0","16","8","8","5","5","0","1","1","0","0","0","0","96","64","32","0","0","0","0","0","0","4","1","3","-2"
"171100","Michigan State University","2014","Not on tenure/no tenure system, assistant professors","420","217","203","0","0","0","54","35","19","22","12","10","20","13","7","0","0","0","269","122","147","1","0","1","0","0","0","54","35","19","-2"
"171100","Michigan State University","2014","Not on tenure/no tenure system, instructors","169","61","108","1","1","0","7","2","5","2","1","1","2","1","1","0","0","0","140","49","91","0","0","0","0","0","0","17","7","10","-2"
"171100","Michigan State University","2014","Not on tenure/no tenure system, lecturers","6","3","3","0","0","0","0","0","0","1","0","1","0","0","0","0","0","0","5","3","2","0","0","0","0","0","0","0","0","0","-2"
"174066","University of Minnesota-Twin Cities","2014","Tenured total","1763","1203","560","6","2","4","222","168","54","36","20","16","38","22","16","0","0","0","1428","967","461","14","9","5","5","4","1","14","11","3","-2"
"174066","University of Minnesota-Twin Cities","2014","Tenured, professors","1098","811","287","3","1","2","120","99","21","16","11","5","20","15","5","0","0","0","929","677","252","3","2","1","2","2","0","5","4","1","-2"
"174066","University of Minnesota-Twin Cities","2014","Tenured, associate professors","650","385","265","3","1","2","99","67","32","20","9","11","18","7","11","0","0","0","488","286","202","11","7","4","3","2","1","8","6","2","-2"
"174066","University of Minnesota-Twin Cities","2014","Tenured, assistant professors","4","3","1","0","0","0","0","0","0","0","0","0","0","0","0","0","0","0","3","2","1","0","0","0","0","0","0","1","1","0","-2"
"174066","University of Minnesota-Twin Cities","2014","Tenured, no academic rank","11","4","7","0","0","0","3","2","1","0","0","0","0","0","0","0","0","0","8","2","6","0","0","0","0","0","0","0","0","0","-2"
"174066","University of Minnesota-Twin Cities","2014","On-Tenure track total","448","258","190","5","3","2","56","34","22","15","7","8","21","12","9","0","0","0","254","138","116","12","7","5","17","13","4","68","44","24","-2"
"174066","University of Minnesota-Twin Cities","2014","On-tenure track, professors","1","1","0","0","0","0","0","0","0","0","0","0","0","0","0","0","0","0","1","1","0","0","0","0","0","0","0","0","0","0","-2"
"174066","University of Minnesota-Twin Cities","2014","On-tenure track, associate professors","35","16","19","0","0","0","5","3","2","4","3","1","3","1","2","0","0","0","20","6","14","1","1","0","0","0","0","2","2","0","-2"
"174066","University of Minnesota-Twin Cities","2014","On-tenure track, assistant professors","410","240","170","5","3","2","51","31","20","11","4","7","18","11","7","0","0","0","231","130","101","11","6","5","17","13","4","66","42","24","-2"
"174066","University of Minnesota-Twin Cities","2014","On-tenure track, instructors","1","1","0","0","0","0","0","0","0","0","0","0","0","0","0","0","0","0","1","1","0","0","0","0","0","0","0","0","0","0","-2"
"174066","University of Minnesota-Twin Cities","2014","On-tenure track, lecturers","1","0","1","0","0","0","0","0","0","0","0","0","0","0","0","0","0","0","1","0","1","0","0","0","0","0","0","0","0","0","-2"
"174066","University of Minnesota-Twin Cities","2014","Not on tenure track/No tenure system system total","841","450","391","2","0","2","120","77","43","10","4","6","30","19","11","1","1","0","606","306","300","9","5","4","14","7","7","49","31","18","-2"
"174066","University of Minnesota-Twin Cities","2014","Not on tenure/no tenure system, professors","62","44","18","0","0","0","8","7","1","0","0","0","1","1","0","0","0","0","53","36","17","0","0","0","0","0","0","0","0","0","-2"
"174066","University of Minnesota-Twin Cities","2014","Not on tenure/no tenure system, associate professors","161","108","53","0","0","0","19","15","4","4","3","1","7","4","3","0","0","0","128","83","45","1","1","0","1","1","0","1","1","0","-2"
"174066","University of Minnesota-Twin Cities","2014","Not on tenure/no tenure system, assistant professors","585","286","299","2","0","2","88","52","36","6","1","5","22","14","8","1","1","0","399","179","220","8","4","4","12","6","6","47","29","18","-2"
"174066","University of Minnesota-Twin Cities","2014","Not on tenure/no tenure system, instructors","32","11","21","0","0","0","5","3","2","0","0","0","0","0","0","0","0","0","25","7","18","0","0","0","1","0","1","1","1","0","-2"
"174066","University of Minnesota-Twin Cities","2014","Not on tenure/no tenure system, no academic rank","1","1","0","0","0","0","0","0","0","0","0","0","0","0","0","0","0","0","1","1","0","0","0","0","0","0","0","0","0","0","-2"
"174783","Saint Cloud State University","2014","Tenured total","312","184","128","4","1","3","46","32","14","15","12","3","16","8","8","0","0","0","219","126","93","1","0","1","8","3","5","3","2","1","-2"
"174783","Saint Cloud State University","2014","Tenured, professors","190","116","74","2","1","1","30","22","8","8","7","1","10","5","5","0","0","0","134","78","56","0","0","0","5","2","3","1","1","0","-2"
"174783","Saint Cloud State University","2014","Tenured, associate professors","114","62","52","2","0","2","16","10","6","7","5","2","5","3","2","0","0","0","78","42","36","1","0","1","3","1","2","2","1","1","-2"
"174783","Saint Cloud State University","2014","Tenured, assistant professors","8","6","2","0","0","0","0","0","0","0","0","0","1","0","1","0","0","0","7","6","1","0","0","0","0","0","0","0","0","0","-2"
"174783","Saint Cloud State University","2014","On-Tenure track total","48","27","21","0","0","0","6","3","3","2","1","1","2","2","0","0","0","0","35","18","17","0","0","0","0","0","0","3","3","0","-2"
"174783","Saint Cloud State University","2014","On-tenure track, associate professors","7","3","4","0","0","0","3","2","1","0","0","0","0","0","0","0","0","0","4","1","3","0","0","0","0","0","0","0","0","0","-2"
"174783","Saint Cloud State University","2014","On-tenure track, assistant professors","41","24","17","0","0","0","3","1","2","2","1","1","2","2","0","0","0","0","31","17","14","0","0","0","0","0","0","3","3","0","-2"
"174783","Saint Cloud State University","2014","Not on tenure track/No tenure system system total","79","37","42","0","0","0","9","6","3","2","1","1","0","0","0","1","0","1","66","30","36","0","0","0","0","0","0","1","0","1","-2"
"174783","Saint Cloud State University","2014","Not on tenure/no tenure system, professors","3","3","0","0","0","0","0","0","0","0","0","0","0","0","0","0","0","0","3","3","0","0","0","0","0","0","0","0","0","0","-2"
"174783","Saint Cloud State University","2014","Not on tenure/no tenure system, associate professors","6","2","4","0","0","0","0","0","0","0","0","0","0","0","0","0","0","0","6","2","4","0","0","0","0","0","0","0","0","0","-2"
"174783","Saint Cloud State University","2014","Not on tenure/no tenure system, assistant professors","59","29","30","0","0","0","8","5","3","2","1","1","0","0","0","1","0","1","47","23","24","0","0","0","0","0","0","1","0","1","-2"
"174783","Saint Cloud State University","2014","Not on tenure/no tenure system, instructors","11","3","8","0","0","0","1","1","0","0","0","0","0","0","0","0","0","0","10","2","8","0","0","0","0","0","0","0","0","0","-2"
"175856","Jackson State University","2014","Tenured total","179","119","60","1","1","0","33","29","4","98","56","42","2","1","1","0","0","0","34","22","12","0","0","0","0","0","0","11","10","1","-2"
"175856","Jackson State University","2014","Tenured, professors","50","37","13","1","1","0","10","9","1","26","17","9","1","1","0","0","0","0","11","8","3","0","0","0","0","0","0","1","1","0","-2"
"175856","Jackson State University","2014","Tenured, associate professors","72","41","31","0","0","0","10","10","0","40","17","23","1","0","1","0","0","0","16","10","6","0","0","0","0","0","0","5","4","1","-2"
"175856","Jackson State University","2014","Tenured, assistant professors","46","33","13","0","0","0","13","10","3","23","16","7","0","0","0","0","0","0","5","2","3","0","0","0","0","0","0","5","5","0","-2"
"175856","Jackson State University","2014","Tenured, instructors","3","3","0","0","0","0","0","0","0","3","3","0","0","0","0","0","0","0","0","0","0","0","0","0","0","0","0","0","0","0","-2"
"175856","Jackson State University","2014","Tenured, lecturers","8","5","3","0","0","0","0","0","0","6","3","3","0","0","0","0","0","0","2","2","0","0","0","0","0","0","0","0","0","0","-2"
"175856","Jackson State University","2014","On-Tenure track total","78","38","40","0","0","0","7","6","1","51","20","31","1","1","0","0","0","0","7","5","2","1","1","0","0","0","0","11","5","6","-2"
"175856","Jackson State University","2014","On-tenure track, professors","3","3","0","0","0","0","1","1","0","2","2","0","0","0","0","0","0","0","0","0","0","0","0","0","0","0","0","0","0","0","-2"
"175856","Jackson State University","2014","On-tenure track, associate professors","12","8","4","0","0","0","3","3","0","8","4","4","0","0","0","0","0","0","0","0","0","0","0","0","0","0","0","1","1","0","-2"
"175856","Jackson State University","2014","On-tenure track, assistant professors","58","25","33","0","0","0","3","2","1","36","12","24","1","1","0","0","0","0","7","5","2","1","1","0","0","0","0","10","4","6","-2"
"175856","Jackson State University","2014","On-tenure track, instructors","2","1","1","0","0","0","0","0","0","2","1","1","0","0","0","0","0","0","0","0","0","0","0","0","0","0","0","0","0","0","-2"
"175856","Jackson State University","2014","On-tenure track, lecturers","3","1","2","0","0","0","0","0","0","3","1","2","0","0","0","0","0","0","0","0","0","0","0","0","0","0","0","0","0","0","-2"
"175856","Jackson State University","2014","Not on tenure track/No tenure system system total","129","48","81","0","0","0","7","4","3","102","35","67","2","1","1","0","0","0","15","6","9","0","0","0","1","1","0","2","1","1","-2"
"175856","Jackson State University","2014","Not on tenure/no tenure system, professors","5","3","2","0","0","0","0","0","0","3","1","2","0","0","0","0","0","0","2","2","0","0","0","0","0","0","0","0","0","0","-2"
"175856","Jackson State University","2014","Not on tenure/no tenure system, associate professors","4","1","3","0","0","0","0","0","0","4","1","3","0","0","0","0","0","0","0","0","0","0","0","0","0","0","0","0","0","0","-2"
"175856","Jackson State University","2014","Not on tenure/no tenure system, assistant professors","41","17","24","0","0","0","5","3","2","29","8","21","1","1","0","0","0","0","3","3","0","0","0","0","1","1","0","2","1","1","-2"
"175856","Jackson State University","2014","Not on tenure/no tenure system, instructors","64","24","40","0","0","0","2","1","1","55","22","33","1","0","1","0","0","0","6","1","5","0","0","0","0","0","0","0","0","0","-2"
"175856","Jackson State University","2014","Not on tenure/no tenure system, lecturers","15","3","12","0","0","0","0","0","0","11","3","8","0","0","0","0","0","0","4","0","4","0","0","0","0","0","0","0","0","0","-2"
"176017","University of Mississippi","2014","Tenured total","640","420","220","1","1","0","46","36","10","43","19","24","9","8","1","1","0","1","517","338","179","19","16","3","0","0","0","4","2","2","-2"
"176017","University of Mississippi","2014","Tenured, professors","334","236","98","1","1","0","26","21","5","19","8","11","3","3","0","0","0","0","277","195","82","7","7","0","0","0","0","1","1","0","-2"
"176017","University of Mississippi","2014","Tenured, associate professors","296","178","118","0","0","0","17","12","5","24","11","13","6","5","1","1","0","1","233","140","93","12","9","3","0","0","0","3","1","2","-2"
"176017","University of Mississippi","2014","Tenured, assistant professors","10","6","4","0","0","0","3","3","0","0","0","0","0","0","0","0","0","0","7","3","4","0","0","0","0","0","0","0","0","0","-2"
"176017","University of Mississippi","2014","On-Tenure track total","326","199","127","0","0","0","23","15","8","24","7","17","8","7","1","0","0","0","229","140","89","4","1","3","0","0","0","38","29","9","-2"
"176017","University of Mississippi","2014","On-tenure track, professors","24","20","4","0","0","0","1","1","0","1","1","0","1","1","0","0","0","0","21","17","4","0","0","0","0","0","0","0","0","0","-2"
"176017","University of Mississippi","2014","On-tenure track, associate professors","51","40","11","0","0","0","10","8","2","3","2","1","2","1","1","0","0","0","35","28","7","1","1","0","0","0","0","0","0","0","-2"
"176017","University of Mississippi","2014","On-tenure track, assistant professors","251","139","112","0","0","0","12","6","6","20","4","16","5","5","0","0","0","0","173","95","78","3","0","3","0","0","0","38","29","9","-2"
"176017","University of Mississippi","2014","Not on tenure track/No tenure system system total","717","331","386","3","3","0","53","31","22","45","14","31","26","8","18","0","0","0","539","247","292","7","4","3","0","0","0","44","24","20","-2"
"176017","University of Mississippi","2014","Not on tenure/no tenure system, professors","54","43","11","1","1","0","4","3","1","1","0","1","2","2","0","0","0","0","43","34","9","2","2","0","0","0","0","1","1","0","-2"
"176017","University of Mississippi","2014","Not on tenure/no tenure system, associate professors","79","44","35","0","0","0","11","6","5","8","3","5","3","1","2","0","0","0","56","34","22","1","0","1","0","0","0","0","0","0","-2"
"176017","University of Mississippi","2014","Not on tenure/no tenure system, assistant professors","312","160","152","1","1","0","31","21","10","25","7","18","10","4","6","0","0","0","224","114","110","1","1","0","0","0","0","20","12","8","-2"
"176017","University of Mississippi","2014","Not on tenure/no tenure system, instructors","242","72","170","1","1","0","7","1","6","10","4","6","7","1","6","0","0","0","192","54","138","3","1","2","0","0","0","22","10","12","-2"
"176017","University of Mississippi","2014","Not on tenure/no tenure system, lecturers","30","12","18","0","0","0","0","0","0","1","0","1","4","0","4","0","0","0","24","11","13","0","0","0","0","0","0","1","1","0","-2"
"176044","Mississippi Valley State University","2014","Tenured total","67","36","31","0","0","0","13","10","3","44","22","22","1","0","1","0","0","0","9","4","5","0","0","0","0","0","0","0","0","0","-2"
"176044","Mississippi Valley State University","2014","Tenured, professors","12","10","2","0","0","0","4","4","0","5","4","1","0","0","0","0","0","0","3","2","1","0","0","0","0","0","0","0","0","0","-2"
"176044","Mississippi Valley State University","2014","Tenured, associate professors","32","20","12","0","0","0","8","5","3","17","13","4","1","0","1","0","0","0","6","2","4","0","0","0","0","0","0","0","0","0","-2"
"176044","Mississippi Valley State University","2014","Tenured, assistant professors","23","6","17","0","0","0","1","1","0","22","5","17","0","0","0","0","0","0","0","0","0","0","0","0","0","0","0","0","0","0","-2"
"176044","Mississippi Valley State University","2014","On-Tenure track total","27","15","12","0","0","0","2","2","0","16","6","10","0","0","0","0","0","0","9","7","2","0","0","0","0","0","0","0","0","0","-2"
"176044","Mississippi Valley State University","2014","On-tenure track, associate professors","2","1","1","0","0","0","0","0","0","1","1","0","0","0","0","0","0","0","1","0","1","0","0","0","0","0","0","0","0","0","-2"
"176044","Mississippi Valley State University","2014","On-tenure track, assistant professors","25","14","11","0","0","0","2","2","0","15","5","10","0","0","0","0","0","0","8","7","1","0","0","0","0","0","0","0","0","0","-2"
"176044","Mississippi Valley State University","2014","Not on tenure track/No tenure system system total","21","10","11","0","0","0","1","1","0","18","8","10","0","0","0","0","0","0","2","1","1","0","0","0","0","0","0","0","0","0","-2"
"176044","Mississippi Valley State University","2014","Not on tenure/no tenure system, assistant professors","2","1","1","0","0","0","0","0","0","2","1","1","0","0","0","0","0","0","0","0","0","0","0","0","0","0","0","0","0","0","-2"
"176044","Mississippi Valley State University","2014","Not on tenure/no tenure system, instructors","19","9","10","0","0","0","1","1","0","16","7","9","0","0","0","0","0","0","2","1","1","0","0","0","0","0","0","0","0","0","-2"
"176080","Mississippi State University","2014","Tenured total","454","335","119","0","0","0","44","37","7","18","6","12","9","9","0","0","0","0","378","281","97","4","1","3","0","0","0","1","1","0","-2"
"176080","Mississippi State University","2014","Tenured, professors","231","184","47","0","0","0","20","17","3","9","3","6","5","5","0","0","0","0","197","159","38","0","0","0","0","0","0","0","0","0","-2"
"176080","Mississippi State University","2014","Tenured, associate professors","220","149","71","0","0","0","24","20","4","9","3","6","4","4","0","0","0","0","178","120","58","4","1","3","0","0","0","1","1","0","-2"
"176080","Mississippi State University","2014","Tenured, assistant professors","3","2","1","0","0","0","0","0","0","0","0","0","0","0","0","0","0","0","3","2","1","0","0","0","0","0","0","0","0","0","-2"
"176080","Mississippi State University","2014","On-Tenure track total","273","158","115","2","1","1","24","18","6","18","6","12","7","2","5","0","0","0","193","114","79","3","1","2","0","0","0","26","16","10","-2"
"176080","Mississippi State University","2014","On-tenure track, professors","1","1","0","0","0","0","0","0","0","0","0","0","0","0","0","0","0","0","1","1","0","0","0","0","0","0","0","0","0","0","-2"
"176080","Mississippi State University","2014","On-tenure track, associate professors","12","11","1","0","0","0","5","4","1","0","0","0","0","0","0","0","0","0","5","5","0","0","0","0","0","0","0","2","2","0","-2"
"176080","Mississippi State University","2014","On-tenure track, assistant professors","260","146","114","2","1","1","19","14","5","18","6","12","7","2","5","0","0","0","187","108","79","3","1","2","0","0","0","24","14","10","-2"
"176080","Mississippi State University","2014","Not on tenure track/No tenure system system total","213","74","139","2","1","1","5","1","4","14","3","11","3","0","3","1","0","1","183","65","118","2","1","1","0","0","0","3","3","0","-2"
"176080","Mississippi State University","2014","Not on tenure/no tenure system, associate professors","1","0","1","0","0","0","0","0","0","0","0","0","0","0","0","0","0","0","1","0","1","0","0","0","0","0","0","0","0","0","-2"
"176080","Mississippi State University","2014","Not on tenure/no tenure system, assistant professors","12","7","5","0","0","0","2","0","2","3","1","2","0","0","0","0","0","0","5","4","1","0","0","0","0","0","0","2","2","0","-2"
"176080","Mississippi State University","2014","Not on tenure/no tenure system, instructors","146","50","96","1","1","0","3","1","2","9","2","7","2","0","2","1","0","1","128","44","84","1","1","0","0","0","0","1","1","0","-2"
"176080","Mississippi State University","2014","Not on tenure/no tenure system, lecturers","54","17","37","1","0","1","0","0","0","2","0","2","1","0","1","0","0","0","49","17","32","1","0","1","0","0","0","0","0","0","-2"
"178396","University of Missouri-Columbia","2014","Tenured total","798","566","232","2","2","0","118","99","19","23","14","9","23","15","8","1","1","0","614","424","190","4","2","2","11","8","3","2","1","1","-2"
"178396","University of Missouri-Columbia","2014","Tenured, professors","451","345","106","1","1","0","72","62","10","8","5","3","11","8","3","0","0","0","352","262","90","2","2","0","5","5","0","0","0","0","-2"
"178396","University of Missouri-Columbia","2014","Tenured, associate professors","346","221","125","1","1","0","46","37","9","15","9","6","12","7","5","1","1","0","261","162","99","2","0","2","6","3","3","2","1","1","-2"
"178396","University of Missouri-Columbia","2014","Tenured, assistant professors","1","0","1","0","0","0","0","0","0","0","0","0","0","0","0","0","0","0","1","0","1","0","0","0","0","0","0","0","0","0","-2"
"178396","University of Missouri-Columbia","2014","On-Tenure track total","253","139","114","1","1","0","24","17","7","13","4","9","19","9","10","0","0","0","158","86","72","0","0","0","2","2","0","36","20","16","-2"
"178396","University of Missouri-Columbia","2014","On-tenure track, professors","2","2","0","0","0","0","1","1","0","0","0","0","0","0","0","0","0","0","1","1","0","0","0","0","0","0","0","0","0","0","-2"
"178396","University of Missouri-Columbia","2014","On-tenure track, associate professors","20","11","9","0","0","0","2","1","1","0","0","0","2","2","0","0","0","0","14","7","7","0","0","0","0","0","0","2","1","1","-2"
"178396","University of Missouri-Columbia","2014","On-tenure track, assistant professors","231","126","105","1","1","0","21","15","6","13","4","9","17","7","10","0","0","0","143","78","65","0","0","0","2","2","0","34","19","15","-2"
"178396","University of Missouri-Columbia","2014","Not on tenure track/No tenure system system total","829","421","408","0","0","0","57","28","29","24","13","11","22","8","14","1","0","1","641","313","328","5","2","3","2","2","0","77","55","22","-2"
"178396","University of Missouri-Columbia","2014","Not on tenure/no tenure system, professors","62","41","21","0","0","0","1","1","0","2","2","0","1","0","1","0","0","0","56","36","20","0","0","0","0","0","0","2","2","0","-2"
"178396","University of Missouri-Columbia","2014","Not on tenure/no tenure system, associate professors","185","93","92","0","0","0","21","10","11","2","0","2","5","2","3","0","0","0","156","80","76","0","0","0","0","0","0","1","1","0","-2"
"178396","University of Missouri-Columbia","2014","Not on tenure/no tenure system, assistant professors","390","216","174","0","0","0","27","14","13","17","10","7","11","3","8","1","0","1","288","151","137","3","2","1","1","1","0","42","35","7","-2"
"178396","University of Missouri-Columbia","2014","Not on tenure/no tenure system, instructors","110","30","80","0","0","0","1","1","0","1","1","0","5","3","2","0","0","0","98","25","73","0","0","0","0","0","0","5","0","5","-2"
"178396","University of Missouri-Columbia","2014","Not on tenure/no tenure system, lecturers","13","4","9","0","0","0","2","0","2","0","0","0","0","0","0","0","0","0","8","3","5","2","0","2","1","1","0","0","0","0","-2"
"178396","University of Missouri-Columbia","2014","Not on tenure/no tenure system, no academic rank","69","37","32","0","0","0","5","2","3","2","0","2","0","0","0","0","0","0","35","18","17","0","0","0","0","0","0","27","17","10","-2"
"178411","Missouri University of Science and Technology","2014","Tenured total","222","185","37","0","0","0","48","41","7","5","4","1","5","5","0","0","0","0","154","126","28","2","2","0","0","0","0","8","7","1","-2"
"178411","Missouri University of Science and Technology","2014","Tenured, professors","114","101","13","0","0","0","29","27","2","3","2","1","1","1","0","0","0","0","78","68","10","0","0","0","0","0","0","3","3","0","-2"
"178411","Missouri University of Science and Technology","2014","Tenured, associate professors","108","84","24","0","0","0","19","14","5","2","2","0","4","4","0","0","0","0","76","58","18","2","2","0","0","0","0","5","4","1","-2"
"178411","Missouri University of Science and Technology","2014","On-Tenure track total","74","48","26","0","0","0","16","10","6","0","0","0","0","0","0","0","0","0","28","17","11","0","0","0","1","1","0","29","20","9","-2"
"178411","Missouri University of Science and Technology","2014","On-tenure track, associate professors","1","1","0","0","0","0","0","0","0","0","0","0","0","0","0","0","0","0","1","1","0","0","0","0","0","0","0","0","0","0","-2"
"178411","Missouri University of Science and Technology","2014","On-tenure track, assistant professors","73","47","26","0","0","0","16","10","6","0","0","0","0","0","0","0","0","0","27","16","11","0","0","0","1","1","0","29","20","9","-2"
"178411","Missouri University of Science and Technology","2014","Not on tenure track/No tenure system system total","69","40","29","1","0","1","7","3","4","1","0","1","0","0","0","0","0","0","44","23","21","0","0","0","1","1","0","15","13","2","-2"
"178411","Missouri University of Science and Technology","2014","Not on tenure/no tenure system, professors","4","3","1","0","0","0","2","1","1","0","0","0","0","0","0","0","0","0","1","1","0","0","0","0","0","0","0","1","1","0","-2"
"178411","Missouri University of Science and Technology","2014","Not on tenure/no tenure system, associate professors","12","5","7","0","0","0","2","1","1","0","0","0","0","0","0","0","0","0","10","4","6","0","0","0","0","0","0","0","0","0","-2"
"178411","Missouri University of Science and Technology","2014","Not on tenure/no tenure system, assistant professors","32","17","15","0","0","0","3","1","2","1","0","1","0","0","0","0","0","0","20","10","10","0","0","0","0","0","0","8","6","2","-2"
"178411","Missouri University of Science and Technology","2014","Not on tenure/no tenure system, lecturers","13","7","6","1","0","1","0","0","0","0","0","0","0","0","0","0","0","0","11","6","5","0","0","0","1","1","0","0","0","0","-2"
"178411","Missouri University of Science and Technology","2014","Not on tenure/no tenure system, no academic rank","8","8","0","0","0","0","0","0","0","0","0","0","0","0","0","0","0","0","2","2","0","0","0","0","0","0","0","6","6","0","-2"
"179867","Washington University in St Louis","2014","Tenured total","927","706","221","0","0","0","95","74","21","23","9","14","18","16","2","0","0","0","789","605","184","2","2","0","0","0","0","0","0","0","-2"
"179867","Washington University in St Louis","2014","Tenured, professors","648","520","128","0","0","0","49","43","6","14","6","8","12","11","1","0","0","0","571","458","113","2","2","0","0","0","0","0","0","0","-2"
"179867","Washington University in St Louis","2014","Tenured, associate professors","279","186","93","0","0","0","46","31","15","9","3","6","6","5","1","0","0","0","218","147","71","0","0","0","0","0","0","0","0","0","-2"
"179867","Washington University in St Louis","2014","On-Tenure track total","359","234","125","1","1","0","81","56","25","21","9","12","17","13","4","1","0","1","234","152","82","2","1","1","0","0","0","2","2","0","-2"
"179867","Washington University in St Louis","2014","On-tenure track, professors","1","1","0","0","0","0","0","0","0","0","0","0","0","0","0","0","0","0","1","1","0","0","0","0","0","0","0","0","0","0","-2"
"179867","Washington University in St Louis","2014","On-tenure track, associate professors","19","12","7","0","0","0","2","1","1","1","1","0","0","0","0","0","0","0","15","9","6","1","1","0","0","0","0","0","0","0","-2"
"179867","Washington University in St Louis","2014","On-tenure track, assistant professors","339","221","118","1","1","0","79","55","24","20","8","12","17","13","4","1","0","1","218","142","76","1","0","1","0","0","0","2","2","0","-2"
"179867","Washington University in St Louis","2014","Not on tenure track/No tenure system system total","261","131","130","0","0","0","33","14","19","6","4","2","13","4","9","0","0","0","203","105","98","3","1","2","0","0","0","3","3","0","-2"
"179867","Washington University in St Louis","2014","Not on tenure/no tenure system, professors","37","27","10","0","0","0","1","1","0","1","1","0","2","1","1","0","0","0","29","20","9","1","1","0","0","0","0","3","3","0","-2"
"179867","Washington University in St Louis","2014","Not on tenure/no tenure system, associate professors","2","2","0","0","0","0","0","0","0","0","0","0","0","0","0","0","0","0","2","2","0","0","0","0","0","0","0","0","0","0","-2"
"179867","Washington University in St Louis","2014","Not on tenure/no tenure system, assistant professors","8","4","4","0","0","0","1","1","0","0","0","0","0","0","0","0","0","0","7","3","4","0","0","0","0","0","0","0","0","0","-2"
"179867","Washington University in St Louis","2014","Not on tenure/no tenure system, instructors","35","21","14","0","0","0","7","4","3","1","1","0","1","0","1","0","0","0","26","16","10","0","0","0","0","0","0","0","0","0","-2"
"179867","Washington University in St Louis","2014","Not on tenure/no tenure system, lecturers","160","72","88","0","0","0","22","8","14","4","2","2","10","3","7","0","0","0","123","59","64","1","0","1","0","0","0","0","0","0","-2"
"179867","Washington University in St Louis","2014","Not on tenure/no tenure system, no academic rank","19","5","14","0","0","0","2","0","2","0","0","0","0","0","0","0","0","0","16","5","11","1","0","1","0","0","0","0","0","0","-2"
"181002","Creighton University","2014","Tenured total","353","243","110","0","0","0","28","25","3","9","4","5","8","5","3","0","0","0","301","203","98","0","0","0","0","0","0","7","6","1","-2"
"181002","Creighton University","2014","Tenured, professors","157","121","36","0","0","0","20","18","2","2","0","2","3","3","0","0","0","0","131","99","32","0","0","0","0","0","0","1","1","0","-2"
"181002","Creighton University","2014","Tenured, associate professors","169","105","64","0","0","0","8","7","1","6","3","3","5","2","3","0","0","0","144","88","56","0","0","0","0","0","0","6","5","1","-2"
"181002","Creighton University","2014","Tenured, assistant professors","27","17","10","0","0","0","0","0","0","1","1","0","0","0","0","0","0","0","26","16","10","0","0","0","0","0","0","0","0","0","-2"
"181002","Creighton University","2014","On-Tenure track total","107","53","54","2","1","1","5","2","3","1","0","1","5","3","2","0","0","0","89","44","45","0","0","0","0","0","0","5","3","2","-2"
"181002","Creighton University","2014","On-tenure track, professors","4","2","2","0","0","0","0","0","0","0","0","0","0","0","0","0","0","0","4","2","2","0","0","0","0","0","0","0","0","0","-2"
"181002","Creighton University","2014","On-tenure track, associate professors","11","2","9","1","1","0","0","0","0","0","0","0","1","0","1","0","0","0","7","1","6","0","0","0","0","0","0","2","0","2","-2"
"181002","Creighton University","2014","On-tenure track, assistant professors","88","49","39","1","0","1","5","2","3","1","0","1","4","3","1","0","0","0","74","41","33","0","0","0","0","0","0","3","3","0","-2"
"181002","Creighton University","2014","On-tenure track, instructors","4","0","4","0","0","0","0","0","0","0","0","0","0","0","0","0","0","0","4","0","4","0","0","0","0","0","0","0","0","0","-2"
"181002","Creighton University","2014","Not on tenure track/No tenure system system total","143","60","83","1","1","0","5","3","2","4","2","2","2","1","1","0","0","0","123","47","76","0","0","0","0","0","0","8","6","2","-2"
"181002","Creighton University","2014","Not on tenure/no tenure system, professors","5","4","1","0","0","0","0","0","0","0","0","0","0","0","0","0","0","0","5","4","1","0","0","0","0","0","0","0","0","0","-2"
"181002","Creighton University","2014","Not on tenure/no tenure system, associate professors","22","11","11","0","0","0","1","0","1","0","0","0","1","1","0","0","0","0","20","10","10","0","0","0","0","0","0","0","0","0","-2"
"181002","Creighton University","2014","Not on tenure/no tenure system, assistant professors","96","37","59","0","0","0","3","3","0","3","2","1","1","0","1","0","0","0","82","27","55","0","0","0","0","0","0","7","5","2","-2"
"181002","Creighton University","2014","Not on tenure/no tenure system, instructors","20","8","12","1","1","0","1","0","1","1","0","1","0","0","0","0","0","0","16","6","10","0","0","0","0","0","0","1","1","0","-2"
"181464","University of Nebraska-Lincoln","2014","Tenured total","766","560","206","4","1","3","78","60","18","20","8","12","26","22","4","0","0","0","636","468","168","1","0","1","0","0","0","1","1","0","-2"
"181464","University of Nebraska-Lincoln","2014","Tenured, professors","482","383","99","1","0","1","33","31","2","6","4","2","14","12","2","0","0","0","427","335","92","0","0","0","0","0","0","1","1","0","-2"
"181464","University of Nebraska-Lincoln","2014","Tenured, associate professors","282","176","106","3","1","2","45","29","16","14","4","10","12","10","2","0","0","0","207","132","75","1","0","1","0","0","0","0","0","0","-2"
"181464","University of Nebraska-Lincoln","2014","Tenured, assistant professors","2","1","1","0","0","0","0","0","0","0","0","0","0","0","0","0","0","0","2","1","1","0","0","0","0","0","0","0","0","0","-2"
"181464","University of Nebraska-Lincoln","2014","On-Tenure track total","273","171","102","0","0","0","45","28","17","7","2","5","9","7","2","2","1","1","176","111","65","1","0","1","0","0","0","33","22","11","-2"
"181464","University of Nebraska-Lincoln","2014","On-tenure track, professors","2","1","1","0","0","0","1","0","1","0","0","0","0","0","0","0","0","0","0","0","0","0","0","0","0","0","0","1","1","0","-2"
"181464","University of Nebraska-Lincoln","2014","On-tenure track, associate professors","32","22","10","0","0","0","7","7","0","2","0","2","3","2","1","0","0","0","20","13","7","0","0","0","0","0","0","0","0","0","-2"
"181464","University of Nebraska-Lincoln","2014","On-tenure track, assistant professors","239","148","91","0","0","0","37","21","16","5","2","3","6","5","1","2","1","1","156","98","58","1","0","1","0","0","0","32","21","11","-2"
"181464","University of Nebraska-Lincoln","2014","Not on tenure track/No tenure system system total","220","88","132","1","0","1","14","7","7","5","1","4","7","4","3","0","0","0","188","74","114","0","0","0","0","0","0","5","2","3","-2"
"181464","University of Nebraska-Lincoln","2014","Not on tenure/no tenure system, professors","4","1","3","0","0","0","0","0","0","0","0","0","0","0","0","0","0","0","4","1","3","0","0","0","0","0","0","0","0","0","-2"
"181464","University of Nebraska-Lincoln","2014","Not on tenure/no tenure system, assistant professors","1","1","0","0","0","0","0","0","0","0","0","0","0","0","0","0","0","0","1","1","0","0","0","0","0","0","0","0","0","0","-2"
"181464","University of Nebraska-Lincoln","2014","Not on tenure/no tenure system, lecturers","215","86","129","1","0","1","14","7","7","5","1","4","7","4","3","0","0","0","183","72","111","0","0","0","0","0","0","5","2","3","-2"
"182281","University of Nevada-Las Vegas","2014","Tenured total","521","367","154","4","1","3","81","62","19","17","10","7","27","16","11","0","0","0","386","275","111","3","1","2","0","0","0","3","2","1","-2"
"182281","University of Nevada-Las Vegas","2014","Tenured, professors","288","218","70","3","1","2","42","35","7","9","5","4","11","9","2","0","0","0","222","168","54","1","0","1","0","0","0","0","0","0","-2"
"182281","University of Nevada-Las Vegas","2014","Tenured, associate professors","228","145","83","1","0","1","38","26","12","8","5","3","16","7","9","0","0","0","160","104","56","2","1","1","0","0","0","3","2","1","-2"
"182281","University of Nevada-Las Vegas","2014","Tenured, assistant professors","5","4","1","0","0","0","1","1","0","0","0","0","0","0","0","0","0","0","4","3","1","0","0","0","0","0","0","0","0","0","-2"
"182281","University of Nevada-Las Vegas","2014","On-Tenure track total","163","81","82","0","0","0","26","14","12","6","3","3","10","4","6","1","1","0","100","49","51","5","3","2","0","0","0","15","7","8","-2"
"182281","University of Nevada-Las Vegas","2014","On-tenure track, associate professors","23","12","11","0","0","0","2","1","1","0","0","0","1","0","1","1","1","0","18","9","9","1","1","0","0","0","0","0","0","0","-2"
"182281","University of Nevada-Las Vegas","2014","On-tenure track, assistant professors","139","68","71","0","0","0","24","13","11","6","3","3","9","4","5","0","0","0","81","39","42","4","2","2","0","0","0","15","7","8","-2"
"182281","University of Nevada-Las Vegas","2014","On-tenure track, instructors","1","1","0","0","0","0","0","0","0","0","0","0","0","0","0","0","0","0","1","1","0","0","0","0","0","0","0","0","0","0","-2"
"182281","University of Nevada-Las Vegas","2014","Not on tenure track/No tenure system system total","235","109","126","3","2","1","19","10","9","8","2","6","15","4","11","1","1","0","178","88","90","3","1","2","0","0","0","8","1","7","-2"
"182281","University of Nevada-Las Vegas","2014","Not on tenure/no tenure system, professors","7","6","1","0","0","0","1","0","1","0","0","0","0","0","0","0","0","0","6","6","0","0","0","0","0","0","0","0","0","0","-2"
"182281","University of Nevada-Las Vegas","2014","Not on tenure/no tenure system, associate professors","34","21","13","0","0","0","4","3","1","3","0","3","1","0","1","0","0","0","26","18","8","0","0","0","0","0","0","0","0","0","-2"
"182281","University of Nevada-Las Vegas","2014","Not on tenure/no tenure system, assistant professors","107","50","57","2","2","0","9","5","4","3","2","1","7","2","5","0","0","0","77","37","40","2","1","1","0","0","0","7","1","6","-2"
"182281","University of Nevada-Las Vegas","2014","Not on tenure/no tenure system, lecturers","80","27","53","1","0","1","4","1","3","2","0","2","7","2","5","1","1","0","63","23","40","1","0","1","0","0","0","1","0","1","-2"
"182281","University of Nevada-Las Vegas","2014","Not on tenure/no tenure system, no academic rank","7","5","2","0","0","0","1","1","0","0","0","0","0","0","0","0","0","0","6","4","2","0","0","0","0","0","0","0","0","0","-2"
"182290","University of Nevada-Reno","2014","Tenured total","370","249","121","1","1","0","37","31","6","4","3","1","18","12","6","0","0","0","304","197","107","3","2","1","0","0","0","3","3","0","-2"
"182290","University of Nevada-Reno","2014","Tenured, professors","190","144","46","1","1","0","18","16","2","0","0","0","7","5","2","0","0","0","160","119","41","3","2","1","0","0","0","1","1","0","-2"
"182290","University of Nevada-Reno","2014","Tenured, associate professors","178","104","74","0","0","0","18","14","4","4","3","1","11","7","4","0","0","0","143","78","65","0","0","0","0","0","0","2","2","0","-2"
"182290","University of Nevada-Reno","2014","Tenured, assistant professors","2","1","1","0","0","0","1","1","0","0","0","0","0","0","0","0","0","0","1","0","1","0","0","0","0","0","0","0","0","0","-2"
"182290","University of Nevada-Reno","2014","On-Tenure track total","157","90","67","0","0","0","18","14","4","4","4","0","11","6","5","0","0","0","100","52","48","2","1","1","0","0","0","22","13","9","-2"
"182290","University of Nevada-Reno","2014","On-tenure track, professors","5","4","1","0","0","0","0","0","0","0","0","0","0","0","0","0","0","0","5","4","1","0","0","0","0","0","0","0","0","0","-2"
"182290","University of Nevada-Reno","2014","On-tenure track, associate professors","10","9","1","0","0","0","0","0","0","1","1","0","1","1","0","0","0","0","7","6","1","0","0","0","0","0","0","1","1","0","-2"
"182290","University of Nevada-Reno","2014","On-tenure track, assistant professors","142","77","65","0","0","0","18","14","4","3","3","0","10","5","5","0","0","0","88","42","46","2","1","1","0","0","0","21","12","9","-2"
"182290","University of Nevada-Reno","2014","Not on tenure track/No tenure system system total","234","117","117","0","0","0","26","14","12","7","5","2","10","3","7","0","0","0","176","87","89","5","2","3","0","0","0","10","6","4","-2"
"182290","University of Nevada-Reno","2014","Not on tenure/no tenure system, professors","19","14","5","0","0","0","3","2","1","2","1","1","0","0","0","0","0","0","14","11","3","0","0","0","0","0","0","0","0","0","-2"
"182290","University of Nevada-Reno","2014","Not on tenure/no tenure system, associate professors","37","28","9","0","0","0","3","3","0","2","2","0","0","0","0","0","0","0","31","23","8","1","0","1","0","0","0","0","0","0","-2"
"182290","University of Nevada-Reno","2014","Not on tenure/no tenure system, assistant professors","79","35","44","0","0","0","12","6","6","3","2","1","2","0","2","0","0","0","56","22","34","1","1","0","0","0","0","5","4","1","-2"
"182290","University of Nevada-Reno","2014","Not on tenure/no tenure system, instructors","9","3","6","0","0","0","0","0","0","0","0","0","0","0","0","0","0","0","9","3","6","0","0","0","0","0","0","0","0","0","-2"
"182290","University of Nevada-Reno","2014","Not on tenure/no tenure system, lecturers","90","37","53","0","0","0","8","3","5","0","0","0","8","3","5","0","0","0","66","28","38","3","1","2","0","0","0","5","2","3","-2"
"182670","Dartmouth College","2014","Tenured total","422","302","120","3","2","1","25","18","7","9","6","3","15","9","6","0","0","0","362","263","99","8","4","4","0","0","0","0","0","0","-2"
"182670","Dartmouth College","2014","Tenured, professors","295","222","73","1","1","0","14","10","4","1","1","0","6","3","3","0","0","0","267","204","63","6","3","3","0","0","0","0","0","0","-2"
"182670","Dartmouth College","2014","Tenured, associate professors","127","80","47","2","1","1","11","8","3","8","5","3","9","6","3","0","0","0","95","59","36","2","1","1","0","0","0","0","0","0","-2"
"182670","Dartmouth College","2014","On-Tenure track total","168","104","64","0","0","0","25","16","9","4","1","3","8","2","6","1","0","1","117","76","41","3","2","1","0","0","0","10","7","3","-2"
"182670","Dartmouth College","2014","On-tenure track, professors","4","4","0","0","0","0","2","2","0","0","0","0","0","0","0","0","0","0","2","2","0","0","0","0","0","0","0","0","0","0","-2"
"182670","Dartmouth College","2014","On-tenure track, associate professors","31","18","13","0","0","0","3","2","1","1","0","1","1","0","1","1","0","1","25","16","9","0","0","0","0","0","0","0","0","0","-2"
"182670","Dartmouth College","2014","On-tenure track, assistant professors","133","82","51","0","0","0","20","12","8","3","1","2","7","2","5","0","0","0","90","58","32","3","2","1","0","0","0","10","7","3","-2"
"182670","Dartmouth College","2014","Not on tenure track/No tenure system system total","201","96","105","1","0","1","12","9","3","1","0","1","7","1","6","0","0","0","165","82","83","2","1","1","0","0","0","13","3","10","-2"
"182670","Dartmouth College","2014","Not on tenure/no tenure system, professors","33","27","6","0","0","0","1","1","0","0","0","0","0","0","0","0","0","0","30","24","6","1","1","0","0","0","0","1","1","0","-2"
"182670","Dartmouth College","2014","Not on tenure/no tenure system, associate professors","29","13","16","0","0","0","1","1","0","1","0","1","1","0","1","0","0","0","26","12","14","0","0","0","0","0","0","0","0","0","-2"
"182670","Dartmouth College","2014","Not on tenure/no tenure system, assistant professors","50","25","25","0","0","0","4","4","0","0","0","0","0","0","0","0","0","0","39","19","20","1","0","1","0","0","0","6","2","4","-2"
"182670","Dartmouth College","2014","Not on tenure/no tenure system, instructors","37","12","25","0","0","0","3","2","1","0","0","0","0","0","0","0","0","0","34","10","24","0","0","0","0","0","0","0","0","0","-2"
"182670","Dartmouth College","2014","Not on tenure/no tenure system, lecturers","46","18","28","1","0","1","3","1","2","0","0","0","4","0","4","0","0","0","35","17","18","0","0","0","0","0","0","3","0","3","-2"
"182670","Dartmouth College","2014","Not on tenure/no tenure system, no academic rank","6","1","5","0","0","0","0","0","0","0","0","0","2","1","1","0","0","0","1","0","1","0","0","0","0","0","0","3","0","3","-2"
"183044","University of New Hampshire-Main Campus","2014","Tenured total","449","289","160","0","0","0","25","13","12","7","6","1","12","7","5","0","0","0","376","244","132","3","3","0","25","16","9","1","0","1","-2"
"183044","University of New Hampshire-Main Campus","2014","Tenured, professors","224","172","52","0","0","0","7","4","3","1","1","0","2","1","1","0","0","0","205","160","45","1","1","0","8","5","3","0","0","0","-2"
"183044","University of New Hampshire-Main Campus","2014","Tenured, associate professors","225","117","108","0","0","0","18","9","9","6","5","1","10","6","4","0","0","0","171","84","87","2","2","0","17","11","6","1","0","1","-2"
"183044","University of New Hampshire-Main Campus","2014","On-Tenure track total","112","51","61","1","1","0","20","7","13","4","1","3","1","1","0","0","0","0","62","28","34","2","0","2","21","12","9","1","1","0","-2"
"183044","University of New Hampshire-Main Campus","2014","On-tenure track, associate professors","2","1","1","0","0","0","0","0","0","0","0","0","0","0","0","0","0","0","1","0","1","0","0","0","1","1","0","0","0","0","-2"
"183044","University of New Hampshire-Main Campus","2014","On-tenure track, assistant professors","110","50","60","1","1","0","20","7","13","4","1","3","1","1","0","0","0","0","61","28","33","2","0","2","20","11","9","1","1","0","-2"
"183044","University of New Hampshire-Main Campus","2014","Not on tenure track/No tenure system system total","49","9","40","0","0","0","0","0","0","0","0","0","0","0","0","0","0","0","41","8","33","0","0","0","8","1","7","0","0","0","-2"
"183044","University of New Hampshire-Main Campus","2014","Not on tenure/no tenure system, professors","2","2","0","0","0","0","0","0","0","0","0","0","0","0","0","0","0","0","2","2","0","0","0","0","0","0","0","0","0","0","-2"
"183044","University of New Hampshire-Main Campus","2014","Not on tenure/no tenure system, associate professors","10","2","8","0","0","0","0","0","0","0","0","0","0","0","0","0","0","0","9","2","7","0","0","0","1","0","1","0","0","0","-2"
"183044","University of New Hampshire-Main Campus","2014","Not on tenure/no tenure system, assistant professors","37","5","32","0","0","0","0","0","0","0","0","0","0","0","0","0","0","0","30","4","26","0","0","0","7","1","6","0","0","0","-2"
"183080","Plymouth State University","2014","Tenured total","123","70","53","0","0","0","10","9","1","2","1","1","1","0","1","0","0","0","105","58","47","0","0","0","5","2","3","0","0","0","-2"
"183080","Plymouth State University","2014","Tenured, professors","79","46","33","0","0","0","5","4","1","0","0","0","0","0","0","0","0","0","71","41","30","0","0","0","3","1","2","0","0","0","-2"
"183080","Plymouth State University","2014","Tenured, associate professors","43","23","20","0","0","0","5","5","0","2","1","1","1","0","1","0","0","0","33","16","17","0","0","0","2","1","1","0","0","0","-2"
"183080","Plymouth State University","2014","Tenured, assistant professors","1","1","0","0","0","0","0","0","0","0","0","0","0","0","0","0","0","0","1","1","0","0","0","0","0","0","0","0","0","0","-2"
"183080","Plymouth State University","2014","On-Tenure track total","43","16","27","0","0","0","2","2","0","0","0","0","1","0","1","0","0","0","37","13","24","0","0","0","3","1","2","0","0","0","-2"
"183080","Plymouth State University","2014","On-tenure track, associate professors","3","0","3","0","0","0","0","0","0","0","0","0","0","0","0","0","0","0","3","0","3","0","0","0","0","0","0","0","0","0","-2"
"183080","Plymouth State University","2014","On-tenure track, assistant professors","39","15","24","0","0","0","2","2","0","0","0","0","1","0","1","0","0","0","33","12","21","0","0","0","3","1","2","0","0","0","-2"
"183080","Plymouth State University","2014","On-tenure track, instructors","1","1","0","0","0","0","0","0","0","0","0","0","0","0","0","0","0","0","1","1","0","0","0","0","0","0","0","0","0","0","-2"
"183080","Plymouth State University","2014","Not on tenure track/No tenure system system total","26","10","16","0","0","0","1","0","1","0","0","0","1","1","0","0","0","0","23","9","14","0","0","0","1","0","1","0","0","0","-2"
"183080","Plymouth State University","2014","Not on tenure/no tenure system, associate professors","1","0","1","0","0","0","0","0","0","0","0","0","0","0","0","0","0","0","1","0","1","0","0","0","0","0","0","0","0","0","-2"
"183080","Plymouth State University","2014","Not on tenure/no tenure system, assistant professors","4","0","4","0","0","0","0","0","0","0","0","0","0","0","0","0","0","0","4","0","4","0","0","0","0","0","0","0","0","0","-2"
"183080","Plymouth State University","2014","Not on tenure/no tenure system, no academic rank","21","10","11","0","0","0","1","0","1","0","0","0","1","1","0","0","0","0","18","9","9","0","0","0","1","0","1","0","0","0","-2"
"185262","Kean University","2014","Tenured total","234","125","109","0","0","0","29","15","14","25","11","14","17","9","8","0","0","0","163","90","73","0","0","0","0","0","0","0","0","0","-2"
"185262","Kean University","2014","Tenured, professors","95","56","39","0","0","0","7","6","1","12","6","6","4","3","1","0","0","0","72","41","31","0","0","0","0","0","0","0","0","0","-2"
"185262","Kean University","2014","Tenured, associate professors","75","38","37","0","0","0","13","4","9","6","2","4","6","3","3","0","0","0","50","29","21","0","0","0","0","0","0","0","0","0","-2"
"185262","Kean University","2014","Tenured, assistant professors","64","31","33","0","0","0","9","5","4","7","3","4","7","3","4","0","0","0","41","20","21","0","0","0","0","0","0","0","0","0","-2"
"185262","Kean University","2014","On-Tenure track total","53","22","31","0","0","0","12","3","9","1","0","1","0","0","0","0","0","0","37","17","20","0","0","0","0","0","0","3","2","1","-2"
"185262","Kean University","2014","On-tenure track, associate professors","4","1","3","0","0","0","0","0","0","0","0","0","0","0","0","0","0","0","4","1","3","0","0","0","0","0","0","0","0","0","-2"
"185262","Kean University","2014","On-tenure track, assistant professors","49","21","28","0","0","0","12","3","9","1","0","1","0","0","0","0","0","0","33","16","17","0","0","0","0","0","0","3","2","1","-2"
"185262","Kean University","2014","Not on tenure track/No tenure system system total","64","21","43","0","0","0","3","2","1","3","2","1","3","1","2","0","0","0","54","16","38","0","0","0","0","0","0","1","0","1","-2"
"185262","Kean University","2014","Not on tenure/no tenure system, assistant professors","2","0","2","0","0","0","0","0","0","0","0","0","0","0","0","0","0","0","2","0","2","0","0","0","0","0","0","0","0","0","-2"
"185262","Kean University","2014","Not on tenure/no tenure system, lecturers","62","21","41","0","0","0","3","2","1","3","2","1","3","1","2","0","0","0","52","16","36","0","0","0","0","0","0","1","0","1","-2"
"186131","Princeton University","2014","Tenured total","567","425","142","0","0","0","56","48","8","19","12","7","14","10","4","0","0","0","466","347","119","2","1","1","2","1","1","8","6","2","-2"
"186131","Princeton University","2014","Tenured, professors","474","368","106","0","0","0","48","43","5","16","10","6","11","10","1","0","0","0","389","299","90","2","1","1","2","1","1","6","4","2","-2"
"186131","Princeton University","2014","Tenured, associate professors","92","56","36","0","0","0","8","5","3","3","2","1","3","0","3","0","0","0","76","47","29","0","0","0","0","0","0","2","2","0","-2"
"186131","Princeton University","2014","Tenured, lecturers","1","1","0","0","0","0","0","0","0","0","0","0","0","0","0","0","0","0","1","1","0","0","0","0","0","0","0","0","0","0","-2"
"186131","Princeton University","2014","On-Tenure track total","175","115","60","0","0","0","15","6","9","5","2","3","9","6","3","0","0","0","109","75","34","2","1","1","4","2","2","31","23","8","-2"
"186131","Princeton University","2014","On-tenure track, assistant professors","175","115","60","0","0","0","15","6","9","5","2","3","9","6","3","0","0","0","109","75","34","2","1","1","4","2","2","31","23","8","-2"
"186131","Princeton University","2014","Not on tenure track/No tenure system system total","162","83","79","0","0","0","20","5","15","3","2","1","4","0","4","0","0","0","90","51","39","0","0","0","10","6","4","35","19","16","-2"
"186131","Princeton University","2014","Not on tenure/no tenure system, instructors","16","13","3","0","0","0","0","0","0","0","0","0","0","0","0","0","0","0","4","4","0","0","0","0","0","0","0","12","9","3","-2"
"186131","Princeton University","2014","Not on tenure/no tenure system, lecturers","146","70","76","0","0","0","20","5","15","3","2","1","4","0","4","0","0","0","86","47","39","0","0","0","10","6","4","23","10","13","-2"
"186380","Rutgers University-New Brunswick","2014","Tenured total","1389","946","443","1","1","0","165","125","40","40","19","21","40","27","13","1","1","0","1062","723","339","4","2","2","31","17","14","45","31","14","-2"
"186380","Rutgers University-New Brunswick","2014","Tenured, professors","943","703","240","0","0","0","113","93","20","22","15","7","20","16","4","1","1","0","754","553","201","2","2","0","16","11","5","15","12","3","-2"
"186380","Rutgers University-New Brunswick","2014","Tenured, associate professors","446","243","203","1","1","0","52","32","20","18","4","14","20","11","9","0","0","0","308","170","138","2","0","2","15","6","9","30","19","11","-2"
"186380","Rutgers University-New Brunswick","2014","On-Tenure track total","376","195","181","0","0","0","55","27","28","16","6","10","16","8","8","0","0","0","136","73","63","3","1","2","89","43","46","61","37","24","-2"
"186380","Rutgers University-New Brunswick","2014","On-tenure track, professors","11","10","1","0","0","0","3","2","1","0","0","0","0","0","0","0","0","0","6","6","0","0","0","0","2","2","0","0","0","0","-2"
"186380","Rutgers University-New Brunswick","2014","On-tenure track, associate professors","81","46","35","0","0","0","13","5","8","3","2","1","2","2","0","0","0","0","45","26","19","0","0","0","10","6","4","8","5","3","-2"
"186380","Rutgers University-New Brunswick","2014","On-tenure track, assistant professors","284","139","145","0","0","0","39","20","19","13","4","9","14","6","8","0","0","0","85","41","44","3","1","2","77","35","42","53","32","21","-2"
"186380","Rutgers University-New Brunswick","2014","Not on tenure track/No tenure system system total","1333","622","711","1","0","1","223","114","109","69","25","44","18","3","15","0","0","0","688","329","359","8","5","3","229","97","132","97","49","48","-2"
"186380","Rutgers University-New Brunswick","2014","Not on tenure/no tenure system, professors","119","75","44","0","0","0","15","10","5","5","3","2","0","0","0","0","0","0","83","54","29","1","0","1","11","6","5","4","2","2","-2"
"186380","Rutgers University-New Brunswick","2014","Not on tenure/no tenure system, associate professors","238","123","115","0","0","0","49","30","19","13","3","10","1","0","1","0","0","0","136","66","70","3","2","1","19","13","6","17","9","8","-2"
"186380","Rutgers University-New Brunswick","2014","Not on tenure/no tenure system, assistant professors","598","278","320","0","0","0","113","62","51","35","16","19","8","1","7","0","0","0","277","127","150","2","1","1","119","49","70","44","22","22","-2"
"186380","Rutgers University-New Brunswick","2014","Not on tenure/no tenure system, instructors","344","128","216","1","0","1","43","12","31","16","3","13","9","2","7","0","0","0","178","75","103","2","2","0","72","23","49","23","11","12","-2"
"186380","Rutgers University-New Brunswick","2014","Not on tenure/no tenure system, lecturers","30","16","14","0","0","0","3","0","3","0","0","0","0","0","0","0","0","0","13","7","6","0","0","0","5","4","1","9","5","4","-2"
"186380","Rutgers University-New Brunswick","2014","Not on tenure/no tenure system, no academic rank","4","2","2","0","0","0","0","0","0","0","0","0","0","0","0","0","0","0","1","0","1","0","0","0","3","2","1","0","0","0","-2"
"187967","New Mexico Institute of Mining and Technology","2014","Tenured total","77","64","13","0","0","0","10","10","0","0","0","0","6","5","1","0","0","0","61","49","12","0","0","0","0","0","0","0","0","0","-2"
"187967","New Mexico Institute of Mining and Technology","2014","Tenured, professors","38","31","7","0","0","0","3","3","0","0","0","0","2","2","0","0","0","0","33","26","7","0","0","0","0","0","0","0","0","0","-2"
"187967","New Mexico Institute of Mining and Technology","2014","Tenured, associate professors","39","33","6","0","0","0","7","7","0","0","0","0","4","3","1","0","0","0","28","23","5","0","0","0","0","0","0","0","0","0","-2"
"187967","New Mexico Institute of Mining and Technology","2014","On-Tenure track total","28","22","6","0","0","0","9","8","1","0","0","0","1","1","0","0","0","0","17","12","5","0","0","0","1","1","0","0","0","0","-2"
"187967","New Mexico Institute of Mining and Technology","2014","On-tenure track, associate professors","2","2","0","0","0","0","0","0","0","0","0","0","0","0","0","0","0","0","2","2","0","0","0","0","0","0","0","0","0","0","-2"
"187967","New Mexico Institute of Mining and Technology","2014","On-tenure track, assistant professors","26","20","6","0","0","0","9","8","1","0","0","0","1","1","0","0","0","0","15","10","5","0","0","0","1","1","0","0","0","0","-2"
"187967","New Mexico Institute of Mining and Technology","2014","Not on tenure track/No tenure system system total","15","10","5","0","0","0","2","1","1","0","0","0","0","0","0","0","0","0","13","9","4","0","0","0","0","0","0","0","0","0","-2"
"187967","New Mexico Institute of Mining and Technology","2014","Not on tenure/no tenure system, associate professors","1","1","0","0","0","0","0","0","0","0","0","0","0","0","0","0","0","0","1","1","0","0","0","0","0","0","0","0","0","0","-2"
"187967","New Mexico Institute of Mining and Technology","2014","Not on tenure/no tenure system, assistant professors","6","5","1","0","0","0","2","1","1","0","0","0","0","0","0","0","0","0","4","4","0","0","0","0","0","0","0","0","0","0","-2"
"187967","New Mexico Institute of Mining and Technology","2014","Not on tenure/no tenure system, instructors","8","4","4","0","0","0","0","0","0","0","0","0","0","0","0","0","0","0","8","4","4","0","0","0","0","0","0","0","0","0","-2"
"190150","Columbia University in the City of New York","2014","Tenured total","1072","796","276","1","1","0","131","98","33","36","23","13","24","18","6","0","0","0","849","628","221","3","2","1","16","14","2","12","12","0","-2"
"190150","Columbia University in the City of New York","2014","Tenured, professors","888","681","207","0","0","0","102","82","20","27","17","10","18","16","2","0","0","0","715","542","173","3","2","1","12","11","1","11","11","0","-2"
"190150","Columbia University in the City of New York","2014","Tenured, associate professors","184","115","69","1","1","0","29","16","13","9","6","3","6","2","4","0","0","0","134","86","48","0","0","0","4","3","1","1","1","0","-2"
"190150","Columbia University in the City of New York","2014","On-Tenure track total","569","364","205","1","0","1","92","62","30","32","12","20","26","12","14","1","0","1","289","183","106","12","7","5","19","13","6","97","75","22","-2"
"190150","Columbia University in the City of New York","2014","On-tenure track, professors","45","37","8","0","0","0","11","11","0","0","0","0","0","0","0","0","0","0","28","23","5","0","0","0","2","1","1","4","2","2","-2"
"190150","Columbia University in the City of New York","2014","On-tenure track, associate professors","96","65","31","1","0","1","18","16","2","8","5","3","6","4","2","0","0","0","54","34","20","1","0","1","2","2","0","6","4","2","-2"
"190150","Columbia University in the City of New York","2014","On-tenure track, assistant professors","389","238","151","0","0","0","60","33","27","22","6","16","18","7","11","1","0","1","190","115","75","9","6","3","14","9","5","75","62","13","-2"
"190150","Columbia University in the City of New York","2014","On-tenure track, instructors","6","2","4","0","0","0","1","1","0","0","0","0","0","0","0","0","0","0","2","0","2","1","1","0","0","0","0","2","0","2","-2"
"190150","Columbia University in the City of New York","2014","On-tenure track, lecturers","33","22","11","0","0","0","2","1","1","2","1","1","2","1","1","0","0","0","15","11","4","1","0","1","1","1","0","10","7","3","-2"
"190150","Columbia University in the City of New York","2014","Not on tenure track/No tenure system system total","2173","1086","1087","0","0","0","342","162","180","104","50","54","104","47","57","1","1","0","1444","750","694","16","4","12","60","28","32","102","44","58","-2"
"190150","Columbia University in the City of New York","2014","Not on tenure/no tenure system, professors","369","254","115","0","0","0","30","18","12","14","7","7","14","12","2","0","0","0","297","212","85","2","1","1","7","2","5","5","2","3","-2"
"190150","Columbia University in the City of New York","2014","Not on tenure/no tenure system, associate professors","353","202","151","0","0","0","47","31","16","15","10","5","12","3","9","0","0","0","265","150","115","0","0","0","9","6","3","5","2","3","-2"
"190150","Columbia University in the City of New York","2014","Not on tenure/no tenure system, assistant professors","938","411","527","0","0","0","196","77","119","47","19","28","56","22","34","0","0","0","576","263","313","7","2","5","33","14","19","23","14","9","-2"
"190150","Columbia University in the City of New York","2014","Not on tenure/no tenure system, instructors","117","32","85","0","0","0","27","11","16","13","3","10","8","2","6","1","1","0","62","15","47","2","0","2","0","0","0","4","0","4","-2"
"190150","Columbia University in the City of New York","2014","Not on tenure/no tenure system, lecturers","396","187","209","0","0","0","42","25","17","15","11","4","14","8","6","0","0","0","244","110","134","5","1","4","11","6","5","65","26","39","-2"
"190415","Cornell University","2014","Tenured total","1134","827","307","6","3","3","99","79","20","40","21","19","37","22","15","0","0","0","938","693","245","1","0","1","1","0","1","12","9","3","-2"
"190415","Cornell University","2014","Tenured, professors","726","563","163","2","2","0","56","50","6","22","17","5","18","12","6","0","0","0","621","476","145","0","0","0","0","0","0","7","6","1","-2"
"190415","Cornell University","2014","Tenured, associate professors","408","264","144","4","1","3","43","29","14","18","4","14","19","10","9","0","0","0","317","217","100","1","0","1","1","0","1","5","3","2","-2"
"190415","Cornell University","2014","On-Tenure track total","294","178","116","0","0","0","36","23","13","17","10","7","17","10","7","0","0","0","178","107","71","4","1","3","1","0","1","41","27","14","-2"
"190415","Cornell University","2014","On-tenure track, professors","7","5","2","0","0","0","1","1","0","0","0","0","0","0","0","0","0","0","5","4","1","0","0","0","1","0","1","0","0","0","-2"
"190415","Cornell University","2014","On-tenure track, associate professors","17","6","11","0","0","0","3","0","3","0","0","0","1","1","0","0","0","0","9","4","5","1","0","1","0","0","0","3","1","2","-2"
"190415","Cornell University","2014","On-tenure track, assistant professors","270","167","103","0","0","0","32","22","10","17","10","7","16","9","7","0","0","0","164","99","65","3","1","2","0","0","0","38","26","12","-2"
"190415","Cornell University","2014","Not on tenure track/No tenure system system total","362","174","188","0","0","0","30","6","24","8","5","3","8","4","4","0","0","0","273","134","139","2","0","2","0","0","0","41","25","16","-2"
"190415","Cornell University","2014","Not on tenure/no tenure system, professors","31","22","9","0","0","0","4","1","3","0","0","0","0","0","0","0","0","0","22","16","6","0","0","0","0","0","0","5","5","0","-2"
"190415","Cornell University","2014","Not on tenure/no tenure system, associate professors","13","7","6","0","0","0","1","1","0","1","1","0","0","0","0","0","0","0","10","5","5","0","0","0","0","0","0","1","0","1","-2"
"190415","Cornell University","2014","Not on tenure/no tenure system, assistant professors","37","18","19","0","0","0","3","0","3","1","1","0","0","0","0","0","0","0","21","7","14","0","0","0","0","0","0","12","10","2","-2"
"190415","Cornell University","2014","Not on tenure/no tenure system, instructors","15","8","7","0","0","0","0","0","0","0","0","0","0","0","0","0","0","0","11","5","6","0","0","0","0","0","0","4","3","1","-2"
"190415","Cornell University","2014","Not on tenure/no tenure system, lecturers","258","118","140","0","0","0","22","4","18","6","3","3","8","4","4","0","0","0","204","100","104","2","0","2","0","0","0","16","7","9","-2"
"190415","Cornell University","2014","Not on tenure/no tenure system, no academic rank","8","1","7","0","0","0","0","0","0","0","0","0","0","0","0","0","0","0","5","1","4","0","0","0","0","0","0","3","0","3","-2"
"190567","CUNY City College","2014","Tenured total","424","272","152","0","0","0","59","46","13","33","14","19","30","16","14","0","0","0","296","192","104","0","0","0","0","0","0","6","4","2","-2"
"190567","CUNY City College","2014","Tenured, professors","224","165","59","0","0","0","33","26","7","15","10","5","17","9","8","0","0","0","157","118","39","0","0","0","0","0","0","2","2","0","-2"
"190567","CUNY City College","2014","Tenured, associate professors","146","82","64","0","0","0","21","17","4","12","3","9","10","5","5","0","0","0","100","55","45","0","0","0","0","0","0","3","2","1","-2"
"190567","CUNY City College","2014","Tenured, assistant professors","19","10","9","0","0","0","3","2","1","2","0","2","3","2","1","0","0","0","11","6","5","0","0","0","0","0","0","0","0","0","-2"
"190567","CUNY City College","2014","Tenured, lecturers","35","15","20","0","0","0","2","1","1","4","1","3","0","0","0","0","0","0","28","13","15","0","0","0","0","0","0","1","0","1","-2"
"190567","CUNY City College","2014","On-Tenure track total","171","86","85","1","1","0","21","11","10","21","8","13","20","6","14","0","0","0","96","53","43","0","0","0","0","0","0","12","7","5","-2"
"190567","CUNY City College","2014","On-tenure track, professors","4","0","4","0","0","0","1","0","1","1","0","1","0","0","0","0","0","0","2","0","2","0","0","0","0","0","0","0","0","0","-2"
"190567","CUNY City College","2014","On-tenure track, associate professors","22","13","9","0","0","0","2","0","2","2","1","1","0","0","0","0","0","0","17","12","5","0","0","0","0","0","0","1","0","1","-2"
"190567","CUNY City College","2014","On-tenure track, assistant professors","123","59","64","1","1","0","16","9","7","14","5","9","16","4","12","0","0","0","66","34","32","0","0","0","0","0","0","10","6","4","-2"
"190567","CUNY City College","2014","On-tenure track, lecturers","22","14","8","0","0","0","2","2","0","4","2","2","4","2","2","0","0","0","11","7","4","0","0","0","0","0","0","1","1","0","-2"
"190567","CUNY City College","2014","Not on tenure track/No tenure system system total","27","15","12","0","0","0","2","0","2","2","1","1","2","1","1","0","0","0","21","13","8","0","0","0","0","0","0","0","0","0","-2"
"190567","CUNY City College","2014","Not on tenure/no tenure system, professors","8","5","3","0","0","0","1","0","1","1","0","1","1","1","0","0","0","0","5","4","1","0","0","0","0","0","0","0","0","0","-2"
"190567","CUNY City College","2014","Not on tenure/no tenure system, associate professors","1","0","1","0","0","0","0","0","0","0","0","0","0","0","0","0","0","0","1","0","1","0","0","0","0","0","0","0","0","0","-2"
"190567","CUNY City College","2014","Not on tenure/no tenure system, assistant professors","10","4","6","0","0","0","1","0","1","0","0","0","1","0","1","0","0","0","8","4","4","0","0","0","0","0","0","0","0","0","-2"
"190567","CUNY City College","2014","Not on tenure/no tenure system, instructors","2","2","0","0","0","0","0","0","0","0","0","0","0","0","0","0","0","0","2","2","0","0","0","0","0","0","0","0","0","0","-2"
"190567","CUNY City College","2014","Not on tenure/no tenure system, lecturers","6","4","2","0","0","0","0","0","0","1","1","0","0","0","0","0","0","0","5","3","2","0","0","0","0","0","0","0","0","0","-2"
"190576","CUNY Graduate School and University Center","2014","Tenured total","137","86","51","1","0","1","5","4","1","8","6","2","5","3","2","0","0","0","115","71","44","0","0","0","0","0","0","3","2","1","-2"
"190576","CUNY Graduate School and University Center","2014","Tenured, professors","121","73","48","1","0","1","4","3","1","8","6","2","4","2","2","0","0","0","103","62","41","0","0","0","0","0","0","1","0","1","-2"
"190576","CUNY Graduate School and University Center","2014","Tenured, associate professors","16","13","3","0","0","0","1","1","0","0","0","0","1","1","0","0","0","0","12","9","3","0","0","0","0","0","0","2","2","0","-2"
"190576","CUNY Graduate School and University Center","2014","On-Tenure track total","7","6","1","0","0","0","0","0","0","2","2","0","0","0","0","0","0","0","5","4","1","0","0","0","0","0","0","0","0","0","-2"
"190576","CUNY Graduate School and University Center","2014","On-tenure track, associate professors","4","4","0","0","0","0","0","0","0","0","0","0","0","0","0","0","0","0","4","4","0","0","0","0","0","0","0","0","0","0","-2"
"190576","CUNY Graduate School and University Center","2014","On-tenure track, assistant professors","3","2","1","0","0","0","0","0","0","2","2","0","0","0","0","0","0","0","1","0","1","0","0","0","0","0","0","0","0","0","-2"
"190576","CUNY Graduate School and University Center","2014","Not on tenure track/No tenure system system total","60","35","25","0","0","0","3","2","1","6","2","4","0","0","0","0","0","0","50","30","20","0","0","0","0","0","0","1","1","0","-2"
"190576","CUNY Graduate School and University Center","2014","Not on tenure/no tenure system, professors","30","20","10","0","0","0","2","1","1","1","1","0","0","0","0","0","0","0","27","18","9","0","0","0","0","0","0","0","0","0","-2"
"190576","CUNY Graduate School and University Center","2014","Not on tenure/no tenure system, associate professors","1","1","0","0","0","0","0","0","0","0","0","0","0","0","0","0","0","0","1","1","0","0","0","0","0","0","0","0","0","0","-2"
"190576","CUNY Graduate School and University Center","2014","Not on tenure/no tenure system, assistant professors","20","9","11","0","0","0","0","0","0","4","1","3","0","0","0","0","0","0","15","7","8","0","0","0","0","0","0","1","1","0","-2"
"190576","CUNY Graduate School and University Center","2014","Not on tenure/no tenure system, lecturers","9","5","4","0","0","0","1","1","0","1","0","1","0","0","0","0","0","0","7","4","3","0","0","0","0","0","0","0","0","0","-2"
"191630","Hobart William Smith Colleges","2014","Tenured total","115","71","44","0","0","0","9","6","3","3","1","2","3","2","1","0","0","0","87","56","31","1","0","1","12","6","6","0","0","0","-2"
"191630","Hobart William Smith Colleges","2014","Tenured, professors","51","38","13","0","0","0","2","1","1","0","0","0","0","0","0","0","0","0","46","35","11","0","0","0","3","2","1","0","0","0","-2"
"191630","Hobart William Smith Colleges","2014","Tenured, associate professors","64","33","31","0","0","0","7","5","2","3","1","2","3","2","1","0","0","0","41","21","20","1","0","1","9","4","5","0","0","0","-2"
"191630","Hobart William Smith Colleges","2014","On-Tenure track total","65","26","39","1","0","1","5","1","4","3","2","1","3","3","0","0","0","0","46","19","27","1","0","1","2","0","2","4","1","3","-2"
"191630","Hobart William Smith Colleges","2014","On-tenure track, associate professors","1","0","1","0","0","0","0","0","0","0","0","0","0","0","0","0","0","0","1","0","1","0","0","0","0","0","0","0","0","0","-2"
"191630","Hobart William Smith Colleges","2014","On-tenure track, assistant professors","64","26","38","1","0","1","5","1","4","3","2","1","3","3","0","0","0","0","45","19","26","1","0","1","2","0","2","4","1","3","-2"
"191630","Hobart William Smith Colleges","2014","Not on tenure track/No tenure system system total","22","8","14","0","0","0","3","1","2","1","1","0","0","0","0","0","0","0","15","5","10","0","0","0","1","1","0","2","0","2","-2"
"191630","Hobart William Smith Colleges","2014","Not on tenure/no tenure system, associate professors","1","0","1","0","0","0","0","0","0","0","0","0","0","0","0","0","0","0","1","0","1","0","0","0","0","0","0","0","0","0","-2"
"191630","Hobart William Smith Colleges","2014","Not on tenure/no tenure system, assistant professors","17","5","12","0","0","0","3","1","2","0","0","0","0","0","0","0","0","0","11","3","8","0","0","0","1","1","0","2","0","2","-2"
"191630","Hobart William Smith Colleges","2014","Not on tenure/no tenure system, instructors","4","3","1","0","0","0","0","0","0","1","1","0","0","0","0","0","0","0","3","2","1","0","0","0","0","0","0","0","0","0","-2"
"193900","New York University","2014","Tenured total","1551","1054","497","1","1","0","154","99","55","68","40","28","54","33","21","1","1","0","1250","863","387","0","0","0","0","0","0","23","17","6","-2"
"193900","New York University","2014","Tenured, professors","1027","740","287","1","1","0","88","69","19","31","18","13","32","22","10","1","1","0","863","620","243","0","0","0","0","0","0","11","9","2","-2"
"193900","New York University","2014","Tenured, associate professors","481","296","185","0","0","0","65","30","35","32","20","12","21","11","10","0","0","0","351","227","124","0","0","0","0","0","0","12","8","4","-2"
"193900","New York University","2014","Tenured, no academic rank","43","18","25","0","0","0","1","0","1","5","2","3","1","0","1","0","0","0","36","16","20","0","0","0","0","0","0","0","0","0","-2"
"193900","New York University","2014","On-Tenure track total","431","249","182","2","1","1","62","33","29","9","6","3","19","9","10","2","1","1","252","141","111","0","0","0","1","0","1","84","58","26","-2"
"193900","New York University","2014","On-tenure track, professors","6","5","1","0","0","0","0","0","0","1","1","0","0","0","0","0","0","0","5","4","1","0","0","0","0","0","0","0","0","0","-2"
"193900","New York University","2014","On-tenure track, associate professors","53","36","17","0","0","0","13","11","2","1","0","1","5","3","2","0","0","0","29","20","9","0","0","0","0","0","0","5","2","3","-2"
"193900","New York University","2014","On-tenure track, assistant professors","334","192","142","2","1","1","46","20","26","6","4","2","13","6","7","2","1","1","187","105","82","0","0","0","1","0","1","77","55","22","-2"
"193900","New York University","2014","On-tenure track, no academic rank","38","16","22","0","0","0","3","2","1","1","1","0","1","0","1","0","0","0","31","12","19","0","0","0","0","0","0","2","1","1","-2"
"193900","New York University","2014","Not on tenure track/No tenure system system total","3046","1676","1370","8","5","3","529","256","273","151","62","89","113","54","59","5","3","2","2049","1181","868","0","0","0","16","10","6","175","105","70","-2"
"193900","New York University","2014","Not on tenure/no tenure system, professors","402","269","133","1","1","0","98","56","42","45","23","22","22","12","10","0","0","0","224","167","57","0","0","0","0","0","0","12","10","2","-2"
"193900","New York University","2014","Not on tenure/no tenure system, associate professors","344","226","118","1","1","0","49","30","19","14","7","7","12","7","5","1","1","0","260","176","84","0","0","0","0","0","0","7","4","3","-2"
"193900","New York University","2014","Not on tenure/no tenure system, assistant professors","865","459","406","1","1","0","216","101","115","41","16","25","31","12","19","2","1","1","532","308","224","0","0","0","0","0","0","42","20","22","-2"
"193900","New York University","2014","Not on tenure/no tenure system, instructors","221","107","114","0","0","0","65","31","34","11","4","7","10","4","6","1","0","1","127","63","64","0","0","0","0","0","0","7","5","2","-2"
"193900","New York University","2014","Not on tenure/no tenure system, lecturers","225","95","130","1","0","1","24","5","19","0","0","0","10","7","3","0","0","0","164","74","90","0","0","0","3","1","2","23","8","15","-2"
"193900","New York University","2014","Not on tenure/no tenure system, no academic rank","989","520","469","4","2","2","77","33","44","40","12","28","28","12","16","1","1","0","742","393","349","0","0","0","13","9","4","84","58","26","-2"
"196060","SUNY at Albany","2014","Tenured total","378","249","129","1","0","1","52","34","18","15","8","7","16","8","8","0","0","0","289","196","93","0","0","0","3","1","2","2","2","0","-2"
"196060","SUNY at Albany","2014","Tenured, professors","161","126","35","0","0","0","15","14","1","4","3","1","5","3","2","0","0","0","136","106","30","0","0","0","1","0","1","0","0","0","-2"
"196060","SUNY at Albany","2014","Tenured, associate professors","217","123","94","1","0","1","37","20","17","11","5","6","11","5","6","0","0","0","153","90","63","0","0","0","2","1","1","2","2","0","-2"
"196060","SUNY at Albany","2014","On-Tenure track total","137","79","58","2","0","2","32","22","10","6","3","3","6","1","5","1","0","1","70","36","34","0","0","0","1","1","0","19","16","3","-2"
"196060","SUNY at Albany","2014","On-tenure track, professors","2","2","0","0","0","0","0","0","0","0","0","0","0","0","0","0","0","0","2","2","0","0","0","0","0","0","0","0","0","0","-2"
"196060","SUNY at Albany","2014","On-tenure track, associate professors","4","3","1","0","0","0","1","0","1","0","0","0","0","0","0","0","0","0","3","3","0","0","0","0","0","0","0","0","0","0","-2"
"196060","SUNY at Albany","2014","On-tenure track, assistant professors","131","74","57","2","0","2","31","22","9","6","3","3","6","1","5","1","0","1","65","31","34","0","0","0","1","1","0","19","16","3","-2"
"196060","SUNY at Albany","2014","Not on tenure track/No tenure system system total","91","40","51","0","0","0","6","2","4","4","2","2","5","0","5","1","1","0","72","34","38","0","0","0","0","0","0","3","1","2","-2"
"196060","SUNY at Albany","2014","Not on tenure/no tenure system, professors","3","2","1","0","0","0","0","0","0","1","1","0","0","0","0","0","0","0","2","1","1","0","0","0","0","0","0","0","0","0","-2"
"196060","SUNY at Albany","2014","Not on tenure/no tenure system, associate professors","2","1","1","0","0","0","2","1","1","0","0","0","0","0","0","0","0","0","0","0","0","0","0","0","0","0","0","0","0","0","-2"
"196060","SUNY at Albany","2014","Not on tenure/no tenure system, assistant professors","27","15","12","0","0","0","2","1","1","1","1","0","4","0","4","0","0","0","18","12","6","0","0","0","0","0","0","2","1","1","-2"
"196060","SUNY at Albany","2014","Not on tenure/no tenure system, lecturers","59","22","37","0","0","0","2","0","2","2","0","2","1","0","1","1","1","0","52","21","31","0","0","0","0","0","0","1","0","1","-2"
"196097","Stony Brook University","2014","Tenured total","669","486","183","1","1","0","78","57","21","20","14","6","25","19","6","0","0","0","538","388","150","0","0","0","0","0","0","7","7","0","-2"
"196097","Stony Brook University","2014","Tenured, professors","431","334","97","0","0","0","49","38","11","9","7","2","11","9","2","0","0","0","361","279","82","0","0","0","0","0","0","1","1","0","-2"
"196097","Stony Brook University","2014","Tenured, associate professors","235","151","84","1","1","0","29","19","10","11","7","4","14","10","4","0","0","0","174","108","66","0","0","0","0","0","0","6","6","0","-2"
"196097","Stony Brook University","2014","Tenured, assistant professors","3","1","2","0","0","0","0","0","0","0","0","0","0","0","0","0","0","0","3","1","2","0","0","0","0","0","0","0","0","0","-2"
"196097","Stony Brook University","2014","On-Tenure track total","269","174","95","0","0","0","47","29","18","8","2","6","11","6","5","0","0","0","144","94","50","0","0","0","0","0","0","59","43","16","-2"
"196097","Stony Brook University","2014","On-tenure track, professors","11","8","3","0","0","0","3","3","0","0","0","0","0","0","0","0","0","0","8","5","3","0","0","0","0","0","0","0","0","0","-2"
"196097","Stony Brook University","2014","On-tenure track, associate professors","13","7","6","0","0","0","4","2","2","1","0","1","0","0","0","0","0","0","6","4","2","0","0","0","0","0","0","2","1","1","-2"
"196097","Stony Brook University","2014","On-tenure track, assistant professors","245","159","86","0","0","0","40","24","16","7","2","5","11","6","5","0","0","0","130","85","45","0","0","0","0","0","0","57","42","15","-2"
"196097","Stony Brook University","2014","Not on tenure track/No tenure system system total","595","275","320","1","1","0","82","33","49","26","11","15","11","2","9","0","0","0","444","210","234","0","0","0","0","0","0","31","18","13","-2"
"196097","Stony Brook University","2014","Not on tenure/no tenure system, professors","45","31","14","0","0","0","7","4","3","0","0","0","1","1","0","0","0","0","35","24","11","0","0","0","0","0","0","2","2","0","-2"
"196097","Stony Brook University","2014","Not on tenure/no tenure system, associate professors","132","67","65","0","0","0","20","11","9","4","2","2","2","0","2","0","0","0","104","53","51","0","0","0","0","0","0","2","1","1","-2"
"196097","Stony Brook University","2014","Not on tenure/no tenure system, assistant professors","256","110","146","0","0","0","39","15","24","17","6","11","6","1","5","0","0","0","179","82","97","0","0","0","0","0","0","15","6","9","-2"
"196097","Stony Brook University","2014","Not on tenure/no tenure system, instructors","35","11","24","0","0","0","2","1","1","1","1","0","0","0","0","0","0","0","31","8","23","0","0","0","0","0","0","1","1","0","-2"
"196097","Stony Brook University","2014","Not on tenure/no tenure system, lecturers","127","56","71","1","1","0","14","2","12","4","2","2","2","0","2","0","0","0","95","43","52","0","0","0","0","0","0","11","8","3","-2"
"196121","SUNY College at Brockport","2014","Tenured total","188","100","88","1","0","1","20","17","3","7","6","1","6","3","3","1","1","0","153","73","80","0","0","0","0","0","0","0","0","0","-2"
"196121","SUNY College at Brockport","2014","Tenured, professors","56","38","18","1","0","1","8","8","0","2","2","0","3","2","1","0","0","0","42","26","16","0","0","0","0","0","0","0","0","0","-2"
"196121","SUNY College at Brockport","2014","Tenured, associate professors","128","62","66","0","0","0","12","9","3","5","4","1","2","1","1","1","1","0","108","47","61","0","0","0","0","0","0","0","0","0","-2"
"196121","SUNY College at Brockport","2014","Tenured, assistant professors","4","0","4","0","0","0","0","0","0","0","0","0","1","0","1","0","0","0","3","0","3","0","0","0","0","0","0","0","0","0","-2"
"196121","SUNY College at Brockport","2014","On-Tenure track total","98","45","53","0","0","0","12","8","4","2","0","2","3","2","1","0","0","0","71","31","40","1","1","0","0","0","0","9","3","6","-2"
"196121","SUNY College at Brockport","2014","On-tenure track, associate professors","12","5","7","0","0","0","2","1","1","0","0","0","0","0","0","0","0","0","9","3","6","1","1","0","0","0","0","0","0","0","-2"
"196121","SUNY College at Brockport","2014","On-tenure track, assistant professors","83","39","44","0","0","0","10","7","3","2","0","2","3","2","1","0","0","0","59","27","32","0","0","0","0","0","0","9","3","6","-2"
"196121","SUNY College at Brockport","2014","On-tenure track, instructors","3","1","2","0","0","0","0","0","0","0","0","0","0","0","0","0","0","0","3","1","2","0","0","0","0","0","0","0","0","0","-2"
"196121","SUNY College at Brockport","2014","Not on tenure track/No tenure system system total","43","11","32","0","0","0","1","0","1","2","2","0","1","0","1","0","0","0","37","9","28","0","0","0","0","0","0","2","0","2","-2"
"196121","SUNY College at Brockport","2014","Not on tenure/no tenure system, associate professors","1","0","1","0","0","0","0","0","0","0","0","0","0","0","0","0","0","0","1","0","1","0","0","0","0","0","0","0","0","0","-2"
"196121","SUNY College at Brockport","2014","Not on tenure/no tenure system, assistant professors","25","7","18","0","0","0","0","0","0","1","1","0","1","0","1","0","0","0","22","6","16","0","0","0","0","0","0","1","0","1","-2"
"196121","SUNY College at Brockport","2014","Not on tenure/no tenure system, instructors","1","0","1","0","0","0","0","0","0","0","0","0","0","0","0","0","0","0","1","0","1","0","0","0","0","0","0","0","0","0","-2"
"196121","SUNY College at Brockport","2014","Not on tenure/no tenure system, lecturers","16","4","12","0","0","0","1","0","1","1","1","0","0","0","0","0","0","0","13","3","10","0","0","0","0","0","0","1","0","1","-2"
"196130","SUNY Buffalo State","2014","Tenured total","264","156","108","2","1","1","19","12","7","14","7","7","12","6","6","0","0","0","211","127","84","0","0","0","0","0","0","6","3","3","-2"
"196130","SUNY Buffalo State","2014","Tenured, professors","96","68","28","1","0","1","7","6","1","7","3","4","1","1","0","0","0","0","79","57","22","0","0","0","0","0","0","1","1","0","-2"
"196130","SUNY Buffalo State","2014","Tenured, associate professors","165","87","78","1","1","0","11","6","5","6","4","2","11","5","6","0","0","0","131","69","62","0","0","0","0","0","0","5","2","3","-2"
"196130","SUNY Buffalo State","2014","Tenured, assistant professors","3","1","2","0","0","0","1","0","1","1","0","1","0","0","0","0","0","0","1","1","0","0","0","0","0","0","0","0","0","0","-2"
"196130","SUNY Buffalo State","2014","On-Tenure track total","76","28","48","0","0","0","12","4","8","4","3","1","5","1","4","0","0","0","49","18","31","0","0","0","0","0","0","6","2","4","-2"
"196130","SUNY Buffalo State","2014","On-tenure track, associate professors","20","6","14","0","0","0","5","1","4","1","1","0","1","0","1","0","0","0","13","4","9","0","0","0","0","0","0","0","0","0","-2"
"196130","SUNY Buffalo State","2014","On-tenure track, assistant professors","56","22","34","0","0","0","7","3","4","3","2","1","4","1","3","0","0","0","36","14","22","0","0","0","0","0","0","6","2","4","-2"
"196130","SUNY Buffalo State","2014","Not on tenure track/No tenure system system total","46","20","26","0","0","0","3","1","2","1","1","0","0","0","0","0","0","0","40","18","22","0","0","0","0","0","0","2","0","2","-2"
"196130","SUNY Buffalo State","2014","Not on tenure/no tenure system, professors","1","1","0","0","0","0","0","0","0","0","0","0","0","0","0","0","0","0","1","1","0","0","0","0","0","0","0","0","0","0","-2"
"196130","SUNY Buffalo State","2014","Not on tenure/no tenure system, associate professors","2","1","1","0","0","0","0","0","0","0","0","0","0","0","0","0","0","0","2","1","1","0","0","0","0","0","0","0","0","0","-2"
"196130","SUNY Buffalo State","2014","Not on tenure/no tenure system, assistant professors","1","1","0","0","0","0","0","0","0","0","0","0","0","0","0","0","0","0","1","1","0","0","0","0","0","0","0","0","0","0","-2"
"196130","SUNY Buffalo State","2014","Not on tenure/no tenure system, lecturers","42","17","25","0","0","0","3","1","2","1","1","0","0","0","0","0","0","0","36","15","21","0","0","0","0","0","0","2","0","2","-2"
"196185","SUNY Oneonta","2014","Tenured total","147","89","58","0","0","0","17","9","8","5","1","4","3","2","1","0","0","0","122","77","45","0","0","0","0","0","0","0","0","0","-2"
"196185","SUNY Oneonta","2014","Tenured, professors","46","31","15","0","0","0","5","5","0","3","1","2","2","1","1","0","0","0","36","24","12","0","0","0","0","0","0","0","0","0","-2"
"196185","SUNY Oneonta","2014","Tenured, associate professors","87","51","36","0","0","0","12","4","8","2","0","2","1","1","0","0","0","0","72","46","26","0","0","0","0","0","0","0","0","0","-2"
"196185","SUNY Oneonta","2014","Tenured, assistant professors","14","7","7","0","0","0","0","0","0","0","0","0","0","0","0","0","0","0","14","7","7","0","0","0","0","0","0","0","0","0","-2"
"196185","SUNY Oneonta","2014","On-Tenure track total","76","37","39","0","0","0","5","3","2","6","2","4","3","1","2","0","0","0","53","28","25","0","0","0","0","0","0","9","3","6","-2"
"196185","SUNY Oneonta","2014","On-tenure track, associate professors","13","8","5","0","0","0","0","0","0","0","0","0","0","0","0","0","0","0","13","8","5","0","0","0","0","0","0","0","0","0","-2"
"196185","SUNY Oneonta","2014","On-tenure track, assistant professors","63","29","34","0","0","0","5","3","2","6","2","4","3","1","2","0","0","0","40","20","20","0","0","0","0","0","0","9","3","6","-2"
"196185","SUNY Oneonta","2014","Not on tenure track/No tenure system system total","48","20","28","0","0","0","0","0","0","2","1","1","0","0","0","0","0","0","39","18","21","0","0","0","0","0","0","7","1","6","-2"
"196185","SUNY Oneonta","2014","Not on tenure/no tenure system, professors","1","1","0","0","0","0","0","0","0","0","0","0","0","0","0","0","0","0","1","1","0","0","0","0","0","0","0","0","0","0","-2"
"196185","SUNY Oneonta","2014","Not on tenure/no tenure system, assistant professors","2","1","1","0","0","0","0","0","0","0","0","0","0","0","0","0","0","0","1","1","0","0","0","0","0","0","0","1","0","1","-2"
"196185","SUNY Oneonta","2014","Not on tenure/no tenure system, lecturers","45","18","27","0","0","0","0","0","0","2","1","1","0","0","0","0","0","0","37","16","21","0","0","0","0","0","0","6","1","5","-2"
"196194","SUNY College at Oswego","2014","Tenured total","178","110","68","0","0","0","17","14","3","9","3","6","5","4","1","0","0","0","145","89","56","2","0","2","0","0","0","0","0","0","-2"
"196194","SUNY College at Oswego","2014","Tenured, professors","79","53","26","0","0","0","9","8","1","5","2","3","2","1","1","0","0","0","62","42","20","1","0","1","0","0","0","0","0","0","-2"
"196194","SUNY College at Oswego","2014","Tenured, associate professors","83","43","40","0","0","0","7","5","2","4","1","3","3","3","0","0","0","0","68","34","34","1","0","1","0","0","0","0","0","0","-2"
"196194","SUNY College at Oswego","2014","Tenured, assistant professors","16","14","2","0","0","0","1","1","0","0","0","0","0","0","0","0","0","0","15","13","2","0","0","0","0","0","0","0","0","0","-2"
"196194","SUNY College at Oswego","2014","On-Tenure track total","100","41","59","1","1","0","6","2","4","5","2","3","3","1","2","0","0","0","70","29","41","0","0","0","0","0","0","15","6","9","-2"
"196194","SUNY College at Oswego","2014","On-tenure track, professors","1","0","1","0","0","0","0","0","0","0","0","0","0","0","0","0","0","0","1","0","1","0","0","0","0","0","0","0","0","0","-2"
"196194","SUNY College at Oswego","2014","On-tenure track, associate professors","10","4","6","0","0","0","0","0","0","1","1","0","0","0","0","0","0","0","8","2","6","0","0","0","0","0","0","1","1","0","-2"
"196194","SUNY College at Oswego","2014","On-tenure track, assistant professors","88","37","51","1","1","0","5","2","3","4","1","3","3","1","2","0","0","0","61","27","34","0","0","0","0","0","0","14","5","9","-2"
"196194","SUNY College at Oswego","2014","On-tenure track, instructors","1","0","1","0","0","0","1","0","1","0","0","0","0","0","0","0","0","0","0","0","0","0","0","0","0","0","0","0","0","0","-2"
"196194","SUNY College at Oswego","2014","Not on tenure track/No tenure system system total","63","29","34","0","0","0","1","0","1","0","0","0","2","1","1","0","0","0","57","27","30","0","0","0","0","0","0","3","1","2","-2"
"196194","SUNY College at Oswego","2014","Not on tenure/no tenure system, assistant professors","49","21","28","0","0","0","1","0","1","0","0","0","2","1","1","0","0","0","43","19","24","0","0","0","0","0","0","3","1","2","-2"
"196194","SUNY College at Oswego","2014","Not on tenure/no tenure system, instructors","8","3","5","0","0","0","0","0","0","0","0","0","0","0","0","0","0","0","8","3","5","0","0","0","0","0","0","0","0","0","-2"
"196194","SUNY College at Oswego","2014","Not on tenure/no tenure system, lecturers","6","5","1","0","0","0","0","0","0","0","0","0","0","0","0","0","0","0","6","5","1","0","0","0","0","0","0","0","0","0","-2"
"196291","SUNY Maritime College","2014","Tenured total","36","29","7","0","0","0","0","0","0","0","0","0","0","0","0","0","0","0","36","29","7","0","0","0","0","0","0","0","0","0","-2"
"196291","SUNY Maritime College","2014","Tenured, professors","22","17","5","0","0","0","0","0","0","0","0","0","0","0","0","0","0","0","22","17","5","0","0","0","0","0","0","0","0","0","-2"
"196291","SUNY Maritime College","2014","Tenured, associate professors","11","9","2","0","0","0","0","0","0","0","0","0","0","0","0","0","0","0","11","9","2","0","0","0","0","0","0","0","0","0","-2"
"196291","SUNY Maritime College","2014","Tenured, assistant professors","3","3","0","0","0","0","0","0","0","0","0","0","0","0","0","0","0","0","3","3","0","0","0","0","0","0","0","0","0","0","-2"
"196291","SUNY Maritime College","2014","On-Tenure track total","21","10","11","0","0","0","3","2","1","2","0","2","0","0","0","0","0","0","16","8","8","0","0","0","0","0","0","0","0","0","-2"
"196291","SUNY Maritime College","2014","On-tenure track, associate professors","3","2","1","0","0","0","1","1","0","0","0","0","0","0","0","0","0","0","2","1","1","0","0","0","0","0","0","0","0","0","-2"
"196291","SUNY Maritime College","2014","On-tenure track, assistant professors","18","8","10","0","0","0","2","1","1","2","0","2","0","0","0","0","0","0","14","7","7","0","0","0","0","0","0","0","0","0","-2"
"196291","SUNY Maritime College","2014","Not on tenure track/No tenure system system total","32","29","3","0","0","0","2","2","0","1","1","0","1","1","0","0","0","0","28","25","3","0","0","0","0","0","0","0","0","0","-2"
"196291","SUNY Maritime College","2014","Not on tenure/no tenure system, professors","1","1","0","0","0","0","1","1","0","0","0","0","0","0","0","0","0","0","0","0","0","0","0","0","0","0","0","0","0","0","-2"
"196291","SUNY Maritime College","2014","Not on tenure/no tenure system, instructors","7","7","0","0","0","0","0","0","0","0","0","0","1","1","0","0","0","0","6","6","0","0","0","0","0","0","0","0","0","0","-2"
"196291","SUNY Maritime College","2014","Not on tenure/no tenure system, lecturers","24","21","3","0","0","0","1","1","0","1","1","0","0","0","0","0","0","0","22","19","3","0","0","0","0","0","0","0","0","0","-2"
"197869","Appalachian State University","2014","Tenured total","492","286","206","2","0","2","8","6","2","11","9","2","5","1","4","0","0","0","442","254","188","3","3","0","6","5","1","15","8","7","-2"
"197869","Appalachian State University","2014","Tenured, professors","282","181","101","0","0","0","5","5","0","4","3","1","3","0","3","0","0","0","260","165","95","1","1","0","5","4","1","4","3","1","-2"
"197869","Appalachian State University","2014","Tenured, associate professors","210","105","105","2","0","2","3","1","2","7","6","1","2","1","1","0","0","0","182","89","93","2","2","0","1","1","0","11","5","6","-2"
"197869","Appalachian State University","2014","On-Tenure track total","204","88","116","0","0","0","7","5","2","5","2","3","2","1","1","0","0","0","172","75","97","3","0","3","1","0","1","14","5","9","-2"
"197869","Appalachian State University","2014","On-tenure track, associate professors","10","4","6","0","0","0","0","0","0","1","0","1","0","0","0","0","0","0","9","4","5","0","0","0","0","0","0","0","0","0","-2"
"197869","Appalachian State University","2014","On-tenure track, assistant professors","194","84","110","0","0","0","7","5","2","4","2","2","2","1","1","0","0","0","163","71","92","3","0","3","1","0","1","14","5","9","-2"
"197869","Appalachian State University","2014","Not on tenure track/No tenure system system total","224","107","117","0","0","0","3","0","3","3","3","0","2","0","2","0","0","0","207","99","108","1","0","1","1","0","1","7","5","2","-2"
"197869","Appalachian State University","2014","Not on tenure/no tenure system, assistant professors","2","2","0","0","0","0","0","0","0","0","0","0","0","0","0","0","0","0","2","2","0","0","0","0","0","0","0","0","0","0","-2"
"197869","Appalachian State University","2014","Not on tenure/no tenure system, instructors","4","4","0","0","0","0","0","0","0","2","2","0","0","0","0","0","0","0","2","2","0","0","0","0","0","0","0","0","0","0","-2"
"197869","Appalachian State University","2014","Not on tenure/no tenure system, lecturers","146","65","81","0","0","0","3","0","3","0","0","0","1","0","1","0","0","0","135","61","74","1","0","1","1","0","1","5","4","1","-2"
"197869","Appalachian State University","2014","Not on tenure/no tenure system, no academic rank","72","36","36","0","0","0","0","0","0","1","1","0","1","0","1","0","0","0","68","34","34","0","0","0","0","0","0","2","1","1","-2"
"199102","North Carolina A & T State University","2014","Tenured total","263","168","95","0","0","0","39","32","7","139","78","61","3","2","1","0","0","0","76","52","24","1","0","1","0","0","0","5","4","1","-2"
"199102","North Carolina A & T State University","2014","Tenured, professors","101","74","27","0","0","0","20","18","2","42","28","14","1","1","0","0","0","0","34","24","10","0","0","0","0","0","0","4","3","1","-2"
"199102","North Carolina A & T State University","2014","Tenured, associate professors","158","91","67","0","0","0","18","13","5","94","48","46","2","1","1","0","0","0","42","28","14","1","0","1","0","0","0","1","1","0","-2"
"199102","North Carolina A & T State University","2014","Tenured, assistant professors","4","3","1","0","0","0","1","1","0","3","2","1","0","0","0","0","0","0","0","0","0","0","0","0","0","0","0","0","0","0","-2"
"199102","North Carolina A & T State University","2014","On-Tenure track total","98","53","45","0","0","0","18","15","3","46","16","30","1","1","0","0","0","0","26","16","10","0","0","0","0","0","0","7","5","2","-2"
"199102","North Carolina A & T State University","2014","On-tenure track, professors","1","1","0","0","0","0","0","0","0","1","1","0","0","0","0","0","0","0","0","0","0","0","0","0","0","0","0","0","0","0","-2"
"199102","North Carolina A & T State University","2014","On-tenure track, associate professors","16","9","7","0","0","0","0","0","0","12","6","6","0","0","0","0","0","0","4","3","1","0","0","0","0","0","0","0","0","0","-2"
"199102","North Carolina A & T State University","2014","On-tenure track, assistant professors","78","42","36","0","0","0","18","15","3","31","9","22","0","0","0","0","0","0","22","13","9","0","0","0","0","0","0","7","5","2","-2"
"199102","North Carolina A & T State University","2014","On-tenure track, no academic rank","3","1","2","0","0","0","0","0","0","2","0","2","1","1","0","0","0","0","0","0","0","0","0","0","0","0","0","0","0","0","-2"
"199102","North Carolina A & T State University","2014","Not on tenure track/No tenure system system total","78","28","50","1","0","1","1","0","1","55","18","37","1","0","1","0","0","0","16","8","8","0","0","0","2","1","1","2","1","1","-2"
"199102","North Carolina A & T State University","2014","Not on tenure/no tenure system, professors","1","1","0","0","0","0","0","0","0","0","0","0","0","0","0","0","0","0","1","1","0","0","0","0","0","0","0","0","0","0","-2"
"199102","North Carolina A & T State University","2014","Not on tenure/no tenure system, assistant professors","3","1","2","0","0","0","0","0","0","2","0","2","0","0","0","0","0","0","0","0","0","0","0","0","0","0","0","1","1","0","-2"
"199102","North Carolina A & T State University","2014","Not on tenure/no tenure system, instructors","2","1","1","0","0","0","0","0","0","1","0","1","0","0","0","0","0","0","1","1","0","0","0","0","0","0","0","0","0","0","-2"
"199102","North Carolina A & T State University","2014","Not on tenure/no tenure system, lecturers","26","8","18","1","0","1","1","0","1","18","7","11","1","0","1","0","0","0","3","1","2","0","0","0","1","0","1","1","0","1","-2"
"199102","North Carolina A & T State University","2014","Not on tenure/no tenure system, no academic rank","46","17","29","0","0","0","0","0","0","34","11","23","0","0","0","0","0","0","11","5","6","0","0","0","1","1","0","0","0","0","-2"
"199111","University of North Carolina at Asheville","2014","Tenured total","120","72","48","1","1","0","9","4","5","6","4","2","4","1","3","0","0","0","100","62","38","0","0","0","0","0","0","0","0","0","-2"
"199111","University of North Carolina at Asheville","2014","Tenured, professors","59","40","19","1","1","0","1","1","0","2","1","1","1","1","0","0","0","0","54","36","18","0","0","0","0","0","0","0","0","0","-2"
"199111","University of North Carolina at Asheville","2014","Tenured, associate professors","60","31","29","0","0","0","8","3","5","3","2","1","3","0","3","0","0","0","46","26","20","0","0","0","0","0","0","0","0","0","-2"
"199111","University of North Carolina at Asheville","2014","Tenured, assistant professors","1","1","0","0","0","0","0","0","0","1","1","0","0","0","0","0","0","0","0","0","0","0","0","0","0","0","0","0","0","0","-2"
"199111","University of North Carolina at Asheville","2014","On-Tenure track total","44","20","24","1","1","0","1","0","1","6","3","3","0","0","0","1","0","1","30","14","16","1","0","1","0","0","0","4","2","2","-2"
"199111","University of North Carolina at Asheville","2014","On-tenure track, associate professors","4","0","4","0","0","0","0","0","0","2","0","2","0","0","0","0","0","0","2","0","2","0","0","0","0","0","0","0","0","0","-2"
"199111","University of North Carolina at Asheville","2014","On-tenure track, assistant professors","40","20","20","1","1","0","1","0","1","4","3","1","0","0","0","1","0","1","28","14","14","1","0","1","0","0","0","4","2","2","-2"
"199111","University of North Carolina at Asheville","2014","Not on tenure track/No tenure system system total","52","28","24","0","0","0","0","0","0","1","1","0","1","1","0","0","0","0","47","24","23","0","0","0","2","2","0","1","0","1","-2"
"199111","University of North Carolina at Asheville","2014","Not on tenure/no tenure system, assistant professors","4","3","1","0","0","0","0","0","0","0","0","0","0","0","0","0","0","0","4","3","1","0","0","0","0","0","0","0","0","0","-2"
"199111","University of North Carolina at Asheville","2014","Not on tenure/no tenure system, lecturers","43","22","21","0","0","0","0","0","0","1","1","0","1","1","0","0","0","0","38","18","20","0","0","0","2","2","0","1","0","1","-2"
"199111","University of North Carolina at Asheville","2014","Not on tenure/no tenure system, no academic rank","5","3","2","0","0","0","0","0","0","0","0","0","0","0","0","0","0","0","5","3","2","0","0","0","0","0","0","0","0","0","-2"
"199120","University of North Carolina at Chapel Hill","2014","Tenured total","970","633","337","3","1","2","79","56","23","49","22","27","36","22","14","0","0","0","798","528","270","3","3","0","0","0","0","2","1","1","-2"
"199120","University of North Carolina at Chapel Hill","2014","Tenured, professors","600","424","176","1","1","0","42","36","6","16","10","6","14","8","6","0","0","0","524","366","158","2","2","0","0","0","0","1","1","0","-2"
"199120","University of North Carolina at Chapel Hill","2014","Tenured, associate professors","370","209","161","2","0","2","37","20","17","33","12","21","22","14","8","0","0","0","274","162","112","1","1","0","0","0","0","1","0","1","-2"
"199120","University of North Carolina at Chapel Hill","2014","On-Tenure track total","356","195","161","5","2","3","36","18","18","35","13","22","25","10","15","1","0","1","212","122","90","1","0","1","0","0","0","41","30","11","-2"
"199120","University of North Carolina at Chapel Hill","2014","On-tenure track, associate professors","23","13","10","0","0","0","0","0","0","2","2","0","2","1","1","0","0","0","19","10","9","0","0","0","0","0","0","0","0","0","-2"
"199120","University of North Carolina at Chapel Hill","2014","On-tenure track, assistant professors","327","179","148","5","2","3","35","18","17","32","11","21","23","9","14","1","0","1","190","110","80","1","0","1","0","0","0","40","29","11","-2"
"199120","University of North Carolina at Chapel Hill","2014","On-tenure track, instructors","5","3","2","0","0","0","0","0","0","1","0","1","0","0","0","0","0","0","3","2","1","0","0","0","0","0","0","1","1","0","-2"
"199120","University of North Carolina at Chapel Hill","2014","On-tenure track, no academic rank","1","0","1","0","0","0","1","0","1","0","0","0","0","0","0","0","0","0","0","0","0","0","0","0","0","0","0","0","0","0","-2"
"199120","University of North Carolina at Chapel Hill","2014","Not on tenure track/No tenure system system total","619","235","384","4","1","3","40","12","28","33","12","21","37","19","18","0","0","0","478","181","297","1","0","1","0","0","0","26","10","16","-2"
"199120","University of North Carolina at Chapel Hill","2014","Not on tenure/no tenure system, professors","15","11","4","0","0","0","2","2","0","0","0","0","0","0","0","0","0","0","13","9","4","0","0","0","0","0","0","0","0","0","-2"
"199120","University of North Carolina at Chapel Hill","2014","Not on tenure/no tenure system, associate professors","25","13","12","0","0","0","3","1","2","1","1","0","1","0","1","0","0","0","20","11","9","0","0","0","0","0","0","0","0","0","-2"
"199120","University of North Carolina at Chapel Hill","2014","Not on tenure/no tenure system, assistant professors","46","18","28","0","0","0","7","1","6","2","1","1","4","1","3","0","0","0","30","14","16","0","0","0","0","0","0","3","1","2","-2"
"199120","University of North Carolina at Chapel Hill","2014","Not on tenure/no tenure system, instructors","7","3","4","0","0","0","2","1","1","0","0","0","0","0","0","0","0","0","3","1","2","0","0","0","0","0","0","2","1","1","-2"
"199120","University of North Carolina at Chapel Hill","2014","Not on tenure/no tenure system, lecturers","188","78","110","0","0","0","13","4","9","8","4","4","14","6","8","0","0","0","135","59","76","0","0","0","0","0","0","18","5","13","-2"
"199120","University of North Carolina at Chapel Hill","2014","Not on tenure/no tenure system, no academic rank","338","112","226","4","1","3","13","3","10","22","6","16","18","12","6","0","0","0","277","87","190","1","0","1","0","0","0","3","3","0","-2"
"199139","University of North Carolina at Charlotte","2014","Tenured total","529","344","185","0","0","0","67","55","12","24","11","13","16","9","7","0","0","0","391","254","137","0","0","0","7","5","2","24","10","14","-2"
"199139","University of North Carolina at Charlotte","2014","Tenured, professors","209","160","49","0","0","0","24","22","2","2","2","0","5","2","3","0","0","0","168","128","40","0","0","0","6","4","2","4","2","2","-2"
"199139","University of North Carolina at Charlotte","2014","Tenured, associate professors","318","183","135","0","0","0","43","33","10","22","9","13","11","7","4","0","0","0","221","125","96","0","0","0","1","1","0","20","8","12","-2"
"199139","University of North Carolina at Charlotte","2014","Tenured, assistant professors","2","1","1","0","0","0","0","0","0","0","0","0","0","0","0","0","0","0","2","1","1","0","0","0","0","0","0","0","0","0","-2"
"199139","University of North Carolina at Charlotte","2014","On-Tenure track total","179","92","87","0","0","0","16","8","8","19","9","10","4","3","1","0","0","0","76","38","38","0","0","0","36","15","21","28","19","9","-2"
"199139","University of North Carolina at Charlotte","2014","On-tenure track, associate professors","9","7","2","0","0","0","3","2","1","0","0","0","0","0","0","0","0","0","2","2","0","0","0","0","4","3","1","0","0","0","-2"
"199139","University of North Carolina at Charlotte","2014","On-tenure track, assistant professors","170","85","85","0","0","0","13","6","7","19","9","10","4","3","1","0","0","0","74","36","38","0","0","0","32","12","20","28","19","9","-2"
"199139","University of North Carolina at Charlotte","2014","Not on tenure track/No tenure system system total","313","117","196","0","0","0","12","3","9","21","5","16","9","3","6","0","0","0","223","81","142","0","0","0","26","12","14","22","13","9","-2"
"199139","University of North Carolina at Charlotte","2014","Not on tenure/no tenure system, associate professors","1","1","0","0","0","0","0","0","0","0","0","0","0","0","0","0","0","0","1","1","0","0","0","0","0","0","0","0","0","0","-2"
"199139","University of North Carolina at Charlotte","2014","Not on tenure/no tenure system, assistant professors","5","1","4","0","0","0","1","0","1","0","0","0","1","0","1","0","0","0","1","0","1","0","0","0","2","1","1","0","0","0","-2"
"199139","University of North Carolina at Charlotte","2014","Not on tenure/no tenure system, lecturers","240","89","151","0","0","0","8","2","6","15","4","11","6","3","3","0","0","0","188","69","119","0","0","0","16","8","8","7","3","4","-2"
"199139","University of North Carolina at Charlotte","2014","Not on tenure/no tenure system, no academic rank","67","26","41","0","0","0","3","1","2","6","1","5","2","0","2","0","0","0","33","11","22","0","0","0","8","3","5","15","10","5","-2"
"199157","North Carolina Central University","2014","Tenured total","165","94","71","0","0","0","17","10","7","95","49","46","3","2","1","0","0","0","43","26","17","0","0","0","5","5","0","2","2","0","-2"
"199157","North Carolina Central University","2014","Tenured, professors","50","31","19","0","0","0","6","4","2","30","17","13","0","0","0","0","0","0","14","10","4","0","0","0","0","0","0","0","0","0","-2"
"199157","North Carolina Central University","2014","Tenured, associate professors","99","55","44","0","0","0","11","6","5","53","28","25","3","2","1","0","0","0","25","12","13","0","0","0","5","5","0","2","2","0","-2"
"199157","North Carolina Central University","2014","Tenured, assistant professors","16","8","8","0","0","0","0","0","0","12","4","8","0","0","0","0","0","0","4","4","0","0","0","0","0","0","0","0","0","0","-2"
"199157","North Carolina Central University","2014","On-Tenure track total","108","49","59","0","0","0","8","6","2","48","14","34","0","0","0","0","0","0","33","16","17","0","0","0","9","4","5","10","9","1","-2"
"199157","North Carolina Central University","2014","On-tenure track, professors","1","1","0","0","0","0","1","1","0","0","0","0","0","0","0","0","0","0","0","0","0","0","0","0","0","0","0","0","0","0","-2"
"199157","North Carolina Central University","2014","On-tenure track, associate professors","12","7","5","0","0","0","2","2","0","5","2","3","0","0","0","0","0","0","3","2","1","0","0","0","1","0","1","1","1","0","-2"
"199157","North Carolina Central University","2014","On-tenure track, assistant professors","86","36","50","0","0","0","5","3","2","38","10","28","0","0","0","0","0","0","26","11","15","0","0","0","8","4","4","9","8","1","-2"
"199157","North Carolina Central University","2014","On-tenure track, no academic rank","9","5","4","0","0","0","0","0","0","5","2","3","0","0","0","0","0","0","4","3","1","0","0","0","0","0","0","0","0","0","-2"
"199157","North Carolina Central University","2014","Not on tenure track/No tenure system system total","108","43","65","0","0","0","5","2","3","65","23","42","2","1","1","0","0","0","31","14","17","0","0","0","3","1","2","2","2","0","-2"
"199157","North Carolina Central University","2014","Not on tenure/no tenure system, professors","2","1","1","0","0","0","0","0","0","1","1","0","0","0","0","0","0","0","1","0","1","0","0","0","0","0","0","0","0","0","-2"
"199157","North Carolina Central University","2014","Not on tenure/no tenure system, associate professors","1","1","0","0","0","0","0","0","0","0","0","0","0","0","0","0","0","0","1","1","0","0","0","0","0","0","0","0","0","0","-2"
"199157","North Carolina Central University","2014","Not on tenure/no tenure system, assistant professors","5","3","2","0","0","0","0","0","0","1","1","0","0","0","0","0","0","0","3","1","2","0","0","0","0","0","0","1","1","0","-2"
"199157","North Carolina Central University","2014","Not on tenure/no tenure system, instructors","7","3","4","0","0","0","1","1","0","4","1","3","0","0","0","0","0","0","1","0","1","0","0","0","0","0","0","1","1","0","-2"
"199157","North Carolina Central University","2014","Not on tenure/no tenure system, lecturers","21","7","14","0","0","0","0","0","0","14","4","10","1","1","0","0","0","0","4","2","2","0","0","0","2","0","2","0","0","0","-2"
"199157","North Carolina Central University","2014","Not on tenure/no tenure system, no academic rank","72","28","44","0","0","0","4","1","3","45","16","29","1","0","1","0","0","0","21","10","11","0","0","0","1","1","0","0","0","0","-2"
"199193","North Carolina State University at Raleigh","2014","Tenured total","1056","788","268","1","0","1","116","98","18","43","24","19","30","15","15","1","1","0","838","631","207","9","6","3","11","7","4","7","6","1","-2"
"199193","North Carolina State University at Raleigh","2014","Tenured, professors","641","521","120","0","0","0","67","59","8","12","8","4","17","8","9","0","0","0","528","431","97","7","5","2","6","6","0","4","4","0","-2"
"199193","North Carolina State University at Raleigh","2014","Tenured, associate professors","413","266","147","1","0","1","49","39","10","31","16","15","13","7","6","1","1","0","308","199","109","2","1","1","5","1","4","3","2","1","-2"
"199193","North Carolina State University at Raleigh","2014","Tenured, assistant professors","2","1","1","0","0","0","0","0","0","0","0","0","0","0","0","0","0","0","2","1","1","0","0","0","0","0","0","0","0","0","-2"
"199193","North Carolina State University at Raleigh","2014","On-Tenure track total","278","165","113","1","1","0","28","19","9","10","5","5","9","3","6","1","1","0","162","100","62","5","2","3","39","17","22","23","17","6","-2"
"199193","North Carolina State University at Raleigh","2014","On-tenure track, associate professors","32","19","13","0","0","0","6","4","2","1","0","1","1","0","1","0","0","0","18","12","6","0","0","0","5","2","3","1","1","0","-2"
"199193","North Carolina State University at Raleigh","2014","On-tenure track, assistant professors","246","146","100","1","1","0","22","15","7","9","5","4","8","3","5","1","1","0","144","88","56","5","2","3","34","15","19","22","16","6","-2"
"199193","North Carolina State University at Raleigh","2014","Not on tenure track/No tenure system system total","340","150","190","0","0","0","14","4","10","12","4","8","12","6","6","0","0","0","271","121","150","2","1","1","26","12","14","3","2","1","-2"
"199193","North Carolina State University at Raleigh","2014","Not on tenure/no tenure system, instructors","1","0","1","0","0","0","0","0","0","0","0","0","0","0","0","0","0","0","1","0","1","0","0","0","0","0","0","0","0","0","-2"
"199193","North Carolina State University at Raleigh","2014","Not on tenure/no tenure system, lecturers","179","77","102","0","0","0","6","2","4","5","2","3","5","3","2","0","0","0","146","64","82","1","0","1","15","6","9","1","0","1","-2"
"199193","North Carolina State University at Raleigh","2014","Not on tenure/no tenure system, no academic rank","160","73","87","0","0","0","8","2","6","7","2","5","7","3","4","0","0","0","124","57","67","1","1","0","11","6","5","2","2","0","-2"
"200280","University of North Dakota","2014","Tenured total","373","250","123","2","1","1","17","15","2","3","2","1","2","1","1","0","0","0","295","192","103","2","1","1","4","4","0","48","34","14","-2"
"200280","University of North Dakota","2014","Tenured, professors","165","122","43","1","1","0","11","10","1","0","0","0","0","0","0","0","0","0","141","100","41","1","1","0","1","1","0","10","9","1","-2"
"200280","University of North Dakota","2014","Tenured, associate professors","194","119","75","1","0","1","6","5","1","3","2","1","1","0","1","0","0","0","141","84","57","1","0","1","3","3","0","38","25","13","-2"
"200280","University of North Dakota","2014","Tenured, assistant professors","14","9","5","0","0","0","0","0","0","0","0","0","1","1","0","0","0","0","13","8","5","0","0","0","0","0","0","0","0","0","-2"
"200280","University of North Dakota","2014","On-Tenure track total","118","64","54","2","0","2","6","2","4","0","0","0","0","0","0","0","0","0","72","36","36","3","0","3","2","2","0","33","24","9","-2"
"200280","University of North Dakota","2014","On-tenure track, professors","1","0","1","0","0","0","0","0","0","0","0","0","0","0","0","0","0","0","1","0","1","0","0","0","0","0","0","0","0","0","-2"
"200280","University of North Dakota","2014","On-tenure track, associate professors","7","6","1","0","0","0","0","0","0","0","0","0","0","0","0","0","0","0","5","4","1","0","0","0","0","0","0","2","2","0","-2"
"200280","University of North Dakota","2014","On-tenure track, assistant professors","109","58","51","2","0","2","6","2","4","0","0","0","0","0","0","0","0","0","65","32","33","3","0","3","2","2","0","31","22","9","-2"
"200280","University of North Dakota","2014","On-tenure track, no academic rank","1","0","1","0","0","0","0","0","0","0","0","0","0","0","0","0","0","0","1","0","1","0","0","0","0","0","0","0","0","0","-2"
"200280","University of North Dakota","2014","Not on tenure track/No tenure system system total","253","110","143","6","2","4","6","2","4","3","1","2","1","0","1","0","0","0","212","91","121","4","1","3","2","1","1","19","12","7","-2"
"200280","University of North Dakota","2014","Not on tenure/no tenure system, professors","8","5","3","0","0","0","0","0","0","0","0","0","0","0","0","0","0","0","8","5","3","0","0","0","0","0","0","0","0","0","-2"
"200280","University of North Dakota","2014","Not on tenure/no tenure system, associate professors","39","16","23","2","0","2","2","0","2","0","0","0","0","0","0","0","0","0","33","15","18","1","0","1","1","1","0","0","0","0","-2"
"200280","University of North Dakota","2014","Not on tenure/no tenure system, assistant professors","109","41","68","4","2","2","4","2","2","3","1","2","0","0","0","0","0","0","81","27","54","2","1","1","1","0","1","14","8","6","-2"
"200280","University of North Dakota","2014","Not on tenure/no tenure system, instructors","46","15","31","0","0","0","0","0","0","0","0","0","0","0","0","0","0","0","46","15","31","0","0","0","0","0","0","0","0","0","-2"
"200280","University of North Dakota","2014","Not on tenure/no tenure system, lecturers","49","31","18","0","0","0","0","0","0","0","0","0","1","0","1","0","0","0","43","28","15","1","0","1","0","0","0","4","3","1","-2"
"200280","University of North Dakota","2014","Not on tenure/no tenure system, no academic rank","2","2","0","0","0","0","0","0","0","0","0","0","0","0","0","0","0","0","1","1","0","0","0","0","0","0","0","1","1","0","-2"
"201885","University of Cincinnati-Main Campus","2014","Tenured total","688","466","222","1","1","0","91","63","28","29","14","15","17","10","7","0","0","0","511","351","160","0","0","0","24","15","9","15","12","3","-2"
"201885","University of Cincinnati-Main Campus","2014","Tenured, professors","395","304","91","0","0","0","58","45","13","17","8","9","8","6","2","0","0","0","298","234","64","0","0","0","9","6","3","5","5","0","-2"
"201885","University of Cincinnati-Main Campus","2014","Tenured, associate professors","284","158","126","1","1","0","31","17","14","12","6","6","9","4","5","0","0","0","208","115","93","0","0","0","13","8","5","10","7","3","-2"
"201885","University of Cincinnati-Main Campus","2014","Tenured, assistant professors","9","4","5","0","0","0","2","1","1","0","0","0","0","0","0","0","0","0","5","2","3","0","0","0","2","1","1","0","0","0","-2"
"201885","University of Cincinnati-Main Campus","2014","On-Tenure track total","257","134","123","0","0","0","12","9","3","16","6","10","9","3","6","1","0","1","143","69","74","1","1","0","30","19","11","45","27","18","-2"
"201885","University of Cincinnati-Main Campus","2014","On-tenure track, professors","3","3","0","0","0","0","0","0","0","0","0","0","0","0","0","0","0","0","1","1","0","0","0","0","1","1","0","1","1","0","-2"
"201885","University of Cincinnati-Main Campus","2014","On-tenure track, associate professors","30","15","15","0","0","0","2","2","0","1","0","1","1","0","1","1","0","1","15","7","8","0","0","0","4","2","2","6","4","2","-2"
"201885","University of Cincinnati-Main Campus","2014","On-tenure track, assistant professors","224","116","108","0","0","0","10","7","3","15","6","9","8","3","5","0","0","0","127","61","66","1","1","0","25","16","9","38","22","16","-2"
"201885","University of Cincinnati-Main Campus","2014","Not on tenure track/No tenure system system total","798","430","368","1","1","0","66","39","27","30","13","17","12","2","10","0","0","0","569","304","265","2","2","0","68","35","33","50","34","16","-2"
"201885","University of Cincinnati-Main Campus","2014","Not on tenure/no tenure system, professors","88","56","32","0","0","0","7","5","2","2","2","0","0","0","0","0","0","0","77","47","30","0","0","0","2","2","0","0","0","0","-2"
"201885","University of Cincinnati-Main Campus","2014","Not on tenure/no tenure system, associate professors","215","116","99","1","1","0","22","13","9","10","5","5","5","0","5","0","0","0","150","83","67","0","0","0","18","10","8","9","4","5","-2"
"201885","University of Cincinnati-Main Campus","2014","Not on tenure/no tenure system, assistant professors","400","224","176","0","0","0","34","19","15","16","6","10","5","2","3","0","0","0","272","152","120","2","2","0","37","19","18","34","24","10","-2"
"201885","University of Cincinnati-Main Campus","2014","Not on tenure/no tenure system, instructors","95","34","61","0","0","0","3","2","1","2","0","2","2","0","2","0","0","0","70","22","48","0","0","0","11","4","7","7","6","1","-2"
"204796","Ohio State University-Main Campus","2014","Tenured total","1885","1284","601","1","0","1","209","164","45","69","40","29","57","35","22","0","0","0","1383","921","462","10","7","3","43","32","11","113","85","28","-2"
"204796","Ohio State University-Main Campus","2014","Tenured, professors","1030","779","251","1","0","1","119","99","20","25","17","8","22","17","5","0","0","0","785","581","204","4","3","1","24","21","3","50","41","9","-2"
"204796","Ohio State University-Main Campus","2014","Tenured, associate professors","820","489","331","0","0","0","89","65","24","42","23","19","35","18","17","0","0","0","566","324","242","6","4","2","19","11","8","63","44","19","-2"
"204796","Ohio State University-Main Campus","2014","Tenured, assistant professors","34","16","18","0","0","0","1","0","1","2","0","2","0","0","0","0","0","0","31","16","15","0","0","0","0","0","0","0","0","0","-2"
"204796","Ohio State University-Main Campus","2014","Tenured, instructors","1","0","1","0","0","0","0","0","0","0","0","0","0","0","0","0","0","0","1","0","1","0","0","0","0","0","0","0","0","0","-2"
"204796","Ohio State University-Main Campus","2014","On-Tenure track total","590","333","257","1","1","0","69","45","24","23","16","7","16","7","9","3","1","2","347","185","162","6","1","5","30","18","12","95","59","36","-2"
"204796","Ohio State University-Main Campus","2014","On-tenure track, professors","2","2","0","0","0","0","0","0","0","0","0","0","0","0","0","0","0","0","1","1","0","0","0","0","0","0","0","1","1","0","-2"
"204796","Ohio State University-Main Campus","2014","On-tenure track, associate professors","25","20","5","0","0","0","5","5","0","1","1","0","1","1","0","0","0","0","14","10","4","1","1","0","0","0","0","3","2","1","-2"
"204796","Ohio State University-Main Campus","2014","On-tenure track, assistant professors","561","310","251","1","1","0","63","39","24","22","15","7","15","6","9","3","1","2","331","174","157","5","0","5","30","18","12","91","56","35","-2"
"204796","Ohio State University-Main Campus","2014","On-tenure track, instructors","2","1","1","0","0","0","1","1","0","0","0","0","0","0","0","0","0","0","1","0","1","0","0","0","0","0","0","0","0","0","-2"
"204796","Ohio State University-Main Campus","2014","Not on tenure track/No tenure system system total","1112","606","506","1","0","1","139","69","70","38","15","23","38","22","16","1","1","0","784","430","354","4","1","3","58","40","18","49","28","21","-2"
"204796","Ohio State University-Main Campus","2014","Not on tenure/no tenure system, professors","109","78","31","0","0","0","9","7","2","5","2","3","2","2","0","0","0","0","87","61","26","0","0","0","4","4","0","2","2","0","-2"
"204796","Ohio State University-Main Campus","2014","Not on tenure/no tenure system, associate professors","261","159","102","1","0","1","22","12","10","6","4","2","8","5","3","1","1","0","200","118","82","0","0","0","12","10","2","11","9","2","-2"
"204796","Ohio State University-Main Campus","2014","Not on tenure/no tenure system, assistant professors","740","369","371","0","0","0","108","50","58","27","9","18","28","15","13","0","0","0","495","251","244","4","1","3","42","26","16","36","17","19","-2"
"204796","Ohio State University-Main Campus","2014","Not on tenure/no tenure system, instructors","2","0","2","0","0","0","0","0","0","0","0","0","0","0","0","0","0","0","2","0","2","0","0","0","0","0","0","0","0","0","-2"
"204857","Ohio University-Main Campus","2014","Tenured total","558","377","181","5","3","2","51","42","9","27","16","11","19","13","6","0","0","0","430","285","145","5","2","3","6","3","3","15","13","2","-2"
"204857","Ohio University-Main Campus","2014","Tenured, professors","230","171","59","3","2","1","19","18","1","9","7","2","6","4","2","0","0","0","185","133","52","0","0","0","1","1","0","7","6","1","-2"
"204857","Ohio University-Main Campus","2014","Tenured, associate professors","321","201","120","2","1","1","32","24","8","17","9","8","13","9","4","0","0","0","239","147","92","5","2","3","5","2","3","8","7","1","-2"
"204857","Ohio University-Main Campus","2014","Tenured, assistant professors","7","5","2","0","0","0","0","0","0","1","0","1","0","0","0","0","0","0","6","5","1","0","0","0","0","0","0","0","0","0","-2"
"204857","Ohio University-Main Campus","2014","On-Tenure track total","177","104","73","1","1","0","16","8","8","12","9","3","5","3","2","0","0","0","102","56","46","1","0","1","14","12","2","26","15","11","-2"
"204857","Ohio University-Main Campus","2014","On-tenure track, associate professors","9","6","3","0","0","0","4","3","1","1","1","0","0","0","0","0","0","0","4","2","2","0","0","0","0","0","0","0","0","0","-2"
"204857","Ohio University-Main Campus","2014","On-tenure track, assistant professors","168","98","70","1","1","0","12","5","7","11","8","3","5","3","2","0","0","0","98","54","44","1","0","1","14","12","2","26","15","11","-2"
"204857","Ohio University-Main Campus","2014","Not on tenure track/No tenure system system total","267","119","148","0","0","0","6","2","4","4","3","1","7","3","4","0","0","0","192","88","104","2","1","1","27","12","15","29","10","19","-2"
"204857","Ohio University-Main Campus","2014","Not on tenure/no tenure system, professors","4","3","1","0","0","0","0","0","0","0","0","0","0","0","0","0","0","0","3","2","1","0","0","0","0","0","0","1","1","0","-2"
"204857","Ohio University-Main Campus","2014","Not on tenure/no tenure system, associate professors","4","2","2","0","0","0","1","0","1","1","1","0","0","0","0","0","0","0","2","1","1","0","0","0","0","0","0","0","0","0","-2"
"204857","Ohio University-Main Campus","2014","Not on tenure/no tenure system, assistant professors","87","46","41","0","0","0","3","1","2","3","2","1","5","3","2","0","0","0","60","30","30","0","0","0","7","4","3","9","6","3","-2"
"204857","Ohio University-Main Campus","2014","Not on tenure/no tenure system, instructors","57","22","35","0","0","0","1","0","1","0","0","0","0","0","0","0","0","0","41","19","22","1","1","0","6","2","4","8","0","8","-2"
"204857","Ohio University-Main Campus","2014","Not on tenure/no tenure system, lecturers","99","38","61","0","0","0","1","1","0","0","0","0","2","0","2","0","0","0","72","28","44","1","0","1","12","6","6","11","3","8","-2"
"204857","Ohio University-Main Campus","2014","Not on tenure/no tenure system, no academic rank","16","8","8","0","0","0","0","0","0","0","0","0","0","0","0","0","0","0","14","8","6","0","0","0","2","0","2","0","0","0","-2"
"207500","University of Oklahoma-Norman Campus","2014","Tenured total","674","476","198","12","7","5","66","52","14","11","6","5","17","11","6","0","0","0","510","357","153","4","1","3","14","13","1","40","29","11","-2"
"207500","University of Oklahoma-Norman Campus","2014","Tenured, professors","389","309","80","7","4","3","54","45","9","4","1","3","11","8","3","0","0","0","299","238","61","1","1","0","4","4","0","9","8","1","-2"
"207500","University of Oklahoma-Norman Campus","2014","Tenured, associate professors","285","167","118","5","3","2","12","7","5","7","5","2","6","3","3","0","0","0","211","119","92","3","0","3","10","9","1","31","21","10","-2"
"207500","University of Oklahoma-Norman Campus","2014","On-Tenure track total","255","142","113","5","3","2","22","13","9","10","4","6","7","2","5","1","0","1","158","92","66","3","1","2","10","6","4","39","21","18","-2"
"207500","University of Oklahoma-Norman Campus","2014","On-tenure track, associate professors","14","6","8","0","0","0","2","1","1","1","0","1","0","0","0","0","0","0","11","5","6","0","0","0","0","0","0","0","0","0","-2"
"207500","University of Oklahoma-Norman Campus","2014","On-tenure track, assistant professors","241","136","105","5","3","2","20","12","8","9","4","5","7","2","5","1","0","1","147","87","60","3","1","2","10","6","4","39","21","18","-2"
"207500","University of Oklahoma-Norman Campus","2014","Not on tenure track/No tenure system system total","231","116","115","11","7","4","8","4","4","3","0","3","13","3","10","0","0","0","166","86","80","2","0","2","6","5","1","22","11","11","-2"
"207500","University of Oklahoma-Norman Campus","2014","Not on tenure/no tenure system, professors","7","6","1","0","0","0","2","2","0","0","0","0","0","0","0","0","0","0","5","4","1","0","0","0","0","0","0","0","0","0","-2"
"207500","University of Oklahoma-Norman Campus","2014","Not on tenure/no tenure system, associate professors","24","14","10","0","0","0","1","0","1","1","0","1","0","0","0","0","0","0","21","14","7","0","0","0","0","0","0","1","0","1","-2"
"207500","University of Oklahoma-Norman Campus","2014","Not on tenure/no tenure system, assistant professors","53","27","26","3","2","1","1","1","0","2","0","2","1","0","1","0","0","0","43","22","21","0","0","0","2","2","0","1","0","1","-2"
"207500","University of Oklahoma-Norman Campus","2014","Not on tenure/no tenure system, instructors","92","36","56","6","4","2","3","0","3","0","0","0","11","2","9","0","0","0","58","25","33","1","0","1","3","2","1","10","3","7","-2"
"207500","University of Oklahoma-Norman Campus","2014","Not on tenure/no tenure system, lecturers","55","33","22","2","1","1","1","1","0","0","0","0","1","1","0","0","0","0","39","21","18","1","0","1","1","1","0","10","8","2","-2"
"207971","University of Tulsa","2014","Tenured total","191","152","39","9","7","2","13","13","0","2","1","1","3","3","0","0","0","0","155","121","34","0","0","0","2","2","0","7","5","2","-2"
"207971","University of Tulsa","2014","Tenured, professors","110","90","20","6","5","1","8","8","0","2","1","1","1","1","0","0","0","0","92","74","18","0","0","0","1","1","0","0","0","0","-2"
"207971","University of Tulsa","2014","Tenured, associate professors","81","62","19","3","2","1","5","5","0","0","0","0","2","2","0","0","0","0","63","47","16","0","0","0","1","1","0","7","5","2","-2"
"207971","University of Tulsa","2014","On-Tenure track total","72","50","22","2","0","2","8","4","4","0","0","0","3","2","1","0","0","0","50","36","14","1","1","0","1","1","0","7","6","1","-2"
"207971","University of Tulsa","2014","On-tenure track, associate professors","2","2","0","0","0","0","0","0","0","0","0","0","0","0","0","0","0","0","2","2","0","0","0","0","0","0","0","0","0","0","-2"
"207971","University of Tulsa","2014","On-tenure track, assistant professors","70","48","22","2","0","2","8","4","4","0","0","0","3","2","1","0","0","0","48","34","14","1","1","0","1","1","0","7","6","1","-2"
"207971","University of Tulsa","2014","Not on tenure track/No tenure system system total","80","31","49","9","2","7","3","1","2","1","0","1","5","0","5","0","0","0","59","26","33","0","0","0","3","2","1","0","0","0","-2"
"207971","University of Tulsa","2014","Not on tenure/no tenure system, professors","11","5","6","1","0","1","0","0","0","0","0","0","1","0","1","0","0","0","9","5","4","0","0","0","0","0","0","0","0","0","-2"
"207971","University of Tulsa","2014","Not on tenure/no tenure system, associate professors","14","7","7","1","1","0","0","0","0","0","0","0","0","0","0","0","0","0","12","5","7","0","0","0","1","1","0","0","0","0","-2"
"207971","University of Tulsa","2014","Not on tenure/no tenure system, assistant professors","30","12","18","5","1","4","2","0","2","1","0","1","0","0","0","0","0","0","21","10","11","0","0","0","1","1","0","0","0","0","-2"
"207971","University of Tulsa","2014","Not on tenure/no tenure system, instructors","24","7","17","2","0","2","1","1","0","0","0","0","4","0","4","0","0","0","16","6","10","0","0","0","1","0","1","0","0","0","-2"
"207971","University of Tulsa","2014","Not on tenure/no tenure system, lecturers","1","0","1","0","0","0","0","0","0","0","0","0","0","0","0","0","0","0","1","0","1","0","0","0","0","0","0","0","0","0","-2"
"209542","Oregon State University","2014","Tenured total","592","417","175","2","1","1","68","49","19","6","5","1","30","22","8","1","1","0","451","319","132","2","1","1","22","13","9","10","6","4","209542"
"209542","Oregon State University","2014","Tenured, professors","325","245","80","0","0","0","32","29","3","3","2","1","9","8","1","0","0","0","266","197","69","0","0","0","15","9","6","0","0","0","209542"
"209542","Oregon State University","2014","Tenured, associate professors","258","169","89","2","1","1","35","20","15","3","3","0","18","13","5","1","1","0","180","120","60","2","1","1","7","4","3","10","6","4","209542"
"209542","Oregon State University","2014","Tenured, assistant professors","2","1","1","0","0","0","0","0","0","0","0","0","1","1","0","0","0","0","1","0","1","0","0","0","0","0","0","0","0","0","209542"
"209542","Oregon State University","2014","Tenured, instructors","7","2","5","0","0","0","1","0","1","0","0","0","2","0","2","0","0","0","4","2","2","0","0","0","0","0","0","0","0","0","209542"
"209542","Oregon State University","2014","On-Tenure track total","299","190","109","3","2","1","34","27","7","1","0","1","13","6","7","0","0","0","181","108","73","4","3","1","24","15","9","39","29","10","209542"
"209542","Oregon State University","2014","On-tenure track, professors","1","1","0","0","0","0","0","0","0","0","0","0","0","0","0","0","0","0","1","1","0","0","0","0","0","0","0","0","0","0","209542"
"209542","Oregon State University","2014","On-tenure track, associate professors","30","25","5","0","0","0","1","0","1","0","0","0","0","0","0","0","0","0","24","20","4","0","0","0","5","5","0","0","0","0","209542"
"209542","Oregon State University","2014","On-tenure track, assistant professors","266","164","102","3","2","1","33","27","6","1","0","1","12","6","6","0","0","0","155","87","68","4","3","1","19","10","9","39","29","10","209542"
"209542","Oregon State University","2014","On-tenure track, instructors","2","0","2","0","0","0","0","0","0","0","0","0","1","0","1","0","0","0","1","0","1","0","0","0","0","0","0","0","0","0","209542"
"209542","Oregon State University","2014","Not on tenure track/No tenure system system total","401","202","199","3","1","2","10","5","5","3","2","1","13","7","6","0","0","0","331","160","171","3","1","2","22","17","5","16","9","7","209542"
"209542","Oregon State University","2014","Not on tenure/no tenure system, professors","2","2","0","0","0","0","0","0","0","0","0","0","0","0","0","0","0","0","1","1","0","0","0","0","1","1","0","0","0","0","209542"
"209542","Oregon State University","2014","Not on tenure/no tenure system, associate professors","10","5","5","0","0","0","1","0","1","0","0","0","0","0","0","0","0","0","8","4","4","0","0","0","1","1","0","0","0","0","209542"
"209542","Oregon State University","2014","Not on tenure/no tenure system, assistant professors","29","15","14","0","0","0","1","1","0","0","0","0","3","2","1","0","0","0","23","10","13","0","0","0","2","2","0","0","0","0","209542"
"209542","Oregon State University","2014","Not on tenure/no tenure system, instructors","359","179","180","3","1","2","8","4","4","3","2","1","10","5","5","0","0","0","298","144","154","3","1","2","18","13","5","16","9","7","209542"
"209542","Oregon State University","2014","Not on tenure/no tenure system, no academic rank","1","1","0","0","0","0","0","0","0","0","0","0","0","0","0","0","0","0","1","1","0","0","0","0","0","0","0","0","0","0","209542"
"211361","California University of Pennsylvania","2014","Tenured total","190","103","87","0","0","0","7","5","2","13","6","7","3","1","2","0","0","0","166","91","75","1","0","1","0","0","0","0","0","0","-2"
"211361","California University of Pennsylvania","2014","Tenured, professors","89","52","37","0","0","0","3","3","0","6","3","3","0","0","0","0","0","0","80","46","34","0","0","0","0","0","0","0","0","0","-2"
"211361","California University of Pennsylvania","2014","Tenured, associate professors","77","41","36","0","0","0","4","2","2","5","2","3","1","0","1","0","0","0","66","37","29","1","0","1","0","0","0","0","0","0","-2"
"211361","California University of Pennsylvania","2014","Tenured, assistant professors","23","10","13","0","0","0","0","0","0","2","1","1","2","1","1","0","0","0","19","8","11","0","0","0","0","0","0","0","0","0","-2"
"211361","California University of Pennsylvania","2014","Tenured, instructors","1","0","1","0","0","0","0","0","0","0","0","0","0","0","0","0","0","0","1","0","1","0","0","0","0","0","0","0","0","0","-2"
"211361","California University of Pennsylvania","2014","On-Tenure track total","44","18","26","0","0","0","3","0","3","5","2","3","1","1","0","0","0","0","33","14","19","0","0","0","0","0","0","2","1","1","-2"
"211361","California University of Pennsylvania","2014","On-tenure track, associate professors","6","1","5","0","0","0","1","0","1","0","0","0","0","0","0","0","0","0","5","1","4","0","0","0","0","0","0","0","0","0","-2"
"211361","California University of Pennsylvania","2014","On-tenure track, assistant professors","36","17","19","0","0","0","2","0","2","5","2","3","1","1","0","0","0","0","26","13","13","0","0","0","0","0","0","2","1","1","-2"
"211361","California University of Pennsylvania","2014","On-tenure track, instructors","2","0","2","0","0","0","0","0","0","0","0","0","0","0","0","0","0","0","2","0","2","0","0","0","0","0","0","0","0","0","-2"
"211361","California University of Pennsylvania","2014","Not on tenure track/No tenure system system total","37","18","19","0","0","0","2","1","1","3","1","2","3","3","0","0","0","0","27","12","15","0","0","0","0","0","0","2","1","1","-2"
"211361","California University of Pennsylvania","2014","Not on tenure/no tenure system, assistant professors","13","7","6","0","0","0","2","1","1","2","1","1","1","1","0","0","0","0","6","3","3","0","0","0","0","0","0","2","1","1","-2"
"211361","California University of Pennsylvania","2014","Not on tenure/no tenure system, instructors","24","11","13","0","0","0","0","0","0","1","0","1","2","2","0","0","0","0","21","9","12","0","0","0","0","0","0","0","0","0","-2"
"212054","Drexel University","2014","Tenured total","474","323","151","1","1","0","74","58","16","16","12","4","8","3","5","0","0","0","345","233","112","5","3","2","19","12","7","6","1","5","-2"
"212054","Drexel University","2014","Tenured, professors","235","185","50","0","0","0","38","34","4","9","9","0","2","1","1","0","0","0","174","131","43","2","2","0","9","8","1","1","0","1","-2"
"212054","Drexel University","2014","Tenured, associate professors","225","125","100","1","1","0","34","22","12","7","3","4","6","2","4","0","0","0","159","91","68","3","1","2","10","4","6","5","1","4","-2"
"212054","Drexel University","2014","Tenured, assistant professors","14","13","1","0","0","0","2","2","0","0","0","0","0","0","0","0","0","0","12","11","1","0","0","0","0","0","0","0","0","0","-2"
"212054","Drexel University","2014","On-Tenure track total","243","139","104","0","0","0","41","23","18","11","6","5","9","6","3","0","0","0","146","85","61","4","2","2","12","6","6","20","11","9","-2"
"212054","Drexel University","2014","On-tenure track, professors","3","3","0","0","0","0","0","0","0","0","0","0","0","0","0","0","0","0","3","3","0","0","0","0","0","0","0","0","0","0","-2"
"212054","Drexel University","2014","On-tenure track, associate professors","21","11","10","0","0","0","1","1","0","0","0","0","3","1","2","0","0","0","17","9","8","0","0","0","0","0","0","0","0","0","-2"
"212054","Drexel University","2014","On-tenure track, assistant professors","213","123","90","0","0","0","37","21","16","11","6","5","6","5","1","0","0","0","123","72","51","4","2","2","12","6","6","20","11","9","-2"
"212054","Drexel University","2014","On-tenure track, instructors","6","2","4","0","0","0","3","1","2","0","0","0","0","0","0","0","0","0","3","1","2","0","0","0","0","0","0","0","0","0","-2"
"212054","Drexel University","2014","Not on tenure track/No tenure system system total","823","380","443","4","2","2","72","33","39","36","14","22","20","13","7","0","0","0","619","276","343","10","3","7","22","13","9","40","26","14","-2"
"212054","Drexel University","2014","Not on tenure/no tenure system, assistant professors","2","2","0","0","0","0","0","0","0","0","0","0","1","1","0","0","0","0","1","1","0","0","0","0","0","0","0","0","0","0","-2"
"212054","Drexel University","2014","Not on tenure/no tenure system, instructors","821","378","443","4","2","2","72","33","39","36","14","22","19","12","7","0","0","0","618","275","343","10","3","7","22","13","9","40","26","14","-2"
"213598","Lincoln University","2014","Tenured total","57","40","17","6","5","1","0","0","0","30","22","8","1","1","0","0","0","0","20","12","8","0","0","0","0","0","0","0","0","0","-2"
"213598","Lincoln University","2014","Tenured, professors","28","22","6","0","0","0","0","0","0","17","15","2","0","0","0","0","0","0","11","7","4","0","0","0","0","0","0","0","0","0","-2"
"213598","Lincoln University","2014","Tenured, associate professors","23","15","8","6","5","1","0","0","0","10","6","4","0","0","0","0","0","0","7","4","3","0","0","0","0","0","0","0","0","0","-2"
"213598","Lincoln University","2014","Tenured, assistant professors","5","2","3","0","0","0","0","0","0","3","1","2","0","0","0","0","0","0","2","1","1","0","0","0","0","0","0","0","0","0","-2"
"213598","Lincoln University","2014","Tenured, instructors","1","1","0","0","0","0","0","0","0","0","0","0","1","1","0","0","0","0","0","0","0","0","0","0","0","0","0","0","0","0","-2"
"213598","Lincoln University","2014","On-Tenure track total","31","13","18","3","1","2","0","0","0","13","5","8","1","0","1","0","0","0","14","7","7","0","0","0","0","0","0","0","0","0","-2"
"213598","Lincoln University","2014","On-tenure track, professors","1","0","1","0","0","0","0","0","0","1","0","1","0","0","0","0","0","0","0","0","0","0","0","0","0","0","0","0","0","0","-2"
"213598","Lincoln University","2014","On-tenure track, associate professors","5","2","3","1","1","0","0","0","0","1","0","1","0","0","0","0","0","0","3","1","2","0","0","0","0","0","0","0","0","0","-2"
"213598","Lincoln University","2014","On-tenure track, assistant professors","24","10","14","2","0","2","0","0","0","11","5","6","1","0","1","0","0","0","10","5","5","0","0","0","0","0","0","0","0","0","-2"
"213598","Lincoln University","2014","On-tenure track, instructors","1","1","0","0","0","0","0","0","0","0","0","0","0","0","0","0","0","0","1","1","0","0","0","0","0","0","0","0","0","0","-2"
"213598","Lincoln University","2014","Not on tenure track/No tenure system system total","8","4","4","0","0","0","0","0","0","4","2","2","0","0","0","0","0","0","3","1","2","1","1","0","0","0","0","0","0","0","-2"
"213598","Lincoln University","2014","Not on tenure/no tenure system, professors","1","1","0","0","0","0","0","0","0","0","0","0","0","0","0","0","0","0","0","0","0","1","1","0","0","0","0","0","0","0","-2"
"213598","Lincoln University","2014","Not on tenure/no tenure system, associate professors","1","0","1","0","0","0","0","0","0","0","0","0","0","0","0","0","0","0","1","0","1","0","0","0","0","0","0","0","0","0","-2"
"213598","Lincoln University","2014","Not on tenure/no tenure system, assistant professors","2","0","2","0","0","0","0","0","0","2","0","2","0","0","0","0","0","0","0","0","0","0","0","0","0","0","0","0","0","0","-2"
"213598","Lincoln University","2014","Not on tenure/no tenure system, lecturers","4","3","1","0","0","0","0","0","0","2","2","0","0","0","0","0","0","0","2","1","1","0","0","0","0","0","0","0","0","0","-2"
"214041","Millersville University of Pennsylvania","2014","Tenured total","234","127","107","0","0","0","19","11","8","13","8","5","13","4","9","0","0","0","188","104","84","1","0","1","0","0","0","0","0","0","-2"
"214041","Millersville University of Pennsylvania","2014","Tenured, professors","90","53","37","0","0","0","7","4","3","6","3","3","4","1","3","0","0","0","73","45","28","0","0","0","0","0","0","0","0","0","-2"
"214041","Millersville University of Pennsylvania","2014","Tenured, associate professors","103","49","54","0","0","0","7","5","2","2","0","2","6","1","5","0","0","0","87","43","44","1","0","1","0","0","0","0","0","0","-2"
"214041","Millersville University of Pennsylvania","2014","Tenured, assistant professors","41","25","16","0","0","0","5","2","3","5","5","0","3","2","1","0","0","0","28","16","12","0","0","0","0","0","0","0","0","0","-2"
"214041","Millersville University of Pennsylvania","2014","On-Tenure track total","46","25","21","2","2","0","0","0","0","2","1","1","4","3","1","0","0","0","30","14","16","1","1","0","0","0","0","7","4","3","-2"
"214041","Millersville University of Pennsylvania","2014","On-tenure track, associate professors","2","2","0","0","0","0","0","0","0","1","1","0","0","0","0","0","0","0","1","1","0","0","0","0","0","0","0","0","0","0","-2"
"214041","Millersville University of Pennsylvania","2014","On-tenure track, assistant professors","42","23","19","2","2","0","0","0","0","1","0","1","4","3","1","0","0","0","27","13","14","1","1","0","0","0","0","7","4","3","-2"
"214041","Millersville University of Pennsylvania","2014","On-tenure track, instructors","2","0","2","0","0","0","0","0","0","0","0","0","0","0","0","0","0","0","2","0","2","0","0","0","0","0","0","0","0","0","-2"
"214041","Millersville University of Pennsylvania","2014","Not on tenure track/No tenure system system total","8","2","6","0","0","0","1","0","1","0","0","0","0","0","0","0","0","0","7","2","5","0","0","0","0","0","0","0","0","0","-2"
"214041","Millersville University of Pennsylvania","2014","Not on tenure/no tenure system, assistant professors","6","2","4","0","0","0","1","0","1","0","0","0","0","0","0","0","0","0","5","2","3","0","0","0","0","0","0","0","0","0","-2"
"214041","Millersville University of Pennsylvania","2014","Not on tenure/no tenure system, instructors","2","0","2","0","0","0","0","0","0","0","0","0","0","0","0","0","0","0","2","0","2","0","0","0","0","0","0","0","0","0","-2"
"214777","Pennsylvania State University-Main Campus","2014","Tenured total","1254","878","376","3","3","0","158","127","31","48","28","20","42","27","15","0","0","0","934","646","288","5","2","3","57","39","18","7","6","1","-2"
"214777","Pennsylvania State University-Main Campus","2014","Tenured, professors","768","597","171","1","1","0","96","86","10","25","19","6","15","13","2","0","0","0","596","455","141","1","0","1","30","20","10","4","3","1","-2"
"214777","Pennsylvania State University-Main Campus","2014","Tenured, associate professors","485","281","204","2","2","0","62","41","21","23","9","14","27","14","13","0","0","0","337","191","146","4","2","2","27","19","8","3","3","0","-2"
"214777","Pennsylvania State University-Main Campus","2014","Tenured, assistant professors","1","0","1","0","0","0","0","0","0","0","0","0","0","0","0","0","0","0","1","0","1","0","0","0","0","0","0","0","0","0","-2"
"214777","Pennsylvania State University-Main Campus","2014","On-Tenure track total","342","196","146","1","1","0","39","21","18","17","5","12","22","11","11","0","0","0","186","105","81","4","2","2","21","12","9","52","39","13","-2"
"214777","Pennsylvania State University-Main Campus","2014","On-tenure track, associate professors","22","15","7","0","0","0","6","5","1","0","0","0","2","1","1","0","0","0","12","8","4","1","0","1","1","1","0","0","0","0","-2"
"214777","Pennsylvania State University-Main Campus","2014","On-tenure track, assistant professors","320","181","139","1","1","0","33","16","17","17","5","12","20","10","10","0","0","0","174","97","77","3","2","1","20","11","9","52","39","13","-2"
"214777","Pennsylvania State University-Main Campus","2014","Not on tenure track/No tenure system system total","1111","575","536","1","1","0","62","33","29","27","16","11","34","14","20","0","0","0","832","421","411","6","4","2","47","25","22","102","61","41","-2"
"214777","Pennsylvania State University-Main Campus","2014","Not on tenure/no tenure system, professors","40","33","7","0","0","0","0","0","0","1","1","0","1","0","1","0","0","0","32","27","5","0","0","0","4","3","1","2","2","0","-2"
"214777","Pennsylvania State University-Main Campus","2014","Not on tenure/no tenure system, associate professors","64","36","28","0","0","0","8","5","3","0","0","0","0","0","0","0","0","0","50","30","20","0","0","0","4","0","4","2","1","1","-2"
"214777","Pennsylvania State University-Main Campus","2014","Not on tenure/no tenure system, assistant professors","220","130","90","1","1","0","21","18","3","8","4","4","4","3","1","0","0","0","127","65","62","2","2","0","10","3","7","47","34","13","-2"
"214777","Pennsylvania State University-Main Campus","2014","Not on tenure/no tenure system, instructors","292","132","160","0","0","0","13","2","11","6","3","3","6","2","4","0","0","0","239","106","133","2","1","1","12","9","3","14","9","5","-2"
"214777","Pennsylvania State University-Main Campus","2014","Not on tenure/no tenure system, lecturers","495","244","251","0","0","0","20","8","12","12","8","4","23","9","14","0","0","0","384","193","191","2","1","1","17","10","7","37","15","22","-2"
"217156","Brown University","2014","Tenured total","486","354","132","0","0","0","50","36","14","18","14","4","14","11","3","0","0","0","391","283","108","5","3","2","5","4","1","3","3","0","-2"
"217156","Brown University","2014","Tenured, professors","361","272","89","0","0","0","32","27","5","9","7","2","6","4","2","0","0","0","303","226","77","4","2","2","4","3","1","3","3","0","-2"
"217156","Brown University","2014","Tenured, associate professors","125","82","43","0","0","0","18","9","9","9","7","2","8","7","1","0","0","0","88","57","31","1","1","0","1","1","0","0","0","0","-2"
"217156","Brown University","2014","On-Tenure track total","144","89","55","0","0","0","15","7","8","9","3","6","8","6","2","0","0","0","86","56","30","1","0","1","15","8","7","10","9","1","-2"
"217156","Brown University","2014","On-tenure track, professors","1","0","1","0","0","0","1","0","1","0","0","0","0","0","0","0","0","0","0","0","0","0","0","0","0","0","0","0","0","0","-2"
"217156","Brown University","2014","On-tenure track, associate professors","1","1","0","0","0","0","0","0","0","0","0","0","0","0","0","0","0","0","1","1","0","0","0","0","0","0","0","0","0","0","-2"
"217156","Brown University","2014","On-tenure track, assistant professors","142","88","54","0","0","0","14","7","7","9","3","6","8","6","2","0","0","0","85","55","30","1","0","1","15","8","7","10","9","1","-2"
"217156","Brown University","2014","Not on tenure track/No tenure system system total","150","68","82","0","0","0","11","3","8","5","2","3","5","2","3","0","0","0","94","45","49","2","1","1","15","5","10","18","10","8","-2"
"217156","Brown University","2014","Not on tenure/no tenure system, professors","7","5","2","0","0","0","0","0","0","0","0","0","0","0","0","0","0","0","6","4","2","0","0","0","0","0","0","1","1","0","-2"
"217156","Brown University","2014","Not on tenure/no tenure system, associate professors","1","1","0","0","0","0","0","0","0","0","0","0","0","0","0","0","0","0","1","1","0","0","0","0","0","0","0","0","0","0","-2"
"217156","Brown University","2014","Not on tenure/no tenure system, assistant professors","7","4","3","0","0","0","1","1","0","0","0","0","0","0","0","0","0","0","2","1","1","0","0","0","1","0","1","3","2","1","-2"
"217156","Brown University","2014","Not on tenure/no tenure system, lecturers","72","24","48","0","0","0","7","1","6","2","1","1","3","0","3","0","0","0","56","20","36","1","1","0","0","0","0","3","1","2","-2"
"217156","Brown University","2014","Not on tenure/no tenure system, no academic rank","63","34","29","0","0","0","3","1","2","3","1","2","2","2","0","0","0","0","29","19","10","1","0","1","14","5","9","11","6","5","-2"
"217484","University of Rhode Island","2014","Tenured total","445","275","170","3","1","2","48","36","12","13","7","6","14","7","7","0","0","0","361","220","141","0","0","0","0","0","0","6","4","2","-2"
"217484","University of Rhode Island","2014","Tenured, professors","286","202","84","2","1","1","30","26","4","5","5","0","6","5","1","0","0","0","240","163","77","0","0","0","0","0","0","3","2","1","-2"
"217484","University of Rhode Island","2014","Tenured, associate professors","159","73","86","1","0","1","18","10","8","8","2","6","8","2","6","0","0","0","121","57","64","0","0","0","0","0","0","3","2","1","-2"
"217484","University of Rhode Island","2014","On-Tenure track total","95","48","47","1","0","1","10","8","2","1","1","0","1","0","1","0","0","0","72","35","37","0","0","0","0","0","0","10","4","6","-2"
"217484","University of Rhode Island","2014","On-tenure track, associate professors","1","0","1","0","0","0","0","0","0","0","0","0","0","0","0","0","0","0","1","0","1","0","0","0","0","0","0","0","0","0","-2"
"217484","University of Rhode Island","2014","On-tenure track, assistant professors","94","48","46","1","0","1","10","8","2","1","1","0","1","0","1","0","0","0","71","35","36","0","0","0","0","0","0","10","4","6","-2"
"217484","University of Rhode Island","2014","Not on tenure track/No tenure system system total","164","59","105","0","0","0","7","0","7","1","1","0","6","3","3","0","0","0","144","51","93","0","0","0","1","1","0","5","3","2","-2"
"217484","University of Rhode Island","2014","Not on tenure/no tenure system, professors","4","3","1","0","0","0","0","0","0","0","0","0","0","0","0","0","0","0","4","3","1","0","0","0","0","0","0","0","0","0","-2"
"217484","University of Rhode Island","2014","Not on tenure/no tenure system, associate professors","18","3","15","0","0","0","0","0","0","0","0","0","0","0","0","0","0","0","18","3","15","0","0","0","0","0","0","0","0","0","-2"
"217484","University of Rhode Island","2014","Not on tenure/no tenure system, assistant professors","25","4","21","0","0","0","0","0","0","1","1","0","1","0","1","0","0","0","23","3","20","0","0","0","0","0","0","0","0","0","-2"
"217484","University of Rhode Island","2014","Not on tenure/no tenure system, instructors","5","3","2","0","0","0","0","0","0","0","0","0","0","0","0","0","0","0","5","3","2","0","0","0","0","0","0","0","0","0","-2"
"217484","University of Rhode Island","2014","Not on tenure/no tenure system, lecturers","112","46","66","0","0","0","7","0","7","0","0","0","5","3","2","0","0","0","94","39","55","0","0","0","1","1","0","5","3","2","-2"
"217819","College of Charleston","2014","Tenured total","312","184","128","0","0","0","7","7","0","14","7","7","13","8","5","0","0","0","249","140","109","4","4","0","16","13","3","9","5","4","-2"
"217819","College of Charleston","2014","Tenured, professors","142","89","53","0","0","0","3","3","0","5","4","1","3","2","1","0","0","0","121","71","50","2","2","0","8","7","1","0","0","0","-2"
"217819","College of Charleston","2014","Tenured, associate professors","168","95","73","0","0","0","4","4","0","9","3","6","10","6","4","0","0","0","126","69","57","2","2","0","8","6","2","9","5","4","-2"
"217819","College of Charleston","2014","Tenured, assistant professors","2","0","2","0","0","0","0","0","0","0","0","0","0","0","0","0","0","0","2","0","2","0","0","0","0","0","0","0","0","0","-2"
"217819","College of Charleston","2014","On-Tenure track total","134","79","55","0","0","0","1","0","1","8","3","5","8","3","5","0","0","0","97","60","37","5","4","1","4","3","1","11","6","5","-2"
"217819","College of Charleston","2014","On-tenure track, associate professors","1","1","0","0","0","0","0","0","0","0","0","0","0","0","0","0","0","0","1","1","0","0","0","0","0","0","0","0","0","0","-2"
"217819","College of Charleston","2014","On-tenure track, assistant professors","133","78","55","0","0","0","1","0","1","8","3","5","8","3","5","0","0","0","96","59","37","5","4","1","4","3","1","11","6","5","-2"
"217819","College of Charleston","2014","Not on tenure track/No tenure system system total","96","44","52","0","0","0","2","2","0","2","0","2","3","1","2","1","1","0","78","36","42","1","0","1","3","1","2","6","3","3","-2"
"217819","College of Charleston","2014","Not on tenure/no tenure system, professors","1","1","0","0","0","0","0","0","0","0","0","0","0","0","0","0","0","0","1","1","0","0","0","0","0","0","0","0","0","0","-2"
"217819","College of Charleston","2014","Not on tenure/no tenure system, associate professors","1","1","0","0","0","0","0","0","0","0","0","0","0","0","0","0","0","0","1","1","0","0","0","0","0","0","0","0","0","0","-2"
"217819","College of Charleston","2014","Not on tenure/no tenure system, assistant professors","35","19","16","0","0","0","0","0","0","1","0","1","0","0","0","0","0","0","28","17","11","0","0","0","1","0","1","5","2","3","-2"
"217819","College of Charleston","2014","Not on tenure/no tenure system, instructors","59","23","36","0","0","0","2","2","0","1","0","1","3","1","2","1","1","0","48","17","31","1","0","1","2","1","1","1","1","0","-2"
"217873","Claflin University","2014","Tenured total","36","24","12","0","0","0","15","12","3","10","5","5","1","1","0","0","0","0","10","6","4","0","0","0","0","0","0","0","0","0","-2"
"217873","Claflin University","2014","Tenured, professors","14","9","5","0","0","0","6","5","1","6","3","3","0","0","0","0","0","0","2","1","1","0","0","0","0","0","0","0","0","0","-2"
"217873","Claflin University","2014","Tenured, associate professors","13","10","3","0","0","0","7","6","1","1","0","1","0","0","0","0","0","0","5","4","1","0","0","0","0","0","0","0","0","0","-2"
"217873","Claflin University","2014","Tenured, assistant professors","9","5","4","0","0","0","2","1","1","3","2","1","1","1","0","0","0","0","3","1","2","0","0","0","0","0","0","0","0","0","-2"
"217873","Claflin University","2014","On-Tenure track total","41","22","19","1","1","0","5","2","3","16","7","9","2","2","0","0","0","0","12","8","4","0","0","0","0","0","0","5","2","3","-2"
"217873","Claflin University","2014","On-tenure track, associate professors","8","8","0","1","1","0","0","0","0","2","2","0","1","1","0","0","0","0","4","4","0","0","0","0","0","0","0","0","0","0","-2"
"217873","Claflin University","2014","On-tenure track, assistant professors","33","14","19","0","0","0","5","2","3","14","5","9","1","1","0","0","0","0","8","4","4","0","0","0","0","0","0","5","2","3","-2"
"217873","Claflin University","2014","Not on tenure track/No tenure system system total","42","22","20","1","1","0","6","5","1","23","9","14","1","0","1","0","0","0","7","4","3","0","0","0","0","0","0","4","3","1","-2"
"217873","Claflin University","2014","Not on tenure/no tenure system, professors","3","2","1","0","0","0","1","1","0","1","0","1","0","0","0","0","0","0","1","1","0","0","0","0","0","0","0","0","0","0","-2"
"217873","Claflin University","2014","Not on tenure/no tenure system, associate professors","2","2","0","0","0","0","2","2","0","0","0","0","0","0","0","0","0","0","0","0","0","0","0","0","0","0","0","0","0","0","-2"
"217873","Claflin University","2014","Not on tenure/no tenure system, assistant professors","17","8","9","0","0","0","2","1","1","8","2","6","1","0","1","0","0","0","2","2","0","0","0","0","0","0","0","4","3","1","-2"
"217873","Claflin University","2014","Not on tenure/no tenure system, instructors","19","10","9","1","1","0","1","1","0","13","7","6","0","0","0","0","0","0","4","1","3","0","0","0","0","0","0","0","0","0","-2"
"217873","Claflin University","2014","Not on tenure/no tenure system, lecturers","1","0","1","0","0","0","0","0","0","1","0","1","0","0","0","0","0","0","0","0","0","0","0","0","0","0","0","0","0","0","-2"
"217882","Clemson University","2014","Tenured total","599","445","154","0","0","0","73","58","15","20","16","4","8","4","4","1","1","0","495","365","130","1","0","1","1","1","0","0","0","0","-2"
"217882","Clemson University","2014","Tenured, professors","329","265","64","0","0","0","37","32","5","6","5","1","3","3","0","0","0","0","282","225","57","1","0","1","0","0","0","0","0","0","-2"
"217882","Clemson University","2014","Tenured, associate professors","269","180","89","0","0","0","35","26","9","14","11","3","5","1","4","1","1","0","213","140","73","0","0","0","1","1","0","0","0","0","-2"
"217882","Clemson University","2014","Tenured, assistant professors","1","0","1","0","0","0","1","0","1","0","0","0","0","0","0","0","0","0","0","0","0","0","0","0","0","0","0","0","0","0","-2"
"217882","Clemson University","2014","On-Tenure track total","276","172","104","0","0","0","47","29","18","10","6","4","10","6","4","0","0","0","196","119","77","0","0","0","13","12","1","0","0","0","-2"
"217882","Clemson University","2014","On-tenure track, professors","2","2","0","0","0","0","0","0","0","0","0","0","0","0","0","0","0","0","1","1","0","0","0","0","1","1","0","0","0","0","-2"
"217882","Clemson University","2014","On-tenure track, associate professors","30","22","8","0","0","0","4","3","1","3","1","2","0","0","0","0","0","0","22","17","5","0","0","0","1","1","0","0","0","0","-2"
"217882","Clemson University","2014","On-tenure track, assistant professors","244","148","96","0","0","0","43","26","17","7","5","2","10","6","4","0","0","0","173","101","72","0","0","0","11","10","1","0","0","0","-2"
"217882","Clemson University","2014","Not on tenure track/No tenure system system total","246","115","131","1","0","1","8","4","4","12","4","8","6","3","3","0","0","0","217","103","114","0","0","0","2","1","1","0","0","0","-2"
"217882","Clemson University","2014","Not on tenure/no tenure system, associate professors","2","2","0","0","0","0","0","0","0","0","0","0","0","0","0","0","0","0","2","2","0","0","0","0","0","0","0","0","0","0","-2"
"217882","Clemson University","2014","Not on tenure/no tenure system, assistant professors","8","6","2","0","0","0","2","2","0","2","2","0","0","0","0","0","0","0","4","2","2","0","0","0","0","0","0","0","0","0","-2"
"217882","Clemson University","2014","Not on tenure/no tenure system, instructors","3","1","2","0","0","0","0","0","0","0","0","0","0","0","0","0","0","0","3","1","2","0","0","0","0","0","0","0","0","0","-2"
"217882","Clemson University","2014","Not on tenure/no tenure system, lecturers","233","106","127","1","0","1","6","2","4","10","2","8","6","3","3","0","0","0","208","98","110","0","0","0","2","1","1","0","0","0","-2"
"218724","Coastal Carolina University","2014","Tenured total","182","117","65","2","2","0","7","5","2","8","4","4","6","4","2","0","0","0","159","102","57","0","0","0","0","0","0","0","0","0","-2"
"218724","Coastal Carolina University","2014","Tenured, professors","79","57","22","1","1","0","2","2","0","4","2","2","1","1","0","0","0","0","71","51","20","0","0","0","0","0","0","0","0","0","-2"
"218724","Coastal Carolina University","2014","Tenured, associate professors","101","59","42","0","0","0","5","3","2","3","2","1","5","3","2","0","0","0","88","51","37","0","0","0","0","0","0","0","0","0","-2"
"218724","Coastal Carolina University","2014","Tenured, assistant professors","2","1","1","1","1","0","0","0","0","1","0","1","0","0","0","0","0","0","0","0","0","0","0","0","0","0","0","0","0","0","-2"
"218724","Coastal Carolina University","2014","On-Tenure track total","120","68","52","0","0","0","9","6","3","7","4","3","2","2","0","0","0","0","102","56","46","0","0","0","0","0","0","0","0","0","-2"
"218724","Coastal Carolina University","2014","On-tenure track, associate professors","8","5","3","0","0","0","0","0","0","0","0","0","0","0","0","0","0","0","8","5","3","0","0","0","0","0","0","0","0","0","-2"
"218724","Coastal Carolina University","2014","On-tenure track, assistant professors","112","63","49","0","0","0","9","6","3","7","4","3","2","2","0","0","0","0","94","51","43","0","0","0","0","0","0","0","0","0","-2"
"218724","Coastal Carolina University","2014","Not on tenure track/No tenure system system total","113","56","57","0","0","0","2","1","1","4","1","3","3","2","1","0","0","0","104","52","52","0","0","0","0","0","0","0","0","0","-2"
"218724","Coastal Carolina University","2014","Not on tenure/no tenure system, assistant professors","7","4","3","0","0","0","0","0","0","1","0","1","0","0","0","0","0","0","6","4","2","0","0","0","0","0","0","0","0","0","-2"
"218724","Coastal Carolina University","2014","Not on tenure/no tenure system, instructors","11","6","5","0","0","0","1","0","1","0","0","0","2","2","0","0","0","0","8","4","4","0","0","0","0","0","0","0","0","0","-2"
"218724","Coastal Carolina University","2014","Not on tenure/no tenure system, lecturers","95","46","49","0","0","0","1","1","0","3","1","2","1","0","1","0","0","0","90","44","46","0","0","0","0","0","0","0","0","0","-2"
"221759","The University of Tennessee-Knoxville","2014","Tenured total","1118","781","337","4","4","0","120","94","26","34","18","16","25","23","2","0","0","0","931","640","291","1","0","1","0","0","0","3","2","1","-2"
"221759","The University of Tennessee-Knoxville","2014","Tenured, professors","671","514","157","2","2","0","60","50","10","10","6","4","11","10","1","0","0","0","588","446","142","0","0","0","0","0","0","0","0","0","-2"
"221759","The University of Tennessee-Knoxville","2014","Tenured, associate professors","439","266","173","2","2","0","59","44","15","23","12","11","14","13","1","0","0","0","337","193","144","1","0","1","0","0","0","3","2","1","-2"
"221759","The University of Tennessee-Knoxville","2014","Tenured, assistant professors","7","1","6","0","0","0","1","0","1","1","0","1","0","0","0","0","0","0","5","1","4","0","0","0","0","0","0","0","0","0","-2"
"221759","The University of Tennessee-Knoxville","2014","Tenured, instructors","1","0","1","0","0","0","0","0","0","0","0","0","0","0","0","0","0","0","1","0","1","0","0","0","0","0","0","0","0","0","-2"
"221759","The University of Tennessee-Knoxville","2014","On-Tenure track total","403","228","175","2","1","1","53","35","18","33","16","17","19","13","6","0","0","0","246","132","114","5","1","4","1","0","1","44","30","14","-2"
"221759","The University of Tennessee-Knoxville","2014","On-tenure track, professors","14","12","2","0","0","0","1","1","0","2","1","1","1","1","0","0","0","0","10","9","1","0","0","0","0","0","0","0","0","0","-2"
"221759","The University of Tennessee-Knoxville","2014","On-tenure track, associate professors","55","37","18","0","0","0","15","13","2","1","0","1","2","1","1","0","0","0","34","22","12","2","0","2","0","0","0","1","1","0","-2"
"221759","The University of Tennessee-Knoxville","2014","On-tenure track, assistant professors","334","179","155","2","1","1","37","21","16","30","15","15","16","11","5","0","0","0","202","101","101","3","1","2","1","0","1","43","29","14","-2"
"221759","The University of Tennessee-Knoxville","2014","Not on tenure track/No tenure system system total","672","291","381","2","1","1","51","36","15","33","12","21","31","9","22","0","0","0","528","212","316","1","0","1","0","0","0","26","21","5","-2"
"221759","The University of Tennessee-Knoxville","2014","Not on tenure/no tenure system, professors","28","20","8","0","0","0","1","1","0","0","0","0","1","1","0","0","0","0","26","18","8","0","0","0","0","0","0","0","0","0","-2"
"221759","The University of Tennessee-Knoxville","2014","Not on tenure/no tenure system, associate professors","81","38","43","1","0","1","15","10","5","3","3","0","4","2","2","0","0","0","58","23","35","0","0","0","0","0","0","0","0","0","-2"
"221759","The University of Tennessee-Knoxville","2014","Not on tenure/no tenure system, assistant professors","221","94","127","0","0","0","28","24","4","18","5","13","10","3","7","0","0","0","150","52","98","0","0","0","0","0","0","15","10","5","-2"
"221759","The University of Tennessee-Knoxville","2014","Not on tenure/no tenure system, instructors","44","7","37","0","0","0","1","0","1","6","0","6","3","0","3","0","0","0","32","5","27","0","0","0","0","0","0","2","2","0","-2"
"221759","The University of Tennessee-Knoxville","2014","Not on tenure/no tenure system, lecturers","295","131","164","1","1","0","6","1","5","6","4","2","13","3","10","0","0","0","259","113","146","1","0","1","0","0","0","9","9","0","-2"
"221759","The University of Tennessee-Knoxville","2014","Not on tenure/no tenure system, no academic rank","3","1","2","0","0","0","0","0","0","0","0","0","0","0","0","0","0","0","3","1","2","0","0","0","0","0","0","0","0","0","-2"
"221768","The University of Tennessee-Martin","2014","Tenured total","161","93","68","1","0","1","4","3","1","9","3","6","1","1","0","0","0","0","144","85","59","0","0","0","0","0","0","2","1","1","-2"
"221768","The University of Tennessee-Martin","2014","Tenured, professors","74","49","25","0","0","0","2","1","1","3","1","2","1","1","0","0","0","0","67","45","22","0","0","0","0","0","0","1","1","0","-2"
"221768","The University of Tennessee-Martin","2014","Tenured, associate professors","69","37","32","1","0","1","1","1","0","5","2","3","0","0","0","0","0","0","61","34","27","0","0","0","0","0","0","1","0","1","-2"
"221768","The University of Tennessee-Martin","2014","Tenured, assistant professors","10","2","8","0","0","0","1","1","0","0","0","0","0","0","0","0","0","0","9","1","8","0","0","0","0","0","0","0","0","0","-2"
"221768","The University of Tennessee-Martin","2014","Tenured, instructors","8","5","3","0","0","0","0","0","0","1","0","1","0","0","0","0","0","0","7","5","2","0","0","0","0","0","0","0","0","0","-2"
"221768","The University of Tennessee-Martin","2014","On-Tenure track total","74","46","28","0","0","0","4","2","2","3","2","1","3","2","1","0","0","0","57","35","22","0","0","0","0","0","0","7","5","2","-2"
"221768","The University of Tennessee-Martin","2014","On-tenure track, associate professors","6","5","1","0","0","0","0","0","0","0","0","0","0","0","0","0","0","0","6","5","1","0","0","0","0","0","0","0","0","0","-2"
"221768","The University of Tennessee-Martin","2014","On-tenure track, assistant professors","64","38","26","0","0","0","4","2","2","3","2","1","3","2","1","0","0","0","47","27","20","0","0","0","0","0","0","7","5","2","-2"
"221768","The University of Tennessee-Martin","2014","On-tenure track, instructors","4","3","1","0","0","0","0","0","0","0","0","0","0","0","0","0","0","0","4","3","1","0","0","0","0","0","0","0","0","0","-2"
"221768","The University of Tennessee-Martin","2014","Not on tenure track/No tenure system system total","53","18","35","0","0","0","0","0","0","3","0","3","1","0","1","0","0","0","49","18","31","0","0","0","0","0","0","0","0","0","-2"
"221768","The University of Tennessee-Martin","2014","Not on tenure/no tenure system, assistant professors","2","0","2","0","0","0","0","0","0","1","0","1","0","0","0","0","0","0","1","0","1","0","0","0","0","0","0","0","0","0","-2"
"221768","The University of Tennessee-Martin","2014","Not on tenure/no tenure system, instructors","2","1","1","0","0","0","0","0","0","0","0","0","0","0","0","0","0","0","2","1","1","0","0","0","0","0","0","0","0","0","-2"
"221768","The University of Tennessee-Martin","2014","Not on tenure/no tenure system, lecturers","43","16","27","0","0","0","0","0","0","1","0","1","1","0","1","0","0","0","41","16","25","0","0","0","0","0","0","0","0","0","-2"
"221768","The University of Tennessee-Martin","2014","Not on tenure/no tenure system, no academic rank","6","1","5","0","0","0","0","0","0","1","0","1","0","0","0","0","0","0","5","1","4","0","0","0","0","0","0","0","0","0","-2"
"221838","Tennessee State University","2014","Tenured total","235","141","94","1","0","1","33","26","7","92","47","45","6","2","4","0","0","0","91","54","37","3","3","0","1","1","0","8","8","0","-2"
"221838","Tennessee State University","2014","Tenured, professors","103","69","34","0","0","0","19","16","3","39","24","15","3","1","2","0","0","0","39","25","14","2","2","0","0","0","0","1","1","0","-2"
"221838","Tennessee State University","2014","Tenured, associate professors","95","54","41","1","0","1","12","9","3","29","13","16","3","1","2","0","0","0","41","22","19","1","1","0","1","1","0","7","7","0","-2"
"221838","Tennessee State University","2014","Tenured, assistant professors","34","16","18","0","0","0","2","1","1","21","8","13","0","0","0","0","0","0","11","7","4","0","0","0","0","0","0","0","0","0","-2"
"221838","Tennessee State University","2014","Tenured, instructors","3","2","1","0","0","0","0","0","0","3","2","1","0","0","0","0","0","0","0","0","0","0","0","0","0","0","0","0","0","0","-2"
"221838","Tennessee State University","2014","On-Tenure track total","73","27","46","1","0","1","1","1","0","29","5","24","3","1","2","0","0","0","22","10","12","4","1","3","0","0","0","13","9","4","-2"
"221838","Tennessee State University","2014","On-tenure track, professors","1","0","1","0","0","0","0","0","0","1","0","1","0","0","0","0","0","0","0","0","0","0","0","0","0","0","0","0","0","0","-2"
"221838","Tennessee State University","2014","On-tenure track, associate professors","14","7","7","1","0","1","0","0","0","8","2","6","1","1","0","0","0","0","3","3","0","0","0","0","0","0","0","1","1","0","-2"
"221838","Tennessee State University","2014","On-tenure track, assistant professors","58","20","38","0","0","0","1","1","0","20","3","17","2","0","2","0","0","0","19","7","12","4","1","3","0","0","0","12","8","4","-2"
"221838","Tennessee State University","2014","Not on tenure track/No tenure system system total","25","13","12","0","0","0","0","0","0","13","6","7","0","0","0","0","0","0","10","6","4","1","1","0","0","0","0","1","0","1","-2"
"221838","Tennessee State University","2014","Not on tenure/no tenure system, no academic rank","25","13","12","0","0","0","0","0","0","13","6","7","0","0","0","0","0","0","10","6","4","1","1","0","0","0","0","1","0","1","-2"
"221999","Vanderbilt University","2014","Tenured total","931","699","232","2","1","1","55","41","14","31","19","12","21","16","5","0","0","0","790","601","189","0","0","0","20","14","6","12","7","5","-2"
"221999","Vanderbilt University","2014","Tenured, professors","622","500","122","0","0","0","30","24","6","15","9","6","13","11","2","0","0","0","547","442","105","0","0","0","13","10","3","4","4","0","-2"
"221999","Vanderbilt University","2014","Tenured, associate professors","309","199","110","2","1","1","25","17","8","16","10","6","8","5","3","0","0","0","243","159","84","0","0","0","7","4","3","8","3","5","-2"
"221999","Vanderbilt University","2014","On-Tenure track total","330","195","135","1","0","1","37","21","16","11","4","7","13","9","4","1","1","0","227","136","91","1","1","0","20","10","10","19","13","6","-2"
"221999","Vanderbilt University","2014","On-tenure track, associate professors","13","10","3","0","0","0","2","0","2","1","1","0","0","0","0","0","0","0","10","9","1","0","0","0","0","0","0","0","0","0","-2"
"221999","Vanderbilt University","2014","On-tenure track, assistant professors","317","185","132","1","0","1","35","21","14","10","3","7","13","9","4","1","1","0","217","127","90","1","1","0","20","10","10","19","13","6","-2"
"221999","Vanderbilt University","2014","Not on tenure track/No tenure system system total","2147","963","1184","4","1","3","163","78","85","78","31","47","45","18","27","1","1","0","1764","782","982","4","3","1","58","31","27","30","18","12","-2"
"221999","Vanderbilt University","2014","Not on tenure/no tenure system, professors","178","127","51","0","0","0","15","11","4","5","4","1","1","1","0","0","0","0","154","109","45","0","0","0","2","1","1","1","1","0","-2"
"221999","Vanderbilt University","2014","Not on tenure/no tenure system, associate professors","323","204","119","1","0","1","27","18","9","16","10","6","6","2","4","1","1","0","261","166","95","0","0","0","9","5","4","2","2","0","-2"
"221999","Vanderbilt University","2014","Not on tenure/no tenure system, assistant professors","929","467","462","1","1","0","93","43","50","29","10","19","21","10","11","0","0","0","734","371","363","2","2","0","30","18","12","19","12","7","-2"
"221999","Vanderbilt University","2014","Not on tenure/no tenure system, instructors","544","101","443","2","0","2","21","6","15","22","5","17","9","3","6","0","0","0","480","80","400","0","0","0","8","5","3","2","2","0","-2"
"221999","Vanderbilt University","2014","Not on tenure/no tenure system, lecturers","166","62","104","0","0","0","7","0","7","6","2","4","8","2","6","0","0","0","130","55","75","2","1","1","8","2","6","5","0","5","-2"
"221999","Vanderbilt University","2014","Not on tenure/no tenure system, no academic rank","7","2","5","0","0","0","0","0","0","0","0","0","0","0","0","0","0","0","5","1","4","0","0","0","1","0","1","1","1","0","-2"
"225511","University of Houston","2014","Tenured total","717","527","190","2","2","0","127","88","39","28","18","10","55","33","22","0","0","0","503","385","118","2","1","1","0","0","0","0","0","0","-2"
"225511","University of Houston","2014","Tenured, professors","394","325","69","0","0","0","72","58","14","10","9","1","19","12","7","0","0","0","293","246","47","0","0","0","0","0","0","0","0","0","-2"
"225511","University of Houston","2014","Tenured, associate professors","323","202","121","2","2","0","55","30","25","18","9","9","36","21","15","0","0","0","210","139","71","2","1","1","0","0","0","0","0","0","-2"
"225511","University of Houston","2014","On-Tenure track total","230","137","93","1","1","0","53","39","14","6","4","2","11","4","7","0","0","0","124","65","59","2","1","1","1","0","1","32","23","9","-2"
"225511","University of Houston","2014","On-tenure track, professors","3","3","0","0","0","0","0","0","0","0","0","0","0","0","0","0","0","0","2","2","0","0","0","0","0","0","0","1","1","0","-2"
"225511","University of Houston","2014","On-tenure track, associate professors","17","12","5","0","0","0","9","7","2","0","0","0","1","0","1","0","0","0","6","5","1","1","0","1","0","0","0","0","0","0","-2"
"225511","University of Houston","2014","On-tenure track, assistant professors","210","122","88","1","1","0","44","32","12","6","4","2","10","4","6","0","0","0","116","58","58","1","1","0","1","0","1","31","22","9","-2"
"225511","University of Houston","2014","Not on tenure track/No tenure system system total","232","103","129","0","0","0","16","9","7","12","3","9","26","9","17","0","0","0","163","72","91","3","1","2","0","0","0","12","9","3","-2"
"225511","University of Houston","2014","Not on tenure/no tenure system, lecturers","61","20","41","0","0","0","2","0","2","2","1","1","14","5","9","0","0","0","40","14","26","2","0","2","0","0","0","1","0","1","-2"
"225511","University of Houston","2014","Not on tenure/no tenure system, no academic rank","171","83","88","0","0","0","14","9","5","10","2","8","12","4","8","0","0","0","123","58","65","1","1","0","0","0","0","11","9","2","-2"
"225627","University of the Incarnate Word","2014","Tenured total","123","61","62","0","0","0","9","7","2","5","0","5","24","14","10","0","0","0","83","39","44","0","0","0","0","0","0","2","1","1","-2"
"225627","University of the Incarnate Word","2014","Tenured, professors","54","28","26","0","0","0","4","3","1","2","0","2","4","2","2","0","0","0","43","22","21","0","0","0","0","0","0","1","1","0","-2"
"225627","University of the Incarnate Word","2014","Tenured, associate professors","69","33","36","0","0","0","5","4","1","3","0","3","20","12","8","0","0","0","40","17","23","0","0","0","0","0","0","1","0","1","-2"
"225627","University of the Incarnate Word","2014","On-Tenure track total","99","42","57","1","0","1","6","2","4","5","2","3","20","7","13","0","0","0","65","31","34","1","0","1","0","0","0","1","0","1","-2"
"225627","University of the Incarnate Word","2014","On-tenure track, professors","2","2","0","0","0","0","0","0","0","0","0","0","0","0","0","0","0","0","2","2","0","0","0","0","0","0","0","0","0","0","-2"
"225627","University of the Incarnate Word","2014","On-tenure track, associate professors","18","8","10","0","0","0","2","1","1","1","1","0","1","0","1","0","0","0","13","6","7","1","0","1","0","0","0","0","0","0","-2"
"225627","University of the Incarnate Word","2014","On-tenure track, assistant professors","78","31","47","1","0","1","4","1","3","4","1","3","18","6","12","0","0","0","50","23","27","0","0","0","0","0","0","1","0","1","-2"
"225627","University of the Incarnate Word","2014","On-tenure track, instructors","1","1","0","0","0","0","0","0","0","0","0","0","1","1","0","0","0","0","0","0","0","0","0","0","0","0","0","0","0","0","-2"
"225627","University of the Incarnate Word","2014","Not on tenure track/No tenure system system total","83","34","49","0","0","0","3","1","2","5","4","1","26","11","15","0","0","0","49","18","31","0","0","0","0","0","0","0","0","0","-2"
"225627","University of the Incarnate Word","2014","Not on tenure/no tenure system, professors","5","3","2","0","0","0","0","0","0","0","0","0","2","1","1","0","0","0","3","2","1","0","0","0","0","0","0","0","0","0","-2"
"225627","University of the Incarnate Word","2014","Not on tenure/no tenure system, associate professors","2","2","0","0","0","0","0","0","0","0","0","0","1","1","0","0","0","0","1","1","0","0","0","0","0","0","0","0","0","0","-2"
"225627","University of the Incarnate Word","2014","Not on tenure/no tenure system, assistant professors","20","10","10","0","0","0","1","0","1","3","2","1","6","3","3","0","0","0","10","5","5","0","0","0","0","0","0","0","0","0","-2"
"225627","University of the Incarnate Word","2014","Not on tenure/no tenure system, instructors","56","19","37","0","0","0","2","1","1","2","2","0","17","6","11","0","0","0","35","10","25","0","0","0","0","0","0","0","0","0","-2"
"227757","Rice University","2014","Tenured total","417","314","103","0","0","0","48","32","16","7","5","2","20","17","3","0","0","0","340","259","81","1","0","1","0","0","0","1","1","0","-2"
"227757","Rice University","2014","Tenured, professors","300","242","58","0","0","0","28","22","6","4","4","0","14","12","2","0","0","0","253","203","50","0","0","0","0","0","0","1","1","0","-2"
"227757","Rice University","2014","Tenured, associate professors","117","72","45","0","0","0","20","10","10","3","1","2","6","5","1","0","0","0","87","56","31","1","0","1","0","0","0","0","0","0","-2"
"227757","Rice University","2014","On-Tenure track total","94","62","32","0","0","0","9","6","3","3","3","0","7","5","2","0","0","0","64","41","23","3","2","1","0","0","0","8","5","3","-2"
"227757","Rice University","2014","On-tenure track, assistant professors","94","62","32","0","0","0","9","6","3","3","3","0","7","5","2","0","0","0","64","41","23","3","2","1","0","0","0","8","5","3","-2"
"227757","Rice University","2014","Not on tenure track/No tenure system system total","130","68","62","0","0","0","11","6","5","1","0","1","9","4","5","0","0","0","97","52","45","2","1","1","0","0","0","10","5","5","-2"
"227757","Rice University","2014","Not on tenure/no tenure system, professors","1","1","0","0","0","0","0","0","0","0","0","0","0","0","0","0","0","0","1","1","0","0","0","0","0","0","0","0","0","0","-2"
"227757","Rice University","2014","Not on tenure/no tenure system, associate professors","1","0","1","0","0","0","0","0","0","0","0","0","0","0","0","0","0","0","1","0","1","0","0","0","0","0","0","0","0","0","-2"
"227757","Rice University","2014","Not on tenure/no tenure system, instructors","21","16","5","0","0","0","3","3","0","0","0","0","0","0","0","0","0","0","13","9","4","0","0","0","0","0","0","5","4","1","-2"
"227757","Rice University","2014","Not on tenure/no tenure system, lecturers","104","49","55","0","0","0","8","3","5","1","0","1","9","4","5","0","0","0","80","40","40","1","1","0","0","0","0","5","1","4","-2"
"227757","Rice University","2014","Not on tenure/no tenure system, no academic rank","3","2","1","0","0","0","0","0","0","0","0","0","0","0","0","0","0","0","2","2","0","1","0","1","0","0","0","0","0","0","-2"
"228459","Texas State University","2014","Tenured total","524","314","210","1","1","0","37","26","11","29","19","10","50","28","22","0","0","0","362","206","156","5","3","2","22","17","5","18","14","4","-2"
"228459","Texas State University","2014","Tenured, professors","268","179","89","1","1","0","17","11","6","10","8","2","15","11","4","0","0","0","207","131","76","3","2","1","13","13","0","2","2","0","-2"
"228459","Texas State University","2014","Tenured, associate professors","249","131","118","0","0","0","20","15","5","18","11","7","34","17","17","0","0","0","150","71","79","2","1","1","9","4","5","16","12","4","-2"
"228459","Texas State University","2014","Tenured, assistant professors","6","3","3","0","0","0","0","0","0","1","0","1","1","0","1","0","0","0","4","3","1","0","0","0","0","0","0","0","0","0","-2"
"228459","Texas State University","2014","Tenured, instructors","1","1","0","0","0","0","0","0","0","0","0","0","0","0","0","0","0","0","1","1","0","0","0","0","0","0","0","0","0","0","-2"
"228459","Texas State University","2014","On-Tenure track total","191","92","99","1","1","0","24","14","10","6","4","2","24","9","15","0","0","0","110","49","61","0","0","0","24","14","10","2","1","1","-2"
"228459","Texas State University","2014","On-tenure track, professors","1","0","1","0","0","0","0","0","0","0","0","0","0","0","0","0","0","0","0","0","0","0","0","0","1","0","1","0","0","0","-2"
"228459","Texas State University","2014","On-tenure track, associate professors","10","3","7","0","0","0","1","0","1","1","0","1","0","0","0","0","0","0","7","2","5","0","0","0","1","1","0","0","0","0","-2"
"228459","Texas State University","2014","On-tenure track, assistant professors","180","89","91","1","1","0","23","14","9","5","4","1","24","9","15","0","0","0","103","47","56","0","0","0","22","13","9","2","1","1","-2"
"228459","Texas State University","2014","Not on tenure track/No tenure system system total","464","197","267","0","0","0","21","9","12","15","6","9","32","11","21","0","0","0","355","157","198","2","0","2","33","10","23","6","4","2","-2"
"228459","Texas State University","2014","Not on tenure/no tenure system, professors","4","3","1","0","0","0","0","0","0","0","0","0","0","0","0","0","0","0","4","3","1","0","0","0","0","0","0","0","0","0","-2"
"228459","Texas State University","2014","Not on tenure/no tenure system, associate professors","10","0","10","0","0","0","1","0","1","0","0","0","0","0","0","0","0","0","8","0","8","0","0","0","1","0","1","0","0","0","-2"
"228459","Texas State University","2014","Not on tenure/no tenure system, assistant professors","18","4","14","0","0","0","0","0","0","3","1","2","1","1","0","0","0","0","13","2","11","0","0","0","1","0","1","0","0","0","-2"
"228459","Texas State University","2014","Not on tenure/no tenure system, instructors","1","0","1","0","0","0","0","0","0","0","0","0","0","0","0","0","0","0","1","0","1","0","0","0","0","0","0","0","0","0","-2"
"228459","Texas State University","2014","Not on tenure/no tenure system, lecturers","418","187","231","0","0","0","20","9","11","11","4","7","28","10","18","0","0","0","323","151","172","2","0","2","29","10","19","5","3","2","-2"
"228459","Texas State University","2014","Not on tenure/no tenure system, no academic rank","13","3","10","0","0","0","0","0","0","1","1","0","3","0","3","0","0","0","6","1","5","0","0","0","2","0","2","1","1","0","-2"
"228723","Texas A & M University-College Station","2014","Tenured total","1541","1174","367","3","2","1","237","193","44","51","33","18","90","63","27","0","0","0","1142","868","274","4","4","0","9","9","0","5","2","3","-2"
"228723","Texas A & M University-College Station","2014","Tenured, professors","927","763","164","1","0","1","120","105","15","23","17","6","38","28","10","0","0","0","739","607","132","1","1","0","5","5","0","0","0","0","-2"
"228723","Texas A & M University-College Station","2014","Tenured, associate professors","610","409","201","2","2","0","116","87","29","28","16","12","52","35","17","0","0","0","400","260","140","3","3","0","4","4","0","5","2","3","-2"
"228723","Texas A & M University-College Station","2014","Tenured, assistant professors","4","2","2","0","0","0","1","1","0","0","0","0","0","0","0","0","0","0","3","1","2","0","0","0","0","0","0","0","0","0","-2"
"228723","Texas A & M University-College Station","2014","On-Tenure track total","403","247","156","1","0","1","62","35","27","18","9","9","26","15","11","0","0","0","236","148","88","3","0","3","8","6","2","49","34","15","-2"
"228723","Texas A & M University-College Station","2014","On-tenure track, professors","35","31","4","0","0","0","5","4","1","1","1","0","0","0","0","0","0","0","28","25","3","0","0","0","0","0","0","1","1","0","-2"
"228723","Texas A & M University-College Station","2014","On-tenure track, associate professors","63","37","26","0","0","0","9","4","5","3","2","1","4","2","2","0","0","0","40","25","15","2","0","2","2","2","0","3","2","1","-2"
"228723","Texas A & M University-College Station","2014","On-tenure track, assistant professors","305","179","126","1","0","1","48","27","21","14","6","8","22","13","9","0","0","0","168","98","70","1","0","1","6","4","2","45","31","14","-2"
"228723","Texas A & M University-College Station","2014","Not on tenure track/No tenure system system total","968","493","475","4","2","2","81","45","36","29","12","17","52","32","20","2","2","0","703","339","364","10","5","5","15","9","6","72","47","25","-2"
"228723","Texas A & M University-College Station","2014","Not on tenure/no tenure system, professors","93","63","30","0","0","0","10","9","1","1","0","1","1","0","1","1","1","0","74","47","27","0","0","0","2","2","0","4","4","0","-2"
"228723","Texas A & M University-College Station","2014","Not on tenure/no tenure system, associate professors","106","59","47","0","0","0","15","10","5","2","0","2","2","1","1","0","0","0","87","48","39","0","0","0","0","0","0","0","0","0","-2"
"228723","Texas A & M University-College Station","2014","Not on tenure/no tenure system, assistant professors","261","132","129","1","1","0","30","16","14","11","6","5","20","11","9","1","1","0","154","63","91","2","2","0","9","5","4","33","27","6","-2"
"228723","Texas A & M University-College Station","2014","Not on tenure/no tenure system, instructors","236","120","116","2","1","1","9","6","3","3","2","1","11","7","4","0","0","0","191","94","97","2","2","0","0","0","0","18","8","10","-2"
"228723","Texas A & M University-College Station","2014","Not on tenure/no tenure system, lecturers","272","119","153","1","0","1","17","4","13","12","4","8","18","13","5","0","0","0","197","87","110","6","1","5","4","2","2","17","8","9","-2"
"228778","The University of Texas at Austin","2014","Tenured total","1517","1069","448","9","4","5","132","97","35","62","36","26","80","50","30","0","0","0","1209","868","341","8","2","6","0","0","0","17","12","5","-2"
"228778","The University of Texas at Austin","2014","Tenured, professors","992","764","228","6","4","2","83","68","15","23","17","6","44","32","12","0","0","0","825","636","189","4","2","2","0","0","0","7","5","2","-2"
"228778","The University of Texas at Austin","2014","Tenured, associate professors","525","305","220","3","0","3","49","29","20","39","19","20","36","18","18","0","0","0","384","232","152","4","0","4","0","0","0","10","7","3","-2"
"228778","The University of Texas at Austin","2014","On-Tenure track total","382","215","167","0","0","0","55","35","20","21","11","10","34","19","15","0","0","0","220","124","96","8","4","4","0","0","0","44","22","22","-2"
"228778","The University of Texas at Austin","2014","On-tenure track, associate professors","2","0","2","0","0","0","0","0","0","0","0","0","0","0","0","0","0","0","2","0","2","0","0","0","0","0","0","0","0","0","-2"
"228778","The University of Texas at Austin","2014","On-tenure track, assistant professors","380","215","165","0","0","0","55","35","20","21","11","10","34","19","15","0","0","0","218","124","94","8","4","4","0","0","0","44","22","22","-2"
"228778","The University of Texas at Austin","2014","Not on tenure track/No tenure system system total","846","387","459","1","0","1","63","26","37","16","8","8","64","17","47","0","0","0","653","303","350","5","3","2","0","0","0","44","30","14","-2"
"228778","The University of Texas at Austin","2014","Not on tenure/no tenure system, lecturers","558","272","286","1","0","1","46","19","27","11","7","4","34","9","25","0","0","0","438","218","220","1","1","0","0","0","0","27","18","9","-2"
"228778","The University of Texas at Austin","2014","Not on tenure/no tenure system, no academic rank","288","115","173","0","0","0","17","7","10","5","1","4","30","8","22","0","0","0","215","85","130","4","2","2","0","0","0","17","12","5","-2"
"228796","The University of Texas at El Paso","2014","Tenured total","344","246","98","0","0","0","40","28","12","4","4","0","100","68","32","0","0","0","194","142","52","3","3","0","0","0","0","3","1","2","-2"
"228796","The University of Texas at El Paso","2014","Tenured, professors","164","125","39","0","0","0","18","13","5","2","2","0","39","26","13","0","0","0","102","81","21","3","3","0","0","0","0","0","0","0","-2"
"228796","The University of Texas at El Paso","2014","Tenured, associate professors","180","121","59","0","0","0","22","15","7","2","2","0","61","42","19","0","0","0","92","61","31","0","0","0","0","0","0","3","1","2","-2"
"228796","The University of Texas at El Paso","2014","On-Tenure track total","134","71","63","0","0","0","23","13","10","6","2","4","36","18","18","0","0","0","50","28","22","1","1","0","0","0","0","18","9","9","-2"
"228796","The University of Texas at El Paso","2014","On-tenure track, associate professors","10","8","2","0","0","0","1","1","0","0","0","0","4","3","1","0","0","0","5","4","1","0","0","0","0","0","0","0","0","0","-2"
"228796","The University of Texas at El Paso","2014","On-tenure track, assistant professors","124","63","61","0","0","0","22","12","10","6","2","4","32","15","17","0","0","0","45","24","21","1","1","0","0","0","0","18","9","9","-2"
"228796","The University of Texas at El Paso","2014","Not on tenure track/No tenure system system total","231","93","138","1","0","1","10","2","8","2","0","2","97","38","59","0","0","0","105","45","60","2","1","1","1","0","1","13","7","6","-2"
"228796","The University of Texas at El Paso","2014","Not on tenure/no tenure system, lecturers","231","93","138","1","0","1","10","2","8","2","0","2","97","38","59","0","0","0","105","45","60","2","1","1","1","0","1","13","7","6","-2"
"229063","Texas Southern University","2014","Tenured total","221","132","89","0","0","0","33","21","12","133","75","58","4","3","1","0","0","0","32","20","12","0","0","0","0","0","0","19","13","6","-2"
"229063","Texas Southern University","2014","Tenured, professors","110","77","33","0","0","0","11","9","2","70","46","24","3","3","0","0","0","0","14","11","3","0","0","0","0","0","0","12","8","4","-2"
"229063","Texas Southern University","2014","Tenured, associate professors","102","49","53","0","0","0","22","12","10","56","24","32","1","0","1","0","0","0","17","9","8","0","0","0","0","0","0","6","4","2","-2"
"229063","Texas Southern University","2014","Tenured, assistant professors","9","6","3","0","0","0","0","0","0","7","5","2","0","0","0","0","0","0","1","0","1","0","0","0","0","0","0","1","1","0","-2"
"229063","Texas Southern University","2014","On-Tenure track total","57","19","38","0","0","0","10","5","5","39","9","30","0","0","0","0","0","0","8","5","3","0","0","0","0","0","0","0","0","0","-2"
"229063","Texas Southern University","2014","On-tenure track, associate professors","11","3","8","0","0","0","2","0","2","6","2","4","0","0","0","0","0","0","3","1","2","0","0","0","0","0","0","0","0","0","-2"
"229063","Texas Southern University","2014","On-tenure track, assistant professors","46","16","30","0","0","0","8","5","3","33","7","26","0","0","0","0","0","0","5","4","1","0","0","0","0","0","0","0","0","0","-2"
"229063","Texas Southern University","2014","Not on tenure track/No tenure system system total","144","73","71","0","0","0","6","4","2","111","52","59","10","6","4","0","0","0","13","8","5","0","0","0","1","1","0","3","2","1","-2"
"229063","Texas Southern University","2014","Not on tenure/no tenure system, instructors","7","5","2","0","0","0","0","0","0","3","3","0","3","2","1","0","0","0","1","0","1","0","0","0","0","0","0","0","0","0","-2"
"229063","Texas Southern University","2014","Not on tenure/no tenure system, no academic rank","137","68","69","0","0","0","6","4","2","108","49","59","7","4","3","0","0","0","12","8","4","0","0","0","1","1","0","3","2","1","-2"
"229115","Texas Tech University","2014","Tenured total","685","491","194","3","2","1","37","29","8","14","8","6","34","22","12","0","0","0","486","352","134","1","1","0","0","0","0","110","77","33","-2"
"229115","Texas Tech University","2014","Tenured, professors","316","244","72","2","1","1","25","21","4","8","4","4","12","8","4","0","0","0","243","187","56","1","1","0","0","0","0","25","22","3","-2"
"229115","Texas Tech University","2014","Tenured, associate professors","363","241","122","1","1","0","12","8","4","5","3","2","21","13","8","0","0","0","239","161","78","0","0","0","0","0","0","85","55","30","-2"
"229115","Texas Tech University","2014","Tenured, assistant professors","6","6","0","0","0","0","0","0","0","1","1","0","1","1","0","0","0","0","4","4","0","0","0","0","0","0","0","0","0","0","-2"
"229115","Texas Tech University","2014","On-Tenure track total","291","177","114","1","1","0","11","8","3","7","4","3","18","10","8","0","0","0","174","104","70","4","3","1","0","0","0","76","47","29","-2"
"229115","Texas Tech University","2014","On-tenure track, professors","1","0","1","0","0","0","0","0","0","0","0","0","0","0","0","0","0","0","1","0","1","0","0","0","0","0","0","0","0","0","-2"
"229115","Texas Tech University","2014","On-tenure track, associate professors","29","19","10","0","0","0","2","2","0","0","0","0","1","1","0","0","0","0","22","12","10","0","0","0","0","0","0","4","4","0","-2"
"229115","Texas Tech University","2014","On-tenure track, assistant professors","261","158","103","1","1","0","9","6","3","7","4","3","17","9","8","0","0","0","151","92","59","4","3","1","0","0","0","72","43","29","-2"
"229115","Texas Tech University","2014","Not on tenure track/No tenure system system total","278","123","155","1","1","0","8","4","4","5","0","5","24","11","13","0","0","0","198","82","116","1","1","0","0","0","0","41","24","17","-2"
"229115","Texas Tech University","2014","Not on tenure/no tenure system, professors","4","4","0","0","0","0","0","0","0","0","0","0","0","0","0","0","0","0","4","4","0","0","0","0","0","0","0","0","0","0","-2"
"229115","Texas Tech University","2014","Not on tenure/no tenure system, associate professors","7","4","3","0","0","0","1","1","0","0","0","0","0","0","0","0","0","0","3","0","3","0","0","0","0","0","0","3","3","0","-2"
"229115","Texas Tech University","2014","Not on tenure/no tenure system, assistant professors","38","17","21","0","0","0","2","1","1","2","0","2","4","1","3","0","0","0","16","6","10","1","1","0","0","0","0","13","8","5","-2"
"229115","Texas Tech University","2014","Not on tenure/no tenure system, instructors","225","94","131","1","1","0","5","2","3","3","0","3","20","10","10","0","0","0","172","69","103","0","0","0","0","0","0","24","12","12","-2"
"229115","Texas Tech University","2014","Not on tenure/no tenure system, no academic rank","4","4","0","0","0","0","0","0","0","0","0","0","0","0","0","0","0","0","3","3","0","0","0","0","0","0","0","1","1","0","-2"
"230728","Utah State University","2014","Tenured total","484","350","134","1","1","0","22","17","5","2","2","0","16","6","10","0","0","0","420","307","113","2","1","1","21","16","5","0","0","0","-2"
"230728","Utah State University","2014","Tenured, professors","223","181","42","0","0","0","10","9","1","1","1","0","2","1","1","0","0","0","200","161","39","1","1","0","9","8","1","0","0","0","-2"
"230728","Utah State University","2014","Tenured, associate professors","260","168","92","1","1","0","12","8","4","1","1","0","14","5","9","0","0","0","219","145","74","1","0","1","12","8","4","0","0","0","-2"
"230728","Utah State University","2014","Tenured, instructors","1","1","0","0","0","0","0","0","0","0","0","0","0","0","0","0","0","0","1","1","0","0","0","0","0","0","0","0","0","0","-2"
"230728","Utah State University","2014","On-Tenure track total","208","124","84","0","0","0","17","9","8","1","0","1","11","8","3","0","0","0","130","75","55","3","2","1","32","22","10","14","8","6","-2"
"230728","Utah State University","2014","On-tenure track, professors","1","1","0","0","0","0","0","0","0","0","0","0","0","0","0","0","0","0","0","0","0","0","0","0","1","1","0","0","0","0","-2"
"230728","Utah State University","2014","On-tenure track, associate professors","6","5","1","0","0","0","1","1","0","0","0","0","0","0","0","0","0","0","4","3","1","0","0","0","0","0","0","1","1","0","-2"
"230728","Utah State University","2014","On-tenure track, assistant professors","200","117","83","0","0","0","16","8","8","1","0","1","11","8","3","0","0","0","125","71","54","3","2","1","31","21","10","13","7","6","-2"
"230728","Utah State University","2014","On-tenure track, instructors","1","1","0","0","0","0","0","0","0","0","0","0","0","0","0","0","0","0","1","1","0","0","0","0","0","0","0","0","0","0","-2"
"230728","Utah State University","2014","Not on tenure track/No tenure system system total","186","88","98","1","0","1","1","0","1","2","1","1","4","2","2","0","0","0","141","70","71","1","0","1","32","13","19","4","2","2","-2"
"230728","Utah State University","2014","Not on tenure/no tenure system, professors","2","2","0","0","0","0","0","0","0","0","0","0","0","0","0","0","0","0","1","1","0","0","0","0","1","1","0","0","0","0","-2"
"230728","Utah State University","2014","Not on tenure/no tenure system, associate professors","9","5","4","0","0","0","0","0","0","0","0","0","0","0","0","0","0","0","7","5","2","0","0","0","2","0","2","0","0","0","-2"
"230728","Utah State University","2014","Not on tenure/no tenure system, assistant professors","43","16","27","0","0","0","0","0","0","0","0","0","1","1","0","0","0","0","29","11","18","0","0","0","10","3","7","3","1","2","-2"
"230728","Utah State University","2014","Not on tenure/no tenure system, instructors","23","10","13","0","0","0","0","0","0","0","0","0","0","0","0","0","0","0","20","8","12","0","0","0","3","2","1","0","0","0","-2"
"230728","Utah State University","2014","Not on tenure/no tenure system, lecturers","109","55","54","1","0","1","1","0","1","2","1","1","3","1","2","0","0","0","84","45","39","1","0","1","16","7","9","1","1","0","-2"
"230764","University of Utah","2014","Tenured total","794","571","223","3","1","2","80","65","15","7","5","2","28","21","7","0","0","0","635","450","185","4","2","2","31","22","9","6","5","1","-2"
"230764","University of Utah","2014","Tenured, professors","525","405","120","3","1","2","52","43","9","2","1","1","12","10","2","0","0","0","434","334","100","2","1","1","15","11","4","5","4","1","-2"
"230764","University of Utah","2014","Tenured, associate professors","267","165","102","0","0","0","28","22","6","5","4","1","16","11","5","0","0","0","199","115","84","2","1","1","16","11","5","1","1","0","-2"
"230764","University of Utah","2014","Tenured, assistant professors","1","0","1","0","0","0","0","0","0","0","0","0","0","0","0","0","0","0","1","0","1","0","0","0","0","0","0","0","0","0","-2"
"230764","University of Utah","2014","Tenured, lecturers","1","1","0","0","0","0","0","0","0","0","0","0","0","0","0","0","0","0","1","1","0","0","0","0","0","0","0","0","0","0","-2"
"230764","University of Utah","2014","On-Tenure track total","269","143","126","1","0","1","37","22","15","2","1","1","17","6","11","0","0","0","168","89","79","7","3","4","25","16","9","12","6","6","-2"
"230764","University of Utah","2014","On-tenure track, professors","8","4","4","0","0","0","0","0","0","0","0","0","0","0","0","0","0","0","8","4","4","0","0","0","0","0","0","0","0","0","-2"
"230764","University of Utah","2014","On-tenure track, associate professors","36","20","16","0","0","0","5","2","3","0","0","0","1","0","1","0","0","0","23","12","11","0","0","0","7","6","1","0","0","0","-2"
"230764","University of Utah","2014","On-tenure track, assistant professors","225","119","106","1","0","1","32","20","12","2","1","1","16","6","10","0","0","0","137","73","64","7","3","4","18","10","8","12","6","6","-2"
"230764","University of Utah","2014","Not on tenure track/No tenure system system total","586","296","290","2","1","1","23","11","12","4","2","2","11","8","3","2","0","2","475","234","241","7","3","4","41","23","18","21","14","7","-2"
"230764","University of Utah","2014","Not on tenure/no tenure system, professors","54","35","19","0","0","0","2","2","0","0","0","0","1","1","0","0","0","0","46","28","18","0","0","0","5","4","1","0","0","0","-2"
"230764","University of Utah","2014","Not on tenure/no tenure system, associate professors","65","29","36","0","0","0","3","2","1","0","0","0","0","0","0","0","0","0","52","19","33","1","1","0","8","7","1","1","0","1","-2"
"230764","University of Utah","2014","Not on tenure/no tenure system, assistant professors","121","62","59","0","0","0","7","4","3","2","1","1","6","5","1","0","0","0","89","44","45","2","0","2","8","3","5","7","5","2","-2"
"230764","University of Utah","2014","Not on tenure/no tenure system, instructors","38","7","31","0","0","0","2","0","2","1","0","1","0","0","0","0","0","0","33","7","26","0","0","0","1","0","1","1","0","1","-2"
"230764","University of Utah","2014","Not on tenure/no tenure system, lecturers","248","139","109","2","1","1","8","3","5","1","1","0","3","2","1","2","0","2","204","115","89","4","2","2","15","7","8","9","8","1","-2"
"230764","University of Utah","2014","Not on tenure/no tenure system, no academic rank","60","24","36","0","0","0","1","0","1","0","0","0","1","0","1","0","0","0","51","21","30","0","0","0","4","2","2","3","1","2","-2"
"232186","George Mason University","2014","Tenured total","689","470","219","3","1","2","82","62","20","24","10","14","16","12","4","0","0","0","506","347","159","0","0","0","55","35","20","3","3","0","-2"
"232186","George Mason University","2014","Tenured, professors","351","273","78","1","1","0","33","27","6","12","6","6","6","6","0","0","0","0","276","216","60","0","0","0","22","16","6","1","1","0","-2"
"232186","George Mason University","2014","Tenured, associate professors","338","197","141","2","0","2","49","35","14","12","4","8","10","6","4","0","0","0","230","131","99","0","0","0","33","19","14","2","2","0","-2"
"232186","George Mason University","2014","On-Tenure track total","206","101","105","0","0","0","11","6","5","4","3","1","3","1","2","0","0","0","57","22","35","1","0","1","105","53","52","25","16","9","-2"
"232186","George Mason University","2014","On-tenure track, associate professors","17","11","6","0","0","0","1","1","0","0","0","0","0","0","0","0","0","0","9","4","5","0","0","0","7","6","1","0","0","0","-2"
"232186","George Mason University","2014","On-tenure track, assistant professors","189","90","99","0","0","0","10","5","5","4","3","1","3","1","2","0","0","0","48","18","30","1","0","1","98","47","51","25","16","9","-2"
"232186","George Mason University","2014","Not on tenure track/No tenure system system total","345","140","205","0","0","0","14","6","8","17","3","14","7","4","3","0","0","0","227","90","137","1","0","1","66","31","35","13","6","7","-2"
"232186","George Mason University","2014","Not on tenure/no tenure system, professors","25","14","11","0","0","0","1","1","0","0","0","0","0","0","0","0","0","0","20","10","10","0","0","0","4","3","1","0","0","0","-2"
"232186","George Mason University","2014","Not on tenure/no tenure system, associate professors","62","23","39","0","0","0","2","0","2","4","1","3","1","1","0","0","0","0","47","18","29","1","0","1","7","3","4","0","0","0","-2"
"232186","George Mason University","2014","Not on tenure/no tenure system, assistant professors","171","64","107","0","0","0","7","3","4","10","2","8","3","1","2","0","0","0","94","35","59","0","0","0","45","18","27","12","5","7","-2"
"232186","George Mason University","2014","Not on tenure/no tenure system, instructors","87","39","48","0","0","0","4","2","2","3","0","3","3","2","1","0","0","0","66","27","39","0","0","0","10","7","3","1","1","0","-2"
"232265","Hampton University","2014","Tenured total","75","43","32","0","0","0","12","9","3","37","16","21","4","2","2","0","0","0","22","16","6","0","0","0","0","0","0","0","0","0","-2"
"232265","Hampton University","2014","Tenured, professors","31","21","10","0","0","0","6","5","1","17","8","9","2","2","0","0","0","0","6","6","0","0","0","0","0","0","0","0","0","0","-2"
"232265","Hampton University","2014","Tenured, associate professors","31","16","15","0","0","0","4","3","1","17","8","9","2","0","2","0","0","0","8","5","3","0","0","0","0","0","0","0","0","0","-2"
"232265","Hampton University","2014","Tenured, assistant professors","13","6","7","0","0","0","2","1","1","3","0","3","0","0","0","0","0","0","8","5","3","0","0","0","0","0","0","0","0","0","-2"
"232265","Hampton University","2014","On-Tenure track total","29","16","13","0","0","0","0","0","0","16","8","8","4","2","2","1","1","0","8","5","3","0","0","0","0","0","0","0","0","0","-2"
"232265","Hampton University","2014","On-tenure track, professors","1","0","1","0","0","0","0","0","0","0","0","0","0","0","0","0","0","0","1","0","1","0","0","0","0","0","0","0","0","0","-2"
"232265","Hampton University","2014","On-tenure track, associate professors","9","6","3","0","0","0","0","0","0","4","3","1","1","0","1","1","1","0","3","2","1","0","0","0","0","0","0","0","0","0","-2"
"232265","Hampton University","2014","On-tenure track, assistant professors","19","10","9","0","0","0","0","0","0","12","5","7","3","2","1","0","0","0","4","3","1","0","0","0","0","0","0","0","0","0","-2"
"232265","Hampton University","2014","Not on tenure track/No tenure system system total","167","64","103","0","0","0","11","6","5","115","38","77","4","0","4","0","0","0","37","20","17","0","0","0","0","0","0","0","0","0","-2"
"232265","Hampton University","2014","Not on tenure/no tenure system, professors","4","3","1","0","0","0","0","0","0","4","3","1","0","0","0","0","0","0","0","0","0","0","0","0","0","0","0","0","0","0","-2"
"232265","Hampton University","2014","Not on tenure/no tenure system, associate professors","19","8","11","0","0","0","4","2","2","9","2","7","0","0","0","0","0","0","6","4","2","0","0","0","0","0","0","0","0","0","-2"
"232265","Hampton University","2014","Not on tenure/no tenure system, assistant professors","104","46","58","0","0","0","7","4","3","67","27","40","2","0","2","0","0","0","28","15","13","0","0","0","0","0","0","0","0","0","-2"
"232265","Hampton University","2014","Not on tenure/no tenure system, instructors","14","1","13","0","0","0","0","0","0","12","1","11","2","0","2","0","0","0","0","0","0","0","0","0","0","0","0","0","0","0","-2"
"232265","Hampton University","2014","Not on tenure/no tenure system, lecturers","6","4","2","0","0","0","0","0","0","5","3","2","0","0","0","0","0","0","1","1","0","0","0","0","0","0","0","0","0","0","-2"
"232265","Hampton University","2014","Not on tenure/no tenure system, no academic rank","20","2","18","0","0","0","0","0","0","18","2","16","0","0","0","0","0","0","2","0","2","0","0","0","0","0","0","0","0","0","-2"
"232982","Old Dominion University","2014","Tenured total","421","293","128","2","1","1","44","34","10","20","12","8","13","10","3","0","0","0","265","177","88","0","0","0","56","42","14","21","17","4","-2"
"232982","Old Dominion University","2014","Tenured, professors","208","166","42","1","0","1","22","20","2","8","6","2","5","5","0","0","0","0","129","99","30","0","0","0","29","23","6","14","13","1","-2"
"232982","Old Dominion University","2014","Tenured, associate professors","213","127","86","1","1","0","22","14","8","12","6","6","8","5","3","0","0","0","136","78","58","0","0","0","27","19","8","7","4","3","-2"
"232982","Old Dominion University","2014","On-Tenure track total","182","103","79","1","1","0","28","18","10","10","4","6","6","4","2","0","0","0","104","57","47","1","1","0","7","3","4","25","15","10","-2"
"232982","Old Dominion University","2014","On-tenure track, professors","3","3","0","0","0","0","1","1","0","0","0","0","0","0","0","0","0","0","2","2","0","0","0","0","0","0","0","0","0","0","-2"
"232982","Old Dominion University","2014","On-tenure track, associate professors","15","8","7","0","0","0","3","2","1","2","1","1","1","1","0","0","0","0","7","3","4","0","0","0","2","1","1","0","0","0","-2"
"232982","Old Dominion University","2014","On-tenure track, assistant professors","164","92","72","1","1","0","24","15","9","8","3","5","5","3","2","0","0","0","95","52","43","1","1","0","5","2","3","25","15","10","-2"
"232982","Old Dominion University","2014","Not on tenure track/No tenure system system total","250","81","169","1","1","0","8","5","3","21","2","19","11","5","6","0","0","0","173","53","120","2","0","2","27","10","17","7","5","2","-2"
"232982","Old Dominion University","2014","Not on tenure/no tenure system, professors","4","4","0","0","0","0","0","0","0","0","0","0","0","0","0","0","0","0","3","3","0","0","0","0","0","0","0","1","1","0","-2"
"232982","Old Dominion University","2014","Not on tenure/no tenure system, associate professors","2","1","1","0","0","0","0","0","0","0","0","0","0","0","0","0","0","0","2","1","1","0","0","0","0","0","0","0","0","0","-2"
"232982","Old Dominion University","2014","Not on tenure/no tenure system, assistant professors","12","4","8","0","0","0","1","0","1","2","0","2","0","0","0","0","0","0","6","3","3","1","0","1","1","0","1","1","1","0","-2"
"232982","Old Dominion University","2014","Not on tenure/no tenure system, instructors","23","9","14","0","0","0","1","1","0","2","0","2","0","0","0","0","0","0","15","5","10","0","0","0","4","3","1","1","0","1","-2"
"232982","Old Dominion University","2014","Not on tenure/no tenure system, lecturers","209","63","146","1","1","0","6","4","2","17","2","15","11","5","6","0","0","0","147","41","106","1","0","1","22","7","15","4","3","1","-2"
"233921","Virginia Polytechnic Institute and State University","2014","Tenured total","1062","785","277","5","2","3","120","95","25","31","20","11","36","30","6","1","0","1","859","631","228","3","1","2","0","0","0","7","6","1","-2"
"233921","Virginia Polytechnic Institute and State University","2014","Tenured, professors","571","462","109","2","0","2","65","58","7","13","9","4","10","9","1","1","0","1","478","385","93","2","1","1","0","0","0","0","0","0","-2"
"233921","Virginia Polytechnic Institute and State University","2014","Tenured, associate professors","491","323","168","3","2","1","55","37","18","18","11","7","26","21","5","0","0","0","381","246","135","1","0","1","0","0","0","7","6","1","-2"
"233921","Virginia Polytechnic Institute and State University","2014","On-Tenure track total","361","230","131","1","1","0","50","35","15","8","3","5","19","10","9","1","1","0","226","141","85","3","3","0","0","0","0","53","36","17","-2"
"233921","Virginia Polytechnic Institute and State University","2014","On-tenure track, professors","2","1","1","0","0","0","1","1","0","0","0","0","0","0","0","0","0","0","1","0","1","0","0","0","0","0","0","0","0","0","-2"
"233921","Virginia Polytechnic Institute and State University","2014","On-tenure track, associate professors","22","22","0","0","0","0","4","4","0","0","0","0","0","0","0","0","0","0","17","17","0","0","0","0","0","0","0","1","1","0","-2"
"233921","Virginia Polytechnic Institute and State University","2014","On-tenure track, assistant professors","337","207","130","1","1","0","45","30","15","8","3","5","19","10","9","1","1","0","208","124","84","3","3","0","0","0","0","52","35","17","-2"
"233921","Virginia Polytechnic Institute and State University","2014","Not on tenure track/No tenure system system total","338","154","184","0","0","0","17","7","10","8","5","3","12","1","11","0","0","0","283","127","156","3","3","0","0","0","0","15","11","4","-2"
"233921","Virginia Polytechnic Institute and State University","2014","Not on tenure/no tenure system, professors","4","3","1","0","0","0","0","0","0","0","0","0","0","0","0","0","0","0","4","3","1","0","0","0","0","0","0","0","0","0","-2"
"233921","Virginia Polytechnic Institute and State University","2014","Not on tenure/no tenure system, associate professors","26","15","11","0","0","0","0","0","0","1","1","0","0","0","0","0","0","0","25","14","11","0","0","0","0","0","0","0","0","0","-2"
"233921","Virginia Polytechnic Institute and State University","2014","Not on tenure/no tenure system, assistant professors","82","37","45","0","0","0","5","4","1","3","1","2","3","1","2","0","0","0","66","28","38","0","0","0","0","0","0","5","3","2","-2"
"233921","Virginia Polytechnic Institute and State University","2014","Not on tenure/no tenure system, instructors","221","96","125","0","0","0","12","3","9","4","3","1","9","0","9","0","0","0","183","79","104","3","3","0","0","0","0","10","8","2","-2"
"233921","Virginia Polytechnic Institute and State University","2014","Not on tenure/no tenure system, lecturers","5","3","2","0","0","0","0","0","0","0","0","0","0","0","0","0","0","0","5","3","2","0","0","0","0","0","0","0","0","0","-2"
"234076","University of Virginia-Main Campus","2014","Tenured total","1044","780","264","0","0","0","74","53","21","40","26","14","22","18","4","0","0","0","893","674","219","8","4","4","0","0","0","7","5","2","-2"
"234076","University of Virginia-Main Campus","2014","Tenured, professors","701","563","138","0","0","0","47","41","6","17","13","4","12","11","1","0","0","0","621","496","125","2","0","2","0","0","0","2","2","0","-2"
"234076","University of Virginia-Main Campus","2014","Tenured, associate professors","343","217","126","0","0","0","27","12","15","23","13","10","10","7","3","0","0","0","272","178","94","6","4","2","0","0","0","5","3","2","-2"
"234076","University of Virginia-Main Campus","2014","On-Tenure track total","322","196","126","0","0","0","42","28","14","13","6","7","10","5","5","0","0","0","222","137","85","3","1","2","0","0","0","32","19","13","-2"
"234076","University of Virginia-Main Campus","2014","On-tenure track, associate professors","63","41","22","0","0","0","7","6","1","1","0","1","1","0","1","0","0","0","50","33","17","1","1","0","0","0","0","3","1","2","-2"
"234076","University of Virginia-Main Campus","2014","On-tenure track, assistant professors","259","155","104","0","0","0","35","22","13","12","6","6","9","5","4","0","0","0","172","104","68","2","0","2","0","0","0","29","18","11","-2"
"234076","University of Virginia-Main Campus","2014","Not on tenure track/No tenure system system total","683","354","329","2","1","1","45","20","25","24","10","14","16","9","7","1","0","1","554","293","261","5","3","2","0","0","0","36","18","18","-2"
"234076","University of Virginia-Main Campus","2014","Not on tenure/no tenure system, professors","69","43","26","0","0","0","0","0","0","0","0","0","0","0","0","0","0","0","68","42","26","0","0","0","0","0","0","1","1","0","-2"
"234076","University of Virginia-Main Campus","2014","Not on tenure/no tenure system, associate professors","208","121","87","0","0","0","12","6","6","12","6","6","2","2","0","0","0","0","179","105","74","2","1","1","0","0","0","1","1","0","-2"
"234076","University of Virginia-Main Campus","2014","Not on tenure/no tenure system, assistant professors","206","90","116","1","1","0","17","10","7","6","2","4","7","4","3","1","0","1","168","71","97","1","1","0","0","0","0","5","1","4","-2"
"234076","University of Virginia-Main Campus","2014","Not on tenure/no tenure system, instructors","45","31","14","1","0","1","4","1","3","3","2","1","2","1","1","0","0","0","23","17","6","1","1","0","0","0","0","11","9","2","-2"
"234076","University of Virginia-Main Campus","2014","Not on tenure/no tenure system, lecturers","155","69","86","0","0","0","12","3","9","3","0","3","5","2","3","0","0","0","116","58","58","1","0","1","0","0","0","18","6","12","-2"
"236939","Washington State University","2014","Tenured total","654","445","209","2","1","1","74","61","13","7","6","1","19","12","7","5","3","2","432","284","148","13","6","7","100","70","30","2","2","0","-2"
"236939","Washington State University","2014","Tenured, professors","348","262","86","0","0","0","38","34","4","2","2","0","10","8","2","4","3","1","252","186","66","8","4","4","33","24","9","1","1","0","-2"
"236939","Washington State University","2014","Tenured, associate professors","305","182","123","2","1","1","36","27","9","5","4","1","9","4","5","1","0","1","179","97","82","5","2","3","67","46","21","1","1","0","-2"
"236939","Washington State University","2014","Tenured, assistant professors","1","1","0","0","0","0","0","0","0","0","0","0","0","0","0","0","0","0","1","1","0","0","0","0","0","0","0","0","0","0","-2"
"236939","Washington State University","2014","On-Tenure track total","236","139","97","0","0","0","13","10","3","3","2","1","5","2","3","0","0","0","77","33","44","0","0","0","111","76","35","27","16","11","-2"
"236939","Washington State University","2014","On-tenure track, professors","5","4","1","0","0","0","0","0","0","0","0","0","0","0","0","0","0","0","1","0","1","0","0","0","4","4","0","0","0","0","-2"
"236939","Washington State University","2014","On-tenure track, associate professors","8","7","1","0","0","0","0","0","0","0","0","0","0","0","0","0","0","0","3","2","1","0","0","0","4","4","0","1","1","0","-2"
"236939","Washington State University","2014","On-tenure track, assistant professors","223","128","95","0","0","0","13","10","3","3","2","1","5","2","3","0","0","0","73","31","42","0","0","0","103","68","35","26","15","11","-2"
"236939","Washington State University","2014","Not on tenure track/No tenure system system total","427","183","244","2","0","2","19","5","14","1","0","1","24","15","9","0","0","0","253","101","152","2","0","2","110","52","58","16","10","6","-2"
"236939","Washington State University","2014","Not on tenure/no tenure system, instructors","185","65","120","1","0","1","4","0","4","1","0","1","12","7","5","0","0","0","110","35","75","1","0","1","53","21","32","3","2","1","-2"
"236939","Washington State University","2014","Not on tenure/no tenure system, lecturers","5","1","4","0","0","0","0","0","0","0","0","0","0","0","0","0","0","0","3","1","2","1","0","1","1","0","1","0","0","0","-2"
"236939","Washington State University","2014","Not on tenure/no tenure system, no academic rank","237","117","120","1","0","1","15","5","10","0","0","0","12","8","4","0","0","0","140","65","75","0","0","0","56","31","25","13","8","5","-2"
"236948","University of Washington-Seattle Campus","2014","Tenured total","1101","736","365","8","2","6","55","38","17","21","11","10","23","17","6","0","0","0","762","504","258","13","5","8","10","9","1","209","150","59","-2"
"236948","University of Washington-Seattle Campus","2014","Tenured, professors","732","530","202","3","2","1","43","31","12","12","9","3","10","8","2","0","0","0","539","380","159","3","2","1","4","4","0","118","94","24","-2"
"236948","University of Washington-Seattle Campus","2014","Tenured, associate professors","369","206","163","5","0","5","12","7","5","9","2","7","13","9","4","0","0","0","223","124","99","10","3","7","6","5","1","91","56","35","-2"
"236948","University of Washington-Seattle Campus","2014","On-Tenure track total","260","153","107","1","0","1","16","6","10","4","1","3","12","9","3","0","0","0","120","73","47","6","2","4","17","9","8","84","53","31","-2"
"236948","University of Washington-Seattle Campus","2014","On-tenure track, associate professors","6","5","1","0","0","0","0","0","0","0","0","0","0","0","0","0","0","0","3","3","0","0","0","0","2","1","1","1","1","0","-2"
"236948","University of Washington-Seattle Campus","2014","On-tenure track, assistant professors","254","148","106","1","0","1","16","6","10","4","1","3","12","9","3","0","0","0","117","70","47","6","2","4","15","8","7","83","52","31","-2"
"236948","University of Washington-Seattle Campus","2014","Not on tenure track/No tenure system system total","2237","1210","1027","10","2","8","237","125","112","25","13","12","72","34","38","2","2","0","1378","732","646","32","17","15","104","53","51","377","232","145","-2"
"236948","University of Washington-Seattle Campus","2014","Not on tenure/no tenure system, professors","449","324","125","1","0","1","29","19","10","3","1","2","8","7","1","0","0","0","347","246","101","3","3","0","5","3","2","53","45","8","-2"
"236948","University of Washington-Seattle Campus","2014","Not on tenure/no tenure system, associate professors","420","258","162","2","1","1","56","36","20","5","3","2","14","7","7","0","0","0","256","152","104","4","2","2","13","8","5","70","49","21","-2"
"236948","University of Washington-Seattle Campus","2014","Not on tenure/no tenure system, assistant professors","578","292","286","4","1","3","90","46","44","5","3","2","25","10","15","1","1","0","282","132","150","13","7","6","38","24","14","120","68","52","-2"
"236948","University of Washington-Seattle Campus","2014","Not on tenure/no tenure system, instructors","228","131","97","0","0","0","26","12","14","0","0","0","7","4","3","1","1","0","109","59","50","3","3","0","12","4","8","70","48","22","-2"
"236948","University of Washington-Seattle Campus","2014","Not on tenure/no tenure system, lecturers","402","169","233","2","0","2","25","11","14","8","5","3","13","5","8","0","0","0","278","120","158","4","1","3","16","7","9","56","20","36","-2"
"236948","University of Washington-Seattle Campus","2014","Not on tenure/no tenure system, no academic rank","160","36","124","1","0","1","11","1","10","4","1","3","5","1","4","0","0","0","106","23","83","5","1","4","20","7","13","8","2","6","-2"
"237525","Marshall University","2014","Tenured total","392","243","149","2","0","2","31","21","10","10","8","2","8","5","3","0","0","0","332","207","125","0","0","0","0","0","0","9","2","7","-2"
"237525","Marshall University","2014","Tenured, professors","237","155","82","1","0","1","21","16","5","8","7","1","5","2","3","0","0","0","198","130","68","0","0","0","0","0","0","4","0","4","-2"
"237525","Marshall University","2014","Tenured, associate professors","150","86","64","1","0","1","10","5","5","2","1","1","3","3","0","0","0","0","129","75","54","0","0","0","0","0","0","5","2","3","-2"
"237525","Marshall University","2014","Tenured, assistant professors","5","2","3","0","0","0","0","0","0","0","0","0","0","0","0","0","0","0","5","2","3","0","0","0","0","0","0","0","0","0","-2"
"237525","Marshall University","2014","On-Tenure track total","186","103","83","0","0","0","30","21","9","4","4","0","1","0","1","0","0","0","145","78","67","0","0","0","5","0","5","1","0","1","-2"
"237525","Marshall University","2014","On-tenure track, professors","4","4","0","0","0","0","1","1","0","0","0","0","0","0","0","0","0","0","3","3","0","0","0","0","0","0","0","0","0","0","-2"
"237525","Marshall University","2014","On-tenure track, associate professors","32","18","14","0","0","0","9","7","2","1","1","0","0","0","0","0","0","0","21","10","11","0","0","0","1","0","1","0","0","0","-2"
"237525","Marshall University","2014","On-tenure track, assistant professors","150","81","69","0","0","0","20","13","7","3","3","0","1","0","1","0","0","0","121","65","56","0","0","0","4","0","4","1","0","1","-2"
"237525","Marshall University","2014","Not on tenure track/No tenure system system total","190","93","97","0","0","0","12","5","7","7","4","3","3","0","3","0","0","0","153","76","77","0","0","0","8","4","4","7","4","3","-2"
"237525","Marshall University","2014","Not on tenure/no tenure system, professors","6","3","3","0","0","0","1","1","0","0","0","0","0","0","0","0","0","0","4","1","3","0","0","0","1","1","0","0","0","0","-2"
"237525","Marshall University","2014","Not on tenure/no tenure system, associate professors","29","21","8","0","0","0","2","1","1","4","3","1","1","0","1","0","0","0","21","16","5","0","0","0","1","1","0","0","0","0","-2"
"237525","Marshall University","2014","Not on tenure/no tenure system, assistant professors","72","42","30","0","0","0","4","2","2","1","1","0","1","0","1","0","0","0","60","34","26","0","0","0","3","2","1","3","3","0","-2"
"237525","Marshall University","2014","Not on tenure/no tenure system, instructors","83","27","56","0","0","0","5","1","4","2","0","2","1","0","1","0","0","0","68","25","43","0","0","0","3","0","3","4","1","3","-2"
"240444","University of Wisconsin-Madison","2014","Tenured total","1547","1078","469","6","2","4","179","133","46","29","14","15","55","32","23","1","0","1","1235","866","369","9","6","3","31","23","8","2","2","0","-2"
"240444","University of Wisconsin-Madison","2014","Tenured, professors","1186","861","325","4","1","3","128","99","29","20","11","9","34","20","14","1","0","1","976","713","263","6","5","1","17","12","5","0","0","0","-2"
"240444","University of Wisconsin-Madison","2014","Tenured, associate professors","361","217","144","2","1","1","51","34","17","9","3","6","21","12","9","0","0","0","259","153","106","3","1","2","14","11","3","2","2","0","-2"
"240444","University of Wisconsin-Madison","2014","On-Tenure track total","457","253","204","0","0","0","52","31","21","23","9","14","11","5","6","0","0","0","270","150","120","9","2","7","45","27","18","47","29","18","-2"
"240444","University of Wisconsin-Madison","2014","On-tenure track, assistant professors","457","253","204","0","0","0","52","31","21","23","9","14","11","5","6","0","0","0","270","150","120","9","2","7","45","27","18","47","29","18","-2"
"240444","University of Wisconsin-Madison","2014","Not on tenure track/No tenure system system total","1320","766","554","2","1","1","86","46","40","16","9","7","25","14","11","1","0","1","1057","609","448","12","7","5","82","51","31","39","29","10","-2"
"240444","University of Wisconsin-Madison","2014","Not on tenure/no tenure system, professors","338","212","126","0","0","0","16","8","8","3","3","0","5","2","3","0","0","0","301","189","112","2","1","1","8","7","1","3","2","1","-2"
"240444","University of Wisconsin-Madison","2014","Not on tenure/no tenure system, associate professors","326","189","137","1","0","1","21","11","10","3","2","1","6","4","2","0","0","0","280","163","117","2","0","2","9","5","4","4","4","0","-2"
"240444","University of Wisconsin-Madison","2014","Not on tenure/no tenure system, assistant professors","424","243","181","1","1","0","37","18","19","6","3","3","7","4","3","1","0","1","298","169","129","5","4","1","48","26","22","21","18","3","-2"
"240444","University of Wisconsin-Madison","2014","Not on tenure/no tenure system, instructors","146","74","72","0","0","0","8","6","2","3","1","2","3","1","2","0","0","0","106","50","56","2","1","1","17","13","4","7","2","5","-2"
"240444","University of Wisconsin-Madison","2014","Not on tenure/no tenure system, lecturers","86","48","38","0","0","0","4","3","1","1","0","1","4","3","1","0","0","0","72","38","34","1","1","0","0","0","0","4","3","1","-2"
"240453","University of Wisconsin-Milwaukee","2014","Tenured total","585","370","215","6","4","2","97","75","22","33","20","13","26","16","10","0","0","0","416","251","165","4","2","2","0","0","0","3","2","1","-2"
"240453","University of Wisconsin-Milwaukee","2014","Tenured, professors","241","171","70","1","0","1","38","32","6","12","8","4","9","7","2","0","0","0","179","123","56","2","1","1","0","0","0","0","0","0","-2"
"240453","University of Wisconsin-Milwaukee","2014","Tenured, associate professors","341","198","143","5","4","1","59","43","16","21","12","9","16","9","7","0","0","0","235","127","108","2","1","1","0","0","0","3","2","1","-2"
"240453","University of Wisconsin-Milwaukee","2014","Tenured, assistant professors","3","1","2","0","0","0","0","0","0","0","0","0","1","0","1","0","0","0","2","1","1","0","0","0","0","0","0","0","0","0","-2"
"240453","University of Wisconsin-Milwaukee","2014","On-Tenure track total","191","93","98","1","0","1","38","16","22","14","7","7","8","2","6","0","0","0","107","55","52","2","0","2","0","0","0","21","13","8","-2"
"240453","University of Wisconsin-Milwaukee","2014","On-tenure track, assistant professors","191","93","98","1","0","1","38","16","22","14","7","7","8","2","6","0","0","0","107","55","52","2","0","2","0","0","0","21","13","8","-2"
"240453","University of Wisconsin-Milwaukee","2014","Not on tenure track/No tenure system system total","353","128","225","1","0","1","15","8","7","11","1","10","11","3","8","0","0","0","305","114","191","3","1","2","0","0","0","7","1","6","-2"
"240453","University of Wisconsin-Milwaukee","2014","Not on tenure/no tenure system, professors","19","7","12","0","0","0","2","2","0","1","0","1","0","0","0","0","0","0","16","5","11","0","0","0","0","0","0","0","0","0","-2"
"240453","University of Wisconsin-Milwaukee","2014","Not on tenure/no tenure system, associate professors","23","4","19","0","0","0","1","1","0","1","0","1","1","0","1","0","0","0","19","3","16","1","0","1","0","0","0","0","0","0","-2"
"240453","University of Wisconsin-Milwaukee","2014","Not on tenure/no tenure system, assistant professors","48","10","38","0","0","0","0","0","0","4","0","4","3","2","1","0","0","0","39","7","32","0","0","0","0","0","0","2","1","1","-2"
"240453","University of Wisconsin-Milwaukee","2014","Not on tenure/no tenure system, instructors","16","3","13","0","0","0","0","0","0","1","0","1","1","0","1","0","0","0","13","2","11","1","1","0","0","0","0","0","0","0","-2"
"240453","University of Wisconsin-Milwaukee","2014","Not on tenure/no tenure system, lecturers","247","104","143","1","0","1","12","5","7","4","1","3","6","1","5","0","0","0","218","97","121","1","0","1","0","0","0","5","0","5","-2"
"243665","University of the Virgin Islands","2014","Tenured total","48","29","19","1","0","1","0","0","0","20","11","9","1","0","1","0","0","0","26","18","8","0","0","0","0","0","0","0","0","0","-2"
"243665","University of the Virgin Islands","2014","Tenured, professors","25","17","8","0","0","0","0","0","0","12","6","6","0","0","0","0","0","0","13","11","2","0","0","0","0","0","0","0","0","0","-2"
"243665","University of the Virgin Islands","2014","Tenured, associate professors","16","9","7","0","0","0","0","0","0","6","4","2","0","0","0","0","0","0","10","5","5","0","0","0","0","0","0","0","0","0","-2"
"243665","University of the Virgin Islands","2014","Tenured, assistant professors","6","2","4","1","0","1","0","0","0","2","1","1","1","0","1","0","0","0","2","1","1","0","0","0","0","0","0","0","0","0","-2"
"243665","University of the Virgin Islands","2014","Tenured, no academic rank","1","1","0","0","0","0","0","0","0","0","0","0","0","0","0","0","0","0","1","1","0","0","0","0","0","0","0","0","0","0","-2"
"243665","University of the Virgin Islands","2014","On-Tenure track total","29","16","13","0","0","0","3","3","0","12","7","5","3","1","2","0","0","0","11","5","6","0","0","0","0","0","0","0","0","0","-2"
"243665","University of the Virgin Islands","2014","On-tenure track, professors","1","1","0","0","0","0","0","0","0","1","1","0","0","0","0","0","0","0","0","0","0","0","0","0","0","0","0","0","0","0","-2"
"243665","University of the Virgin Islands","2014","On-tenure track, associate professors","10","5","5","0","0","0","1","1","0","5","2","3","1","1","0","0","0","0","3","1","2","0","0","0","0","0","0","0","0","0","-2"
"243665","University of the Virgin Islands","2014","On-tenure track, assistant professors","18","10","8","0","0","0","2","2","0","6","4","2","2","0","2","0","0","0","8","4","4","0","0","0","0","0","0","0","0","0","-2"
"243665","University of the Virgin Islands","2014","Not on tenure track/No tenure system system total","31","14","17","0","0","0","0","0","0","11","4","7","2","2","0","0","0","0","16","8","8","0","0","0","2","0","2","0","0","0","-2"
"243665","University of the Virgin Islands","2014","Not on tenure/no tenure system, associate professors","8","3","5","0","0","0","0","0","0","1","0","1","1","1","0","0","0","0","4","2","2","0","0","0","2","0","2","0","0","0","-2"
"243665","University of the Virgin Islands","2014","Not on tenure/no tenure system, assistant professors","20","9","11","0","0","0","0","0","0","9","3","6","1","1","0","0","0","0","10","5","5","0","0","0","0","0","0","0","0","0","-2"
"243665","University of the Virgin Islands","2014","Not on tenure/no tenure system, instructors","2","1","1","0","0","0","0","0","0","0","0","0","0","0","0","0","0","0","2","1","1","0","0","0","0","0","0","0","0","0","-2"
"243665","University of the Virgin Islands","2014","Not on tenure/no tenure system, no academic rank","1","1","0","0","0","0","0","0","0","1","1","0","0","0","0","0","0","0","0","0","0","0","0","0","0","0","0","0","0","0","-2"
"243780","Purdue University-Main Campus","2014","Tenured total","1282","976","306","1","1","0","241","196","45","33","24","9","45","36","9","0","0","0","951","711","240","8","5","3","0","0","0","3","3","0","-2"
"243780","Purdue University-Main Campus","2014","Tenured, professors","752","617","135","1","1","0","155","132","23","12","11","1","19","14","5","0","0","0","563","458","105","2","1","1","0","0","0","0","0","0","-2"
"243780","Purdue University-Main Campus","2014","Tenured, associate professors","525","357","168","0","0","0","86","64","22","20","13","7","26","22","4","0","0","0","384","251","133","6","4","2","0","0","0","3","3","0","-2"
"243780","Purdue University-Main Campus","2014","Tenured, assistant professors","5","2","3","0","0","0","0","0","0","1","0","1","0","0","0","0","0","0","4","2","2","0","0","0","0","0","0","0","0","0","-2"
"243780","Purdue University-Main Campus","2014","On-Tenure track total","360","191","169","1","0","1","60","32","28","14","2","12","12","5","7","0","0","0","204","105","99","4","2","2","0","0","0","65","45","20","-2"
"243780","Purdue University-Main Campus","2014","On-tenure track, associate professors","11","8","3","0","0","0","3","3","0","2","0","2","0","0","0","0","0","0","3","2","1","0","0","0","0","0","0","3","3","0","-2"
"243780","Purdue University-Main Campus","2014","On-tenure track, assistant professors","349","183","166","1","0","1","57","29","28","12","2","10","12","5","7","0","0","0","201","103","98","4","2","2","0","0","0","62","42","20","-2"
"243780","Purdue University-Main Campus","2014","Not on tenure track/No tenure system system total","88","54","34","0","0","0","10","4","6","4","1","3","0","0","0","0","0","0","34","20","14","0","0","0","1","1","0","39","28","11","-2"
"243780","Purdue University-Main Campus","2014","Not on tenure/no tenure system, professors","4","2","2","0","0","0","1","1","0","0","0","0","0","0","0","0","0","0","1","0","1","0","0","0","0","0","0","2","1","1","-2"
"243780","Purdue University-Main Campus","2014","Not on tenure/no tenure system, associate professors","5","4","1","0","0","0","1","1","0","0","0","0","0","0","0","0","0","0","1","1","0","0","0","0","1","1","0","2","1","1","-2"
"243780","Purdue University-Main Campus","2014","Not on tenure/no tenure system, assistant professors","77","47","30","0","0","0","8","2","6","4","1","3","0","0","0","0","0","0","30","18","12","0","0","0","0","0","0","35","26","9","-2"
"243780","Purdue University-Main Campus","2014","Not on tenure/no tenure system, instructors","2","1","1","0","0","0","0","0","0","0","0","0","0","0","0","0","0","0","2","1","1","0","0","0","0","0","0","0","0","0","-2"
"409698","California State University-Monterey Bay","2014","Tenured total","87","45","42","1","1","0","17","7","10","4","3","1","19","10","9","1","0","1","41","22","19","0","0","0","4","2","2","0","0","0","-2"
"409698","California State University-Monterey Bay","2014","Tenured, professors","51","31","20","1","1","0","11","5","6","2","1","1","10","7","3","1","0","1","26","17","9","0","0","0","0","0","0","0","0","0","-2"
"409698","California State University-Monterey Bay","2014","Tenured, associate professors","35","14","21","0","0","0","6","2","4","2","2","0","9","3","6","0","0","0","14","5","9","0","0","0","4","2","2","0","0","0","-2"
"409698","California State University-Monterey Bay","2014","Tenured, no academic rank","1","0","1","0","0","0","0","0","0","0","0","0","0","0","0","0","0","0","1","0","1","0","0","0","0","0","0","0","0","0","-2"
"409698","California State University-Monterey Bay","2014","On-Tenure track total","29","13","16","0","0","0","3","1","2","1","1","0","4","2","2","0","0","0","16","5","11","0","0","0","1","1","0","4","3","1","-2"
"409698","California State University-Monterey Bay","2014","On-tenure track, assistant professors","29","13","16","0","0","0","3","1","2","1","1","0","4","2","2","0","0","0","16","5","11","0","0","0","1","1","0","4","3","1","-2"
"409698","California State University-Monterey Bay","2014","Not on tenure track/No tenure system system total","71","27","44","1","0","1","3","2","1","2","0","2","12","5","7","0","0","0","47","17","30","1","1","0","4","1","3","1","1","0","-2"
"409698","California State University-Monterey Bay","2014","Not on tenure/no tenure system, lecturers","71","27","44","1","0","1","3","2","1","2","0","2","12","5","7","0","0","0","47","17","30","1","1","0","4","1","3","1","1","0","-2"
"445188","University of California-Merced","2014","Tenured total","110","74","36","2","0","2","20","14","6","2","1","1","12","9","3","0","0","0","71","47","24","0","0","0","0","0","0","3","3","0","-2"
"445188","University of California-Merced","2014","Tenured, professors","38","29","9","0","0","0","3","3","0","0","0","0","4","4","0","0","0","0","29","20","9","0","0","0","0","0","0","2","2","0","-2"
"445188","University of California-Merced","2014","Tenured, associate professors","68","43","25","2","0","2","16","11","5","2","1","1","6","4","2","0","0","0","41","26","15","0","0","0","0","0","0","1","1","0","-2"
"445188","University of California-Merced","2014","Tenured, lecturers","4","2","2","0","0","0","1","0","1","0","0","0","2","1","1","0","0","0","1","1","0","0","0","0","0","0","0","0","0","0","-2"
"445188","University of California-Merced","2014","On-Tenure track total","90","51","39","1","0","1","18","11","7","2","1","1","11","5","6","0","0","0","47","27","20","2","1","1","1","1","0","8","5","3","-2"
"445188","University of California-Merced","2014","On-tenure track, assistant professors","83","46","37","1","0","1","17","10","7","2","1","1","11","5","6","0","0","0","41","23","18","2","1","1","1","1","0","8","5","3","-2"
"445188","University of California-Merced","2014","On-tenure track, lecturers","7","5","2","0","0","0","1","1","0","0","0","0","0","0","0","0","0","0","6","4","2","0","0","0","0","0","0","0","0","0","-2"
"445188","University of California-Merced","2014","Not on tenure track/No tenure system system total","102","52","50","1","1","0","9","3","6","3","2","1","11","7","4","0","0","0","65","32","33","2","1","1","4","1","3","7","5","2","-2"
"445188","University of California-Merced","2014","Not on tenure/no tenure system, professors","1","1","0","0","0","0","0","0","0","0","0","0","0","0","0","0","0","0","0","0","0","0","0","0","0","0","0","1","1","0","-2"
"445188","University of California-Merced","2014","Not on tenure/no tenure system, assistant professors","4","4","0","0","0","0","0","0","0","0","0","0","2","2","0","0","0","0","1","1","0","0","0","0","0","0","0","1","1","0","-2"
"445188","University of California-Merced","2014","Not on tenure/no tenure system, lecturers","97","47","50","1","1","0","9","3","6","3","2","1","9","5","4","0","0","0","64","31","33","2","1","1","4","1","3","5","3","2","-2"
